613 685

Bengo
250
106.4302 524.6779
108.4902 524.1379
110.7102 524.3379
112.8802 524.0579
114.0102 524.4379
118.5702 524.0479
120.7102 524.2479
121.7902 523.8879
122.7502 522.7579
122.7202 521.6679
123.7902 520.7179
124.8702 520.3479
125.6902 519.2079
126.7802 518.4279
130.6102 513.6279
131.7002 512.8479
134.0402 512.1979
136.4302 510.7679
139.9002 510.4279
147.2102 511.9679
149.6202 511.6679
150.7602 510.7179
151.0102 509.4379
150.4002 504.6979
150.5802 501.3979
150.2502 500.2879
147.2202 495.7079
146.5802 493.4079
146.5102 490.8679
147.4102 488.0979
147.4102 488.0979
144.2502 486.4379
137.7302 486.3379
136.1002 486.7679
133.9102 486.6979
131.5302 484.9479
130.4602 484.7179
128.8502 483.3279
128.2502 481.4379
128.2502 480.2379
128.8202 479.0979
131.3802 477.1879
132.0202 475.9779
133.7002 471.3679
133.8402 469.0779
132.0102 465.9179
128.5502 463.4679
124.9002 462.0379
120.4002 461.7579
119.2102 459.6779
119.0702 458.5579
121.3002 457.5379
122.3702 456.5079
122.8502 454.0779
122.0002 452.9979
119.6902 452.4579
118.5702 451.6979
118.1502 450.4879
119.2602 449.4279
122.9302 449.3579
124.0802 448.5679
124.7202 447.4179
123.5602 446.3779
123.4202 445.2279
125.4902 443.0079
125.3102 441.7779
123.0902 439.8279
122.5402 438.7279
121.8602 435.3179
119.6502 430.1579
121.0202 429.7679
121.2802 429.3979
122.3402 425.6979
123.5902 424.8479
124.7302 424.6179
128.0402 424.8279
128.7702 424.2379
129.2802 422.6479
130.6802 421.9179
134.9202 422.3879
138.1102 420.7579
139.1202 419.0179
140.6802 418.5179
141.6502 417.3979
143.4102 418.1679
143.4102 418.1679
144.1002 408.4879
141.6702 405.3679
141.9502 403.8879
144.2302 400.1779
144.2602 399.0679
143.0002 398.2079
142.4502 397.1279
142.5602 396.0679
143.2502 394.7179
145.5102 392.9079
146.1302 390.6279
144.9202 387.3479
143.9102 385.8279
142.6802 384.7379
140.3502 385.3479
139.1202 386.0679
135.2602 390.6679
132.9202 390.9979
130.6902 392.4779
129.6402 392.7079
126.1402 393.0379
124.9902 392.6379
122.5902 391.4979
119.5802 388.3679
117.7402 387.5879
116.7002 386.5679
115.5902 386.4279
114.6302 387.5079
112.6502 388.3179
107.3402 387.6279
106.9702 387.9479
107.0202 388.4979
104.0302 388.5079
102.2302 389.4579
101.6802 389.3979
102.0702 388.5279
101.1002 388.2779
 98.4002 392.4079
 95.3002 394.1679
 94.1702 394.1679
 93.8302 394.4879
 93.7602 395.5479
 91.6502 396.0479
 90.4202 394.5579
 90.4202 394.5579
 90.3102 395.0479
 89.7802 395.0779
 89.1802 395.7579
 88.3602 397.2679
 88.3502 398.5379
 87.5802 399.5779
 87.5102 400.5179
 85.9202 402.4979
 85.6702 402.3979
 83.7002 404.2179
 83.6002 404.9779
 81.2502 407.4479
 81.1402 407.8579
 82.0202 407.7879
 82.6902 408.9179
 81.2102 411.8979
 81.2902 413.0979
 80.0202 415.6579
 75.4602 422.1479
 75.4202 422.7379
 75.8902 422.6079
 76.5602 422.9979
 77.5102 424.6579
 76.9802 426.2279
 75.3202 428.5579
 75.7902 428.8579
 75.5802 429.6179
 75.9902 430.1579
 74.2202 433.1479
 74.6402 434.3179
 74.5902 435.7979
 73.1902 438.9379
 73.7602 439.3379
 73.9802 440.2579
 74.9002 439.9079
 75.1502 440.8979
 75.5602 441.1579
 75.3202 441.7379
 75.9602 441.8879
 76.6502 442.9879
 76.6202 443.5379
 76.6202 443.5379
 77.1302 445.8979
 78.2202 447.0079
 79.7102 447.3479
 81.2602 448.7579
 81.7602 448.8379
 83.8702 447.8479
 84.3902 447.9679
 84.8302 447.3679
 85.1102 447.5979
 85.0202 448.6279
 88.2202 448.2879
 88.8102 447.8979
 89.2502 448.1679
 88.8302 452.8379
 90.3202 457.4879
 91.8202 458.5879
 91.8002 461.3379
 92.2202 461.8179
 95.6802 463.3679
 97.1002 463.4279
 97.0602 464.0179
 91.5702 473.6579
 89.2902 472.3279
 85.7002 474.6779
 85.7002 474.6779
 84.1902 476.8679
 84.0502 479.2579
 82.8902 482.4479
 83.3602 482.7779
 84.2402 482.4979
 85.0202 483.0979
 85.2102 483.8779
 85.2502 485.2279
 85.4302 485.6379
 85.1002 486.9179
 83.0602 490.9779
 80.4702 494.5479
 80.1402 495.7579
 78.8802 497.1579
 79.0002 499.0579
 76.3602 502.1179
 75.7302 504.1479
 74.6602 505.8879
 73.3502 508.3079
 73.0602 510.1379
 72.0502 511.1779
 70.6002 513.7579
 70.9802 513.9479
 71.3402 513.4379
 71.6002 513.7079
 72.3502 513.0479
 72.2302 513.5679
 73.0802 513.4179
 72.7402 513.8879
 73.2102 514.0279
 73.4202 514.5379
 71.8702 515.0679
 71.0102 514.7279
 70.2002 515.5879
 70.2002 515.5879
 74.6702 516.4679
 76.5902 517.2679
 78.3502 518.9279
 80.2402 518.1979
 81.3102 519.8179
 85.5702 520.9979
 86.5802 520.6579
 88.8402 518.7879
 91.1602 518.7879
 92.3202 519.6679
 94.9802 520.0179
 95.8102 520.5679
 96.7602 520.4679
 98.2302 521.7379
 99.7302 522.1079
100.6702 521.6979
101.8302 521.8079

Benguela
207
105.1002 318.3779
110.3102 318.7479
113.7402 317.2079
117.1502 318.2979
119.5902 317.7579
120.0002 316.6679
120.2902 312.8979
121.0502 311.8179
123.5202 311.0579
124.7302 310.1279
126.0802 307.7779
127.1202 306.7479
129.6102 307.8179
132.4202 312.4179
133.5102 313.1779
137.0702 315.1679
138.3602 315.4879
139.4902 315.2779
141.6702 313.0079
145.2302 308.2579
148.2002 302.2879
152.9002 301.7079
154.0502 302.0279
155.2102 302.8879
156.3602 302.8879
162.1302 300.0779
163.1802 299.3279
163.4602 296.9779
165.7302 296.5079
165.7302 296.5079
165.5602 288.8879
167.4702 284.1779
166.8302 283.1279
168.0902 280.9579
167.1902 279.6379
163.4602 279.0479
160.9702 277.9279
159.6202 276.7879
159.1802 275.5479
155.7202 273.6879
154.4702 272.5679
155.7502 270.0879
154.9602 269.0379
154.9602 267.7579
156.8302 264.0179
156.8702 261.6979
160.4202 255.6979
161.2602 250.8179
159.9702 247.2279
162.5402 242.2079
163.5902 240.9679
166.8902 239.4679
167.0702 238.3779
168.0102 237.2179
170.1202 236.3679
170.1202 236.3679
169.1602 231.9279
167.1802 231.9679
164.7902 230.9579
163.6102 229.8479
162.5302 229.9479
161.4802 230.8479
160.3502 231.1579
158.8902 230.0779
154.7902 225.5579
149.8902 223.7779
147.4702 223.1479
141.1502 226.1279
140.0802 226.4079
138.8602 225.7079
139.0102 223.4979
137.8902 223.1079
133.0202 213.1579
131.9202 212.8079
130.5902 212.5979
125.9602 212.8779
122.1402 213.4679
119.7502 214.2379
117.3302 213.5779
113.9602 215.1279
112.4702 215.3479
111.2802 215.1379
108.8902 213.6079
107.7702 213.6079
103.1202 214.3779
100.8802 216.2079
 99.7302 216.3179
 93.9402 213.9679
 93.9402 213.9679
 92.5302 213.6579
 91.4602 213.8979
 89.3002 215.2179
 88.0502 215.4679
 85.8402 214.1979
 84.6502 214.9579
 83.1402 218.5479
 80.3502 222.0879
 80.0102 223.1679
 80.2302 224.3479
 81.3602 226.6979
 81.0502 227.8879
 79.9602 228.5079
 76.6102 229.4979
 72.8602 229.7979
 70.6302 230.8779
 69.4102 230.6779
 68.5602 228.3779
 64.9102 227.3579
 60.6302 225.3779
 59.5602 225.8279
 57.4702 227.6979
 54.9302 227.7479
 52.6802 228.8479
 49.1702 229.1779
 46.9202 230.0479
 43.4902 230.0779
 43.4902 230.0779
 43.2302 230.4979
 43.5902 231.2779
 42.7702 231.5579
 43.1302 232.3679
 42.8602 232.5779
 43.1202 233.6679
 42.4202 233.9579
 42.8502 234.6479
 42.7102 235.5979
 43.4502 235.4579
 43.7102 236.4679
 44.1302 236.5379
 44.3902 235.9479
 45.1802 236.7479
 45.5202 236.6479
 46.7802 238.5879
 48.6602 239.5279
 48.7202 240.8579
 48.0202 242.0779
 48.8602 241.8079
 49.0502 242.1179
 48.3202 242.3879
 48.8302 244.3479
 49.6502 243.6879
 51.3802 244.7179
 51.6002 245.4679
 51.3402 246.0379
 51.8902 245.8379
 52.0702 244.9879
 52.5102 244.9579
 53.4602 245.6979
 53.1902 246.0779
 53.5602 246.6379
 54.3102 246.4579
 54.6402 246.8479
 55.1902 246.8279
 55.7502 248.4879
 55.0002 248.8679
 56.9602 250.0979
 57.0802 249.5679
 57.4402 249.6479
 58.0302 250.8379
 59.7602 251.3679
 60.5802 253.4079
 61.7202 254.4179
 61.8302 255.0979
 63.0202 255.7279
 63.1202 256.3179
 64.1902 257.5379
 64.8302 257.5179
 64.7502 258.7579
 62.9202 263.2379
 62.9302 264.9779
 64.4202 265.6879
 66.4602 268.1179
 68.6802 269.6379
 69.7102 271.0079
 70.6402 271.3179
 71.6702 272.6979
 72.7802 273.2379
 73.3002 274.9279
 75.3402 276.6279
 75.9602 276.8179
 75.8602 276.1379
 76.6402 275.7579
 77.0402 276.0079
 77.4602 275.5879
 79.0202 276.7079
 78.9402 277.5579
 79.9402 277.2479
 80.7602 277.7179
 80.7702 277.2579
 81.6702 276.2579
 82.7702 276.0579
 84.6202 277.0879
 85.9202 278.7579
 89.2602 281.2379
 89.7902 282.8979
 89.4102 284.0079
 91.3102 288.1479
 92.9102 289.4679
 93.3102 289.0879
 94.1202 289.4679
 97.9102 294.6479
 98.0102 296.3079
 98.9702 299.5879
100.0802 300.4879
100.7002 301.6379
101.5602 307.3979
103.4002 309.0479

Bié
316
243.6802 378.3279
245.0402 377.4779
245.2302 376.9579
244.3602 376.4679
244.1802 375.9479
244.6302 374.3579
246.1102 374.0979
246.5202 372.6179
249.1602 371.7279
252.0802 368.4879
254.3302 368.1679
257.6102 368.8479
261.7402 368.1179
264.7502 366.9579
267.0602 365.1679
268.0402 364.8079
268.7302 366.1679
270.9702 366.1779
271.3102 364.5279
274.2202 363.5479
277.3002 363.7279
278.6102 362.2979
281.3802 360.2179
281.8802 359.3179
281.9902 356.3279
283.5202 355.0679
284.0402 353.5579
285.0602 352.4979
285.5502 350.9079
285.0802 347.9979
283.4202 347.6179
282.9902 346.6579
281.9802 346.2979
282.1702 345.8179
283.5802 345.1379
285.2402 345.2179
285.6202 344.8979
285.6502 343.2079
286.2602 341.1079
288.7902 337.4479
288.3002 335.1879
287.2702 334.1479
287.1102 332.6679
287.4502 332.3079
288.7502 333.0479
289.1502 332.1179
287.4702 331.0079
286.7402 329.6479
286.8202 328.4779
287.9502 326.8379
288.6702 324.8279
287.5502 322.5079
287.8202 322.0879
290.2002 321.6979
291.2802 320.5179
292.2402 320.1179
292.9502 320.7579
295.1302 321.0079
296.1202 322.0479
296.4502 323.2179
297.6002 323.8079
298.7102 323.8279
299.8002 324.9779
299.9302 326.0379
304.6302 330.0479
304.9602 331.5179
304.6802 335.4779
303.8802 338.8679
306.6002 336.5179
307.6702 334.1579
307.5602 331.7279
308.0602 330.8579
310.3302 330.4379
312.5002 330.9579
313.3802 330.4579
313.7802 329.4979
314.6402 328.9579
316.4502 329.8979
319.9402 329.2179
326.2602 330.8079
328.7602 329.7079
329.9602 329.9579
332.4502 329.6379
333.5302 329.9279
334.6102 330.7779
338.6502 334.9579
342.7902 336.8879
349.0702 338.7879
351.2902 338.6279
352.3802 338.0979
353.5302 338.3179
354.0602 339.3779
353.3902 341.0979
353.4102 342.3479
352.1202 343.7979
350.7502 344.5079
350.2302 345.3679
351.2302 349.2179
349.8102 351.2279
349.4202 353.5979
349.7402 355.9279
350.4802 357.2579
350.1002 358.3079
350.1002 358.3079
356.3502 354.9379
362.0902 351.2979
366.0002 346.7079
368.5502 346.2379
370.8102 346.2779
372.0402 345.6679
373.5602 343.3179
373.7602 342.2079
372.0002 339.7679
372.0802 338.4479
371.2002 337.2279
370.9202 334.1179
370.9202 334.1179
369.5402 333.7679
368.5502 332.2679
366.3102 330.1079
365.8202 329.0479
365.4702 324.6679
365.0502 323.5779
363.9602 322.4879
360.5402 322.3379
359.4502 321.7679
359.6502 320.6979
360.7102 319.7479
360.9102 318.6779
360.1902 317.5579
359.0202 317.4679
357.7702 318.0279
356.9702 316.8779
356.2002 313.5779
355.1202 313.0079
354.1602 311.7179
353.7002 310.5179
353.8902 309.1979
355.3402 306.7579
355.2102 304.9079
354.2602 303.6479
347.8302 297.8779
347.7902 296.7179
348.8402 295.7679
348.5102 294.4579
347.6402 293.3979
345.0002 292.8879
343.7602 291.9779
342.9002 290.4279
341.6802 289.4379
338.9802 289.0379
333.9002 284.3179
332.9202 283.2679
333.3302 280.8879
333.0002 279.7179
331.3702 277.4579
327.4502 273.1979
327.9602 270.8479
327.5602 269.7879
325.2902 268.5679
321.5202 264.9379
320.8502 266.0579
319.6402 264.9979
319.6602 263.6879
321.5402 260.1979
321.7102 259.1179
321.2702 257.9879
320.0402 257.6279
318.9402 256.5479
318.4902 254.3379
314.9902 252.7679
315.6302 251.4079
313.8102 249.1179
316.3802 244.5479
316.6502 242.1979
316.3302 241.1179
312.4402 239.7379
309.1502 236.8579
310.6902 234.5779
311.0702 233.1779
309.3602 230.4079
309.9602 229.2879
310.0502 228.2079
310.0502 228.2079
308.8602 223.8679
307.6602 222.8479
305.2802 222.1979
304.0202 222.1179
302.8802 222.4779
301.7602 222.1179
301.9402 220.7979
303.0502 218.3479
302.7602 213.8179
301.4102 211.0979
299.5902 210.1179
298.7302 208.9279
297.2502 208.3679
294.7802 206.6679
292.4502 206.6379
289.9902 205.6879
288.0702 205.9279
286.2102 204.9879
283.6202 201.2079
280.4102 198.8379
280.0602 197.7479
280.1602 195.2079
279.2802 193.2779
278.2802 192.1579
278.7702 190.6879
278.3202 190.4479
275.9502 190.8779
273.5602 191.8879
271.9602 194.0379
269.7302 194.3379
264.8502 197.8279
263.8002 202.8479
262.6802 203.9779
262.3102 205.0979
261.2302 206.3079
259.8702 206.9479
258.3802 207.1579
254.7402 204.6179
248.9802 207.9679
244.2602 205.9079
238.3402 206.3179
237.2402 205.7579
237.2402 205.7579
237.0502 206.2679
237.7302 213.0279
237.0902 215.7779
238.0002 217.5279
238.1302 219.8379
239.5702 223.3879
239.9802 227.8779
240.1602 231.6579
239.2702 235.5479
239.8502 238.6279
239.8502 238.6279
240.5402 245.5879
240.0202 247.1279
240.5402 248.7479
239.2002 255.4779
238.7702 260.9779
239.0002 262.1579
238.5902 263.7179
238.8202 269.1579
236.5302 269.8079
231.9102 272.3679
231.4502 274.9879
230.4302 276.0879
229.3302 276.3579
228.7702 277.5879
228.6502 279.8979
232.2302 282.2279
232.5702 283.3979
233.1202 287.5879
232.7302 288.7779
231.4402 290.0179
231.3602 291.1379
230.5302 292.3779
230.6902 293.5379
231.9102 295.0979
234.1502 296.2979
237.8902 299.4579
238.8702 301.2179
239.3802 304.0479
241.2102 307.0379
242.3702 308.0079
242.6602 309.7879
242.3102 311.4879
240.3902 313.6979
237.7002 315.8279
237.4102 318.1779
236.6702 319.5179
233.0102 321.4279
232.9802 322.8679
230.7302 324.0979
230.5402 325.1379
229.5202 326.1479
228.1602 332.6479
223.5502 332.3379
222.5002 333.4279
221.3602 333.6379
218.9002 333.2979
216.6702 335.1779
215.3902 334.8279
213.3002 332.8379
212.1602 332.9079
208.5502 332.1279
206.1602 333.2579
204.9402 332.9779
201.5502 334.6679
201.5502 334.6679
203.7102 339.4279
203.4102 343.0079
204.4802 344.0479
209.3202 351.3179
210.1702 353.7479
210.8502 358.1279
211.5502 359.4879
214.9402 357.0579
216.2502 356.9679
218.5202 358.3679
222.0302 356.6379
223.1002 356.3679
224.2502 356.7579
227.6902 362.8579
229.4302 365.0179
230.7502 365.9879
236.8702 369.0079
238.5902 371.0979
238.6102 371.8879
241.5002 373.1279
241.7602 374.2579
243.0002 375.7479
242.4702 376.5779

Cabinda
84
 55.6402 683.3179
 56.5502 682.2979
 60.9802 682.7979
 61.1402 679.9379
 65.0802 676.3079
 66.4202 673.8179
 70.8902 671.1479
 71.0402 669.4679
 70.5802 669.0379
 69.8802 669.0379
 68.6702 669.5679
 67.4902 668.8279
 65.0802 668.3679
 61.9902 666.9279
 59.8402 666.9279
 59.0202 666.5979
 58.7802 665.8179
 57.8502 665.7979
 57.4402 664.8679
 56.6502 664.2979
 55.5302 662.0279
 55.9802 661.6779
 55.9202 661.3379
 54.8602 660.1979
 53.6702 659.8379
 52.4502 658.5379
 51.8402 656.2579
 49.5802 655.7879
 48.0002 656.1879
 47.6602 655.6679
 48.0402 654.1679
 47.4702 652.6879
 46.7802 652.6979
 45.9202 651.7879
 45.3902 651.7979
 44.8002 651.2679
 43.6902 651.2879
 42.5502 650.4279
 40.1002 650.3679
 39.7002 649.1879
 40.4902 648.0679
 42.9602 647.0279
 42.8502 617.6779
 29.5602 617.2079
 26.6502 615.9279
 27.1102 614.7379
 24.8402 618.0079
 24.0702 619.7579
 23.6502 622.3379
 25.4602 626.7179
 26.8702 626.3279
 27.7802 626.9879
 27.9502 628.3279
 27.4502 630.9379
 24.7302 637.5279
 25.2602 637.7279
 25.2602 638.2879
 22.9902 641.8579
 23.4602 643.0879
 23.0302 643.9879
 23.7302 644.3879
 23.1802 644.9579
 23.0502 645.1979
 22.6802 645.8479
 22.2202 645.6779
 22.2102 646.0579
 21.8802 646.0779
 21.7602 645.6779
 22.3602 645.3779
 22.8002 644.0179
 17.2902 651.7279
 16.9502 652.2679
 25.0102 658.7879
 26.8302 665.1879
 28.9802 662.7479
 31.3302 662.9379
 34.1402 665.7079
 38.9702 673.3979
 46.8402 675.1779
 49.1402 678.9679
 53.9402 679.0279
 52.2802 681.3179
 52.3602 683.2679
 53.5102 684.5979

Cuando-Cubango
413
310.0502 228.2079
323.6802 220.3379
324.8302 220.2779
328.1402 221.0279
330.4002 219.8779
335.1202 216.4179
336.2502 216.0079
338.5602 216.8779
339.6702 216.4579
340.4902 215.3679
342.5302 214.0479
343.2202 213.2079
343.9902 213.4779
344.8202 212.8379
345.1802 211.4779
347.3902 210.1379
348.2502 208.9079
348.6002 207.2079
351.0702 203.6679
351.2702 203.1779
350.7502 201.6279
352.2002 197.7479
351.7302 196.7579
351.9502 195.0879
353.1002 192.7079
354.0502 192.1679
354.1302 190.5779
355.2602 189.5079
355.2802 188.6479
356.3602 187.5579
356.2702 186.9379
356.8402 186.9479
358.2402 185.9679
358.7402 186.0279
363.6502 187.9079
364.8102 187.9879
371.7802 184.2279
370.1102 190.1579
370.0302 192.3079
372.6702 193.7379
373.7502 194.0979
374.9002 193.6679
377.0702 191.8379
378.2702 191.5779
379.8702 191.8379
382.0502 191.1279
387.7602 192.3079
388.4902 191.4879
389.4402 188.9779
392.1002 186.7979
392.6602 183.8779
394.1802 182.6079
395.7502 178.6379
397.9602 177.3879
398.4002 175.8179
399.8702 175.1479
400.3002 174.2279
401.4802 173.2879
401.8202 172.3779
405.1202 170.1079
405.7802 168.6179
406.8802 168.6779
406.9102 167.4279
407.4302 167.2379
408.4602 167.5779
408.9402 166.7479
410.0902 166.4579
411.4902 164.0479
413.4802 162.5979
414.9602 160.5979
419.0302 158.3579
421.2602 157.8479
424.0502 156.3679
427.8302 156.7279
432.3302 155.6679
435.2502 156.8679
438.0102 156.2179
440.3602 157.3479
442.0102 156.9779
443.9102 157.8779
444.8802 157.5179
445.8102 156.3579
450.5302 155.3879
451.0702 155.5579
451.5202 156.4979
452.6802 156.4879
454.4902 154.8079
455.7002 154.8279
456.6202 155.2479
457.1402 154.3279
458.3602 153.4879
460.9002 152.8079
463.0702 150.1179
464.3102 149.1979
465.5702 146.9779
466.5802 146.5779
467.4602 147.1279
467.9102 147.0279
467.5202 145.4279
468.1702 144.5479
470.5502 144.7079
472.2702 143.6579
473.7402 138.9079
475.4302 137.0579
476.5402 136.7579
478.0402 135.4379
480.4302 135.1079
480.9902 134.3079
481.9302 133.8879
482.7602 131.9179
482.4702 128.7579
482.7002 127.6379
483.4002 126.9079
484.5702 126.8979
484.9802 126.5879
485.8502 124.6879
487.4602 123.4579
487.1702 121.2979
488.7402 120.0679
490.0602 116.5079
492.2002 114.4379
493.5002 114.3979
495.3202 113.3879
494.9902 112.4779
495.4402 111.4979
495.4402 110.3379
495.8002 109.9879
497.0202 109.9879
497.7302 109.3179
497.9202 107.7179
498.6602 106.3479
500.2402 105.0879
500.1302 103.8979
500.8202 103.1879
501.1002 101.4179
507.7702  97.6579
509.4602  96.0479
509.4602  96.0479
509.6302  94.2779
512.2902  91.6179
513.1702  91.2579
512.8902  89.8379
514.8202  87.3779
515.2002  86.4179
516.0402  82.9179
515.8802  81.5579
516.3602  80.3179
515.6802  79.4979
517.0802  79.3679
518.2802  77.6179
520.0302  76.3679
520.6002  75.4379
522.4502  74.9479
523.4302  73.0279
525.0402  72.4179
526.9002  69.9779
526.9802  69.1879
528.4202  68.4579
532.5002  64.0479
533.9602  63.1079
533.9702  62.1579
534.9102  61.0979
538.2202  58.5379
540.0902  55.8679
543.6402  52.6879
543.6202  51.7679
544.9702  51.3879
545.8102  49.6179
548.4202  47.5679
549.3702  46.1079
549.0502  45.4079
549.2602  44.8979
553.9802  43.0879
554.9102  41.9879
559.2202  38.9879
559.2902  38.1079
560.7502  36.4479
561.7402  36.1079
562.9502  32.7479
563.9302  32.0179
565.1202  31.7879
565.1602  30.9179
566.0302  30.1679
565.7602  29.7779
567.8302  29.1679
570.6402  25.5679
572.8002  25.8079
574.2202  24.9479
575.4202  25.3279
576.7302  24.0579
578.0802  23.8979
579.6702  22.3479
579.8802  20.9679
481.5402   1.1679
480.2602   1.8879
478.9802   1.9579
477.7602   3.1479
476.0602   3.1679
474.2202   4.1279
473.4302   4.1179
472.1002   4.7279
471.0002   5.8979
467.8902   5.7379
466.9602   5.3979
465.9802   5.6079
465.2002   4.9179
463.4602   5.1179
463.0602   4.7579
460.1802   4.4179
459.2302   4.7179
457.4302   4.0879
456.6502   3.1479
454.9402   2.7079
454.8002   2.0879
453.7902   1.9279
453.5002   1.2679
453.6702   0.6379
451.2202   0.2579
448.7902   1.2779
448.0602   1.1779
447.8802   1.9779
445.6502   1.5179
444.3402   2.7879
442.7302   3.5179
441.4302   3.6079
440.7002   3.6779
439.5202   3.2779
437.2602   3.5079
435.2002   4.8179
434.1602   5.0679
433.2202   6.6979
430.0902   7.7079
429.1102   7.6279
426.4902   9.3479
425.2302   8.6079
424.0602   9.1079
422.7302   7.7679
422.3702   8.1079
419.2702   8.5079
416.4902   6.9479
415.0002   7.7879
413.8202   8.0079
412.2002   7.3779
410.7502   8.0679
409.4402   7.8879
408.7002   8.6479
406.5702   9.3179
405.4902   8.4679
404.7302   8.3179
403.5002   8.3179
401.7802   8.8679
400.8802   8.7379
399.6002   7.8379
399.2202   6.9979
398.5202   6.8479
397.1402   8.4979
396.2802   8.1479
395.2502   9.4779
394.2002   9.9879
389.6602   8.9579
386.7802   9.4279
386.3902   8.9379
384.0502   9.4579
381.5002   9.0679
379.8402  10.0179
379.4402  10.0379
379.1802   9.5379
378.2302   9.9079
377.5902   9.6779
377.3502   9.9679
377.2002  10.5379
376.5202  10.9579
375.9702  10.7279
375.0802  11.3979
374.2502  11.2479
373.6402  11.6679
372.5502  11.1179
370.0202  11.9979
369.6802  11.7579
368.5002  12.0879
368.0202  11.9679
366.8802  10.6479
357.1602  11.5279
355.7802  12.3779
355.0102  12.2679
353.8602  13.1379
353.7402  13.7679
351.5602  14.1279
350.5202  15.6679
349.2402  15.5479
348.3002  16.9479
343.0502  20.7879
342.5902  21.5879
342.6602  22.4779
341.7802  23.4079
340.1402  23.7279
339.3002  24.6979
338.6302  26.6179
337.8302  27.2679
337.4802  28.0579
335.8702  28.8679
335.4702  30.5779
333.0802  33.5779
276.5102  33.7779
276.5102  33.7779
277.9102  41.1579
273.8602  54.2079
273.8802  59.9979
274.4702  66.4979
277.3702  72.0579
278.1102  75.9579
278.6302  77.0979
282.0502  80.5079
283.5402  85.6079
283.6002  91.9079
281.9502 101.3679
282.1502 109.4179
281.0302 111.7079
277.6502 114.7279
274.1902 120.5179
271.1302 127.3079
267.6402 128.2179
266.6202 129.3879
265.8502 132.8679
264.9202 132.3079
264.2102 133.7279
261.3902 134.5179
260.1402 136.0379
259.1202 136.4379
258.9202 138.1179
256.8702 139.1979
255.5302 140.5579
255.9002 141.5979
255.5402 142.6179
252.7202 143.9979
251.8802 145.2279
252.3702 146.6879
250.5602 147.4979
250.5602 147.4979
249.2002 148.8379
248.1502 150.6679
248.2402 151.7479
248.9302 152.4679
248.6402 154.2179
246.9002 155.9479
245.9602 157.7579
245.8902 159.5579
246.3302 161.9279
245.6302 164.6579
243.6302 166.5379
244.3202 168.8879
244.8102 169.0479
244.8502 169.4979
242.0702 170.2879
242.6102 170.9479
242.4202 171.3979
241.2902 171.5179
238.6502 174.0079
238.5902 178.5679
238.9602 180.9979
238.5102 182.5979
238.9202 184.2579
237.4602 187.5579
237.2902 190.7179
236.6002 192.7579
236.6602 193.4079
237.5102 193.9479
237.6902 194.4979
238.4102 198.7279
237.2402 202.3179
237.8802 204.3779
237.2402 205.7579
237.2402 205.7579
238.3402 206.3179
244.2602 205.9079
248.9802 207.9679
254.7402 204.6179
258.3802 207.1579
259.8702 206.9479
261.2302 206.3079
262.3102 205.0979
262.6802 203.9779
263.8002 202.8479
264.8502 197.8279
269.7302 194.3379
271.9602 194.0379
273.5602 191.8879
275.9502 190.8779
278.3202 190.4479
278.7702 190.6879
278.2802 192.1579
279.2802 193.2779
280.1602 195.2079
280.0602 197.7479
280.4102 198.8379
283.6202 201.2079
286.2102 204.9879
288.0702 205.9279
289.9902 205.6879
292.4502 206.6379
294.7802 206.6679
297.2502 208.3679
298.7302 208.9279
299.5902 210.1179
301.4102 211.0979
302.7602 213.8179
303.0502 218.3479
301.9402 220.7979
301.7602 222.1179
302.8802 222.4779
304.0202 222.1179
305.2802 222.1979
307.6602 222.8479

Cuanza_Norte
169
147.3902 488.1179
148.0302 486.1679
149.8602 486.4779
151.7902 485.6279
153.5502 485.4779
155.9402 486.4379
157.8802 488.5979
158.4002 490.4879
160.1602 492.1479
162.6802 491.9079
165.1702 490.2779
167.7402 491.5079
170.4602 491.1879
171.1202 493.2779
172.4202 493.3879
172.7602 494.4279
173.6902 494.5679
174.1302 495.8579
174.5402 496.0579
174.5902 499.1479
175.6602 500.7879
175.7102 501.3679
174.6402 502.4079
173.6702 502.0679
173.3502 502.4079
173.5102 503.6579
174.5502 505.3379
174.1602 507.9379
178.6602 509.0079
184.6402 509.1579
186.0902 508.3779
186.9102 507.1379
186.7702 505.4979
187.1802 503.8479
188.9302 503.1079
190.6602 502.9979
193.5602 503.9079
195.3102 505.5579
199.8402 505.6279
200.8402 504.5379
202.6102 503.5779
202.6202 503.1379
201.1902 502.8779
201.2002 502.3479
201.8402 500.5379
202.3902 500.3879
202.6402 500.8479
203.1602 500.9479
203.8302 500.2479
204.0702 495.4679
204.0702 495.4679
203.9602 492.7879
204.6102 491.4579
204.3502 489.4179
204.9602 488.6579
204.6402 487.2579
205.3202 486.2979
204.0002 484.7579
197.6102 483.1779
197.8702 480.9579
194.6102 476.3379
195.9802 473.4679
197.0602 472.7379
199.5202 472.5779
200.5902 470.1279
199.1302 467.8779
197.3202 462.1979
196.7402 457.5079
195.9302 455.3079
196.5002 451.8179
196.0902 448.8579
194.4102 447.7479
191.9502 447.8379
191.0202 447.4779
190.0902 447.5079
188.8802 448.3879
188.2602 448.4079
186.2802 446.9879
184.5602 446.8879
183.1502 445.5179
182.2202 445.1079
179.8102 445.1379
178.3002 444.5979
176.9202 443.2579
176.4402 441.6779
176.1902 438.5679
173.4002 438.0579
171.6602 438.3779
170.1002 437.7679
172.9902 435.6779
173.5502 433.2779
170.1102 430.2479
170.2202 429.1879
171.3702 428.3479
172.0602 427.2279
172.6602 423.6979
172.3602 422.6479
169.7502 420.3679
169.7502 420.3679
168.3202 420.3279
166.3602 421.8479
164.7902 421.9179
162.1602 422.7379
161.9402 422.3379
162.5102 421.5279
161.4802 420.5379
159.7702 420.8879
157.7802 420.7679
156.9002 420.2779
154.6602 419.8679
153.4002 420.0079
152.8402 419.8779
152.0202 418.5979
151.5302 418.3979
146.1802 417.6679
143.4002 418.2079
143.4002 418.2079
141.6402 417.4479
140.6702 418.5579
139.1102 419.0579
138.0902 420.7979
134.9102 422.4179
130.6602 421.9479
129.2702 422.6779
128.7602 424.2679
128.0302 424.8579
124.7202 424.6479
123.5902 424.8879
122.3402 425.7379
121.2802 429.4379
121.0202 429.8079
119.6502 430.1979
121.8602 435.3579
122.5402 438.7679
123.0902 439.8679
125.3102 441.8179
125.4802 443.0479
123.4202 445.2679
123.5502 446.4079
124.7102 447.4479
124.0702 448.5879
122.9202 449.3779
119.2502 449.4479
118.1402 450.5079
118.5702 451.7179
119.6902 452.4779
122.0002 453.0179
122.8502 454.0979
122.3702 456.5179
121.3002 457.5579
119.0702 458.5779
119.2102 459.6879
120.4002 461.7779
124.9002 462.0479
128.5502 463.4879
132.0102 465.9379
133.8402 469.0979
133.7002 471.3779
132.0202 475.9979
131.3702 477.2079
128.8202 479.1179
128.2402 480.2579
128.2402 481.4579
128.8402 483.3479
130.4502 484.7379
131.5202 484.9679
133.9002 486.7179
136.0802 486.7879
137.7102 486.3579

Cuanza_Sul
226
143.4002 418.2079
146.1802 417.6679
151.5302 418.3979
152.0202 418.5979
152.8402 419.8779
153.4002 420.0079
154.6602 419.8679
156.9002 420.2779
157.7802 420.7679
159.7702 420.8879
161.4802 420.5379
162.5102 421.5279
161.9402 422.3379
162.1602 422.7379
164.7902 421.9179
166.3602 421.8479
168.3202 420.3279
169.7502 420.3679
169.7502 420.3679
170.5002 419.4079
171.4802 419.0079
172.4802 417.9579
173.4502 417.9279
174.9302 416.7079
177.0202 416.4179
178.1602 416.6479
179.0702 416.1779
181.1002 416.1379
182.8202 416.2379
185.3202 417.2279
187.5202 417.6479
189.6802 417.3979
191.9402 417.9279
193.1002 417.6479
195.4102 418.1079
198.7602 417.4879
202.3702 417.7079
204.6502 420.8679
205.8802 421.0079
209.3202 419.9979
214.2202 420.6779
217.6402 419.9079
222.8902 419.3579
224.7002 417.1579
225.4402 414.8179
226.4802 413.9779
228.6202 413.0579
229.4902 411.8879
229.0802 408.8479
231.1902 406.1379
231.5002 403.0479
232.7902 400.3979
232.4902 399.6379
230.4902 398.1379
230.1402 397.1579
230.7702 393.3679
231.5502 392.7979
233.3702 392.5979
234.6502 391.1679
235.0102 390.1379
235.8602 389.5979
235.6302 387.1279
235.9102 386.1379
237.9402 385.5379
239.0102 383.8379
241.1502 381.1979
242.3702 380.3079
243.6802 378.3279
243.6802 378.3279
242.5102 377.1579
242.4702 376.5779
243.0002 375.7479
241.7602 374.2579
241.5002 373.1279
238.6102 371.8879
238.5902 371.0979
236.8702 369.0079
230.7502 365.9879
229.4302 365.0179
227.6902 362.8579
224.2502 356.7579
223.1002 356.3679
222.0302 356.6379
218.5202 358.3679
216.2502 356.9679
214.9402 357.0579
211.5502 359.4879
210.8502 358.1279
210.1702 353.7479
209.3202 351.3179
204.4802 344.0479
203.4102 343.0079
203.7102 339.4279
201.5502 334.6679
201.5502 334.6679
200.8702 333.4879
199.7202 332.9879
190.3802 331.4779
188.1702 329.9779
184.5602 329.2079
182.4102 327.4979
182.0302 323.7979
183.3702 321.8379
183.5202 319.5279
184.7002 318.6379
184.0302 317.2379
184.0302 315.3879
182.8302 314.5279
183.7302 313.3579
182.8402 309.7679
183.5602 308.5479
179.8502 308.7679
178.1202 306.6779
177.0002 306.0579
175.8002 306.5379
173.2702 305.0079
170.2502 304.6479
168.1802 302.5879
165.7502 296.5179
165.7502 296.5179
163.4802 296.9979
163.2002 299.3479
162.1502 300.0979
156.3802 302.9079
155.2302 302.9079
154.0702 302.0479
152.9202 301.7279
148.2202 302.3079
145.2502 308.2779
141.6902 313.0279
139.5002 315.2979
138.3702 315.4979
137.0802 315.1779
133.5302 313.1879
132.4302 312.4279
129.6202 307.8279
127.1402 306.7579
126.1002 307.7779
124.7502 310.1279
123.5402 311.0579
121.0602 311.8279
120.3002 312.9079
120.0102 316.6779
119.6002 317.7579
117.1602 318.2979
113.7502 317.2079
110.3102 318.7479
105.1002 318.3779
105.1002 318.3779
104.3102 324.4879
104.2502 325.6079
104.5802 326.2479
103.6502 327.9979
104.2802 328.4479
104.5102 329.2779
104.1902 330.4979
104.3202 331.8879
105.0602 334.0079
104.8402 335.3579
105.4902 337.0679
105.0202 339.7179
105.6802 340.9779
106.5302 341.1279
106.6602 341.4779
106.4202 344.5579
106.8602 345.3479
107.1402 349.5979
108.4002 356.3879
107.8802 358.8779
106.6002 361.7679
101.2002 369.0479
102.4702 369.5079
103.0902 370.8479
103.8802 371.1579
104.3602 372.0279
104.3102 372.6479
103.5602 374.0779
 96.4102 382.7679
 91.8902 387.3379
 92.7802 388.7079
 92.5502 390.1979
 91.7202 393.1479
 90.3802 394.6279
 90.3802 394.6279
 91.6102 396.1179
 93.7302 395.6079
 93.8002 394.5479
 94.1402 394.2379
 95.2702 394.2379
 98.3802 392.4679
101.0802 388.3379
102.0502 388.5879
101.6602 389.4579
102.2102 389.5179
104.0102 388.5579
107.0002 388.5479
106.9502 387.9979
107.3202 387.6779
112.6302 388.3679
114.6202 387.5579
115.5802 386.4779
116.6802 386.6179
117.7202 387.6379
119.5602 388.4079
122.5802 391.5379
124.9802 392.6679
126.1302 393.0679
129.6302 392.7479
130.6802 392.5079
132.9102 391.0279
135.2502 390.6979
139.1102 386.0979
140.3402 385.3879
142.6702 384.7779
143.9002 385.8679
144.9102 387.3879
146.1202 390.6679
145.5002 392.9479
143.2402 394.7579
142.5602 396.1079
142.4402 397.1779
142.9902 398.2479
144.2502 399.1079
144.2202 400.2179
141.9402 403.9279
141.6602 405.4079

Cunene
149
 89.5502  92.2179
 92.4202  89.8279
 94.3902  87.3379
 96.6302  85.8779
 98.9102  86.6179
102.5102  88.2779
103.8802  89.3679
109.9702  97.6479
111.4902  97.9079
112.6202  97.2779
114.3902  94.9979
115.4502  94.4679
116.5502  94.6179
117.9202  95.6879
119.2302  98.0279
120.2902  99.1179
126.8302 100.4679
127.8902 101.6479
133.5802 104.5279
141.0302 112.5579
144.4802 111.6579
146.7702 111.7679
148.0202 112.2179
153.7802 111.0879
162.1502 108.8379
163.2602 108.3579
165.4402 106.0879
166.4102 102.6779
171.1902 101.5079
172.3202 101.6879
174.0102 105.1379
176.9802 108.4479
179.7202 114.1279
180.4702 116.6379
183.5302 119.7079
185.0802 123.6079
187.6202 128.1779
188.8702 128.6379
191.0202 131.0379
192.2402 131.5879
194.7502 133.5479
196.2902 133.4779
199.9002 135.9679
202.1302 135.5379
205.5102 136.2179
208.4602 135.1079
214.4602 135.0379
215.5702 134.6679
220.5502 135.9779
224.3202 135.2579
225.4902 136.1479
228.0702 139.7479
231.5102 143.1879
231.9902 144.3379
233.1402 145.5179
234.2802 146.1279
240.2902 148.3279
244.9902 147.4679
250.5602 147.4979
250.5602 147.4979
252.3702 146.6879
251.8802 145.2279
252.7202 143.9979
255.5402 142.6179
255.9002 141.5979
255.5302 140.5579
256.8702 139.1979
258.9202 138.1179
259.1202 136.4379
260.1402 136.0379
261.3902 134.5179
264.2102 133.7279
264.9202 132.3079
265.8502 132.8679
266.6202 129.3879
267.6402 128.2179
271.1302 127.3079
274.1902 120.5179
277.6502 114.7279
281.0302 111.7079
282.1502 109.4179
281.9502 101.3679
283.6002  91.9079
283.5402  85.6079
282.0502  80.5079
278.6302  77.0979
278.1102  75.9579
277.3702  72.0579
274.4702  66.4979
273.8802  59.9979
273.8602  54.2079
277.9102  41.1579
276.5102  33.7779
276.5102  33.7779
276.4102  33.3579
268.1402  33.3179
256.6802  33.4979
256.5702  33.7879
151.1102  33.7579
125.6302  34.0879
125.1502  32.6579
123.2402  32.2479
122.5702  31.5479
120.5802  31.9179
119.7102  31.0879
116.0002  32.2479
114.7202  31.6379
112.9402  31.5579
111.5602  32.3479
110.8802  34.3379
109.1802  35.7879
105.8802  37.1579
102.7702  39.4179
101.1602  39.9479
 99.8502  41.1579
 99.1702  41.1479
 97.0402  43.3379
 92.6302  46.2079
 90.9402  46.8579
 90.6502  47.3079
 91.5002  48.3779
 91.5202  49.1379
 88.9002  52.7979
 86.1602  53.8679
 84.4302  55.0479
 82.9502  55.0779
 82.9502  55.0779
 82.4902  55.1679
 82.2902  57.7779
 80.9502  60.2779
 73.8102  67.4079
 72.8002  68.6679
 72.4202  69.9079
 73.4202  72.1979
 74.5602  73.2979
 75.6802  73.4479
 76.9202  74.2879
 78.6902  76.8279
 78.4702  77.9779
 77.7602  79.1279
 75.7502  81.0379
 76.8802  82.7879
 77.6802  83.3979
 79.1502  83.5979
 80.2702  85.3179
 81.8302  85.3979
 82.6102  86.9479
 83.1602  86.2379
 84.6102  87.5879

Huambo
141
201.5502 334.6679
204.9402 332.9779
206.1602 333.2579
208.5502 332.1279
212.1602 332.9079
213.3002 332.8379
215.3902 334.8279
216.6702 335.1779
218.9002 333.2979
221.3602 333.6379
222.5002 333.4279
223.5502 332.3379
228.1602 332.6479
229.5202 326.1479
230.5402 325.1379
230.7302 324.0979
232.9802 322.8679
233.0102 321.4279
236.6702 319.5179
237.4102 318.1779
237.7002 315.8279
240.3902 313.6979
242.3102 311.4879
242.6602 309.7879
242.3702 308.0079
241.2102 307.0379
239.3802 304.0479
238.8702 301.2179
237.8902 299.4579
234.1502 296.2979
231.9102 295.0979
230.6902 293.5379
230.5302 292.3779
231.3602 291.1379
231.4402 290.0179
232.7302 288.7779
233.1202 287.5879
232.5702 283.3979
232.2302 282.2279
228.6502 279.8979
228.7702 277.5879
229.3302 276.3579
230.4302 276.0879
231.4502 274.9879
231.9102 272.3679
236.5302 269.8079
238.8202 269.1579
238.5902 263.7179
239.0002 262.1579
238.7702 260.9779
239.2002 255.4779
240.5402 248.7479
240.0202 247.1279
240.5402 245.5879
239.8502 238.6279
239.8502 238.6279
236.1302 238.0379
233.8202 239.0979
232.7502 239.1879
229.0002 238.0279
227.7302 238.6779
227.2002 239.9679
225.9802 239.7879
224.5702 239.4379
223.3702 238.3879
220.9802 234.6079
217.5602 234.0179
216.3202 234.4679
214.2102 236.7579
211.9202 236.8879
204.5202 229.0979
201.7802 225.5979
200.6502 224.7279
197.0802 223.6379
196.3102 222.4979
196.2802 221.4379
195.2802 220.3879
191.7502 218.4279
190.4502 218.0679
189.3702 218.2679
189.6102 223.2579
189.3602 224.6879
184.7902 224.4879
183.5902 224.9379
182.9902 226.0279
182.4902 233.3779
181.4002 235.7679
180.4502 236.8879
179.3602 237.3779
174.4902 236.3879
172.2702 235.5479
170.1102 236.3979
170.1102 236.3979
168.0102 237.2479
167.0602 238.4079
166.8902 239.4979
163.5902 240.9979
162.5402 242.2379
159.9702 247.2579
161.2602 250.8479
160.4202 255.7279
156.8702 261.7279
156.8302 264.0479
154.9602 267.7879
154.9702 269.0679
155.7602 270.1179
154.4802 272.5979
155.7202 273.7179
159.1802 275.5679
159.6202 276.8079
160.9802 277.9579
163.4702 279.0679
167.2002 279.6579
168.1002 280.9779
166.8502 283.1479
167.4902 284.1979
165.5802 288.9079
165.7502 296.5179
165.7502 296.5179
168.1802 302.5879
170.2502 304.6479
173.2702 305.0079
175.8002 306.5379
177.0002 306.0579
178.1202 306.6779
179.8502 308.7679
183.5602 308.5479
182.8402 309.7679
183.7302 313.3579
182.8302 314.5279
184.0302 315.3879
184.0302 317.2379
184.7002 318.6379
183.5202 319.5279
183.3702 321.8379
182.0302 323.7979
182.4102 327.4979
184.5602 329.2079
188.1702 329.9779
190.3802 331.4779
199.7202 332.9879

Huíla
232
170.1102 236.3979
172.2702 235.5479
174.4902 236.3879
179.3602 237.3779
180.4502 236.8879
181.4002 235.7679
182.4902 233.3779
182.9902 226.0279
183.5902 224.9379
184.7902 224.4879
189.3602 224.6879
189.6102 223.2579
189.3702 218.2679
190.4502 218.0679
191.7502 218.4279
195.2802 220.3879
196.2802 221.4379
196.3102 222.4979
197.0802 223.6379
200.6502 224.7279
201.7802 225.5979
204.5202 229.0979
211.9202 236.8879
214.2102 236.7579
216.3202 234.4679
217.5602 234.0179
220.9802 234.6079
223.3702 238.3879
224.5702 239.4379
225.9802 239.7879
227.2002 239.9679
227.7302 238.6779
229.0002 238.0279
232.7502 239.1879
233.8202 239.0979
236.1302 238.0379
239.8502 238.6279
239.8502 238.6279
239.2702 235.5479
240.1602 231.6579
239.9802 227.8779
239.5702 223.3879
238.1302 219.8379
238.0002 217.5279
237.0902 215.7779
237.7302 213.0279
237.0502 206.2679
237.2402 205.7579
237.2402 205.7579
237.8802 204.3779
237.2402 202.3179
238.4102 198.7279
237.6902 194.4979
237.5102 193.9479
236.6602 193.4079
236.6002 192.7579
237.2902 190.7179
237.4602 187.5579
238.9202 184.2579
238.5102 182.5979
238.9602 180.9979
238.5902 178.5679
238.6502 174.0079
241.2902 171.5179
242.4202 171.3979
242.6102 170.9479
242.0702 170.2879
244.8502 169.4979
244.8102 169.0479
244.3202 168.8879
243.6302 166.5379
245.6302 164.6579
246.3302 161.9279
245.8902 159.5579
245.9602 157.7579
246.9002 155.9479
248.6402 154.2179
248.9302 152.4679
248.2402 151.7479
248.1502 150.6679
249.2002 148.8379
250.5602 147.4979
250.5602 147.4979
244.9902 147.4679
240.2902 148.3279
234.2802 146.1279
233.1402 145.5179
231.9902 144.3379
231.5102 143.1879
228.0702 139.7479
225.4902 136.1479
224.3202 135.2579
220.5502 135.9779
215.5702 134.6679
214.4602 135.0379
208.4602 135.1079
205.5102 136.2179
202.1302 135.5379
199.9002 135.9679
196.2902 133.4779
194.7502 133.5479
192.2402 131.5879
191.0202 131.0379
188.8702 128.6379
187.6202 128.1779
185.0802 123.6079
183.5302 119.7079
180.4702 116.6379
179.7202 114.1279
176.9802 108.4479
174.0102 105.1379
172.3202 101.6879
171.1902 101.5079
166.4102 102.6779
165.4402 106.0879
163.2602 108.3579
162.1502 108.8379
153.7802 111.0879
148.0202 112.2179
146.7702 111.7679
144.4802 111.6579
141.0302 112.5579
133.5802 104.5279
127.8902 101.6479
126.8302 100.4679
120.2902  99.1179
119.2302  98.0279
117.9202  95.6879
116.5502  94.6179
115.4502  94.4679
114.3902  94.9979
112.6202  97.2779
111.4902  97.9079
109.9702  97.6479
103.8802  89.3679
102.5102  88.2779
 98.9102  86.6179
 96.6302  85.8779
 94.3902  87.3379
 92.4202  89.8279
 89.5502  92.2179
 89.5502  92.2179
 90.8402  92.9179
 91.2702  94.0179
 92.3702  95.0679
 92.4402  96.1579
 90.4502  99.8179
 89.9602 102.1179
 91.8002 106.7679
 95.6702 113.6679
 93.2902 117.3079
 93.0502 118.4279
 93.3602 130.5979
 89.6102 132.0079
 87.2602 133.8579
 86.5202 135.0079
 87.1702 137.4579
 86.4102 139.7879
 85.0402 140.1179
 84.5202 139.0379
 83.3002 138.2079
 82.1402 138.1079
 81.1002 139.3679
 81.4502 140.7079
 81.2702 142.3579
 79.8402 142.6379
 77.4602 141.9879
 76.3402 143.0079
 76.2502 144.1979
 79.9302 146.3079
 80.3202 147.5079
 77.4002 150.9479
 77.7502 152.1879
 79.8002 154.5979
 78.5602 158.1879
 78.5602 159.5879
 80.5602 161.7479
 82.9302 162.1179
 83.8802 163.3879
 87.4702 166.1779
 91.1702 167.8079
 94.1002 169.8379
 96.5702 175.6279
 96.8402 180.4179
 99.5902 184.1579
 99.4002 188.3679
 98.9102 190.5679
 99.3102 193.0579
 98.1502 193.5779
 97.0402 192.9879
 95.8802 193.7879
 95.4002 195.0079
 96.2102 197.5679
 95.5302 199.9779
 94.3402 202.3379
 94.7802 203.9179
 96.9702 207.4979
 97.2802 208.6279
 96.9302 209.8179
 94.7802 211.2779
 93.8902 214.0079
 93.8902 214.0079
 99.6902 216.3679
100.8402 216.2479
103.0802 214.4179
107.7402 213.6479
108.8602 213.6479
111.2502 215.1779
112.4402 215.3879
113.9302 215.1579
117.3002 213.6079
119.7202 214.2679
122.1202 213.4979
125.9402 212.9079
130.5602 212.6279
131.8902 212.8379
132.9902 213.1879
137.8602 223.1379
138.9902 223.5279
138.8402 225.7479
140.0602 226.4479
141.1202 226.1679
147.4402 223.1779
149.8602 223.8179
154.7602 225.5879
158.8602 230.1179
160.3302 231.1879
161.4602 230.8879
162.5102 229.9879
163.5902 229.8879
164.7702 230.9979
167.1702 232.0079

Luanda
5
 71.9902 461.0479
 72.1402 460.3279
 71.7602 459.1679
 70.9302 458.9779
 70.8302 459.5679

Luanda
14
 73.3002 463.1579
 73.8202 462.7979
 72.7502 462.5879
 72.7802 461.8579
 71.7302 461.4579
 70.9402 460.6279
 70.8702 460.0779
 70.4202 460.0179
 70.0402 459.3179
 68.9702 458.6379
 68.2902 457.3379
 67.7002 457.2579
 68.1502 458.3079
 72.7402 462.9579

Luanda
71
 89.2102 472.4279
 91.4902 473.7579
 96.9802 464.1179
 97.0202 463.5279
 95.6102 463.4579
 92.1502 461.9079
 91.7402 461.4279
 91.7602 458.6779
 90.2602 457.5779
 88.7702 452.9279
 89.1902 448.2579
 88.7502 447.9879
 88.1602 448.3779
 84.9602 448.7179
 85.0502 447.6879
 84.7702 447.4579
 84.3302 448.0579
 83.8102 447.9379
 81.7002 448.9279
 81.2002 448.8479
 79.6502 447.4379
 78.1602 447.0979
 77.0702 445.9879
 76.5602 443.6279
 76.5602 443.6279
 76.6002 443.1379
 75.9002 441.9779
 75.2602 441.8279
 75.5002 441.2479
 75.1002 440.9879
 74.8502 439.9979
 73.9302 440.3379
 73.7102 439.4179
 73.1402 439.0179
 68.3102 447.0579
 67.2402 449.4379
 65.5602 451.4879
 65.6002 454.7479
 66.4202 455.0479
 66.7102 454.6879
 65.9002 454.5179
 66.3002 454.1879
 65.9302 453.0479
 66.1402 452.6579
 66.4102 451.8579
 66.0802 451.3079
 66.5502 451.1179
 66.7402 452.3279
 68.3802 453.7279
 69.4102 456.1979
 70.2702 456.6979
 70.9102 458.3679
 73.0702 458.4479
 73.6202 459.8379
 73.5702 460.8579
 75.6902 463.1579
 75.7902 464.3879
 76.3402 464.6879
 76.3502 465.6379
 76.7602 466.0079
 77.4302 465.7779
 77.8502 466.4979
 79.0402 466.3779
 79.7802 467.0679
 80.0402 468.0479
 80.6602 468.4579
 83.7602 467.4579
 84.8202 468.2579
 85.4402 468.9279
 86.3002 472.4779
 86.0402 474.4979

Lunda_Norte
273
434.1302 559.5779
441.7902 559.5479
441.3602 556.4879
439.9302 554.9779
439.2302 551.8479
438.0602 549.7179
437.6702 548.1679
437.3102 544.4579
437.5702 541.3879
498.6502 541.2679
498.9802 540.3279
500.5802 539.1079
501.5002 536.2379
501.0302 535.3879
502.2502 534.2279
502.3502 533.4379
501.7302 532.6179
502.4202 531.8279
501.4002 529.6079
502.2402 527.7779
502.1502 526.9879
501.7102 526.4879
501.9602 525.4079
501.0002 524.5579
500.7802 523.0279
500.1202 522.5979
500.1502 521.5879
499.3902 519.1879
498.9202 518.7079
498.8002 517.7479
498.0302 516.8879
498.5202 514.9179
497.8502 514.2279
497.7402 513.5279
498.1602 511.1379
498.0402 510.4579
496.9202 509.4379
496.9202 508.9079
497.6302 507.8579
498.1902 505.8579
499.0202 504.3379
500.3002 503.0979
502.3102 498.7579
503.8802 497.2179
503.9502 496.6279
503.4502 496.1179
504.3402 493.1479
504.3502 491.4779
506.0002 490.3379
506.0002 490.3379
504.8002 489.3979
502.0702 488.1079
499.8302 484.4479
498.7602 484.2179
496.1602 484.8579
491.3802 483.0879
490.2502 482.2379
488.0402 478.7879
478.6002 477.1279
473.7802 478.3479
472.4102 478.0879
471.3202 477.2779
467.8102 477.7079
465.1002 476.1479
463.6202 475.7879
461.5002 475.8779
456.9202 473.4579
455.9502 471.2479
452.1902 469.4679
451.1302 468.4579
447.8902 463.2679
445.9402 457.0479
443.5802 455.6979
439.9102 455.2179
437.3702 453.5679
436.0102 452.2579
432.4102 451.8079
431.1602 451.0979
429.7302 447.6279
429.4702 445.4979
428.5702 444.4079
427.5002 443.6379
422.6102 443.3679
421.4502 442.8079
416.1302 438.5879
410.3002 433.2079
408.6402 420.7579
408.0402 419.2279
406.4602 416.9179
402.9902 413.1979
401.7702 412.2779
395.1002 411.2179
393.6702 410.5979
390.1302 407.5579
389.0602 407.2479
385.1102 407.2179
383.8002 406.6979
378.8602 402.4779
373.2102 401.0679
370.0002 397.6279
366.3202 395.7879
363.7602 394.8179
356.6302 394.1679
355.5502 393.6979
351.8502 389.2979
345.9202 386.7079
344.8202 386.2779
336.6202 386.9179
335.5202 386.6579
335.9902 385.7279
336.9102 385.2679
336.1002 384.6879
336.1702 384.2879
337.4202 384.2579
338.6802 383.2279
338.6802 383.2279
337.3502 382.2779
335.0902 381.4879
333.7502 379.2479
334.1202 378.0479
335.2002 377.4079
335.8502 376.1679
334.6702 373.7779
328.6702 373.2979
327.6002 373.4479
323.1002 376.3279
321.9202 376.5479
320.7702 377.9279
317.4302 380.3279
316.3802 380.8279
314.1802 380.9179
313.0202 381.3879
313.0302 382.4479
311.0302 384.5479
310.8702 385.3479
315.9302 390.0079
315.9002 391.4579
313.6602 392.2579
312.9102 392.8979
312.0202 394.4179
310.9802 394.9679
309.8702 397.8979
308.6502 398.5279
308.3302 399.3879
308.6702 400.5079
308.4702 400.9779
309.2702 402.0779
309.2402 403.0479
307.1802 406.1079
306.8802 407.8079
305.4302 408.1679
304.5002 409.2679
302.8602 414.5379
298.1202 416.7679
294.4402 416.2079
293.6302 417.2879
293.8102 419.5379
292.7902 420.6579
292.3902 421.8179
287.9502 422.9579
286.8702 423.7579
286.1602 425.9679
283.7902 426.4479
283.0902 427.5579
283.5302 428.7379
283.1402 431.0079
281.9902 433.2779
280.9102 434.3279
280.5402 436.6579
279.5002 437.7379
279.2602 440.0879
281.5602 442.0179
287.4402 444.2379
289.6702 444.5779
290.6902 445.9279
290.6202 448.2379
292.3102 450.5979
292.6002 451.6879
291.6502 454.0979
291.4202 456.4079
290.9202 457.6179
292.3902 465.4279
292.5202 467.5379
292.0702 470.7879
292.6502 472.9179
292.0302 475.2179
292.3402 477.4579
290.0702 478.9179
288.8502 482.8279
289.5502 486.2479
291.2602 488.4379
290.5202 489.2579
289.8102 493.9279
289.9702 495.0779
289.6702 496.0679
290.4402 496.6979
290.3802 497.2679
289.5102 498.4379
288.9602 498.5479
288.8402 499.0879
289.3702 500.5379
289.3702 500.5379
290.5902 499.5779
293.1102 499.5279
296.7502 500.8579
298.5202 501.0879
302.2502 500.3979
303.6502 501.3579
306.6002 501.9779
309.3002 501.8079
311.3802 500.3079
312.2702 501.0479
317.2202 500.9779
317.3702 501.5579
316.5802 502.5179
317.1102 503.8879
318.9302 504.1579
319.8202 505.4579
322.9702 506.3979
325.1502 506.1779
326.7602 506.4679
327.4402 506.1879
327.0502 505.8779
327.2702 505.1979
328.0102 505.0079
328.3602 505.2479
329.7202 504.5679
330.2602 504.8179
330.7902 504.5279
331.9102 505.2279
331.5502 505.8779
338.2702 505.8779
338.6802 507.8579
338.5102 509.8179
350.7002 509.7579
350.8902 507.9779
350.6302 507.6779
351.7202 505.8779
379.9602 506.1079
379.1502 510.1979
378.4802 510.8579
379.1202 511.8479
379.0702 512.4679
379.5302 512.7379
379.4002 515.1779
380.6302 516.6279
381.3302 520.0279
381.7502 520.6679
381.1802 523.1379
380.1902 524.8179
379.7402 526.4979
380.3002 526.7779
380.3502 527.1979
384.9202 527.2979
385.9202 528.9679
385.5202 530.4679
386.8002 531.1279
387.3002 531.8879
388.7102 531.9779
388.4302 532.7179
387.5202 533.3279
387.8402 533.9679
387.2502 534.3179
385.9402 537.1179
386.3902 537.7379
385.5902 539.8079
386.4702 544.9579
386.0002 546.5079
387.8602 550.9279
389.3102 552.4479
388.5502 553.7879
388.3802 555.3079
425.7402 555.3779

Lunda_Sul
295
506.6502 484.7779
507.4902 481.2879
506.6302 479.6179
506.7602 477.9079
505.6502 476.1779
506.3302 475.4979
505.2102 473.8279
505.3402 472.5879
504.4702 470.2879
504.7602 467.9279
503.6002 464.7079
503.7102 464.2279
502.9802 462.8879
503.1002 462.0779
502.6502 460.8379
502.8802 459.9879
502.1002 455.2279
502.6702 453.7979
501.7502 452.9779
501.7602 450.4479
502.6202 447.8179
502.7202 445.0979
501.1802 441.7779
501.0402 440.3079
500.3602 439.6179
499.7202 436.2879
499.2602 435.4979
501.3302 433.2879
501.0902 431.6779
502.9702 428.2779
502.8902 426.6879
503.3302 425.8379
503.1002 425.0479
503.4502 424.5279
503.3502 423.9379
506.2302 422.2679
506.5002 420.9879
507.7902 420.0779
508.3202 418.4179
508.8002 418.3279
509.6402 419.0379
509.5802 417.4079
510.0802 415.8579
510.7202 414.8879
511.6702 414.8279
513.0702 412.7879
514.1902 412.3679
515.2202 412.8979
515.8902 411.9579
517.0002 412.0879
518.9002 410.3279
518.8002 409.3179
519.7602 407.3479
519.2402 406.7479
520.2502 405.5979
519.9502 404.8779
520.5602 403.1679
520.4502 398.7979
521.0902 397.5679
521.1202 396.2779
523.2802 393.7179
523.5702 392.5379
523.3802 391.6779
524.6002 390.3879
525.6402 387.5279
525.3902 385.7779
524.0602 383.4579
523.9002 381.9279
523.1702 381.3879
523.1602 380.9979
525.0102 379.8179
525.0802 376.3979
525.0802 376.3979
523.0602 375.5479
520.7802 375.5779
519.0802 376.6479
516.4902 377.3679
514.6602 377.1979
513.6602 377.5179
511.4802 375.5679
504.3402 375.3779
502.8902 376.0079
499.9202 375.7679
498.6002 374.3679
497.2702 371.5579
496.7102 368.6879
496.8102 365.5979
495.1102 364.5079
493.2302 362.3079
492.9002 358.0579
492.2702 357.3079
492.2002 356.6879
493.5702 353.9679
494.6402 353.8979
494.3302 352.8979
494.7102 351.9679
494.5602 349.9879
491.8202 349.2779
491.6102 348.7879
489.5802 348.3479
488.8802 347.7379
486.7002 348.0579
486.1302 348.7779
485.9502 348.2679
484.5402 348.5079
483.6002 346.7679
482.6202 346.8779
481.6902 346.4279
480.6902 346.6079
479.7202 345.9979
479.7202 345.6079
477.5102 345.2979
474.3402 343.6179
471.4402 343.1779
470.8802 342.5479
470.8502 341.6179
469.8702 340.6179
468.8702 340.3279
467.5802 338.1579
465.6702 337.4479
464.7102 337.7979
462.6302 336.4079
461.5502 336.2679
461.7102 335.0579
462.2302 334.1979
461.8802 333.3079
460.9102 332.9079
455.6902 333.7979
454.7502 333.4179
453.9302 333.9479
452.0902 333.7979
450.1602 334.2579
448.8502 335.0179
447.3602 334.6179
446.3502 336.3379
445.1702 336.4879
444.2902 336.1179
441.8602 337.7779
440.6802 337.6579
439.2702 338.3179
438.4502 339.5679
437.9002 339.7379
436.8602 339.4079
435.3702 339.9679
433.6302 341.6679
431.0202 343.1379
429.9102 343.0379
428.6302 342.2579
427.7402 342.7479
426.5202 342.8579
425.6002 344.0079
424.1902 344.6379
423.1502 344.3679
422.6702 344.5779
422.0902 345.3679
420.5802 345.9779
419.9202 346.6979
418.8602 346.4379
415.7102 342.7179
414.0802 342.7079
412.1202 344.0679
410.6702 343.5179
409.0502 343.8579
407.9902 342.1479
407.0202 341.7479
405.8502 341.8579
404.8702 343.6179
403.8302 343.6279
403.1502 344.3279
401.4402 343.4779
400.6302 342.2179
397.3102 341.4279
394.4202 342.6579
392.4402 344.1279
390.7102 344.2179
389.1802 343.3779
388.3602 341.4279
386.2302 339.4279
384.3102 337.8579
382.6802 337.4379
381.1502 336.2479
380.0402 335.9779
376.7602 336.7879
375.4502 336.7279
374.5802 336.2279
373.7402 334.9979
370.9202 334.1179
370.9202 334.1179
371.2002 337.2279
372.0802 338.4479
372.0002 339.7679
373.7602 342.2079
373.5602 343.3179
372.0402 345.6679
370.8102 346.2779
368.5502 346.2379
366.0002 346.7079
362.0902 351.2979
356.3502 354.9379
350.1002 358.3079
350.1002 358.3079
349.3502 360.8979
347.6202 362.6179
346.2102 363.3279
344.7802 364.6179
342.8802 368.8979
342.7202 371.9179
342.3102 372.7679
343.0202 373.4479
344.5202 373.1579
343.8902 374.4379
344.7502 374.8679
344.7402 375.8579
345.4602 376.1679
344.5302 376.6179
345.1602 377.2579
344.0102 378.1779
343.7502 379.2679
343.1502 378.4879
341.7402 379.1279
341.1702 379.9279
340.8502 379.5579
340.6302 380.6879
339.7702 380.6679
339.4602 382.8879
338.6802 383.2279
338.6802 383.2279
337.4202 384.2579
336.1702 384.2879
336.1002 384.6879
336.9102 385.2679
335.9902 385.7279
335.5202 386.6579
336.6202 386.9179
344.8202 386.2779
345.9202 386.7079
351.8502 389.2979
355.5502 393.6979
356.6302 394.1679
363.7602 394.8179
366.3202 395.7879
370.0002 397.6279
373.2102 401.0679
378.8602 402.4779
383.8002 406.6979
385.1102 407.2179
389.0602 407.2479
390.1302 407.5579
393.6702 410.5979
395.1002 411.2179
401.7702 412.2779
402.9902 413.1979
406.4602 416.9179
408.0402 419.2279
408.6402 420.7579
410.3002 433.2079
416.1302 438.5879
421.4502 442.8079
422.6102 443.3679
427.5002 443.6379
428.5702 444.4079
429.4702 445.4979
429.7302 447.6279
431.1602 451.0979
432.4102 451.8079
436.0102 452.2579
437.3702 453.5679
439.9102 455.2179
443.5802 455.6979
445.9402 457.0479
447.8902 463.2679
451.1302 468.4579
452.1902 469.4679
455.9502 471.2479
456.9202 473.4579
461.5002 475.8779
463.6202 475.7879
465.1002 476.1479
467.8102 477.7079
471.3202 477.2779
472.4102 478.0879
473.7802 478.3479
478.6002 477.1279
488.0402 478.7879
490.2502 482.2379
491.3802 483.0879
496.1602 484.8579
498.7602 484.2179
499.8302 484.4479
502.0702 488.1079
504.8002 489.3979
506.0002 490.3379
506.0002 490.3379
506.3802 489.4779
505.4902 488.2379

Malange
405
204.0702 495.4679
209.5002 494.6779
210.7502 495.5279
211.6602 496.7679
212.9002 497.3479
215.2302 497.2179
216.3102 497.8079
218.2602 499.9479
218.9302 502.2079
219.0902 505.0279
220.5102 507.1379
220.6002 508.2879
219.7802 513.1679
216.5502 522.6179
216.5702 525.1379
219.4302 526.5379
220.9402 526.7279
223.1202 526.4079
224.3202 526.8679
225.3502 528.0379
226.4902 528.2179
227.7302 528.9279
230.0902 532.2679
231.2002 534.5579
233.3002 536.0979
242.5002 539.4979
244.6602 539.0779
245.7702 538.2379
247.1602 534.5879
248.2002 533.6379
252.1402 527.9679
254.3102 526.1179
257.6002 525.4679
259.8002 526.0779
261.0402 527.1379
261.7302 529.3079
261.7902 532.9079
262.6002 533.9679
264.9202 535.8679
266.1302 536.3879
267.6602 536.5479
268.6102 535.9579
268.6102 535.9579
268.3102 534.6679
268.5702 534.2779
269.5202 534.3079
270.1202 535.2579
270.9002 534.2879
271.7902 534.2179
272.2602 533.6679
272.0902 533.1279
270.8502 532.8579
270.5702 532.0779
271.1802 531.3979
272.8202 530.6179
273.0902 529.9879
272.7302 528.9679
273.8402 526.7379
275.2902 525.4879
277.5602 524.5079
278.0702 523.8279
277.7502 521.7079
277.3102 521.2279
278.0702 520.5479
278.6202 520.6679
278.7402 519.9079
279.2902 519.8779
278.8202 517.8179
279.9302 516.8479
282.1202 516.1479
282.0302 514.7379
283.2302 514.6479
282.8302 513.7079
283.6802 513.9279
284.2402 513.6679
283.9102 512.3279
284.9302 512.1779
285.4002 511.6479
284.7802 509.4679
285.5502 508.6479
286.2202 508.6079
286.0602 507.8779
286.8502 508.3279
287.1202 508.1579
287.2302 505.9579
286.8202 505.8779
287.9902 505.2279
289.2202 503.7079
289.1502 503.4679
288.4702 503.5779
287.8502 502.4779
287.8902 501.7779
289.0102 501.3079
289.3702 500.5379
289.3702 500.5379
288.8402 499.0879
288.9602 498.5479
289.5102 498.4379
290.3802 497.2679
290.4402 496.6979
289.6702 496.0679
289.9702 495.0779
289.8102 493.9279
290.5202 489.2579
291.2602 488.4379
289.5502 486.2479
288.8502 482.8279
290.0702 478.9179
292.3402 477.4579
292.0302 475.2179
292.6502 472.9179
292.0702 470.7879
292.5202 467.5379
292.3902 465.4279
290.9202 457.6179
291.4202 456.4079
291.6502 454.0979
292.6002 451.6879
292.3102 450.5979
290.6202 448.2379
290.6902 445.9279
289.6702 444.5779
287.4402 444.2379
281.5602 442.0179
279.2602 440.0879
279.5002 437.7379
280.5402 436.6579
280.9102 434.3279
281.9902 433.2779
283.1402 431.0079
283.5302 428.7379
283.0902 427.5579
283.7902 426.4479
286.1602 425.9679
286.8702 423.7579
287.9502 422.9579
292.3902 421.8179
292.7902 420.6579
293.8102 419.5379
293.6302 417.2879
294.4402 416.2079
298.1202 416.7679
302.8602 414.5379
304.5002 409.2679
305.4302 408.1679
306.8802 407.8079
307.1802 406.1079
309.2402 403.0479
309.2702 402.0779
308.4702 400.9779
308.6702 400.5079
308.3302 399.3879
308.6502 398.5279
309.8702 397.8979
310.9802 394.9679
312.0202 394.4179
312.9102 392.8979
313.6602 392.2579
315.9002 391.4579
315.9302 390.0079
310.8702 385.3479
311.0302 384.5479
313.0302 382.4479
313.0202 381.3879
314.1802 380.9179
316.3802 380.8279
317.4302 380.3279
320.7702 377.9279
321.9202 376.5479
323.1002 376.3279
327.6002 373.4479
328.6702 373.2979
334.6702 373.7779
335.8502 376.1679
335.2002 377.4079
334.1202 378.0479
333.7502 379.2479
335.0902 381.4879
337.3502 382.2779
338.6802 383.2279
338.6802 383.2279
339.4602 382.8879
339.7702 380.6679
340.6302 380.6879
340.8502 379.5579
341.1702 379.9279
341.7402 379.1279
343.1502 378.4879
343.7502 379.2679
344.0102 378.1779
345.1602 377.2579
344.5302 376.6179
345.4602 376.1679
344.7402 375.8579
344.7502 374.8679
343.8902 374.4379
344.5202 373.1579
343.0202 373.4479
342.3102 372.7679
342.7202 371.9179
342.8802 368.8979
344.7802 364.6179
346.2102 363.3279
347.6202 362.6179
349.3502 360.8979
350.1002 358.3079
350.1002 358.3079
350.4802 357.2579
349.7402 355.9279
349.4202 353.5979
349.8102 351.2279
351.2302 349.2179
350.2302 345.3679
350.7502 344.5079
352.1202 343.7979
353.4102 342.3479
353.3902 341.0979
354.0602 339.3779
353.5302 338.3179
352.3802 338.0979
351.2902 338.6279
349.0702 338.7879
342.7902 336.8879
338.6502 334.9579
334.6102 330.7779
333.5302 329.9279
332.4502 329.6379
329.9602 329.9579
328.7602 329.7079
326.2602 330.8079
319.9402 329.2179
316.4502 329.8979
314.6402 328.9579
313.7802 329.4979
313.3802 330.4579
312.5002 330.9579
310.3302 330.4379
308.0602 330.8579
307.5602 331.7279
307.6702 334.1579
306.6002 336.5179
303.8802 338.8679
304.6802 335.4779
304.9602 331.5179
304.6302 330.0479
299.9302 326.0379
299.8002 324.9779
298.7102 323.8279
297.6002 323.8079
296.4502 323.2179
296.1202 322.0479
295.1302 321.0079
292.9502 320.7579
292.2402 320.1179
291.2802 320.5179
290.2002 321.6979
287.8202 322.0879
287.5502 322.5079
288.6702 324.8279
287.9502 326.8379
286.8202 328.4779
286.7402 329.6479
287.4702 331.0079
289.1502 332.1179
288.7502 333.0479
287.4502 332.3079
287.1102 332.6679
287.2702 334.1479
288.3002 335.1879
288.7902 337.4479
286.2602 341.1079
285.6502 343.2079
285.6202 344.8979
285.2402 345.2179
283.5802 345.1379
282.1702 345.8179
281.9802 346.2979
282.9902 346.6579
283.4202 347.6179
285.0802 347.9979
285.5502 350.9079
285.0602 352.4979
284.0402 353.5579
283.5202 355.0679
281.9902 356.3279
281.8802 359.3179
281.3802 360.2179
278.6102 362.2979
277.3002 363.7279
274.2202 363.5479
271.3102 364.5279
270.9702 366.1779
268.7302 366.1679
268.0402 364.8079
267.0602 365.1679
264.7502 366.9579
261.7402 368.1179
257.6102 368.8479
254.3302 368.1679
252.0802 368.4879
249.1602 371.7279
246.5202 372.6179
246.1102 374.0979
244.6302 374.3579
244.1802 375.9479
244.3602 376.4679
245.2302 376.9579
245.0402 377.4779
243.6802 378.3279
243.6802 378.3279
242.3702 380.3079
241.1502 381.1979
239.0102 383.8379
237.9402 385.5379
235.9102 386.1379
235.6302 387.1279
235.8602 389.5979
235.0102 390.1379
234.6502 391.1679
233.3702 392.5979
231.5502 392.7979
230.7702 393.3679
230.1402 397.1579
230.4902 398.1379
232.4902 399.6379
232.7902 400.3979
231.5002 403.0479
231.1902 406.1379
229.0802 408.8479
229.4902 411.8879
228.6202 413.0579
226.4802 413.9779
225.4402 414.8179
224.7002 417.1579
222.8902 419.3579
217.6402 419.9079
214.2202 420.6779
209.3202 419.9979
205.8802 421.0079
204.6502 420.8679
202.3702 417.7079
198.7602 417.4879
195.4102 418.1079
193.1002 417.6479
191.9402 417.9279
189.6802 417.3979
187.5202 417.6479
185.3202 417.2279
182.8202 416.2379
181.1002 416.1379
179.0702 416.1779
178.1602 416.6479
177.0202 416.4179
174.9302 416.7079
173.4502 417.9279
172.4802 417.9579
171.4802 419.0079
170.5002 419.4079
169.7502 420.3679
169.7502 420.3679
172.3602 422.6479
172.6602 423.6979
172.0602 427.2279
171.3702 428.3479
170.2202 429.1879
170.1102 430.2479
173.5502 433.2779
172.9902 435.6779
170.1002 437.7679
171.6602 438.3779
173.4002 438.0579
176.1902 438.5679
176.4402 441.6779
176.9202 443.2579
178.3002 444.5979
179.8102 445.1379
182.2202 445.1079
183.1502 445.5179
184.5602 446.8879
186.2802 446.9879
188.2602 448.4079
188.8802 448.3879
190.0902 447.5079
191.0202 447.4779
191.9502 447.8379
194.4102 447.7479
196.0902 448.8579
196.5002 451.8179
195.9302 455.3079
196.7402 457.5079
197.3202 462.1979
199.1302 467.8779
200.5902 470.1279
199.5202 472.5779
197.0602 472.7379
195.9802 473.4679
194.6102 476.3379
197.8702 480.9579
197.6102 483.1779
204.0002 484.7579
205.3202 486.2979
204.6402 487.2579
204.9602 488.6579
204.3502 489.4179
204.6102 491.4579

Moxico
433
370.9202 334.1179
373.7402 334.9979
374.5802 336.2279
375.4502 336.7279
376.7602 336.7879
380.0402 335.9779
381.1502 336.2479
382.6802 337.4379
384.3102 337.8579
386.2302 339.4279
388.3602 341.4279
389.1802 343.3779
390.7102 344.2179
392.4402 344.1279
394.4202 342.6579
397.3102 341.4279
400.6302 342.2179
401.4402 343.4779
403.1502 344.3279
403.8302 343.6279
404.8702 343.6179
405.8502 341.8579
407.0202 341.7479
407.9902 342.1479
409.0502 343.8579
410.6702 343.5179
412.1202 344.0679
414.0802 342.7079
415.7102 342.7179
418.8602 346.4379
419.9202 346.6979
420.5802 345.9779
422.0902 345.3679
422.6702 344.5779
423.1502 344.3679
424.1902 344.6379
425.6002 344.0079
426.5202 342.8579
427.7402 342.7479
428.6302 342.2579
429.9102 343.0379
431.0202 343.1379
433.6302 341.6679
435.3702 339.9679
436.8602 339.4079
437.9002 339.7379
438.4502 339.5679
439.2702 338.3179
440.6802 337.6579
441.8602 337.7779
444.2902 336.1179
445.1702 336.4879
446.3502 336.3379
447.3602 334.6179
448.8502 335.0179
450.1602 334.2579
452.0902 333.7979
453.9302 333.9479
454.7502 333.4179
455.6902 333.7979
460.9102 332.9079
461.8802 333.3079
462.2302 334.1979
461.7102 335.0579
461.5502 336.2679
462.6302 336.4079
464.7102 337.7979
465.6702 337.4479
467.5802 338.1579
468.8702 340.3279
469.8702 340.6179
470.8502 341.6179
470.8802 342.5479
471.4402 343.1779
474.3402 343.6179
477.5102 345.2979
479.7202 345.6079
479.7202 345.9979
480.6902 346.6079
481.6902 346.4279
482.6202 346.8779
483.6002 346.7679
484.5402 348.5079
485.9502 348.2679
486.1302 348.7779
486.7002 348.0579
488.8802 347.7379
489.5802 348.3479
491.6102 348.7879
491.8202 349.2779
494.5602 349.9879
494.7102 351.9679
494.3302 352.8979
494.6402 353.8979
493.5702 353.9679
492.2002 356.6879
492.2702 357.3079
492.9002 358.0579
493.2302 362.3079
495.1102 364.5079
496.8102 365.5979
496.7102 368.6879
497.2702 371.5579
498.6002 374.3679
499.9202 375.7679
502.8902 376.0079
504.3402 375.3779
511.4802 375.5679
513.6602 377.5179
514.6602 377.1979
516.4902 377.3679
519.0802 376.6479
520.7802 375.5779
523.0602 375.5479
525.0802 376.3979
525.0802 376.3979
524.9602 373.0279
525.4602 372.3379
525.9502 369.8079
525.6302 368.2279
524.3402 367.2479
522.6202 367.0779
520.8902 366.2279
518.3802 364.2579
518.0602 363.1279
518.4402 361.4979
519.6302 359.6179
519.6702 356.9779
520.3202 355.1079
520.3602 351.6679
522.4702 348.5979
522.7802 347.1379
522.2402 345.5479
523.1902 344.4179
524.2502 344.6979
525.9602 346.5379
526.7902 348.0679
531.0202 348.1479
533.8702 350.8679
534.0202 351.9879
533.5802 353.4579
534.0002 354.3079
534.6202 354.7679
537.1902 355.3579
538.3302 355.0879
541.6902 352.7579
545.1302 351.3879
548.5902 351.3179
549.4402 352.7279
550.5502 352.8379
552.2302 353.7879
554.0302 352.8179
556.7302 351.9779
559.4702 351.8779
562.9102 350.6879
566.2702 352.2279
568.7902 351.7779
573.0202 355.3279
580.2402 359.9679
583.7002 359.5579
585.4102 358.8979
587.6302 357.2179
589.7802 357.3479
591.9102 356.4679
593.6702 356.4879
595.5202 357.2679
598.9702 355.4879
600.7802 355.4979
601.7802 356.0079
602.6302 357.4679
605.3402 359.1279
606.1202 359.9479
607.0702 362.0279
607.8602 362.2879
607.4102 361.1979
608.8402 359.9279
609.0702 359.4879
608.8202 358.8479
609.3302 358.4079
608.6402 354.4079
608.9902 352.1079
608.3502 350.8179
609.6302 349.9779
609.8002 349.4079
609.9002 343.1279
611.0402 341.2179
612.1202 337.0179
611.5702 335.9879
610.3602 335.5279
609.6002 334.6679
609.3802 333.4279
609.8702 330.7079
608.2402 327.7079
607.6202 325.0679
606.6502 324.1279
607.8402 321.3579
607.9802 319.5079
609.2902 315.7779
609.0702 315.1779
608.2002 314.5379
607.5802 311.7879
607.2402 301.3079
607.3702 299.1679
608.7702 296.0879
611.4602 293.5979
611.2402 293.0679
611.6802 291.6779
610.7002 290.4779
611.7302 289.6879
611.9202 288.5279
611.6602 286.0779
609.3702 284.3579
608.6802 282.7979
607.8602 282.3479
607.6402 281.4879
606.6602 281.0979
606.4602 280.1979
605.8902 279.5279
606.1102 276.3379
604.6402 273.7479
604.7802 271.5879
603.7902 269.1079
603.3202 265.0779
603.3902 264.4879
604.4102 263.6879
604.6702 262.9979
606.9502 261.8279
609.3202 259.3979
610.0602 257.1879
509.4702 256.4779
509.4602  96.0479
509.4602  96.0479
507.7702  97.6579
501.1002 101.4179
500.8202 103.1879
500.1302 103.8979
500.2402 105.0879
498.6602 106.3479
497.9202 107.7179
497.7302 109.3179
497.0202 109.9879
495.8002 109.9879
495.4402 110.3379
495.4402 111.4979
494.9902 112.4779
495.3202 113.3879
493.5002 114.3979
492.2002 114.4379
490.0602 116.5079
488.7402 120.0679
487.1702 121.2979
487.4602 123.4579
485.8502 124.6879
484.9802 126.5879
484.5702 126.8979
483.4002 126.9079
482.7002 127.6379
482.4702 128.7579
482.7602 131.9179
481.9302 133.8879
480.9902 134.3079
480.4302 135.1079
478.0402 135.4379
476.5402 136.7579
475.4302 137.0579
473.7402 138.9079
472.2702 143.6579
470.5502 144.7079
468.1702 144.5479
467.5202 145.4279
467.9102 147.0279
467.4602 147.1279
466.5802 146.5779
465.5702 146.9779
464.3102 149.1979
463.0702 150.1179
460.9002 152.8079
458.3602 153.4879
457.1402 154.3279
456.6202 155.2479
455.7002 154.8279
454.4902 154.8079
452.6802 156.4879
451.5202 156.4979
451.0702 155.5579
450.5302 155.3879
445.8102 156.3579
444.8802 157.5179
443.9102 157.8779
442.0102 156.9779
440.3602 157.3479
438.0102 156.2179
435.2502 156.8679
432.3302 155.6679
427.8302 156.7279
424.0502 156.3679
421.2602 157.8479
419.0302 158.3579
414.9602 160.5979
413.4802 162.5979
411.4902 164.0479
410.0902 166.4579
408.9402 166.7479
408.4602 167.5779
407.4302 167.2379
406.9102 167.4279
406.8802 168.6779
405.7802 168.6179
405.1202 170.1079
401.8202 172.3779
401.4802 173.2879
400.3002 174.2279
399.8702 175.1479
398.4002 175.8179
397.9602 177.3879
395.7502 178.6379
394.1802 182.6079
392.6602 183.8779
392.1002 186.7979
389.4402 188.9779
388.4902 191.4879
387.7602 192.3079
382.0502 191.1279
379.8702 191.8379
378.2702 191.5779
377.0702 191.8379
374.9002 193.6679
373.7502 194.0979
372.6702 193.7379
370.0302 192.3079
370.1102 190.1579
371.7802 184.2279
364.8102 187.9879
363.6502 187.9079
358.7402 186.0279
358.2402 185.9679
356.8402 186.9479
356.2702 186.9379
356.3602 187.5579
355.2802 188.6479
355.2602 189.5079
354.1302 190.5779
354.0502 192.1679
353.1002 192.7079
351.9502 195.0879
351.7302 196.7579
352.2002 197.7479
350.7502 201.6279
351.2702 203.1779
351.0702 203.6679
348.6002 207.2079
348.2502 208.9079
347.3902 210.1379
345.1802 211.4779
344.8202 212.8379
343.9902 213.4779
343.2202 213.2079
342.5302 214.0479
340.4902 215.3679
339.6702 216.4579
338.5602 216.8779
336.2502 216.0079
335.1202 216.4179
330.4002 219.8779
328.1402 221.0279
324.8302 220.2779
323.6802 220.3379
310.0502 228.2079
310.0502 228.2079
309.9602 229.2879
309.3602 230.4079
311.0702 233.1779
310.6902 234.5779
309.1502 236.8579
312.4402 239.7379
316.3302 241.1179
316.6502 242.1979
316.3802 244.5479
313.8102 249.1179
315.6302 251.4079
314.9902 252.7679
318.4902 254.3379
318.9402 256.5479
320.0402 257.6279
321.2702 257.9879
321.7102 259.1179
321.5402 260.1979
319.6602 263.6879
319.6402 264.9979
320.8502 266.0579
321.5202 264.9379
325.2902 268.5679
327.5602 269.7879
327.9602 270.8479
327.4502 273.1979
331.3702 277.4579
333.0002 279.7179
333.3302 280.8879
332.9202 283.2679
333.9002 284.3179
338.9802 289.0379
341.6802 289.4379
342.9002 290.4279
343.7602 291.9779
345.0002 292.8879
347.6402 293.3979
348.5102 294.4579
348.8402 295.7679
347.7902 296.7179
347.8302 297.8779
354.2602 303.6479
355.2102 304.9079
355.3402 306.7579
353.8902 309.1979
353.7002 310.5179
354.1602 311.7179
355.1202 313.0079
356.2002 313.5779
356.9702 316.8779
357.7702 318.0279
359.0202 317.4679
360.1902 317.5579
360.9102 318.6779
360.7102 319.7479
359.6502 320.6979
359.4502 321.7679
360.5402 322.3379
363.9602 322.4879
365.0502 323.5779
365.4702 324.6679
365.8202 329.0479
366.3102 330.1079
368.5502 332.2679

Namibe
14
  1.7902  78.9779
  2.5702  78.8179
  2.7102  78.3179
  2.6702  76.4879
  2.9402  76.0179
  2.5202  75.0979
  3.1202  73.8379
  3.0802  70.9279
  3.5702  70.1479
  3.6502  68.5379
  2.3202  69.8279
  0.2502  75.5079
  0.2602  77.5379
  0.9702  78.5179

Namibe
308
 43.4202 230.1279
 46.8502 230.0979
 49.1002 229.2279
 52.6102 228.8979
 54.8702 227.7979
 57.4102 227.7479
 59.5002 225.8779
 60.5702 225.4279
 64.8502 227.4079
 68.5002 228.4279
 69.3502 230.7279
 70.5702 230.9279
 72.8002 229.8479
 76.5502 229.5479
 79.9002 228.5579
 81.0002 227.9379
 81.3102 226.7479
 80.1902 224.3979
 79.9702 223.2179
 80.3102 222.1379
 83.1002 218.5979
 84.6202 215.0079
 85.8102 214.2479
 88.0202 215.5179
 89.2702 215.2679
 91.4302 213.9479
 92.5002 213.7079
 93.9102 214.0179
 93.9102 214.0179
 94.8002 211.2879
 96.9502 209.8279
 97.3002 208.6379
 96.9802 207.4979
 94.8002 203.9279
 94.3602 202.3479
 95.5502 199.9879
 96.2302 197.5779
 95.4202 195.0279
 95.9002 193.8079
 97.0602 193.0079
 98.1702 193.5979
 99.3302 193.0779
 98.9302 190.5979
 99.4202 188.3879
 99.6102 184.1779
 96.8702 180.4379
 96.6002 175.6479
 94.1302 169.8579
 91.2002 167.8379
 87.5002 166.2079
 83.9102 163.4079
 82.9602 162.1379
 80.5902 161.7779
 78.5902 159.6079
 78.5902 158.2079
 79.8302 154.6179
 77.7902 152.2079
 77.4302 150.9679
 80.3502 147.5279
 79.9702 146.3279
 76.2902 144.2179
 76.3802 143.0279
 77.5002 142.0079
 79.8802 142.6579
 81.3002 142.3779
 81.4902 140.7279
 81.1302 139.3879
 82.1702 138.1279
 83.3302 138.2279
 84.5502 139.0579
 85.0702 140.1279
 86.4402 139.7979
 87.2002 137.4679
 86.5502 135.0079
 87.2902 133.8679
 89.6402 132.0179
 93.3902 130.6079
 93.0802 118.4379
 93.3202 117.3179
 95.7002 113.6679
 91.8402 106.7779
 90.0002 102.1179
 90.4902  99.8179
 92.4802  96.1579
 92.4102  95.0679
 91.3102  94.0179
 90.8802  92.9079
 89.5902  92.2079
 89.5902  92.2079
 85.5902  87.6379
 84.6502  87.5679
 83.2002  86.2179
 82.6502  86.9279
 81.8702  85.3779
 80.3102  85.2879
 79.2002  83.5679
 77.7202  83.3679
 76.9302  82.7579
 75.8002  81.0079
 77.8102  79.0879
 78.5202  77.9379
 78.7502  76.7879
 76.9802  74.2479
 75.7402  73.4079
 74.6202  73.2679
 73.4802  72.1579
 72.4802  69.8679
 72.8602  68.6279
 73.8702  67.3579
 81.0102  60.2379
 82.3502  57.7279
 82.5502  55.1179
 83.0202  55.0279
 83.0202  55.0279
 80.0202  54.4579
 79.1202  53.9379
 77.0302  54.6679
 75.9502  54.5779
 75.4102  55.5979
 74.9002  55.3079
 72.8602  55.7879
 70.5402  54.8679
 69.1202  55.0879
 65.0102  54.5679
 63.1602  52.8279
 61.8002  52.6779
 60.7502  51.5679
 59.7102  51.3879
 59.4802  50.4179
 58.0802  49.4979
 57.0902  49.3079
 56.2602  47.8379
 54.8702  47.5279
 51.5402  45.0979
 50.9502  45.2079
 48.7802  44.2579
 46.8102  43.0179
 46.2802  41.9179
 45.1302  41.9379
 44.4302  41.3179
 43.5802  41.4379
 42.6302  40.9879
 41.0802  40.9979
 40.6002  41.3479
 38.7702  40.1879
 38.2102  40.4179
 37.9802  42.6279
 37.5402  42.9979
 36.5402  43.1279
 36.1902  42.4379
 35.6102  42.4679
 35.1002  41.9179
 33.9702  42.4879
 30.9002  41.4879
 29.9302  41.8479
 28.8702  41.5879
 25.8202  43.6079
 24.8102  45.5879
 23.4202  45.3279
 21.9502  45.5679
 20.6502  46.3279
 19.7902  45.7379
 18.8502  45.9179
 16.6602  44.9479
 13.9702  44.3879
 11.9002  43.1879
 10.7202  41.8679
  9.5702  41.3979
  8.4302  41.6379
  7.6202  40.2579
  7.1702  40.0779
  6.1002  40.0479
  4.2302  40.9779
  4.2402  52.2179
  4.7702  56.8579
  5.7202  60.0279
  5.1702  65.1279
  5.9902  65.7579
  5.7702  65.2979
  6.2002  65.2579
  5.8402  64.8979
  5.5302  62.8679
  6.1002  62.9279
  6.8302  63.7679
  7.1702  64.9779
  7.7202  68.7179
  7.3602  70.0979
  7.5102  70.2779
  7.7402  70.3679
  7.7502  72.2579
  7.3102  72.9579
  7.7402  73.3679
  7.3302  74.5279
  7.5802  74.5979
  7.9102  81.6579
  6.1002  98.1579
  6.0902 100.1979
  6.8702 103.7779
  5.6702 106.3279
  3.4702 109.5379
  3.2502 111.1879
  4.1802 113.9479
  5.5202 115.8979
  5.9202 116.0079
  5.9102 115.5879
  6.4402 115.3579
  8.1302 116.0379
  9.3502 116.0079
  9.2302 115.6979
  8.1202 115.9279
  7.1202 115.4579
  7.1802 115.1279
  7.8902 114.8879
  9.0802 114.9979
 10.7002 115.8479
 11.3602 117.4179
 12.0502 117.8279
 12.8702 121.3379
 14.8402 122.2279
 16.2502 123.6379
 16.7002 125.5979
 17.4502 126.8379
 18.0002 130.9879
 17.9602 135.6079
 18.6002 137.8379
 19.1102 138.3579
 19.1902 143.8479
 21.0102 145.4679
 21.7102 145.4779
 22.6802 146.2479
 23.4302 145.6979
 24.0502 146.3879
 24.2002 147.5179
 23.5402 149.1379
 23.2102 149.3179
 22.8002 148.7679
 21.9902 148.7979
 22.2802 150.0979
 22.7302 151.4379
 23.2602 151.8479
 23.7802 153.6379
 24.8202 154.6079
 24.5502 156.4579
 24.9202 157.7279
 25.9902 158.2779
 26.5502 160.7379
 27.0802 160.9379
 26.9202 163.3579
 27.4102 164.0179
 28.7202 164.3679
 29.5302 166.6479
 30.6402 168.1079
 30.5202 169.5479
 29.8402 170.9379
 31.0602 172.4679
 30.8502 174.4379
 31.2902 175.1279
 31.6302 177.2979
 32.1902 180.5279
 33.0302 182.2679
 33.0902 183.6479
 33.5602 183.7579
 34.1802 187.7879
 33.8502 189.1879
 34.6902 190.4679
 34.4302 191.3779
 34.7002 191.7679
 33.9502 192.6979
 33.9902 193.9479
 32.9902 195.3679
 32.8402 196.5479
 32.8802 197.0279
 33.4402 196.7479
 34.3202 197.1579
 34.7902 198.4379
 33.9002 201.1479
 34.3002 203.2979
 35.0902 203.6479
 35.8302 204.6279
 36.2702 207.3779
 36.0102 207.5179
 36.0902 208.4479
 36.5702 208.8079
 36.7502 208.4879
 37.4902 209.2479
 37.0802 211.4379
 37.2702 212.4579
 40.8402 212.9879
 40.4802 212.3379
 41.6902 212.2379
 42.5502 214.0079
 42.0802 214.2079
 42.1802 215.8879
 42.4402 217.1379
 42.2102 218.1279
 42.7202 219.0679
 42.4302 219.2779
 42.8502 221.7579
 42.6402 222.6979
 43.0802 224.6679
 42.5102 225.0079
 42.5702 225.8879
 42.8002 226.5479
 43.6502 227.0679
 43.6402 227.9679
 43.8302 228.6979
 43.2702 228.8979
 43.0802 229.4279

Uíge
257
232.6602 611.0479
233.6102 610.0679
235.5202 609.6879
238.8902 610.5579
243.2302 608.5779
243.2802 607.4179
242.7102 606.2079
242.8302 605.6379
243.5502 605.3179
243.1602 604.4779
243.6302 602.5679
243.2002 601.6779
243.3702 601.3479
244.6302 601.5579
244.8702 601.2279
244.4902 600.8679
243.6402 600.8579
243.5802 600.3479
245.4102 599.7979
245.6702 599.3079
245.4902 598.2979
246.1802 598.4479
246.7302 597.7779
247.6702 597.6979
249.2402 596.3979
249.2202 595.7079
249.7002 595.0179
248.6902 592.9679
249.0902 591.7879
248.6402 590.2479
249.4102 587.6179
248.9602 586.7679
247.6802 587.0579
247.6002 586.6279
248.3402 586.0079
247.7202 584.5879
249.0702 584.3779
249.7702 583.6079
248.7302 582.5879
249.8802 581.2179
249.5202 579.8979
251.2802 578.5379
250.6002 576.6879
250.7102 576.0379
251.9502 575.3079
252.8002 570.9379
253.1602 570.1179
254.6302 569.3179
254.9202 566.5579
256.6402 564.8879
256.8702 562.8379
257.8102 562.2779
258.8002 562.5379
260.0302 561.4579
259.8602 559.4679
260.3602 558.7079
259.9502 556.9479
260.5102 556.2279
261.6302 555.9679
262.1202 554.1279
261.1802 551.4079
260.4502 551.5679
260.1802 552.2479
259.4602 551.8979
259.4202 551.1179
260.5402 549.0479
260.6802 547.7479
261.5102 546.8779
260.7402 545.9679
260.6902 545.2379
262.4102 543.8879
263.1602 542.2779
263.2402 540.4679
264.4702 540.5779
265.2002 539.4279
266.1602 539.1179
266.7402 538.3579
268.3702 538.1879
268.7102 537.6279
268.6102 535.9579
268.6102 535.9579
267.6602 536.5479
266.1302 536.3879
264.9202 535.8679
262.6002 533.9679
261.7902 532.9079
261.7302 529.3079
261.0402 527.1379
259.8002 526.0779
257.6002 525.4679
254.3102 526.1179
252.1402 527.9679
248.2002 533.6379
247.1602 534.5879
245.7702 538.2379
244.6602 539.0779
242.5002 539.4979
233.3002 536.0979
231.2002 534.5579
230.0902 532.2679
227.7302 528.9279
226.4902 528.2179
225.3502 528.0379
224.3202 526.8679
223.1202 526.4079
220.9402 526.7279
219.4302 526.5379
216.5702 525.1379
216.5502 522.6179
219.7802 513.1679
220.6002 508.2879
220.5102 507.1379
219.0902 505.0279
218.9302 502.2079
218.2602 499.9479
216.3102 497.8079
215.2302 497.2179
212.9002 497.3479
211.6602 496.7679
210.7502 495.5279
209.5002 494.6779
204.0702 495.4679
204.0702 495.4679
203.8302 500.2479
203.1602 500.9479
202.6402 500.8479
202.3902 500.3879
201.8402 500.5379
201.2002 502.3479
201.1902 502.8779
202.6202 503.1379
202.6102 503.5779
200.8402 504.5379
199.8402 505.6279
195.3102 505.5579
193.5602 503.9079
190.6602 502.9979
188.9302 503.1079
187.1802 503.8479
186.7702 505.4979
186.9102 507.1379
186.0902 508.3779
184.6402 509.1579
178.6602 509.0079
174.1602 507.9379
174.5502 505.3379
173.5102 503.6579
173.3502 502.4079
173.6702 502.0679
174.6402 502.4079
175.7102 501.3679
175.6602 500.7879
174.5902 499.1479
174.5402 496.0579
174.1302 495.8579
173.6902 494.5679
172.7602 494.4279
172.4202 493.3879
171.1202 493.2779
170.4602 491.1879
167.7402 491.5079
165.1702 490.2779
162.6802 491.9079
160.1602 492.1479
158.4002 490.4879
157.8802 488.5979
155.9402 486.4379
153.5502 485.4779
151.7902 485.6279
149.8602 486.4779
148.0302 486.1679
147.3902 488.1179
147.3902 488.1179
146.5002 490.8879
146.5602 493.4279
147.2002 495.7279
150.2402 500.3079
150.5602 501.4179
150.3802 504.7179
151.0002 509.4579
150.7502 510.7379
149.6102 511.6879
147.2102 511.9879
139.9002 510.4479
136.4302 510.7879
134.0302 512.2179
131.7002 512.8679
130.6002 513.6479
126.7802 518.4479
125.6802 519.2279
124.8602 520.3679
123.7902 520.7479
122.7202 521.6879
122.7502 522.7779
121.7902 523.9079
120.7102 524.2579
118.5702 524.0579
114.0102 524.4479
112.8802 524.0579
110.7102 524.3379
108.4902 524.1379
106.4302 524.6779
106.4302 524.6779
107.4802 527.7779
108.9202 528.3679
111.0702 528.4979
112.6202 530.3579
113.1102 530.2779
113.5602 531.1479
112.9202 532.2479
110.8202 533.6079
110.2702 534.7079
110.2702 535.7879
108.3102 537.7579
108.2402 538.9779
109.0602 541.1979
112.0202 544.5579
112.1902 545.7479
110.0402 547.1679
108.0702 549.2179
106.9302 553.8679
105.3902 556.3179
105.9902 556.8379
107.7702 557.0879
110.0402 557.0179
110.4802 556.7279
112.1202 556.9879
116.5102 560.7579
122.4102 562.3079
124.8702 563.8979
126.9602 564.4479
127.9402 566.9179
128.8302 568.0479
128.9902 569.1179
131.8702 570.9979
132.9202 571.2779
136.4602 570.8979
139.7702 572.3679
141.8102 574.9579
145.2502 574.8179
148.6702 575.4779
153.4902 577.4379
159.0502 586.2379
161.0102 587.7479
163.6502 591.3979
159.8602 593.9579
159.0002 595.0379
158.9602 598.9179
158.3402 601.1979
157.1202 603.4579
153.0902 608.8779
152.6402 610.4179
152.6402 610.4179
170.2202 610.8979
190.2902 610.6379
197.4002 610.9679
206.6102 610.4479

Zaire
11
 32.8202 600.7679
 32.2902 599.3079
 31.0902 599.2079
 31.7102 599.0179
 32.1602 598.9779
 31.8502 597.6279
 31.6002 597.2579
 30.9002 597.4879
 30.2002 596.9979
 29.9302 597.7879
 30.0702 599.1879

Zaire
148
114.3902 612.3679
116.9502 610.2679
118.9602 611.1579
123.1502 611.0279
123.8002 611.3779
126.4802 610.0179
129.6202 610.3579
133.1102 609.6779
137.6802 609.4279
140.1702 609.9579
144.4102 608.9779
149.5302 610.4179
152.6402 610.4079
152.6402 610.4079
153.0902 608.8579
157.1202 603.4379
158.3402 601.1779
158.9702 598.8879
159.0102 595.0179
159.8602 593.9379
163.6502 591.3779
161.0102 587.7179
159.0502 586.2079
153.4902 577.4079
148.6702 575.4479
145.2502 574.7879
141.8102 574.9279
139.7602 572.3379
136.4502 570.8679
132.9202 571.2479
131.8702 570.9579
128.9902 569.0779
128.8302 568.0079
127.9402 566.8679
126.9602 564.3979
124.8702 563.8479
122.4102 562.2579
116.5102 560.7079
112.1202 556.9379
110.4802 556.6779
110.0402 556.9679
107.7702 557.0379
105.9902 556.7879
105.3902 556.2679
106.9302 553.8179
108.0702 549.1779
110.0402 547.1179
112.1902 545.7079
112.0202 544.5179
109.0602 541.1579
108.2502 538.9379
108.3202 537.7179
110.2802 535.7579
110.2802 534.6779
110.8302 533.5779
112.9302 532.2179
113.5702 531.1179
113.1202 530.2379
112.6302 530.3179
111.0802 528.4679
108.9402 528.3279
107.5002 527.7379
106.4502 524.6379
106.4502 524.6379
101.7402 521.9079
100.5802 521.7979
 99.6402 522.2079
 98.1402 521.8379
 96.6702 520.5679
 95.7202 520.6679
 94.8902 520.1179
 92.2402 519.7579
 91.0802 518.8779
 88.7602 518.8779
 86.5002 520.7479
 85.4902 521.0879
 81.2302 519.9079
 80.1602 518.2879
 78.2702 519.0179
 76.5202 517.3579
 74.6002 516.5579
 70.1302 515.6779
 70.1302 515.6779
 69.0902 517.1979
 68.7302 519.3179
 68.6802 519.7379
 67.1202 522.7679
 66.7802 524.4379
 65.6902 525.6779
 66.1802 526.8579
 65.1502 527.8879
 63.3802 532.5579
 62.6102 533.8779
 61.5302 538.7379
 58.5602 541.9579
 58.4102 543.1279
 58.7402 544.2679
 58.4302 545.1179
 58.0602 547.7679
 58.4202 549.7979
 57.3202 553.8779
 57.4002 555.5879
 56.2202 557.4279
 56.1402 557.8079
 53.8902 560.3979
 53.3002 561.8779
 44.2202 571.8479
 43.8802 573.3679
 41.2002 577.4179
 35.9802 588.5879
 30.5802 596.4679
 31.1702 596.4379
 31.7202 596.8979
 32.2902 597.8779
 33.2602 597.6179
 33.4802 597.7579
 32.3902 598.1679
 32.5002 598.6979
 33.8102 598.5279
 34.9602 599.0579
 36.4502 598.7279
 36.4902 598.7779
 36.1802 599.1179
 37.7802 599.4279
 38.8502 599.0579
 39.3302 598.7879
 38.8402 600.5479
 43.2302 601.7779
 47.1102 603.6279
 50.9902 604.0179
 53.6602 605.6079
 57.2402 605.8679
 60.5902 607.1179
 67.1802 610.7279
 69.7202 610.7579
 70.8602 609.6979
 71.8502 609.3679
 74.8802 610.6479
 78.0202 611.1279
 83.5102 609.3779
 84.6302 610.5979
 85.3202 610.8679
 90.8002 610.9479
 92.8502 610.4479
 94.0602 610.6879
106.7002 610.6379
109.9402 611.6079
112.7302 611.4779

