443 416

Northern_Territory
310
195.5422 387.7206
195.5422 388.0806
196.1622 388.8706
194.6622 389.8806
195.0022 390.6706
195.4222 390.8806
196.9522 390.8306
197.0522 391.1806
196.9422 392.1306
196.6422 392.7206
196.9222 393.1306
197.8922 393.0806
198.9722 392.3806
200.3922 392.3106
201.3922 391.5906
202.0022 391.5006
206.7622 391.8206
208.1822 391.3706
209.9322 392.5706
211.4222 392.5406
212.0322 391.3806
211.6622 390.5806
212.2522 391.1806
212.3322 391.4406
212.1122 392.7306
212.3222 393.1206
213.7722 393.6406
214.9122 393.2206
215.6322 393.2806
215.2122 393.3306
214.4422 393.9006
214.3222 394.4106
214.4022 397.5806
215.0122 398.5406
213.3722 399.7606
212.8222 400.5406
212.3722 400.8206
211.5522 400.9706
210.0022 400.7106
208.6622 399.9906
208.4522 400.0106
207.4022 401.0606
207.1922 401.7806
206.0522 402.3906
205.0322 402.3006
204.9622 402.4206
206.1522 403.8406
207.3522 404.3906
208.5022 403.2606
209.3222 401.3206
209.7422 401.2806
210.0722 401.8806
209.6022 403.3406
209.1022 404.2406
209.4822 404.3306
210.5122 403.9806
211.2122 404.3506
212.9822 402.8706
213.0922 402.3906
214.8122 400.1906
215.4022 400.0606
215.9022 400.4506
217.0122 402.1106
217.4822 402.0706
218.3322 401.1606
219.9622 398.2106
220.3622 397.8906
221.1022 397.6706
221.7122 398.0806
222.2522 398.0806
222.8022 397.2806
224.3422 396.6306
225.0822 396.6106
225.6122 396.7806
226.6622 397.3506
227.0622 397.8906
228.2422 397.6906
228.3622 397.3506
227.6122 396.9206
227.4422 396.6606
227.4922 396.3906
227.8322 396.0706
228.6122 395.7406
229.2122 396.0206
229.5322 396.4406
229.7822 396.4806
231.2522 395.3606
231.1222 395.1506
231.2722 394.2606
231.4822 394.0906
233.2522 394.3506
233.8122 394.1206
234.8422 394.0306
235.7422 394.1406
236.5422 394.7506
237.6122 394.8106
238.6922 393.3106
240.0622 392.6006
241.0022 391.8206
242.1822 391.7106
242.6022 391.5206
242.5422 391.7306
242.9822 392.8706
243.6522 393.5406
244.2122 393.7806
244.8422 393.5006
246.4522 393.6906
247.2822 394.3606
247.0322 394.5006
246.4122 394.1306
246.3022 394.4006
246.5322 395.2306
247.5322 395.5006
248.2722 395.4806
249.6522 396.5806
249.6122 397.3506
250.0122 397.3406
250.3822 396.9106
250.0522 396.3806
248.2022 394.8106
248.6622 394.2706
247.4122 392.9906
247.3622 392.6406
247.5722 392.1206
248.0822 391.6406
248.6322 391.8806
248.7922 392.3306
249.6822 393.0606
251.1922 393.5006
250.2722 392.3406
250.6422 391.7806
251.4422 392.1506
251.6322 391.8206
250.7622 390.5606
251.0622 389.8206
251.3822 389.5206
251.8322 389.8106
252.6522 389.9006
252.8022 389.6406
253.5522 389.7106
254.1322 390.1606
254.8922 392.0906
254.6022 392.4706
253.5722 392.3406
252.9122 392.6206
252.8622 392.8906
253.9922 394.0106
255.8322 395.2406
257.0422 395.4606
256.7922 394.6306
257.4722 392.7206
258.2422 391.6006
258.7322 391.6106
259.1522 391.9106
259.1222 392.1506
258.4122 392.4106
258.4722 392.6206
259.3522 392.8406
260.4522 392.2806
261.5622 390.7806
259.6722 389.4606
259.0322 388.7206
257.9322 386.9506
257.6822 385.6106
256.3122 386.1206
256.2022 385.3806
256.8722 384.1406
256.8622 383.0706
256.6822 382.0206
255.9222 380.8806
255.8222 381.2306
254.9422 380.9306
254.9822 382.9006
254.8122 383.0706
254.4722 382.9906
254.0422 381.8306
253.1122 381.0206
252.6722 380.9906
252.5222 381.4206
251.9922 381.6306
250.8622 381.1906
250.1422 380.6006
249.7522 379.9306
249.7822 379.6206
250.2222 379.2806
249.9322 378.6306
249.4522 378.2306
249.2522 376.9806
249.7222 375.5906
250.1422 375.3606
250.7422 375.5106
251.2122 376.0406
251.1522 375.2106
250.8122 374.0506
250.1222 372.9906
249.8222 370.9806
249.5222 370.4006
248.2622 369.5506
246.8322 367.7006
245.9522 366.1806
245.9322 365.3706
244.5722 364.4506
244.1322 364.4606
244.8022 362.5206
245.2622 361.8306
245.9822 361.2206
247.3722 360.7206
249.3422 359.4606
250.3522 358.5406
253.2622 357.0306
253.5722 356.7606
253.8322 355.3906
254.4322 354.6906
257.1322 353.4006
258.2422 352.4806
259.2522 351.3806
262.1222 351.2606
263.2722 350.6606
265.7922 348.8706
267.0822 348.3206
267.6822 348.3406
268.8022 347.9706
269.7922 347.4806
271.1122 345.3806
272.6522 344.0706
272.6522 344.0706
272.6522 234.5206
272.6522 234.5206
199.1922 234.5106
199.1922 234.5106
184.7222 234.5206
184.7222 234.5206
175.0122 234.4506
175.0122 234.4506
174.9522 336.0506
174.9522 336.0506
174.9522 357.0406
174.9522 357.0406
174.9522 362.9406
174.9522 362.9406
175.9222 362.6206
176.9622 361.7206
176.8422 359.6806
177.0222 359.4606
177.7322 360.3406
177.3222 363.0506
177.4422 363.3006
178.5622 362.9906
179.9622 362.2806
182.2022 359.7806
182.2922 359.2406
182.8922 359.4706
182.1522 360.4406
181.7522 361.2706
181.6122 362.1006
181.8522 362.5706
181.9722 363.3206
183.6422 363.0306
184.3322 363.2606
185.2022 364.1006
183.2622 363.4906
182.2822 364.1206
181.5022 365.1406
181.3222 365.6606
181.7222 365.8606
182.5822 365.9506
183.2922 366.4506
183.3322 366.6906
182.1122 366.2806
180.8122 366.5206
179.8922 367.0506
178.8422 368.0506
178.9722 368.9406
179.6222 370.1806
180.2922 371.0706
182.9022 372.7106
183.4922 375.4906
183.4322 376.0006
183.9422 378.0106
184.7122 378.8106
184.8122 378.1106
185.1922 377.8906
186.2422 378.0806
187.5722 378.9806
188.6622 380.1306
188.5522 380.5406
187.8722 381.4706
187.5022 381.7806
187.1322 381.8606
187.0422 382.1006
187.1422 384.0606
187.3222 384.5506
187.7722 384.7506
187.9222 384.4706
188.2422 384.3206
188.6522 384.4106
189.3522 384.9106
189.6322 385.5206
189.5322 386.9906
189.6422 387.3606
191.3222 388.1106
192.3222 386.9706
193.2822 387.0406
192.3622 387.3106
192.0522 388.4806
192.3422 389.1906
192.4222 390.0706
192.0922 390.3206
192.6222 390.5406
194.1622 390.0506

Northern_Territory
28
196.2222 395.4606
195.1622 396.3406
193.1722 397.1606
191.1722 398.7306
190.3622 400.8606
189.7822 403.0106
189.8622 403.8206
190.0922 404.0006
191.6022 402.6806
192.0522 401.9506
193.4822 401.5006
195.0022 401.8606
195.5922 402.4106
196.7322 401.9206
198.0022 402.9006
198.3322 402.9306
198.5522 402.1806
199.1122 401.3806
199.1622 401.6606
198.7922 402.5906
198.9222 403.1406
199.6422 403.7106
201.2322 403.0706
202.4322 401.4906
202.5222 400.6606
199.7522 397.7506
199.4022 397.7006
198.0622 396.8406

Northern_Territory
33
260.8122 370.6506
260.9822 370.9306
261.4522 370.9606
261.1722 369.5606
260.6022 369.3406
259.1022 369.7406
257.8122 369.5506
255.0522 370.2406
255.4322 372.1506
255.3522 372.9706
255.6022 373.9006
255.9122 374.4306
257.3822 374.7106
257.7322 374.9806
257.4222 375.6806
258.3322 376.4406
258.8022 376.4106
258.7222 375.9006
258.3022 375.6106
258.7022 374.4506
259.7322 374.2706
260.0922 374.6506
259.9822 375.0306
260.1822 375.3006
260.5422 375.4006
260.8622 375.1706
260.9422 374.7606
259.8722 373.6606
259.3022 373.2906
258.6322 371.8006
258.6522 370.7706
258.9622 370.5006
260.4122 370.2806

Northern_Territory
18
191.1622 396.5706
189.3622 397.2606
186.8522 396.6206
186.2522 396.7406
186.0822 397.0106
186.0022 397.3006
186.6022 398.3906
187.1022 398.0906
187.5122 398.0706
187.9122 398.4606
187.8822 399.9906
187.7022 400.4606
188.5922 402.0106
189.5522 402.2106
191.1522 398.2106
191.9222 398.0106
192.7322 397.2806
192.4822 396.7306

Northern_Territory
8
256.4122 400.7806
256.4522 401.2906
257.9222 403.4206
258.8522 405.3006
259.3422 405.5606
258.8122 403.5206
257.0422 401.0406
256.8022 400.8206

Northern_Territory
7
213.9922 402.0106
213.6722 402.3506
213.2922 403.4006
212.9722 405.2306
213.8022 405.5506
214.3222 403.8406
214.3022 402.7606

Northern_Territory
8
262.3922 352.2206
261.7722 352.6806
261.0922 353.6906
261.2922 354.2706
261.9122 354.8806
262.4022 354.2706
262.8122 352.9406
262.5322 352.2306

Northern_Territory
13
253.1322 374.2006
253.1622 374.6006
252.8122 375.2106
252.5322 375.0206
252.7022 374.4906
252.2422 374.4906
252.0722 374.7006
252.1722 375.6306
253.1222 376.3806
253.5822 376.3006
254.0622 375.6506
253.9122 374.9406
253.5522 374.3606

Northern_Territory
7
252.9322 398.2006
252.9322 398.7106
253.9222 399.5006
254.7422 399.5406
256.1822 400.6606
256.0822 400.1106
254.9922 399.2806

Northern_Territory
6
256.6422 354.2806
256.3622 354.4206
256.5822 355.3606
257.2022 355.7806
257.5122 355.6406
257.3222 354.4106

Northern_Territory
572
 14.7222 234.5006
 14.9122 234.8706
 14.9222 236.3406
 12.4922 238.9106
 11.2022 241.3306
 10.0222 244.3206
  8.8722 245.0206
  7.8922 247.8006
  7.8022 248.3306
  7.9222 249.4106
  7.2522 250.5206
  5.8822 252.1206
  5.4922 253.2606
  5.4322 255.6106
  5.8722 256.7506
  6.1122 258.2106
  7.0422 261.2106
  7.7922 262.7106
  9.3322 263.9206
  9.6022 264.9306
  9.7522 266.2806
  9.5122 267.8406
 10.1422 269.7606
 10.0222 270.9006
  9.4322 272.5306
  8.5422 273.7906
  8.3822 274.7406
  9.9422 277.9006
 11.3922 282.0706
 12.4422 283.6306
 13.0822 283.9906
 13.8822 284.1306
 14.0222 283.8506
 13.4822 282.8306
 12.9522 279.7606
 13.6522 278.2806
 13.3122 276.1206
 13.7822 275.6406
 16.1522 276.6406
 16.4522 277.8906
 17.1122 279.5806
 18.9022 282.6906
 19.1822 283.6506
 22.3522 285.4106
 23.5422 285.5006
 25.6322 286.5406
 27.8722 287.4006
 29.6922 289.5506
 30.3522 290.0606
 31.7222 290.6506
 33.0122 292.5906
 35.5622 293.7806
 35.8422 294.5206
 36.5322 294.9006
 37.1922 294.9806
 38.9922 295.6206
 40.4122 296.5006
 41.5122 297.4306
 42.3922 297.2406
 42.8622 296.7706
 43.3422 296.6406
 45.4122 297.7506
 46.4822 297.3806
 46.8322 296.9806
 47.5922 296.6406
 48.4022 296.4906
 49.0922 296.5006
 52.1222 297.1206
 53.9122 297.9006
 56.2922 300.1906
 57.4822 300.9006
 57.6322 300.6106
 58.0922 300.6006
 61.4622 301.1606
 62.6822 301.0906
 64.2422 301.6106
 65.8622 303.5506
 66.1822 304.4206
 67.2722 305.2506
 68.4522 305.3606
 71.1122 304.7006
 72.7122 304.0806
 74.9222 305.2206
 79.8522 305.9406
 80.9122 306.2906
 86.7922 308.7406
 88.4122 309.5806
 91.1222 311.8406
 93.4222 314.9506
 95.0622 318.4806
 96.5622 320.5006
 96.4322 321.4206
 96.8222 322.2806
 97.0822 322.5306
 97.7922 322.3606
 98.3322 322.6506
 99.1322 323.2906
 99.7122 324.1406
100.3822 324.4706
102.6522 326.2606
102.9822 327.0606
102.9222 327.6806
102.6022 327.9806
101.7422 328.2206
101.2522 328.9506
101.1322 331.0906
100.4922 332.7506
100.5222 334.9606
100.8622 336.3106
101.7522 337.8406
103.0822 339.1006
103.8222 339.5706
105.2022 339.5806
104.6522 340.8106
105.1122 341.4306
105.4122 341.5506
105.6522 341.3206
105.9122 341.3206
107.1322 341.7406
107.2422 342.0606
106.9622 342.4706
107.2222 343.5606
107.5322 343.9106
108.1022 344.0306
108.6722 344.6606
108.7322 345.2806
108.9622 345.6506
109.7322 345.9306
110.4722 345.1906
110.2422 344.9006
109.7022 344.9606
109.3422 343.7106
110.0322 342.7706
110.8622 342.2506
111.0822 341.3906
113.1622 337.5006
115.8322 333.2306
116.0722 332.3006
116.2722 333.2906
115.9022 334.0106
115.9422 334.9006
116.5422 336.7206
116.0522 338.2206
116.2522 339.0806
116.9422 339.1006
118.3222 337.4306
119.1222 336.7106
119.5122 336.5406
119.7822 336.6906
119.3622 336.8906
118.8622 337.5106
118.4722 339.0706
119.5022 340.2506
119.1422 340.4406
118.3122 340.1906
118.1422 340.3106
117.6122 341.4406
116.4222 342.7306
116.4822 343.9606
115.2622 343.9406
114.4322 344.6906
115.1722 344.7206
116.7722 344.3606
117.5122 345.4806
117.6022 346.0606
117.4922 346.5006
116.2822 346.7406
115.8922 347.0906
115.8622 348.0806
116.0122 348.4006
117.7022 348.7706
118.5722 348.0906
118.3322 347.5606
117.7722 347.4106
118.9322 346.1906
119.5022 346.0706
119.5222 346.5106
120.3022 347.5706
121.6222 347.3806
122.2022 347.1206
122.4922 346.9306
122.8822 346.0006
123.1822 345.7906
124.3022 345.7306
124.8622 346.3706
125.8522 345.8906
126.9722 345.7806
128.6022 346.0106
129.7622 345.5006
130.3822 345.7606
129.5422 345.8406
128.2622 346.4406
127.3722 346.6506
126.8022 346.6906
125.9122 346.4306
125.2422 346.4306
125.0522 346.6306
124.7822 347.8406
125.3722 349.1806
125.8122 349.2806
126.3322 348.4906
127.1422 349.0506
127.0622 350.0806
127.3822 351.2506
128.6022 352.4806
127.9922 352.7306
127.4022 352.5606
126.5222 351.0606
126.0122 351.0506
125.0622 351.8706
124.7522 354.0706
125.6822 356.2006
126.0222 356.3506
127.0322 355.7706
127.8422 356.1906
128.0322 356.4706
127.9122 358.6206
128.3722 358.7306
130.6222 357.5806
131.5022 356.7306
133.5422 355.7406
132.4022 356.7506
132.3422 357.0006
132.8622 357.9506
132.6322 358.1906
131.7022 358.2006
130.6222 357.8006
130.5022 358.4406
130.9022 359.0006
131.3222 359.2006
131.6322 359.0006
132.0622 359.7406
131.7222 359.8306
130.3022 358.8906
130.0022 358.9006
129.6822 359.7506
130.0322 360.2006
130.5022 360.4206
131.1422 360.2306
131.3722 360.3006
131.9422 360.7006
131.7822 361.0806
132.4322 361.5406
133.1822 359.8506
133.3722 359.7306
133.4822 360.2106
133.3422 361.1706
134.6222 360.4206
134.6522 360.0206
135.0822 359.8106
136.0922 359.8606
136.3122 360.0706
136.1222 360.2306
135.7922 360.2006
135.5022 360.4606
135.8222 360.7706
134.6422 361.6106
133.5722 362.1406
133.9322 362.5606
134.2222 362.6606
133.0622 364.3806
134.2322 366.0506
135.2422 366.8906
135.8122 366.6506
137.9922 366.6006
138.1022 367.9606
137.8922 369.2706
138.0322 370.0206
138.3122 370.2306
139.5122 369.6606
138.5722 365.6806
138.7722 365.8906
139.4422 368.2006
140.7522 367.5306
140.5522 366.3306
140.7622 365.9406
141.4022 365.5406
142.3622 366.6106
142.8722 366.9706
143.1822 368.8806
144.0122 370.5706
144.0522 371.2706
143.3422 373.0906
142.6522 373.5306
143.1922 373.6506
144.0622 373.5206
144.8122 373.1406
144.7222 372.3006
144.1622 372.0606
144.5322 370.8406
144.9922 370.7106
145.5722 370.1206
145.8522 370.5606
145.6522 371.1506
146.0822 372.1506
147.1422 372.9906
147.9122 373.1006
147.4022 371.8506
148.6322 370.2606
148.9822 370.1606
150.1022 371.3406
151.0322 373.0306
150.5622 374.9906
151.7822 375.4806
152.8422 375.7306
153.5122 375.1906
154.1322 374.3906
153.9422 373.9706
154.7122 373.0206
154.9822 373.4506
154.9922 373.8106
155.9422 373.8506
157.9322 373.2106
158.9722 371.7406
160.4622 370.7406
163.7122 366.2206
164.1822 366.4506
166.0222 364.8706
166.2222 363.7806
165.7022 363.0306
164.9322 360.4306
165.0422 359.2506
164.9722 357.1206
164.4022 355.9806
164.9222 356.2806
165.2222 356.7006
165.6022 359.1606
166.1422 358.9406
166.9622 358.1306
167.2822 357.0706
167.3322 358.1506
166.6022 359.4206
166.2522 360.8206
167.4922 362.5206
167.7122 362.4806
168.0022 361.0506
169.0322 361.0206
169.1422 361.5306
168.7122 362.3106
168.3722 363.7806
169.9822 364.2406
175.0222 362.9806
175.0222 362.9806
175.0222 357.0806
175.0222 357.0806
175.0222 336.0906
175.0222 336.0906
175.0822 234.5006
175.0822 234.5006
174.9522 164.2806
174.9522 164.2806
172.7022 163.3006
170.1122 161.7906
166.0822 159.9606
164.2322 159.2206
161.2522 158.6406
156.8822 156.9506
154.6022 156.5506
149.8522 156.3306
146.7322 156.6306
144.3422 157.3206
143.1422 156.7306
142.0922 156.9606
140.2922 155.9806
137.1322 153.3806
136.3622 153.0406
134.8222 152.7106
131.4922 150.8706
130.2322 149.7406
128.7922 148.8706
125.0622 148.2606
123.7522 147.7406
122.7522 146.9206
121.8422 145.7606
120.7122 142.4806
120.2022 140.3306
119.1622 139.6006
118.1822 138.5706
117.8122 137.8306
117.8022 137.4806
117.3222 136.9506
115.6922 135.8406
113.8222 135.9806
113.5422 135.8706
112.8922 134.9906
112.3922 134.6106
111.6522 134.3706
110.9222 136.0906
110.0222 136.4706
108.1422 135.8306
106.8922 136.0106
105.4122 135.9506
105.2122 135.7506
103.6622 135.5906
102.8022 135.7606
102.1922 135.5206
101.8022 135.0706
101.6822 134.4106
100.2422 134.2606
 99.8222 134.4006
100.0522 134.8906
 99.7322 136.0206
 99.1022 136.8306
 98.8822 136.9106
 98.0422 136.7606
 97.4422 136.1906
 96.5622 135.9406
 93.7622 136.9506
 93.0922 137.0006
 91.7322 137.0306
 88.6422 136.4906
 86.5922 136.4906
 85.8222 136.0806
 83.0922 135.7006
 81.7522 134.9606
 79.9722 135.4106
 77.2822 135.5506
 75.2022 134.9106
 74.4022 134.0306
 73.0722 133.3206
 72.5022 132.6706
 71.6022 131.0906
 71.4522 130.2906
 69.9122 128.7806
 68.6422 128.0306
 67.2322 128.5306
 65.4122 128.7006
 63.5422 127.4306
 63.3222 127.1006
 63.7022 126.6806
 63.3222 126.2506
 62.4422 125.7106
 60.6922 125.1406
 60.0522 124.4806
 59.7222 123.6106
 58.5722 122.7506
 56.4022 121.5906
 53.7522 121.1106
 53.7122 120.8406
 53.9722 120.5606
 55.4722 120.2306
 54.8022 119.8506
 53.9822 120.0006
 53.1722 120.6406
 52.5522 120.8706
 51.8722 120.8306
 51.5322 120.5906
 51.2822 119.6806
 50.4522 120.3406
 48.2722 121.2606
 44.1222 121.2806
 43.5522 120.7506
 43.3022 120.7406
 41.6922 121.2606
 40.3622 121.0506
 38.8222 121.4906
 36.1822 123.2506
 33.5422 123.8606
 32.8922 125.3906
 31.8122 126.6406
 30.0122 128.4806
 28.3622 129.5806
 26.3922 130.6106
 25.6022 130.7006
 24.8122 130.5106
 24.3122 129.8606
 23.0822 131.1706
 23.0922 132.3006
 22.5222 136.3406
 22.4822 138.6006
 22.9522 140.7806
 23.4122 140.6506
 24.0822 139.6506
 25.3722 139.1006
 26.4022 139.1906
 27.2822 139.5106
 27.6422 139.7206
 30.7122 144.1406
 30.2422 147.7806
 29.4322 151.7806
 29.6822 152.6506
 30.5122 153.6806
 30.4722 153.2706
 29.8522 152.5806
 29.8322 152.0606
 30.2722 150.8106
 30.5722 150.3606
 30.7722 150.5006
 30.7522 151.2006
 31.2522 153.0406
 30.9322 156.2606
 31.1822 157.9106
 30.9922 159.1406
 31.0522 161.7106
 30.6422 163.9606
 30.3822 164.6706
 27.7322 169.5006
 26.9822 171.7406
 26.3522 173.2006
 24.8022 175.9006
 23.4922 179.2506
 23.5722 179.5906
 23.2322 182.1306
 22.5122 184.6106
 22.2922 184.8006
 22.3422 189.6506
 22.7322 191.9206
 22.1922 193.8106
 21.9122 194.2606
 21.7422 195.4206
 21.1722 196.7706
 18.8322 199.5506
 18.5322 200.4606
 18.4522 202.4806
 17.5722 204.2606
 15.4522 207.4306
 14.6322 207.9306
 13.7922 209.1306
 13.1422 212.0606
 13.2822 212.9706
 13.6422 213.8206
 13.4322 215.0906
 12.9022 216.9406
 11.4222 220.0106
  9.9222 222.8206
  7.6022 226.1706
  4.2922 229.6906
  3.6822 231.6206
  4.1822 232.6206
  4.1122 233.7306
  4.1522 234.0206
  4.3622 234.1706
  4.5422 231.8306
  4.8722 231.1506
  5.2122 233.0706
  6.8222 231.0806
  7.0422 230.4306
  7.1722 228.3806
  7.4222 227.6406
  8.2222 226.6206
  8.5622 226.5506
  8.5922 226.8606
  9.2922 227.3406
  9.7522 227.2306
 10.5322 228.3906
 10.5922 230.4506
  9.8122 231.4906
  8.3222 232.4706
  7.2222 233.6106
  6.5922 236.2106
  5.4922 237.9906
  5.6822 238.9806
  6.3422 240.0306
  6.6522 239.8006
  7.6622 237.9806
  8.8122 236.9906
  9.2122 235.8606
  8.9522 234.4406
  8.6522 234.1106
  8.6822 233.0906
  9.0022 232.1606
  9.5522 232.1106
  9.9222 232.5106
 10.7922 234.1906
 11.3622 231.3706
 11.6622 230.6006
 12.8622 228.9906
 14.2222 230.0606
 14.5122 231.0306
 14.1822 231.5006
 13.9722 232.3506
 14.3422 234.6806

Northern_Territory
13
  3.4922 232.7706
  3.1722 233.0306
  1.5622 235.4706
  0.7522 237.1006
  0.2522 238.9806
  0.3222 240.0306
  0.7522 240.6506
  1.2922 240.5206
  1.0722 239.9906
  1.1122 239.6606
  2.3922 236.0006
  3.4922 234.0006
  3.7122 233.2106

Australian_Capital_Territory
17
392.5322 109.2706
391.2722 109.9106
389.8322 112.0606
389.5422 112.8506
389.5622 114.6906
390.0822 117.2506
392.9322 119.3506
394.2022 118.6306
394.7722 117.9606
395.7722 117.5906
396.4422 117.1606
395.9522 116.7206
394.9422 116.8606
394.1322 116.4706
393.6122 115.7506
392.9922 113.2606
393.2322 110.5106

New_South_Wales
234
402.6822  87.8006
383.4322  97.5006
382.4522  97.5806
383.3322  99.1006
383.4422 100.0706
382.4422 102.1106
381.7522 102.9906
381.1922 107.4106
380.0122 108.1606
378.1922 108.9406
377.2622 108.5806
375.7322 108.8706
374.7222 108.7006
373.7122 107.4406
372.7322 107.3506
370.9122 106.7106
369.4522 106.8106
367.0322 107.5706
366.0622 108.3306
364.9422 108.5006
364.2622 108.4106
363.8822 108.0106
362.7422 107.5206
360.4922 107.7206
357.3922 108.3106
356.6322 108.6306
355.3522 109.8606
354.5622 110.4806
354.2922 110.5106
353.4722 110.3306
352.5222 109.8106
351.5722 109.9006
351.2022 110.2006
349.8722 110.2006
348.5122 109.8506
348.3122 109.6106
347.9322 108.2306
348.1022 106.8706
346.1822 106.3306
345.7622 106.4406
344.4222 107.2206
342.1422 109.8906
341.5822 111.1706
341.3322 111.4306
340.7122 111.6306
339.6122 112.6106
338.7722 113.7706
336.9122 114.7606
335.2422 116.0306
334.4722 116.3106
334.0222 116.2106
333.3522 116.7106
333.1722 116.9906
333.4222 117.7506
333.0022 118.4006
332.1222 118.6206
331.3122 119.1206
330.8122 120.2206
330.5222 121.8706
330.7822 123.1806
330.7922 124.0106
330.6522 124.2206
328.3422 125.4806
326.7222 125.5906
325.4422 126.1106
325.2922 126.4706
324.6122 126.9206
323.9922 126.7106
323.8022 126.4406
323.4522 124.8906
322.9622 124.2706
322.0422 124.4506
321.6722 124.8806
321.7022 125.1406
321.1222 126.6906
320.1822 127.5606
320.1322 129.4406
318.6222 131.9806
317.7522 132.5806
316.5022 133.1506
314.8022 132.8006
313.1922 133.2206
312.2322 132.8506
311.6222 132.0106
311.0922 131.7306
310.9022 131.9906
309.6922 132.7306
307.9122 133.5606
306.0422 133.7006
305.7122 133.7906
305.2022 134.2906
305.2022 134.2906
305.2522 197.9906
305.2522 197.9906
306.5422 198.0006
306.5422 198.0006
328.3422 197.9906
328.3422 197.9906
345.2522 197.9906
345.2522 197.9906
359.0322 197.9906
359.0322 197.9906
391.5622 197.9906
392.3922 198.4006
393.6622 199.9906
397.1322 202.9406
398.3322 203.2706
398.6122 203.2206
398.7822 202.8606
399.7322 202.5806
403.0722 202.8706
404.6322 203.4706
406.1022 203.6506
406.4022 203.5806
407.2322 202.7206
407.9822 202.2106
409.7922 202.1606
411.4322 202.5006
414.1722 201.2506
416.9422 198.8606
417.0722 196.9806
417.5122 196.0006
417.7522 195.8906
418.2822 196.0206
418.8022 196.5706
419.7822 198.5706
421.6522 199.4006
422.0522 198.6306
422.7222 198.3106
424.8022 199.3106
425.1522 201.3206
424.1722 203.5406
425.2222 204.3706
426.4422 204.9706
428.6022 205.6806
429.0422 205.9806
429.2622 206.5406
429.8822 207.0606
430.3622 206.9906
431.0722 206.2606
432.8522 205.8706
434.8822 206.0806
436.6722 205.9606
437.5022 207.0606
438.9522 207.3306
440.1422 207.7906
440.9522 208.4506
440.9522 208.4506
441.7322 207.7406
441.8822 206.9306
441.5322 204.2606
441.7322 202.8606
442.2322 202.1806
442.0322 199.7006
440.3222 197.4606
439.1222 193.9406
439.4222 193.0706
438.2122 186.1806
437.6822 184.1606
435.6622 178.4806
435.5222 175.1306
435.6922 174.5206
436.0722 174.4706
436.2622 173.7006
435.1522 169.9806
434.9422 168.5106
433.8022 164.7406
432.8422 162.7806
430.6422 160.0006
430.1422 158.7006
430.4622 157.0106
430.3322 155.2206
428.4422 153.6206
427.6322 152.6806
425.9622 151.6406
425.8722 151.0906
426.1422 150.5106
424.0622 149.7806
422.5322 148.9906
420.9822 146.6606
419.9522 144.1106
419.7122 143.9106
419.1622 143.8706
418.6522 143.4606
418.5422 142.8706
419.0022 142.4606
418.6522 141.0706
417.4122 139.4106
416.9422 135.9106
416.6822 134.9706
416.2922 134.6706
415.6622 134.7406
414.8122 134.4006
415.4122 134.2406
415.8522 133.8306
414.9722 132.4006
413.9922 131.6706
413.0222 130.2406
412.0022 127.2706
412.4422 126.7306
411.9022 124.2706
411.2022 123.8306
410.9822 123.0706
411.3622 121.9606
412.1222 121.1706
411.9522 120.2906
411.6622 120.0406
411.3022 120.4306
411.4322 120.7006
411.2822 121.3106
410.9922 121.3406
410.3022 120.9106
410.2222 120.4706
410.5022 119.7906
409.8922 119.1106
408.7322 118.4706
408.1422 117.3606
408.0822 116.8006
407.2822 114.4806
406.7322 113.5906
404.6322 108.9906
404.3622 106.7006
404.3422 103.8006
403.7122 102.9806
403.1322  99.7606
402.5122  97.5106
401.8222  95.7706
401.8722  93.8006
402.9522  92.5506
403.0922  91.6106
403.0822  91.1606
402.7622  91.2606
402.3022  90.9206
402.3222  89.3406

New_South_Wales
19
393.1522 110.1206
393.2322 110.5206
392.9922 113.2706
393.6122 115.7506
394.1322 116.4806
394.9522 116.8706
395.9622 116.7306
396.4422 117.1606
395.7722 117.5906
394.7722 117.9506
394.2022 118.6306
392.9322 119.3506
390.0822 117.2506
389.5622 114.6906
389.5422 112.8406
389.8322 112.0506
391.2822 109.9006
391.5422 109.6806
392.6322 109.3106

South_Australia
272
254.2622 132.0006
253.1822 130.2606
252.3022 129.8706
251.3722 128.2806
250.2522 127.5806
249.5822 126.2506
248.8122 123.9206
249.0822 123.7906
249.5622 123.8506
251.0122 124.8706
251.1622 124.1806
250.9922 121.5906
250.4722 121.3706
250.1822 121.9206
249.2722 122.9306
248.6222 123.3306
247.9422 123.2306
247.4622 122.1006
247.0722 122.1106
246.6622 122.9006
245.2322 124.7706
243.6222 126.4306
242.7722 127.1106
242.4222 127.2206
241.3022 126.8306
241.7322 128.0206
242.3522 128.9106
242.4022 128.0906
243.8222 126.5706
244.3922 126.1806
245.4722 126.5306
244.3722 126.9706
244.2322 127.3806
244.1722 127.7206
244.3522 128.1206
243.8722 130.8206
243.0422 133.0306
242.9122 134.5106
242.1822 135.6406
240.4422 137.6006
238.3522 139.3006
238.6522 140.5506
238.5422 141.4506
238.0022 142.9906
236.9022 145.2606
235.6622 145.7406
233.6522 145.4206
232.7922 144.9306
232.1322 145.6706
232.1422 146.0006
231.3422 148.1306
230.0222 151.1306
230.8922 151.0706
231.3222 150.6706
231.4722 150.0206
232.2122 151.0306
232.4322 151.6906
232.2122 152.8306
231.4422 153.9206
230.7622 154.5106
230.4522 154.5606
228.7322 154.0206
228.0322 153.3506
227.6222 153.4306
227.6422 154.4706
227.9522 155.1806
228.5022 154.9606
228.6822 155.2606
227.3322 157.1406
226.2422 157.7806
225.5622 158.3906
225.6822 158.8606
224.9422 159.0906
224.6722 158.8706
224.5122 158.2206
223.6222 157.6606
220.1622 157.9006
219.8322 157.9806
219.0722 158.8006
218.0722 159.1606
216.5422 160.6106
216.0222 160.8906
213.8422 161.1506
212.8022 160.9406
211.9922 160.1906
211.0522 159.8606
210.3722 159.8106
209.6222 160.0006
207.7922 161.8506
204.9922 163.8806
200.6022 166.1506
198.2522 167.0306
197.8922 166.9906
196.7822 166.0906
194.9522 165.3806
194.4022 165.3106
188.6422 165.7406
187.4022 165.7006
185.0922 165.5206
184.0322 165.2506
177.4522 164.6906
174.9522 164.2806
174.9522 164.2806
175.0122 234.4606
175.0122 234.4606
184.7222 234.5306
184.7222 234.5306
199.1922 234.5206
199.1922 234.5206
272.6522 234.5306
272.6522 234.5306
305.2222 234.5306
305.2522 197.9806
305.2522 197.9806
305.2022 134.2806
305.2022 134.2806
304.9222 134.6506
304.8822  80.2506
304.8822  80.2506
303.6122  80.3806
302.7522  80.1206
301.9622  80.1506
300.1322  81.1306
298.2422  83.0306
296.9622  85.6206
295.6922  87.5506
294.9122  88.1006
294.3022  88.0706
292.3522  90.6906
291.6722  92.0506
292.0122  92.7506
291.9822  93.3006
291.4722  94.5706
291.6722  95.8206
292.4422  96.4606
292.8622  97.5406
292.8522  99.3506
292.4522 100.7806
290.5522 105.4106
287.5522 109.4106
285.5722 111.5406
284.4122 112.4806
284.9422 112.3106
287.9022 109.7206
289.8622 107.0306
290.6922 105.3206
290.5722 106.2506
290.0722 107.6606
289.6622 108.2706
288.3722 109.7606
284.5922 113.3806
284.5722 114.5606
285.2422 114.8306
286.0622 114.1206
285.9622 112.4506
286.1322 112.2206
287.1522 112.3306
287.4322 113.4906
287.5622 115.2606
287.3822 116.5306
285.8222 117.3006
284.9822 116.4706
284.3822 116.2906
283.7422 116.3206
283.1922 116.0806
282.9722 115.5406
283.0822 115.1906
283.7022 114.9906
283.9122 114.7306
283.4222 114.1006
280.4922 114.3506
279.7222 114.0306
279.0722 113.2406
278.4822 112.8306
274.5622 112.6206
273.6722 113.2906
274.3222 114.4406
275.7622 115.1606
277.4222 116.9506
277.7322 118.7006
277.6022 119.1606
277.7122 120.0006
278.2422 121.1606
277.8822 123.3006
278.1322 124.4806
278.0422 125.0606
277.3822 126.2006
275.6422 128.3306
275.0422 130.4906
273.6622 132.8406
273.4022 132.7806
272.7422 131.2406
273.0322 130.6606
272.8722 130.1106
271.8422 129.0506
271.4622 127.7406
271.3122 125.3006
269.9422 120.8406
269.9322 119.7406
269.1322 119.0906
267.5922 119.7906
266.8022 119.9906
266.3822 119.9106
264.3422 119.1406
263.8822 118.3906
263.6222 118.2206
262.1122 118.4506
261.2722 117.7106
260.6522 117.4806
260.3022 117.6506
259.9922 118.1706
260.3922 118.8206
261.1322 119.5506
261.3922 120.1806
261.5722 122.0406
262.0822 122.7906
262.9922 122.4306
263.9222 122.6806
264.8822 122.7406
265.0722 122.4406
266.0022 122.0206
266.5422 122.3106
266.7622 122.8606
267.2422 126.0006
267.0522 128.4506
267.1822 130.8806
266.7322 132.5306
266.8922 132.7506
267.4222 132.7506
267.7422 133.3706
268.2922 135.1906
268.3822 136.1306
270.2822 138.5606
271.5022 139.7606
271.9622 139.8906
272.1422 140.3606
271.7922 141.8906
270.6922 144.0006
271.0222 144.9806
271.6422 145.4206
272.2222 145.6506
272.9222 145.6706
273.2222 145.9106
273.1422 146.5706
272.8122 147.2006
272.2222 147.4506
271.5922 150.3106
271.0222 151.5806
270.7222 153.1306
270.1422 153.5706
270.0522 151.4806
270.3022 151.3406
270.5522 150.9006
270.6222 149.5306
270.2622 147.6706
269.6922 147.6406
268.3122 147.2006
267.1522 145.9406
266.0322 143.7106
265.9722 142.6406
265.7722 142.0406
264.1322 138.9706
263.3922 138.3506
262.0722 138.3006
261.3022 138.7706
260.5922 137.7106
260.7922 137.5706
260.3722 137.1306
257.2922 135.5006
255.4822 134.0806
254.8622 133.4406
254.8022 133.0206

South_Australia
35
271.6922 111.8206
273.3422 111.3706
273.8722 110.6506
273.8822 109.9506
273.0922 109.2406
271.8022 109.8706
270.0622 110.0006
268.5322 109.2806
268.3322 109.0006
268.4722 108.0806
268.1622 107.7706
266.7422 107.0706
265.6822 108.1506
264.2522 108.4206
263.8522 108.2906
263.7322 107.8006
263.4222 107.6206
262.1322 107.7406
260.7022 107.5206
258.6622 107.4606
258.3122 108.0406
256.7722 109.3206
256.7222 109.7906
257.2322 111.2906
261.2122 112.4706
262.0622 112.4806
263.0822 112.7206
265.2222 113.6706
267.4922 113.4806
268.1322 112.8706
268.1222 111.7906
268.2722 111.5906
269.3122 111.4506
270.3822 110.8406
271.0222 110.7906

Victoria
208
398.3522  84.7606
397.0322  84.1106
395.4322  83.9506
390.1822  83.9206
388.3622  83.6606
386.5722  83.7306
384.5622  83.5906
380.8122  82.4806
378.5922  81.3806
376.2222  79.5806
374.3922  77.8706
372.6622  76.1506
370.0222  73.0806
368.9822  72.1606
366.5522  71.8506
364.1722  71.2506
363.3222  71.5206
362.3322  71.4606
361.8822  71.2706
361.5022  70.7006
362.7122  68.4906
363.9622  69.3706
364.1922  70.2106
364.5822  70.0306
364.7422  66.2706
364.1022  65.4606
363.7622  65.2906
363.2522  65.5306
362.9522  65.9806
362.1622  68.0506
361.0222  69.4806
360.1822  69.8406
359.6522  69.6706
359.5022  69.2406
358.4322  69.3306
357.5522  71.1106
357.8122  71.5306
357.4722  72.1706
356.5122  72.3206
355.7622  71.8206
355.2122  71.7306
354.7622  71.9906
353.1322  73.6406
353.3122  74.9306
354.2722  75.3306
354.6522  76.0006
353.8922  77.7406
353.4422  78.0306
351.3922  77.8806
350.9322  76.3406
348.9522  74.3006
347.9922  74.1106
347.5522  74.1806
346.0322  75.9506
347.3222  75.9506
348.4622  76.4606
350.0522  79.2606
349.7022  80.5506
348.3622  82.6206
347.7322  82.9406
346.7222  82.4806
345.2722  81.0906
343.4922  79.7606
341.9622  79.6006
341.7722  79.4106
341.8322  78.9106
343.3322  78.6506
344.1722  78.9406
344.6722  79.3106
345.4222  79.1006
345.5822  78.7006
345.4622  78.0906
344.9022  77.2306
344.6322  77.0306
343.7022  77.2506
342.0322  76.8906
341.6822  76.6806
338.4122  74.4706
336.0322  71.5406
334.8322  71.2106
334.4322  70.9306
334.1922  70.3206
332.7822  69.2806
332.3722  69.3906
331.7022  70.1806
331.0922  70.5406
328.8422  71.2606
328.3322  71.7806
327.4122  72.3506
326.5822  72.4606
324.7522  73.2006
321.8422  75.4506
320.1522  76.1206
318.9522  75.8306
318.7522  75.6006
317.7722  75.6206
316.7122  76.2306
315.6522  77.1106
314.0922  77.4506
313.3322  77.4606
312.5522  77.2406
311.9122  76.7006
311.9122  76.2706
312.2422  75.6206
311.3822  75.3806
310.1122  76.0006
309.1722  77.1406
307.2822  78.9106
306.3122  79.5506
304.8422  80.2306
304.8422  80.2306
304.8822 134.6306
305.1622 134.2606
305.1622 134.2606
305.6722 133.7606
306.0022 133.6706
307.8722 133.5306
309.6522 132.7006
310.8622 131.9606
311.0522 131.7006
311.5822 131.9806
312.1922 132.8206
313.1522 133.1906
314.7622 132.7706
316.4622 133.1206
317.7122 132.5506
318.5822 131.9506
320.0922 129.4106
320.1422 127.5306
321.0822 126.6606
321.6622 125.1106
321.6322 124.8506
322.0022 124.4206
322.9222 124.2406
323.4122 124.8606
323.7622 126.4106
323.9522 126.6806
324.5722 126.8906
325.2522 126.4406
325.4022 126.0806
326.6822 125.5606
328.3022 125.4506
330.6122 124.1906
330.7522 123.9806
330.7422 123.1506
330.4822 121.8406
330.7722 120.1906
331.2722 119.0906
332.0822 118.5906
332.9622 118.3706
333.3822 117.7206
333.1322 116.9606
333.3122 116.6806
333.9822 116.1806
334.4322 116.2806
335.2022 116.0006
336.8722 114.7306
338.7322 113.7406
339.5722 112.5806
340.6722 111.6006
341.2922 111.4006
341.5422 111.1406
342.1022 109.8606
344.3822 107.1906
345.7222 106.4106
346.1422 106.3006
348.0622 106.8406
347.8922 108.2006
348.2722 109.5806
348.4722 109.8206
349.8322 110.1706
351.1622 110.1706
351.5322 109.8706
352.4822 109.7806
353.4322 110.3006
354.2522 110.4806
354.5222 110.4506
355.3122 109.8306
356.5922 108.6006
357.3522 108.2806
360.4522 107.6906
362.7022 107.4906
363.8422 107.9806
364.2222 108.3806
364.9022 108.4706
366.0222 108.3006
366.9922 107.5406
369.4122 106.7806
370.8722 106.6806
372.6922 107.3206
373.6722 107.4106
374.6822 108.6706
375.6922 108.8406
377.2222 108.5506
378.1522 108.9106
379.9722 108.1306
381.1522 107.3806
381.7122 102.9606
382.4022 102.0806
383.4022 100.0406
383.2922  99.0706
382.4122  97.5506
383.3922  97.4706
402.6422  87.7706
402.6422  87.7706
401.7922  87.2306
400.5522  87.1206
399.3322  85.2606

Victoria
8
352.5122  75.2106
351.7322  75.5106
351.5922  76.1406
351.8622  77.0306
353.6022  76.6706
354.0422  76.1506
353.9222  75.9506
353.2222  75.9406

Victoria
9
352.4922  73.2906
352.1222  73.7406
351.5922  73.9706
349.9122  73.8306
349.9422  73.9806
350.7022  74.7206
351.7122  74.9206
352.0022  74.7306
352.5822  73.3406

Queensland
406
402.6822 275.1406
402.6822 274.9606
403.3522 274.3206
402.7922 276.2506
402.0822 277.7106
402.0922 278.2606
402.5122 279.3706
402.9422 279.9306
403.4222 280.0606
403.8022 279.9006
404.6322 278.6206
405.1222 277.2306
406.4422 276.6906
408.1622 275.5106
409.3922 274.9506
408.7622 276.4406
408.7522 277.3206
409.0522 277.9306
409.8422 277.7906
410.6122 276.6406
410.2922 275.9006
410.3722 275.3306
411.8422 273.2406
411.1522 268.5706
411.7622 267.3106
411.6322 265.6306
412.3522 264.1706
413.2322 263.6906
414.0422 263.5706
414.3522 262.8606
415.0922 262.3006
415.6122 260.8006
416.3822 260.3806
416.7422 260.3806
417.2522 260.0206
418.4022 258.6006
419.1422 258.3806
419.7222 257.9206
419.5522 257.6506
419.6222 257.3206
419.9222 257.2006
420.4522 257.7206
420.4722 258.3606
420.7322 258.6106
421.2122 258.4706
422.3422 257.1706
423.9222 255.7606
424.7522 253.2906
426.0722 251.1306
427.6522 249.9206
429.1822 249.3206
429.7222 248.7006
430.0422 247.9306
430.1522 246.5006
431.9322 243.5506
433.4222 243.1006
434.4922 243.0306
434.9122 241.2706
434.7822 240.2106
434.3422 239.7606
434.4022 238.3606
434.6422 237.6906
435.0022 237.3506
435.3322 237.2606
435.9122 235.8406
437.4722 235.1306
437.5122 234.8406
436.9922 233.7106
436.2822 230.8106
436.4822 230.0306
436.7522 226.4606
437.0522 225.7306
437.2022 221.4606
436.5322 221.2506
435.8722 220.3206
436.2022 218.6606
437.3922 217.7406
438.2722 216.6406
438.9522 214.3106
439.8722 213.0206
440.1922 212.1506
439.9522 210.5206
440.4922 209.1606
440.9922 208.4606
440.9922 208.4606
440.1822 207.8006
438.9922 207.3406
437.5422 207.0706
436.7122 205.9706
434.9222 206.0906
432.8922 205.8806
431.1122 206.2706
430.4022 207.0006
429.9222 207.0706
429.3022 206.5506
429.0822 205.9906
428.6422 205.6906
426.4822 204.9806
425.2622 204.3806
424.2122 203.5506
425.1922 201.3306
424.8422 199.3206
422.7622 198.3206
422.0922 198.6406
421.6922 199.4106
419.8222 198.5806
418.8422 196.5806
418.3222 196.0306
417.7922 195.9006
417.5522 196.0106
417.1122 196.9906
416.9822 198.8706
414.2122 201.2606
411.4722 202.5106
409.8322 202.1706
408.0222 202.2206
407.2722 202.7306
406.4422 203.5906
406.1422 203.6606
404.6722 203.4806
403.1122 202.8806
399.7722 202.5906
398.8222 202.8706
398.6522 203.2306
398.3722 203.2806
397.1722 202.9506
393.7022 200.0006
392.4322 198.4106
391.6022 198.0006
359.0722 198.0006
359.0722 198.0006
345.2522 198.0006
345.2522 198.0006
328.3522 198.0006
328.3522 198.0006
306.5522 198.0106
306.5522 198.0106
305.2522 197.9806
305.2522 197.9806
305.2322 234.5206
272.6622 234.5206
272.6622 234.5206
272.6622 344.0706
272.6622 344.0706
274.7722 342.3506
275.8122 341.9506
277.9422 341.4406
279.6022 341.5406
280.1222 341.1606
281.8122 340.4506
283.6322 340.1906
285.0522 338.2206
285.2822 336.7606
285.8322 335.7006
286.3522 335.1906
287.1822 334.9006
288.2722 334.7706
289.3422 334.0606
290.2222 333.1706
292.3722 332.5506
293.1122 332.1106
294.1622 331.1706
294.5922 330.9906
295.8222 330.9206
298.6922 331.4406
300.1822 331.9906
301.1122 332.4906
302.6122 333.6506
303.4322 333.9406
304.0022 334.9806
304.6122 337.3406
304.7722 339.0306
307.3522 342.3806
308.3522 344.6406
308.6722 346.2806
309.8822 349.4606
309.6022 351.3506
310.2522 355.4906
312.1422 359.8206
312.4822 361.1906
311.4122 364.1306
310.9222 367.2806
311.0822 368.2006
311.7022 369.7906
311.7822 371.0306
311.5422 371.9006
310.4522 373.2006
310.3622 374.5406
311.1522 377.8206
312.7422 380.9106
312.6222 381.4006
312.1222 381.9606
311.6322 383.8806
311.7222 384.2006
311.8622 384.4506
312.9722 385.1506
313.3922 385.6606
313.9222 387.1306
314.5722 386.9306
314.9222 386.3306
314.9322 385.4406
315.3922 384.7406
315.4822 385.2106
314.8722 386.9906
314.3922 387.3406
313.0722 389.3206
313.3922 389.5806
313.1822 389.7406
312.4722 389.7906
312.3822 389.1406
312.7222 388.6806
312.0922 388.4806
311.7122 388.6506
311.7322 388.9006
312.7522 391.1106
313.7022 392.4206
313.5322 392.8006
314.0222 394.2006
314.4922 394.9006
314.9622 395.1106
315.2322 393.7906
316.3922 394.0206
316.4822 394.2906
315.6022 395.1506
315.5622 395.6006
315.8022 396.8806
317.4722 401.6806
317.8622 404.1306
317.6422 406.0606
317.7422 406.3306
318.1422 406.6206
319.8622 406.9206
320.4722 407.7306
320.9622 408.9606
321.7722 408.9906
322.7922 408.5106
322.4522 407.9906
321.7322 407.3306
321.6522 406.3206
322.3422 407.2006
322.7322 407.1706
324.2022 405.9206
324.6722 404.8906
325.5122 401.4706
325.2322 400.1506
325.5322 397.9006
325.4522 396.6106
326.6322 395.5706
327.3822 395.5106
328.0922 395.8306
328.4022 395.7106
329.1322 394.9106
328.0822 393.2206
327.8622 392.2906
327.8122 391.0806
328.3722 390.9206
328.7122 391.0106
329.6722 390.5406
329.9722 390.2106
330.0122 389.0506
330.4922 388.5506
330.9022 388.5106
331.6422 387.9506
331.0422 386.5606
330.9022 385.3906
331.3722 385.1506
332.4422 385.2706
332.5522 385.0506
332.3822 382.6206
332.6322 380.3406
332.7122 379.9406
333.1422 379.5306
333.4222 378.9306
333.3322 377.8906
332.7222 375.3306
333.4922 373.3306
334.4122 372.3606
334.5522 370.5606
334.9722 369.0706
335.4622 368.0206
335.8322 367.6206
336.6122 367.2006
337.9622 367.1906
339.5022 368.3906
342.5622 369.7906
343.0122 370.8006
343.4422 370.7006
344.1222 369.6806
343.9922 368.6206
344.5122 367.2106
345.1922 366.4006
346.8322 365.7706
347.5722 365.7206
348.2522 364.2106
350.9322 363.0006
352.1222 362.0706
352.0522 361.4106
351.2322 359.9606
351.2722 359.3006
351.7022 358.5906
351.8422 357.7606
351.4022 356.4706
352.0122 355.2606
352.6022 353.2506
352.6022 351.2206
353.1522 350.6706
353.7222 349.3406
353.5422 347.0406
353.1322 346.4706
353.0622 345.3106
353.1622 344.9806
353.7322 344.6206
357.4422 339.9906
357.8022 340.2906
358.8122 340.4606
359.0722 340.1406
358.2322 338.5506
358.2822 338.2006
359.0522 336.8806
359.9022 334.8906
360.4822 332.7606
360.6822 331.1906
360.4822 330.1106
360.6422 328.9506
360.5722 328.2006
359.5722 326.0806
359.6522 324.9906
361.8522 322.1106
363.1722 321.6106
363.0922 320.3406
362.6022 319.2006
362.4622 317.9906
362.5622 317.6106
363.1922 316.7706
364.1422 316.0306
364.4122 315.5106
365.6822 314.6806
366.6522 314.2206
367.8422 314.1906
369.1722 312.8606
369.9122 312.8306
371.2022 312.4106
371.9322 311.7206
373.1722 311.4606
375.1122 311.6106
375.2722 311.9506
374.7822 312.8006
375.4022 312.0906
376.4522 310.2006
376.8822 308.0006
377.1422 307.4706
377.6922 306.8806
378.2822 306.7406
378.7822 306.8606
378.6122 307.7906
378.6922 308.1906
379.3522 308.1806
379.6722 307.8406
379.8022 306.5706
380.3222 306.0806
380.9722 305.8006
382.3322 305.8606
383.6722 305.4706
384.5322 304.4306
384.1822 304.2906
384.2722 303.9806
384.9122 303.1906
385.7722 302.4906
386.3422 302.7406
386.3822 303.4206
386.0422 303.7306
386.1922 304.1306
386.9422 303.8506
388.5822 302.3806
389.6222 302.1906
389.9922 301.6806
390.6822 299.7406
391.0922 299.6306
391.4222 298.7106
390.8122 298.8606
390.2922 299.3906
389.8522 299.6006
389.3222 299.3806
388.5222 298.3906
389.1922 296.5906
390.5022 295.2206
391.2822 294.6806
392.4422 294.2706
393.8822 293.1506
394.4722 292.4006
394.3622 291.5406
394.7422 290.1006
395.2822 289.6406
395.7022 288.2606
396.3222 287.1706
396.9422 286.5806
396.8022 284.3706
397.7922 280.8306
398.5422 279.0106
399.2322 278.0206
399.7022 277.6406
399.7322 276.4506
399.4022 275.9506
400.1322 276.3206
400.7122 276.8006
400.9822 277.2506

Queensland
24
436.3822 236.9606
435.9122 237.0606
435.4722 237.6506
434.8822 239.8006
435.4622 241.2206
436.1922 242.4306
436.1822 243.4606
436.0322 243.7206
436.4822 244.6606
437.6122 245.5706
438.1122 246.5506
438.2022 247.0806
438.0922 247.4906
437.4422 248.5506
437.2322 248.6706
437.6422 249.4306
438.5722 250.0406
438.6622 247.6006
438.9122 247.0506
439.4322 246.7106
439.5422 246.2906
436.8922 240.0506
436.4122 238.4806
436.5722 237.5106

Queensland
17
285.1222 341.7506
285.0122 342.4106
285.3022 343.5606
285.9222 344.4206
286.8322 345.1106
288.7122 345.3406
289.3022 345.6606
291.3922 345.3206
291.4522 344.6606
290.9822 344.4406
290.2722 344.2906
289.8022 344.6706
288.8022 344.2706
288.9622 343.9206
288.2922 342.8106
287.0822 342.3506
285.5122 342.0606

Queensland
12
416.2522 260.8606
415.6622 261.4106
415.2422 262.3406
414.5122 263.0006
414.0922 263.9406
413.9922 264.7606
414.4722 264.8706
415.9922 263.9106
416.2022 263.5606
416.9022 262.2206
417.0322 261.3006
416.7422 260.9506

Queensland
10
362.6522 322.1306
361.9022 322.4206
361.6922 323.4606
361.2122 324.1106
360.7122 324.3506
360.4422 324.8506
360.8922 324.9606
362.4322 324.2406
363.3322 322.9406
363.0122 322.3206

Queensland
8
439.9122 213.5606
439.7222 213.9806
439.7822 215.0206
440.2022 217.4006
440.6222 217.5006
441.3722 217.3706
440.6522 214.9906
440.4222 213.6206

Queensland
6
440.1122 218.0406
439.3922 220.0606
439.3922 221.7006
440.3222 222.2106
440.5622 222.0306
440.0022 219.9106

Queensland
8
318.0722 408.3206
317.3922 408.8706
317.3422 409.5606
317.9922 409.9906
318.4422 410.0806
318.9722 409.2806
318.9022 408.8706
318.3822 408.7406

Queensland
7
319.1222 413.8606
318.3722 414.1806
318.1422 414.5406
318.5622 415.1806
319.1622 415.2906
319.5222 415.1206
319.7722 414.6806

Queensland
6
288.1622 337.4106
287.8522 338.0606
288.9622 339.1006
289.5222 338.7006
289.7022 337.8706
288.4222 337.9006

Tasmania
178
369.4522   0.7906
368.5522   0.3406
368.3522   0.7906
366.9522   1.0106
366.0122   1.7206
365.0922   1.9206
362.7222   2.0406
362.4922   2.2006
362.3322   2.6306
362.0222   2.7206
360.7122   2.3206
359.9322   2.5806
358.7822   4.3906
359.4222   4.8406
360.6222   4.6606
361.2122   4.3406
362.0322   4.1706
362.0522   5.1506
361.2822   5.7906
360.8622   5.0306
357.9722   5.4006
357.7322   5.5706
356.5422   8.0006
355.1122  10.2806
354.8822  10.5106
354.2022  10.4806
353.6422  11.3806
353.2422  12.2306
352.4922  15.0006
352.0222  15.5106
351.4722  15.6706
350.7922  20.0506
350.8722  20.8806
351.0722  21.1406
351.3622  20.6206
353.2722  19.1606
353.7422  16.9806
354.6422  19.5006
354.0722  19.9006
353.6222  19.8606
351.6922  21.9806
351.4822  22.5806
351.5022  23.4606
351.3422  24.1206
350.6522  25.5306
349.2422  26.8606
348.1522  28.7906
345.2322  35.9606
345.3322  36.4706
345.0322  37.9906
344.7022  38.6106
344.5022  40.0506
345.3822  40.8506
345.4022  42.5106
346.0622  42.9506
348.4922  42.6606
349.9122  41.6106
351.6322  41.8906
352.2922  41.3306
354.5022  40.6106
358.1222  38.4606
361.6022  36.8206
363.9022  36.6106
364.9222  36.9206
365.8622  36.3906
365.8122  36.8906
366.6622  37.7906
367.4322  38.0606
368.0022  37.8806
368.2422  36.9306
368.8122  36.6406
369.7222  36.6606
369.4022  37.1206
368.6422  37.2906
368.4222  37.5006
368.3722  38.1906
368.8622  38.6406
370.5222  39.3906
371.9322  38.9206
374.2022  39.3806
374.8622  38.7906
375.6422  39.2606
376.7322  41.1506
376.9722  41.3006
377.6622  41.4706
377.9222  41.0906
379.0522  40.5806
379.4322  40.6006
380.1222  41.0006
380.4722  41.5906
380.6622  42.4606
380.8822  42.7006
381.3422  42.6806
382.0522  42.3506
383.5922  41.2106
384.1622  40.4606
384.7622  39.1106
384.0722  36.6506
384.1522  35.9106
384.6022  35.3206
384.6422  34.2306
384.1722  32.5106
384.2422  31.2806
384.6122  30.2106
384.0722  27.2906
384.4322  24.0906
385.0922  23.0206
385.1522  21.3606
384.5822  20.5506
384.1922  20.8806
384.1422  21.2306
384.4322  21.6006
384.5622  22.5606
383.7922  24.6306
383.3222  25.4006
382.0622  22.9006
381.2422  16.9706
380.7522  16.4706
380.5922  15.6306
380.7122  14.1106
379.9322  13.3006
379.4922  11.8206
379.6422  11.5806
380.1122  11.6106
379.9122  12.0406
380.2322  12.2806
380.9222  11.8606
381.2022  11.3106
381.2622  10.2806
380.8522  10.0106
380.6822   8.7206
381.2622   7.4106
381.1622   6.5706
380.8922   6.5506
380.1222   7.2306
379.3422   6.8906
378.9322   6.2806
377.9322   7.5206
377.2222   8.9706
377.0822   9.6806
377.6822  10.7506
378.0322  10.8506
378.2922  10.6106
378.3422  10.2506
378.1722   9.9006
378.8422   9.1806
379.7722   9.2506
380.1122   9.5406
379.3122  10.9406
376.7722  12.4906
376.4022  12.4306
375.8022  11.9806
376.0122  10.9706
376.3522  10.2306
376.0622   9.6506
374.9922   9.3006
374.7422   9.9206
374.9522  10.0506
374.7922  11.5506
373.8122  12.1806
374.1522  11.3206
373.9122   9.7806
373.2822   9.0106
372.9922   7.9306
373.2122   6.8906
373.0522   5.9206
372.6822   5.6806
372.3022   5.7306
371.4322   6.2906
370.6422   7.2206
370.4922   8.1606
370.2622   8.2506
370.0322   7.8806
370.0222   6.8806
371.3922   5.6306
370.9522   4.5306
370.3822   3.6406
369.8422   2.0706

Tasmania
15
382.8422  49.6306
381.8622  50.1706
381.5822  51.2306
381.6422  51.5306
380.4022  53.8606
378.8522  55.2406
380.1722  56.9806
381.1022  57.3806
383.2522  54.5106
383.6522  54.2206
384.4822  54.0006
384.5722  53.5906
385.0822  50.8006
385.0422  50.4206
384.7422  50.1406

Tasmania
17
337.7022  51.8406
337.3222  52.1206
337.1822  52.8506
337.3822  53.0006
337.3822  53.9806
336.7622  54.7906
336.7922  55.5606
336.9822  57.8306
337.8322  58.4606
337.9622  58.8306
337.8522  59.6406
338.3122  59.7706
339.2822  59.1806
339.7322  58.5306
339.8822  56.2406
340.1422  54.7706
340.0422  54.0006

Tasmania
12
387.6622  48.0606
387.6322  48.7506
387.4422  49.0306
384.9222  48.7106
383.9522  49.1306
383.9722  49.6806
384.6922  50.2706
385.4322  50.3106
386.1922  50.0806
387.7122  50.8506
389.1922  49.0906
389.1722  48.9406

Tasmania
6
377.1722   4.8206
376.4822   5.1406
375.7922   4.9906
375.2222   6.1806
377.1422   8.5506
377.8422   6.7206

Tasmania
5
378.0022   8.7106
377.2522  10.2806
377.9522  11.5006
378.3822  10.8406
378.7722   9.0306

Tasmania
6
385.8322  16.4006
385.8822  18.3606
386.5122  18.8406
387.0722  18.7906
387.5622  17.8306
387.5122  17.6806

Tasmania
4
352.8222  47.0106
352.6322  47.1506
352.5822  47.8406
353.2322  48.6106

