663 595

Hope_Town
14
300.4809 528.5277
300.4809 528.5277
300.5809 528.5977
300.7909 527.7577
300.7009 526.6677
298.8209 523.3877
298.6009 523.5977
298.6109 523.9477
298.8109 524.4377
299.0109 524.7477
299.2009 524.5977
299.3109 524.5777
299.2809 524.9677
299.4709 525.9877

Bimini
5
 81.9609 239.3477
 81.9609 239.3477
 81.6609 239.1977
 80.0309 240.3677
 79.8709 240.7077

Bimini
6
 78.6309 242.9077
 78.6309 242.9077
 78.4909 242.8577
 75.0809 246.7277
 75.5709 246.4277
 77.7409 244.1177

Bimini
4
 66.9509 258.0477
 66.9509 258.0477
 67.0609 257.3977
 66.8109 257.7877

Bimini
10
  5.4909 258.7877
  5.4909 258.7877
  5.3209 258.3277
  5.0309 258.4777
  5.3309 258.6377
  5.4409 258.7377
  5.4509 258.8377
  5.3309 259.0077
  4.7609 259.0577
  5.6409 259.1677

Bimini
4
 62.0209 269.4977
 62.0209 269.4977
 61.7809 269.2977
 61.6209 269.4377

Bimini
5
  0.7709 281.9677
  0.7709 281.9677
  0.2009 281.4877
  0.6009 282.0277
  0.9509 282.3277

Bimini
4
  9.2709 285.0777
  9.2709 285.0777
  8.6909 284.8677
  9.0109 285.2977

Bimini
4
 10.5209 285.3777
 10.5209 285.3777
  9.9709 285.0477
 10.0909 285.5277

Bimini
4
 15.7609 287.7877
 15.7609 287.7877
 15.7309 287.2677
 15.1409 287.4177

Bimini
4
 18.6009 287.5177
 18.6009 287.5177
 18.2309 287.3777
 18.4009 288.0477

Bimini
9
 24.9009 289.5177
 24.9009 289.5177
 24.9109 289.4477
 24.9509 289.4677
 24.9809 289.2977
 24.8709 289.2477
 24.8409 289.2977
 24.8209 289.2977
 24.7409 289.4277

Bimini
4
112.8809 403.0877
112.8809 403.0877
112.8509 402.9077
112.7509 403.0877

Bimini
4
113.0909 406.3377
113.0909 406.3377
113.1209 405.6377
112.8709 406.2177

Bimini
4
112.8309 407.1177
112.8309 407.1177
112.8009 406.9277
112.7209 407.0477

Bimini
4
111.3509 410.3877
111.3509 410.3877
111.3509 410.2977
111.1509 410.3877

Bimini
5
111.5409 411.1777
111.5409 411.1777
111.4609 411.1777
111.4609 411.2377
111.5709 411.2877

Bimini
4
109.7309 416.0977
109.7309 416.0977
109.8609 415.6077
109.5309 415.9077

Bimini
5
108.9009 418.3877
108.9009 418.3877
108.9009 418.1477
108.6609 418.2677
108.6909 418.5577

Bimini
5
108.1509 420.3077
108.1509 420.3077
108.1509 420.1577
108.0309 420.2677
108.1009 420.4477

Bimini
9
107.9409 420.8277
107.9409 420.8277
107.9409 420.7577
107.9809 420.7777
108.0109 420.6077
107.9009 420.5477
107.8609 420.6077
107.8509 420.5977
107.7709 420.7377

Bimini
4
103.6209 430.3177
103.6209 430.3177
103.6209 429.8477
103.5609 430.4077

Bimini
5
103.1709 431.6577
103.1709 431.6577
103.5409 430.7277
103.3609 430.7977
102.9809 431.7277

Bimini
5
102.0609 432.9677
102.0609 432.9677
102.0209 432.6077
101.2509 433.6877
101.2909 434.0477

Bimini
5
100.3909 435.8277
100.3909 435.8277
100.5209 434.8777
100.0309 436.0477
 99.7509 436.2177

Bimini
9
 99.2909 437.9677
 99.2909 437.9677
 99.3009 437.8977
 99.3409 437.9177
 99.3609 437.7577
 99.2609 437.6977
 99.2209 437.7477
 99.2109 437.7477
 99.1209 437.8877

Bimini
5
 99.8709 446.0777
 99.8709 446.0777
 99.8309 445.9977
 99.7009 446.0277
 99.7809 446.1777

Bimini
26
104.9209 453.1377
104.9209 453.1377
105.1609 451.1477
104.9309 450.3577
104.7509 450.7677
104.1909 450.4977
103.1309 450.1577
102.9809 451.0277
103.5809 452.4577
103.2509 452.9277
102.0909 451.8177
101.4809 451.0177
101.0209 450.2877
100.8209 449.0377
101.7309 448.2877
103.0309 447.7377
103.8909 446.9777
103.5709 446.4777
101.2309 446.8477
100.2409 446.8677
 99.9309 447.2877
100.1909 448.6677
100.8309 450.4977
101.9809 452.5077
103.6309 453.9077
104.5809 454.1777

Bimini
5
139.5309 471.2977
139.5309 471.2977
139.4809 471.2077
139.3609 471.2777
139.4309 471.5077

Bimini
4
138.8709 471.7377
138.8709 471.7377
139.0009 471.4977
138.8409 471.5277

Bimini
9
135.8509 473.1777
135.8509 473.1777
135.8609 473.1077
135.8909 473.1277
135.9209 472.9577
135.8109 472.8977
135.7809 472.9577
135.7709 472.9477
135.6809 473.0977

Bimini
4
114.9109 473.7477
114.9109 473.7477
114.7809 473.6277
114.7709 473.8977

Bimini
4
125.2109 478.3477
125.2109 478.3477
125.1309 478.2577
125.0709 478.5677

Bimini
5
118.6509 478.4677
118.6509 478.4677
118.0809 478.2577
117.9309 478.6077
118.4109 478.6777

Bimini
5
120.6509 479.7577
120.6509 479.7577
120.4309 479.5677
120.3809 479.6577
120.5009 479.9077

Inagua
75
637.1309  22.7077
637.1309  22.7077
631.6709  15.7877
628.9109   7.7377
627.0809   6.6777
620.7109   3.9577
616.9909   4.5377
615.9109   4.1977
615.0909   3.7877
613.4309   2.5977
612.8509   2.5977
612.8509   3.2777
613.4209   3.7777
612.1509   4.7777
610.3109   4.9977
605.8509   2.4277
602.9009   2.5977
597.8309   1.3877
594.0409   2.9277
588.5609   3.4177
587.3209   3.2377
585.9409   2.5077
585.5809   1.8277
585.0809   1.0077
584.7609   0.2877
584.2109   0.4077
583.2009   1.0777
582.1109   2.3677
581.8609   3.3677
581.6509   4.9477
581.5809   7.0177
580.0709   9.6377
579.7909  10.1377
580.0709  10.7877
582.6209  11.0577
584.0609  11.9777
584.6009  13.9677
584.7609  15.7077
583.7509  16.9477
582.8209  17.9577
582.8209  18.8977
585.7609  17.4777
587.5109  18.1377
588.9809  18.6577
589.9909  19.4577
592.6709  20.2777
593.2709  22.0677
595.1709  23.7677
595.9509  25.4777
597.8309  25.0377
599.5309  26.0177
602.0309  26.0377
602.9109  26.0677
603.7809  26.4977
604.6609  27.1577
605.9209  28.9677
606.6309  29.7477
606.9409  29.3477
607.4909  27.4377
608.8609  25.7877
610.5809  23.5077
612.7909  22.4677
618.1709  20.7177
620.0609  21.9077
621.9509  22.8377
626.2409  23.9177
628.2309  26.4677
629.9809  30.0577
634.1909  36.7877
635.4909  38.5677
637.1409  39.5977
638.9909  38.8277
639.6409  37.2077
639.5409  35.0877
637.8409  25.2677

Inagua
25
636.2909  47.4777
636.2909  47.4777
635.4909  47.3677
635.3209  48.3377
635.5609  49.4777
634.9509  51.2477
633.8309  53.0277
633.5009  54.9077
634.3609  55.5877
636.3609  56.2477
637.9709  57.2477
639.4709  59.0777
640.7609  59.9877
641.5609  59.4877
642.6009  58.1377
643.5109  57.3277
645.2109  56.4077
646.9109  55.6477
647.7109  54.7277
647.3409  52.9077
645.7409  51.8377
642.5409  51.4677
641.0409  50.0577
640.0709  49.8377
637.1509  48.3777

Mayaguana
65
628.1109 134.0177
628.1109 134.0177
626.6309 134.4177
625.8109 135.0277
626.0109 135.9077
627.5809 137.1277
627.0909 137.7777
627.0509 138.2077
627.5809 139.1377
627.9809 140.3377
627.8309 141.3377
627.8509 142.1777
628.7509 142.9277
630.2209 140.9877
630.9509 140.5177
632.2509 140.3377
632.2509 140.5377
632.7409 140.9477
633.4309 141.3877
634.0209 141.6077
634.6209 141.5577
635.9009 141.1377
636.6109 141.0277
638.7309 140.2377
643.1409 137.1977
645.1809 137.1277
644.7609 137.6477
644.0109 139.1377
646.8609 137.6777
648.2909 137.3277
649.2209 137.8077
650.5609 136.7677
651.8809 136.1977
653.4209 135.9677
655.4109 135.9077
655.9909 135.6577
656.6509 135.0277
657.7809 133.6677
658.6009 133.0777
660.2809 133.0777
661.0209 132.7477
661.7809 131.0477
661.3709 129.1877
660.2709 127.6777
658.9309 127.0577
657.4009 127.5577
653.4209 131.4877
651.6809 132.7777
650.3109 133.5477
648.8109 133.9177
646.6409 134.0177
645.6709 133.9077
644.3909 133.4277
643.7109 133.3277
642.7009 133.5277
642.1509 133.9877
641.7109 134.4377
641.0309 134.6477
639.1809 134.2577
635.7909 132.4677
633.7209 132.0577
632.8109 132.2577
632.2409 132.6977
631.8109 133.1277
631.3509 133.3277

Acklins
6
587.9809 153.8477
587.9809 153.8477
586.4409 153.5677
587.0709 156.0777
588.1209 156.8377
589.1609 156.1477

Acklins
11
599.8709 154.8177
599.8709 154.8177
599.3209 154.6777
595.7009 155.7977
594.1009 156.2777
592.3609 156.5577
592.1509 157.0477
593.6909 157.2577
595.1509 157.4677
597.0909 156.9777
599.0409 156.0677

Acklins
107
567.6509 167.1177
567.6509 167.1177
565.6309 163.5177
564.6709 162.6277
564.6209 163.5577
564.3209 164.2977
563.7609 164.8177
562.9709 165.0977
563.2609 163.8377
563.9709 162.6277
564.9009 162.0377
565.8909 162.6277
566.4709 161.2677
567.2609 154.3377
567.7309 152.9077
568.8209 150.5277
567.3509 150.1677
566.7309 148.5977
566.4309 146.5677
565.8909 144.8377
565.0609 143.7577
563.8209 142.5177
562.5209 141.4677
561.4809 141.0277
560.5009 140.2077
557.6509 134.6477
553.1809 130.9377
552.3909 130.5377
551.4809 130.4677
546.2709 128.3277
544.1309 127.8577
542.8209 126.6577
540.6809 123.2077
539.9909 122.4477
537.7309 120.4577
536.8609 120.0477
534.9209 119.7477
533.3909 118.9277
530.6309 116.2577
530.5209 117.0977
530.6309 120.3677
531.0209 121.2777
531.9209 121.5277
535.3009 121.2577
536.0209 121.5977
538.6009 123.8977
538.6709 124.4877
537.7609 125.1677
537.7609 125.7377
539.4409 126.8077
540.0509 127.0577
539.5509 127.2077
539.1609 127.3777
538.9009 127.7177
538.8309 128.3277
540.5509 129.0077
543.0709 130.5477
545.0509 130.8477
545.5109 131.1577
546.4409 132.4577
547.5809 133.2577
547.4909 134.4277
547.1609 135.7077
547.1809 136.5477
548.7609 137.1877
551.1009 137.4377
553.2209 137.9577
554.1409 139.4277
554.5009 141.6677
555.4809 142.7477
556.9909 143.1777
558.8709 143.5077
562.2709 144.7777
564.6209 146.9577
565.4309 149.9577
564.1409 153.6977
561.7809 155.4477
555.6909 155.5477
552.9709 156.9177
551.6809 158.1577
551.8309 158.5077
552.8709 160.1777
553.4309 160.7177
554.0509 161.0777
554.7309 161.2977
554.1809 161.9077
552.9709 163.8377
555.8009 163.0077
556.4809 162.6277
556.7709 163.6577
557.4009 164.4477
558.1709 164.8177
558.8709 164.5277
559.3909 164.9177
559.6209 165.0477
559.9909 165.0977
559.9909 165.7977
559.2909 165.9977
559.0009 166.1877
558.7709 166.5177
558.2409 167.1177
562.6609 167.0677
564.7709 167.4077
567.0609 168.3377
567.1509 167.9777
567.1909 167.6777
567.3209 167.3877

Crooked_Island_and_Long_Cay
9
523.9709 152.5577
523.9709 152.5577
521.3309 150.5277
522.0909 154.5077
524.5809 157.1577
527.6309 159.5177
530.0509 162.6277
529.6109 160.0177
527.1609 156.1877

Crooked_Island_and_Long_Cay
46
537.7609 170.9277
537.7609 170.9277
538.0709 170.8377
539.1109 170.9777
539.4609 170.9277
539.6409 170.6577
540.0509 169.5977
541.7209 169.0177
544.8009 168.8077
546.5909 168.3377
545.9509 169.5977
547.8609 169.1377
552.9709 167.1177
546.5909 161.2977
546.3009 162.0577
546.2609 162.2577
545.3709 162.6277
545.4409 164.1577
543.8709 163.8677
541.6409 163.1777
535.3209 164.8377
534.4409 165.5677
533.0309 167.1177
532.5609 166.0277
531.5309 165.1077
530.5209 164.6077
530.0509 164.8177
530.5409 166.8277
530.5309 167.8777
529.7809 168.3377
524.2109 176.6377
524.5309 176.9377
524.6709 177.2477
524.7309 177.5577
524.8409 177.8977
525.7809 177.9577
527.2109 178.4577
527.7709 178.5477
528.7909 178.2477
531.2209 176.6377
532.0809 176.4077
533.9409 176.2477
534.7809 176.0077
537.1809 174.0377
537.4409 173.2477
537.5409 171.6077

Crooked_Island_and_Long_Cay
8
570.0409 202.7977
570.0409 202.7977
576.4809 202.1677
581.2909 202.6777
582.9609 202.1677
582.9609 201.4677
575.3309 199.9277
571.7209 200.0077

Ragged_Island
16
406.8309 119.1377
406.8309 119.1377
407.1609 118.5077
407.4609 117.3177
406.8409 116.6177
405.7709 116.5877
405.0609 117.3477
404.5609 118.5877
404.4609 119.3177
404.8609 119.4277
405.3709 119.2577
405.8909 118.8777
405.8009 119.4477
405.3309 121.0077
405.6109 121.1877
406.0209 120.5777

Ragged_Island
7
404.7809 122.2277
404.7809 122.2277
404.4609 122.1177
404.1409 122.3577
404.2709 124.7477
404.6409 124.5777
404.8709 123.0277

Ragged_Island
6
403.5609 129.2777
403.5609 129.2777
403.5309 128.4577
402.9909 128.8077
403.1509 129.4877
403.0109 130.1877

Ragged_Island
10
399.9209 133.0777
399.9209 133.0777
399.6809 132.5577
399.0209 133.3577
398.4209 134.7577
398.1309 136.0877
398.4709 136.3377
398.9809 135.3677
399.1509 134.7777
399.4809 134.2377

Ragged_Island
8
397.1109 143.1177
397.1109 143.1177
396.5409 143.0677
396.1709 143.6877
396.2009 144.3577
396.4109 144.8077
396.8009 144.4977
397.1209 143.7477

Long_Island
113
480.7609 191.2977
480.7609 191.2977
481.7909 190.3577
482.5309 187.9577
482.9609 185.1477
483.0809 181.4977
482.9109 180.5077
482.4009 180.1077
481.3409 180.4477
480.8509 181.0877
480.2209 184.2477
479.9109 184.0277
479.0609 183.6277
478.5009 186.0477
476.0509 190.4177
475.1609 194.2277
474.3509 195.5277
471.4609 199.0777
470.5709 199.9277
469.5009 200.4477
459.7009 202.3977
457.5709 203.7477
456.4709 204.6477
450.3609 208.5477
449.0109 209.0977
449.2709 210.0077
449.6709 210.8377
450.2009 211.5977
450.8809 212.3477
451.4109 212.3477
452.2609 210.9977
454.6809 209.8077
455.5509 208.5177
453.3509 208.8377
452.6309 209.0977
453.2209 208.0177
454.1009 207.0977
455.1209 206.5577
456.1409 206.6177
457.1909 205.9177
458.8209 204.5277
459.6009 204.0777
460.5609 203.8377
461.9509 203.7177
462.8209 203.9977
462.2509 204.9977
457.3609 210.4577
456.7309 212.0277
457.0509 214.5377
457.7709 216.3577
458.5509 217.8377
459.0109 219.3477
458.9409 221.5577
458.3809 224.0677
457.4109 226.2877
456.1409 227.6877
455.8309 227.2577
454.9209 226.4077
455.0609 228.6077
451.8209 231.3677
451.9909 233.4177
450.8409 233.7077
449.7909 234.1277
449.2509 234.8277
449.6509 235.9677
447.9109 237.3577
447.2609 238.8377
446.7309 243.0377
444.9709 247.5077
444.1409 247.9477
443.5809 247.7377
442.9709 247.2777
441.9909 246.9377
442.5809 251.4377
442.0909 252.7877
440.3009 251.3377
441.1009 252.5777
441.4609 252.9877
441.9909 253.3077
440.9209 253.6477
440.2209 252.9777
439.5309 251.9777
438.4809 251.3377
438.4809 252.0377
439.3509 252.9777
440.0209 254.0677
440.3809 255.4277
440.3009 257.1377
440.8109 257.0077
441.2509 256.7377
441.6309 256.3477
441.9909 255.8677
447.0209 247.5077
448.1809 246.7777
449.7309 244.9977
451.1609 242.8677
451.9909 241.0777
453.0309 234.7577
454.0609 233.1377
455.5609 231.4677
460.6309 221.5777
460.5009 220.6177
461.1709 219.7577
461.4009 217.7377
461.4009 213.6177
462.1009 209.1277
463.5509 206.3277
465.9809 204.6177
473.2809 201.8577
476.4309 199.3977
481.9809 193.1477
481.6209 192.6677
481.1409 191.7577

Rum_Cay
21
486.9109 256.9677
486.9109 256.9677
486.3609 255.7677
485.5009 255.0877
483.6909 255.1777
483.6909 254.5877
484.2209 253.8777
482.6709 253.8577
480.6209 254.5177
479.5909 255.8677
478.0409 255.1577
475.2109 255.1277
473.6909 254.5877
473.3709 256.7277
473.9509 257.9277
475.2809 258.5677
477.2509 259.0577
481.5609 260.3377
484.7609 260.2977
485.8509 259.8177
487.7709 258.4177

Rum_Cay
8
459.2009 269.5577
459.2009 269.5577
458.6309 269.2277
458.1009 270.7177
458.6409 272.0677
459.3509 272.2077
459.6009 271.7777
459.6309 270.7577

San_Salvador
30
514.2109 288.5977
514.2109 288.5977
513.5009 287.4977
512.2709 283.6677
512.1809 282.8377
506.5509 282.1977
506.5509 282.8377
508.0009 284.6877
508.9809 287.5877
509.3409 290.8477
508.9409 293.7177
508.9809 295.9777
509.9209 297.3377
511.4109 298.1777
513.0909 298.8477
513.5609 299.2377
514.0309 299.7577
514.5409 300.0577
515.1109 299.8177
516.3909 297.5077
516.6009 297.2777
516.7709 296.2977
517.5509 294.9777
517.7709 294.3677
517.7209 293.5077
517.2509 291.6577
517.1309 290.8177
513.6209 284.6977
513.3709 285.7777
513.5209 286.7077

Cat_Island
67
441.7309 306.9577
441.7309 306.9577
442.3909 305.5677
443.8109 300.1377
439.9209 301.4277
438.1509 301.5877
436.1409 301.4177
432.2709 300.6277
430.9109 299.8877
429.4209 298.5577
427.3009 298.3477
425.0009 299.8877
424.0309 301.8077
425.8809 302.7477
427.1409 303.0877
428.9709 303.9777
430.6609 305.2077
431.5109 306.6077
433.1609 306.5577
433.9309 309.1077
433.5609 312.1777
431.7909 313.6577
429.2809 314.2177
427.5209 315.6077
422.9409 323.1177
422.2609 325.7677
420.6209 328.2077
420.2409 329.4877
419.7209 332.4777
418.2709 334.7277
416.0509 336.0377
413.2309 336.2677
413.5609 337.2477
413.6309 338.3877
413.5009 339.5777
413.2309 340.7077
412.7709 341.8577
412.3309 342.2877
411.7409 342.5777
407.9609 345.9077
405.2009 347.3077
404.4509 347.8377
403.8709 348.6377
403.7909 349.3577
404.1809 350.1177
405.9609 352.2577
406.6709 352.5577
407.9609 352.3977
408.5309 351.9777
410.8309 349.7677
413.0609 348.8977
414.0909 348.3277
415.0309 347.1977
415.6909 341.1877
416.2009 339.4177
417.0409 338.4277
418.4109 337.1677
419.6809 335.6777
420.7109 332.7277
423.0909 328.3477
427.9009 321.3577
429.4409 320.1077
432.7909 318.2777
434.3909 316.9277
436.5109 312.4577
437.0209 311.7377
437.9709 311.0977

South_Eleuthera
42
369.7809 378.9477
369.7809 378.9477
369.4809 377.1277
369.8609 375.4477
370.9509 373.0177
371.2809 371.4577
370.9509 366.9577
370.5009 365.0477
368.4809 361.7977
368.0309 360.4877
367.8109 353.8777
368.1109 350.2477
369.2009 347.1977
366.3509 348.4577
364.8709 351.4677
363.9409 354.9277
362.7609 357.5577
361.3409 358.5877
357.6009 360.1177
356.0109 361.1277
354.2009 363.2277
354.4209 364.0977
355.8209 364.1977
364.2209 362.7677
364.7909 363.0177
365.1909 363.6277
365.5409 364.3577
365.9809 364.9977
367.3909 366.4177
367.8009 367.2577
368.0309 368.5677
367.9609 370.7377
367.2609 370.2477
366.2709 368.7377
365.3709 367.8677
364.8509 368.9377
364.9509 371.3577
365.6909 375.6677
366.1709 377.2477
366.4109 377.6277
366.9109 378.2477
368.4209 379.6477

Central_Eleuthera
25
369.2009 396.3777
369.2009 396.3777
371.7709 394.6877
372.8809 393.3777
373.3409 391.5677
372.6209 383.5477
372.2609 382.0377
372.1709 381.2077
371.8309 380.2177
371.0409 379.6177
370.2309 379.2477
369.7809 378.9477
368.4209 379.6477
369.3709 380.5377
369.7809 381.2077
370.4509 386.6077
370.4209 388.6277
368.8809 392.9877
366.1909 395.2977
363.1209 396.8777
360.4209 399.0277
354.5309 407.7077
356.1109 409.0577
358.6709 405.4877
363.8509 400.3877

North_Eleuthera
38
356.1109 409.0577
356.1109 409.0577
354.5309 407.7077
353.3509 409.4377
351.1809 411.2277
347.9309 412.4377
341.0709 413.9577
337.5409 415.7777
332.3709 420.7177
329.0009 421.7377
327.1309 421.9377
323.5909 422.8277
321.9509 423.0277
320.1109 422.5477
317.1009 420.8577
315.8109 421.0877
317.9509 423.3277
319.1509 427.0477
320.4909 434.1077
319.9009 434.1077
322.8509 434.1377
324.1809 433.9577
325.1709 433.4577
324.2309 431.9877
323.8209 430.5277
323.7909 428.9077
324.0009 426.9177
325.3409 428.6977
326.3009 427.8077
327.0709 425.9777
327.8509 424.9677
329.5109 424.5077
340.3809 416.0677
343.5309 414.2677
347.5009 413.3177
351.4709 413.1477
352.8909 412.7577
354.2509 411.6677

Harbour_Island
8
317.0309 432.9377
317.0309 432.9377
318.0409 432.7177
319.1109 432.3477
318.7809 431.8177
317.8409 431.8977
315.5609 432.0477
316.0909 432.6377

Spanish_Wells
12
312.0009 431.0777
312.0009 431.0777
312.9409 431.1577
313.6809 430.8577
313.5409 430.3377
312.0009 429.6677
310.3209 429.6677
309.2509 428.8477
308.3109 428.6977
308.2409 429.4377
309.5809 430.3377
310.6609 430.5577

Exuma
9
422.4409 232.9977
422.4409 232.9977
423.8109 230.8677
420.7309 231.8777
417.1209 232.5977
414.0909 233.7277
412.7009 235.9677
415.5709 235.7477
419.2609 234.6977

Exuma
46
384.9809 256.3477
384.9809 256.3477
385.7409 255.1777
386.6809 254.2277
387.7309 253.6677
389.0709 253.3877
390.8909 253.3077
390.6009 252.9177
390.4509 252.6077
390.2209 252.3477
389.7209 252.0377
395.3309 246.0477
399.3809 243.6777
400.3009 243.3677
401.6509 240.4577
404.8709 238.1477
412.0609 235.3277
410.8309 234.0177
408.8709 234.5477
405.0309 236.6677
400.6809 237.0077
399.0609 237.8477
399.7709 239.7977
398.1809 240.9177
396.5609 242.4177
395.0809 243.2677
393.8709 242.4077
390.8909 245.5877
387.6909 247.9877
384.0709 249.1777
379.8309 248.7877
379.8309 249.4277
382.3609 250.1977
382.7609 250.4077
382.5909 251.2477
382.0209 252.0977
382.1109 252.6177
381.2009 253.2277
380.4909 254.3077
380.3209 255.5077
381.0009 256.5077
382.0509 256.2977
382.7909 256.5977
383.3509 257.0077
383.8709 257.1377
384.5409 256.8377

Black_Point
11
355.6909 284.6977
355.6909 284.6977
355.1609 284.1177
353.8709 285.4477
352.2909 288.7777
350.8909 290.9277
349.8409 293.7177
348.9509 295.2377
348.6209 296.2077
348.6209 297.5677
350.7409 296.0677

Black_Point
14
342.6109 307.9177
342.6109 307.9177
343.3509 306.6077
341.7409 306.6177
340.7709 307.0977
337.1609 311.7477
336.3609 313.1277
336.3309 314.3077
337.6509 313.5377
338.4309 312.3677
339.0309 311.0477
339.8509 309.8077
340.8609 309.0077
341.7809 308.5477

Black_Point
10
316.8309 335.3377
316.8309 335.3377
316.2809 334.8877
315.4009 335.2777
314.9009 336.4977
315.1309 338.1677
315.7909 338.5277
316.4109 337.6677
316.6809 337.1777
316.7909 336.5277

South_Andros
11
235.5909 256.1277
235.5909 256.1277
235.1109 255.9377
234.8309 256.1977
234.3309 256.4677
235.0009 256.6877
234.7009 256.9677
234.7609 257.5177
235.8909 257.6877
236.3909 257.2277
236.0909 256.6877

South_Andros
6
227.4709 264.2177
227.4709 264.2177
227.0009 263.6377
226.6009 263.6777
225.8409 264.1577
226.1409 264.7477

South_Andros
8
283.0709 290.3677
283.0709 290.3677
282.6009 289.3777
282.0909 289.5577
281.4909 290.2177
281.1109 290.3977
281.6909 290.6577
282.6709 290.8277

South_Andros
98
251.1509 289.7377
251.1509 289.7377
250.7109 287.9377
250.6109 286.9677
250.8909 286.4477
252.0909 284.6677
252.3709 283.7777
252.0909 282.6677
251.4909 281.9177
250.8909 281.4577
250.6109 281.1777
249.7309 280.7677
247.8609 280.7277
246.1909 280.0277
245.8809 277.6577
248.8809 279.7977
250.6509 280.6077
252.3709 280.2777
253.0909 278.9477
252.5709 275.3977
253.0109 273.8277
251.5509 270.4877
250.4009 269.8977
248.2809 270.5677
248.5609 269.3877
250.1109 268.1077
250.6109 266.7277
250.4909 265.4677
250.0009 264.0877
249.3809 262.9177
248.8609 262.2577
246.1709 261.3177
244.1209 262.1977
242.2609 263.5877
240.0909 264.1777
241.5609 262.3777
241.5309 261.5577
240.7309 260.3377
240.0909 260.3377
238.6609 262.3277
236.1209 263.0177
230.6809 262.8377
233.6009 264.1777
233.1709 265.7777
235.0009 265.7277
239.5009 264.1777
240.0209 265.8677
240.8909 267.0677
242.0809 267.9477
246.6909 270.1477
247.9809 271.1677
247.9809 272.2277
246.4509 272.8177
244.9409 271.9477
243.4909 270.6477
242.1109 269.9877
237.1109 266.7277
237.4409 266.4677
237.6909 266.1477
235.6409 266.3877
233.5809 269.3477
231.8409 269.9877
237.4709 272.0377
240.3209 273.7577
240.7309 275.7477
239.5009 274.4177
237.8209 273.8777
233.2809 273.8277
232.0609 273.5777
231.0109 273.1277
230.0209 272.8477
228.9209 273.1177
228.2209 273.8777
227.7009 274.9977
226.4509 281.2977
226.3409 283.6677
226.8709 284.6977
230.3809 287.3377
233.6009 289.8777
235.1909 289.4277
236.5509 290.6577
239.2109 296.0977
241.0009 298.1377
241.8409 299.4977
242.1809 301.3377
242.2809 303.7077
242.5909 305.9377
243.6009 307.3077
245.3009 307.0377
246.5709 305.1577
247.6109 302.8077
248.5709 301.1277
249.6609 299.7877
250.2709 298.3677
250.5509 296.7177
250.7109 293.6177
251.1509 291.6377
251.2509 290.8177

Mangrove_Cay
64
233.6009 289.8777
233.6009 289.8777
230.3809 287.3377
226.8709 284.6977
225.6209 285.1277
225.5709 286.1677
225.9409 287.4577
225.9409 288.5977
224.9609 289.6877
223.7809 290.3977
223.1109 291.0177
223.6609 291.8077
223.6609 292.4377
221.9809 293.4977
216.6409 295.6477
217.1509 296.3577
217.7509 296.9877
218.9809 296.1777
219.4609 296.4377
219.5309 297.1177
219.5109 297.5677
219.5609 298.4477
219.3109 298.8777
219.3009 299.2977
220.0409 300.1377
220.9109 300.5977
223.2309 301.3777
224.1909 302.1177
224.5309 302.9077
225.0909 305.2177
225.4109 305.9577
228.3409 306.1677
229.4509 306.6077
230.3209 307.3577
230.6209 307.9377
230.8009 308.6677
231.3109 309.8077
232.6009 310.8977
236.1409 312.3777
237.1109 313.6577
239.5009 314.9977
240.3009 313.7377
240.9309 312.2277
241.6409 310.9777
242.6909 310.4577
243.2709 309.9377
242.4509 308.8277
237.1609 304.4077
235.0609 303.2377
232.4309 302.7477
232.4309 302.1177
233.9509 301.9877
234.5909 301.2877
234.2109 300.4977
232.6909 300.1377
232.3609 299.7677
233.2509 298.9177
235.3609 297.5677
236.7209 298.1677
237.1809 297.1377
236.9609 295.4377
235.5509 292.7677
235.2709 291.5577
234.8209 290.5577

Central_Andros
28
228.6009 309.4977
228.6009 309.4977
228.0809 309.0277
226.5809 308.5877
225.8709 308.5777
225.5109 308.8877
225.0709 309.0577
224.1909 308.5877
223.5909 307.6977
222.7709 305.1277
221.8909 304.0377
220.7809 303.2277
216.4209 301.0277
214.8809 300.8377
214.3209 301.5277
213.8809 302.7777
213.7109 304.0877
213.9509 304.9677
214.7409 305.0577
215.8109 304.7577
216.7609 304.7277
217.1709 305.6177
218.0209 305.9277
222.7209 309.1677
223.1309 309.3377
224.5209 310.1577
225.4109 310.4577
228.9209 310.4577

Central_Andros
16
216.6509 309.1277
216.6509 309.1277
217.1709 307.8877
215.9309 308.1977
213.7609 307.8777
212.4909 307.8877
211.5609 308.2777
210.5609 309.0477
210.2209 309.8777
211.2609 310.4577
213.4909 310.8877
215.7109 311.9477
217.4809 312.4377
218.3909 311.1577
217.1209 311.1077
216.5909 310.3177

Central_Andros
9
224.6409 317.3177
224.6409 317.3177
223.0409 316.5577
221.6409 317.2877
221.6409 318.5877
222.8809 319.1277
225.4009 319.4277
225.9909 319.3777
225.6309 318.6877

Central_Andros
21
238.8809 319.6877
238.8809 319.6877
238.8609 318.8577
238.2009 318.3377
237.3209 318.6277
236.4109 319.1877
235.6709 319.4977
234.1609 319.3977
233.2609 319.0377
231.5709 317.2277
229.9309 316.0977
228.8209 316.3477
228.4309 317.2777
228.9209 318.2077
230.8009 319.1577
232.4009 320.3077
234.0109 321.0377
235.7309 321.4677
237.1109 321.3577
237.7009 321.0277
238.3909 320.4377

Central_Andros
44
210.1509 312.3777
210.1509 312.3777
209.3209 312.1677
208.5009 312.4577
207.7709 313.0277
207.2209 313.6577
206.2509 316.2477
205.7009 319.4577
204.8109 322.1977
202.8109 323.3477
200.1809 324.4977
199.6009 327.2777
200.1609 333.6877
203.1209 338.0177
205.5209 342.6277
209.1109 344.6077
216.6009 346.5877
225.8909 347.5777
233.7909 346.2277
233.2809 344.9377
232.7809 343.1477
233.4809 340.8477
235.3609 336.8377
235.7709 333.5177
234.9809 331.1077
233.0009 329.6277
229.7709 329.1277
228.4509 328.7177
227.5609 327.7677
226.8109 326.6977
225.9409 325.9177
223.3409 325.5777
222.6609 324.7677
223.6609 322.7077
222.6309 321.6577
219.5109 319.4977
217.9609 319.0277
214.9809 318.9977
213.9509 318.5277
210.5809 316.0577
210.1509 315.2977
210.3209 314.4777
210.6109 313.7077
210.6709 313.0177

North_Andros
141
233.7909 346.2277
233.7909 346.2277
225.8909 347.5777
216.6009 346.5877
209.1109 344.6077
205.5209 342.6277
203.1209 338.0177
200.1609 333.6877
198.6109 332.4777
197.5509 331.2177
196.2509 330.2377
193.9809 329.8277
192.2709 330.2877
181.5509 336.4077
176.4209 341.1677
174.7909 343.1277
173.7209 345.2677
174.8709 345.5477
176.6509 346.3677
178.2809 347.3577
178.9909 348.1877
179.2509 349.4977
179.8809 349.3777
180.6809 348.7477
181.3809 348.5377
182.3009 349.1177
182.9709 349.8177
183.1209 350.6977
182.4909 351.7577
183.6209 353.3877
184.9909 353.3377
186.1509 352.0877
186.6409 350.1177
186.5409 348.4977
186.2209 347.0777
185.6709 345.8177
184.8909 344.6177
183.3909 343.5577
183.1309 343.3277
183.3009 342.4077
183.7209 341.5777
184.3409 341.2377
186.6509 342.7077
187.9209 343.0777
188.6209 343.8277
188.4009 345.9077
190.0709 345.1077
190.0809 343.4077
189.6309 341.4277
189.8909 339.7677
191.3109 338.8977
192.1209 340.0777
192.3109 342.1577
191.9109 343.9777
192.7309 343.6077
193.6209 343.0777
194.3909 342.8377
194.8409 343.3277
194.7809 344.6877
194.1509 345.6277
193.2909 346.3777
192.5509 347.1977
192.4409 347.7577
192.6309 349.1877
192.5509 349.7677
192.0209 350.4777
190.6809 351.7077
190.1609 352.3977
189.8209 353.7177
189.5809 355.2077
189.0509 356.0877
187.8109 355.6277
188.7209 354.8377
189.0409 353.3777
188.9909 349.7677
188.1809 350.7677
187.6309 352.3077
186.9609 353.7177
185.7709 354.3377
185.6209 355.0477
185.8709 356.6577
186.6409 359.4877
187.9509 360.8677
189.8309 362.4277
191.1409 364.3077
190.7909 366.6277
191.6009 367.2077
193.8409 367.6477
194.3009 368.2177
194.5609 369.4077
195.7309 371.7077
196.0009 373.0177
196.7709 373.1077
196.4709 373.8477
195.7809 374.8377
195.4209 375.6677
195.6009 376.4177
196.0609 377.7277
196.7209 378.9777
197.4909 379.5377
198.1609 380.7277
197.9709 383.3777
197.1709 387.6277
196.2509 390.6277
194.4609 394.5577
193.3109 398.1777
194.3009 400.2677
195.7509 400.1877
198.8609 399.5877
200.1609 399.0277
201.2009 398.0377
201.7909 396.9777
202.5009 396.1277
203.9209 395.7877
205.2309 396.3477
206.4909 397.3877
207.8009 398.0277
209.2709 397.3777
210.3709 396.5777
211.5709 395.9277
212.7309 395.1077
213.6509 393.7977
212.3809 392.3177
212.1609 390.6477
212.8409 389.0977
214.2509 387.9877
213.1709 384.2477
212.8209 381.9277
213.3409 380.8877
214.9009 380.6477
216.1909 379.8677
217.3109 378.4577
222.5209 365.4577
226.3109 359.7577
227.7309 358.2177
229.1909 357.5577
230.2209 356.9277
233.3909 353.7477
234.1909 352.3977
234.2809 350.7077
234.1409 348.3977

Berry_Islands
16
225.2009 420.7877
225.2009 420.7877
224.3509 419.7877
223.3109 419.3277
221.9909 419.3277
221.2309 419.4077
219.6609 419.4377
219.7409 419.6177
220.2409 420.0477
220.8909 420.3477
221.4109 420.3977
222.4009 420.3177
223.7409 420.4077
224.7609 421.0277
225.4109 421.8977
225.6509 421.8577

Berry_Islands
11
227.0209 448.6477
227.0209 448.6477
227.1609 447.7877
226.1109 447.8977
225.0309 449.1677
223.6609 451.6777
221.9109 453.6277
221.3309 454.8177
221.8909 455.5877
222.9809 455.3777
223.8109 454.4177

Moore's_Island
10
251.2509 504.8877
251.2509 504.8877
250.8809 504.1577
248.2809 501.2677
248.7609 503.3977
248.3209 504.7277
247.7109 505.9777
247.6909 507.8477
248.4809 507.3877
250.7809 505.4477

South_Abaco
11
252.3409 484.2777
252.3409 484.2777
251.8009 483.1477
251.5209 483.1877
251.2109 483.6777
250.7309 484.0377
250.3309 484.5077
250.3409 484.7577
251.0409 485.1977
251.4109 485.8677
251.7709 485.8577

South_Abaco
56
295.9309 505.3777
295.9309 505.3777
295.2309 504.5877
294.5409 504.0177
293.8309 503.6677
292.3009 503.3477
292.4809 503.7477
292.8909 505.1777
290.1109 504.8477
287.4709 503.3477
285.1209 501.2277
283.2109 499.0477
282.4009 496.6777
281.6509 489.3877
281.7809 487.5777
280.8809 482.2077
281.3109 474.5277
281.0009 467.6577
277.9209 464.6777
275.6709 465.8677
273.6809 468.5777
272.2709 471.5577
271.7309 473.5277
270.3509 474.7677
264.0909 476.1477
262.3709 478.4577
263.7509 478.4677
265.3109 479.0077
266.5809 479.9977
267.5409 482.3577
268.5909 482.6477
269.8409 482.7977
270.8809 483.3177
274.0109 486.9077
276.0209 488.5977
278.2109 489.5377
277.6609 490.3177
277.3109 491.1077
277.1409 492.0077
277.1009 493.1477
276.7509 493.8077
276.0309 494.3777
275.3809 495.0777
275.2409 496.1177
275.7709 497.1877
276.5709 498.0077
277.3109 498.9177
277.6309 500.3177
277.5909 502.8377
294.6409 509.5477
294.8309 508.5077
295.2509 507.8477
295.6809 507.3877
295.8709 506.8977
295.9609 506.1277
296.0809 505.7577

Central_Abaco
19
271.7109 509.5977
271.7109 509.5977
272.0009 509.3177
272.5209 509.4877
272.7109 509.1877
272.6709 508.7477
272.7209 508.3977
273.0309 507.9177
273.1309 507.3277
272.8609 505.1377
272.6309 504.8377
272.1809 505.1677
272.6009 507.1777
271.9709 508.6877
271.6309 508.9377
271.1809 508.9477
270.1709 508.2377
269.9709 508.5677
270.4809 509.0077

Central_Abaco
9
272.2909 514.5877
272.2909 514.5877
272.0709 514.5477
272.2109 514.9977
273.3709 516.0777
274.2509 516.8577
274.9209 516.8877
274.7209 516.2277
273.8109 515.3777

Central_Abaco
25
276.9909 520.9077
276.9909 520.9077
277.1209 520.5477
277.0809 520.4577
276.9209 520.5277
276.6009 520.5777
276.5309 520.4277
276.7209 520.2677
276.7409 520.1977
276.5709 520.1577
276.4809 519.0277
276.6909 517.9177
276.2109 517.5177
275.8809 517.4777
275.5409 517.4677
274.7909 517.8577
274.4309 518.9177
274.0109 519.6277
273.5109 520.1177
273.6409 520.5177
274.0109 520.4677
274.4209 520.7577
274.9109 521.2677
275.6009 521.4777
276.4209 521.3277

Central_Abaco
13
260.2309 535.0277
260.2309 535.0277
260.5609 534.8277
260.8509 534.9677
261.0209 534.5677
260.9909 533.7377
261.0409 533.4677
261.2909 533.2877
261.0309 533.1277
260.2709 533.4277
260.1509 533.9377
260.2909 534.4677
260.0409 535.0277

Central_Abaco
61
275.1409 540.3177
275.1409 540.3177
273.9909 539.9577
271.1909 540.0577
272.4509 537.4677
274.2209 535.3677
276.4509 533.9677
281.6909 532.9977
284.0409 531.8277
288.1609 528.8177
291.3009 527.0777
292.3009 526.1977
293.0809 524.9577
293.7209 523.1977
293.7309 521.6477
292.6009 520.9777
292.3309 520.3077
292.3009 516.0477
292.6009 514.4777
293.3809 513.4677
294.5209 512.8477
295.8709 512.4777
294.7709 510.2577
294.6409 509.5477
277.5909 502.8377
277.3509 504.0677
275.9009 505.5077
278.6109 509.5477
278.5109 510.4677
277.7609 511.6177
277.6309 518.3577
278.8909 518.3877
279.8209 518.9177
280.5409 519.8377
281.1309 520.9777
281.2309 521.4577
281.1309 523.2877
281.3709 523.9577
281.9109 524.3577
282.5209 524.6177
282.9409 524.8977
283.8109 526.3977
284.1909 528.1277
283.5809 529.5377
280.5409 530.3477
278.5309 531.2777
270.6009 532.4577
269.0909 533.3977
268.1309 535.0277
267.1009 537.3777
267.4909 537.9677
267.5909 538.7477
267.3509 539.5777
266.3809 540.8577
265.9409 541.8777
265.6409 542.3477
265.1909 542.5077
269.2509 543.4277
271.0309 542.2077
273.0409 541.5577
275.8709 541.3677

North_Abaco
40
269.2509 543.4277
269.2509 543.4277
265.1909 542.5077
264.7909 542.1377
264.3709 541.6277
263.8609 541.3677
262.1109 541.5377
260.7609 542.0877
260.1609 543.0777
260.6709 544.5777
259.2509 547.8377
255.3509 554.3777
253.0109 557.1577
251.5609 558.2077
249.6909 558.9177
247.7809 558.9777
246.2009 558.0977
244.7109 557.5677
242.6809 557.8977
237.6409 559.5677
236.0909 559.7677
232.6909 559.7777
231.6809 560.0977
229.2609 561.7177
227.7509 562.3977
226.1809 562.6477
219.4009 562.1377
216.6909 561.1277
214.8809 561.0777
215.1309 561.4577
215.3909 561.5977
216.0009 561.7377
219.0909 563.7577
222.9709 564.4777
230.9909 564.3677
238.8809 562.5577
243.3909 562.1477
245.3509 563.7077
249.9209 561.5577
253.5409 558.8177

Grand_Cay
5
183.3509 592.8177
183.3509 592.8177
182.4609 593.7277
183.2609 594.1277
183.9509 593.6777

East_Grand_Bahama
23
224.7709 532.4777
224.7709 532.4777
224.7709 532.0577
224.3609 531.3677
224.0409 530.3577
223.5009 529.5277
222.9509 529.5077
222.7709 529.7777
222.5609 530.1477
221.3909 531.5877
221.0009 532.3977
220.8309 533.2177
221.2809 533.5977
223.8709 534.0877
224.2609 533.6377
223.4609 532.6377
223.2809 532.3577
223.9209 532.7577
224.1909 533.0377
224.6509 533.4977
225.5909 534.2577
225.8409 533.9777
225.0709 533.0377

East_Grand_Bahama
39
218.4609 544.1777
218.4609 544.1777
219.9909 540.7877
220.0509 538.9477
219.3409 537.4077
217.7509 536.7277
217.1309 536.9677
215.6809 538.2177
214.8809 538.6877
213.7809 538.8877
208.1809 538.5677
203.0809 537.3777
191.3109 535.0077
186.5409 535.0077
176.4509 532.4177
173.4709 538.8277
171.0309 543.7777
174.1609 542.5377
175.9409 543.0077
179.8909 542.0277
184.2609 541.2577
187.0809 541.1577
188.2309 542.8977
190.0009 543.7877
192.6809 542.5777
194.3109 542.2777
197.3609 543.5477
201.4809 542.9677
204.2009 543.8077
206.9209 545.0477
208.6609 545.2877
214.1009 545.3877
215.4209 545.9477
216.2309 547.0177
216.8109 548.2577
217.5709 549.3177
218.9209 549.8877
219.1209 548.1077
218.6909 546.1477

West_Grand_Bahama
17
171.3409 548.9377
171.3409 548.9377
171.1309 548.6577
171.1009 548.5077
171.1909 548.1977
170.9509 548.0577
170.5809 547.9477
169.9909 547.9377
169.3409 548.6777
169.2209 549.4377
169.5609 549.4077
170.2309 548.7177
170.3409 548.7977
170.4309 549.2177
170.6609 549.6477
170.9909 549.8677
171.2709 549.5277

West_Grand_Bahama
57
168.5409 530.3877
168.5409 530.3877
167.0009 530.1277
165.4009 529.6177
162.8009 527.3677
161.1209 526.8577
160.4309 526.3977
159.1709 527.8177
157.1909 527.8177
155.4109 525.3677
156.2909 523.8577
155.4909 523.1777
153.7009 523.0177
152.8909 522.6177
149.3909 522.9477
145.9809 524.1677
143.9009 526.2277
140.1709 528.5277
131.1709 537.8377
127.0909 541.2277
126.1809 542.6777
127.1009 542.6977
127.8509 542.4977
128.4909 542.0577
129.0509 541.3677
140.0709 534.3577
142.6209 530.8377
144.3109 531.1577
145.6709 531.3677
148.4309 530.1677
150.4809 530.1377
152.4109 531.0477
154.1609 532.2877
155.3409 532.8277
156.3509 533.4577
157.0109 533.8977
157.3309 534.6777
158.4209 535.5577
158.6409 536.7477
159.8909 537.8077
160.9409 539.9677
162.5309 541.0277
162.3309 542.0477
160.2709 543.3377
156.7109 543.9877
157.3009 545.2377
159.6309 547.9177
160.1409 549.0977
160.8009 553.1577
162.4309 551.9777
163.9409 550.0877
165.0409 548.0177
165.4809 546.3077
167.1009 545.3277
171.0309 543.7777
173.4709 538.8277
176.4509 532.4177

City_of_Freeport
8
160.4309 526.3977
160.4309 526.3977
159.6209 525.8477
157.7909 524.9277
156.2909 523.8577
155.4109 525.3677
157.1909 527.8177
159.1709 527.8177

New_Providence
26
256.2209 379.8877
256.2209 379.8877
254.9309 380.6477
253.2709 380.8177
251.6909 380.7777
250.6109 380.8877
249.2109 382.4877
250.1409 384.2977
252.1809 385.8477
254.1209 386.6877
255.3809 386.9077
258.2709 387.9877
259.5809 388.1277
263.2409 387.9877
266.8809 388.6577
268.2209 388.6277
269.4109 388.2077
271.4609 386.9577
274.7409 386.1977
273.8109 385.0677
264.8309 380.8477
262.7609 380.9077
260.0209 382.1177
259.5309 381.3277
258.5509 380.1977
257.3509 379.4777

