973 793

Belait
278
572.4367 226.2123
568.1667 222.7423
565.9967 217.8323
556.7267 203.3923
549.6067 195.0923
546.8267 192.6323
545.2767 190.1822
545.8967 187.1022
548.9867 184.6522
552.0867 186.4922
553.3167 189.5622
556.4167 192.0222
564.7667 194.1722
567.5467 200.6223
572.1867 205.8423
576.5167 208.0023
579.6067 207.3823
580.5367 204.3122
580.2267 200.9322
565.9967 172.9722
563.2167 168.0622
561.3567 165.9122
560.1267 160.9923
557.9567 159.7623
556.1067 156.3823
553.0067 153.9222
544.3467 142.8022
542.1867 141.2722
540.9467 134.8122
536.3067 131.7422
534.7667 123.7522
532.5967 121.6022
530.7367 120.6822
531.0467 117.6122
532.2867 115.7722
535.6867 115.7722
539.7067 119.1522
542.4967 119.1522
543.7267 117.3022
544.0367 114.2322
543.4267 109.6222
539.7067 106.2422
538.7867 104.7122
538.1667 101.0222
533.2167  97.3322
531.9767  91.5022
521.4667  87.1922
519.2967  85.3522
518.0567  82.8922
517.4467  79.8222
504.4567  68.1522
496.7167  59.2422
495.1767  56.1722
489.2967  48.1822
487.7467  44.1822
477.8567  31.8922
468.5767  26.6722
459.6067  20.2222
445.3767  11.6222
424.9667   4.5522
412.5967   2.7122
402.3867   0.2522
390.0167   1.1722
390.9467   4.5522
392.7967   5.4722
394.9667   8.8522
401.7667  11.3122
402.3867  13.4622
401.4567  15.9222
402.3867  18.0722
401.4567  22.0622
399.2967  24.5222
395.8967  25.7522
393.7267  29.4422
390.6367  31.2822
381.0467  33.1222
374.5567  32.2022
366.2067  34.0422
364.6567  35.5822
364.0367  39.2722
362.1867  42.0322
361.5667  45.1022
356.5567  48.4822
353.4567  52.4822
350.0567  55.2422
339.2367  59.2422
338.6167  60.7722
338.6167  62.9222
340.4667  64.1522
340.4667  68.1522
338.9267  70.9122
336.4467  73.6822
333.3567  73.9822
330.5767  75.2122
331.1967  77.0622
333.0467  79.5122
333.6667  84.7422
331.1967  89.0422
328.4067  92.1122
322.2267  94.5722
319.7467  96.1022
310.1567 102.8622
308.3067 105.3222
305.8267 105.6322
303.0467 104.0922
295.9367 102.5622
293.7667 103.4822
290.6767 105.9322
285.7267 115.1522
282.6367 118.8422
278.9267 121.9122
276.7567 127.7522
276.1367 132.9722
271.4967 140.6522
268.4067 148.3322
263.4567 153.5522
260.6767 162.7722
260.9867 168.6122
259.1267 170.1422
256.0367 176.2922
253.8667 178.4422
255.7267 183.9722
255.4167 187.9622
256.3467 196.5722
253.8667 199.0222
252.3267 201.7922
252.3267 205.1722
251.0867 206.0922
245.5167 206.7022
243.0467 205.1722
242.7367 201.4822
240.2667 202.1022
236.8567 201.4822
236.5467 199.6422
233.4567 196.5722
233.4567 193.8022
231.6067 188.5822
229.1267 186.7322
221.0867 191.0422
218.3067 191.9622
215.8267 194.7222
213.0467 195.6422
212.4267 194.7222
204.6967 194.7222
201.6067 196.2622
196.9667 196.8722
189.8467 194.7222
185.2067 188.8922
174.3867 193.4922
168.5067 193.1922
157.0667 191.3422
153.0467 192.8822
150.2567 195.9522
149.0267 198.4122
149.3367 201.4822
150.8767 205.7822
152.1167 219.6122
154.5867 235.8922
156.1367 240.5022
157.6867 241.7322
161.7067 253.1022
162.6367 257.7022
162.3267 260.7822
158.9167 262.0022
156.4467 264.4622
154.2867 265.0822
149.6467 268.4622
147.1667 271.2222
143.7667 272.8822
144.0767 275.9522
145.3167 279.9522
147.7867 287.0122
149.9567 291.0122
150.5667 294.6922
147.4767 305.1422
146.8567 310.0522
140.3667 324.4922
136.6567 331.2522
131.3967 338.6322
130.7767 341.0822
131.3967 347.2322
124.8967 359.8322
121.8067 366.8922
120.5667 371.1922
117.1667 376.1122
115.6167 379.7922
107.2667 385.3322
 96.7567 394.5422
 86.5467 401.3022
 84.3867 401.3022
 79.1267 398.2322
 76.0367 398.5422
 75.4167 402.5322
 74.1767 404.0722
 72.9367 408.3722
 62.7267 422.2022
 54.3667 429.9822
 49.1567 430.6722
 39.2367 433.0922
 20.5067 434.4722
  6.1767 437.5822
  2.5267 439.6622
  0.6167 441.7322
  9.3167 441.0422
 22.7067 441.5622
 24.2767 440.1822
 26.1867 440.0022
 39.4067 441.9022
 50.1967 441.3922
 62.7267 442.6022
 72.4667 442.2522
 80.6767 442.6522
 98.4967 445.7722
104.5467 447.4922
104.9767 447.0622
137.8067 456.3222
138.4667 456.1022
140.8367 457.3922
147.3167 459.3322
148.3967 459.3322
148.3967 458.4722
150.1267 458.0422
149.9067 459.5522
151.6367 460.8422
171.5067 467.5122
177.7667 469.8822
178.6367 470.7422
180.1467 470.3122
181.8767 471.8222
184.0367 472.2522
185.3267 473.3222
196.1167 477.0122
206.0667 481.2922
209.0867 481.7222
211.4667 483.2222
223.5667 486.8822
234.1467 491.1922
236.3067 491.4022
242.5667 494.2022
244.0867 493.3422
244.5067 494.4222
246.0267 495.7122
247.5367 496.1422
248.8267 497.6522
249.9167 497.2222
251.4167 498.2922
260.2767 501.9522
267.1867 505.8322
268.2667 507.1222
269.5567 507.1222
274.3167 509.4922
282.5267 514.2222
285.1167 516.3822
292.6767 520.2522
306.9267 529.2922
319.6767 538.9822
319.6767 538.9822
322.0667 534.1022
324.8067 530.4622
325.2667 525.0022
328.9367 516.8123
329.3867 509.0822
331.6767 504.5322
330.7667 496.3422
360.5267 456.7622
382.5167 463.5822
398.0867 437.6522
397.1667 423.5522
395.3367 417.6422
393.0467 414.0022
393.5067 405.3522
398.9967 401.7122
410.9067 395.6222
499.7567 303.2722
506.6267 283.2522
512.1167 257.7822
515.7867 247.7722
526.3167 244.5822

Brunei-Muara
13
725.0967 675.2923
722.0767 674.6523
718.7767 671.7023
713.7767 669.8323
713.0667 670.1723
713.2667 672.3923
715.4867 675.7023
716.7967 675.2623
723.4667 680.4523
725.0367 680.5523
727.2067 679.9223
727.5667 679.3523
727.2567 676.8423

Brunei-Muara
11
716.5367 681.5523
715.4567 681.7923
714.6867 683.0423
714.9367 685.2223
718.2267 688.1023
719.2367 691.0923
720.3867 691.7123
721.3367 691.1623
721.7267 689.9723
721.9067 685.6023
719.5567 683.3923

Brunei-Muara
7
721.7467 691.5623
720.6067 692.0223
720.5167 693.4922
722.2367 698.9222
723.8467 700.0422
724.7567 699.2422
724.7267 697.2622

Brunei-Muara
8
731.0067 738.4822
730.0967 738.7822
729.7067 740.1722
731.0167 743.7322
732.6867 744.8122
734.1167 743.6522
734.1067 742.5822
732.6967 739.7322

Brunei-Muara
29
756.0167 765.0122
760.2167 764.2022
770.2567 764.7822
772.0067 765.2422
772.4767 766.2822
774.9267 766.9822
776.5567 765.2422
778.0767 761.4122
780.8767 758.1622
782.3967 755.1422
782.3967 754.1022
784.1467 753.6422
784.6167 753.1822
784.4967 752.1422
783.9167 751.1022
781.8167 750.7522
769.6767 752.8422
761.7367 752.3822
754.2667 753.5422
751.6967 755.5122
751.2267 757.2522
749.3567 759.4522
746.7867 761.1922
743.8667 762.2322
742.1167 765.0122
741.7667 770.5822
742.4667 771.8622
744.0967 772.5622
746.0767 770.8222

Brunei-Muara
13
776.4467 787.8522
780.5367 787.6222
784.1567 788.3222
787.7767 787.8622
789.7667 787.0522
788.4767 786.5922
781.5867 786.8222
779.4867 786.0122
767.3467 785.5522
758.4767 783.5822
757.1967 784.2822
759.5367 786.0222
770.3967 788.8022

Brunei-Muara
230
724.8367 790.8722
725.7667 786.1222
730.4367 784.7322
752.6167 785.3122
754.2467 786.3522
755.9967 788.6722
755.9967 787.1622
753.5467 782.9822
749.1067 780.8922
748.3067 779.8522
742.2367 777.5322
736.0467 773.9322
734.1767 770.4522
734.4067 760.4822
731.8367 757.4622
725.7667 756.8022
723.4867 757.2122
722.4467 758.2522
715.8067 759.0722
713.7367 758.2522
714.3567 755.9822
713.9367 754.9522
711.4467 753.0922
711.4467 751.8522
713.5267 751.0322
718.2967 747.1122
718.7167 744.8422
718.2967 744.0222
713.9367 742.7822
713.5167 739.4822
715.3867 737.6222
719.9567 738.6522
722.6267 737.5122
722.1667 735.9222
719.8667 731.7022
713.2367 727.6522
710.7567 723.9722
706.6467 721.3322
704.0067 714.6722
698.9467 707.4222
696.7267 702.4322
692.3267 695.4322
689.8767 689.1123
688.3067 687.5523
681.6567 685.4123
677.8367 682.1123
673.5267 679.4823
673.3267 678.5123
675.0867 678.7023
678.4167 680.2623
685.1667 680.3623
692.4067 686.4823
695.8267 693.5822
699.1467 698.7322
700.7267 699.2222
703.0767 699.0322
704.3467 696.7922
704.9367 694.3622
704.8067 689.7123
706.2167 688.4723
706.8967 687.0123
706.6067 685.2623
705.6267 683.7023
703.2767 681.9523
691.6267 675.1523
679.2967 665.3323
677.8267 661.6423
678.1167 658.2423
678.8967 655.8123
682.0867 652.0023
681.9567 650.0123
680.4067 648.7823
675.1767 646.6723
674.6167 643.9223
675.4567 642.0223
677.3167 641.4123
678.5567 639.5722
679.1767 637.1123
677.6267 635.5722
673.6067 628.2023
669.8967 623.2823
667.7267 615.2923
665.5567 615.6023
661.5367 617.4423
647.9267 618.3623
642.9767 619.2823
620.7067 618.9723
611.4067 619.8322
604.0667 618.4723
594.1167 612.8222
591.3367 610.3622
583.2967 607.2923
576.2567 605.3522
569.6867 598.9923
565.3567 591.0023
564.4267 587.0123
558.5467 574.4123
557.7567 570.2723
555.7567 567.6523
548.6467 564.2723
531.0167 561.5023
523.5967 558.1222
518.9567 557.5123
514.3167 554.4423
512.1467 552.2923
508.7467 551.0623
508.7467 551.0623
511.4967 595.3922
528.7367 635.7923
536.8667 675.5423
536.8667 687.5023
534.7667 708.8222
534.7667 708.8222
535.6367 708.1722
537.3667 710.3222
537.7967 709.8922
539.0867 710.7522
536.2767 713.3422
533.8967 718.9422
533.4667 721.5222
534.7667 724.1122
535.6367 723.4622
534.5467 722.6022
534.5467 719.8022
534.9767 717.8622
536.9267 714.2022
538.0067 713.9822
539.9567 715.0622
541.8967 717.2122
543.1967 716.7822
542.5467 714.6322
543.6267 714.2022
546.8667 717.0022
545.3567 720.4422
543.6267 722.3822
539.7367 724.7522
538.4467 724.9722
536.2867 724.3222
535.6367 724.9722
536.7167 725.8322
539.3067 725.8322
543.4167 723.6822
547.3067 719.3722
547.9567 717.8622
549.6867 718.5122
550.5567 718.2922
553.5767 721.0922
552.9267 722.1722
552.0667 722.1722
552.4967 723.4622
554.6567 724.3222
555.0867 723.6722
554.4367 722.8122
555.7367 721.9522
556.3867 722.3822
557.0367 723.0222
555.9567 724.3122
556.8267 724.8522
558.1167 724.7422
558.7667 726.4622
561.1367 727.5322
562.0067 729.2622
563.3067 728.4022
564.8167 729.9122
563.9467 731.6322
565.2467 732.7122
565.8967 732.4922
567.1867 734.0022
567.8367 733.7822
569.1367 735.2922
568.4867 735.9422
568.9167 736.3722
572.1667 733.1422
573.2467 732.9222
574.3267 734.2122
574.1067 736.5822
576.2667 737.6622
577.3467 736.8022
575.6167 735.7222
575.4067 732.9222
577.3467 734.0022
579.5167 734.0022
579.2967 734.6522
580.8067 737.0222
580.3767 738.1022
580.8067 739.6122
582.0967 739.6122
583.3967 736.8122
585.5567 736.8122
587.0667 737.8922
587.4967 740.6922
585.9867 741.3422
586.1967 742.4222
588.5767 742.6422
589.2267 742.0022
588.5767 738.5522
591.0567 739.3022
597.6467 742.4222
598.9367 743.7222
600.0167 743.5022
605.1967 746.3022
610.5967 748.2422
611.4567 749.3222
611.8967 748.8922
612.7567 749.1122
621.3967 753.6322
623.7667 754.0622
629.8167 756.8622
631.9767 758.5822
635.8667 759.6622
641.6767 762.4322
651.8467 765.6922
654.2267 766.9822
656.1767 767.2022
657.8467 768.2822
660.4467 768.7122
673.2367 774.5322
674.4367 774.5322
676.2167 775.7722
685.1667 778.5722
693.5467 782.0722
696.3567 782.2922
697.4367 783.1522
698.7267 783.1522
706.5067 785.9522
709.3167 787.4622
710.8267 787.4622
719.8067 790.1622
721.9267 792.2522
723.7867 791.9122

Temburong
300
808.0567 690.1223
808.0567 684.1323
810.6467 681.2423
810.6467 679.9123
812.2167 676.8023
812.2167 673.4723
811.7667 671.2523
810.4267 671.0323
809.0867 672.5823
807.5267 672.5823
806.4067 671.4723
806.6267 667.7023
805.2867 664.8123
805.2867 662.5923
806.8467 661.0423
811.0967 659.9323
815.1167 659.7123
817.5767 661.2623
821.8267 660.8223
822.2667 657.4923
824.0567 657.0423
827.1867 657.9323
830.0967 657.9323
832.3267 656.8223
832.9967 654.8223
830.0967 651.0523
832.3267 648.1723
832.5567 644.8323
833.4467 643.0623
835.2367 641.5123
840.8167 634.4023
847.7467 629.3023
850.4267 626.4123
860.2667 620.1923
863.6167 616.4223
870.7667 611.5423
873.8967 608.6523
873.6667 577.0823
879.7067 569.0923
882.3867 562.6523
891.3267 554.0023
892.4467 552.0023
887.3067 531.5822
887.3067 526.6923
889.3167 523.8123
896.9167 523.1423
898.9267 522.0323
901.1567 514.4823
896.4667 501.8323
896.0167 496.5023
897.8067 494.5023
908.3067 487.4023
910.9867 484.9623
914.5667 481.6323
916.5767 477.4123
918.8167 465.6523
919.4867 457.8823
918.5867 450.5523
914.5667 436.8823
909.8767 429.1123
908.7567 426.0023
904.7367 411.3523
906.9667 406.0223
906.0767 402.0223
904.0667 398.6923
905.4067 392.0423
907.6367 384.7123
909.6467 380.4923
910.0967 377.1623
910.0967 373.6123
908.7567 370.7223
908.5367 366.0623
909.2067 362.7323
910.5467 359.6223
912.5567 357.4123
913.0067 355.8523
911.6567 350.9723
907.6367 341.4223
907.1867 338.9823
909.2067 333.2123
909.8767 328.9923
915.0167 324.0623
921.9367 315.6323
925.9667 312.5223
927.3067 309.1923
927.5267 303.6423
928.1967 301.6423
935.1267 297.8723
944.0667 295.2023
946.5267 291.2123
949.2067 290.9923
950.9967 290.1023
952.3367 288.1023
953.4467 283.2223
957.0267 277.8923
958.5867 272.3423
962.1667 265.4623
964.3967 263.9023
967.5267 263.2423
969.9867 261.6823
971.9967 259.2423
971.5567 255.0223
969.7667 250.3623
966.4167 247.0323
966.8567 245.0423
965.9667 241.9323
963.9567 240.3723
959.7067 238.3823
958.1467 236.1623
957.9167 234.1623
956.3567 232.3823
952.7767 230.6123
951.8867 228.8323
946.5267 225.0623
943.6167 224.3923
941.6067 224.8323
940.7167 226.8323
937.5867 228.8323
934.9067 231.4923
931.5467 235.7123
930.8767 237.7123
926.3867 240.2923
924.3767 242.2823
922.3667 245.8323
922.1367 247.6123
923.4767 253.3823
922.5867 255.3823
916.5567 254.2723
910.7467 255.1623
907.6167 259.1523
906.2767 259.3823
904.0367 259.3823
899.7967 254.9423
896.6667 253.6023
893.7567 253.6023
891.0767 254.4923
887.9467 256.9323
885.9367 259.1523
885.0467 266.2623
885.7167 270.4723
885.0467 273.5823
883.4767 276.2523
880.1267 277.1323
874.0967 275.5823
871.8567 275.8023
866.4967 274.2523
859.5667 273.5823
856.6667 274.2523
848.1667 278.0223
845.9367 279.5823
841.9167 280.4623
839.2267 279.8023
830.5167 279.8023
826.7167 281.3523
819.7867 285.5723
812.8567 287.7923
797.6667 283.3523
794.5367 281.8023
789.1767 280.9123
785.5967 280.9123
780.2367 283.5723
769.9567 290.9023
767.7167 290.6823
765.9367 293.1223
767.0467 296.8923
769.7267 300.0023
772.6367 305.5523
772.7867 308.0923
773.9767 311.2523
774.3167 317.3123
767.1667 327.0823
766.4967 330.8623
766.7167 335.0723
768.9467 344.8423
770.2867 348.1723
770.7367 352.3923
770.2867 355.5023
767.1667 360.6023
766.9367 371.0423
762.4667 377.2523
760.0167 385.2423
760.2367 390.7923
761.3567 394.3423
761.5767 401.6723
760.2367 405.4423
756.4367 410.3323
751.2967 419.6523
750.8467 424.7623
748.1667 437.3623
745.7067 442.4723
739.0067 448.2423
736.9967 452.0223
734.5367 457.1223
733.6367 461.7823
728.9467 472.4423
728.5067 476.2123
727.3867 479.3223
726.0467 480.8723
725.1467 483.3223
726.2667 486.8723
732.0767 491.9723
733.1967 494.1923
726.2667 497.9723
722.4667 501.3023
722.9167 505.0723
723.8067 507.2923
728.5067 507.5123
728.5067 509.5123
725.3767 511.7323
724.7067 519.5023
718.8967 524.1623
718.8967 525.9423
720.2367 527.7123
722.4667 527.2723
724.9267 528.3823
725.5967 529.9323
724.7067 531.4923
722.4667 533.0423
720.0067 530.8223
717.7767 531.2723
717.1067 533.0423
717.1067 534.6023
720.9067 542.5923
721.3467 546.8123
719.3367 547.6923
717.7767 550.0523
720.6767 552.9323
722.4667 553.8223
723.8067 556.2623
722.4667 558.0423
718.2267 559.5923
716.2067 561.1523
714.8667 559.5923
713.0867 558.7023
711.5167 558.9323
710.3967 560.4823
709.7267 564.0323
708.3867 566.9223
709.2867 569.8023
710.3967 571.1323
712.4167 570.9123
716.8767 574.2423
717.1067 576.6823
714.8667 583.5723
716.8767 588.0123
722.2467 592.2223
731.6267 597.3323
733.1967 599.5523
731.8567 603.9923
727.6067 604.4323
724.2567 603.5423
721.7967 603.9923
719.5667 605.3223
717.1067 607.9823
715.9867 611.9823
717.7767 613.7623
718.6667 622.8623
720.2367 623.5223
721.1267 622.6423
724.7067 623.0823
730.2867 627.0823
733.6367 630.6323
736.9967 631.7423
740.1267 635.9623
747.0467 640.1723
749.7267 639.7323
752.1867 640.4023
754.4267 642.1723
758.2267 643.0623
761.5767 643.0623
763.3667 641.7323
765.8267 643.2823
769.1767 646.6123
772.3067 646.1723
774.7567 643.7323
776.7767 643.5023
779.8967 644.3923
780.3467 649.0523
777.8867 651.4923
777.6667 653.7123
778.7867 655.0523
781.6867 652.6023
783.2567 653.0523
783.0267 655.7123
777.8867 659.9323
775.6567 659.9323
772.7467 660.8223
765.8267 669.4823
764.2567 675.2523
764.7067 677.9123
766.2667 680.5823
771.6367 681.6923
776.5467 685.0223
777.6667 686.3523
785.4867 686.3523
794.4267 687.9023
795.9867 689.4623
798.2267 689.6823
799.5667 688.3423
801.5767 688.5723

Tutong
186
534.8067 708.8722
536.9067 687.5423
536.9067 675.5923
528.7767 635.8423
511.5267 595.4423
508.7867 551.1023
508.7867 551.1023
506.9267 549.2623
509.0967 547.4223
514.9667 545.8823
517.1367 544.6523
517.1367 538.8223
515.8967 535.7423
513.4267 534.5123
512.1867 532.0623
512.4967 525.3023
515.8967 525.3023
518.6767 524.3823
520.2267 523.1523
521.1567 517.9223
522.5267 514.9522
525.3067 513.7423
528.7867 513.9123
531.9167 512.7023
532.2667 510.9723
530.7367 507.4822
528.8867 505.0223
528.8867 501.9523
529.5067 500.1022
531.9767 497.9523
531.0467 481.0623
532.2867 478.6023
536.9267 475.2223
537.9067 472.5123
537.8567 461.9523
538.4767 458.5723
539.7067 457.6523
537.2367 453.9623
538.1667 451.5023
542.4967 449.9723
543.7267 448.7423
543.4267 446.2823
541.8767 445.0523
543.7267 442.2923
544.3467 439.2123
544.0367 433.3823
542.8067 430.3023
543.1167 426.3123
545.8967 416.4823
544.9667 410.3323
547.4467 404.5023
546.5167 383.3023
546.8267 374.0823
545.5867 362.4123
546.5167 358.7223
548.0567 355.9523
548.6767 352.2723
548.3667 346.4323
553.0067 337.5223
552.3867 333.8323
554.2467 325.5423
557.9567 321.8523
567.2367 317.5523
570.9467 317.2423
574.0367 318.7823
577.1367 316.6323
587.0267 316.9423
590.4367 319.0923
594.7667 320.6223
598.4767 319.7023
600.3267 314.4823
599.4067 309.9923
599.0967 302.9323
596.9267 297.7023
595.6867 296.1723
597.5467 291.2523
597.5467 289.1023
596.3067 277.4323
592.2867 257.1523
589.5067 251.0123
583.6267 242.4023
578.9867 238.4123
576.2067 233.4923
574.0367 231.9623
574.0367 227.6623
572.4367 226.2123
572.4367 226.2123
545.5467 236.4023
526.3167 244.5823
515.7867 247.7723
512.1167 257.7823
506.6267 283.2523
499.7567 303.2723
410.9067 395.6223
398.9967 401.7123
393.5067 405.3523
393.0467 414.0023
395.3367 417.6423
397.1667 423.5523
398.0867 437.6523
382.5167 463.5823
360.5267 456.7623
330.7667 496.3423
331.6767 504.5323
329.3867 509.0823
328.9367 516.8123
325.2667 525.0023
324.8067 530.4623
322.0667 534.1023
319.6767 538.9823
319.6767 538.9823
329.1867 546.7323
335.6567 551.2523
335.8767 552.1123
337.6067 552.9723
345.8067 559.8623
346.4567 560.9423
351.4267 564.6023
357.4767 569.7723
364.1667 576.8723
365.4667 577.5223
366.3267 576.8723
368.0567 577.0923
368.9267 577.5223
370.0067 579.2423
371.2967 579.0323
372.1667 578.1623
374.7567 579.8923
378.2067 579.8923
382.3167 584.4123
382.5267 588.2823
380.3767 588.0723
373.8867 582.0423
371.7267 581.1823
371.5167 582.4723
373.6767 585.2723
376.6967 587.2123
381.8767 592.5923
390.5367 599.0623
395.9167 603.7823
396.3567 604.8623
402.5567 609.0223
418.5967 623.8123
422.4867 628.1223
429.6167 634.1423
430.9067 635.8723
437.6067 639.9623
441.2767 643.4023
441.7167 643.1923
447.9767 647.5023
449.9267 647.9323
454.6667 651.5923
465.6867 658.2623
467.8467 660.2023
469.1467 660.4123
471.9467 662.7823
473.0267 663.0023
478.4267 666.8823
479.9367 667.3123
481.8867 669.0323
486.8567 671.4023
491.6067 675.0623
499.5967 680.0123
501.7567 682.1623
506.9367 685.1823
512.7667 690.1323
519.6867 694.2322
522.7067 696.8122
523.1367 699.1822
523.7867 699.3922
524.8767 698.3222
525.7367 698.9622
526.3767 699.9322
526.3767 701.5522
527.2967 700.5822
528.7567 701.3322
529.4067 701.9822
528.7567 703.2722
529.4067 704.3522
530.4867 703.2722
531.5667 703.4822
531.7767 704.5622
531.3467 704.9922
531.9967 706.2822
533.0767 705.6422
533.7267 706.3122

