613 397

Blagoevgrad
140
110.7281 111.1299
113.3781 112.1099
116.5381 111.3599
119.1381 113.3899
120.4281 115.6099
121.8581 123.4799
123.0381 124.9899
125.4281 125.0799
126.7481 124.1799
129.6081 124.9899
131.5281 121.1599
134.9081 119.6299
136.4381 119.5499
137.4381 120.3599
136.1081 122.7599
136.6381 124.0899
139.3581 124.0899
139.3581 124.0899
138.3581 121.6799
138.6281 119.1099
140.8381 117.7799
140.5481 114.1599
142.2381 109.0999
141.8881 106.3999
144.2481 104.5599
144.1881 103.9399
140.3081 102.2299
137.0981  98.9299
136.7481  97.6399
139.2181  80.4399
141.5681  77.7999
147.5881  75.6799
157.9181  69.0199
165.4281  61.4099
171.2481  56.8399
171.2481  56.8399
172.3081  54.5699
169.1381  50.1199
169.4881  46.8399
167.0281  40.7799
167.1581  37.9099
167.1581  37.9099
166.9881  32.8899
168.1981  30.3499
165.8781  28.5099
163.5481  28.6799
162.7281  30.4099
158.3681  26.5899
155.5081  28.1499
154.2781  31.0599
152.5481  32.1099
151.8981  29.1999
150.4181  28.1799
149.1981  28.6199
147.0181  28.0699
146.4081  26.8499
141.4581  26.4099
140.3581  23.6199
138.0981  21.1199
137.4581  21.9099
134.5581  22.6099
131.0881  22.1599
129.1181  22.9199
126.6581  20.9499
126.2381  18.8699
123.4281  18.4399
121.6081  18.6799
119.8181  20.3399
116.8981  19.9299
114.6981  22.1899
110.6781  21.4299
105.9881  22.3899
104.3581  21.4899
102.6881  21.7999
 96.6581  17.0199
 94.6681  21.5699
 90.8681  21.6399
 88.3781  19.2999
 85.9081  18.3599
 85.3381  17.3099
 85.7681  14.8799
 83.3981  11.7199
 76.7681  10.2399
 71.4781  10.3699
 65.9381  13.0099
 63.8781  12.3299
 57.3181  13.5799
 56.9381  13.8999
 58.1281  15.2599
 59.8081  15.6699
 59.4681  19.0999
 59.9881  20.8199
 58.5681  23.8999
 61.1781  27.6199
 59.7981  29.8899
 60.0681  31.3099
 59.4481  31.5999
 59.1981  33.9099
 60.2181  35.1299
 60.3181  36.7099
 59.1881  39.2499
 60.3181  40.3099
 60.5881  42.6399
 59.8581  44.9199
 58.5781  45.9999
 58.7881  50.0299
 58.1581  51.9399
 59.1981  53.7099
 61.7081  53.8899
 61.4281  54.9599
 62.5481  57.1399
 66.5081  62.1499
 66.3181  64.5899
 64.1881  69.4599
 59.7481  70.3899
 59.8381  72.1999
 57.4581  76.0299
 57.0381  79.9599
 55.0181  83.7499
 53.6881  83.8599
 52.9481  88.9499
 50.9881  91.5899
 51.2981  96.8299
 51.1281  99.4899
 50.1881 100.4299
 50.4381 101.8699
 50.4381 101.8699
 54.3581 103.7599
 56.4481 113.3699
 58.3281 114.7399
 59.2981 113.6499
 60.8081 108.7499
 64.5581 108.9199
 66.8081 105.9799
 76.2781 108.3599
 81.1081 112.7799
 82.3281 113.0599
 94.6181 108.9499
 97.9781 108.6799
101.0181 106.4899

Burgas
280
464.8281 223.2899
470.8081 226.6199
480.7081 225.6599
483.7581 224.4699
490.0481 219.0399
495.1181 215.7299
500.6881 216.4199
503.0381 214.8199
507.4481 217.8099
517.4181 216.2399
522.0981 216.5099
524.3681 215.7199
523.7181 213.9599
524.0881 213.0899
529.0281 210.1899
533.1281 209.1699
537.4781 210.7099
541.0381 210.4999
541.0381 210.4999
542.7981 201.8499
541.6681 198.9899
542.8781 194.2999
542.5481 192.3099
525.8781 193.3199
524.6781 191.5799
524.2781 188.9099
525.5881 187.1899
527.2581 186.8099
525.1581 186.6499
524.3081 184.9799
522.4781 185.7499
520.9881 183.8299
518.1381 184.1299
516.7681 182.0599
516.7081 176.1199
518.3481 173.0099
517.6581 172.8099
515.0481 174.3799
513.4181 173.4899
511.7881 174.2399
509.4081 172.4799
507.3281 173.5799
505.4181 173.0999
502.6981 169.4199
501.9881 163.6899
501.0981 164.4299
500.7681 164.0599
500.1681 164.3399
499.5581 163.6099
499.3881 164.1799
498.5981 163.1999
498.5181 160.8499
500.1881 159.1699
500.2181 158.1799
499.5281 157.5899
500.4881 155.9899
501.4181 156.9799
500.5681 158.1299
501.5581 160.7599
505.1281 156.4499
506.6081 157.6299
507.4781 160.1399
509.6481 158.7999
511.3881 158.6699
511.1481 159.6699
511.9981 160.9499
514.3481 158.5099
515.9481 158.8699
516.1181 160.4199
517.0681 158.9499
518.4581 159.2699
518.1081 157.7599
518.6981 157.3199
517.8781 155.6399
519.3281 154.0799
520.8281 153.7799
522.3381 155.0199
522.6581 155.8999
523.1081 156.1099
522.8681 155.2499
523.5781 155.1699
523.7281 153.8599
526.1181 153.9599
525.6681 152.5499
524.0681 152.2299
524.1681 150.5099
525.5781 149.6899
524.2881 148.8199
524.4381 147.6699
526.9481 143.2099
528.6381 142.9699
528.9581 143.8799
531.6281 144.1299
531.2481 142.5099
530.3581 142.1099
532.4581 140.3199
530.0881 139.4099
530.3781 138.7099
528.6781 137.6699
528.6581 136.3299
529.6981 134.7899
528.4581 134.4299
528.4681 132.5299
530.6781 131.7499
531.5481 130.7999
530.9481 130.7199
530.9281 129.5499
534.7681 127.0999
535.9181 125.2999
536.8981 125.2199
537.2881 123.5499
538.8181 122.6099
538.2481 121.6099
539.1381 121.4999
539.6381 120.5499
540.3081 120.8899
540.5681 119.3599
542.4281 118.4999
543.9581 116.4099
544.2681 114.3499
545.5481 113.2499
547.4281 113.4299
549.1081 110.6699
549.5981 107.9599
549.6381 108.8299
551.8181 107.8699
551.3281 106.8699
553.9081 103.5499
553.5581 102.8699
555.7381  99.6499
556.0581  97.7599
553.5181  97.0299
550.4781  98.4999
548.8081  96.8099
548.4181  97.4899
546.9981  96.8899
546.2881  97.8499
545.8881  96.8399
545.1881  97.5299
544.1281  96.2199
543.0281  97.3999
542.9381  98.8199
540.8381  99.1599
539.0581 100.5899
539.2681  99.2599
538.6681  98.6999
538.2181 100.1699
537.5881  98.5599
536.2381  99.5599
535.0681  98.0199
535.0581  96.7499
535.7481  96.3999
535.2181  95.0499
536.4381  94.8699
536.6781  92.9799
534.6581  93.7799
534.6481  92.2299
533.4981  93.6299
532.5781  92.9599
532.2881  93.7999
531.0981  93.6299
531.7881  95.0999
530.9281  95.3099
530.4781  94.4599
529.9381  95.5599
527.6581  95.6099
528.2081  96.1499
527.1281  97.1299
526.6781  96.3299
523.3181  96.9099
523.7881  95.9999
522.0381  96.0599
520.7381  93.9899
520.4781  94.7899
519.4781  94.0599
519.1381  94.8299
517.8281  93.9799
517.4481  94.5599
517.0481  94.0199
515.8981  94.4899
516.6281  93.3899
515.1981  92.0799
514.5281  91.8999
514.2781  92.9999
512.6981  90.8799
512.5881  91.5899
511.2681  91.6599
510.5381  89.8899
511.4481  89.3799
510.1281  88.7899
511.0781  87.5999
509.9481  87.3599
507.9181  88.9399
504.8881  94.5399
504.1181  93.6899
500.9281  94.4999
500.5781  95.7199
498.7981  95.6899
497.1781  98.7299
495.6881  98.6799
495.0381 100.0399
493.3381 100.5499
490.7681 107.2199
487.6581 107.6299
486.6781 110.3899
485.8281 110.1799
485.2481 111.1999
484.0981 111.2899
483.4381 112.6199
481.7781 112.5699
481.2381 113.4399
479.2281 112.9099
478.2981 113.6499
476.5281 112.7799
475.9281 110.9799
474.2481 110.2699
474.5481 107.7099
473.0581 108.1299
472.5881 109.0799
471.3481 108.4199
469.8681 109.3299
467.7481 108.6899
465.4981 111.1999
461.4881 112.1099
458.5081 110.7699
458.5081 110.7699
456.2881 113.7499
451.1681 116.7499
448.4681 120.3799
448.1281 122.4999
450.9181 125.7899
450.7581 127.3999
448.4381 131.9999
448.4681 133.6499
450.0281 137.0499
447.5281 138.9199
445.7181 142.8499
442.1781 145.8799
441.2081 150.1199
442.4881 151.6399
449.6881 152.8699
451.5281 155.1499
451.5981 157.6299
450.7581 158.4799
446.5281 157.2999
444.5481 158.1799
443.2081 162.0699
440.6681 165.1199
439.0681 169.5199
435.7281 173.7299
431.8681 182.6699
428.1781 186.0599
423.6481 192.0199
423.6481 192.0199
424.0181 195.6399
421.1081 201.1599
419.7381 202.4499
415.7581 202.8999
413.0281 206.2499
412.9981 209.2099
414.1281 212.1799
412.1481 219.2299
412.5881 221.8099
409.4781 221.8599
409.4781 221.8599
411.1581 222.6899
415.7281 222.0999
416.3681 221.3799
415.3181 219.5199
416.2381 218.1599
423.8381 218.2299
430.1581 222.6999
435.1081 222.4499
438.1881 223.0599
442.0981 221.4199
447.6481 222.5099
448.8781 222.1899
450.6781 219.2999
452.6881 218.7299
459.9281 222.6199

Varna
99
496.3381 311.1199
499.1681 309.2999
502.0181 305.5699
502.8481 299.8799
503.6681 298.9999
506.0681 299.0599
511.8681 303.7799
513.9481 304.0499
515.7881 302.3999
515.8181 297.2699
520.9881 294.6699
526.2881 294.9199
528.3281 290.8699
530.5381 289.0899
538.5381 279.0899
539.8081 279.5599
544.2781 284.7699
548.3981 284.5599
549.8781 283.9599
553.0381 280.5299
555.7181 275.4599
557.9681 273.5799
557.9681 273.5799
556.1681 267.4199
553.0781 261.6799
546.9681 260.4599
545.1881 259.2999
544.9381 257.2999
544.7181 258.3499
543.2981 258.2299
544.4381 257.8099
543.6181 256.9699
544.2581 255.3899
547.1581 255.1899
547.3481 254.6299
544.0381 240.4799
541.7081 237.3399
541.7181 232.3199
543.3081 222.8299
542.3681 221.0299
542.9681 212.9399
541.6881 212.5399
541.0581 210.5199
541.0581 210.5199
537.4981 210.7299
533.1481 209.1899
529.0481 210.2099
524.1081 213.1099
523.7281 213.9799
524.3781 215.7299
522.1081 216.5199
517.4281 216.2499
507.4581 217.8199
503.0381 214.8299
500.6981 216.4199
495.1281 215.7299
490.0581 219.0499
483.7581 224.4799
480.7081 225.6599
470.8081 226.6199
464.8281 223.2899
464.8281 223.2899
465.1081 227.1999
463.4181 228.1399
462.8181 230.8199
459.8981 231.9299
460.0781 232.7799
461.2981 233.3299
462.7581 235.3199
466.2281 235.3199
468.8381 236.7199
476.2981 238.2099
474.7381 243.3799
474.7381 243.3799
474.7381 246.9599
474.7381 246.9599
472.2681 249.6599
473.2681 253.4699
482.2481 258.7699
480.3981 262.8399
480.1981 266.7399
479.0981 269.1799
478.7081 272.7699
479.1581 273.9599
481.9081 273.0799
483.8281 274.7999
483.4681 279.5899
482.5581 282.2999
482.8181 285.6299
487.9081 293.3499
487.4481 295.1199
485.5681 295.5299
487.4881 299.0899
487.4881 300.5599
484.8381 301.7399
484.8481 305.2799
485.5581 306.0699
488.2981 306.2999
494.3781 308.3199

Veliko_Tarnovo
120
296.4381 315.0399
302.4881 316.3699
302.4881 316.3699
304.8181 314.4499
306.2681 314.4999
307.3481 315.6399
307.6981 313.2499
305.9781 310.9599
305.7781 309.4199
309.4181 300.2199
311.3181 298.9799
311.9481 297.0199
313.6781 296.4699
314.5781 295.3299
314.6681 292.9499
313.1181 289.0799
322.9581 283.6999
325.9581 286.1099
327.4381 286.2599
331.4181 282.6099
334.7781 281.0299
339.3281 281.2699
345.0681 279.0099
349.6581 280.8699
351.5381 276.4099
356.5181 275.2899
356.5181 275.2899
363.1581 268.9299
362.2081 266.0299
364.5281 264.1299
364.7781 262.7499
367.0981 260.3799
367.5181 259.0399
367.4681 257.3199
364.3581 255.1499
363.7181 251.6099
362.4381 248.9999
362.0681 242.2999
362.8781 238.8699
363.5281 237.4199
367.1581 234.3399
366.7081 232.8799
363.9681 231.4499
363.4381 229.5199
374.5881 225.6099
374.5881 225.6099
371.9481 221.5899
360.4981 215.5099
359.9981 214.4799
361.1281 212.4199
360.8081 209.9099
353.9881 204.4899
352.5181 204.4099
348.3781 205.9599
342.5481 204.5199
337.2981 205.4899
337.2981 205.4899
334.5781 205.2099
330.6681 205.9199
324.3681 203.5899
321.2781 201.5599
321.2781 201.5599
318.3481 203.8799
317.7681 207.2599
316.1281 210.0799
317.3781 211.8499
320.0081 213.6399
320.3481 215.6899
318.3181 216.6899
318.2481 220.3199
314.0181 220.8599
312.0181 222.9999
312.1081 227.7299
316.1281 231.5799
316.2881 232.9799
315.4881 234.4099
311.5181 235.4599
308.8881 237.6799
306.7381 237.2499
302.6281 239.0299
299.3381 238.3199
296.8881 240.4299
289.8681 240.0799
289.1081 242.1099
290.4581 246.3399
289.4281 247.6099
286.7181 247.5799
281.7081 245.2899
275.4781 246.8999
272.4681 250.8299
269.3581 252.9399
268.8381 256.8399
268.8381 256.8399
270.9781 256.5399
272.2581 257.4399
272.3681 261.2799
275.1881 265.4699
275.4281 268.9299
275.4281 268.9299
282.6181 276.2499
283.6681 279.7699
282.8781 281.8799
278.9881 282.6399
279.2181 284.8599
280.5781 287.7499
280.0581 289.2699
273.1381 288.5199
272.1881 288.9899
271.8481 290.5999
272.9481 292.4199
278.4181 294.2499
279.5081 295.4299
280.8381 303.7799
278.4081 307.8099
279.7881 310.5099
280.0981 314.1899
278.9181 318.2199
280.0681 320.1599
284.6581 323.0199
284.6581 323.0199

Vidin
96
 31.7781 395.5299
 33.3181 394.3599
 38.2881 393.5999
 44.3481 387.8599
 50.2081 384.8699
 55.4081 380.8499
 65.6981 379.0099
 67.1681 377.7099
 67.5881 373.8699
 64.2081 368.1699
 56.4481 366.8699
 53.9481 365.8499
 51.5981 363.6599
 47.6381 350.5999
 49.1481 345.9299
 51.2181 344.0099
 57.9081 342.2299
 60.1681 340.8499
 68.5081 338.8099
 68.5081 338.8099
 67.6881 337.0799
 66.6981 336.6099
 58.6781 335.5699
 58.4781 333.4899
 59.0481 332.7299
 67.5181 329.4799
 68.3281 328.4099
 68.6381 326.0199
 67.6881 324.8499
 63.1481 324.0299
 55.8581 320.2799
 54.0281 317.7499
 51.7781 309.6199
 48.2381 306.0699
 45.2181 298.9799
 41.7081 297.2699
 40.8881 296.1499
 40.4281 289.9699
 38.3581 285.9099
 36.7981 284.6999
 36.7981 284.6999
 31.8381 284.9799
 30.9281 285.9099
 29.9281 289.3599
 23.9981 290.5599
 21.7981 294.1399
 19.3781 294.1799
 17.7281 295.2099
 13.1481 307.6999
 13.6181 312.7499
 12.2381 315.5899
 13.3781 317.9299
 12.1281 320.2299
  9.4481 321.1299
  6.8381 323.2499
  5.2081 325.7099
  4.7281 328.8799
  3.9081 330.0999
  4.5381 334.0299
  2.3781 336.1599
  0.2681 341.1499
  3.0681 349.0199
  3.8481 354.3099
  3.2881 356.6899
  5.1881 358.4699
  5.2181 364.3199
  5.9281 365.6299
  5.3981 367.2299
  8.3481 368.0699
  8.7881 368.9799
 17.0981 369.4399
 18.5281 371.2999
 17.5381 373.6599
 20.3081 374.4799
 22.0081 374.0299
 22.5181 375.1999
 26.1081 375.3199
 26.3881 376.5999
 25.5681 377.3299
 26.0381 379.8799
 25.0881 381.2699
 25.9981 386.8799
 26.8281 386.5899
 26.8381 388.1599
 25.3881 389.1999
 26.0381 390.3999
 26.6281 390.0099
 27.5181 390.5499
 26.7481 391.7199
 27.9681 391.9499
 27.5981 392.5499
 28.5581 393.7599
 28.4181 395.0699
 29.3181 394.5399
 30.4081 395.8599
 30.8981 394.7799

Vratsa
91
153.7181 332.1199
158.4381 331.8399
166.7581 328.5299
169.8081 326.1199
178.0981 323.5699
190.8681 325.6899
194.8181 325.6499
194.8181 325.6499
192.7081 316.1199
191.0481 317.1799
190.6781 315.1599
188.8681 317.7199
187.1281 317.6099
181.4281 310.3599
178.1981 311.6599
176.8281 310.8599
178.4481 305.4099
178.5981 297.9299
185.5481 294.9899
184.3181 292.7899
183.9281 288.1499
182.4981 287.8399
180.8281 288.4599
173.5881 286.8499
172.7181 286.0999
172.9481 284.8199
171.7781 281.6199
160.8181 280.6499
158.4581 278.9099
156.6381 263.6599
157.9481 261.7599
158.7081 261.6499
162.7481 262.9099
164.7481 260.5199
164.7481 260.5199
165.7081 247.9099
160.2781 247.9199
160.3781 241.2599
160.3781 241.2599
160.4781 238.3299
159.3981 237.2499
154.5981 239.6899
145.0181 239.9499
142.4681 241.8399
138.6481 241.0299
133.1181 237.5499
131.7981 237.5499
128.0781 239.9499
118.2981 231.3299
115.6481 233.0599
109.7481 242.0599
108.8981 247.1799
112.6681 252.4799
112.4881 253.7899
110.0881 254.6699
103.8581 255.2299
103.8581 255.2299
102.7981 257.5299
102.7681 260.4899
104.1681 262.2099
107.8681 262.1599
108.4681 263.4999
108.1081 265.6299
104.7881 267.8599
 97.9681 269.2799
 95.6081 271.0699
 95.5281 272.4999
100.8381 277.8699
104.6581 285.2699
104.0681 292.0899
107.9381 298.3599
109.7881 299.2499
112.6281 298.1199
118.1081 297.5199
120.7981 301.6999
125.4181 301.6999
124.7581 305.0099
120.6881 308.3899
119.9681 309.8099
120.6181 311.8599
123.7281 315.0999
126.3281 321.2899
126.6481 329.2199
125.1481 334.0099
125.6381 338.4699
125.6381 338.4699
130.7281 339.8399
134.6981 339.9599
136.8981 339.2099
138.1781 337.3099
142.7381 335.8899

Gabrovo
66
268.8381 256.8399
269.3581 252.9399
272.4681 250.8299
275.4781 246.8999
281.7081 245.2899
286.7181 247.5799
289.4281 247.6099
290.4581 246.3399
289.1081 242.1099
289.8681 240.0799
296.8881 240.4299
299.3381 238.3199
302.6281 239.0299
306.7381 237.2499
308.8881 237.6799
311.5181 235.4599
315.4881 234.4099
316.2881 232.9799
316.1281 231.5799
312.1081 227.7299
312.0181 222.9999
314.0181 220.8599
318.2481 220.3199
318.3181 216.6899
320.3481 215.6899
320.0081 213.6399
317.3781 211.8499
316.1281 210.0799
317.7681 207.2599
318.3481 203.8799
321.2781 201.5599
321.2781 201.5599
321.0881 199.8999
318.7581 198.9399
315.5281 201.7399
312.6181 199.5299
310.7881 199.3499
307.2381 200.1499
304.3581 203.0699
301.2181 203.3099
301.6481 199.6899
300.4881 198.6599
288.5681 201.9599
284.8681 201.3999
278.6281 205.1699
275.7881 202.9799
272.2681 202.7099
268.0481 200.1999
260.8581 201.1099
260.8581 201.1099
261.3781 205.1999
258.5481 210.7799
254.0281 216.8399
250.2581 217.8599
249.0881 219.2299
247.3781 225.0499
247.3781 228.9599
248.5481 232.7599
250.3081 235.2799
254.7781 236.8599
254.7281 240.2299
253.7281 242.6599
253.7981 246.5799
254.8281 248.8799
257.6081 250.7899
257.3281 259.7399

Dobrich
85
547.6781 361.1399
551.9581 345.4599
563.4981 339.4599
575.6981 333.9999
586.5281 333.1799
596.2481 330.6499
609.2581 331.3499
608.7181 329.3299
609.1981 326.7899
607.7881 324.5399
608.2881 320.0199
609.2881 317.8899
608.2781 312.7899
612.2681 304.7699
611.1181 300.9199
606.9681 292.3799
602.8581 287.6999
601.2781 287.1999
598.6581 283.5199
598.2481 280.5799
596.4181 283.4299
593.0981 284.3299
590.4081 286.5099
585.3681 288.0899
579.5481 287.6999
576.8981 286.2999
572.0081 285.5799
567.8081 286.6599
561.4181 282.3799
557.9681 273.5799
557.9681 273.5799
555.7181 275.4599
553.0381 280.5299
549.8781 283.9599
548.3981 284.5599
544.2781 284.7699
539.8081 279.5599
538.5381 279.0899
530.5381 289.0899
528.3281 290.8699
526.2881 294.9199
520.9881 294.6699
515.8181 297.2699
515.7881 302.3999
513.9481 304.0499
511.8681 303.7799
506.0681 299.0599
503.6681 298.9999
502.8481 299.8799
502.0181 305.5699
499.1681 309.2999
496.3381 311.1199
496.3381 311.1199
493.7481 315.8699
492.6381 315.8099
486.7981 311.8199
485.2981 312.3999
481.0381 318.3299
476.5181 318.9599
474.0281 321.9199
474.0281 321.9199
475.5681 322.1499
475.9381 322.9999
475.9781 324.3799
474.6581 327.0499
474.8681 329.1199
481.8281 337.0699
487.5281 338.2699
497.2381 347.4199
498.4281 347.6599
500.4581 345.3499
502.4481 345.7199
505.4881 349.3699
507.4281 354.2799
509.8881 351.6399
512.9381 351.2599
512.9481 354.0399
516.6781 359.3899
518.8281 361.0899
523.6381 362.7499
523.6381 362.7499
524.2781 361.1599
526.6981 360.4299
537.3481 362.1599
544.4581 367.7999

Kardzhali
106
286.8381  91.7399
285.5181  87.3099
288.6281  75.0099
290.5381  77.1799
291.9581  77.7199
292.8881  79.8399
294.1481  80.1599
296.4981  74.5199
300.4381  73.0099
303.8781  70.3499
312.3581  67.7399
317.0681  69.7599
318.2781  69.4899
320.4881  66.7099
321.3881  60.7899
323.4581  56.6499
323.0681  53.8599
322.0781  52.1299
323.0981  49.5499
325.4881  51.0799
329.2281  49.4199
331.9681  51.2499
332.7681  53.5299
334.7281  54.3899
340.5681  53.6099
342.2181  48.2699
339.7981  47.0199
338.0281  44.9999
336.0981  38.5599
336.2181  36.2699
338.3481  35.3299
340.0281  32.7399
341.4081  32.0799
340.5781  28.7699
340.7581  25.3499
349.2181  17.2899
350.2381  15.5199
350.7081  11.3099
350.7081  11.3099
347.8881   9.7199
345.5281   9.3199
344.1481  10.4099
344.3381  12.3499
342.5881  12.2699
339.6581  14.7599
338.9681  13.4799
336.3181  12.9399
335.2181  11.4499
333.5481  11.8699
332.0181  10.6999
329.5081  10.9799
328.2281   7.5799
325.9481   9.5399
323.3981  10.4999
319.0081   9.2199
313.8981  10.9299
312.2381   9.7399
310.9181   5.7499
308.1581   6.9299
305.4981   7.1199
301.1881   5.4299
300.7981   4.1799
299.5781   4.3499
296.4981   3.1299
294.8881   3.5399
291.7781   1.1499
288.1681   1.6899
286.9081   0.3199
284.8781   1.5499
281.7381   1.8999
280.6581   6.1599
279.0981   7.6699
276.9281   8.4899
276.5981   9.8799
275.5581  10.3899
275.5581  10.3899
275.8781  12.6799
273.8481  13.7399
273.6181  17.4499
272.6681  19.4899
276.4181  24.3099
275.9881  25.2999
274.0681  25.0299
273.3981  25.6099
274.7081  30.2199
274.0081  32.6799
273.0681  34.0199
270.2781  35.2699
264.7381  32.6099
259.6881  34.4899
259.4281  37.9399
257.8381  42.6299
257.6681  44.5599
258.6681  45.8499
265.8281  48.4699
267.9281  50.9199
267.6581  57.0399
268.9481  61.8099
266.7981  67.6899
266.0581  70.8099
266.4581  71.9999
266.4581  71.9999
268.6581  73.0699
270.4581  75.6999
272.2381  76.6599
273.9381  81.1499

Kyustendil
117
 11.7681 189.4899
 13.5381 188.6699
 15.7781 186.1399
 19.4681 185.3799
 21.7181 184.1699
 23.0681 178.8599
 25.3281 174.6799
 30.9281 171.7099
 31.3481 165.3899
 35.5581 158.7499
 36.7981 154.1799
 37.8181 153.5399
 42.4981 153.1599
 44.6081 149.9999
 47.4581 149.9999
 47.8881 147.2999
 48.8281 146.9199
 50.8781 148.9999
 52.1881 148.6799
 53.8281 146.5299
 55.0381 146.5299
 56.2981 150.1899
 59.6281 151.3299
 60.6581 153.4099
 61.8181 154.1099
 63.7881 153.6599
 64.8181 151.7699
 68.5981 149.8199
 71.7181 150.3499
 73.9981 154.0999
 74.7981 154.2599
 75.8581 149.8899
 79.2781 148.4599
 81.5581 146.6299
 84.6681 146.1899
 87.6481 148.4499
 87.6481 148.4499
 90.2981 147.3099
 93.7581 147.5099
 96.0681 146.8199
 98.3681 139.7399
104.9181 134.4299
104.9181 133.0699
100.0181 131.2499
 97.5381 125.3199
 97.7981 124.4999
 99.4181 123.7399
105.9981 125.9099
107.7081 120.2799
114.8181 117.2299
114.6081 114.8299
112.6981 114.1399
110.7281 111.1299
110.7281 111.1299
107.6981 108.2999
101.0181 106.4899
 97.9781 108.6799
 94.6181 108.9499
 82.3281 113.0599
 81.1081 112.7799
 76.2781 108.3599
 66.8081 105.9799
 64.5581 108.9199
 60.8081 108.7499
 59.2981 113.6499
 58.3281 114.7399
 56.4481 113.3699
 54.3581 103.7599
 50.4381 101.8699
 50.4381 101.8699
 50.0781 102.7899
 48.8081 103.2699
 46.1381 102.8299
 43.6881 105.8999
 41.4281 104.9099
 37.2981 105.9899
 35.3381 108.7399
 31.4681 108.4299
 26.7581 112.3799
 24.0981 112.8599
 23.0281 114.3599
 20.8881 115.2799
 18.9681 117.5499
 17.3381 118.1499
 15.5681 119.9099
 14.5381 125.3599
 11.4181 126.4399
  9.3381 131.8699
  7.8081 133.7799
  6.8981 133.7799
  4.7181 136.8399
  4.5381 138.1899
  2.4181 140.5599
  0.7281 141.1799
  1.1481 142.2999
  4.4081 142.8099
  5.0281 143.5699
  6.9481 143.5499
  7.7481 142.5199
  9.6481 143.8399
 10.5681 145.3699
 10.2781 147.4699
 12.3181 149.9499
 12.1381 151.7699
 16.1681 152.4499
 16.4281 154.4599
 17.6081 155.6599
 18.4781 160.9299
 19.9281 163.1799
 18.7281 166.9099
 16.3181 169.3699
 13.9881 170.5799
 11.2881 173.9199
  8.2081 174.6499
  8.3581 177.4599
 10.9281 184.2299
  9.8681 185.2599

Lovech
89
164.7481 260.5199
166.2481 261.2599
171.7481 261.8399
174.9381 264.3299
178.2481 265.2499
184.6081 263.5899
190.7081 264.2099
194.7881 266.1499
196.5881 266.0299
199.9581 269.6299
201.0981 267.4799
203.9181 266.8599
207.3181 263.5699
224.7981 261.3299
225.5381 262.8599
225.3581 267.3399
225.9081 268.4399
229.0681 264.9699
231.4881 269.3799
236.0081 273.0199
239.9681 274.7099
244.5481 274.4699
247.1681 272.6299
251.8281 270.9699
254.6681 272.6499
256.8781 272.6499
260.5581 276.2399
263.0481 281.7499
264.5581 281.2399
266.5281 274.9799
267.6481 273.5199
273.0081 271.0699
275.4281 268.9299
275.4281 268.9299
275.1881 265.4699
272.3681 261.2799
272.2581 257.4399
270.9781 256.5399
268.8381 256.8399
268.8381 256.8399
263.0181 257.6799
257.3281 259.7399
257.6081 250.7899
254.8281 248.8799
253.7981 246.5799
253.7281 242.6599
254.7281 240.2299
254.7781 236.8599
250.3081 235.2799
248.5481 232.7599
247.3781 228.9599
247.3781 225.0499
249.0881 219.2299
250.2581 217.8599
254.0281 216.8399
258.5481 210.7799
261.3781 205.1999
260.8581 201.1099
260.8581 201.1099
251.1581 196.8399
248.9681 196.8999
244.9581 198.6999
235.7781 197.1799
233.1281 197.9499
230.8181 202.3199
226.5981 205.6399
213.8281 207.1499
210.1281 202.5899
200.8481 202.4199
200.8481 202.4199
190.9581 205.2699
185.5581 204.8399
178.5881 206.1199
178.3781 207.4699
181.6381 209.6399
181.6881 211.4199
182.6281 212.9599
180.0181 214.9199
179.6381 219.6599
176.5081 221.8699
177.1881 223.2299
179.6381 225.0299
172.7981 228.6899
171.9381 234.9699
167.0481 237.4099
166.4681 240.9499
160.3781 241.2599
160.3781 241.2599
160.2781 247.9199

Montana
84
105.0581 346.2599
109.4481 344.5699
113.6081 344.0299
116.6281 340.8599
120.3081 338.9599
124.2481 338.0699
125.6381 338.4699
125.6381 338.4699
125.1481 334.0099
126.6481 329.2199
126.3281 321.2899
123.7281 315.0999
120.6181 311.8599
119.9681 309.8099
120.6881 308.3899
124.7581 305.0099
125.4181 301.6999
120.7981 301.6999
118.1081 297.5199
112.6281 298.1199
109.7881 299.2499
107.9381 298.3599
104.0681 292.0899
104.6581 285.2699
100.8381 277.8699
 95.5281 272.4999
 95.6081 271.0699
 97.9681 269.2799
104.7881 267.8599
108.1081 265.6299
108.4681 263.4999
107.8681 262.1599
104.1681 262.2099
102.7681 260.4899
102.7981 257.5299
103.8581 255.2299
103.8581 255.2299
 97.4581 255.5999
 95.2281 253.8799
 93.0681 250.8499
 88.9281 250.7499
 84.7281 249.4399
 73.5881 249.5099
 71.2881 250.8899
 68.2381 255.3399
 64.2981 257.5299
 61.7981 260.8099
 59.9281 260.9299
 57.2481 259.4799
 57.2481 259.4799
 53.1481 262.4099
 50.4781 266.5799
 50.3481 267.8599
 48.4181 269.0199
 48.0681 271.9199
 46.2581 276.3899
 43.2581 278.0899
 40.8081 280.8499
 40.4481 282.6499
 36.7981 284.6999
 36.7981 284.6999
 38.3581 285.9099
 40.4281 289.9699
 40.8881 296.1499
 41.7081 297.2699
 45.2181 298.9799
 48.2381 306.0699
 51.7781 309.6199
 54.0281 317.7499
 55.8581 320.2799
 63.1481 324.0299
 67.6881 324.8499
 68.6381 326.0199
 68.3281 328.4099
 67.5181 329.4799
 59.0481 332.7299
 58.4781 333.4899
 58.6781 335.5699
 66.6981 336.6099
 67.6881 337.0799
 68.5081 338.8099
 68.5081 338.8099
 77.2981 340.3899
 84.7281 344.1099

Pazardzhik
89
139.3581 124.0899
142.7281 127.4899
147.1181 130.0699
152.2581 136.8799
154.4381 134.1399
157.6281 135.8499
157.9081 137.0599
156.1581 140.5199
158.1581 146.7099
159.4281 147.5999
163.4181 148.0499
165.3081 149.7099
168.9981 157.4499
168.8181 159.7699
167.5381 160.6599
162.4981 158.4799
160.4181 158.4199
158.9481 159.5199
155.1981 165.4599
153.8281 172.9699
154.3981 174.5699
160.1881 175.8499
164.3981 173.0899
166.5781 172.8999
172.6181 179.4399
175.4181 178.8899
177.3681 179.3499
178.4681 184.2699
182.7381 184.6499
187.3081 186.6299
190.1781 185.0099
193.4381 184.2099
195.3681 176.7699
196.5981 174.5199
199.4781 176.2199
202.0281 173.8399
202.0281 173.8399
202.1881 171.1799
201.4281 169.1799
198.1981 165.7799
197.6481 163.1199
201.4381 153.7899
201.8381 149.9899
206.3781 145.0599
206.5681 141.0499
204.6981 139.5199
206.2681 134.8399
206.4181 128.6499
206.7881 126.9199
211.1881 121.2099
211.6681 119.4399
210.9281 118.1999
208.2881 118.3999
205.8581 117.1699
205.6481 112.0899
204.3281 108.4699
205.2881 103.3099
204.9581  98.5999
202.4181  90.6799
202.4181  90.6799
202.1281  86.3799
201.0981  83.7599
199.9281  82.2099
195.2081  80.1799
192.8181  76.9699
192.1281  72.7699
193.0381  68.4599
191.4481  68.0799
190.0981  66.1799
187.1881  64.5799
181.3181  66.0499
172.4581  64.8399
171.2481  56.8399
171.2481  56.8399
165.4281  61.4099
157.9181  69.0199
147.5881  75.6799
141.5681  77.7999
139.2181  80.4399
136.7481  97.6399
137.0981  98.9299
140.3081 102.2299
144.1881 103.9399
144.2481 104.5599
141.8881 106.3999
142.2381 109.0999
140.5481 114.1599
140.8381 117.7799
138.6281 119.1099

Pernik
92
 26.2881 217.9799
 27.9981 215.9399
 29.6781 216.5599
 31.3481 215.7099
 31.9481 214.4899
 33.5581 216.7299
 34.4081 216.1299
 35.1981 217.0999
 37.8381 216.8899
 39.1181 218.1499
 39.1181 218.1499
 40.2481 217.0399
 40.8981 213.6799
 44.9081 213.9599
 46.3481 212.5599
 48.0881 208.7499
 52.8581 207.9999
 55.7481 205.3599
 60.0081 204.5899
 61.9881 201.4499
 67.3281 199.1499
 68.6781 197.0199
 68.6781 197.0199
 69.7981 194.7699
 73.0181 193.0099
 74.9981 189.6099
 77.3081 188.7899
 78.9881 187.1699
 80.1581 180.7299
 79.2081 178.5299
 83.7281 177.7499
 87.5181 172.0699
 90.1081 172.6099
 90.3581 170.9699
 90.3581 170.9699
 88.4281 168.3699
 86.5081 161.7899
 86.7481 153.6199
 87.6481 148.4499
 87.6481 148.4499
 84.6681 146.1899
 81.5581 146.6299
 79.2781 148.4599
 75.8581 149.8899
 74.7981 154.2599
 73.9981 154.0999
 71.7181 150.3499
 68.5981 149.8199
 64.8181 151.7699
 63.7881 153.6599
 61.8181 154.1099
 60.6581 153.4099
 59.6281 151.3299
 56.2981 150.1899
 55.0381 146.5299
 53.8281 146.5299
 52.1881 148.6799
 50.8781 148.9999
 48.8281 146.9199
 47.8881 147.2999
 47.4581 149.9999
 44.6081 149.9999
 42.4981 153.1599
 37.8181 153.5399
 36.7981 154.1799
 35.5581 158.7499
 31.3481 165.3899
 30.9281 171.7099
 25.3281 174.6799
 23.0681 178.8599
 21.7181 184.1699
 19.4681 185.3799
 15.7781 186.1399
 13.5381 188.6699
 11.7681 189.4899
 11.7681 189.4899
 10.3681 190.8199
 11.4481 191.3799
 13.1981 195.1399
 14.0781 195.2899
 14.3681 197.6799
 10.5181 202.5799
 10.1181 204.4799
  8.6881 206.3599
  8.5481 208.7199
 11.8881 209.7999
 14.9481 212.2599
 15.8681 213.3099
 16.2281 215.4399
 17.5981 216.2899
 21.5181 214.1199
 21.4881 215.8499

Pleven
100
232.9181 323.7999
235.1481 324.2199
240.0281 327.2899
247.8281 326.7499
251.6681 328.3699
252.6881 329.4599
255.1581 329.8799
258.9381 329.5499
264.5581 324.8699
268.8481 323.8299
270.7381 324.0099
272.8681 325.2799
276.9681 325.7499
284.6581 323.0199
284.6581 323.0199
280.0681 320.1599
278.9181 318.2199
280.0981 314.1899
279.7881 310.5099
278.4081 307.8099
280.8381 303.7799
279.5081 295.4299
278.4181 294.2499
272.9481 292.4199
271.8481 290.5999
272.1881 288.9899
273.1381 288.5199
280.0581 289.2699
280.5781 287.7499
279.2181 284.8599
278.9881 282.6399
282.8781 281.8799
283.6681 279.7699
282.6181 276.2499
275.4281 268.9299
275.4281 268.9299
273.0081 271.0699
267.6481 273.5199
266.5281 274.9799
264.5581 281.2399
263.0481 281.7499
260.5581 276.2399
256.8781 272.6499
254.6681 272.6499
251.8281 270.9699
247.1681 272.6299
244.5481 274.4699
239.9681 274.7099
236.0081 273.0199
231.4881 269.3799
229.0681 264.9699
225.9081 268.4399
225.3581 267.3399
225.5381 262.8599
224.7981 261.3299
207.3181 263.5699
203.9181 266.8599
201.0981 267.4799
199.9581 269.6299
196.5881 266.0299
194.7881 266.1499
190.7081 264.2099
184.6081 263.5899
178.2481 265.2499
174.9381 264.3299
171.7481 261.8399
166.2481 261.2599
164.7481 260.5199
164.7481 260.5199
162.7481 262.9099
158.7081 261.6499
157.9481 261.7599
156.6381 263.6599
158.4581 278.9099
160.8181 280.6499
171.7781 281.6199
172.9481 284.8199
172.7181 286.0999
173.5881 286.8499
180.8281 288.4599
182.4981 287.8399
183.9281 288.1499
184.3181 292.7899
185.5481 294.9899
178.5981 297.9299
178.4481 305.4099
176.8281 310.8599
178.1981 311.6599
181.4281 310.3599
187.1281 317.6099
188.8681 317.7199
190.6781 315.1599
191.0481 317.1799
192.7081 316.1199
194.8181 325.6499
194.8181 325.6499
198.0581 327.5799
200.7681 330.7599
211.0681 334.3899
222.6381 331.6099

Plovdiv
120
200.8481 202.4199
210.1281 202.5899
213.8281 207.1499
226.5981 205.6399
230.8181 202.3199
233.1281 197.9499
235.7781 197.1799
244.9581 198.6999
248.9681 196.8999
251.1581 196.8399
260.8581 201.1099
260.8581 201.1099
260.8581 201.1099
260.8581 201.1099
259.8381 198.7599
260.2881 186.9999
257.1081 179.9199
258.8781 172.4199
261.8681 167.1599
265.3081 165.7799
267.3981 165.7799
275.7481 169.3499
277.1681 168.6799
278.0681 165.8199
277.6681 163.2699
273.5181 159.0799
273.6781 157.7599
276.4381 154.6399
276.3881 152.7499
275.5681 152.3899
272.2781 153.7399
271.5681 152.1399
271.5581 139.9399
272.6381 139.9699
275.5081 138.0299
276.1581 136.4999
268.5581 133.7699
266.2481 132.2199
265.1881 127.2399
265.6281 123.6599
267.8981 121.4999
272.7081 119.7099
277.7781 121.3199
282.1281 121.2599
285.9481 123.7299
288.7681 119.4599
292.9581 115.6999
292.9581 115.6999
288.9781 105.3599
289.6281 101.3099
289.3981  94.8999
286.8381  91.7399
286.8381  91.7399
277.5581  86.2399
273.9381  81.1499
272.2381  76.6599
270.4581  75.6999
268.6581  73.0699
266.4581  71.9999
266.4581  71.9999
263.0981  75.0199
261.7181  77.6899
260.5381  77.8299
258.6781  76.1599
258.3781  69.5699
254.6081  65.1999
251.4681  64.4399
247.7281  65.4099
245.9081  62.5099
243.4781  61.5399
241.5681  58.4499
238.5181  65.0299
238.5781  67.1799
239.8381  69.9899
239.0581  70.3299
238.4781  72.3299
236.8981  70.9899
235.5681  73.4399
237.0581  75.3399
237.9781  80.4499
237.8181  82.2299
235.8981  84.5799
234.8381  85.2099
231.0981  84.7299
225.4981  86.1399
218.0581  83.2299
214.0981  82.9399
212.7581  83.7899
209.3781  89.0799
206.6881  88.7899
202.4181  90.6799
202.4181  90.6799
204.9581  98.5999
205.2881 103.3099
204.3281 108.4699
205.6481 112.0899
205.8581 117.1699
208.2881 118.3999
210.9281 118.1999
211.6681 119.4399
211.1881 121.2099
206.7881 126.9199
206.4181 128.6499
206.2681 134.8399
204.6981 139.5199
206.5681 141.0499
206.3781 145.0599
201.8381 149.9899
201.4381 153.7899
197.6481 163.1199
198.1981 165.7799
201.4281 169.1799
202.1881 171.1799
202.0281 173.8399
202.0281 173.8399
207.7881 174.8499
210.1581 180.9499
205.0881 185.9899
198.9781 188.4799
197.2781 190.2999

Razgrad
113
392.7081 358.2799
399.1481 358.5199
401.9181 357.7199
404.2681 353.9399
410.9981 354.7399
413.4981 351.4299
414.2881 347.0999
421.5381 344.7599
424.9981 344.5499
427.0381 343.3099
429.6881 343.9099
430.9581 341.6899
431.7181 341.4899
435.2681 345.1499
439.0381 340.5399
443.4481 339.1699
446.2881 333.8399
449.7981 333.4599
451.1681 329.3799
455.3381 325.4999
455.3381 325.4999
456.3181 323.9599
456.2681 320.8899
454.7981 318.6799
450.5081 316.5599
449.2581 313.6399
447.2881 312.4899
444.6781 312.4499
441.5781 314.1099
440.6381 309.8799
434.9181 305.0199
434.4781 302.9099
435.6581 302.5699
435.2281 298.9699
431.5881 296.3299
431.6581 294.5599
429.1881 293.6199
428.7081 292.6699
429.5581 290.7399
429.0281 289.1599
432.9281 286.9199
433.8881 284.9599
432.6081 282.6199
429.6381 280.5999
429.6381 280.5999
427.0181 280.1299
425.8581 281.1699
424.3581 280.1799
422.3681 281.8299
420.9981 278.1199
420.1181 277.4199
418.5081 278.2599
414.4681 277.9599
409.0681 280.3199
404.2481 278.1399
401.2781 278.6699
401.6081 276.5899
400.3781 275.9299
397.6181 271.2399
397.4381 268.6299
393.2981 266.6399
392.1281 268.5599
393.4881 271.1899
392.1981 273.2099
389.0381 274.3299
388.3281 276.7299
395.2981 281.5599
398.1481 284.5999
397.8781 287.9799
398.8981 289.8699
398.7281 290.9299
393.4281 292.1999
392.2681 293.8299
390.9481 298.5499
386.9081 299.4299
384.1081 303.1099
381.6481 304.3499
380.2781 305.9499
378.7981 306.1099
376.9981 305.2999
374.7281 302.1399
373.7381 302.5699
367.4881 302.0499
365.7181 303.2499
365.7181 303.2499
363.9981 307.6999
362.1781 310.1799
363.1181 311.4699
362.5781 313.4999
366.8381 315.0799
369.1981 315.2299
373.5181 320.4999
377.2281 319.6699
384.2281 314.3399
392.8081 317.1899
398.3181 315.9399
404.2181 316.6699
407.4681 321.6499
407.4581 328.4699
405.8981 332.4199
403.8681 334.2199
399.8881 334.9499
396.2281 338.1899
395.1081 338.3599
393.0281 336.6499
392.2381 337.9199
387.7981 337.1899
385.3081 337.5499
382.8281 338.8999
382.8981 341.8899
383.6781 343.1499
386.5581 344.7699
389.4481 353.5899

Ruse
82
389.4381 370.9499
390.5681 366.4899
394.7081 362.4599
392.7081 358.2799
392.7081 358.2799
392.2481 356.6499
389.4481 353.5899
386.5581 344.7699
383.6781 343.1499
382.8981 341.8899
382.8281 338.8999
385.3081 337.5499
387.7981 337.1899
392.2381 337.9199
393.0281 336.6499
395.1081 338.3599
396.2281 338.1899
399.8881 334.9499
403.8681 334.2199
405.8981 332.4199
407.4581 328.4699
407.4681 321.6499
404.2181 316.6699
398.3181 315.9399
392.8081 317.1899
384.2281 314.3399
377.2281 319.6699
373.5181 320.4999
369.1981 315.2299
366.8381 315.0799
362.5781 313.4999
363.1181 311.4699
362.1781 310.1799
363.9981 307.6999
365.7181 303.2499
365.7181 303.2499
359.3981 300.2199
357.7081 291.6599
355.7381 289.2799
354.2781 286.0599
352.0081 284.3699
356.9581 280.1499
356.5181 275.2899
356.5181 275.2899
351.5381 276.4099
349.6581 280.8699
345.0681 279.0099
339.3281 281.2699
334.7781 281.0299
331.4181 282.6099
327.4381 286.2599
325.9581 286.1099
322.9581 283.6999
313.1181 289.0799
314.6681 292.9499
314.5781 295.3299
313.6781 296.4699
311.9481 297.0199
311.3181 298.9799
309.4181 300.2199
305.7781 309.4199
305.9781 310.9599
307.6981 313.2499
307.3481 315.6399
306.2681 314.4999
304.8181 314.4499
302.4881 316.3699
302.4881 316.3699
306.3081 318.2799
313.6081 318.4099
323.5281 324.4299
330.4781 324.6599
335.5881 327.3899
338.3781 332.3099
342.1781 334.0099
344.9281 336.6999
352.2581 347.9099
362.4181 354.1499
364.8381 359.3499
367.4181 362.2499
371.4381 364.7299
376.5881 364.7399

Silistra
79
464.0281 385.0199
467.3681 385.2799
474.7281 382.1799
477.8081 381.9999
481.3381 383.2599
482.6881 380.8099
481.9881 379.3099
483.3581 376.1899
489.7881 373.8499
494.0381 367.7499
501.0981 369.1199
514.7381 367.7999
517.8681 372.6299
520.7481 370.2299
523.6381 362.7499
523.6381 362.7499
518.8281 361.0899
516.6781 359.3899
512.9481 354.0399
512.9381 351.2599
509.8881 351.6399
507.4281 354.2799
505.4881 349.3699
502.4481 345.7199
500.4581 345.3499
498.4281 347.6599
497.2381 347.4199
487.5281 338.2699
481.8281 337.0699
474.8681 329.1199
474.6581 327.0499
475.9781 324.3799
475.9381 322.9999
475.5681 322.1499
474.0281 321.9199
474.0281 321.9199
471.9281 322.6099
469.7381 321.7499
466.2081 325.0699
464.2281 328.5499
463.1881 328.7199
457.8481 325.8099
455.3381 325.4999
455.3381 325.4999
451.1681 329.3799
449.7981 333.4599
446.2881 333.8399
443.4481 339.1699
439.0381 340.5399
435.2681 345.1499
431.7181 341.4899
430.9581 341.6899
429.6881 343.9099
427.0381 343.3099
424.9981 344.5499
421.5381 344.7599
414.2881 347.0999
413.4981 351.4299
410.9981 354.7399
404.2681 353.9399
401.9181 357.7199
399.1481 358.5199
392.7081 358.2799
392.7081 358.2799
394.7081 362.4599
390.5681 366.4899
389.4381 370.9499
389.4381 370.9499
394.2781 372.2799
400.1481 371.1299
409.2481 373.6399
415.4881 373.2599
421.2781 374.7599
424.5981 376.4499
427.7681 375.9999
430.9781 376.6599
440.1481 381.9599
445.6281 384.1899
453.7981 384.4199

Sliven
92
374.5881 225.6099
379.5681 229.8599
381.5381 235.6899
383.8281 235.2799
386.7081 236.7199
387.4681 236.2099
387.0581 232.6099
387.7681 231.8599
390.2981 234.2499
392.5681 232.2899
395.1181 231.3599
398.4081 231.5399
405.0181 233.4499
415.1181 231.8999
415.1181 231.8999
408.6981 226.2199
408.1481 223.3999
409.3481 221.9499
409.3481 221.9499
412.4581 221.8899
412.0181 219.3099
413.9981 212.2599
412.8681 209.2899
412.8981 206.3299
415.6281 202.9799
419.6181 202.5299
420.9881 201.2399
423.8881 195.7199
423.5181 192.0899
423.5181 192.0899
421.5681 193.5899
420.9381 193.2499
420.8981 192.0899
422.8181 188.7899
422.7881 184.7999
419.8981 181.1899
418.8281 181.6999
417.7981 183.4999
414.9581 178.9399
410.1181 178.4499
401.3481 172.9699
395.8781 173.8699
391.9081 170.5999
393.8081 169.2999
394.1481 167.1199
391.6081 165.2399
389.6181 162.1899
385.5181 161.6599
384.0581 159.6499
377.2981 161.5199
375.9781 160.6899
376.2481 154.7599
375.2981 154.3799
373.2781 156.1599
372.1181 156.3199
372.0581 154.4699
374.3381 151.3999
376.2281 152.3199
378.5481 154.9299
379.3881 153.2799
378.7581 145.2099
375.3481 139.4799
372.9781 132.3099
372.9781 132.3099
362.7181 138.4599
360.8981 138.1499
359.0281 135.9699
358.9981 137.9799
357.2081 138.7899
355.3681 140.9099
351.7881 142.1299
350.6281 143.4599
347.8181 153.1299
344.0581 157.7099
344.2481 159.4799
346.4581 163.5699
342.8881 171.8399
345.4281 175.9899
345.9181 178.3699
342.8781 183.4799
341.6981 190.5799
337.6781 198.5999
337.2981 205.4899
337.2981 205.4899
342.5481 204.5199
348.3781 205.9599
352.5181 204.4099
353.9881 204.4899
360.8081 209.9099
361.1281 212.4199
359.9981 214.4799
360.4981 215.5099

Smolyan
144
202.4181  90.6799
206.6881  88.7899
209.3781  89.0799
212.7581  83.7899
214.0981  82.9399
218.0581  83.2299
225.4981  86.1399
231.0981  84.7299
234.8381  85.2099
235.8981  84.5799
237.8181  82.2299
237.9781  80.4499
237.0581  75.3399
235.5681  73.4399
236.8981  70.9899
238.4781  72.3299
239.0581  70.3299
239.8381  69.9899
238.5781  67.1799
238.5181  65.0299
241.5681  58.4499
243.4781  61.5399
245.9081  62.5099
247.7281  65.4099
251.4681  64.4399
254.6081  65.1999
258.3781  69.5699
258.6781  76.1599
260.5381  77.8299
261.7181  77.6899
263.0981  75.0199
266.4581  71.9999
266.4581  71.9999
266.0581  70.8099
266.7981  67.6899
268.9481  61.8099
267.6581  57.0399
267.9281  50.9199
265.8281  48.4699
258.6681  45.8499
257.6681  44.5599
257.8381  42.6299
259.4281  37.9399
259.6881  34.4899
264.7381  32.6099
270.2781  35.2699
273.0681  34.0199
274.0081  32.6799
274.7081  30.2199
273.3981  25.6099
274.0681  25.0299
275.9881  25.2999
276.4181  24.3099
272.6681  19.4899
273.6181  17.4499
273.8481  13.7399
275.8781  12.6799
275.5581  10.3899
275.5581  10.3899
272.1781  11.5699
270.3081  13.8399
268.7781  13.0599
266.6081  13.9699
264.2681  17.0399
256.8781  18.4499
253.2781  19.8299
250.4781  22.6199
248.5781  22.3399
247.3781  20.5999
246.5881  20.4799
241.1881  21.6899
241.5781  19.8799
240.9381  15.7599
239.5881  14.6999
234.0681  19.1799
232.4181  23.6399
228.9981  24.0299
227.9281  24.8199
225.5181  23.8099
225.9281  25.6799
225.1381  26.1499
220.8081  25.0199
219.5581  26.9699
219.4581  29.9599
217.1481  31.4699
215.8681  34.9599
216.1281  36.7799
214.5481  39.8399
215.2481  41.1399
214.2481  42.0799
213.3781  41.8899
213.3981  42.9299
212.6781  43.4099
207.5281  41.2899
206.4081  40.2399
206.2881  38.2099
205.1981  37.3899
204.0781  38.3199
201.6981  38.4299
200.7181  39.7199
198.6981  39.3199
196.8981  36.8099
194.2481  37.9999
190.7481  36.0599
190.0881  38.0199
190.6281  39.5299
187.5281  42.1499
187.9581  43.3999
186.7381  44.1099
184.6381  42.7799
183.5781  40.9299
181.6281  41.2099
179.7581  38.7099
179.9881  37.3099
179.2581  36.5799
177.9381  36.7899
178.0981  37.4799
176.8481  38.3499
176.6281  39.3599
174.1881  39.0599
173.9081  39.9399
171.5681  40.2599
171.1781  41.1799
168.6981  40.0699
168.2581  38.6899
167.1581  37.9099
167.1581  37.9099
167.0281  40.7799
169.4881  46.8399
169.1381  50.1199
172.3081  54.5699
171.2481  56.8399
171.2481  56.8399
172.4581  64.8399
181.3181  66.0499
187.1881  64.5799
190.0981  66.1799
191.4481  68.0799
193.0381  68.4599
192.1281  72.7699
192.8181  76.9699
195.2081  80.1799
199.9281  82.2099
201.0981  83.7599

Sofia-Grad
214
 57.2481 259.4799
 59.9281 260.9299
 61.7981 260.8099
 64.2981 257.5299
 68.2381 255.3399
 71.2881 250.8899
 73.5881 249.5099
 84.7281 249.4399
 88.9281 250.7499
 93.0681 250.8499
 95.2281 253.8799
 97.4581 255.5999
103.8581 255.2299
103.8581 255.2299
110.0881 254.6699
112.4881 253.7899
112.6681 252.4799
108.8981 247.1799
109.7481 242.0599
115.6481 233.0599
118.2981 231.3299
128.0781 239.9499
131.7981 237.5499
133.1181 237.5499
138.6481 241.0299
142.4681 241.8399
145.0181 239.9499
154.5981 239.6899
159.3981 237.2499
160.4781 238.3299
160.3781 241.2599
160.3781 241.2599
166.4681 240.9499
167.0481 237.4099
171.9381 234.9699
172.7981 228.6899
179.6381 225.0299
177.1881 223.2299
176.5081 221.8699
179.6381 219.6599
180.0181 214.9199
182.6281 212.9599
181.6881 211.4199
181.6381 209.6399
178.3781 207.4699
178.5881 206.1199
185.5581 204.8399
190.9581 205.2699
200.8481 202.4199
200.8481 202.4199
196.9181 193.4199
197.2781 190.2999
198.9781 188.4799
205.0881 185.9899
210.1581 180.9499
207.7881 174.8499
202.0281 173.8399
202.0281 173.8399
199.4781 176.2199
196.5981 174.5199
195.3681 176.7699
193.4381 184.2099
190.1781 185.0099
187.3081 186.6299
182.7381 184.6499
178.4681 184.2699
177.3681 179.3499
175.4181 178.8899
172.6181 179.4399
166.5781 172.8999
164.3981 173.0899
160.1881 175.8499
154.3981 174.5699
153.8281 172.9699
155.1981 165.4599
158.9481 159.5199
160.4181 158.4199
162.4981 158.4799
167.5381 160.6599
168.8181 159.7699
168.9981 157.4499
165.3081 149.7099
163.4181 148.0499
159.4281 147.5999
158.1581 146.7099
156.1581 140.5199
157.9081 137.0599
157.6281 135.8499
154.4381 134.1399
152.2581 136.8799
147.1181 130.0699
142.7281 127.4899
139.3581 124.0899
139.3581 124.0899
136.6381 124.0899
136.1081 122.7599
137.4381 120.3599
136.4381 119.5499
134.9081 119.6299
131.5281 121.1599
129.6081 124.9899
126.7481 124.1799
125.4281 125.0799
123.0381 124.9899
121.8581 123.4799
120.4281 115.6099
119.1381 113.3899
116.5381 111.3599
113.3781 112.1099
110.7281 111.1299
110.7281 111.1299
112.6981 114.1399
114.6081 114.8299
114.8181 117.2299
107.7081 120.2799
105.9981 125.9099
 99.4181 123.7399
 97.7981 124.4999
 97.5381 125.3199
100.0181 131.2499
104.9181 133.0699
104.9181 134.4299
 98.3681 139.7399
 96.0681 146.8199
 93.7581 147.5099
 90.2981 147.3099
 87.6481 148.4499
 87.6481 148.4499
 86.7481 153.6199
 86.5081 161.7899
 88.4281 168.3699
 90.3581 170.9699
 90.3581 170.9699
 91.4181 169.8799
 95.6181 168.8499
 96.6881 167.2099
 99.2081 165.6399
103.5581 159.3799
104.7381 158.9999
106.4281 159.9899
106.8781 163.8899
108.6881 168.9199
111.4081 168.6099
112.2481 168.0799
115.0281 161.6999
115.4881 159.4399
115.0681 155.9899
115.7481 153.1499
117.6081 153.8599
122.1781 152.1399
128.1381 154.2999
125.9081 161.6999
123.4581 165.6499
123.6181 167.5799
122.2381 168.3699
119.0481 173.4799
119.5281 179.5999
118.6781 184.3599
118.0581 185.1299
114.8281 185.9399
114.0981 186.8699
114.7381 189.3099
116.9381 190.1699
118.0881 194.1199
121.6781 195.3799
122.9281 196.6199
125.7481 207.2999
124.4881 212.2299
122.8981 212.4599
121.0681 210.6799
118.8181 210.0099
110.9581 215.1099
 99.5781 212.2199
 97.7681 212.5099
 96.2481 214.0899
 94.7181 218.0499
 92.6881 220.1599
 91.8181 220.0699
 86.7181 207.4299
 86.5281 204.9099
 84.8481 202.3899
 84.7781 201.1999
 86.2981 200.0299
 85.5881 197.7099
 82.7681 198.6199
 80.4381 197.2899
 72.2981 197.5599
 68.6781 197.0199
 68.6781 197.0199
 67.3281 199.1499
 61.9881 201.4499
 60.0081 204.5899
 55.7481 205.3599
 52.8581 207.9999
 48.0881 208.7499
 46.3481 212.5599
 44.9081 213.9599
 40.8981 213.6799
 40.2481 217.0399
 39.1181 218.1499
 39.1181 218.1499
 41.6381 223.0699
 40.6981 225.2099
 41.9781 226.6899
 42.0681 229.7799
 48.3181 232.6499
 49.8781 235.1599
 53.0781 236.8399
 55.4281 243.0299
 58.4381 244.3499
 61.4881 246.9999
 62.9081 253.1199
 61.8281 254.3699
 63.7981 257.7599

Sofia
66
 68.6781 197.0199
 72.2981 197.5599
 80.4381 197.2899
 82.7681 198.6199
 85.5881 197.7099
 86.2981 200.0299
 84.7781 201.1999
 84.8481 202.3899
 86.5281 204.9099
 86.7181 207.4299
 91.8181 220.0699
 92.6881 220.1599
 94.7181 218.0499
 96.2481 214.0899
 97.7681 212.5099
 99.5781 212.2199
110.9581 215.1099
118.8181 210.0099
121.0681 210.6799
122.8981 212.4599
124.4881 212.2299
125.7481 207.2999
122.9281 196.6199
121.6781 195.3799
118.0881 194.1199
116.9381 190.1699
114.7381 189.3099
114.0981 186.8699
114.8281 185.9399
118.0581 185.1299
118.6781 184.3599
119.5281 179.5999
119.0481 173.4799
122.2381 168.3699
123.6181 167.5799
123.4581 165.6499
125.9081 161.6999
128.1381 154.2999
122.1781 152.1399
117.6081 153.8599
115.7481 153.1499
115.0681 155.9899
115.4881 159.4399
115.0281 161.6999
112.2481 168.0799
111.4081 168.6099
108.6881 168.9199
106.8781 163.8899
106.4281 159.9899
104.7381 158.9999
103.5581 159.3799
 99.2081 165.6399
 96.6881 167.2099
 95.6181 168.8499
 91.4181 169.8799
 90.3581 170.9699
 90.3581 170.9699
 90.1081 172.6099
 87.5181 172.0699
 83.7281 177.7499
 79.2081 178.5299
 80.1581 180.7299
 78.9881 187.1699
 77.3081 188.7899
 74.9981 189.6099
 73.0181 193.0099

Stara_Zagora
119
321.2781 201.5599
324.3681 203.5899
330.6681 205.9199
334.5781 205.2099
337.2981 205.4899
337.2981 205.4899
337.6781 198.5999
341.6981 190.5799
342.8781 183.4799
345.9181 178.3699
345.4281 175.9899
342.8881 171.8399
346.4581 163.5699
344.2481 159.4799
344.0581 157.7099
347.8181 153.1299
350.6281 143.4599
351.7881 142.1299
355.3681 140.9099
357.2081 138.7899
358.9981 137.9799
359.0281 135.9699
360.8981 138.1499
362.7181 138.4599
372.9781 132.3099
372.9781 132.3099
376.5781 130.0699
376.5781 130.0699
368.4881 122.1099
368.3481 119.1299
370.1981 114.8999
371.8781 106.6899
368.1481 105.7399
365.9381 106.2399
362.6881 102.7899
360.5981 103.3799
356.4181 111.9199
352.1581 112.4499
349.8081 114.7199
346.4081 114.8199
343.6481 116.9199
342.2981 116.0199
340.7681 110.2599
336.7481 107.9599
334.5081 107.8599
333.1681 106.6599
331.1781 106.7699
329.5081 112.3199
327.1181 114.8299
325.2081 119.2999
323.3781 119.2499
319.6481 115.8499
318.5581 115.7899
318.4181 124.5799
317.1781 127.0399
315.9881 126.4399
314.3181 123.7599
310.0881 120.9599
310.2681 120.2099
311.9181 120.3599
310.9881 118.5499
309.3481 118.6199
306.6581 120.6699
305.3581 120.3699
304.9481 117.1099
301.5081 112.5499
300.4281 112.4899
295.7181 115.3999
292.9581 115.6999
292.9581 115.6999
288.7681 119.4599
285.9481 123.7299
282.1281 121.2599
277.7781 121.3199
272.7081 119.7099
267.8981 121.4999
265.6281 123.6599
265.1881 127.2399
266.2481 132.2199
268.5581 133.7699
276.1581 136.4999
275.5081 138.0299
272.6381 139.9699
271.5581 139.9399
271.5681 152.1399
272.2781 153.7399
275.5681 152.3899
276.3881 152.7499
276.4381 154.6399
273.6781 157.7599
273.5181 159.0799
277.6681 163.2699
278.0681 165.8199
277.1681 168.6799
275.7481 169.3499
267.3981 165.7799
265.3081 165.7799
261.8681 167.1599
258.8781 172.4199
257.1081 179.9199
260.2881 186.9999
259.8381 198.7599
260.8581 201.1099
260.8581 201.1099
268.0481 200.1999
272.2681 202.7099
275.7881 202.9799
278.6281 205.1699
284.8681 201.3999
288.5681 201.9599
300.4881 198.6599
301.6481 199.6899
301.2181 203.3099
304.3581 203.0699
307.2381 200.1499
310.7881 199.3499
312.6181 199.5299
315.5281 201.7399
318.7581 198.9399

Targovishte
99
365.7181 303.2499
367.4881 302.0499
373.7381 302.5699
374.7281 302.1399
376.9981 305.2999
378.7981 306.1099
380.2781 305.9499
381.6481 304.3499
384.1081 303.1099
386.9081 299.4299
390.9481 298.5499
392.2681 293.8299
393.4281 292.1999
398.7281 290.9299
398.8981 289.8699
397.8781 287.9799
398.1481 284.5999
395.2981 281.5599
388.3281 276.7299
389.0381 274.3299
392.1981 273.2099
393.4881 271.1899
392.1281 268.5599
393.2981 266.6399
397.4381 268.6299
397.6181 271.2399
400.3781 275.9299
401.6081 276.5899
401.2781 278.6699
404.2481 278.1399
409.0681 280.3199
414.4681 277.9599
418.5081 278.2599
420.1181 277.4199
420.9981 278.1199
422.3681 281.8299
424.3581 280.1799
425.8581 281.1699
427.0181 280.1299
429.6381 280.5999
429.6381 280.5999
428.4081 279.0099
429.0681 271.1499
432.3281 268.1699
432.8181 265.6499
431.3481 263.4499
427.0081 259.5199
426.5781 256.6999
424.8481 253.4499
422.5981 252.5799
420.8681 253.1799
421.6881 249.2699
423.6181 245.1299
423.5881 243.5099
421.5781 242.2999
421.0581 239.8799
418.2881 238.0799
417.6581 235.2099
418.3281 233.4999
415.1181 231.8999
415.1181 231.8999
405.0181 233.4499
398.4081 231.5399
395.1181 231.3599
392.5681 232.2899
390.2981 234.2499
387.7681 231.8599
387.0581 232.6099
387.4681 236.2099
386.7081 236.7199
383.8281 235.2799
381.5381 235.6899
379.5681 229.8599
374.5881 225.6099
374.5881 225.6099
363.4381 229.5199
363.9681 231.4499
366.7081 232.8799
367.1581 234.3399
363.5281 237.4199
362.8781 238.8699
362.0681 242.2999
362.4381 248.9999
363.7181 251.6099
364.3581 255.1499
367.4681 257.3199
367.5181 259.0399
367.0981 260.3799
364.7781 262.7499
364.5281 264.1299
362.2081 266.0299
363.1581 268.9299
356.5181 275.2899
356.5181 275.2899
356.9581 280.1499
352.0081 284.3699
354.2781 286.0599
355.7381 289.2799
357.7081 291.6599

Haskovo
162
376.5781 130.0699
379.5881 127.9199
383.9081 126.9799
387.1881 123.9899
389.9981 123.7799
393.1581 122.4299
395.6181 123.8399
398.1281 121.8399
402.0181 122.7599
403.5781 119.9999
407.2081 120.3999
406.1581 112.9099
406.7581 106.6399
404.3181 104.2699
404.2481 101.4999
405.6081 100.6599
406.4081  98.1599
407.5981  97.0699
407.8281  94.9799
411.7281  90.2499
411.7281  90.2499
413.8481  87.3399
412.2981  84.9599
413.5781  83.2099
412.1681  82.4699
412.0481  80.9099
410.6881  79.7699
409.5781  76.8299
394.5781  76.7699
392.5881  76.0299
389.0081  67.3499
388.9581  65.4899
391.8281  62.2799
389.0281  62.7599
386.8581  61.8999
384.6181  62.2599
381.4881  63.6599
379.2781  66.0099
378.1481  65.0499
376.3781  65.2399
374.5181  65.9899
373.6481  67.1999
368.8781  64.7199
367.7881  62.4599
365.1781  62.9199
363.5981  61.9399
362.7981  59.2699
363.9281  53.8899
365.6381  53.2199
366.2081  51.2299
368.4281  50.7999
368.8781  51.7399
370.2381  52.0199
370.3481  49.6699
371.8681  48.4399
371.2881  41.9499
374.2081  41.6199
374.9981  37.0799
373.7181  35.4499
373.5481  33.7599
371.9581  32.9999
371.8881  32.1199
372.3581  30.6699
374.0081  29.9499
376.4981  26.2999
373.4481  25.8499
372.3281  24.3499
372.8781  22.6899
372.3981  20.5599
371.3881  18.7799
370.2181  18.4099
369.6281  15.8499
366.4481  15.9599
365.4181  14.6699
360.3281  15.1599
357.5781  14.2399
356.6881  11.9699
353.8381  11.0399
350.7081  11.3099
350.7081  11.3099
350.2381  15.5199
349.2181  17.2899
340.7581  25.3499
340.5781  28.7699
341.4081  32.0799
340.0281  32.7399
338.3481  35.3299
336.2181  36.2699
336.0981  38.5599
338.0281  44.9999
339.7981  47.0199
342.2181  48.2699
340.5681  53.6099
334.7281  54.3899
332.7681  53.5299
331.9681  51.2499
329.2281  49.4199
325.4881  51.0799
323.0981  49.5499
322.0781  52.1299
323.0681  53.8599
323.4581  56.6499
321.3881  60.7899
320.4881  66.7099
318.2781  69.4899
317.0681  69.7599
312.3581  67.7399
303.8781  70.3499
300.4381  73.0099
296.4981  74.5199
294.1481  80.1599
292.8881  79.8399
291.9581  77.7199
290.5381  77.1799
288.6281  75.0099
285.5181  87.3099
286.8381  91.7399
286.8381  91.7399
289.3981  94.8999
289.6281 101.3099
288.9781 105.3599
292.9581 115.6999
292.9581 115.6999
295.7181 115.3999
300.4281 112.4899
301.5081 112.5499
304.9481 117.1099
305.3581 120.3699
306.6581 120.6699
309.3481 118.6199
310.9881 118.5499
311.9181 120.3599
310.2681 120.2099
310.0881 120.9599
314.3181 123.7599
315.9881 126.4399
317.1781 127.0399
318.4181 124.5799
318.5581 115.7899
319.6481 115.8499
323.3781 119.2499
325.2081 119.2999
327.1181 114.8299
329.5081 112.3199
331.1781 106.7699
333.1681 106.6599
334.5081 107.8599
336.7481 107.9599
340.7681 110.2599
342.2981 116.0199
343.6481 116.9199
346.4081 114.8199
349.8081 114.7199
352.1581 112.4499
356.4181 111.9199
360.5981 103.3799
362.6881 102.7899
365.9381 106.2399
368.1481 105.7399
371.8781 106.6899
370.1981 114.8999
368.3481 119.1299

Yambol
103
423.5181 192.0899
428.0481 186.1399
431.7381 182.7399
435.6081 173.7999
438.9481 169.5899
440.5381 165.1899
443.0881 162.1299
444.4281 158.2499
446.4081 157.3599
450.6281 158.5399
451.4681 157.6899
451.4081 155.2099
449.5681 152.9199
442.3581 151.6899
441.0781 150.1799
442.0481 145.9399
445.5881 142.9099
447.3981 138.9799
449.8981 137.0999
448.3381 133.6999
448.3081 132.0599
450.6281 127.4599
450.7881 125.8599
447.9981 122.5699
448.3381 120.4499
451.0381 116.8199
456.1581 113.8199
458.3781 110.8399
458.3781 110.8399
456.9481 110.5499
457.4281 107.9199
455.4881 105.1599
452.8981 104.9399
453.1781 102.6599
450.9981  99.5999
447.7181 100.1199
445.4781  98.2999
441.9981  98.6599
440.0081  97.5099
439.3381  95.8699
436.3081  96.6299
434.0381  98.5499
430.9981  95.6999
430.5081  94.4099
426.5881  95.7199
421.9681  95.3999
417.8981  97.2399
417.2981  95.3399
411.7281  90.2499
411.7281  90.2499
407.8281  94.9799
407.5981  97.0699
406.4081  98.1599
405.6081 100.6599
404.2481 101.4999
404.3181 104.2699
406.7581 106.6399
406.1581 112.9099
407.2081 120.3999
403.5781 119.9999
402.0181 122.7599
398.1281 121.8399
395.6181 123.8399
393.1581 122.4299
389.9981 123.7799
387.1881 123.9899
383.9081 126.9799
379.5881 127.9199
376.5781 130.0699
376.5781 130.0699
372.9781 132.3099
372.9781 132.3099
375.3481 139.4799
378.7581 145.2099
379.3881 153.2799
378.5481 154.9299
376.2281 152.3199
374.3381 151.3999
372.0581 154.4699
372.1181 156.3199
373.2781 156.1599
375.2981 154.3799
376.2481 154.7599
375.9781 160.6899
377.2981 161.5199
384.0581 159.6499
385.5181 161.6599
389.6181 162.1899
391.6081 165.2399
394.1481 167.1199
393.8081 169.2999
391.9081 170.5999
395.8781 173.8699
401.3481 172.9699
410.1181 178.4499
414.9581 178.9399
417.7981 183.4999
418.8281 181.6999
419.8981 181.1899
422.7881 184.7999
422.8181 188.7899
420.8981 192.0899
420.9381 193.2499

Shumen
119
455.3381 325.4999
457.8481 325.8099
463.1881 328.7199
464.2281 328.5499
466.2081 325.0699
469.7381 321.7499
471.9281 322.6099
474.0281 321.9199
474.0281 321.9199
476.5181 318.9599
481.0381 318.3299
485.2981 312.3999
486.7981 311.8199
492.6381 315.8099
493.7481 315.8699
496.3381 311.1199
496.3381 311.1199
495.6181 309.1799
494.3781 308.3199
488.2981 306.2999
485.5581 306.0699
484.8481 305.2799
484.8381 301.7399
487.4881 300.5599
487.4881 299.0899
485.5681 295.5299
487.4481 295.1199
487.9081 293.3499
482.8181 285.6299
482.5581 282.2999
483.4681 279.5899
483.8281 274.7999
481.9081 273.0799
479.1581 273.9599
478.7081 272.7699
479.0981 269.1799
480.1981 266.7399
480.3981 262.8399
482.2481 258.7699
473.2681 253.4699
472.2681 249.6599
474.7381 246.9599
474.7381 246.9599
474.7381 243.3799
474.7381 243.3799
476.2981 238.2099
468.8381 236.7199
466.2281 235.3199
462.7581 235.3199
461.2981 233.3299
460.0781 232.7799
459.8981 231.9299
462.8181 230.8199
463.4181 228.1399
465.1081 227.1999
464.8281 223.2899
464.8281 223.2899
459.8081 222.7099
452.5681 218.8199
450.5581 219.3899
448.7581 222.2799
447.5281 222.5999
441.9781 221.5099
438.0781 223.1499
434.9881 222.5299
430.0381 222.7899
423.7181 218.3099
416.1081 218.2499
415.1881 219.5999
416.2381 221.4699
415.5981 222.1899
411.0281 222.7699
409.3481 221.9499
409.3481 221.9499
408.1481 223.3999
408.6981 226.2199
415.1181 231.8999
415.1181 231.8999
418.3281 233.4999
417.6581 235.2099
418.2881 238.0799
421.0581 239.8799
421.5781 242.2999
423.5881 243.5099
423.6181 245.1299
421.6881 249.2699
420.8681 253.1799
422.5981 252.5799
424.8481 253.4499
426.5781 256.6999
427.0081 259.5199
431.3481 263.4499
432.8181 265.6499
432.3281 268.1699
429.0681 271.1499
428.4081 279.0099
429.6381 280.5999
429.6381 280.5999
432.6081 282.6199
433.8881 284.9599
432.9281 286.9199
429.0281 289.1599
429.5581 290.7399
428.7081 292.6699
429.1881 293.6199
431.6581 294.5599
431.5881 296.3299
435.2281 298.9699
435.6581 302.5699
434.4781 302.9099
434.9181 305.0199
440.6381 309.8799
441.5781 314.1099
444.6781 312.4499
447.2881 312.4899
449.2581 313.6399
450.5081 316.5599
454.7981 318.6799
456.2681 320.8899

