504 793

Batha
66
314.2981 403.0970
315.2081 321.4970
315.2081 321.4970
314.9181 315.3270
325.0481 309.1170
326.3381 305.4970
324.9981 298.5570
329.6381 289.1770
329.3581 271.5070
329.3581 271.5070
329.3081 269.6070
328.0581 268.6870
314.3881 265.4670
314.3881 265.4670
301.5781 270.1470
273.9981 254.5570
273.2381 253.3870
239.3481 253.6270
221.1781 243.6070
219.7481 241.9470
210.9981 241.6570
200.9181 233.5370
200.6281 232.4170
197.8981 231.5970
195.9381 229.6470
197.4281 226.0570
197.4281 226.0570
192.9281 227.6570
190.1581 227.5170
188.4881 228.9170
187.3881 233.0970
185.0881 234.5570
183.6581 236.7970
182.8481 243.6570
180.9781 244.3370
176.0081 249.5870
173.2381 258.0570
167.5981 261.6670
166.8281 262.7870
168.6981 265.5670
175.0481 270.8770
176.5381 273.4570
176.5381 273.4570
180.3581 278.8770
180.0281 289.4670
181.7881 300.9470
196.8481 305.7370
219.0781 389.9770
219.0781 389.9770
228.0181 384.4170
232.9381 382.6870
240.3981 381.7570
247.7581 381.9970
254.9281 383.9670
260.8981 386.9770
265.7281 390.5770
271.8981 397.5270
274.9181 402.8070
276.5381 407.3970
277.8781 416.2970
277.5381 420.6370
281.4081 421.2270
283.6581 419.8470
287.5281 411.8870
291.1581 408.0870
300.2381 406.6070

Bahr_el_Gazel
40
219.0781 389.9770
196.8481 305.7370
181.7881 300.9470
180.0281 289.4670
180.3581 278.8770
176.5381 273.4570
176.5381 273.4570
169.9881 276.2870
168.6981 275.3170
164.0581 273.9470
161.4781 275.2670
157.4581 273.0170
147.1881 272.0470
143.4081 270.2870
138.2981 271.1170
131.3181 270.5870
129.5981 269.7570
120.9381 270.7770
119.4081 274.5870
116.7381 277.0670
116.7381 277.0670
117.6481 278.7270
117.8881 290.5870
115.1081 298.6070
115.8781 304.1770
115.4981 305.1070
110.2381 305.6370
109.6581 304.7170
104.1681 304.5170
102.0181 305.2070
102.8281 319.0470
107.2281 320.7170
111.6681 324.5870
125.9181 340.5170
127.8781 344.1970
129.7381 358.3870
146.0381 414.5570
153.8781 427.8070
153.8781 427.8070
209.0881 403.2970

Borkou
94
267.8281 717.4570
360.4081 668.6670
360.4081 668.6670
316.6881 574.0570
322.1381 552.5070
337.2481 511.9170
330.6481 450.9470
352.1081 403.2070
352.1081 403.2070
350.1081 402.9070
343.6981 398.0170
341.0181 396.9870
335.9981 398.8070
327.4881 396.9370
324.2381 397.5770
317.5981 401.9670
314.2981 403.0970
314.2981 403.0970
305.7881 404.6270
300.2381 406.6070
291.1581 408.0870
287.5281 411.8870
283.6581 419.8470
281.4081 421.2270
277.5381 420.6370
277.8781 416.2970
276.5381 407.3970
274.9181 402.8070
271.8981 397.5270
265.7281 390.5770
260.8981 386.9770
254.9281 383.9670
247.7581 381.9970
240.3981 381.7570
232.9381 382.6870
228.0181 384.4170
219.0781 389.9770
219.0781 389.9770
215.0581 394.0270
209.0881 403.2970
153.8781 427.8070
153.8781 427.8070
 94.8981 457.6070
 94.8981 457.6070
 97.3981 460.3170
 97.7881 469.1470
 97.7881 469.1470
180.3581 618.4070
187.4381 632.6770
188.2481 640.4870
189.9681 643.8370
191.8781 644.7470
197.1881 641.4970
197.1881 638.7070
193.7881 635.1570
193.5981 632.2170
194.6981 628.2670
196.6581 626.0870
198.6681 625.4370
200.0981 622.1970
203.4481 619.9170
204.6381 615.9670
208.1281 612.6870
210.1881 609.5970
212.9581 611.1170
215.5481 615.8770
215.6381 618.8570
214.1081 625.8970
212.6781 628.6270
213.1581 632.4270
214.3981 634.1970
211.5781 642.7770
207.8481 646.5770
206.9381 651.0970
207.3281 653.2870
209.4281 656.1770
214.6881 659.8370
219.4681 667.7770
225.0481 670.8270
228.7281 671.7470
234.6081 672.0470
236.1381 673.4770
240.7281 674.9570
244.1281 678.0170
246.1881 681.4870
252.4981 686.3370
253.1681 689.1970
253.3581 697.3170
254.4581 700.4870
254.0281 702.7870
257.9381 709.2770
259.0881 709.2770
260.4281 711.6370
260.4781 714.2570

Chari-Baguirmi
103
 75.5781 230.9170
 86.0981 233.5370
 89.2481 235.4870
 91.0681 237.6170
 97.4281 230.7670
100.1981 233.2470
105.9381 236.4070
119.8881 236.4070
123.3281 238.5470
125.3381 240.9770
152.8681 231.1070
155.6981 226.4470
154.8781 219.7470
156.5981 216.6870
158.7981 215.3270
160.5181 206.6870
162.0481 204.2570
164.3481 204.6470
169.7481 203.8770
173.0481 201.8870
175.4781 198.9270
184.8481 194.3670
184.8481 194.3670
183.4181 182.6470
186.0481 168.3770
186.1881 161.6070
185.6681 155.6070
184.4681 150.9170
187.1481 149.1370
190.2981 148.4070
194.7981 144.9770
194.7981 144.9770
192.2181 131.5170
187.0481 114.8270
187.0481 114.8270
181.0781 115.5070
177.8281 116.9970
176.6781 119.3570
170.7481 120.5670
166.0681 120.5670
165.4481 121.8170
163.9181 122.7370
159.7581 123.8970
158.1281 123.6970
156.3181 125.7770
152.6781 126.6370
150.6281 131.4670
150.8181 134.5070
149.8081 134.5970
148.9581 135.9970
144.1281 132.8670
130.3081 133.3070
130.3081 133.3070
129.3581 135.9970
127.2081 138.3670
126.8181 145.6570
128.1581 157.3470
126.6281 160.2470
123.3281 159.5270
120.8481 160.8270
116.5881 160.7770
113.3881 161.6070
108.8481 163.0570
104.2581 166.6270
102.5381 166.7770
 99.2381 168.6170
 98.4281 170.5970
 94.1781 174.4670
 92.2181 181.7770
 84.2781 181.6370
 74.8381 175.9770
 74.8381 175.9770
 75.1081 177.0170
 74.4381 178.0070
 75.1281 179.8070
 74.5281 182.1570
 75.2281 182.7370
 74.5081 185.2070
 76.5781 189.3270
 76.0481 191.3670
 80.0481 197.5370
 79.7681 198.8570
 78.0481 199.7170
 78.1381 201.0970
 77.1481 202.4470
 76.3781 205.9470
 76.7481 206.8870
 78.1281 206.8570
 77.0781 208.4070
 78.9281 209.9670
 77.8181 211.3670
 77.7781 212.5370
 76.9781 213.2470
 76.7181 212.3270
 75.8481 212.7870
 75.2481 215.0670
 76.3081 216.4770
 75.7981 218.5370
 76.8481 218.5270
 77.3881 219.4770
 77.3881 219.4770
 79.7881 219.1570
 80.8881 223.3370

Ennedi
42
503.4481 415.8470
503.5281 401.2670
487.2881 403.8770
483.2781 403.6870
475.5481 400.6870
472.4981 400.3570
461.9281 401.5470
461.9281 401.5470
457.6981 405.9170
455.2581 406.9970
450.8581 405.9170
448.6681 406.2570
445.9881 408.0370
442.9281 406.8570
436.6181 405.8170
434.0881 406.5570
433.7981 409.5170
432.8881 410.4070
427.6281 411.8370
423.3281 410.3570
421.0781 411.0470
418.0281 413.2770
416.5881 412.5770
413.8181 414.1670
406.4581 411.7870
395.6981 413.9670
392.1681 412.4370
377.1981 408.8270
373.2381 409.6170
370.1281 411.5970
366.4481 412.6270
361.7581 409.8670
360.4681 409.7170
356.3181 405.5770
352.1081 403.2070
352.1081 403.2070
330.6481 450.9470
337.2481 511.9170
322.1381 552.5070
316.6881 574.0570
360.4081 668.6670
360.4081 668.6670

Guéra
93
314.3881 265.4670
323.2381 258.8870
323.9081 257.1370
321.9881 255.4270
320.5581 255.3370
317.6881 249.8370
319.5981 245.7970
316.1581 243.9970
312.2881 238.6970
309.3681 231.9370
306.9381 223.8170
307.7481 221.9270
307.7481 221.9270
292.1681 224.0170
286.6681 225.9570
279.3981 219.1070
280.7381 212.9470
274.7181 202.4170
268.6481 200.5770
267.0681 204.8970
259.7581 205.0370
258.4181 194.6170
259.7581 187.5370
262.8581 186.6670
264.4881 184.7270
267.1181 183.3770
283.7981 176.5470
287.3381 173.8370
297.6181 171.5670
298.1881 168.7170
299.6681 167.2170
298.2381 165.3770
299.1481 157.8370
298.0381 151.5970
298.0381 151.5970
294.0281 148.6070
292.3581 146.2870
289.9181 146.1370
288.1481 147.1570
284.9981 145.8470
283.1281 143.7270
282.6981 141.6470
280.8881 139.8170
281.4081 137.6470
278.0181 134.0270
274.7181 132.2370
274.3781 130.2570
272.1381 130.6970
271.0381 129.4370
268.1681 122.6370
256.0781 122.6370
254.5881 117.3870
251.8681 117.2870
246.8481 119.3070
247.3281 124.4270
240.3481 132.1870
234.8481 135.1370
232.9381 134.7970
230.4581 135.8570
224.4781 139.9070
221.6081 140.8270
219.8381 140.1070
214.8181 142.3770
210.1381 147.2070
194.7981 144.9770
194.7981 144.9770
190.2981 148.4070
187.1481 149.1370
184.4681 150.9170
185.6681 155.6070
186.1881 161.6070
186.0481 168.3770
183.4181 182.6470
184.8481 194.3670
184.8481 194.3670
189.1581 199.8970
194.8881 204.0670
201.3481 204.4570
199.1481 210.0870
194.8881 215.6670
194.7481 217.5570
197.4281 226.0570
197.4281 226.0570
195.9381 229.6470
197.8981 231.5970
200.6281 232.4170
200.9181 233.5370
210.9981 241.6570
219.7481 241.9470
221.1781 243.6070
239.3481 253.6270
273.2381 253.3870
273.9981 254.5570

Hadjer_Lamis
124
 52.6281 263.3570
 54.1281 262.6370
 57.8481 264.9370
 61.0781 264.1170
 64.6281 266.5870
 67.3681 264.7770
 69.4681 265.2670
 69.9581 266.0870
 71.7281 266.5870
 72.6881 268.4170
 74.4781 267.0770
 76.4181 267.0770
 77.8681 268.0670
 78.8381 273.9970
 80.4481 274.9870
 78.0681 279.3170
 80.1681 279.5070
 82.3181 278.3370
 82.3181 278.3370
 82.3181 278.3370
 82.3181 278.3370
 83.1781 276.2370
 85.6681 273.2670
 87.0981 275.4570
 88.0581 275.8970
 89.1081 275.2670
 92.3081 277.8470
 91.3081 279.1170
 87.4581 281.1170
 87.4581 281.1170
 87.4581 281.1170
 87.4581 281.1170
 87.8781 283.8870
 87.2581 287.2070
 87.2581 287.2070
 87.2581 287.2070
 87.2581 287.2070
 91.3981 287.8070
 93.6981 284.0970
100.7681 280.6770
100.7681 280.6770
109.3281 276.5870
114.4381 276.1470
116.7381 277.0670
116.7381 277.0670
119.4081 274.5870
120.9381 270.7770
129.5981 269.7570
131.3181 270.5870
138.2981 271.1170
143.4081 270.2870
147.1881 272.0470
157.4581 273.0170
161.4781 275.2670
164.0581 273.9470
168.6981 275.3170
169.9881 276.2870
176.5381 273.4570
176.5381 273.4570
175.0481 270.8770
168.6981 265.5670
166.8281 262.7870
167.5981 261.6670
173.2381 258.0570
176.0081 249.5870
180.9781 244.3370
182.8481 243.6570
183.6581 236.7970
185.0881 234.5570
187.3881 233.0970
188.4881 228.9170
190.1581 227.5170
192.9281 227.6570
197.4281 226.0570
197.4281 226.0570
194.7481 217.5570
194.8881 215.6670
199.1481 210.0870
201.3481 204.4570
194.8881 204.0670
189.1581 199.8970
184.8481 194.3670
184.8481 194.3670
175.4781 198.9270
173.0481 201.8870
169.7481 203.8770
164.3481 204.6470
162.0481 204.2570
160.5181 206.6870
158.7981 215.3270
156.5981 216.6870
154.8781 219.7470
155.6981 226.4470
152.8681 231.1070
125.3381 240.9770
123.3281 238.5470
119.8881 236.4070
105.9381 236.4070
100.1981 233.2470
 97.4281 230.7670
 91.0681 237.6170
 89.2481 235.4870
 86.0981 233.5370
 75.5781 230.9170
 75.5781 230.9170
 71.3681 231.8370
 68.7481 230.9270
 68.7481 230.9270
 68.9581 238.4070
 67.4081 242.5470
 66.3881 241.7470
 66.0181 242.1670
 66.2881 246.7170
 65.1881 250.5370
 62.0181 250.8770
 61.1781 253.3570
 60.0181 251.9470
 59.5081 252.1370
 59.6981 254.9070
 57.1181 255.0070
 55.1481 255.8870
 55.1481 257.4470
 53.4381 256.3270
 52.9981 257.6070

Kanem
57
153.8781 427.8070
146.0381 414.5570
129.7381 358.3870
127.8781 344.1970
125.9181 340.5170
111.6681 324.5870
107.2281 320.7170
102.8281 319.0470
102.0181 305.2070
104.1681 304.5170
109.6581 304.7170
110.2381 305.6370
115.4981 305.1070
115.8781 304.1770
115.1081 298.6070
117.8881 290.5870
117.6481 278.7270
116.7381 277.0670
116.7381 277.0670
114.4381 276.1470
109.3281 276.5870
100.7681 280.6770
100.7681 280.6770
 99.6681 286.2970
 97.1881 290.9270
 92.0181 304.8570
 82.6081 303.6870
 71.3281 301.0970
 66.1181 301.4370
 63.3481 299.6270
 56.9881 311.4170
 51.9181 317.2870
 48.8081 322.0370
 42.4081 323.6070
 40.9681 326.4470
 37.3881 327.2770
 35.7581 330.5570
 33.0381 331.4470
 32.3181 334.8270
 29.1181 337.8670
 26.7281 338.0570
 25.3881 340.3170
 16.1681 340.3670
 14.7281 342.2770
  8.4281 342.7670
  8.4281 342.7670
 10.9081 344.4970
 10.7381 347.5270
 10.0081 348.6870
 13.2781 351.7170
 14.3781 351.4070
 16.3481 352.8670
 15.3881 359.8170
 18.8481 368.0870
 24.0081 374.2470
 43.8281 402.5870
 94.8981 457.6070

Lac
61
 51.8281 266.2370
 47.4181 272.2670
 29.3981 272.5070
  8.1181 302.8770
  0.2681 339.1770
  1.5281 340.8970
  8.4281 342.7670
  8.4281 342.7670
 14.7281 342.2770
 16.1681 340.3670
 25.3881 340.3170
 26.7281 338.0570
 29.1181 337.8670
 32.3181 334.8270
 33.0381 331.4470
 35.7581 330.5570
 37.3881 327.2770
 40.9681 326.4470
 42.4081 323.6070
 48.8081 322.0370
 51.9181 317.2870
 56.9881 311.4170
 63.3481 299.6270
 66.1181 301.4370
 71.3281 301.0970
 82.6081 303.6870
 92.0181 304.8570
 97.1881 290.9270
 99.6681 286.2970
100.7681 280.6770
100.7681 280.6770
 93.6981 284.0970
 91.3981 287.8070
 87.2581 287.2070
 87.8781 283.8870
 87.1081 281.5070
 88.1981 280.2870
 91.3081 279.1170
 92.3081 277.8470
 89.1081 275.2670
 88.0581 275.8970
 87.0981 275.4570
 85.6681 273.2670
 83.1781 276.2370
 82.3181 278.3370
 80.1681 279.5070
 78.0681 279.3170
 80.4481 274.9870
 78.8381 273.9970
 77.8681 268.0670
 76.4181 267.0770
 74.4781 267.0770
 72.6881 268.4170
 71.7281 266.5870
 69.9581 266.0870
 69.4681 265.2670
 67.3681 264.7770
 64.6281 266.5870
 61.0781 264.1170
 57.8481 264.9370
 54.1281 262.6370

Logone-Occidental
53
141.4481  80.7370
145.1281  74.8270
146.5181  74.5370
147.0881  72.7070
148.1381  73.0970
149.0981  71.4570
149.4281  70.2070
145.9381  64.3470
144.6081  62.8570
140.4481  61.4670
137.8181  58.4870
134.0881  58.7270
126.6281  56.2270
124.7181  54.3570
120.8481  52.7670
120.5581  51.6170
114.4381  47.9270
111.6181  43.0770
105.9781  42.8870
102.2481  40.7670
 98.5281  40.1470
 98.9081  40.9670
 98.3781  41.6370
 96.6581  40.9670
 96.5681  42.7870
 94.9881  43.9370
 94.5581  45.0870
 91.5481  45.1870
 89.5881  46.3870
 86.2581  50.1770
 86.2581  50.1770
 85.8081  56.3770
 86.4781  58.8270
 87.1981  60.6970
 90.2981  63.4870
 90.2981  68.8170
 90.6881  72.0370
 92.0681  74.4870
 91.7381  76.6570
 94.3181  77.9970
 94.3181  77.9970
100.6281  76.1770
104.4081  77.9970
112.3881  76.9470
117.6481  77.9970
119.0781  80.4970
120.2781  81.2670
123.1381  81.2170
128.5381  78.8670
129.9781  79.7770
131.2681  82.4770
134.8481  83.7670
138.4381  86.8470

Logone-Oriental
112
141.4481  80.7370
146.9981  82.4270
149.5281  82.2370
152.2981  80.1670
153.7381  80.4970
157.9381  78.4770
168.1681  77.4670
175.2481  78.8170
175.2481  78.8170
176.0081  73.6770
175.6281  63.6270
171.0381  57.3370
175.0481  53.2070
182.9381  41.2470
179.0181  34.5770
173.9981  33.3370
182.4081  17.6370
182.4081  17.6370
181.4881  16.7070
181.3981  14.9170
179.9581  15.7070
179.2881  13.9470
176.7581  12.8070
177.1681  12.1170
176.5081  11.0770
175.1581  10.9070
174.3681  12.0770
173.1981  12.2970
173.1681  10.7770
171.1881  10.5270
170.7681   9.5570
166.7781   9.5970
165.4181   8.9670
165.3481   8.1670
164.0981   8.6670
163.8481   6.6570
164.4381   5.8770
162.8181   5.7870
162.5181   4.9370
161.3781   4.5170
159.9881   4.7970
158.9881   7.1770
155.7781  10.2870
154.0281  10.3170
152.9281  11.1670
152.9681  14.4970
149.4581  15.9670
149.6181  17.6970
148.9381  19.0870
149.5281  21.3070
145.8381  19.6570
144.4181  16.9970
143.0181  16.7370
142.7981  17.5770
142.0181  17.7070
140.7581  15.9270
141.4181  14.9070
140.9881  13.9970
141.6181  13.5670
139.8081  11.2870
135.4481  10.3570
132.2881   8.1970
129.9081   8.5670
128.8581   7.6170
124.1981   7.0170
123.3981   6.4770
122.8981   4.7070
119.8381   2.2870
111.9381   0.2670
108.7481   2.0570
108.0381   4.0070
 99.3581   3.6270
 97.4981   4.4070
100.6681   7.4270
101.8281  12.1970
101.7881  15.9070
 97.6481  17.2770
 94.8981  22.0070
 91.9281  29.0170
 92.2681  31.2770
 86.9281  41.8870
 84.9881  49.6070
 84.9881  49.6070
 86.2581  50.1770
 86.2581  50.1770
 89.5881  46.3870
 91.5481  45.1870
 94.5581  45.0870
 94.9881  43.9370
 96.5681  42.7870
 96.6581  40.9670
 98.3781  41.6370
 98.9081  40.9670
 98.5281  40.1470
102.2481  40.7670
105.9781  42.8870
111.6181  43.0770
114.4381  47.9270
120.5581  51.6170
120.8481  52.7670
124.7181  54.3570
126.6281  56.2270
134.0881  58.7270
137.8181  58.4870
140.4481  61.4670
144.6081  62.8570
145.9381  64.3470
149.4281  70.2070
149.0981  71.4570
148.1381  73.0970
147.0881  72.7070
146.5181  74.5370

Mandoul
63
195.3181 103.7970
198.4981 101.1870
200.6681  96.6570
205.3081  96.0470
208.2981  89.2770
217.1781  84.6370
226.1981  83.5370
221.8481  76.3870
217.8681  74.9470
216.4381  73.0970
217.5481  67.5670
219.5781  64.7370
218.9781  58.7470
219.6881  55.8170
220.3781  54.1870
222.2281  53.2470
222.7581  49.5470
225.1381  43.3570
224.7581  37.0370
226.8681  27.9770
226.8681  27.9770
218.1681  27.4970
212.8981  25.0670
203.8881  26.0170
202.4581  25.5870
200.9481  26.2270
199.8581  24.4470
198.3081  23.5470
197.3481  23.8270
196.0581  22.6470
194.9981  23.2770
193.4581  20.7570
191.1981  21.9670
190.1481  20.6370
189.5381  21.1670
188.8281  20.8870
188.3781  20.6370
188.0981  19.5270
186.2981  19.7970
184.7481  18.4470
183.5981  18.7870
183.2281  17.7270
182.4081  17.6370
182.4081  17.6370
173.9981  33.3370
179.0181  34.5770
182.9381  41.2470
175.0481  53.2070
171.0381  57.3370
175.6281  63.6270
176.0081  73.6770
175.2481  78.8170
175.2481  78.8170
179.4481  83.0470
172.4281  87.6170
179.7381  92.9170
179.7381  97.6770
181.1281  98.7370
179.1681 101.2870
178.8281 102.7870
180.8381 103.7470
185.4281 103.8870
191.9781 105.9170

Moyen-Chari
118
298.0381 151.5970
294.7881 137.1570
297.5181 136.0970
296.9881 133.4970
295.4181 130.7370
295.6981 127.8970
293.7381 126.4470
296.9881 121.3870
311.5381  79.6470
311.5381  79.6470
309.3481  79.2570
308.7581  77.9870
305.7681  78.1670
304.3781  77.1570
303.7581  78.1570
301.7281  77.8870
296.5581  76.0670
293.2181  75.9970
292.0481  76.9870
289.4381  75.8470
288.6681  76.7070
287.3481  75.7570
285.4281  76.5670
278.8881  75.4470
274.8781  76.5770
270.8981  75.2870
268.8181  76.0470
267.2381  74.8570
264.0881  74.0670
262.5481  71.5870
260.7381  71.5070
259.9181  70.1570
259.1381  70.3070
257.8681  67.9770
258.4381  67.4270
259.9581  67.7070
260.1281  65.7870
262.1581  65.8970
262.5481  64.8770
265.1281  63.8070
266.4381  61.9670
269.4681  60.5870
270.2781  59.2670
267.5881  57.6370
266.4581  53.6470
265.5281  52.3570
263.9381  51.6670
264.3081  51.0370
263.0281  49.3270
260.6981  47.4070
260.8081  45.7770
259.6381  44.5170
258.9481  44.6170
258.5181  43.4170
257.2881  43.7070
257.3181  41.7070
255.0881  39.5570
248.5081  36.9270
246.6581  33.8270
247.0881  31.4170
246.1781  29.5670
226.8681  27.9770
226.8681  27.9770
224.7581  37.0370
225.1381  43.3570
222.7581  49.5470
222.2281  53.2470
220.3781  54.1870
219.6881  55.8170
218.9781  58.7470
219.5781  64.7370
217.5481  67.5670
216.4381  73.0970
217.8681  74.9470
221.8481  76.3870
226.1981  83.5370
217.1781  84.6370
208.2981  89.2770
205.3081  96.0470
200.6681  96.6570
198.4981 101.1870
195.3181 103.7970
195.3181 103.7970
197.0881 107.4570
190.8781 112.8570
187.0481 114.8270
187.0481 114.8270
192.2181 131.5170
194.7981 144.9770
194.7981 144.9770
210.1381 147.2070
214.8181 142.3770
219.8381 140.1070
221.6081 140.8270
224.4781 139.9070
230.4581 135.8570
232.9381 134.7970
234.8481 135.1370
240.3481 132.1870
247.3281 124.4270
246.8481 119.3070
251.8681 117.2870
254.5881 117.3870
256.0781 122.6370
268.1681 122.6370
271.0381 129.4370
272.1381 130.6970
274.3781 130.2570
274.7181 132.2370
278.0181 134.0270
281.4081 137.6470
280.8881 139.8170
282.6981 141.6470
283.1281 143.7270
284.9981 145.8470
288.1481 147.1570
289.9181 146.1370
292.3581 146.2870

Mayo-Kébbi-Est
80
 74.8381 175.9770
 84.2781 181.6370
 92.2181 181.7770
 94.1781 174.4670
 98.4281 170.5970
 99.2381 168.6170
102.5381 166.7770
104.2581 166.6270
108.8481 163.0570
113.3881 161.6070
116.5881 160.7770
120.8481 160.8270
123.3281 159.5270
126.6281 160.2470
128.1581 157.3470
126.8181 145.6570
127.2081 138.3670
129.3581 135.9970
130.3081 133.3070
130.3081 133.3070
132.4181 131.8970
132.6581 127.3670
133.6081 124.7070
127.6381 114.0770
122.5881 108.8470
119.3381 106.9370
116.9481 106.6270
115.3481 108.8270
113.4581 109.5670
111.1881 109.9470
109.3281 109.1470
107.9881 107.5970
107.3681 104.0370
105.8381 103.2670
105.0281  99.3170
100.2881  95.2270
 96.3681  90.4070
 93.3581  85.1670
 93.3581  85.1670
 86.1481  88.1170
 79.8181  92.2570
 77.5081  96.1670
 77.0981 101.1370
 74.4781 103.9170
 75.5081 105.6970
 74.8681 106.9070
 70.8481 108.6770
 66.5681 107.4970
 61.2381 107.2970
 60.5681 114.5270
 59.9081 115.4470
 60.8881 119.1670
 60.2381 120.8570
 60.2381 120.8570
 65.3981 119.5770
 69.3681 122.2470
 72.5481 123.2670
 78.0881 121.4770
 79.5881 122.9570
 83.3981 121.5070
 84.5181 123.0470
 94.0281 119.9970
105.9181 122.4970
104.2581 124.4670
 98.5481 127.7870
 97.8081 127.5870
 96.4781 128.9570
 94.8181 132.2770
 92.0481 135.3270
 90.2381 137.2470
 88.0681 138.0470
 86.7481 140.8370
 86.7781 142.5870
 84.7581 145.9370
 80.2081 149.1970
 80.6281 154.4270
 76.5581 162.1070
 77.6381 166.3170
 77.1981 168.9970
 75.6281 171.2970

Mayo-Kébbi-Ouest
59
 50.4381 123.4270
 60.2381 120.8570
 60.2381 120.8570
 60.8881 119.1670
 59.9081 115.4470
 60.5681 114.5270
 61.2381 107.2970
 66.5681 107.4970
 70.8481 108.6770
 74.8681 106.9070
 75.5081 105.6970
 74.4781 103.9170
 77.0981 101.1370
 77.5081  96.1670
 79.8181  92.2570
 86.1481  88.1170
 93.3581  85.1670
 93.3581  85.1670
 94.3181  77.9970
 94.3181  77.9970
 91.7381  76.6570
 92.0681  74.4870
 90.6881  72.0370
 90.2981  68.8170
 90.2981  63.4870
 87.1981  60.6970
 86.4781  58.8270
 85.8081  56.3770
 86.2581  50.1770
 86.2581  50.1770
 84.9881  49.6070
 84.9881  49.6070
 83.1581  56.3670
 78.3481  59.3670
 72.6781  59.5670
 72.6281  61.7370
 68.9681  63.3270
 69.6681  63.9670
 68.3581  65.8870
 67.1981  66.2270
 64.7781  65.5170
 61.4581  66.4270
 52.1881  75.6370
 49.8081  76.6270
 48.5981  78.4670
 49.0181  79.4870
 43.6381  84.5370
 43.8781  88.9470
 42.3781  89.8670
 40.6081  92.7070
 37.4081  93.8970
 36.1881  96.0170
 34.8381  96.7170
 34.5681  98.0670
 31.9281  99.5170
 26.4881 106.2070
 27.2781 110.5670
 33.4181 117.6170
 35.4481 122.7170

Ville_de_Ndjamena
17
 68.7481 230.9270
 71.3681 231.8370
 75.5781 230.9170
 75.5781 230.9170
 75.9181 229.3070
 80.8881 223.3370
 79.7881 219.1570
 77.3881 219.4770
 77.3881 219.4770
 75.1381 221.1570
 76.1581 222.0070
 74.8981 223.3370
 75.0581 224.6570
 73.6881 225.4470
 71.6681 224.4570
 68.2581 227.3770
 68.0981 228.1370

Ouaddaï
58
315.2081 321.4970
323.7581 332.1270
329.3081 336.3970
335.4681 335.9070
341.2081 337.7670
348.9081 335.4670
352.6781 333.1570
360.2781 324.9770
365.2081 323.7970
368.3581 319.6370
372.1381 319.3870
378.2981 322.9170
380.9281 323.6570
392.1181 321.9870
412.0981 315.9170
416.0681 313.4670
417.8581 313.3670
417.8581 313.3670
413.6781 308.7970
412.1781 306.0170
413.7681 304.3970
413.3981 302.0770
414.8281 298.9770
418.4481 295.4270
418.4081 290.6770
419.6981 288.5570
421.1581 287.6870
421.4281 285.6970
416.6481 280.5870
414.2781 276.8170
408.4881 275.2770
407.9981 273.6370
404.2881 270.9170
404.5381 269.5270
402.9981 267.7470
400.8381 262.8670
400.1581 258.9670
400.1581 258.9670
395.5581 260.1570
392.5981 261.8570
383.1781 257.8170
377.1581 251.4370
372.8981 252.6570
365.3481 251.5370
364.1981 250.8570
356.7881 253.7270
357.2181 258.8870
355.9781 261.4670
348.7581 263.1770
349.1881 265.3170
348.7081 269.4670
338.0481 269.2170
329.3581 271.5070
329.3581 271.5070
329.6381 289.1770
324.9981 298.5570
326.3381 305.4970
325.0481 309.1170

Salamat
138
307.7481 221.9270
308.4681 218.0470
312.7681 219.1070
313.1481 221.2970
323.5681 222.0270
324.9581 221.3970
326.7281 221.6870
358.7981 206.1570
364.7781 202.5170
364.6281 197.9570
405.4081 205.6170
408.7981 203.3870
415.6281 202.2270
430.0681 171.2870
430.0681 171.2870
428.1281 170.0970
425.8481 170.0370
417.1881 167.0970
415.0981 165.5170
411.3881 166.4770
408.6281 165.9570
407.0081 164.9170
405.9381 164.6570
404.0681 165.3170
402.1481 165.2270
401.3981 164.0970
399.8381 163.7570
397.7281 161.5870
397.7381 155.5370
396.2981 154.2170
395.1081 154.7870
395.0781 149.9670
394.3381 147.7270
396.8981 143.0870
395.5581 141.6370
395.4481 140.3170
394.6081 139.9670
395.2881 138.6670
394.8481 137.7770
393.7681 136.5470
392.3781 136.6370
392.6681 135.9670
391.6181 135.4270
391.9881 134.3970
389.7881 134.3770
388.1781 133.4170
385.6981 134.1670
382.4181 130.5570
381.4681 128.9370
381.7181 127.2270
381.1381 127.1170
380.6981 125.5670
379.5281 125.1970
378.4481 122.8170
377.3681 122.6870
376.3181 121.4670
374.8381 122.7370
374.2781 121.6770
372.1881 122.7570
369.7281 119.8770
369.5481 118.1670
366.3981 115.8870
365.5481 113.1870
363.0681 111.9070
361.4981 112.3270
361.4981 110.1270
359.7981 111.0270
360.2481 109.0270
358.4981 108.8670
359.9781 108.0270
359.1581 107.0870
359.7381 106.1370
358.4681 105.9870
359.4681 104.9370
357.7181 104.7270
357.7281 102.3970
356.5781 102.5470
355.9881 100.3470
354.0481 100.2470
353.6581  98.5170
351.7681  97.3370
351.7881  95.7770
350.3981  96.3970
348.9581  95.6670
348.6081  94.3670
344.1181  94.2270
343.1981  91.5270
342.0481  91.1670
342.7281  90.3570
341.1281  90.2870
340.0081  91.5570
339.3581  90.9470
337.5081  91.2770
337.2881  89.8670
335.9381  89.8370
336.0481  88.1570
334.0381  83.4070
332.9981  82.4670
326.7381  80.9070
324.7881  81.0570
322.8181  82.3670
318.4881  81.7070
317.0881  82.5970
316.1381  81.4770
314.7581  81.9170
312.8381  81.1270
312.6681  80.1070
312.1381  80.6670
311.5381  79.6470
311.5381  79.6470
296.9881 121.3870
293.7381 126.4470
295.6981 127.8970
295.4181 130.7370
296.9881 133.4970
297.5181 136.0970
294.7881 137.1570
298.0381 151.5970
298.0381 151.5970
299.1481 157.8370
298.2381 165.3770
299.6681 167.2170
298.1881 168.7170
297.6181 171.5670
287.3381 173.8370
283.7981 176.5470
267.1181 183.3770
264.4881 184.7270
262.8581 186.6670
259.7581 187.5370
258.4181 194.6170
259.7581 205.0370
267.0681 204.8970
268.6481 200.5770
274.7181 202.4170
280.7381 212.9470
279.3981 219.1070
286.6681 225.9570

Sila
82
329.3581 271.5070
338.0481 269.2170
348.7081 269.4670
349.1881 265.3170
348.7581 263.1770
355.9781 261.4670
357.2181 258.8870
356.7881 253.7270
364.1981 250.8570
365.3481 251.5370
372.8981 252.6570
377.1581 251.4370
383.1781 257.8170
392.5981 261.8570
395.5581 260.1570
400.1581 258.9670
400.1581 258.9670
401.4281 254.9670
405.0281 250.8770
409.4081 250.9670
414.3581 252.3570
417.1681 254.3570
417.2981 256.4670
425.0281 252.1370
429.7481 250.3270
427.9281 244.7270
425.6081 241.0470
428.0081 238.8270
429.0581 233.1970
431.0781 228.8370
431.1981 223.8870
430.3781 221.4270
429.6981 221.2670
431.3481 220.9770
434.1981 222.5570
438.1981 222.7970
438.3881 222.3070
434.3581 205.1370
434.8981 201.5770
439.4981 196.4770
443.8981 194.5270
445.4981 192.7370
445.5581 191.0370
453.0281 191.7170
453.4081 186.6170
454.7881 185.8570
454.9781 181.1770
449.9681 168.1770
444.5881 168.8170
443.4381 170.1170
437.1081 171.3770
435.0281 170.7570
432.7281 171.8870
430.0681 171.2870
430.0681 171.2870
415.6281 202.2270
408.7981 203.3870
405.4081 205.6170
364.6281 197.9570
364.7781 202.5170
358.7981 206.1570
326.7281 221.6870
324.9581 221.3970
323.5681 222.0270
313.1481 221.2970
312.7681 219.1070
308.4681 218.0470
307.7481 221.9270
307.7481 221.9270
306.9381 223.8170
309.3681 231.9370
312.2881 238.6970
316.1581 243.9970
319.5981 245.7970
317.6881 249.8370
320.5581 255.3370
321.9881 255.4270
323.9081 257.1370
323.2381 258.8870
314.3881 265.4670
314.3881 265.4670
328.0581 268.6870

Tandjilé
79
130.3081 133.3070
144.1281 132.8670
148.9581 135.9970
149.8081 134.5970
150.8181 134.5070
150.6281 131.4670
152.6781 126.6370
156.3181 125.7770
158.1281 123.6970
159.7581 123.8970
163.9181 122.7370
165.4481 121.8170
166.0681 120.5670
170.7481 120.5670
176.6781 119.3570
177.8281 116.9970
181.0781 115.5070
187.0481 114.8270
187.0481 114.8270
190.8781 112.8570
197.0881 107.4570
195.3181 103.7970
195.3181 103.7970
193.0781 104.7070
191.9781 105.9170
185.4281 103.8870
180.8381 103.7470
178.8281 102.7870
179.1681 101.2870
181.1281  98.7370
179.7381  97.6770
179.7381  92.9170
172.4281  87.6170
179.4481  83.0470
175.2481  78.8170
175.2481  78.8170
168.1681  77.4670
157.9381  78.4770
153.7381  80.4970
152.2981  80.1670
149.5281  82.2370
146.9981  82.4270
141.4481  80.7370
141.4481  80.7370
141.4481  80.7370
141.4481  80.7370
140.6881  83.7670
138.4381  86.8470
134.8481  83.7670
131.2681  82.4770
129.9781  79.7770
128.5381  78.8670
123.1381  81.2170
120.2781  81.2670
119.0781  80.4970
117.6481  77.9970
112.3881  76.9470
104.4081  77.9970
100.6281  76.1770
 94.3181  77.9970
 94.3181  77.9970
 93.3581  85.1670
 93.3581  85.1670
 96.3681  90.4070
100.2881  95.2270
105.0281  99.3170
105.8381 103.2670
107.3681 104.0370
107.9881 107.5970
109.3281 109.1470
111.1881 109.9470
113.4581 109.5670
115.3481 108.8270
116.9481 106.6270
119.3381 106.9370
122.5881 108.8470
127.6381 114.0770
133.6081 124.7070
132.6581 127.3670

Tibesti
67
 73.0381 769.0670
120.9481 792.2670
167.9781 768.8270
267.8281 717.4570
267.8281 717.4570
263.1981 716.3070
260.4781 714.2570
260.4281 711.6370
259.0881 709.2770
257.9381 709.2770
254.0281 702.7870
254.4581 700.4870
253.3581 697.3170
253.1681 689.1970
252.4981 686.3370
246.1881 681.4870
244.1281 678.0170
240.7281 674.9570
236.1381 673.4770
234.6081 672.0470
228.7281 671.7470
225.0481 670.8270
219.4681 667.7770
214.6881 659.8370
209.4281 656.1770
207.3281 653.2870
206.9381 651.0970
207.8481 646.5770
211.5781 642.7770
214.3981 634.1970
213.1581 632.4270
212.6781 628.6270
214.1081 625.8970
215.6381 618.8570
215.5481 615.8770
212.9581 611.1170
210.1881 609.5970
208.1281 612.6870
204.6381 615.9670
203.4481 619.9170
200.0981 622.1970
198.6681 625.4370
196.6581 626.0870
194.6981 628.2670
193.5981 632.2170
193.7881 635.1570
197.1881 638.7070
197.1881 641.4970
191.8781 644.7470
189.9681 643.8370
188.2481 640.4870
187.4381 632.6770
180.3581 618.4070
 97.7881 469.1470
 97.7881 469.1470
101.6181 551.8470
108.8881 611.2070
109.2581 613.0770
120.8281 633.3570
114.5881 639.1370
108.8781 647.6170
101.4481 654.9770
 99.3481 660.3670
100.0581 661.8670
103.1381 664.5770
 87.0281 688.4870
 82.7181 691.4970

Wadi_Fira
97
352.1081 403.2070
356.3181 405.5770
360.4681 409.7170
361.7581 409.8670
366.4481 412.6270
370.1281 411.5970
373.2381 409.6170
377.1981 408.8270
392.1681 412.4370
395.6981 413.9670
406.4581 411.7870
413.8181 414.1670
416.5881 412.5770
418.0281 413.2770
421.0781 411.0470
423.3281 410.3570
427.6281 411.8370
432.8881 410.4070
433.7981 409.5170
434.0881 406.5570
436.6181 405.8170
442.9281 406.8570
445.9881 408.0370
448.6681 406.2570
450.8581 405.9170
455.2581 406.9970
457.6981 405.9170
461.9281 401.5470
461.9281 401.5470
458.3981 398.9070
455.8681 395.5770
453.4581 395.0470
452.1081 393.1570
452.3081 389.4470
455.4981 386.1570
455.2181 383.3070
455.8281 381.7270
455.0081 379.3170
455.6281 378.2170
454.4581 376.2070
452.3781 374.7070
452.7781 371.8370
449.4581 370.6370
444.0181 365.1770
444.0281 361.7670
441.4981 361.1670
440.0881 359.6070
442.2881 351.3770
437.3481 349.3570
430.8781 348.0570
429.4481 346.7470
427.4981 346.6870
426.2081 342.3170
429.2381 341.1270
429.0481 335.3870
429.9181 333.5970
428.3081 331.7970
430.7481 328.8470
432.5481 329.4270
434.5181 328.7370
434.2981 327.7170
435.3881 326.1070
433.4781 323.2870
431.9181 322.8470
428.4481 319.9870
426.6181 319.9270
424.9781 318.3370
423.5281 318.0170
421.7881 316.2470
418.9281 314.9070
417.8581 313.3670
417.8581 313.3670
416.0681 313.4670
412.0981 315.9170
392.1181 321.9870
380.9281 323.6570
378.2981 322.9170
372.1381 319.3870
368.3581 319.6370
365.2081 323.7970
360.2781 324.9770
352.6781 333.1570
348.9081 335.4670
341.2081 337.7670
335.4681 335.9070
329.3081 336.3970
323.7581 332.1270
315.2081 321.4970
315.2081 321.4970
314.2981 403.0970
314.2981 403.0970
317.5981 401.9670
324.2381 397.5770
327.4881 396.9370
335.9981 398.8070
341.0181 396.9870
343.6981 398.0170

