613 712

Lékoumou
359
220.6804 212.5465
220.9504 211.9465
222.0604 210.8065
225.1004 209.5965
227.1604 209.9065
228.9504 211.1065
230.3604 211.3765
231.2804 211.0965
233.4604 209.0465
235.0804 210.3665
235.5504 210.3665
237.1104 208.8565
238.2404 208.2465
239.8704 208.8665
240.5604 209.8865
240.5604 209.8865
240.6304 206.6565
241.2004 204.8465
241.8204 204.2765
243.6404 203.8065
244.2104 203.2665
244.2704 202.6465
243.8604 201.4565
243.2704 201.0665
241.4104 201.1165
241.1304 200.4065
242.2004 199.3265
244.0904 198.0765
244.6804 197.8965
245.1404 199.0765
245.7504 199.3665
246.9604 198.8965
247.3204 198.3065
247.2804 197.6465
246.8204 197.0365
244.9804 196.0465
244.0004 194.8265
242.7304 194.1865
242.2004 193.5965
242.9304 192.4265
243.4804 191.8165
246.1204 191.9265
247.3204 191.3165
247.7804 190.7465
248.3904 190.5665
250.5304 191.7865
251.7404 192.0165
252.3104 191.7465
253.2804 190.6165
255.2204 191.7265
255.8804 191.7265
256.4204 191.0465
256.2604 189.6865
254.4704 186.4765
254.1904 185.2465
254.7904 184.7565
255.3304 185.3165
255.8504 186.4965
256.4504 186.5165
256.5404 184.4365
257.1704 183.1465
257.4304 180.5165
258.8104 178.8465
258.8804 177.6965
259.7504 175.9465
259.5604 175.3365
258.9504 174.6565
256.5804 173.4565
255.8504 172.3565
255.8504 171.4465
255.4504 170.6565
253.5604 169.1565
252.8004 167.4865
252.8004 167.4865
252.0104 166.7865
247.9604 165.1765
245.7504 163.4565
244.7104 161.6965
243.2704 156.3265
241.8604 153.2265
241.9504 151.1865
240.5204 150.3765
239.9304 148.1565
238.2704 146.9365
238.7704 145.8665
238.6304 145.4165
236.4704 144.7865
235.5404 143.4465
235.3804 142.4965
233.3704 141.1165
232.2604 138.8465
230.6704 137.7665
229.6204 136.5365
229.0504 135.4065
227.1604 134.4565
225.1604 132.5165
224.8604 131.6765
225.0904 131.3565
225.0704 130.7665
224.1604 129.4565
223.3804 127.3965
222.7904 126.2665
221.7204 125.6765
221.2504 125.0165
221.5604 123.3165
221.0404 122.7065
220.1604 122.2465
220.1604 122.2465
219.2704 121.6865
217.2404 118.0665
216.4404 117.1765
215.5804 116.9065
214.5104 116.9765
213.8304 116.5465
212.9904 114.5565
213.4904 112.8965
212.3304 111.2265
210.1204 110.6565
208.9604 109.5665
208.2504 108.0065
208.6904 106.7665
208.4604 105.8565
207.9304 105.8065
207.1604 106.1765
206.3004 105.8965
204.1604 106.4865
202.5604 106.3965
202.2504 106.1965
202.8804 105.1565
202.7704 104.8365
201.5904 104.3565
200.6804 103.5665
199.7704 103.4765
197.7404 104.2965
197.2204 104.2465
196.1904 103.5865
196.0304 103.2065
196.1504 101.1265
197.5804 101.1665
197.9704 100.9865
197.5404  99.8265
197.6004  99.4265
198.8804  99.0165
198.3604  97.4565
197.2904  96.2265
196.0104  95.6865
196.1704  92.6065
195.7204  91.9965
193.2404  90.1765
192.3304  88.9065
192.1404  87.7565
192.2604  85.8765
191.7104  82.6565
190.5504  81.4765
189.3204  80.9165
185.6604  80.0765
184.4504  80.6365
181.3104  80.9165
180.7004  81.1365
180.1304  81.7265
178.3304  86.9165
178.4204  87.5565
179.2004  88.7765
178.2404  89.9765
178.0404  90.6065
177.4204  90.9465
177.4204  90.3365
176.9904  89.7465
175.1204  90.8365
174.4904  90.8565
173.3004  90.2265
171.9604  90.0665
169.5904  91.7465
167.8004  92.2865
166.4504  91.9065
164.0204  90.2965
162.7704  90.0865
160.8104  90.9965
160.0804  91.0665
155.7104  90.8165
153.2604  90.1565
152.0304  90.2665
151.3204  90.6065
150.5504  92.3965
148.7504  92.8965
148.2304  94.8665
147.6404  95.1665
145.6804  95.0965
142.9004  98.0365
142.3104  98.1765
141.1504  97.6965
140.8604  97.8365
140.6304  98.7465
140.6504 100.7865
140.9704 102.1665
140.8104 102.5465
139.8504 102.7565
139.3804 103.9265
140.1704 104.8165
140.2604 106.3365
139.2404 106.3565
138.9704 106.6265
138.8104 107.5965
138.9904 108.5565
138.5104 109.1665
138.2604 111.1565
136.1204 112.4065
136.1504 113.4165
135.1004 114.0565
134.2604 114.9165
134.1204 115.8665
134.3304 117.2665
133.3504 117.2465
132.9604 117.4065
132.8004 117.7965
133.7804 118.5165
133.8204 118.9065
133.5504 119.1965
132.7104 119.4865
131.0904 120.6865
129.5004 120.1465
126.4104 120.1465
126.0904 120.9665
126.2504 121.7965
127.4504 122.2765
127.0704 123.0265
126.6804 123.1765
124.5904 123.2765
123.9004 122.2965
123.3804 122.2265
121.7904 122.2765
121.4204 122.4365
121.2304 122.9665
121.2304 122.9665
121.4704 125.1265
120.9204 125.7165
119.3804 125.6765
119.0604 125.9265
118.9404 126.3565
119.1904 127.2565
119.0304 127.6465
118.4704 128.2265
117.5104 128.2965
117.4204 128.6365
118.3304 129.4065
118.4404 129.8365
116.6704 131.4665
117.3704 132.3965
118.1004 132.7865
120.0404 132.7365
120.8304 133.0565
122.2404 136.1765
122.4004 138.2865
123.2704 139.6865
124.8604 140.3265
126.1104 141.3165
127.4804 141.6365
131.5504 141.2065
132.4404 141.4065
133.9204 142.1765
135.9604 142.3565
137.3104 141.4365
138.2604 141.2465
139.0604 141.5665
140.5404 142.8765
140.9904 142.9965
141.3804 142.8365
141.9904 141.7465
142.8404 141.5665
143.2404 142.2965
143.1304 145.4865
143.2904 145.8865
145.7904 145.2765
148.9604 146.4165
150.1604 146.2065
150.8004 146.5465
150.7504 147.1865
151.5904 148.4065
152.2104 148.8365
154.0804 149.0365
154.7104 149.4665
155.5104 151.2765
157.9004 152.7065
158.2204 153.3665
158.4204 155.3265
158.1204 159.4265
158.9704 163.1365
160.3804 166.9665
160.0404 167.6465
158.3104 169.4565
156.3704 170.7465
155.1704 172.0765
154.5804 172.2165
153.3904 171.9865
152.7604 172.4165
152.1404 172.6265
151.5704 172.4865
150.9604 172.8065
150.5004 173.9565
150.3404 175.2965
149.3204 176.4265
149.0704 177.0565
149.3204 177.7365
151.8004 178.7365
152.9204 179.9765
153.5104 180.3165
155.3304 180.0665
155.9204 180.4365
155.7604 181.6565
153.9204 185.4365
153.2804 188.7165
152.6004 199.5765
153.3504 206.9665
152.7304 209.0365
152.5204 213.9965
152.1004 216.0665
151.9704 221.2765
151.9704 221.2765
152.8804 220.2865
155.4504 219.5265
156.8104 219.5465
159.5004 218.6565
163.1604 216.6165
163.9104 216.5665
164.4304 216.8065
166.7304 219.8365
167.2104 219.9465
167.8104 219.6065
168.5104 218.2065
170.0104 216.9965
171.0804 216.5865
175.4304 216.0365
176.7304 215.5165
180.1604 213.1965
181.0504 212.8865
182.2804 212.7565
184.7904 213.6465
185.7704 213.7465
186.7004 213.6665
188.0904 213.1665
189.8904 212.1665
190.7404 212.3465
193.4404 216.1865
197.3604 221.0465
206.1604 231.5665
208.8904 234.2465
210.8604 237.6665
211.2504 238.1965
211.6304 238.2265
212.6804 237.8365
216.1904 234.9665
218.0804 231.4365
221.6404 226.2365
222.1604 222.6665
222.6104 221.9565
224.6104 220.2765
224.8004 219.4665
224.6004 218.2565
221.1604 214.4965

Kouilou
138
 55.4904  17.7665
 60.1804  17.7265
 60.1804  38.9365
 50.6504  38.9365
 50.6504  38.9365
 47.1904  42.7365
 43.8004  45.5165
 44.2304  45.4565
 44.3904  45.8565
 43.9304  45.8565
 42.6604  46.6965
 41.8904  47.6565
 36.0204  52.1365
 27.6904  59.5565
 18.1304  67.0565
 17.5404  67.6665
 17.1804  68.6865
 16.2704  69.8665
 16.4704  70.1865
 16.2904  71.4565
 16.5204  71.9265
 16.3304  72.6965
 14.2404  75.1265
 14.4704  75.3265
 14.1504  75.3065
 10.3904  78.8365
 10.6704  79.1565
 10.3004  78.9565
  6.2304  82.3065
  4.6604  83.3065
  4.2304  83.8665
  2.1604  85.2265
  2.3004  85.6765
  0.3304  87.8865
  3.1704  91.2765
  3.4504  97.4865
  6.1104  98.6365
  6.2904  99.8465
  5.8004 103.6665
  5.8604 105.9865
 15.9604 115.9365
 18.9204 116.6465
 22.6804 116.7265
 23.8804 117.6865
 24.7704 119.8665
 25.6004 120.6765
 27.0104 123.4865
 28.0604 123.5565
 29.0604 124.2265
 30.4604 123.7065
 35.8104 124.0465
 45.3104 109.8665
 50.1304 108.3365
 56.4604 105.0765
 56.4604 105.0765
 57.5504 104.6965
 60.1004 104.7965
 60.8304 104.4265
 64.2904 100.9365
 68.8404  98.1565
 71.9804  95.6665
 73.8004  95.0965
 75.7104  94.0565
 79.4604  93.7865
 81.4404  93.3265
 82.3504  92.1065
 83.0104  91.6765
 84.8304  91.1765
 84.8304  88.6665
 85.4504  88.4365
 86.7204  88.6165
 87.9304  88.4765
 89.1604  87.5065
 89.8904  87.2565
 91.1604  87.2765
 93.8004  86.3265
 95.7804  86.3965
 98.9404  85.2365
 99.5604  84.7865
 99.7204  84.2165
 99.3504  83.0465
 99.6304  82.3865
100.8504  81.9365
102.7404  81.9565
104.1104  81.1165
108.8604  75.4565
111.6804  72.5965
112.0904  71.3465
113.1904  70.4465
112.4604  66.7465
112.2504  64.3065
113.0504  62.2865
116.1704  58.0265
117.4204  57.4565
118.6904  57.2965
123.9504  57.6165
125.1104  57.4765
127.0404  56.6865
130.1604  54.0365
131.5804  53.2165
131.5804  53.2165
132.9304  51.7065
131.3804  51.5765
131.0104  50.1165
128.5504  51.5265
129.0904  49.4565
132.7204  46.0865
132.9304  44.8465
132.5104  43.6865
131.9304  43.1465
130.5504  43.2665
128.9704  43.8865
126.4204  44.0165
123.1704  40.9865
120.4604  37.7865
117.5904  38.3465
108.9804  36.4165
105.4904  35.8465
105.0004  35.4765
103.8904  33.8365
101.4804  29.6665
 96.9804  22.7065
 94.1304  19.6365
 92.3104  18.0965
 88.4004  17.7865
 87.6004  18.4965
 85.1304  19.3265
 84.1604  18.1865
 83.8804  15.8665
 82.8404  15.0565
 81.8004  11.1965
 68.4204   0.3665
 64.9104   5.6065
 61.1104  10.2065
 61.8404  10.6865
 61.8004  10.9565
 60.9804  10.3665
 59.2504  12.3165

Likouala
467
526.8504 706.7065
530.7004 706.5265
533.5104 706.7265
534.9404 706.1565
537.2304 707.5165
537.6604 707.4365
538.2304 706.8565
541.6804 706.1865
542.3704 705.7165
545.0904 705.5265
545.4504 705.2365
546.0004 703.7765
546.0204 702.2965
546.3704 701.6165
546.4404 700.3365
547.5604 697.8765
548.1804 697.8965
550.1204 699.8365
551.1004 700.0265
552.4904 701.1865
553.3604 702.5165
553.5804 703.2665
554.0004 703.5365
554.5004 703.3265
554.9504 701.9665
556.6004 700.1165
558.7504 699.3565
558.9904 699.5865
559.1004 701.6165
563.1004 700.7565
564.8904 701.3265
566.2304 701.0265
567.7104 701.0165
570.0304 700.2065
571.6004 698.8465
572.4904 697.4265
573.0104 695.2565
573.5204 694.2265
574.5804 693.6565
576.7004 693.9665
578.0704 694.4265
578.8804 695.2265
579.5704 696.3365
580.3804 699.2165
580.7804 702.3665
581.0304 702.6565
582.6204 702.6865
584.3904 702.2865
586.4104 703.6365
587.4404 703.9565
588.5504 703.2765
591.1404 702.4265
592.3504 701.5365
592.7304 701.5365
593.0104 703.6665
593.4804 704.0765
594.9104 703.3165
595.4404 703.2265
595.8504 703.4365
596.2804 703.9665
596.3804 705.2665
597.4304 705.9265
598.0404 707.1565
598.5604 707.6865
598.9704 707.6865
599.3104 707.5565
601.2004 705.3565
602.9804 704.1665
603.6804 703.0265
604.2604 700.3665
604.8304 699.1865
606.2304 697.6965
607.8404 693.3165
608.5504 692.9665
611.1204 692.8365
611.5104 690.9965
611.5604 689.2665
610.8804 686.8065
610.9104 685.9065
611.9404 683.6665
612.3304 681.3765
611.9304 679.2765
611.4004 678.0865
611.0904 675.6665
611.7404 672.4265
611.6704 671.4665
610.3404 667.3865
607.8004 663.1065
607.0004 662.3865
603.6604 660.9265
602.7404 660.1665
601.4404 655.5765
600.4604 654.1265
598.0004 651.9565
597.4204 651.0365
597.0604 649.7365
596.2004 648.5265
595.1004 644.8665
595.0804 642.6665
595.6204 641.1365
595.5904 639.9765
594.2504 635.5565
592.7904 633.2365
591.9504 632.7065
591.4004 630.8265
590.5604 629.8865
587.2304 623.6765
586.8504 621.7565
586.1304 620.5965
584.6904 619.7065
583.2804 617.9865
581.0804 616.8265
578.9004 614.2765
577.7804 610.7665
577.6904 608.8565
576.5904 606.9665
576.4604 605.4865
576.0904 604.7365
574.6904 603.1165
574.6804 602.1965
574.2804 601.0865
571.7004 597.7865
567.7804 594.7065
566.8504 592.3965
566.5704 589.4665
566.3704 580.2865
565.5504 578.1965
564.9004 577.1865
564.9604 576.1565
564.4504 575.1965
564.6004 574.7265
566.0004 573.3865
566.1804 571.6665
566.6804 569.9065
566.6004 569.0465
565.4504 566.5865
565.2404 565.0065
564.6304 563.2665
564.6404 561.4465
564.0104 560.7065
563.8604 558.4265
563.8704 557.0165
564.3704 555.3765
564.5004 553.6965
565.9204 548.8865
566.3104 546.7765
566.2404 545.7265
565.5204 544.8465
565.3304 543.1565
565.6004 541.8465
565.0204 539.6565
564.9604 536.9965
564.5404 535.5265
564.6704 534.0365
563.9804 532.5465
562.2204 530.4165
561.0404 528.4865
560.1504 526.5465
559.7204 524.6765
557.1504 519.1265
556.6904 516.7465
555.6404 513.2865
555.4004 510.4465
554.3304 504.9765
553.2504 502.5965
552.1504 500.9465
549.5204 498.4365
547.9304 495.8565
547.5904 494.0265
547.1004 493.4765
546.8204 492.6065
547.0704 491.3865
546.9904 489.7665
546.4104 486.4065
546.3904 485.0165
547.7304 481.1065
549.5304 478.4265
549.8504 475.5665
550.5204 473.2965
549.6704 470.3365
550.1604 467.7165
550.2104 465.9665
549.2904 465.1565
548.8104 463.9065
548.7204 460.0565
548.9604 458.5965
549.7804 456.7965
551.2904 454.8865
554.5404 451.8965
555.4204 450.0965
555.8204 448.1565
556.0404 443.4665
555.8204 441.8565
555.3304 439.9565
554.3504 438.0865
552.8104 435.9265
550.4704 433.6965
547.2104 431.3865
544.4504 427.7665
541.6504 421.8965
540.1204 416.7265
539.8104 413.6065
539.2804 411.6965
540.3704 410.2265
538.4004 405.8565
536.5404 402.4765
535.6504 399.8065
535.4804 397.4865
535.8104 394.0665
535.7704 391.2865
536.3304 387.8265
537.5904 384.3065
537.9504 379.2265
537.8304 377.8665
536.8404 374.2465
536.0604 369.2865
535.3104 366.2365
534.5304 364.0465
533.1804 361.7865
530.8304 359.3565
529.4504 356.8265
522.5304 348.4465
522.5304 348.4465
520.8904 349.1765
517.0304 349.0865
498.5304 349.6065
496.9604 349.4765
496.8004 350.9865
497.1604 352.2965
496.8904 353.1565
496.1404 353.5365
494.3004 353.1065
493.9504 353.3365
493.8404 356.7265
494.7704 359.7365
494.1604 361.9265
493.1104 364.2065
493.4104 365.0465
494.1604 365.4265
493.9804 365.8365
494.3204 366.6065
495.3204 367.2565
495.4604 368.2565
495.2104 370.2165
494.5904 371.8465
493.2504 372.7265
492.5404 373.7065
491.8104 374.0865
491.3104 374.1565
490.5204 373.8365
489.5404 372.5465
489.0404 372.6365
488.6104 373.8565
488.7904 375.6865
491.0004 378.4965
491.5904 380.1865
491.2704 380.9565
490.5404 381.3665
488.9704 381.2565
488.1704 381.6165
487.7404 382.8365
488.2404 383.4465
490.1804 384.3265
491.4104 385.2965
491.4704 385.7965
491.2504 386.1365
489.7404 386.8765
489.5404 388.8865
489.7404 391.9665
489.5904 393.4565
489.9304 394.2265
491.6104 395.3365
492.0904 395.9865
492.4504 397.8865
492.2304 399.3365
491.1304 401.5665
490.5904 403.8065
490.7904 407.5365
490.2404 408.6465
490.4504 411.2665
490.0604 412.5565
488.8804 414.1865
488.8604 414.7065
489.4704 415.7465
492.9104 417.8665
493.0004 418.8165
492.3204 420.3765
492.2304 421.8265
491.2504 424.1965
491.2504 424.7565
491.9304 425.1665
493.9304 425.3665
494.3904 426.0465
494.3604 426.5465
492.1304 430.5465
489.0804 434.9765
486.4704 438.2265
485.1904 440.6465
483.3504 441.7365
481.2604 442.2965
481.2604 442.2965
479.0504 444.7665
474.9804 450.1465
469.0404 457.3965
457.6404 472.4565
455.2704 475.2765
453.1104 478.8065
452.0604 481.4265
451.8104 482.7565
452.0404 487.2565
451.9504 490.9165
453.0604 492.7065
454.3404 493.9665
458.1204 495.8465
459.1404 497.0265
459.4604 498.8965
458.6604 502.1365
459.2104 503.3265
461.0104 505.8865
460.5104 508.5265
459.0504 512.9365
458.9804 515.4465
458.5904 516.0365
457.3904 516.7165
456.3204 517.8865
455.3204 520.4865
455.0904 522.3465
453.8604 524.1965
453.5904 525.6465
454.3404 528.6065
453.8204 529.1965
452.6304 529.4165
452.1804 530.0065
452.5904 531.1865
454.7704 533.7865
455.3204 535.0265
453.9804 541.5565
454.5204 542.7565
454.3604 543.3465
453.6304 544.0465
452.8604 545.3165
452.8604 545.9665
454.2304 547.7765
455.2904 551.5365
457.8204 557.7565
457.6604 558.4065
456.5704 559.5165
455.4804 564.6665
455.4304 565.4165
456.0204 566.6565
455.4504 567.9265
455.6404 570.3465
454.9804 572.2965
454.3804 577.2265
454.5404 579.2765
455.0904 581.2065
455.6804 581.6565
457.5004 582.2665
457.5904 584.0965
457.8404 584.7965
457.5504 585.3865
456.3204 586.0465
455.7004 587.8065
455.4304 593.3465
456.2004 597.8765
455.8204 600.6365
456.1404 603.8265
455.9304 604.4065
453.5904 607.4165
450.7704 612.8465
450.1504 613.3065
447.0804 614.2565
446.5104 614.8165
445.8704 615.0165
444.1204 614.1565
442.2604 613.5965
441.6004 613.6165
441.0104 614.0665
440.9604 617.8265
440.6004 618.4165
439.2504 619.1165
437.8704 621.4965
434.8804 622.9165
434.4804 624.2565
434.5004 625.4265
434.6804 626.0865
435.2704 626.4665
435.6104 627.0565
435.5004 627.6865
433.9304 630.6765
432.3604 631.2965
432.3604 631.2965
437.8804 641.5965
438.2604 644.7065
437.9404 645.3065
435.4304 647.0465
435.6804 654.7965
436.4904 656.1765
439.8804 659.7965
439.4104 660.9165
438.0204 662.5565
437.2404 664.2565
436.7004 667.4665
436.9604 668.3865
438.8804 671.2165
439.4104 672.7365
441.0104 675.0965
440.3404 677.4765
440.7004 679.3465
442.2004 681.2965
442.5404 682.3665
443.0204 688.3465
444.1404 693.3365
445.2804 694.9665
448.3104 697.5665
450.3204 698.5965
454.7504 699.1865
457.0804 699.8465
461.0204 698.7265
462.4904 696.9465
463.5404 696.8465
465.0404 696.0565
465.7804 696.1265
466.8104 697.4065
466.8904 698.1565
466.5004 699.1865
466.8404 699.8765
468.0904 699.9465
468.6704 699.4265
469.8204 699.2665
471.6804 699.4365
473.6804 700.0665
475.2204 698.4865
475.6904 698.3765
477.0004 699.0165
477.5504 698.9965
477.9404 698.3765
478.0704 697.5665
479.6104 696.3065
480.0804 696.2865
481.4904 697.6665
481.9404 699.1165
483.6904 699.5065
485.2304 700.1365
486.4604 700.0265
490.0504 701.3165
491.2904 700.5165
491.6604 700.5365
496.7904 701.6465
497.5204 701.9865
497.4704 703.7865
497.8704 704.2165
501.6604 705.7965
502.1304 705.7065
503.0504 704.9165
505.7504 703.7465
506.8904 703.9065
509.4804 708.3665
510.3804 709.0065
513.3104 709.8965
514.1404 710.9865
516.0204 711.7465
517.4604 711.6665
518.6804 710.8365
521.7204 710.3465
522.8604 708.9865
525.3204 708.0965

Cuvette
441
337.0404 443.4965
336.6804 441.8465
336.8404 441.4665
337.2504 441.2865
338.2504 441.9365
338.8204 441.9165
340.8204 441.1265
343.3404 440.8065
344.1204 441.1265
345.3204 442.1865
348.2804 441.1665
349.2804 441.2865
351.2904 440.5865
351.8504 440.0165
352.3304 439.9665
353.5404 440.4465
354.4904 440.2665
355.6504 439.2065
357.0404 438.9065
357.7304 439.3365
358.6404 440.7165
360.2704 441.8665
360.9604 443.9765
361.5904 445.0365
363.4604 445.3765
364.7604 446.2965
366.6704 446.6165
367.6204 447.3165
369.0304 447.2465
370.4204 447.5165
371.4904 448.1065
372.3304 447.9465
373.5804 448.2665
374.2404 447.8165
374.4504 446.9065
374.9504 446.2765
375.9504 446.2765
378.1104 447.4765
379.0004 447.2465
379.4804 446.6165
382.5304 446.9765
385.3004 446.3265
385.8004 445.7165
386.9604 445.1965
387.4204 444.5165
388.4204 443.8565
391.2604 442.7565
391.8104 442.2065
391.9904 441.8065
391.9504 439.6965
392.4004 438.9965
393.9004 438.2765
395.5904 438.5665
396.4104 437.7365
399.8004 436.6465
400.8704 435.4465
401.9104 434.8365
403.8904 431.2065
403.7804 426.1165
404.0104 425.2365
405.3704 424.3965
405.8104 423.6965
405.9604 422.2065
405.7804 420.1065
405.5504 419.8365
407.1204 419.8065
408.9704 418.8365
410.4204 418.5865
412.9004 420.0165
413.8404 420.0365
415.6104 418.4565
417.1804 417.7965
418.6404 415.8765
419.0004 415.7165
420.7104 416.2665
422.1004 416.0165
422.6704 414.1565
423.6204 413.3465
455.7004 429.4365
456.0804 429.3065
461.3504 432.3365
467.4504 435.2065
481.2604 442.2965
481.2604 442.2965
483.3504 441.7365
485.1904 440.6465
486.4704 438.2265
489.0804 434.9765
492.1304 430.5465
494.3604 426.5465
494.3904 426.0465
493.9304 425.3665
491.9304 425.1665
491.2504 424.7565
491.2504 424.1965
492.2304 421.8265
492.3204 420.3765
493.0004 418.8165
492.9104 417.8665
489.4704 415.7465
488.8604 414.7065
488.8804 414.1865
490.0604 412.5565
490.4504 411.2665
490.2404 408.6465
490.7904 407.5365
490.5904 403.8065
491.1304 401.5665
492.2304 399.3365
492.4504 397.8865
492.0904 395.9865
491.6104 395.3365
489.9304 394.2265
489.5904 393.4565
489.7404 391.9665
489.5404 388.8865
489.7404 386.8765
491.2504 386.1365
491.4704 385.7965
491.4104 385.2965
490.1804 384.3265
488.2404 383.4465
487.7404 382.8365
488.1704 381.6165
488.9704 381.2565
490.5404 381.3665
491.2704 380.9565
491.5904 380.1865
491.0004 378.4965
488.7904 375.6865
488.6104 373.8565
489.0404 372.6365
489.5404 372.5465
490.5204 373.8365
491.3104 374.1565
491.8104 374.0865
492.5404 373.7065
493.2504 372.7265
494.5904 371.8465
495.2104 370.2165
495.4604 368.2565
495.3204 367.2565
494.3204 366.6065
493.9804 365.8365
494.1604 365.4265
493.4104 365.0465
493.1104 364.2065
494.1604 361.9265
494.7704 359.7365
493.8404 356.7265
493.9504 353.3365
494.3004 353.1065
496.1404 353.5365
496.8904 353.1565
497.1604 352.2965
496.8004 350.9865
496.9604 349.4765
498.5304 349.6065
517.0304 349.0865
520.8904 349.1765
522.5304 348.4465
522.5304 348.4465
517.5304 341.9565
508.7304 333.5465
505.1304 329.6265
504.2204 328.9165
501.3904 327.6965
498.0604 325.5365
496.6404 325.0165
492.1504 324.9265
490.6404 324.6565
487.8604 323.6465
484.4304 321.5765
480.5604 318.8365
476.4004 317.2165
475.2804 316.5365
468.7104 311.4765
467.4904 310.0265
464.5504 307.4065
460.4604 301.9365
456.0104 293.6165
454.7604 290.6265
449.9404 280.8165
449.9404 280.8165
446.3504 280.8165
444.9404 280.5665
444.0304 280.7665
443.9204 281.6765
444.6704 283.1865
444.8304 285.0665
442.9604 284.8165
442.1904 285.7165
441.3904 286.0865
439.4804 285.6965
437.5004 285.7865
436.8404 285.3365
436.2004 284.2765
435.8204 284.1165
435.3604 284.1165
434.3404 284.8165
433.8404 284.7465
433.2904 284.2065
431.2004 284.2765
430.7704 284.4065
430.6504 284.8365
431.7004 285.4465
431.6804 285.9465
431.3304 286.1765
429.2004 286.3065
428.0804 286.8965
427.9704 287.3465
428.2404 287.5965
429.1704 287.8265
428.7604 288.5465
427.1504 287.9565
426.6504 288.0265
425.7404 288.8165
425.2804 288.9065
424.2104 288.3265
423.6704 288.8865
422.8504 291.3065
421.5304 293.9265
421.2304 296.9565
420.3404 298.8565
420.0704 299.1765
419.1804 299.3765
418.5204 300.9565
417.3904 301.5265
417.3204 304.1065
417.0504 304.3765
416.5404 304.4465
415.3804 303.3365
414.1804 304.3765
413.6504 304.3065
412.7404 303.5365
412.2404 303.6065
411.8604 304.3265
412.0404 305.1665
410.9704 305.7965
410.8304 306.7465
410.5404 307.0165
408.8504 306.8165
408.0804 307.1765
407.3704 308.6665
405.6904 309.2565
404.2304 310.6165
403.7304 310.6765
402.5304 310.2065
402.1004 310.3165
401.8904 310.6365
401.8904 311.6565
401.0504 311.5865
400.7504 311.3365
400.4304 311.4465
399.7104 312.3965
398.3604 312.6265
397.8004 313.2165
396.8404 313.2565
395.0604 312.8265
393.7004 313.7565
392.6304 313.1465
391.4004 313.3965
390.9504 314.0765
391.1504 315.5665
390.8304 316.9165
390.4904 317.1465
390.1004 316.9865
389.5804 315.8165
389.1304 315.9465
388.1504 318.2765
387.3104 319.1365
386.9204 319.3165
385.3904 319.2765
384.1904 320.2865
382.6204 320.1965
382.0504 320.7665
381.8904 321.7165
381.4604 322.3865
379.7104 322.9165
377.8904 323.8865
376.4304 324.1365
374.7504 323.7965
374.3104 325.0565
372.9304 326.4565
373.0804 327.4065
372.4204 328.9665
373.0204 330.0765
372.4704 331.0965
372.4204 332.1565
366.8304 332.7865
364.5704 333.3765
363.6204 334.0065
362.7804 333.7365
361.8904 333.9665
359.4804 333.6265
358.2704 332.1765
357.8804 331.9965
355.4504 331.7465
353.9504 332.4965
353.5604 332.4765
352.0804 331.1365
351.2404 330.8665
348.2404 330.6165
346.8304 329.8065
346.4804 329.0365
346.6904 327.1365
346.4404 326.2365
344.0504 323.7065
343.2504 323.3865
341.4104 323.7065
341.0704 323.4765
339.8604 320.7665
337.8804 319.9465
336.5204 319.0665
334.4304 318.3665
331.6504 316.1265
330.8304 314.6865
330.3104 312.9465
328.6704 311.7865
326.7804 309.7765
326.2604 308.5965
326.0104 307.1565
324.8004 304.9865
324.3704 302.0465
323.9604 300.7565
323.9604 300.7565
323.2504 299.7365
323.2504 299.7365
322.0704 298.1565
321.1804 292.4165
320.3404 291.5965
318.5904 290.5565
318.1804 289.8565
317.8804 288.4365
315.0404 285.6965
313.6504 283.1465
310.7204 281.1065
310.1004 281.3165
307.5304 280.6165
304.3904 280.9465
302.3204 280.4765
297.7504 278.2865
293.5104 275.2965
292.9704 274.6665
292.1204 272.7165
291.8104 270.2065
289.8004 267.2265
287.9404 266.3265
287.3704 265.7065
286.1404 262.9565
284.3704 261.2365
283.5004 259.3565
283.2304 258.1565
280.5904 254.3365
279.0204 252.5065
277.0804 250.8965
275.3304 249.8565
274.0404 249.8565
273.4404 249.3865
272.6004 247.4865
271.4604 246.1965
267.1404 245.3165
265.0904 245.4965
263.2304 245.9265
262.6104 246.3265
262.2704 246.9465
261.9104 248.9265
261.9304 252.7065
262.2704 256.2765
262.2704 256.2765
264.2604 257.8865
264.4604 258.9665
264.3604 260.1865
265.3404 263.4265
265.9104 269.5565
266.3904 270.2765
267.6404 271.2865
268.4004 272.4965
268.1004 273.2465
267.3904 273.9965
264.4004 275.5765
263.5404 276.3865
262.6704 277.5865
262.1204 279.2165
262.3204 279.8865
262.9204 280.2665
270.2404 283.8865
271.1904 285.4265
271.2204 286.4965
270.9404 287.5365
269.4604 290.0265
269.3304 290.6165
269.6304 291.4665
272.2704 293.6265
272.5304 294.2465
272.4704 295.1065
272.0404 295.7365
268.9004 298.2565
268.4904 299.1465
268.5504 301.1165
269.0904 302.5165
271.0004 305.7865
271.2204 307.6965
271.2204 307.6965
279.7204 307.7665
284.7704 310.0265
293.8704 314.7965
297.1504 316.7965
300.5304 319.4665
307.0104 323.3265
315.4704 322.4365
316.5804 323.2765
317.7904 326.4465
320.5604 329.5065
324.5804 332.9665
333.5304 344.1565
322.6504 363.8765
324.4004 367.9565
325.1004 368.8965
327.9804 379.4965
328.2304 393.0465
320.9004 397.3165
318.3804 401.5865
315.6004 411.3665
316.1004 413.1765
320.1704 416.3865
325.2204 418.1465
327.5004 417.6465
329.7704 419.9065
333.0204 419.6865
335.5804 420.4065
338.1104 418.8965
340.8904 418.8965
343.6704 420.6565
346.1904 423.4165
340.8904 430.6965
336.0904 432.9565
330.7804 435.9665
329.4804 437.3765
331.2304 438.2765
334.6504 440.6665

Niari
375
131.4604 256.1165
135.5204 253.4865
136.5504 252.3865
138.8304 246.3565
139.3404 242.7065
140.1204 239.3565
142.4204 236.2865
143.8404 234.8365
146.7904 232.7265
149.4204 231.5665
150.1104 230.9865
151.6204 228.7465
152.3004 226.9665
152.3704 225.7365
151.7304 221.8765
151.9704 221.2765
151.9704 221.2765
152.1004 216.0665
152.5204 213.9965
152.7304 209.0365
153.3504 206.9665
152.6004 199.5765
153.2804 188.7165
153.9204 185.4365
155.7604 181.6565
155.9204 180.4365
155.3304 180.0665
153.5104 180.3165
152.9204 179.9765
151.8004 178.7365
149.3204 177.7365
149.0704 177.0565
149.3204 176.4265
150.3404 175.2965
150.5004 173.9565
150.9604 172.8065
151.5704 172.4865
152.1404 172.6265
152.7604 172.4165
153.3904 171.9865
154.5804 172.2165
155.1704 172.0765
156.3704 170.7465
158.3104 169.4565
160.0404 167.6465
160.3804 166.9665
158.9704 163.1365
158.1204 159.4265
158.4204 155.3265
158.2204 153.3665
157.9004 152.7065
155.5104 151.2765
154.7104 149.4665
154.0804 149.0365
152.2104 148.8365
151.5904 148.4065
150.7504 147.1865
150.8004 146.5465
150.1604 146.2065
148.9604 146.4165
145.7904 145.2765
143.2904 145.8865
143.1304 145.4865
143.2404 142.2965
142.8404 141.5665
141.9904 141.7465
141.3804 142.8365
140.9904 142.9965
140.5404 142.8765
139.0604 141.5665
138.2604 141.2465
137.3104 141.4365
135.9604 142.3565
133.9204 142.1765
132.4404 141.4065
131.5504 141.2065
127.4804 141.6365
126.1104 141.3165
124.8604 140.3265
123.2704 139.6865
122.4004 138.2865
122.2404 136.1765
120.8304 133.0565
120.0404 132.7365
118.1004 132.7865
117.3704 132.3965
116.6704 131.4665
118.4404 129.8365
118.3304 129.4065
117.4204 128.6365
117.5104 128.2965
118.4704 128.2265
119.0304 127.6465
119.1904 127.2565
118.9404 126.3565
119.0604 125.9265
119.3804 125.6765
120.9204 125.7165
121.4704 125.1265
121.2304 122.9665
121.2304 122.9665
119.0604 121.0565
118.1904 119.2165
118.0804 117.9965
119.0604 112.5865
120.3304 110.2065
120.1704 109.6165
118.9904 108.9365
118.9004 108.3065
119.2604 107.6665
119.6304 105.7665
120.9504 103.9565
120.3304 103.3865
119.1504 103.1365
118.5604 102.7565
117.7404 101.5065
116.4204 100.7865
116.3304 100.1965
116.5804  99.6265
119.6704  97.8565
122.2204  95.9165
124.8604  92.2165
126.9104  88.4165
131.3004  83.3865
135.6204  80.1665
137.9404  77.7165
140.0104  73.8165
141.4504  71.9165
145.0604  66.0965
146.1104  64.0565
147.5904  59.7965
149.0504  57.3665
152.2104  56.7965
152.8004  56.2065
153.5804  53.8765
154.1704  53.6465
156.1204  53.8765
157.4404  53.3565
159.3304  53.8965
159.9204  53.7165
161.0804  52.8065
163.4504  53.1265
165.3404  52.0365
166.5404  52.2865
167.8404  51.4765
169.7504  51.8565
170.9104  51.5365
171.4804  50.8565
173.0304  47.7565
175.3104  44.5765
175.9004  44.1965
176.1704  43.4965
176.0804  42.2865
176.4704  41.6565
177.7204  41.0165
177.9704  39.7465
178.3304  39.1665
179.2404  38.0065
180.4504  37.3265
180.8304  36.6665
180.8804  34.1965
181.6504  32.9065
184.2504  32.4465
190.3504  28.1365
193.3904  26.7365
195.8704  25.1265
196.6304  23.3065
196.9304  17.5265
196.9304  17.5265
195.7804  17.4865
194.6304  18.0865
191.3604  16.7865
190.2004  15.7865
189.9404  15.2965
190.0404  14.2765
189.5104  13.4665
186.2804  14.0265
184.3404  13.5865
184.0404  13.1165
185.1604  11.6865
185.4304  10.5865
185.2804   9.6465
184.8304   9.4165
182.3904  11.9665
181.2604  12.7865
180.5804  13.7465
180.7104  15.0265
181.2604  15.3465
180.8304  16.9565
180.4304  17.2965
180.7704  17.8565
180.5304  18.7165
180.0604  19.3265
178.9704  19.4165
178.2104  20.2765
177.7804  20.4165
176.7504  20.0965
175.7104  20.5965
175.1904  20.2965
174.3104  20.6565
173.9704  21.2365
173.2704  21.6165
172.8404  21.5365
171.9004  22.5665
171.5604  23.2865
170.3904  24.2465
170.4504  24.8665
171.2404  24.9965
170.5304  25.7865
169.7404  27.6965
168.6104  29.0165
166.7104  29.8965
165.9404  30.8565
165.2804  31.2265
164.9404  32.0165
163.6404  33.0765
163.3204  33.6765
160.4104  36.3265
159.8904  36.6265
158.8904  36.4565
157.9104  35.4565
158.2304  35.1165
157.8904  34.5365
158.1404  34.0165
157.8604  33.7665
157.9204  31.7365
157.6604  31.7365
154.5104  33.9665
150.6204  36.1665
149.8104  37.2365
148.3904  40.3165
141.8404  46.3465
141.5804  51.0965
134.2204  50.2765
131.5804  53.2165
131.5804  53.2165
130.1604  54.0365
127.0404  56.6865
125.1104  57.4765
123.9504  57.6165
118.6904  57.2965
117.4204  57.4565
116.1704  58.0265
113.0504  62.2865
112.2504  64.3065
112.4604  66.7465
113.1904  70.4465
112.0904  71.3465
111.6804  72.5965
108.8604  75.4565
104.1104  81.1165
102.7404  81.9565
100.8504  81.9365
 99.6304  82.3865
 99.3504  83.0465
 99.7204  84.2165
 99.5604  84.7865
 98.9404  85.2365
 95.7804  86.3965
 93.8004  86.3265
 91.1604  87.2765
 89.8904  87.2565
 89.1604  87.5065
 87.9304  88.4765
 86.7204  88.6165
 85.4504  88.4365
 84.8304  88.6665
 84.8304  91.1765
 83.0104  91.6765
 82.3504  92.1065
 81.4404  93.3265
 79.4604  93.7865
 75.7104  94.0565
 73.8004  95.0965
 71.9804  95.6665
 68.8404  98.1565
 64.2904 100.9365
 60.8304 104.4265
 60.1004 104.7965
 57.5504 104.6965
 56.4604 105.0765
 56.4604 105.0765
 57.4604 104.8465
 58.1304 105.0965
 64.0004 111.0265
 62.5604 113.2265
 57.5604 116.6865
 56.0404 120.6465
 56.0404 121.9665
 58.5104 126.3065
 61.9204 134.7865
 62.8604 136.2965
 66.4704 138.3765
 66.4704 141.1965
 59.0804 142.7065
 53.7704 147.4265
 45.8104 151.1965
 44.6704 151.9465
 46.5704 156.0965
 50.5504 155.9065
 55.2904 162.1265
 45.4304 173.0565
 41.8704 179.4865
 39.4304 180.6165
 38.3204 181.4265
 37.4704 178.7165
 36.3404 177.5765
 34.4404 177.2065
 33.3004 177.5765
 32.7404 182.4765
 38.2404 190.6065
 38.7804 191.1065
 39.9104 191.3465
 40.5204 196.0265
 40.4904 198.1565
 39.9104 199.3165
 39.2204 201.8165
 38.8104 202.7565
 36.6504 205.4465
 36.8504 207.6565
 36.6504 212.2665
 35.8804 215.3465
 35.4304 220.9965
 35.9104 221.4065
 36.6604 221.3665
 38.8204 219.8365
 42.4504 218.7065
 44.1004 217.9465
 48.2504 212.5565
 49.3204 212.8465
 50.7704 214.0965
 52.1204 216.1165
 54.1504 217.4565
 57.6304 218.1365
 62.7104 218.2865
 65.5404 219.6765
 67.3404 219.7865
 68.0504 219.5865
 69.4604 218.5965
 72.3304 216.0265
 73.7204 213.2765
108.8004 213.0665
109.0604 213.8165
108.7004 216.5365
109.0704 217.4865
110.2704 219.2365
110.9604 220.8865
110.7504 221.5065
108.4004 224.7065
108.3304 225.6365
111.2004 230.0465
110.8004 232.3065
109.4504 234.5365
110.3804 238.0165
110.5104 239.7065
110.2004 240.3965
108.0804 242.6265
106.5404 245.9165
105.8904 252.0565
103.9904 257.6665
104.1004 258.0465
105.4704 258.0465
106.2304 257.6965
107.3404 256.5365
110.2704 255.4865
111.4404 255.5265
112.1404 255.8865
112.7004 256.8265
113.1804 258.3565
113.6304 258.9265
114.4504 258.9965
117.3104 261.1165
121.1004 261.6165
125.4004 261.1165
127.6704 258.4665

Bouenza
333
220.1604 122.2465
225.2304 120.4865
226.2104 120.3465
227.9804 119.0165
228.6004 118.8565
233.0604 119.0865
234.8804 119.5365
235.4204 120.7365
239.3104 125.2165
242.2704 127.1665
242.6804 129.0965
243.2904 129.3365
244.6804 127.6165
246.5704 126.8765
247.7304 126.1065
248.4104 125.8265
250.3904 126.0565
251.0104 125.8065
252.1004 124.0465
252.6904 124.0665
253.1004 123.4565
253.7604 121.5965
254.9004 120.5965
254.6304 118.8765
254.9404 118.2465
255.1504 116.3865
256.2904 115.3865
256.7204 114.2865
255.5804 114.0365
252.5104 112.6065
252.3704 111.1565
251.5804 110.8165
250.5504 110.7265
248.4804 110.8165
248.1204 110.6165
248.1204 110.1565
250.4404 107.4165
250.8004 105.5565
251.2104 104.8365
253.3304 103.5665
253.9004 100.8065
255.2904  99.3765
255.4004  98.4965
255.0104  97.1365
255.2004  96.7265
255.7004  96.1165
256.5404  95.8165
257.7004  94.7565
258.7904  94.6665
259.5204  94.2565
260.0904  92.6265
261.0004  91.8365
261.2304  91.0365
261.1304  90.0865
262.0704  88.2265
261.8404  87.8865
260.1804  87.3065
259.9104  87.0065
259.7204  86.0165
259.1304  85.4665
258.2904  85.1765
258.1804  84.1765
257.5804  83.6365
255.4004  84.2865
254.1904  83.8165
253.3504  84.0865
251.6704  85.2365
250.8304  84.9665
250.2604  84.4265
250.0104  82.9765
249.4804  82.3665
247.9804  81.0265
246.1604  80.5965
246.0504  79.5965
244.4604  78.9465
244.2304  78.6265
243.4504  76.5665
243.9504  75.9265
244.0504  74.4765
244.8204  73.5465
244.9104  72.5265
244.5004  71.8265
243.5204  71.0965
243.3404  69.8065
242.4504  69.7165
241.5204  69.9665
239.2204  69.4965
238.1304  68.3165
236.2404  66.8365
235.4704  65.2765
234.6704  64.3665
230.1204  62.8965
229.0304  62.2865
228.2804  61.3565
227.6204  58.9565
227.4104  57.0665
227.0304  55.8665
227.2804  53.8965
227.0904  52.6065
225.9804  50.7465
225.3204  48.2765
224.2004  47.0965
223.2904  43.0065
223.2904  43.0065
221.8904  43.5965
221.3504  44.1365
220.5704  46.3665
219.3804  47.9265
216.6304  50.0165
213.5504  49.8065
211.9804  48.1965
209.7204  47.7065
209.2204  46.5965
209.1704  44.6965
210.0304  42.4265
210.9704  41.0765
210.8304  39.5965
210.9804  38.9765
209.7704  36.0965
208.1004  33.9865
208.5204  32.8965
207.6404  31.3565
208.0304  29.3665
209.3404  28.8665
209.5004  27.7365
209.2604  26.6265
208.7704  26.2665
208.1904  26.2265
205.9904  26.6565
205.6304  26.4065
205.6004  25.7865
206.7504  23.9865
206.0604  21.7865
204.6704  22.2565
202.7504  24.0565
201.5604  24.1365
201.1904  23.9165
199.2804  20.7565
198.7804  19.0065
198.2204  18.0865
196.9304  17.5265
196.9304  17.5265
196.6304  23.3065
195.8704  25.1265
193.3904  26.7365
190.3504  28.1365
184.2504  32.4465
181.6504  32.9065
180.8804  34.1965
180.8304  36.6665
180.4504  37.3265
179.2404  38.0065
178.3304  39.1665
177.9704  39.7465
177.7204  41.0165
176.4704  41.6565
176.0804  42.2865
176.1704  43.4965
175.9004  44.1965
175.3104  44.5765
173.0304  47.7565
171.4804  50.8565
170.9104  51.5365
169.7504  51.8565
167.8404  51.4765
166.5404  52.2865
165.3404  52.0365
163.4504  53.1265
161.0804  52.8065
159.9204  53.7165
159.3304  53.8965
157.4404  53.3565
156.1204  53.8765
154.1704  53.6465
153.5804  53.8765
152.8004  56.2065
152.2104  56.7965
149.0504  57.3665
147.5904  59.7965
146.1104  64.0565
145.0604  66.0965
141.4504  71.9165
140.0104  73.8165
137.9404  77.7165
135.6204  80.1665
131.3004  83.3865
126.9104  88.4165
124.8604  92.2165
122.2204  95.9165
119.6704  97.8565
116.5804  99.6265
116.3304 100.1965
116.4204 100.7865
117.7404 101.5065
118.5604 102.7565
119.1504 103.1365
120.3304 103.3865
120.9504 103.9565
119.6304 105.7665
119.2604 107.6665
118.9004 108.3065
118.9904 108.9365
120.1704 109.6165
120.3304 110.2065
119.0604 112.5865
118.0804 117.9965
118.1904 119.2165
119.0604 121.0565
121.2304 122.9665
121.2304 122.9665
121.4204 122.4365
121.7904 122.2765
123.3804 122.2265
123.9004 122.2965
124.5904 123.2765
126.6804 123.1765
127.0704 123.0265
127.4504 122.2765
126.2504 121.7965
126.0904 120.9665
126.4104 120.1465
129.5004 120.1465
131.0904 120.6865
132.7104 119.4865
133.5504 119.1965
133.8204 118.9065
133.7804 118.5165
132.8004 117.7965
132.9604 117.4065
133.3504 117.2465
134.3304 117.2665
134.1204 115.8665
134.2604 114.9165
135.1004 114.0565
136.1504 113.4165
136.1204 112.4065
138.2604 111.1565
138.5104 109.1665
138.9904 108.5565
138.8104 107.5965
138.9704 106.6265
139.2404 106.3565
140.2604 106.3365
140.1704 104.8165
139.3804 103.9265
139.8504 102.7565
140.8104 102.5465
140.9704 102.1665
140.6504 100.7865
140.6304  98.7465
140.8604  97.8365
141.1504  97.6965
142.3104  98.1765
142.9004  98.0365
145.6804  95.0965
147.6404  95.1665
148.2304  94.8665
148.7504  92.8965
150.5504  92.3965
151.3204  90.6065
152.0304  90.2665
153.2604  90.1565
155.7104  90.8165
160.0804  91.0665
160.8104  90.9965
162.7704  90.0865
164.0204  90.2965
166.4504  91.9065
167.8004  92.2865
169.5904  91.7465
171.9604  90.0665
173.3004  90.2265
174.4904  90.8565
175.1204  90.8365
176.9904  89.7465
177.4204  90.3365
177.4204  90.9465
178.0404  90.6065
178.2404  89.9765
179.2004  88.7765
178.4204  87.5565
178.3304  86.9165
180.1304  81.7265
180.7004  81.1365
181.3104  80.9165
184.4504  80.6365
185.6604  80.0765
189.3204  80.9165
190.5504  81.4765
191.7104  82.6565
192.2604  85.8765
192.1404  87.7565
192.3304  88.9065
193.2404  90.1765
195.7204  91.9965
196.1704  92.6065
196.0104  95.6865
197.2904  96.2265
198.3604  97.4565
198.8804  99.0165
197.6004  99.4265
197.5404  99.8265
197.9704 100.9865
197.5804 101.1665
196.1504 101.1265
196.0304 103.2065
196.1904 103.5865
197.2204 104.2465
197.7404 104.2965
199.7704 103.4765
200.6804 103.5665
201.5904 104.3565
202.7704 104.8365
202.8804 105.1565
202.2504 106.1965
202.5604 106.3965
204.1604 106.4865
206.3004 105.8965
207.1604 106.1765
207.9304 105.8065
208.4604 105.8565
208.6904 106.7665
208.2504 108.0065
208.9604 109.5665
210.1204 110.6565
212.3304 111.2265
213.4904 112.8965
212.9904 114.5565
213.8304 116.5465
214.5104 116.9765
215.5804 116.9065
216.4404 117.1765
217.2404 118.0665

Pool
407
342.8004  66.6765
339.8404  69.6265
335.1004  69.8165
331.5404  69.4265
329.5704  66.2765
329.3704  62.7365
330.3604  59.1965
332.9304  57.4265
335.1804  57.8165
335.1804  57.8165
327.5904  48.3765
323.0604  45.2865
320.7604  42.9265
317.6504  40.4265
316.4304  39.8765
315.9704  39.1265
312.9004  36.0665
312.7204  35.1065
311.9304  34.1865
306.1804  28.8265
305.4504  27.4665
304.8804  25.6565
303.1604  22.8165
302.6504  20.5265
301.7504  19.8265
301.4904  18.4865
300.5604  17.2065
299.1504  16.2365
298.0304  15.6865
297.0304  15.7065
292.0104  13.0165
288.0004   9.6365
284.3804   9.1465
281.5704  10.4265
279.9304  10.7565
277.1204  13.8665
273.0904  14.4665
271.5704  15.2765
270.1604  14.6265
269.6904  13.7565
268.8304  13.0065
266.8804  12.0965
266.4104  11.3965
265.5304  11.2465
265.1904  11.5465
264.9604  13.1165
264.4504  14.2265
264.5304  16.7465
264.3004  18.6765
264.6704  19.5665
265.5704  20.5865
264.8504  21.9665
265.0004  25.4065
266.4504  29.6065
266.5904  31.0365
266.2704  31.8165
265.3604  32.5265
263.0104  32.4465
262.6504  32.8765
262.4004  34.2665
262.7004  35.8665
260.7004  36.9265
260.0604  38.4665
260.1604  39.1165
260.8404  40.1365
262.7104  41.6665
264.3204  42.4765
264.7004  42.3165
265.1804  42.5665
265.3504  42.1065
266.1604  42.5565
266.8204  42.0465
267.0904  43.7965
266.9104  44.2465
267.3504  44.3265
267.6904  45.0965
269.1204  46.1465
269.9104  48.1065
270.2904  48.1165
270.9404  48.8365
268.9704  49.5965
267.3804  50.8365
263.1704  56.6565
263.1104  56.9765
264.4604  58.1265
265.4204  60.9265
265.2904  61.4565
264.8004  61.7165
264.2304  61.6365
263.5804  61.2165
261.4804  60.8765
261.1604  60.5565
261.0704  59.1965
260.7904  58.8565
257.7704  58.8465
256.7404  57.8065
256.1204  57.7665
255.7204  58.1065
255.2204  57.9765
254.4504  57.0665
253.2904  56.4465
252.4704  55.2965
250.6704  54.2765
249.8004  54.2865
248.0604  52.7965
246.0604  51.8865
245.1604  51.8365
244.4604  52.3765
243.9904  52.3765
239.5604  50.9665
238.3204  51.3965
237.7204  51.2765
235.3804  50.4665
234.4404  49.7065
233.5604  49.8365
232.8804  49.0765
231.5204  45.8265
228.9104  42.7765
228.1404  42.2065
226.8604  42.1865
224.8304  42.9065
223.2904  43.0065
223.2904  43.0065
224.2004  47.0965
225.3204  48.2765
225.9804  50.7465
227.0904  52.6065
227.2804  53.8965
227.0304  55.8665
227.4104  57.0665
227.6204  58.9565
228.2804  61.3565
229.0304  62.2865
230.1204  62.8965
234.6704  64.3665
235.4704  65.2765
236.2404  66.8365
238.1304  68.3165
239.2204  69.4965
241.5204  69.9665
242.4504  69.7165
243.3404  69.8065
243.5204  71.0965
244.5004  71.8265
244.9104  72.5265
244.8204  73.5465
244.0504  74.4765
243.9504  75.9265
243.4504  76.5665
244.2304  78.6265
244.4604  78.9465
246.0504  79.5965
246.1604  80.5965
247.9804  81.0265
249.4804  82.3665
250.0104  82.9765
250.2604  84.4265
250.8304  84.9665
251.6704  85.2365
253.3504  84.0865
254.1904  83.8165
255.4004  84.2865
257.5804  83.6365
258.1804  84.1765
258.2904  85.1765
259.1304  85.4665
259.7204  86.0165
259.9104  87.0065
260.1804  87.3065
261.8404  87.8865
262.0704  88.2265
261.1304  90.0865
261.2304  91.0365
261.0004  91.8365
260.0904  92.6265
259.5204  94.2565
258.7904  94.6665
257.7004  94.7565
256.5404  95.8165
255.7004  96.1165
255.2004  96.7265
255.0104  97.1365
255.4004  98.4965
255.2904  99.3765
253.9004 100.8065
253.3304 103.5665
251.2104 104.8365
250.8004 105.5565
250.4404 107.4165
248.1204 110.1565
248.1204 110.6165
248.4804 110.8165
250.5504 110.7265
251.5804 110.8165
252.3704 111.1565
252.5104 112.6065
255.5804 114.0365
256.7204 114.2865
256.2904 115.3865
255.1504 116.3865
254.9404 118.2465
254.6304 118.8765
254.9004 120.5965
253.7604 121.5965
253.1004 123.4565
252.6904 124.0665
252.1004 124.0465
251.0104 125.8065
250.3904 126.0565
248.4104 125.8265
247.7304 126.1065
246.5704 126.8765
244.6804 127.6165
243.2904 129.3365
242.6804 129.0965
242.2704 127.1665
239.3104 125.2165
235.4204 120.7365
234.8804 119.5365
233.0604 119.0865
228.6004 118.8565
227.9804 119.0165
226.2104 120.3465
225.2304 120.4865
220.1604 122.2465
220.1604 122.2465
221.0404 122.7065
221.5604 123.3165
221.2504 125.0165
221.7204 125.6765
222.7904 126.2665
223.3804 127.3965
224.1604 129.4565
225.0704 130.7665
225.0904 131.3565
224.8604 131.6765
225.1604 132.5165
227.1604 134.4565
229.0504 135.4065
229.6204 136.5365
230.6704 137.7665
232.2604 138.8465
233.3704 141.1165
235.3804 142.4965
235.5404 143.4465
236.4704 144.7865
238.6304 145.4165
238.7704 145.8665
238.2704 146.9365
239.9304 148.1565
240.5204 150.3765
241.9504 151.1865
241.8604 153.2265
243.2704 156.3265
244.7104 161.6965
245.7504 163.4565
247.9604 165.1765
252.0104 166.7865
252.8004 167.4865
252.8004 167.4865
253.1004 167.3065
254.0304 165.1365
254.8304 164.3865
256.4904 164.0665
258.1304 164.3665
260.4304 164.3665
261.0204 163.2765
262.1604 162.7065
263.9604 163.1365
267.0004 163.2965
268.0304 162.5965
268.8504 161.1965
269.7304 160.4265
271.6504 160.0365
272.9204 159.0665
273.8304 159.1765
274.1704 159.3865
275.4504 161.4865
276.6504 162.5265
278.2704 165.4265
280.2704 166.6965
282.5004 168.9565
284.2704 170.0865
285.2104 171.9865
287.8204 173.8465
289.8704 175.7265
291.4404 178.1265
294.0404 178.8665
296.2004 180.6165
296.9704 182.6765
296.9004 184.8265
297.1304 185.1565
297.7004 185.7065
300.0204 186.7865
301.1104 187.9665
302.4104 188.8965
303.7304 189.2565
304.6904 189.0765
305.6604 187.2665
306.2804 186.7465
306.5104 185.8665
306.1904 184.4565
307.8004 182.6965
307.9204 179.0465
308.5504 176.3565
308.1904 175.0265
308.5104 174.2265
309.7604 173.7565
311.9704 173.7965
314.1704 174.3665
315.9304 175.4065
316.4304 175.4765
319.4504 174.5265
320.8204 174.8465
322.4104 174.8165
323.1404 174.4365
323.6804 173.3065
324.9104 172.2865
325.3204 169.3465
325.8004 168.0965
326.3004 167.4865
329.0604 166.8265
329.9404 165.5865
330.9004 165.4265
332.5804 164.2765
333.7004 164.0265
337.3104 163.7965
339.8604 164.6165
341.5004 164.5465
344.8204 163.3265
347.6404 163.8465
353.3104 166.0165
356.3804 167.9865
359.6404 170.9065
361.3404 172.0165
364.7304 173.0965
365.9404 174.1365
367.9004 174.2765
368.1504 174.6165
368.1504 175.1765
368.7804 176.2165
371.5104 178.0765
372.7004 178.5965
376.0004 179.2065
378.5204 180.0265
379.0204 178.8265
379.4804 178.8265
380.2704 180.2765
381.0304 180.6565
381.3404 179.3265
383.1004 179.5765
383.6404 178.5565
384.0304 178.3965
385.2804 178.8265
385.8904 178.3065
387.1904 177.8965
389.3804 176.2465
391.0604 175.6765
391.4504 174.9365
392.3104 174.1365
392.5404 172.6965
394.1104 171.9665
395.0604 170.6965
398.0204 170.3865
400.1404 171.6465
402.1204 171.8765
405.7804 171.5565
407.8504 170.8165
410.0704 170.7465
410.0704 170.7465
410.2104 169.5065
410.8704 167.8665
411.2704 164.7165
410.2104 160.3365
409.8704 157.6965
410.0404 154.8065
410.9104 151.4565
411.0504 149.8065
410.5404 147.8865
410.3504 145.6065
410.7704 144.2265
411.4804 143.4965
413.2404 142.3765
413.4904 141.8665
412.5704 138.3365
410.6004 133.7865
408.7804 130.8865
407.1404 128.9465
406.1204 127.1565
404.5204 122.3065
402.3604 119.0265
400.0304 116.3865
398.3104 112.1965
397.2004 110.4065
395.3504 105.8165
393.7704 103.4265
390.6604  97.4565
389.5704  94.8565
388.7104  90.4265
388.3404  89.8065
386.4904  87.8765
383.5204  86.6965
376.4404  85.4565
371.8304  84.9765
368.9804  84.1865
368.2304  83.7565
365.8104  83.2365

Sangha
718
432.3604 631.2965
433.9304 630.6765
435.5004 627.6865
435.6104 627.0565
435.2704 626.4665
434.6804 626.0865
434.5004 625.4265
434.4804 624.2565
434.8804 622.9165
437.8704 621.4965
439.2504 619.1165
440.6004 618.4165
440.9604 617.8265
441.0104 614.0665
441.6004 613.6165
442.2604 613.5965
444.1204 614.1565
445.8704 615.0165
446.5104 614.8165
447.0804 614.2565
450.1504 613.3065
450.7704 612.8465
453.5904 607.4165
455.9304 604.4065
456.1404 603.8265
455.8204 600.6365
456.2004 597.8765
455.4304 593.3465
455.7004 587.8065
456.3204 586.0465
457.5504 585.3865
457.8404 584.7965
457.5904 584.0965
457.5004 582.2665
455.6804 581.6565
455.0904 581.2065
454.5404 579.2765
454.3804 577.2265
454.9804 572.2965
455.6404 570.3465
455.4504 567.9265
456.0204 566.6565
455.4304 565.4165
455.4804 564.6665
456.5704 559.5165
457.6604 558.4065
457.8204 557.7565
455.2904 551.5365
454.2304 547.7765
452.8604 545.9665
452.8604 545.3165
453.6304 544.0465
454.3604 543.3465
454.5204 542.7565
453.9804 541.5565
455.3204 535.0265
454.7704 533.7865
452.5904 531.1865
452.1804 530.0065
452.6304 529.4165
453.8204 529.1965
454.3404 528.6065
453.5904 525.6465
453.8604 524.1965
455.0904 522.3465
455.3204 520.4865
456.3204 517.8865
457.3904 516.7165
458.5904 516.0365
458.9804 515.4465
459.0504 512.9365
460.5104 508.5265
461.0104 505.8865
459.2104 503.3265
458.6604 502.1365
459.4604 498.8965
459.1404 497.0265
458.1204 495.8465
454.3404 493.9665
453.0604 492.7065
451.9504 490.9165
452.0404 487.2565
451.8104 482.7565
452.0604 481.4265
453.1104 478.8065
455.2704 475.2765
457.6404 472.4565
469.0404 457.3965
474.9804 450.1465
479.0504 444.7665
481.2604 442.2965
481.2604 442.2965
467.4504 435.2065
461.3504 432.3365
456.0804 429.3065
455.7004 429.4365
423.6204 413.3465
422.6704 414.1565
422.1004 416.0165
420.7104 416.2665
419.0004 415.7165
418.6404 415.8765
417.1804 417.7965
415.6104 418.4565
413.8404 420.0365
412.9004 420.0165
410.4204 418.5865
408.9704 418.8365
407.1204 419.8065
405.5504 419.8365
405.7804 420.1065
405.9604 422.2065
405.8104 423.6965
405.3704 424.3965
404.0104 425.2365
403.7804 426.1165
403.8904 431.2065
401.9104 434.8365
400.8704 435.4465
399.8004 436.6465
396.4104 437.7365
395.5904 438.5665
393.9004 438.2765
392.4004 438.9965
391.9504 439.6965
391.9904 441.8065
391.8104 442.2065
391.2604 442.7565
388.4204 443.8565
387.4204 444.5165
386.9604 445.1965
385.8004 445.7165
385.3004 446.3265
382.5304 446.9765
379.4804 446.6165
379.0004 447.2465
378.1104 447.4765
375.9504 446.2765
374.9504 446.2765
374.4504 446.9065
374.2404 447.8165
373.5804 448.2665
372.3304 447.9465
371.4904 448.1065
370.4204 447.5165
369.0304 447.2465
367.6204 447.3165
366.6704 446.6165
364.7604 446.2965
363.4604 445.3765
361.5904 445.0365
360.9604 443.9765
360.2704 441.8665
358.6404 440.7165
357.7304 439.3365
357.0404 438.9065
355.6504 439.2065
354.4904 440.2665
353.5404 440.4465
352.3304 439.9665
351.8504 440.0165
351.2904 440.5865
349.2804 441.2865
348.2804 441.1665
345.3204 442.1865
344.1204 441.1265
343.3404 440.8065
340.8204 441.1265
338.8204 441.9165
338.2504 441.9365
337.2504 441.2865
336.8404 441.4665
336.6804 441.8465
337.0404 443.4965
337.0404 443.4965
337.0404 443.4965
337.0404 443.4965
336.8404 443.9465
336.5004 444.0865
336.0904 443.9065
335.5604 442.7565
335.2404 442.8665
335.0404 444.8765
334.5404 445.4865
333.7704 445.8465
332.7204 445.8965
331.3804 446.7065
330.8104 446.1665
330.4004 446.0965
330.0304 446.8165
330.2204 447.7665
329.7804 448.4465
327.3304 448.8065
327.5504 450.6865
326.4404 450.4865
326.0704 451.2065
325.3504 451.6165
323.7804 451.5165
322.7704 452.2265
321.3204 452.4465
320.6604 453.4665
320.2504 456.3565
320.3904 457.9165
321.8204 460.4065
321.7304 461.4165
320.5904 464.6965
320.3404 466.0965
320.2904 472.1165
321.1104 476.9265
320.8904 477.8365
319.4104 480.2465
319.0404 482.6265
319.2504 483.0065
320.0204 483.3465
320.5904 484.4565
321.7304 484.9765
322.3004 486.0865
322.9804 486.5365
324.8904 486.8265
325.6604 487.1665
326.0304 488.4765
325.8004 489.3865
324.3004 492.1865
322.9104 493.0265
321.3904 493.2265
320.6604 493.6065
319.7504 494.8965
319.5704 495.8465
319.5204 495.3965
314.3504 495.1465
310.6004 495.8665
309.2604 496.4765
307.9604 497.2765
305.4104 499.5365
304.0904 499.6665
302.8404 500.5965
301.0904 500.9565
300.4304 501.3865
298.4704 504.6165
296.5604 505.9565
294.1004 506.5165
292.7904 506.2965
291.5604 505.7465
290.3504 505.7965
286.4804 507.2665
280.3204 508.9565
278.3604 509.7965
276.4704 511.2865
275.2004 511.8965
274.8504 512.4865
274.1304 518.2965
273.4004 520.2165
273.5104 522.1865
273.2404 522.8865
272.6704 523.4465
270.1904 523.2265
267.8504 522.6565
266.7304 522.6865
265.5304 523.1365
261.9304 522.2965
256.7204 522.5665
250.7604 521.1865
250.7604 521.1865
250.2904 521.6765
249.2104 521.7165
248.2704 522.0865
246.7804 523.7965
245.8004 523.7365
245.3904 523.4465
242.0604 523.7265
241.1804 523.4865
239.8904 522.1665
236.8904 522.5765
236.2404 522.9365
235.5304 523.9465
234.9304 524.0465
233.9204 524.9965
233.7704 526.4065
232.3904 527.2665
231.8104 526.7565
231.3904 525.7865
230.0804 525.4765
228.7004 525.9665
227.2604 525.5865
225.4004 525.5565
222.6004 526.8165
220.5004 526.2165
220.1204 526.2565
219.6804 526.8965
217.8604 526.4065
217.0704 526.6565
216.4604 526.4065
216.1904 526.4865
215.8904 527.2165
215.5404 527.1565
215.1304 525.9865
215.2604 525.8165
215.7404 526.0765
215.9104 525.1165
215.6504 524.7665
215.0304 524.8065
214.5804 523.7965
214.3204 523.6865
213.8904 523.9065
213.7204 523.4265
214.1704 522.5265
214.1504 521.7965
213.3004 521.0065
212.4404 520.9565
211.9704 520.2865
211.7104 520.3165
211.0404 520.9765
210.3504 520.9365
210.5004 521.5565
209.4304 521.7065
209.1104 521.5765
208.9404 521.0365
207.6704 520.4565
207.5004 520.1565
206.3804 520.0665
205.8504 519.9565
205.1204 520.4065
204.0004 520.2965
203.1604 519.7165
202.5804 520.0365
201.4204 519.6065
201.4904 518.3865
199.3604 518.4065
199.0204 517.6765
197.9104 517.3865
197.8904 516.6165
196.8504 515.8865
196.7104 515.2365
195.1204 514.2865
194.7504 514.2465
193.8504 514.7165
191.5504 513.8765
190.5604 513.9865
190.0504 513.5065
189.5404 513.5765
188.6304 513.9365
188.4404 514.3865
187.0204 514.8665
186.0804 515.5265
185.4504 515.4365
185.3004 516.0365
184.1204 515.6265
183.4304 515.8065
183.0904 515.2865
182.4704 515.2165
182.1004 514.5765
180.2404 515.2665
179.5104 514.3165
179.5304 514.0365
180.2104 513.3865
180.0404 513.1965
178.3504 513.2565
177.9204 512.6365
177.6204 512.5565
176.9704 512.9965
175.9004 512.9365
176.1404 510.9765
176.0304 510.7865
175.3004 511.0865
175.1904 509.9265
174.8704 509.5965
174.5704 509.6065
173.5404 510.1165
172.3104 509.8965
171.2604 510.1365
170.4504 510.1765
169.4204 509.8165
167.4004 510.0665
165.5504 509.3365
164.4104 510.1965
162.3304 510.6665
162.3304 511.0965
163.2904 511.9965
164.1804 511.7265
164.3104 512.0365
164.0304 512.7365
164.5204 513.4165
164.5004 514.3865
164.9904 515.3965
165.3304 515.5065
165.7204 514.9465
167.0504 515.3065
167.8704 514.7965
168.3404 515.2065
168.2904 516.0465
168.4704 516.3065
169.1804 516.4265
170.6104 517.3165
171.1504 518.9865
170.9604 519.4365
170.0304 519.0065
169.5004 519.6565
169.5804 519.9965
170.3504 520.6065
169.7104 521.5065
170.5904 523.2465
170.5204 523.5265
169.9504 523.4765
170.2204 524.5965
169.9204 525.0665
169.4904 525.0665
168.9804 525.6665
169.1004 526.4065
168.7004 527.2765
168.0804 527.3465
167.6704 527.7165
167.8104 529.0465
167.2404 529.4965
167.6004 530.1765
167.0404 530.8265
166.4004 531.4865
165.4804 531.2765
165.3204 532.1565
165.7704 533.2765
165.2204 533.5465
165.0904 534.2565
164.5904 534.5365
164.1604 535.2065
163.9004 535.1565
163.6904 534.7065
162.9404 534.3665
162.5704 534.7565
161.9904 535.8265
161.6704 536.4465
161.3704 537.1765
160.7704 537.2865
161.0904 537.9965
161.0504 538.5965
160.2504 539.3665
160.3604 539.6965
161.4404 539.5665
161.1604 540.2765
161.2604 541.2865
161.7504 541.8565
161.9004 542.4465
161.8804 543.2765
161.4304 543.7465
161.0004 544.7365
161.2404 546.3465
160.9404 546.6965
160.7604 548.7165
161.4104 549.2665
162.0304 550.3065
162.4404 550.4565
162.3504 551.2465
162.5604 551.9765
163.5704 552.2965
164.4704 553.2065
164.4704 554.1965
164.2004 554.5565
164.4104 555.9965
164.5204 556.2165
164.7904 556.1665
164.9504 555.7765
165.5504 556.0165
166.0204 557.2665
165.5404 558.0565
165.2704 558.1065
165.1204 558.5965
165.5704 559.1365
165.2604 561.0865
164.8604 561.4265
163.6804 561.4665
163.5904 562.3565
162.6004 562.8665
162.4304 563.3765
162.6904 563.7665
162.4904 564.3065
162.7904 564.9665
163.6704 564.9265
164.3804 565.4265
164.6604 565.7065
164.5804 566.3065
165.1704 567.2065
166.0104 567.5965
167.2604 568.6265
166.6304 570.1865
166.5004 570.9665
166.7004 571.5165
167.4304 571.9965
168.7804 572.8565
168.8604 573.3965
168.9704 573.8865
169.7004 574.6565
170.3404 575.0065
171.9504 575.0265
172.2904 575.8465
173.0004 576.1865
173.1704 576.5265
172.5504 577.1465
172.5704 577.4065
173.2604 577.0865
173.2804 577.6465
173.6404 577.9865
173.5604 579.8365
174.0504 580.9765
173.9604 581.8065
173.5804 581.8065
173.3604 582.6265
173.6404 583.4865
173.0604 583.8465
174.0204 584.6265
173.3804 585.7365
173.9404 586.1665
174.0204 586.8765
182.6904 586.7065
201.3004 587.0265
203.3804 586.8565
220.1404 587.0565
230.8204 586.7965
233.5004 586.9665
251.5604 586.9665
252.4404 587.0265
253.5304 588.0765
256.8204 588.5065
260.2704 587.8965
261.1304 588.0665
263.9404 587.8565
265.1404 587.1865
266.4004 585.6865
266.9604 585.6865
276.1604 589.0365
277.0604 590.2165
277.9204 589.5665
278.4004 589.5165
279.2104 590.2365
279.4904 590.1265
279.8604 589.4165
281.1404 589.0165
281.5904 588.5265
283.1004 585.7165
284.0704 585.6165
284.5004 585.2965
284.6304 584.9465
284.3304 584.2165
284.7604 583.5065
285.1704 583.3665
287.6304 583.6265
288.6904 582.7465
288.9904 581.8865
290.0004 581.8065
290.6804 581.4465
290.9804 581.4465
291.0004 581.7865
290.6204 582.6865
290.7504 582.9265
291.2004 582.9465
293.4304 581.1965
293.3204 580.7265
292.3604 580.7465
292.4104 580.1165
292.8604 580.0565
293.8004 580.7065
294.6804 580.7665
295.1104 580.0165
294.5304 578.5565
294.9204 578.0065
295.3304 577.9665
296.5004 578.8465
296.7804 578.8265
297.8204 577.7165
298.1804 577.6865
299.2304 578.0765
300.3404 579.5065
301.1104 579.7165
302.4604 579.4465
302.6304 580.0265
302.0304 581.1565
302.9704 581.8465
303.3804 581.7665
303.6204 581.3365
303.5804 579.6165
303.8004 578.8065
304.3604 578.3965
306.3904 577.8665
306.6104 577.4565
306.2904 575.9765
304.9904 574.4765
306.3704 573.0965
307.0504 572.8065
309.6304 573.0265
310.7404 573.3565
311.2104 573.7165
311.7204 575.1565
312.3004 575.6965
314.1104 574.0465
315.3804 573.5365
316.1504 572.9365
316.2404 571.7365
316.8404 571.1465
317.1904 571.0765
317.5904 571.3965
318.7904 573.1065
319.5404 572.7565
319.5204 571.3665
322.1804 571.2265
323.3304 573.9165
324.9204 573.6365
325.3704 574.0965
325.6204 575.9365
325.8404 576.1565
326.6504 576.2465
327.3904 574.6165
327.9704 574.1665
329.4604 575.7765
330.9204 575.8965
331.6504 575.5765
333.2204 575.4465
333.9904 575.0865
333.2904 573.7365
334.6404 573.5065
335.2804 572.6465
336.3804 572.2465
337.1804 571.5965
338.3004 570.3565
338.6004 569.4765
338.3304 568.0865
338.5004 567.6565
339.5304 567.3565
340.8104 568.0965
340.7504 567.1965
341.6004 565.7565
345.6204 567.7965
346.8704 568.0065
347.9804 569.0665
348.8304 569.4765
352.6104 570.4865
353.2504 570.9965
353.8004 571.0065
356.4104 569.2265
356.8104 569.1665
357.4404 569.7665
358.0304 569.8165
359.6104 568.6865
361.9204 569.1465
363.1704 568.3965
366.9304 567.4965
368.3004 567.2465
369.6104 567.5465
372.5504 566.5065
373.0304 565.9265
374.8004 566.1365
376.4204 565.1565
377.8904 563.4465
378.4504 562.0465
379.5004 560.9965
381.7604 560.1065
382.8804 558.9065
384.5104 558.7465
384.8804 558.3165
385.7104 555.7665
385.4904 555.0765
385.9704 555.0565
386.9104 555.8765
387.9604 555.8465
388.4304 554.7465
389.9404 554.5665
391.9604 553.6265
394.9804 553.5365
397.4504 553.9065
397.9304 553.6565
398.1604 553.0565
398.0404 552.5665
396.7604 550.0865
396.7804 549.6165
397.3404 549.1665
397.4704 548.7565
397.1204 546.9065
397.6204 545.3865
397.9204 545.1065
400.5704 544.7665
402.1404 547.3865
405.1004 548.2465
405.5904 548.1865
406.3304 547.3865
407.1204 547.1165
407.8004 548.9465
406.7504 550.5965
406.7304 552.1665
407.3204 553.6165
406.7604 556.5565
405.7104 557.9765
404.7504 561.1765
404.5204 562.1765
404.6704 563.7965
404.3004 564.0065
403.2704 563.7465
402.7304 564.0465
401.8304 568.5965
399.8304 570.5265
400.0504 571.3665
399.8304 573.0965
400.4104 574.0065
401.6304 575.0565
402.2004 576.2165
402.1804 576.7765
400.9804 577.5265
400.6604 578.2765
402.0504 579.1365
402.5404 579.8265
402.6404 581.0865
402.4404 581.9465
401.8704 582.8465
401.8304 584.4165
402.3404 588.6465
403.1304 589.1365
406.1104 588.9865
406.8904 587.2565
407.3504 587.2565
408.3804 588.4465
410.0604 589.1665
410.7104 589.9765
411.0004 590.9465

Plateaux
398
262.2704 256.2765
261.9304 252.7065
261.9104 248.9265
262.2704 246.9465
262.6104 246.3265
263.2304 245.9265
265.0904 245.4965
267.1404 245.3165
271.4604 246.1965
272.6004 247.4865
273.4404 249.3865
274.0404 249.8565
275.3304 249.8565
277.0804 250.8965
279.0204 252.5065
280.5904 254.3365
283.2304 258.1565
283.5004 259.3565
284.3704 261.2365
286.1404 262.9565
287.3704 265.7065
287.9404 266.3265
289.8004 267.2265
291.8104 270.2065
292.1204 272.7165
292.9704 274.6665
293.5104 275.2965
297.7504 278.2865
302.3204 280.4765
304.3904 280.9465
307.5304 280.6165
310.1004 281.3165
310.7204 281.1065
313.6504 283.1465
315.0404 285.6965
317.8804 288.4365
318.1804 289.8565
318.5904 290.5565
320.3404 291.5965
321.1804 292.4165
322.0704 298.1565
323.2504 299.7365
323.2504 299.7365
323.9604 300.7565
323.9604 300.7565
324.3704 302.0465
324.8004 304.9865
326.0104 307.1565
326.2604 308.5965
326.7804 309.7765
328.6704 311.7865
330.3104 312.9465
330.8304 314.6865
331.6504 316.1265
334.4304 318.3665
336.5204 319.0665
337.8804 319.9465
339.8604 320.7665
341.0704 323.4765
341.4104 323.7065
343.2504 323.3865
344.0504 323.7065
346.4404 326.2365
346.6904 327.1365
346.4804 329.0365
346.8304 329.8065
348.2404 330.6165
351.2404 330.8665
352.0804 331.1365
353.5604 332.4765
353.9504 332.4965
355.4504 331.7465
357.8804 331.9965
358.2704 332.1765
359.4804 333.6265
361.8904 333.9665
362.7804 333.7365
363.6204 334.0065
364.5704 333.3765
366.8304 332.7865
372.4204 332.1565
372.4704 331.0965
373.0204 330.0765
372.4204 328.9665
373.0804 327.4065
372.9304 326.4565
374.3104 325.0565
374.7504 323.7965
376.4304 324.1365
377.8904 323.8865
379.7104 322.9165
381.4604 322.3865
381.8904 321.7165
382.0504 320.7665
382.6204 320.1965
384.1904 320.2865
385.3904 319.2765
386.9204 319.3165
387.3104 319.1365
388.1504 318.2765
389.1304 315.9465
389.5804 315.8165
390.1004 316.9865
390.4904 317.1465
390.8304 316.9165
391.1504 315.5665
390.9504 314.0765
391.4004 313.3965
392.6304 313.1465
393.7004 313.7565
395.0604 312.8265
396.8404 313.2565
397.8004 313.2165
398.3604 312.6265
399.7104 312.3965
400.4304 311.4465
400.7504 311.3365
401.0504 311.5865
401.8904 311.6565
401.8904 310.6365
402.1004 310.3165
402.5304 310.2065
403.7304 310.6765
404.2304 310.6165
405.6904 309.2565
407.3704 308.6665
408.0804 307.1765
408.8504 306.8165
410.5404 307.0165
410.8304 306.7465
410.9704 305.7965
412.0404 305.1665
411.8604 304.3265
412.2404 303.6065
412.7404 303.5365
413.6504 304.3065
414.1804 304.3765
415.3804 303.3365
416.5404 304.4465
417.0504 304.3765
417.3204 304.1065
417.3904 301.5265
418.5204 300.9565
419.1804 299.3765
420.0704 299.1765
420.3404 298.8565
421.2304 296.9565
421.5304 293.9265
422.8504 291.3065
423.6704 288.8865
424.2104 288.3265
425.2804 288.9065
425.7404 288.8165
426.6504 288.0265
427.1504 287.9565
428.7604 288.5465
429.1704 287.8265
428.2404 287.5965
427.9704 287.3465
428.0804 286.8965
429.2004 286.3065
431.3304 286.1765
431.6804 285.9465
431.7004 285.4465
430.6504 284.8365
430.7704 284.4065
431.2004 284.2765
433.2904 284.2065
433.8404 284.7465
434.3404 284.8165
435.3604 284.1165
435.8204 284.1165
436.2004 284.2765
436.8404 285.3365
437.5004 285.7865
439.4804 285.6965
441.3904 286.0865
442.1904 285.7165
442.9604 284.8165
444.8304 285.0665
444.6704 283.1865
443.9204 281.6765
444.0304 280.7665
444.9404 280.5665
446.3504 280.8165
449.9404 280.8165
449.9404 280.8165
443.5204 268.2065
439.3504 261.3965
435.2304 255.9665
428.4904 248.1065
424.6904 244.3365
421.7704 241.8465
415.0904 237.4765
411.7304 231.3665
410.9504 229.1365
410.4404 221.4165
410.3604 216.2865
410.7604 212.9565
412.4004 205.3965
414.5104 198.3465
414.7104 196.5865
414.3404 192.9965
412.2004 188.3065
411.8704 186.6865
412.0104 182.8865
410.0304 176.1965
410.0704 170.7465
410.0704 170.7465
407.8504 170.8165
405.7804 171.5565
402.1204 171.8765
400.1404 171.6465
398.0204 170.3865
395.0604 170.6965
394.1104 171.9665
392.5404 172.6965
392.3104 174.1365
391.4504 174.9365
391.0604 175.6765
389.3804 176.2465
387.1904 177.8965
385.8904 178.3065
385.2804 178.8265
384.0304 178.3965
383.6404 178.5565
383.1004 179.5765
381.3404 179.3265
381.0304 180.6565
380.2704 180.2765
379.4804 178.8265
379.0204 178.8265
378.5204 180.0265
376.0004 179.2065
372.7004 178.5965
371.5104 178.0765
368.7804 176.2165
368.1504 175.1765
368.1504 174.6165
367.9004 174.2765
365.9404 174.1365
364.7304 173.0965
361.3404 172.0165
359.6404 170.9065
356.3804 167.9865
353.3104 166.0165
347.6404 163.8465
344.8204 163.3265
341.5004 164.5465
339.8604 164.6165
337.3104 163.7965
333.7004 164.0265
332.5804 164.2765
330.9004 165.4265
329.9404 165.5865
329.0604 166.8265
326.3004 167.4865
325.8004 168.0965
325.3204 169.3465
324.9104 172.2865
323.6804 173.3065
323.1404 174.4365
322.4104 174.8165
320.8204 174.8465
319.4504 174.5265
316.4304 175.4765
315.9304 175.4065
314.1704 174.3665
311.9704 173.7965
309.7604 173.7565
308.5104 174.2265
308.1904 175.0265
308.5504 176.3565
307.9204 179.0465
307.8004 182.6965
306.1904 184.4565
306.5104 185.8665
306.2804 186.7465
305.6604 187.2665
304.6904 189.0765
303.7304 189.2565
302.4104 188.8965
301.1104 187.9665
300.0204 186.7865
297.7004 185.7065
297.1304 185.1565
296.9004 184.8265
296.9704 182.6765
296.2004 180.6165
294.0404 178.8665
291.4404 178.1265
289.8704 175.7265
287.8204 173.8465
285.2104 171.9865
284.2704 170.0865
282.5004 168.9565
280.2704 166.6965
278.2704 165.4265
276.6504 162.5265
275.4504 161.4865
274.1704 159.3865
273.8304 159.1765
272.9204 159.0665
271.6504 160.0365
269.7304 160.4265
268.8504 161.1965
268.0304 162.5965
267.0004 163.2965
263.9604 163.1365
262.1604 162.7065
261.0204 163.2765
260.4304 164.3665
258.1304 164.3665
256.4904 164.0665
254.8304 164.3865
254.0304 165.1365
253.1004 167.3065
252.8004 167.4865
252.8004 167.4865
253.5604 169.1565
255.4504 170.6565
255.8504 171.4465
255.8504 172.3565
256.5804 173.4565
258.9504 174.6565
259.5604 175.3365
259.7504 175.9465
258.8804 177.6965
258.8104 178.8465
257.4304 180.5165
257.1704 183.1465
256.5404 184.4365
256.4504 186.5165
255.8504 186.4965
255.3304 185.3165
254.7904 184.7565
254.1904 185.2465
254.4704 186.4765
256.2604 189.6865
256.4204 191.0465
255.8804 191.7265
255.2204 191.7265
253.2804 190.6165
252.3104 191.7465
251.7404 192.0165
250.5304 191.7865
248.3904 190.5665
247.7804 190.7465
247.3204 191.3165
246.1204 191.9265
243.4804 191.8165
242.9304 192.4265
242.2004 193.5965
242.7304 194.1865
244.0004 194.8265
244.9804 196.0465
246.8204 197.0365
247.2804 197.6465
247.3204 198.3065
246.9604 198.8965
245.7504 199.3665
245.1404 199.0765
244.6804 197.8965
244.0904 198.0765
242.2004 199.3265
241.1304 200.4065
241.4104 201.1165
243.2704 201.0665
243.8604 201.4565
244.2704 202.6465
244.2104 203.2665
243.6404 203.8065
241.8204 204.2765
241.2004 204.8465
240.6304 206.6565
240.5604 209.8865
240.5604 209.8865
245.0404 218.1365
246.1004 219.6065
248.9404 221.8865
249.4804 222.7265
249.5704 223.3065
249.2104 224.2665
244.9104 230.4465
244.2504 231.6465
244.3804 232.1865
244.8804 233.0465
247.6004 233.9965
248.7204 234.6365
249.8904 237.1165
251.4704 238.1365
252.1804 238.8665
252.3604 240.3065
251.6704 244.7465
251.7004 245.9465
251.9604 247.6865
252.5204 248.8265
255.5404 251.8565

Cuvette-Ouest
295
337.0404 443.4965
335.4604 442.2265
334.6504 440.6665
331.2304 438.2765
329.4804 437.3765
330.7804 435.9665
336.0904 432.9565
340.8904 430.6965
346.1904 423.4165
343.6704 420.6565
340.8904 418.8965
338.1104 418.8965
335.5804 420.4065
333.0204 419.6865
329.7704 419.9065
327.5004 417.6465
325.2204 418.1465
320.1704 416.3865
316.1004 413.1765
315.6004 411.3665
318.3804 401.5865
320.9004 397.3165
328.2304 393.0465
327.9804 379.4965
325.1004 368.8965
324.4004 367.9565
322.6504 363.8765
333.5304 344.1565
324.5804 332.9665
320.5604 329.5065
317.7904 326.4465
316.5804 323.2765
315.4704 322.4365
307.0104 323.3265
300.5304 319.4665
297.1504 316.7965
293.8704 314.7965
284.7704 310.0265
279.7204 307.7665
271.2204 307.6965
271.2204 307.6965
269.5404 313.8065
266.0904 328.8065
265.8104 333.4965
265.0404 336.2665
265.4904 337.9665
266.7004 339.2265
267.5504 340.8565
269.0104 345.0365
269.5204 348.2865
270.0104 349.9165
271.2904 351.9565
272.2904 354.8265
272.3604 356.7465
271.8204 360.1165
270.9704 362.3165
269.3804 365.3365
266.6304 368.0565
264.2704 371.4065
263.0704 372.0965
260.4104 372.8665
257.2004 372.9865
252.1604 375.0065
250.2004 375.0165
247.1704 374.2965
245.9204 374.4565
245.6104 375.7965
245.5504 380.6565
244.7804 383.3865
243.7404 384.7965
239.7104 387.5865
232.9704 391.0565
230.2004 392.0765
229.0804 392.2165
228.2404 392.0665
227.6404 391.4665
227.0304 390.0265
226.4904 389.8765
223.6404 391.9565
222.8704 392.9665
222.1704 394.9265
222.2404 397.3365
222.7004 398.4765
224.0004 399.8765
224.5004 400.7765
225.4404 403.4365
226.1004 407.6065
226.0004 410.2265
227.2804 410.5865
228.0404 412.7365
228.0404 413.5965
227.6704 413.9465
226.6204 414.1865
225.6104 413.8665
225.2004 414.3365
225.0304 416.1665
224.4704 417.0765
224.4504 417.6065
225.1604 418.5965
225.5304 420.0565
225.4104 420.9065
224.6404 422.7965
223.6904 423.9165
223.7404 424.7165
222.3204 426.7165
223.3104 427.3165
222.7904 427.7665
222.7304 428.1565
223.0604 429.5965
224.9904 430.8665
225.3804 431.7265
226.6904 432.0365
226.0104 433.4865
226.1004 433.7165
226.9304 433.8065
226.3504 434.3465
227.2804 435.2265
226.7004 435.5065
226.6604 435.9165
227.1704 436.7065
227.9504 437.0265
228.2904 437.6165
228.7704 437.6065
229.0904 438.7765
230.5804 440.8365
232.2804 441.8165
233.2904 442.0365
234.5604 443.1465
235.6404 443.3465
236.8804 444.3765
237.4404 445.2065
237.5504 446.6265
239.0604 448.4165
239.0204 448.8265
237.3504 450.0665
237.2404 450.4165
238.2104 452.6465
240.1704 454.9665
241.2404 455.6565
243.8904 455.3965
246.0804 454.4065
247.7304 455.0465
248.6004 454.9365
249.0904 454.1865
249.6904 453.8765
250.6804 453.8965
252.5704 454.8465
255.1304 454.4765
254.6604 455.4465
255.5004 456.6065
255.6104 457.4465
256.9004 458.3665
257.8604 458.4765
259.2004 459.8665
260.1004 459.9165
260.7904 460.4465
261.3904 461.4165
262.9404 462.0965
261.8004 464.0365
260.9004 464.9465
261.5904 467.0665
262.4504 467.4365
263.6604 469.4065
264.3704 469.6465
265.4604 470.6165
265.4004 471.4665
266.7404 473.3165
269.4604 474.4565
270.1604 476.3665
271.1704 476.9465
271.4704 477.3765
271.0604 479.2865
270.5204 480.4465
270.0304 480.5965
269.5604 481.3765
271.3904 481.5665
271.7104 481.8265
271.8404 482.6865
272.5904 483.9365
272.2304 485.7865
270.5304 486.5265
269.7404 487.6165
267.9104 488.3865
267.3204 489.1565
266.8504 490.7265
266.1804 491.7165
265.8604 492.9365
265.3304 493.7465
265.2104 494.4665
264.1904 496.2665
264.3604 497.4465
264.1004 498.9065
259.8404 503.4565
259.6004 506.0365
258.9104 506.9165
258.3904 508.2065
257.9804 508.7165
256.8604 509.2765
256.7704 510.0265
256.0904 510.2165
255.7004 510.6065
255.6104 511.2265
256.4704 513.5465
256.3104 514.6465
256.5704 515.5465
256.4604 515.9965
255.7504 516.4465
254.2904 519.3665
252.6504 520.1765
251.6904 521.0165
250.7604 521.1865
250.7604 521.1865
256.7204 522.5665
261.9304 522.2965
265.5304 523.1365
266.7304 522.6865
267.8504 522.6565
270.1904 523.2265
272.6704 523.4465
273.2404 522.8865
273.5104 522.1865
273.4004 520.2165
274.1304 518.2965
274.8504 512.4865
275.2004 511.8965
276.4704 511.2865
278.3604 509.7965
280.3204 508.9565
286.4804 507.2665
290.3504 505.7965
291.5604 505.7465
292.7904 506.2965
294.1004 506.5165
296.5604 505.9565
298.4704 504.6165
300.4304 501.3865
301.0904 500.9565
302.8404 500.5965
304.0904 499.6665
305.4104 499.5365
307.9604 497.2765
309.2604 496.4765
310.6004 495.8665
314.3504 495.1465
319.5204 495.3965
319.5704 495.8465
319.7504 494.8965
320.6604 493.6065
321.3904 493.2265
322.9104 493.0265
324.3004 492.1865
325.8004 489.3865
326.0304 488.4765
325.6604 487.1665
324.8904 486.8265
322.9804 486.5365
322.3004 486.0865
321.7304 484.9765
320.5904 484.4565
320.0204 483.3465
319.2504 483.0065
319.0404 482.6265
319.4104 480.2465
320.8904 477.8365
321.1104 476.9265
320.2904 472.1165
320.3404 466.0965
320.5904 464.6965
321.7304 461.4165
321.8204 460.4065
320.3904 457.9165
320.2504 456.3565
320.6604 453.4665
321.3204 452.4465
322.7704 452.2265
323.7804 451.5165
325.3504 451.6165
326.0704 451.2065
326.4404 450.4865
327.5504 450.6865
327.3304 448.8065
329.7804 448.4465
330.2204 447.7665
330.0304 446.8165
330.4004 446.0965
330.8104 446.1665
331.3804 446.7065
332.7204 445.8965
333.7704 445.8465
334.5404 445.4865
335.0404 444.8765
335.2404 442.8665
335.5604 442.7565
336.0904 443.9065
336.5004 444.0865

Pointe-Noire
32
 55.4904  17.7665
 55.2404  17.9665
 54.8104  17.7765
 55.0804  18.1965
 53.1704  20.1465
 53.1304  20.4665
 53.2404  21.3065
 53.7404  20.9865
 53.3104  20.9865
 53.3104  20.4865
 53.6504  20.2865
 53.8304  20.5965
 54.2904  20.2165
 54.1704  19.8465
 54.7404  19.8065
 55.3304  20.3265
 55.6104  22.4565
 55.2404  23.6365
 53.6504  25.4965
 50.5304  28.1065
 49.6704  30.0765
 49.7104  30.6965
 51.2604  30.5965
 51.7204  30.9165
 53.0604  32.7365
 53.3104  33.4365
 53.3804  34.5465
 53.0404  35.3865
 51.5104  37.9465
 50.6504  38.9365
 50.6504  38.9365
 60.1804  38.9365

Brazzaville
10
342.8004  66.6765
338.8204  62.5665
335.1804  57.8165
335.1804  57.8165
332.9304  57.4265
330.3604  59.1965
329.3704  62.7365
329.5704  66.2765
331.5404  69.4265
335.1004  69.8165

