613 605

Bas-Congo
11
  9.1833 241.9616
  9.2233 241.5516
  9.0633 241.2716
  8.5933 240.9016
  8.6633 241.2516
  7.7733 240.6516
  7.3533 240.9416
  7.3933 240.7616
  6.9533 240.6416
  6.8433 241.2316
  7.3133 241.6716

Bas-Congo
246
 70.7133 295.0016
 70.2133 294.4316
 71.8633 292.1516
 73.2533 291.3716
 72.8433 291.0816
 72.5333 290.3116
 71.6633 289.5716
 71.6233 288.7116
 71.3633 288.9116
 70.9833 288.9216
 70.0133 288.5716
 69.2833 287.9716
 68.9733 287.3116
 69.2233 286.7116
 70.0033 286.2916
 69.8933 285.6616
 70.1333 284.9516
 71.0533 284.9816
 71.5333 284.3916
 70.9133 282.1916
 70.8533 280.8416
 71.1333 280.3016
 70.6333 279.5616
 70.6933 277.8216
 71.1133 276.6516
 73.4733 278.2316
 74.0733 277.9216
 75.6533 277.6816
 76.7533 276.4616
 78.4933 275.8316
 79.9133 276.0216
 81.4833 277.3416
 83.4533 278.3916
 84.2833 278.6016
 85.0233 279.1916
 85.3033 280.0016
 85.6533 280.2716
 85.8533 281.1716
 87.0333 283.5216
 89.2833 285.6216
 89.6633 286.3616
 91.0433 287.8516
 93.2733 289.5516
 94.6433 291.7716
 94.6433 291.7716
 97.8733 286.9116
100.1833 284.6716
101.3233 284.1616
102.4733 284.5316
102.9733 285.6216
102.8033 287.1416
103.3733 287.8416
104.0833 288.2716
105.6533 288.4916
108.7333 287.6116
110.9933 287.9216
111.7633 287.7416
111.8933 287.0216
110.8433 285.1516
111.1233 284.7516
113.4033 283.9716
113.8033 283.6416
114.0033 282.5316
113.2733 280.7216
112.9133 277.9916
111.8833 277.2416
109.9233 276.9716
109.5533 276.2216
110.2633 275.0816
112.9833 273.1016
115.7733 272.3116
117.4233 272.5016
118.1533 273.5316
118.2633 275.8616
118.4633 276.2516
122.0033 273.3316
130.8133 273.2416
130.8133 273.2416
129.9833 270.9516
129.9433 269.2516
130.3233 266.3916
129.0233 260.2816
129.5633 253.8916
129.3133 251.6916
127.9033 248.2916
125.5633 246.7016
124.9133 245.4016
124.9133 245.4016
117.3533 245.1716
111.3633 245.5116
106.7433 245.2916
 88.7033 245.4016
 80.2433 245.1516
 76.9133 244.2116
 74.1533 244.8416
 72.5333 244.4916
 69.5633 244.6516
 67.2933 245.0916
 65.2533 244.8716
 63.5133 245.7516
 63.0933 245.5216
 60.3733 245.6016
 59.0633 245.0216
 57.4033 246.3816
 56.2833 245.8616
 54.4733 245.9416
 52.3733 245.3116
 44.1633 245.3416
 43.3333 245.2816
 42.0033 245.6116
 38.4433 245.5516
 37.9933 245.3716
 37.2633 244.5816
 33.6933 245.7216
 31.6533 245.4116
 29.6833 244.5816
 29.0433 244.7916
 28.3033 245.4816
 27.2633 245.5516
 26.3333 245.3516
 22.3733 243.1116
 20.1933 242.2916
 17.8633 242.1216
 16.1233 241.0916
 13.6033 240.8416
 11.0833 239.6416
  8.2333 238.8416
  8.0833 239.5616
  7.6833 239.6816
  7.6733 240.2316
  8.1833 240.5016
  8.7033 240.4616
  9.6233 241.5316
  9.4633 241.7516
  9.4233 241.9516
  9.5533 242.1016
  9.4033 242.1916
  9.3233 242.2316
  7.1933 242.0216
  6.7533 241.7816
  6.5533 241.8016
  6.3933 241.6816
  6.6633 240.5616
  6.3433 241.4416
  4.7333 243.2716
  4.6233 243.8316
  4.4733 243.7416
  3.1333 244.8616
  0.9533 247.4416
  0.3333 248.7916
  2.2233 249.6216
 10.8533 249.9216
 10.9333 269.0016
  9.5433 269.5116
  8.8033 270.5416
  9.0733 271.1616
 10.6733 271.2016
 11.4133 271.7616
 12.1333 271.7416
 12.8633 272.0816
 13.4233 272.6716
 13.8733 272.6616
 14.2433 273.6216
 13.9933 274.5916
 14.2133 274.9316
 15.2433 274.6716
 16.7133 274.9716
 17.1133 276.4616
 17.9033 277.3116
 18.6733 277.5416
 19.3633 278.2816
 19.1633 278.9016
 20.6233 281.1816
 21.3033 281.6316
 21.9233 281.9216
 23.3233 281.9216
 25.3333 282.8516
 26.9033 283.1516
 27.6733 283.6316
 28.9133 283.2916
 29.3033 283.9516
 29.0333 284.8416
 29.0633 286.1116
 29.8333 286.5616
 32.5033 283.9316
 33.2433 283.5816
 34.2533 282.0716
 33.9333 281.7116
 34.8933 280.6516
 35.8133 280.1616
 36.8233 280.2016
 37.2833 279.8116
 37.7133 279.7716
 38.1833 278.2116
 37.9733 278.0816
 37.9233 277.5816
 39.7033 275.8916
 39.8233 276.3416
 39.2833 277.3316
 39.4033 277.5116
 40.1633 277.6816
 41.4233 277.4616
 41.6933 278.3616
 42.1533 278.7516
 43.4333 279.2616
 44.2033 279.0016
 44.8333 279.2616
 46.1433 281.6316
 46.6033 281.5916
 47.3533 280.8916
 47.8933 280.7116
 48.1633 281.5716
 47.7233 282.5216
 49.1433 282.6016
 49.1733 283.4716
 48.6633 283.6716
 48.5133 284.4516
 48.8533 285.0516
 48.6933 285.4816
 49.3433 286.3016
 49.8133 287.4216
 49.8133 288.2416
 49.1133 289.6616
 49.1833 290.6116
 49.4433 290.9016
 50.2133 291.0216
 50.8333 291.6516
 52.0433 291.7316
 53.1233 290.9116
 54.1033 289.2216
 56.5433 288.6816
 57.8733 290.0916
 58.6733 291.6616
 59.0233 291.6116
 60.3033 292.2216
 61.0233 292.1016
 62.7533 292.6516
 63.5633 292.4616
 66.0733 293.7916
 67.1533 294.8416
 67.7533 294.7816
 68.1533 295.1816
 69.3333 295.1816
 69.6033 295.9716
 70.9033 296.3016
 71.1433 295.9916

Bandundu
409
138.5333 373.7316
140.4833 371.5316
141.8633 369.0516
150.7533 369.0516
150.6433 372.5416
150.1033 373.3016
147.9233 374.3416
147.7833 375.0716
148.1133 375.7716
153.1433 375.1116
154.6433 374.7216
156.4033 375.1116
159.3833 377.5616
171.0633 384.3816
172.8433 385.1316
175.7233 385.7716
178.4433 387.4816
182.4833 388.3916
183.7533 388.9716
186.5533 390.9616
188.2733 392.6916
189.5333 394.2216
190.7233 396.8116
193.0933 396.6416
197.5233 395.9016
199.6333 393.7016
201.0633 392.8616
202.3133 392.4516
204.5733 392.4716
206.2433 393.1516
207.9733 393.5016
210.6133 393.3016
211.9233 393.5816
212.5833 394.1716
213.1233 395.2916
213.8833 395.8416
214.1933 396.7516
212.1333 399.1016
211.5133 400.2116
211.4433 403.1116
212.2233 404.2316
214.2633 405.0316
215.9233 406.1516
216.5833 406.9516
217.2433 409.0716
217.5933 409.3316
218.0133 409.2916
218.9733 408.2416
219.9933 405.8616
220.1433 403.6616
220.6933 401.0416
222.2733 399.0116
223.5733 396.6116
224.8433 394.8916
228.0033 392.3016
228.6033 389.8316
229.7833 387.0616
233.2133 381.9316
234.3933 377.5716
234.5033 375.8016
236.3733 375.3116
237.2933 375.4916
238.0433 376.1616
239.9033 378.9316
240.7433 379.6916
241.6233 380.1016
243.9033 378.7916
244.1433 378.4516
244.8733 376.0516
246.4733 372.1716
247.3733 371.1216
250.1633 370.6816
253.2133 370.9716
256.0033 370.7416
257.7133 369.8516
259.0933 367.8116
260.7233 367.7416
263.4433 366.2316
264.7233 366.4716
267.5733 368.0016
270.3333 367.5916
270.7533 367.7216
271.1733 368.5116
271.8333 369.0516
281.9833 356.9016
282.2433 356.0516
282.2233 354.1316
282.4333 353.4916
282.4333 353.4916
281.9333 352.8016
280.7533 349.9616
280.8433 348.1516
280.6333 346.9916
280.1333 346.2116
277.8033 343.8816
276.6333 342.0216
272.2533 330.9216
271.0833 327.4116
270.6333 320.1616
271.3033 314.4516
271.2033 309.6116
271.5433 307.3416
271.6933 301.0716
270.3833 300.0416
270.2133 299.2916
269.7433 298.8816
266.3833 297.2016
265.4433 297.0516
264.8733 297.3516
264.5433 297.2916
264.2333 296.2616
263.2533 296.4616
262.0533 295.8916
261.7533 295.5216
261.4733 294.2816
261.4933 293.3416
260.8733 292.6216
259.7533 293.0816
258.8833 292.6416
258.4833 292.6916
257.8033 293.3216
257.7633 294.0216
257.2533 294.6216
256.6233 294.8616
255.7533 294.6916
254.5733 296.1616
253.4033 296.5216
253.4033 296.5216
252.3133 296.2816
251.3033 296.4116
251.3033 296.4116
251.1233 295.7216
251.3233 294.0516
252.0533 293.2616
252.8833 291.6616
253.0133 290.2716
253.8733 289.3316
253.2533 288.1716
252.5933 287.7316
252.0533 286.2916
252.1733 284.0516
251.7633 283.3216
251.8033 280.7616
252.6833 279.4516
253.5433 275.4516
254.8133 273.6416
254.8433 273.2716
254.5133 272.7316
254.6033 272.1616
255.3233 271.3216
256.2033 268.3016
256.2033 266.6216
255.9833 265.9416
256.3533 264.6416
255.6933 264.2016
255.5433 263.3116
254.7533 262.0816
254.6833 256.6716
254.8833 255.5416
255.8433 253.0316
255.6433 252.4016
255.8233 251.5016
255.3633 251.1316
255.6633 250.8816
256.5333 243.5316
259.1333 241.3716
261.2933 240.5016
263.0333 238.3416
266.0633 236.1816
268.2233 232.2816
269.0933 230.1216
271.6933 227.9616
274.2933 227.9616
276.0233 224.9316
277.7533 221.0316
277.7533 216.7016
276.0233 211.5016
272.9933 210.6316
269.9633 211.3016
269.9633 211.3016
270.1533 212.1416
260.2133 212.1616
259.7233 209.4316
235.4433 209.3916
235.5533 208.4016
236.0533 207.5316
235.1033 206.5416
233.8933 203.6616
234.2033 202.6616
233.6233 199.3116
233.8633 197.5616
234.7133 195.7416
235.4733 194.7016
234.7433 194.1616
234.4133 193.6716
233.5833 193.2416
233.8433 192.2616
233.1933 191.1816
230.2233 191.1216
230.1833 190.8516
229.8333 190.6616
230.1233 189.5716
230.7633 188.4816
231.1333 186.8716
230.8633 186.4516
230.4033 184.2416
229.6033 183.3116
229.4233 181.1416
229.4433 180.0716
229.9633 177.4116
211.6133 177.2616
210.9033 178.4316
211.0733 178.6316
210.9533 179.7816
203.0333 179.8216
203.1433 178.5516
202.8733 177.2616
198.5033 177.2616
198.7433 176.8416
198.0133 176.3816
197.3133 176.4116
196.2033 176.6916
195.7233 176.8216
195.8333 177.4616
195.3933 177.6416
194.3433 177.4616
192.9233 177.6016
190.8833 176.9916
190.3033 176.1416
189.1233 175.9716
188.7733 175.0716
189.2933 174.4516
189.1933 174.0816
185.9733 174.1216
185.3933 173.6416
184.0433 174.6116
182.2833 174.7216
180.3733 174.3216
179.4633 173.6916
177.0333 174.1516
175.8833 174.0016
173.5233 173.1316
171.8833 173.1616
170.8933 173.9916
170.8533 174.2916
170.1233 174.6016
170.1033 175.0516
170.5033 175.7616
170.9933 175.8516
170.1933 176.8416
169.4333 177.2616
169.5633 178.8416
168.6133 179.0616
168.1033 179.6016
168.5133 181.0116
167.5433 181.4516
167.7533 182.3216
166.8433 182.3516
166.3233 183.0216
166.3733 183.9316
164.9533 184.3916
164.2333 185.0216
164.5433 186.3616
164.1033 186.8716
163.2533 187.2416
163.5833 189.1916
161.5433 190.2416
160.9933 190.8216
160.2733 192.2616
160.5033 192.9316
160.3333 193.3416
158.9333 194.1216
159.0533 194.8016
159.9533 195.1016
159.8633 195.5016
159.0833 195.7316
158.5833 196.3616
158.1933 195.7416
157.4633 195.8116
157.6733 197.6716
157.4433 198.2616
156.3833 198.3716
155.3733 199.0616
154.9033 199.8116
154.1033 199.7416
154.0533 200.9216
153.5633 201.9716
152.4433 202.8516
152.4833 203.3216
152.9833 203.9116
152.4433 204.4716
152.3533 205.3216
151.6333 206.9916
151.9733 207.4216
152.4133 206.8716
152.9033 206.9816
152.9933 207.9616
153.3733 208.6216
153.0633 209.8116
152.3333 209.9916
151.9633 210.4616
152.2333 211.6016
151.9033 212.0916
151.9333 213.5416
151.2233 214.0916
150.5833 213.9216
149.9633 214.2816
149.8233 215.6116
148.7033 216.7016
148.5133 218.4916
147.5533 219.0116
147.3233 219.5416
146.7733 222.3816
145.9633 222.8616
145.8933 223.2816
146.3333 224.4816
145.1833 225.3716
145.4233 226.2316
144.6733 227.1216
145.3533 227.7816
144.7433 228.3516
144.1033 228.2716
143.9133 229.8516
143.9933 230.0216
144.8233 229.8316
145.0233 230.0116
145.1133 230.5616
144.6233 232.0916
144.9133 233.1016
144.6533 233.8616
145.3033 235.2016
145.0033 236.0916
143.9833 236.9416
143.3733 236.9916
142.5733 237.3316
142.6433 238.2116
141.3233 238.6616
141.0833 239.5216
141.3533 240.1116
141.0633 241.3516
140.7633 242.4716
141.1333 243.2516
141.1033 244.0116
138.2833 245.3016
136.0933 244.7316
134.8433 244.9816
134.2033 245.6416
124.8633 245.4516
124.8633 245.4516
125.5133 246.7516
127.8533 248.3416
129.2533 251.7416
129.5033 253.9516
128.9733 260.3316
130.2733 266.4416
129.8933 269.3016
129.9433 271.0116
130.7733 273.3016
130.7733 273.3016
130.7333 276.2016
130.1533 279.9416
132.1633 282.5216
135.6433 288.7316
136.0233 289.0916
137.6633 289.1316
137.6633 289.7016
138.3733 290.5416
138.7433 292.1816
139.2533 292.5616
139.0333 292.9916
139.4933 293.6516
139.4933 294.0416
138.9833 295.0816
139.2933 295.4616
139.2933 296.0216
138.8733 296.9416
138.1233 297.8316
136.7533 298.5816
134.5233 302.1516
132.1133 303.2216
128.5133 305.4516
127.2233 305.9316
125.6133 306.1216
120.6033 305.7716
118.7533 306.9116
118.7533 306.9116
119.3233 307.6316
120.0833 310.3816
121.9233 313.6516
123.7533 317.7916
125.5033 320.1116
126.1333 322.0016
127.8833 324.6016
129.0133 327.7616
127.9533 328.6816
127.7833 329.2216
128.0633 330.8616
127.6033 333.9516
128.1433 336.6916
127.6233 339.5116
127.6633 341.1916
128.4333 343.8016
128.5133 345.9216
129.3433 347.7616
129.4933 349.1616
127.7933 356.8716
128.0233 361.8916
129.6433 365.1616
133.3933 367.8416

Équateur
556
237.3133 596.2916
240.3333 596.3316
242.8733 595.3416
244.4633 595.0716
245.1933 594.4616
246.0133 592.6316
247.3433 591.4316
248.1733 591.1916
249.1533 591.4116
250.8233 590.9916
253.0133 589.0916
255.0833 588.1216
256.3533 586.5716
259.0533 584.9016
259.9133 584.8416
261.0533 584.1316
262.3833 582.3216
264.5833 580.1816
264.8433 579.2816
264.4933 577.5516
264.8633 576.2116
265.3733 575.6516
266.3533 575.3516
267.1333 574.2816
267.8533 574.1316
269.4833 573.0316
273.3933 573.5916
274.3233 573.3516
275.5233 573.3716
277.7933 574.3816
278.4133 574.1216
281.1333 573.8216
282.8833 572.9916
284.5133 572.6816
285.3433 571.9716
285.9133 570.8816
287.7233 569.8016
288.2433 569.8716
288.8733 569.3116
289.6933 569.5816
290.1333 570.6616
291.1433 570.9416
292.8133 569.5316
295.8133 568.4716
297.1233 568.7416
297.9733 568.3916
300.2033 568.0516
302.9533 570.0216
303.2633 570.0216
303.7933 569.5916
305.6433 569.8516
306.8333 568.7816
307.8833 568.7716
309.6333 567.8116
312.0733 567.5816
312.8533 567.3016
313.5733 567.7216
314.3633 567.7816
315.1533 567.2316
317.2033 566.9116
318.2033 566.2716
319.3933 565.0716
321.1633 564.1916
322.6833 563.8016
325.0433 563.7816
327.2633 564.1616
328.4133 564.1316
328.9833 564.5016
328.9833 564.5016
332.1233 563.3916
336.1633 560.0916
337.0333 559.7616
338.4533 559.8816
338.6833 557.1216
341.4833 555.7116
342.8233 555.3616
344.2433 555.9116
345.0633 555.9516
345.8933 556.4316
346.6033 556.2516
347.3333 555.7116
348.0033 555.9116
348.8933 556.5616
350.0933 556.5616
350.9033 556.8416
351.7133 556.3616
352.6633 556.3916
353.1833 555.8216
353.7433 555.7116
354.7033 554.9916
357.6933 554.0716
358.2133 554.1616
358.9833 554.9016
359.9533 554.6016
360.4333 554.6916
361.3333 554.2716
362.6933 554.6016
362.3133 552.9016
361.7933 551.8116
360.3233 550.6016
358.8133 548.5416
358.0333 547.9016
357.2533 547.6416
355.8233 548.6916
353.5433 548.7316
352.8433 549.5116
351.6733 549.8816
350.5733 549.1016
348.5733 546.7516
347.3933 545.7216
345.9733 545.3016
344.7333 545.3916
343.9033 545.7416
341.7933 544.4516
337.4633 543.3016
335.5333 542.5316
334.1333 540.6616
334.2233 539.3716
335.1833 538.3716
338.2733 537.6216
339.0233 537.2316
339.6633 536.5316
339.7933 535.1616
339.1633 531.9416
339.1333 530.3016
339.5533 528.7216
340.2533 528.1416
341.0433 528.0716
341.8433 528.6516
344.7133 532.2016
346.2233 533.4216
347.8133 533.7616
348.8133 532.9616
348.9033 532.1516
348.6033 530.7316
347.1233 527.5316
347.0033 525.9516
345.7033 523.7316
345.6433 522.9316
346.1633 521.7016
346.3133 520.5316
344.9033 517.8216
345.3533 516.6016
347.4133 514.1816
348.6633 513.0216
350.2533 512.4116
356.0633 513.4616
356.8533 513.4416
357.7033 513.0916
359.7333 510.8016
363.5533 508.9416
366.2933 506.9416
366.7133 505.7016
367.0633 502.5416
366.6833 502.2116
365.5733 502.3116
362.8733 503.4516
357.2133 504.4116
352.6133 501.0916
349.5933 499.4616
349.0833 499.3916
347.9633 499.8516
345.7933 502.2116
345.4133 502.2716
345.3233 501.4816
344.0933 501.1416
344.1833 500.1716
343.5733 499.5016
342.5633 499.5016
342.5833 498.7016
341.8433 498.3916
341.7333 497.8616
341.3333 497.8616
340.9833 497.3616
340.1433 497.4016
338.4133 496.7316
337.5333 497.3616
336.5633 497.4916
335.2933 499.6516
333.6433 500.2416
332.8533 500.2416
332.4833 499.9216
332.4333 499.5216
333.0033 497.9516
330.7033 493.7416
329.7633 487.8916
329.2933 486.6616
327.5633 484.7416
324.8633 483.0316
324.1133 482.3116
323.3233 480.5916
324.5333 480.6316
325.1933 480.4216
325.8233 480.6316
326.2233 480.3816
328.0533 480.1616
328.5933 479.6116
329.8033 479.3716
331.5433 478.2516
332.2433 477.4016
332.8133 477.1216
333.2933 476.2916
334.1433 476.0816
334.9633 474.7016
335.0133 473.7416
335.5333 473.1816
335.7333 472.1316
336.5233 471.3816
337.4833 469.9216
338.3533 467.5316
338.8033 467.3316
338.9333 467.0216
339.0233 466.0716
340.2533 464.4516
340.3633 463.6916
340.1433 462.5916
340.5833 461.7916
340.2833 461.2716
341.6433 458.2616
341.4633 454.9016
342.0933 453.5616
343.4433 452.0816
344.1133 450.9016
344.0933 449.7316
344.4433 447.9616
345.3133 445.8916
346.8633 443.4916
348.8433 441.6116
350.5933 437.7316
354.0833 433.8716
355.3833 431.5616
359.2733 426.1016
359.3333 424.7816
358.8233 424.3316
356.8833 423.9916
355.6033 422.6416
354.2933 422.8316
351.5333 423.8716
350.7033 423.9316
349.1333 423.0116
345.2233 419.8316
353.1733 419.2116
353.5033 418.8616
353.9833 417.2716
354.8133 416.9716
356.4833 417.3616
360.1033 418.7616
360.8333 418.8416
361.4733 418.5216
364.1933 414.2616
366.3533 412.5016
366.2033 412.1116
365.4633 411.5816
363.3033 411.1216
361.7533 410.4916
357.7033 407.3916
357.6033 407.0416
359.8633 404.5616
363.0633 401.6716
367.5233 399.5116
369.5733 398.2516
370.2033 397.4516
370.4233 396.2916
370.9533 395.2016
372.9733 394.4616
375.0533 392.3016
376.5933 391.1416
380.1133 389.2016
381.6233 388.6616
383.1433 388.4816
387.2233 388.7616
387.9733 388.3916
388.9333 386.0416
390.2733 383.7516
391.1533 380.3016
391.7033 375.9416
391.7033 375.9416
391.4633 375.8016
379.3633 377.5716
377.7633 376.4116
374.3333 376.6616
372.6133 376.4416
371.8533 376.0116
371.2833 375.2216
371.2833 373.1216
371.0133 371.6916
368.5633 371.2516
368.3233 370.5116
368.4233 368.4616
364.7833 368.8916
362.2133 368.7416
355.1433 367.3616
353.2733 366.3416
352.6133 366.9716
350.5333 370.2016
349.6933 370.7916
348.5633 371.2316
347.2433 371.3516
346.0333 371.1216
344.1633 370.2716
343.2833 371.8016
342.0333 372.7516
340.4333 373.5716
338.6033 373.7216
335.9233 375.2216
334.7433 374.8916
334.1933 375.4016
333.0533 373.0616
331.2133 370.7916
330.4833 370.3716
324.4433 370.9716
320.9733 372.0516
320.0733 372.1416
319.4133 371.2916
319.4833 370.9016
320.6433 368.3016
321.6133 362.7616
323.4733 356.8816
323.6333 355.6816
323.3533 354.8716
323.0233 354.4816
322.2033 354.1916
320.5133 354.8016
320.0133 355.9616
320.3833 357.6016
320.2533 359.0816
319.7933 359.8016
319.0233 360.2616
318.6233 360.2616
317.8533 359.7616
315.7033 357.2516
312.6033 355.8316
310.9133 353.4416
310.9133 353.4416
308.5933 352.2116
306.1533 353.7116
304.0733 354.4516
302.8133 355.6316
301.3633 355.9616
299.8933 357.3716
298.8033 357.6016
297.1533 358.3816
296.9033 358.1616
296.6433 354.0716
296.2333 353.7616
294.2333 353.8316
291.7733 352.9316
289.9733 352.7316
287.4733 352.7316
282.4333 353.4916
282.4333 353.4916
282.2233 354.1316
282.2433 356.0516
281.9833 356.9016
271.8333 369.0516
271.1733 368.5116
270.7533 367.7216
270.3333 367.5916
267.5733 368.0016
264.7233 366.4716
263.4433 366.2316
260.7233 367.7416
259.0933 367.8116
257.7133 369.8516
256.0033 370.7416
253.2133 370.9716
250.1633 370.6816
247.3733 371.1216
246.4733 372.1716
244.8733 376.0516
244.1433 378.4516
243.9033 378.7916
241.6233 380.1016
240.7433 379.6916
239.9033 378.9316
238.0433 376.1616
237.2933 375.4916
236.3733 375.3116
234.5033 375.8016
234.3933 377.5716
233.2133 381.9316
229.7833 387.0616
228.6033 389.8316
228.0033 392.3016
224.8433 394.8916
223.5733 396.6116
222.2733 399.0116
220.6933 401.0416
220.1433 403.6616
219.9933 405.8616
218.9733 408.2416
218.0133 409.2916
217.5933 409.3316
217.2433 409.0716
216.5833 406.9516
215.9233 406.1516
214.2633 405.0316
212.2233 404.2316
211.4433 403.1116
211.5133 400.2116
212.1333 399.1016
214.1933 396.7516
213.8833 395.8416
213.1233 395.2916
212.5833 394.1716
211.9233 393.5816
210.6133 393.3016
207.9733 393.5016
206.2433 393.1516
204.5733 392.4716
202.3133 392.4516
201.0633 392.8616
199.6333 393.7016
197.5233 395.9016
193.0933 396.6416
190.7233 396.8116
189.5333 394.2216
188.2733 392.6916
186.5533 390.9616
183.7533 388.9716
182.4833 388.3916
178.4433 387.4816
175.7233 385.7716
172.8433 385.1316
171.0633 384.3816
159.3833 377.5616
156.4033 375.1116
154.6433 374.7216
153.1433 375.1116
148.1133 375.7716
147.7833 375.0716
147.9233 374.3416
150.1033 373.3016
150.6433 372.5416
150.7533 369.0516
141.8633 369.0516
140.4833 371.5316
138.5333 373.7316
138.5333 373.7316
140.7633 377.1816
147.3833 390.3716
148.9933 392.5116
150.6133 394.1016
153.1833 396.0816
155.2533 396.9816
157.5033 398.5416
159.1933 399.2616
161.5433 399.4016
164.8633 401.2116
169.7133 406.0316
175.8333 413.7916
176.6733 415.5316
177.7033 420.6116
177.5633 422.6016
176.8533 425.3216
176.8033 428.6616
178.6433 432.7316
178.2233 433.3116
178.7733 436.1616
180.2433 439.6016
181.3233 441.0116
183.5133 442.7916
184.5033 444.3616
184.6933 445.1116
184.5333 448.3316
184.1933 449.0316
182.3233 450.9516
182.0033 451.6516
181.9533 453.7316
182.4933 454.5416
182.2833 456.2516
182.6133 457.4016
182.2333 459.4116
181.5233 460.4616
181.0033 461.9916
181.1733 464.9616
181.6033 466.2316
182.2233 467.2416
183.2533 468.2216
184.1033 469.8016
185.2133 475.3316
186.7333 478.9916
188.1533 481.1616
188.4833 485.3916
188.7933 486.1516
187.8333 490.7116
188.1333 492.6016
188.9333 495.2016
188.6733 496.5616
188.0633 497.2616
188.8233 499.2616
189.0033 503.9916
189.3733 504.9016
190.9033 506.1016
191.9133 507.3916
192.0733 508.1916
192.6133 508.8216
193.2433 510.4316
193.7233 512.5516
196.8333 515.4816
196.9733 516.2316
198.6033 519.0316
198.8233 519.7616
199.4533 520.3716
199.8433 521.1916
200.2433 522.6116
200.0533 524.5216
200.9633 526.9316
202.5333 528.7116
203.0433 530.5116
204.7133 531.3816
205.2433 531.9116
206.0233 533.3316
206.5333 534.9316
206.3133 536.5716
206.7933 538.8016
206.2433 540.5716
206.4733 542.5616
205.7933 545.2716
205.5433 548.4316
204.9233 550.7016
204.7833 552.2216
205.1233 553.8716
205.2533 556.8316
206.3533 558.2116
206.8733 559.4516
206.7633 562.5916
205.7933 565.4716
203.6233 569.3816
203.5633 570.2516
204.5033 571.1416
205.4133 571.5716
206.3933 571.2216
208.9533 571.5216
210.7733 572.8516
211.4333 573.6516
211.9633 574.8616
212.6233 577.9816
214.3133 579.7616
215.0033 581.0916
215.8433 581.4216
216.3333 582.3716
218.3233 584.2016
218.6333 585.2616
219.9233 587.1016
220.4733 588.7216
221.4133 589.8116
222.3733 590.1916
224.5033 590.2416
225.7533 592.3016
229.5133 594.4216
230.9433 595.9516
231.7933 596.2416
233.2433 596.0016
234.2833 596.0816
234.9233 596.5416

Katanga
669
450.8633 273.3816
516.5933 273.3816
516.5933 273.3816
533.3733 273.3816
533.3733 273.3816
550.3433 273.3716
550.3433 273.3716
552.5033 266.9116
555.4233 260.1216
556.8933 255.6216
557.6333 252.1516
557.9133 248.8216
557.6833 246.0316
556.9733 242.5916
557.0133 236.7116
557.5133 233.3316
559.4433 228.1716
562.3733 223.6816
563.8133 221.9016
567.4933 218.7216
573.2233 214.6216
576.3833 211.2816
578.1333 208.6716
581.9933 201.4216
584.0433 195.9516
587.8033 188.1416
591.3733 177.8816
592.2733 177.2616
594.1633 173.7316
594.7333 171.3216
595.3033 170.0516
574.4433 167.2216
570.4933 167.0916
535.3033 161.9916
536.7933 158.9716
537.2933 156.7816
536.6233 154.1316
535.1333 151.6816
530.3633 145.5916
528.6933 143.9716
527.1433 142.7616
521.8833 139.5616
519.7933 137.9116
519.0333 137.1716
518.0633 135.1416
517.9833 132.9316
518.7333 131.9916
519.7633 131.5316
521.2733 132.0716
522.6433 133.6616
523.2933 133.4316
523.5133 132.7216
522.9333 130.7616
523.5633 130.1216
524.3133 129.5716
524.6633 129.2316
525.1733 126.3716
526.1133 125.6616
526.0333 124.6216
526.5733 123.5616
526.4033 121.5216
527.0033 120.8016
527.8233 120.6716
527.9933 119.9716
528.7433 119.0616
527.9233 118.5816
527.3633 116.1316
526.4333 114.1816
526.8033 112.0816
526.4133 110.4416
526.3333 107.7216
525.0633 105.9416
524.9033 105.3416
526.0733 103.5816
526.8033 102.9016
526.3233 100.6416
527.0033  98.6516
526.7233  96.0216
526.8033  95.6916
527.9133  94.6616
527.7433  92.7616
528.4233  92.1616
528.7333  91.3516
528.4733  90.7816
527.8033  90.3216
527.6233  89.5216
526.6033  89.6416
525.9533  89.3116
525.7433  87.9516
524.1433  85.8516
523.6333  82.2616
522.6933  81.2316
522.6733  79.4116
522.2733  78.6816
521.6533  77.0016
522.3033  75.5316
522.3233  74.5016
521.8433  73.2616
522.0033  72.4916
521.4633  71.1516
521.0033  70.8916
520.7733  69.8616
521.0933  68.3716
520.0833  67.9216
520.1633  67.0116
519.8433  65.9416
519.0333  65.0116
519.1833  64.0616
518.6233  61.4116
520.2233  59.4516
519.7933  58.4116
520.3333  57.6916
519.6833  56.8416
520.3433  56.2816
520.7333  55.4316
520.4033  54.2016
520.4633  53.4416
521.8433  53.5516
522.4833  52.5216
522.5533  51.8516
524.8833  50.8316
526.1033  50.7716
526.9133  49.4816
529.5133  48.2316
530.4033  48.4416
530.7433  48.2416
531.3533  46.1216
533.0833  44.6416
533.8233  43.4316
536.7533  41.0216
538.4133  38.5616
538.6033  37.4216
539.9533  35.3916
540.5733  35.2516
541.8933  35.5716
542.5933  35.0516
544.5733  35.8616
545.9133  35.7216
547.0033  36.0616
547.9333  35.2416
547.9233  34.6016
549.1233  34.2916
550.1833  34.4816
553.6633  32.5716
554.4533  32.6216
555.3333  33.4716
555.6733  34.1716
555.5733  34.8316
554.3333  35.0916
553.0633  37.0616
553.4333  39.0316
554.1233  40.1616
556.8833  41.6516
557.5533  41.6416
558.7533  41.2016
559.8233  41.1816
561.6233  41.7316
562.8733  42.7116
564.3133  42.8316
564.3733   0.4316
563.3433   1.0216
561.2733   0.4116
560.2333   1.2216
559.1633   1.0116
558.0133   1.9416
557.9333   2.4316
558.1333   2.8116
557.8233   3.4316
559.3533   3.8616
559.7033   5.1716
559.3933   5.8816
560.3133   6.6616
559.9333   7.9116
558.8033   7.5216
557.3233   8.3316
556.4133   7.8716
555.3733   7.8716
552.6033   5.0516
550.1533   4.6416
549.6233   3.9316
548.5733   4.4616
548.0333   3.0416
546.4033   2.4616
544.3033   0.8216
543.5933   2.1916
543.0233   2.8516
542.3433   3.2216
541.2533   2.9716
539.0933   1.6516
538.5633   1.7116
537.6833   3.0116
537.4333   4.1016
536.7033   5.3616
536.5733   6.4216
535.3633  10.0216
534.4533  10.0016
533.8633  10.2016
533.5433  10.5716
533.5333  11.8616
533.5133  12.6716
533.1533  13.4616
532.9133  14.9616
531.7533  16.4816
530.6233  17.3316
529.6833  19.3516
527.3233  21.2316
526.4833  21.1816
525.7833  20.4616
525.2633  19.0816
524.7533  18.8116
524.5933  19.3216
523.8433  20.0116
523.3433  21.8216
521.3233  24.0016
521.0233  25.1616
521.7033  25.6316
522.7133  25.7916
523.1733  27.2616
522.9433  27.7816
522.1033  28.6016
520.6733  29.5716
520.8133  30.6516
520.5533  31.1116
519.3433  31.6116
516.4933  34.2816
514.7133  34.4816
513.9433  34.1616
513.2433  34.6916
512.4633  34.8616
511.9933  35.4616
511.1233  34.6816
511.0833  33.9816
510.3933  33.7416
509.1833  36.2416
508.8333  36.4416
506.8033  36.5416
506.0633  36.8916
504.9733  36.4016
504.7533  36.8516
504.9133  37.7016
503.7733  40.1016
502.1033  39.9816
500.5833  40.4416
500.4333  40.3116
500.5533  39.4716
499.2133  39.0116
498.6533  38.5016
497.1633  38.7616
495.3933  38.5816
494.5933  38.9616
494.0133  40.6316
492.4533  41.0916
490.8633  42.8016
490.2933  45.7516
489.3433  46.8016
489.4933  49.2416
489.2033  50.2716
488.2933  51.0316
487.0833  51.9516
483.6733  54.1116
482.2633  54.4116
481.8033  54.8716
481.6133  59.1216
480.9533  61.9616
479.3933  60.9416
478.1933  61.0916
477.2233  60.7516
475.7833  60.8416
475.2733  60.5716
475.1533  59.2516
475.8033  58.3216
475.9233  57.7316
474.6233  55.4916
474.3233  53.8916
474.6033  52.9116
473.4433  51.8316
472.8733  50.5516
471.4233  49.3916
470.6333  48.4316
469.7533  48.5616
468.8433  48.1416
467.8933  49.0016
467.1433  49.1216
466.5033  48.7816
465.3333  47.6416
464.9933  47.6316
464.4833  48.1816
462.6933  48.3916
461.6033  48.8516
460.2333  48.6016
457.9133  50.2316
456.5633  50.6916
455.4133  50.5316
452.8933  49.0316
449.1133  50.2816
448.4633  49.9116
441.9933  49.8616
441.6333  50.1116
442.0233  50.8616
441.9033  51.2416
441.0233  51.9116
440.1933  51.8216
439.7233  52.0116
439.0633  52.9016
438.8033  54.0116
438.4933  54.4216
437.9233  54.3616
436.6733  53.5216
433.3033  53.9216
432.6433  54.7116
431.9833  55.0316
431.2633  56.6116
430.6233  56.4616
429.3033  56.5016
428.7833  55.6816
427.3333  55.1916
426.2133  54.9216
425.7833  55.3316
426.1533  56.2616
426.1133  57.2816
425.5733  58.0916
423.9733  58.4616
421.0633  60.0616
420.7233  61.4316
420.0533  62.0516
420.2233  63.1116
419.5533  63.6416
420.7433  64.2216
420.0233  65.1716
419.9633  66.9216
419.1933  68.4016
419.2533  68.7116
420.2533  69.1116
420.2833  69.7916
419.7433  70.3816
419.8333  70.6316
420.5733  70.8016
421.0233  71.2316
420.5233  72.1116
421.5533  74.0616
420.0133  74.2116
417.5133  73.0316
414.6733  72.7016
412.5333  72.1516
409.8133  72.2916
408.9833  72.0016
408.0433  72.1016
407.2633  71.6616
406.2233  71.9116
405.5733  70.9116
403.8033  70.5416
403.0133  70.7016
401.8833  70.4916
401.7133  69.7516
400.6333  69.5916
399.5733  68.8016
398.5633  67.3116
397.4133  66.8316
397.2033  65.8616
396.9333  65.6016
395.8733  65.9316
394.9833  65.4216
393.3433  65.4616
392.5033  64.9716
392.2333  65.2416
392.1933  65.9316
390.4933  67.1416
388.4533  67.1916
387.4833  67.7916
387.7133  68.2616
389.4333  68.5216
390.8333  71.1416
391.0833  74.1016
390.6233  74.7216
390.7733  76.7416
390.5033  77.4216
388.4933  78.7116
387.3033  79.0416
386.3733  78.9516
384.2233  79.4716
383.4933  78.9616
382.7633  79.2316
382.4333  79.6416
382.9133  81.1616
382.1333  82.2016
382.4133  82.9516
382.2333  83.3216
381.9933  83.5116
381.2633  83.4816
380.1133  84.0016
378.5533  84.1416
377.5833  83.7616
376.9633  82.4116
376.4633  81.8816
374.6933  80.8016
374.1433  79.8516
373.4933  79.5216
372.3233  79.5116
370.0733  80.6716
368.8733  80.1616
367.7233  80.1516
366.3433  80.7216
364.9433  80.6416
363.5033  81.7316
362.3933  82.1616
360.1433  82.4216
355.4533  79.4116
352.7033  77.1016
351.0633  77.3916
348.8833  76.3916
346.6433  77.1716
344.8633  77.2316
343.1033  77.7816
341.9333  78.4116
340.8433  77.7916
340.1233  77.7216
339.5733  76.8016
337.3233  76.8516
335.0933  77.7316
332.9033  79.2516
332.1633  79.4316
330.4933  79.0416
330.0933  78.7516
329.8133  78.2016
330.1033  77.2416
330.0033  76.5116
328.1533  74.7416
325.4033  74.6916
324.8633  73.6916
323.7533  72.5016
323.4433  72.2716
322.8633  72.4316
322.4433  73.0516
322.7933  74.0816
322.5933  75.0316
321.2233  77.0316
321.1933  79.2716
320.7733  80.4816
320.7533  82.2016
319.9733  83.4216
319.7333  84.4816
319.9433  85.2216
321.5633  86.4916
323.8133  87.1516
324.6533  87.7916
324.8433  88.2716
324.2133  90.9116
324.2933  95.2016
323.0433  96.0916
323.6333  97.6916
324.4933  99.2016
324.6533 100.3416
323.9733 102.2016
323.1833 103.0416
323.1233 104.3616
321.7133 106.0216
321.2833 107.6616
321.3533 110.5016
320.4933 112.8316
320.2833 115.1616
318.3133 116.2116
316.4833 116.7516
315.5733 118.0816
314.5433 118.7516
313.3933 120.4216
312.2133 122.0816
312.0433 122.9216
310.1733 124.0016
309.9233 126.8216
308.6933 129.0316
308.8533 130.0816
307.5133 131.5116
307.8133 132.0316
308.2233 134.1916
308.7533 135.6016
309.6733 137.3016
309.6933 139.5216
309.1133 142.4516
309.3533 144.3416
309.8633 147.4316
309.9333 149.3216
310.3333 150.5016
311.0833 152.5916
311.4633 155.6216
311.6633 157.9616
312.3033 160.1916
312.8533 161.2716
312.3133 163.5416
311.5633 165.8016
312.1033 166.8216
310.8133 167.9016
310.2333 170.9216
309.4933 172.6316
308.1833 175.4616
307.3533 176.2616
305.9933 179.5716
306.7933 180.6816
306.5933 182.6916
306.7133 184.4116
307.5933 185.9116
308.0933 187.4716
308.5733 188.6116
308.5733 188.6116
313.0333 186.9316
314.5533 185.4916
316.6233 184.4616
318.6833 184.1816
320.1333 183.5816
322.2033 183.3516
326.5433 183.9216
330.1933 183.9016
330.9533 184.2716
333.2833 186.2816
333.8833 186.3516
334.5833 185.9016
335.1133 185.1416
335.5533 182.8616
336.0733 181.7316
336.4733 181.4316
338.5533 180.9116
340.1733 181.1016
342.1533 180.3016
344.4133 180.7316
348.7733 182.2116
349.6033 182.5616
350.7133 183.5816
351.2533 183.7916
351.2533 183.7916
351.8433 182.2216
352.1633 180.2016
352.6833 179.4716
353.3833 179.1916
354.2133 179.3716
354.9533 180.5616
355.3533 180.8216
356.5033 180.2116
358.4233 180.3916
360.1033 179.7316
361.4333 179.5716
362.6933 179.7816
363.8833 180.3416
368.0133 180.2416
368.7933 180.6416
369.6833 181.7116
370.0333 181.5416
370.1633 180.6616
370.5633 180.3116
371.3533 180.3416
372.1733 180.8216
372.4533 181.9716
373.1833 182.5416
374.7333 182.8316
376.7833 182.6516
376.9133 183.7316
376.7533 184.2516
375.6633 186.0416
375.8633 187.1216
375.7733 189.3316
376.0433 189.9516
375.8233 191.0116
376.0933 191.8016
375.9233 192.3016
376.6633 192.9016
377.3133 194.9116
377.5733 196.8016
378.3433 197.6016
378.1633 198.0916
377.3233 198.3616
376.9633 198.8516
377.5933 201.0916
377.0533 202.5616
377.3633 203.1316
378.6333 204.1016
379.2133 205.4816
379.9033 206.1216
380.2733 206.9416
382.0533 207.3916
382.7533 208.0116
383.0433 209.0716
382.5033 209.6016
382.9533 210.1916
382.7333 210.6316
382.2933 210.7316
382.1633 211.0216
383.2433 211.7116
382.5833 212.7316
383.1333 213.5016
383.5033 213.6316
384.7333 213.2316
385.3933 212.4916
385.7033 211.8016
385.5633 210.1516
386.0633 209.5616
390.0933 207.5816
391.6733 207.0716
392.7733 207.0716
393.5333 207.3916
393.8733 207.7816
394.4133 209.3116
395.2833 209.5316
397.3133 209.5416
399.0033 211.3616
402.4833 212.5416
405.5233 215.0116
407.4533 216.2216
407.5933 216.6316
407.1833 217.7816
407.2733 218.3016
407.9333 219.4816
408.6633 220.0816
412.1433 220.3316
415.2733 219.8516
417.2733 219.0216
418.3733 218.2216
419.4333 216.9916
419.9533 216.9316
424.2633 218.5616
424.6533 219.1316
424.7833 220.1216
425.3133 220.8816
425.1433 222.0716
425.3933 222.3716
426.9833 222.9916
426.8233 224.1416
426.4233 224.3216
423.8333 223.8816
423.3533 224.0416
423.0833 223.8416
422.8133 224.2316
422.5033 224.3616
422.1233 224.0916
421.6733 224.4916
420.3633 226.0616
419.6033 226.6116
418.4633 228.4916
418.9633 229.7316
420.1533 230.7216
422.4233 230.8216
426.1933 229.9916
426.9833 230.0816
428.4833 231.1316
431.1133 231.5616
433.9633 234.3116
435.5233 235.3116
437.4333 235.0516
439.9033 234.1916
440.5633 233.5216
440.6433 232.0516
441.2533 231.5416
442.0433 231.6916
443.4633 233.0716
444.6333 233.2216
446.7433 232.9616
447.4433 233.3916
448.1033 234.9316
446.7033 237.7316
446.6533 238.5916
447.8833 240.5216
447.5133 245.5916
447.9733 248.4516
447.8833 248.9316
445.0433 251.5816
444.4733 252.7716
444.4533 253.6416
444.9033 254.8916
446.9733 257.2416
444.8733 260.9216
445.9933 264.1016
448.9033 267.9916

Kasai-Oriental
430
310.9133 353.4416
312.6033 355.8316
315.7033 357.2516
317.8533 359.7616
318.6233 360.2616
319.0233 360.2616
319.7933 359.8016
320.2533 359.0816
320.3833 357.6016
320.0133 355.9616
320.5133 354.8016
322.2033 354.1916
323.0233 354.4816
323.3533 354.8716
323.6333 355.6816
323.4733 356.8816
321.6133 362.7616
320.6433 368.3016
319.4833 370.9016
319.4133 371.2916
320.0733 372.1416
320.9733 372.0516
324.4433 370.9716
330.4833 370.3716
331.2133 370.7916
333.0533 373.0616
334.1933 375.4016
334.7433 374.8916
335.9233 375.2216
338.6033 373.7216
340.4333 373.5716
342.0333 372.7516
343.2833 371.8016
344.1633 370.2716
346.0333 371.1216
347.2433 371.3516
348.5633 371.2316
349.6933 370.7916
350.5333 370.2016
352.6133 366.9716
353.2733 366.3416
355.1433 367.3616
362.2133 368.7416
364.7833 368.8916
368.4233 368.4616
368.3233 370.5116
368.5633 371.2516
371.0133 371.6916
371.2833 373.1216
371.2833 375.2216
371.8533 376.0116
372.6133 376.4416
374.3333 376.6616
377.7633 376.4116
379.3633 377.5716
391.4633 375.8016
391.7033 375.9416
391.7033 375.9416
392.6733 371.0116
392.6733 371.0116
393.0033 368.5516
393.6333 366.3616
395.2633 363.8116
397.8033 360.5916
400.6233 354.5616
402.0733 354.1316
404.0033 354.1016
413.5733 354.8316
413.1833 351.4616
412.7033 349.7516
413.0933 348.3516
413.1033 346.8916
413.8133 345.1616
413.9233 344.2216
412.7833 342.0616
412.1933 339.8016
410.6033 336.8116
410.6533 336.2216
411.3533 335.1816
411.0933 334.7916
410.5633 335.1316
410.2733 334.9816
410.3233 334.6316
410.8033 334.2416
410.4533 333.4716
410.8933 332.8416
410.3033 332.1216
410.1733 331.2116
409.3133 330.7516
409.2933 330.2216
408.8733 329.7616
409.0333 329.0516
408.8733 328.7616
407.4933 328.6816
406.9833 328.3016
407.0233 327.9616
407.4433 327.7216
407.2233 327.0616
407.2533 325.7116
405.9033 325.2316
405.4733 324.1616
405.0133 323.9416
404.6633 322.7616
403.6733 322.6816
403.1633 322.3116
403.1333 321.7916
403.9133 320.8016
403.9333 320.4016
403.4333 319.8216
402.7233 319.7316
402.9633 319.3116
402.8533 318.5516
403.2533 318.0916
403.3433 316.7616
403.8833 316.4316
403.6933 315.7616
403.8033 315.2216
402.5633 314.0216
402.6433 313.5416
401.6733 312.5516
401.9333 311.9916
401.8433 311.6116
402.8933 311.1616
402.7033 310.4616
403.6733 310.6016
404.2133 310.2716
404.2433 309.9416
403.8433 309.8716
403.7733 309.5916
404.8333 308.0016
405.5733 308.1816
405.5333 307.2116
406.0833 307.1016
406.9833 306.2316
406.8533 305.0616
407.6433 304.0716
408.0933 303.9416
408.6133 304.3116
409.4033 303.7916
409.4933 302.1916
410.2733 301.4316
409.7933 301.0416
409.7733 300.6716
410.6033 299.9516
410.2533 299.0616
410.2133 297.8516
410.6533 296.9816
410.6533 296.3916
409.9933 295.2816
409.9333 294.0816
409.2933 293.1716
410.4533 291.4716
410.4733 290.7516
408.3733 288.8916
407.9533 288.1916
407.7933 287.3016
407.2933 287.3216
407.0733 286.8816
406.2333 286.3816
405.6233 284.7916
405.9733 283.1116
406.6333 282.6816
407.2533 281.0616
407.9733 280.7116
408.2433 280.0816
409.0333 279.7516
409.4233 278.8316
410.4533 277.8816
410.7233 277.2616
410.7333 276.0816
411.2633 275.5216
411.3533 274.7816
412.0133 274.1216
412.2533 273.3616
450.8633 273.3816
450.8633 273.3816
450.6833 271.6216
448.9033 267.9916
445.9933 264.1016
444.8733 260.9216
446.9733 257.2416
444.9033 254.8916
444.4533 253.6416
444.4733 252.7716
445.0433 251.5816
447.8833 248.9316
447.9733 248.4516
447.5133 245.5916
447.8833 240.5216
446.6533 238.5916
446.7033 237.7316
448.1033 234.9316
447.4433 233.3916
446.7433 232.9616
444.6333 233.2216
443.4633 233.0716
442.0433 231.6916
441.2533 231.5416
440.6433 232.0516
440.5633 233.5216
439.9033 234.1916
437.4333 235.0516
435.5233 235.3116
433.9633 234.3116
431.1133 231.5616
428.4833 231.1316
426.9833 230.0816
426.1933 229.9916
422.4233 230.8216
420.1533 230.7216
418.9633 229.7316
418.4633 228.4916
419.6033 226.6116
420.3633 226.0616
421.6733 224.4916
422.1233 224.0916
422.5033 224.3616
422.8133 224.2316
423.0833 223.8416
423.3533 224.0416
423.8333 223.8816
426.4233 224.3216
426.8233 224.1416
426.9833 222.9916
425.3933 222.3716
425.1433 222.0716
425.3133 220.8816
424.7833 220.1216
424.6533 219.1316
424.2633 218.5616
419.9533 216.9316
419.4333 216.9916
418.3733 218.2216
417.2733 219.0216
415.2733 219.8516
412.1433 220.3316
408.6633 220.0816
407.9333 219.4816
407.2733 218.3016
407.1833 217.7816
407.5933 216.6316
407.4533 216.2216
405.5233 215.0116
402.4833 212.5416
399.0033 211.3616
397.3133 209.5416
395.2833 209.5316
394.4133 209.3116
393.8733 207.7816
393.5333 207.3916
392.7733 207.0716
391.6733 207.0716
390.0933 207.5816
386.0633 209.5616
385.5633 210.1516
385.7033 211.8016
385.3933 212.4916
384.7333 213.2316
383.5033 213.6316
383.1333 213.5016
382.5833 212.7316
383.2433 211.7116
382.1633 211.0216
382.2933 210.7316
382.7333 210.6316
382.9533 210.1916
382.5033 209.6016
383.0433 209.0716
382.7533 208.0116
382.0533 207.3916
380.2733 206.9416
379.9033 206.1216
379.2133 205.4816
378.6333 204.1016
377.3633 203.1316
377.0533 202.5616
377.5933 201.0916
376.9633 198.8516
377.3233 198.3616
378.1633 198.0916
378.3433 197.6016
377.5733 196.8016
377.3133 194.9116
376.6633 192.9016
375.9233 192.3016
376.0933 191.8016
375.8233 191.0116
376.0433 189.9516
375.7733 189.3316
375.8633 187.1216
375.6633 186.0416
376.7533 184.2516
376.9133 183.7316
376.7833 182.6516
374.7333 182.8316
373.1833 182.5416
372.4533 181.9716
372.1733 180.8216
371.3533 180.3416
370.5633 180.3116
370.1633 180.6616
370.0333 181.5416
369.6833 181.7116
368.7933 180.6416
368.0133 180.2416
363.8833 180.3416
362.6933 179.7816
361.4333 179.5716
360.1033 179.7316
358.4233 180.3916
356.5033 180.2116
355.3533 180.8216
354.9533 180.5616
354.2133 179.3716
353.3833 179.1916
352.6833 179.4716
352.1633 180.2016
351.8433 182.2216
351.2533 183.7916
351.2533 183.7916
351.8533 187.8616
352.0233 191.7516
353.0233 197.1116
353.0233 198.8416
352.6833 200.6116
352.9033 203.1016
352.2733 205.4116
354.1133 210.5816
354.0833 210.9716
352.6033 212.8916
351.8033 213.5116
348.8933 214.9016
346.8633 218.1816
346.0933 218.8716
344.5333 219.6816
344.1833 220.0516
343.7833 221.1616
343.8333 222.6616
346.2933 227.1216
346.9333 228.6916
347.5233 232.3116
349.1933 234.9516
348.8033 236.1516
346.8233 237.3916
345.8933 238.5916
345.2833 239.8316
344.7133 242.2216
344.7533 246.3116
345.5533 248.2516
346.6733 248.9316
350.8133 249.1016
355.1633 249.6716
358.4133 251.1116
358.8133 250.9216
358.2833 249.3416
358.5433 248.8816
358.9633 248.7616
361.4233 249.8116
362.1033 250.9316
362.9633 251.5916
365.9833 252.6416
367.6633 253.6616
369.5233 253.4716
369.9233 254.1616
369.7633 260.5716
369.4833 261.3016
366.9133 262.0616
363.6833 263.8516
360.7433 264.7216
360.3233 265.0716
360.1933 265.8616
359.6433 266.5816
358.4533 266.3516
355.8033 265.3316
353.8433 265.3516
351.0333 268.8816
345.4833 273.3416
344.8933 274.0316
344.7733 277.4416
345.7933 279.2216
350.6433 280.5516
351.4033 280.9916
351.9333 281.7816
351.8633 283.3516
351.2333 286.6216
350.5933 288.1916
350.2033 288.5816
347.3333 288.7816
344.5133 289.3716
342.2733 289.4316
341.4233 289.7616
339.5533 292.1216
335.7933 296.0116
333.8033 297.4616
330.6433 298.7716
327.3233 301.2416
326.2233 302.9116
323.7233 305.6916
322.3633 305.5516
319.7433 304.1816
318.9533 304.2216
318.1433 304.5216
316.7633 306.0116
314.6933 306.3016
315.0433 307.2516
315.7333 307.8816
317.3333 308.3016
320.3433 308.2816
320.6433 309.1816
319.4133 312.7916
318.4233 314.8516
317.7533 315.4216
315.0233 316.0316
314.2933 316.4316
313.4433 317.5716
313.1433 319.5316
313.3133 321.2616
313.8033 322.0716
315.3533 323.5716
315.9033 325.0516
316.1033 326.7416
317.2033 328.2316
317.9933 329.9016
319.8133 334.8716
320.3833 337.4916
319.4633 340.3016
317.8133 343.0016
316.3433 344.8816
313.8033 347.3916
313.2933 350.6816

Kinshasa
76
118.7533 306.9116
120.6033 305.7716
125.6133 306.1216
127.2233 305.9316
128.5133 305.4516
132.1133 303.2216
134.5233 302.1516
136.7533 298.5816
138.1233 297.8316
138.8733 296.9416
139.2933 296.0216
139.2933 295.4616
138.9833 295.0816
139.4933 294.0416
139.4933 293.6516
139.0333 292.9916
139.2533 292.5616
138.7433 292.1816
138.3733 290.5416
137.6633 289.7016
137.6633 289.1316
136.0233 289.0916
135.6433 288.7316
132.1633 282.5216
130.1533 279.9416
130.7333 276.2016
130.7733 273.3016
130.7733 273.3016
121.9633 273.3816
118.4333 276.3016
118.2333 275.9116
118.1333 273.5816
117.4033 272.5516
115.7533 272.3616
112.9733 273.1416
110.2433 275.1216
109.5433 276.2616
109.9133 277.0116
111.8733 277.2816
112.9033 278.0316
113.2733 280.7616
114.0033 282.5716
113.8033 283.6816
113.4033 284.0116
111.1233 284.7916
110.8433 285.1816
111.8933 287.0616
111.7533 287.7816
110.9933 287.9516
108.7333 287.6416
105.6533 288.5216
104.0733 288.3016
103.3733 287.8616
102.8033 287.1616
102.9733 285.6416
102.4733 284.5516
101.3233 284.1716
100.1833 284.6816
 97.8833 286.9216
 94.6533 291.7816
 94.6533 291.7816
 95.5633 292.7216
 96.0733 294.2216
 97.1733 294.8716
 98.3733 295.2216
 99.5233 296.3216
101.7633 296.0816
102.5733 295.7416
103.5733 296.0116
104.7033 296.7116
105.9933 298.9016
105.8633 300.5516
106.3233 301.9116
107.2133 303.3016
107.8333 303.8116
112.7133 305.5016

Kasai-Occidental
263
269.9633 211.3016
272.9933 210.6316
276.0233 211.5016
277.7533 216.7016
277.7533 221.0316
276.0233 224.9316
274.2933 227.9616
271.6933 227.9616
269.0933 230.1216
268.2233 232.2816
266.0633 236.1816
263.0333 238.3416
261.2933 240.5016
259.1333 241.3716
256.5333 243.5316
255.6633 250.8816
255.3633 251.1316
255.8233 251.5016
255.6433 252.4016
255.8433 253.0316
254.8833 255.5416
254.6833 256.6716
254.7533 262.0816
255.5433 263.3116
255.6933 264.2016
256.3533 264.6416
255.9833 265.9416
256.2033 266.6216
256.2033 268.3016
255.3233 271.3216
254.6033 272.1616
254.5133 272.7316
254.8433 273.2716
254.8133 273.6416
253.5433 275.4516
252.6833 279.4516
251.8033 280.7616
251.7633 283.3216
252.1733 284.0516
252.0533 286.2916
252.5933 287.7316
253.2533 288.1716
253.8733 289.3316
253.0133 290.2716
252.8833 291.6616
252.0533 293.2616
251.3233 294.0516
251.1233 295.7216
251.3033 296.4116
251.3033 296.4116
251.8733 296.2816
253.4033 296.5216
253.4033 296.5216
254.5733 296.1616
255.7533 294.6916
256.6233 294.8616
257.2533 294.6216
257.7633 294.0216
257.8033 293.3216
258.4833 292.6916
258.8833 292.6416
259.7533 293.0816
260.8733 292.6216
261.4933 293.3416
261.4733 294.2816
261.7533 295.5216
262.0533 295.8916
263.2533 296.4616
264.2333 296.2616
264.5433 297.2916
264.8733 297.3516
265.4433 297.0516
266.3833 297.2016
269.7433 298.8816
270.2133 299.2916
270.3833 300.0416
271.6933 301.0716
271.5433 307.3416
271.2033 309.6116
271.3033 314.4516
270.6333 320.1616
271.0833 327.4116
272.2533 330.9216
276.6333 342.0216
277.8033 343.8816
280.1333 346.2116
280.6333 346.9916
280.8433 348.1516
280.7533 349.9616
281.9333 352.8016
282.4333 353.4916
282.4333 353.4916
287.4733 352.7316
289.9733 352.7316
291.7733 352.9316
294.2333 353.8316
296.2333 353.7616
296.6433 354.0716
296.9033 358.1616
297.1533 358.3816
298.8033 357.6016
299.8933 357.3716
301.3633 355.9616
302.8133 355.6316
304.0733 354.4516
306.1533 353.7116
308.5933 352.2116
310.9133 353.4416
310.9133 353.4416
312.8433 351.9116
313.2933 350.6816
313.8033 347.3916
316.3433 344.8816
317.8133 343.0016
319.4633 340.3016
320.3833 337.4916
319.8133 334.8716
317.9933 329.9016
317.2033 328.2316
316.1033 326.7416
315.9033 325.0516
315.3533 323.5716
313.8033 322.0716
313.3133 321.2616
313.1433 319.5316
313.4433 317.5716
314.2933 316.4316
315.0233 316.0316
317.7533 315.4216
318.4233 314.8516
319.4133 312.7916
320.6433 309.1816
320.3433 308.2816
317.3333 308.3016
315.7333 307.8816
315.0433 307.2516
314.6933 306.3016
316.7633 306.0116
318.1433 304.5216
318.9533 304.2216
319.7433 304.1816
322.3633 305.5516
323.7233 305.6916
326.2233 302.9116
327.3233 301.2416
330.6433 298.7716
333.8033 297.4616
335.7933 296.0116
339.5533 292.1216
341.4233 289.7616
342.2733 289.4316
344.5133 289.3716
347.3333 288.7816
350.2033 288.5816
350.5933 288.1916
351.2333 286.6216
351.8633 283.3516
351.9333 281.7816
351.4033 280.9916
350.6433 280.5516
345.7933 279.2216
344.7733 277.4416
344.8933 274.0316
345.4833 273.3416
351.0333 268.8816
353.8433 265.3516
355.8033 265.3316
358.4533 266.3516
359.6433 266.5816
360.1933 265.8616
360.3233 265.0716
360.7433 264.7216
363.6833 263.8516
366.9133 262.0616
369.4833 261.3016
369.7633 260.5716
369.9233 254.1616
369.5233 253.4716
367.6633 253.6616
365.9833 252.6416
362.9633 251.5916
362.1033 250.9316
361.4233 249.8116
358.9633 248.7616
358.5433 248.8816
358.2833 249.3416
358.8133 250.9216
358.4133 251.1116
355.1633 249.6716
350.8133 249.1016
346.6733 248.9316
345.5533 248.2516
344.7533 246.3116
344.7133 242.2216
345.2833 239.8316
345.8933 238.5916
346.8233 237.3916
348.8033 236.1516
349.1933 234.9516
347.5233 232.3116
346.9333 228.6916
346.2933 227.1216
343.8333 222.6616
343.7833 221.1616
344.1833 220.0516
344.5333 219.6816
346.0933 218.8716
346.8633 218.1816
348.8933 214.9016
351.8033 213.5116
352.6033 212.8916
354.0833 210.9716
354.1133 210.5816
352.2733 205.4116
352.9033 203.1016
352.6833 200.6116
353.0233 198.8416
353.0233 197.1116
352.0233 191.7516
351.8533 187.8616
351.2533 183.7916
351.2533 183.7916
350.7133 183.5816
349.6033 182.5616
348.7733 182.2116
344.4133 180.7316
342.1533 180.3016
340.1733 181.1016
338.5533 180.9116
336.4733 181.4316
336.0733 181.7316
335.5533 182.8616
335.1133 185.1416
334.5833 185.9016
333.8833 186.3516
333.2833 186.2816
330.9533 184.2716
330.1933 183.9016
326.5433 183.9216
322.2033 183.3516
320.1333 183.5816
318.6833 184.1816
316.6233 184.4616
314.5533 185.4916
313.0333 186.9316
308.5733 188.6116
308.5733 188.6116
308.6433 189.4016
309.2933 190.1216
309.4433 191.6016
308.9033 192.6816
309.5633 194.1316
309.5233 195.1716
308.9633 196.9916
308.3733 198.8616
307.3233 199.6516
307.1133 200.2616
267.4133 200.3416
267.2433 202.3316
267.4833 204.7516
267.7333 205.7516
268.4933 207.1416
268.9533 209.1816

Maniema
293
498.8333 415.1216
499.2233 413.8316
499.6633 410.3816
498.7933 406.9416
498.3633 403.9316
496.6333 401.7816
493.1633 399.6316
485.8033 400.0616
483.6433 398.3416
484.9333 396.1916
484.9333 393.6116
481.9033 392.7516
479.7433 391.4516
482.3433 389.7316
484.5033 386.2916
489.2633 381.5616
498.3633 371.2316
497.0633 367.3616
497.0633 367.3616
496.1933 367.3616
496.1933 367.3616
494.0333 366.9316
491.0033 366.9316
488.8333 366.0616
486.6733 363.9116
486.2333 360.9016
481.9033 359.1816
474.9733 361.3316
472.3833 361.3316
469.7833 360.4716
468.4833 353.5816
469.3433 348.8416
478.0133 328.1716
475.8433 316.1016
476.7133 309.6416
478.8733 307.4816
482.3433 305.7616
485.3733 305.3216
491.0033 305.3216
497.4933 304.0316
500.0933 300.5816
503.5633 299.2916
505.2933 297.9916
512.6533 298.8616
514.8133 296.2716
517.8533 293.6816
521.3133 289.3616
524.7733 281.6016
529.4833 273.3816
529.4833 273.3816
516.5933 273.3816
516.5933 273.3816
450.8633 273.3816
450.8633 273.3816
412.2533 273.3616
412.0133 274.1216
411.3533 274.7816
411.2633 275.5216
410.7333 276.0816
410.7233 277.2616
410.4533 277.8816
409.4233 278.8316
409.0333 279.7516
408.2433 280.0816
407.9733 280.7116
407.2533 281.0616
406.6333 282.6816
405.9733 283.1116
405.6233 284.7916
406.2333 286.3816
407.0733 286.8816
407.2933 287.3216
407.7933 287.3016
407.9533 288.1916
408.3733 288.8916
410.4733 290.7516
410.4533 291.4716
409.2933 293.1716
409.9333 294.0816
409.9933 295.2816
410.6533 296.3916
410.6533 296.9816
410.2133 297.8516
410.2533 299.0616
410.6033 299.9516
409.7733 300.6716
409.7933 301.0416
410.2733 301.4316
409.4933 302.1916
409.4033 303.7916
408.6133 304.3116
408.0933 303.9416
407.6433 304.0716
406.8533 305.0616
406.9833 306.2316
406.0833 307.1016
405.5333 307.2116
405.5733 308.1816
404.8333 308.0016
403.7733 309.5916
403.8433 309.8716
404.2433 309.9416
404.2133 310.2716
403.6733 310.6016
402.7033 310.4616
402.8933 311.1616
401.8433 311.6116
401.9333 311.9916
401.6733 312.5516
402.6433 313.5416
402.5633 314.0216
403.8033 315.2216
403.6933 315.7616
403.8833 316.4316
403.3433 316.7616
403.2533 318.0916
402.8533 318.5516
402.9633 319.3116
402.7233 319.7316
403.4333 319.8216
403.9333 320.4016
403.9133 320.8016
403.1333 321.7916
403.1633 322.3116
403.6733 322.6816
404.6633 322.7616
405.0133 323.9416
405.4733 324.1616
405.9033 325.2316
407.2533 325.7116
407.2233 327.0616
407.4433 327.7216
407.0233 327.9616
406.9833 328.3016
407.4933 328.6816
408.8733 328.7616
409.0333 329.0516
408.8733 329.7616
409.2933 330.2216
409.3133 330.7516
410.1733 331.2116
410.3033 332.1216
410.8933 332.8416
410.4533 333.4716
410.8033 334.2416
410.3233 334.6316
410.2733 334.9816
410.5633 335.1316
411.0933 334.7916
411.3533 335.1816
410.6533 336.2216
410.6033 336.8116
412.1933 339.8016
412.7833 342.0616
413.9233 344.2216
413.8133 345.1616
413.1033 346.8916
413.0933 348.3516
412.7033 349.7516
413.1833 351.4616
413.5733 354.8316
404.0033 354.1016
402.0733 354.1316
400.6233 354.5616
397.8033 360.5916
395.2633 363.8116
393.6333 366.3616
393.0033 368.5516
392.6733 371.0116
392.6733 371.0116
394.6033 370.7716
400.4833 370.7916
404.1333 370.3716
407.8833 371.0516
410.6033 371.2016
411.0033 370.2516
412.1633 369.6616
412.6233 369.0016
412.6133 368.2416
412.0633 367.0216
412.1433 366.4516
412.5633 365.9716
413.4433 366.0816
415.2233 365.5616
417.1333 365.5316
419.0633 365.7716
420.2033 366.1416
420.9333 366.6516
425.7333 372.0416
428.0033 373.6916
429.5333 374.0216
431.8433 373.0016
432.7133 372.8816
434.4533 373.6416
436.3233 373.5216
437.1333 375.0016
437.2633 378.2916
437.8633 380.7816
437.8633 382.4616
437.5033 384.5316
437.7333 385.6216
437.7733 388.4816
438.8633 387.3916
439.2433 386.6516
440.2333 386.0816
440.1833 385.4716
442.2733 385.2516
442.8233 385.6516
442.9833 386.4516
443.5033 387.0216
443.0133 388.0916
443.0633 388.4816
444.5533 389.2016
444.7733 390.6416
444.5133 391.4116
444.6033 391.9316
445.0833 392.3216
446.3333 392.6316
446.4233 392.9716
446.1433 393.5716
446.7233 394.8516
446.6833 396.1816
447.6733 396.9916
446.9433 397.5816
446.7233 398.3216
446.9733 400.7616
447.5033 402.4216
450.2433 403.4216
451.0733 404.0516
451.5833 404.7816
451.6933 406.0416
450.7533 412.1216
450.8333 413.3016
451.6633 414.4816
454.9233 417.2316
455.2933 418.0716
454.9533 419.2316
454.0433 420.3216
450.5533 422.6116
448.8233 424.5816
444.9933 427.6816
446.6633 429.5816
447.1233 429.8216
447.6733 429.8816
448.1633 429.4616
448.5333 429.4416
448.7933 428.8316
449.6433 428.6016
450.8133 427.6316
451.2933 426.7816
451.8433 426.8716
452.2633 426.6116
453.0333 424.7816
453.5333 424.8816
453.8433 424.2916
454.6533 423.5716
455.8233 423.2016
456.3233 421.7416
457.2433 420.9116
460.5233 421.0916
461.9033 421.8916
462.7333 422.8116
465.2233 423.1616
467.3733 424.6716
468.8633 424.4716
469.2333 424.9716
468.8433 425.9116
469.2633 426.3716
470.6833 425.3916
471.4533 425.5516
472.6833 424.5616
474.2633 424.4116
474.9033 423.7216
476.0433 423.1416
476.4633 422.6416
476.3433 421.9716
476.6733 421.4216
477.9933 420.5716
478.5933 419.6016
480.1033 418.9516
483.5533 418.5816
484.5633 418.2816
485.2433 417.8416
485.8533 416.9416
486.3233 416.7516
487.5133 416.7316
488.8033 417.4016
489.5633 417.4916
490.1433 417.1816
490.8433 416.1416
493.4133 416.2016
497.3033 414.6816
498.8133 415.1116

Nord-Kivu
181
497.0633 367.3616
498.3633 371.2316
489.2633 381.5616
484.5033 386.2916
482.3433 389.7316
479.7433 391.4516
481.9033 392.7516
484.9333 393.6116
484.9333 396.1916
483.6433 398.3416
485.8033 400.0616
493.1633 399.6316
496.6333 401.7816
498.3633 403.9316
498.7933 406.9416
499.6633 410.3816
499.2233 413.8316
498.8333 415.1216
498.8333 415.1216
499.2933 415.4616
499.2933 415.4616
502.3333 418.3616
504.2333 421.8916
505.0533 422.5516
507.8833 423.6016
509.0733 424.3216
509.8133 425.4516
510.3433 427.8316
509.9633 428.6016
509.2433 433.3516
509.7533 436.2116
510.7133 436.7716
511.0033 437.7716
510.7133 438.3716
510.2033 438.7516
510.2933 439.7816
509.2233 440.2216
508.6033 440.9416
508.0633 442.8016
508.1733 444.4916
508.0633 444.8216
507.5733 445.0016
507.8433 446.3116
507.2733 446.5916
507.0333 447.4416
506.5233 447.5416
506.3033 447.9916
505.2033 447.7916
503.6933 448.4516
503.3333 448.1416
502.9833 448.4016
502.4833 448.0316
501.3033 448.3616
499.6233 449.5316
498.0233 450.1016
497.9133 450.8116
498.1533 451.0216
499.2933 451.3916
500.5233 451.2316
502.9833 451.7216
503.8133 452.2416
505.1833 453.8016
508.4133 455.0516
517.6333 456.3116
518.9033 455.9016
521.4733 453.0616
522.6433 452.0816
523.5433 451.5816
524.6933 451.3216
529.6033 452.5716
532.5433 452.8516
536.1833 452.6316
538.8233 452.2116
540.1433 452.5216
541.6133 453.7716
543.2533 454.5716
545.1733 454.3816
546.8133 453.2616
548.2833 453.7416
550.8133 452.3416
551.5833 452.3316
552.7633 452.8516
553.9433 453.9816
553.5333 454.7716
550.7633 455.7216
549.9733 456.7916
550.1533 457.9916
551.3533 460.0016
552.1733 460.1116
554.8233 458.8716
556.5233 458.6916
557.0933 459.3716
556.8533 460.0616
557.2033 460.7916
558.9633 460.7016
560.1433 460.9416
560.9833 460.6416
561.7433 460.7016
562.4933 461.2516
563.4833 462.4716
565.6733 463.4216
566.0233 463.4116
566.8433 461.6816
567.4633 460.9416
570.0833 459.6516
570.0833 459.6516
569.9833 459.5016
569.5133 458.7016
569.2633 457.6216
569.6933 456.4716
569.4133 455.5516
569.2533 454.4616
569.0333 453.2316
569.5933 451.8716
569.5033 450.8316
569.8133 449.2816
566.3833 445.0816
564.8233 438.3016
564.5533 438.0116
563.7233 438.2216
563.0833 438.0216
561.9933 436.7816
561.9833 435.6516
561.4133 435.1616
561.3633 433.9316
561.6733 432.7016
561.7533 431.5316
561.8233 429.8416
559.3033 418.0816
559.9333 417.7216
559.8033 415.5116
560.3233 414.8916
559.8633 414.0016
559.6833 412.9516
558.4833 410.3616
558.6533 409.2116
558.4733 407.5916
558.9333 406.4116
558.4933 405.3816
558.8533 404.1716
557.0533 404.0116
557.2233 402.8216
557.1833 401.5716
557.0933 400.3516
557.3233 399.3016
556.8733 396.8916
557.1833 396.0416
556.7633 395.0616
557.8933 393.9316
557.4033 392.3816
557.8533 390.8916
557.3233 388.6216
556.5033 388.3516
555.0933 387.5316
554.4233 386.6416
553.0133 384.9316
550.7333 384.9116
550.0333 384.5216
548.4633 381.9816
546.9533 380.5816
546.2833 378.4816
544.9233 377.0016
542.9333 373.8916
542.9333 373.8916
539.0633 374.2416
536.0333 375.5316
535.6033 377.2616
532.1433 377.6816
529.9733 374.2416
526.5133 370.8016
525.2133 368.6516
522.1833 368.2216
520.8833 370.3716
519.1433 371.6616
517.4133 369.5116
514.3833 366.5016
510.0533 365.2016
507.4533 365.2016
506.1533 365.6316
504.4233 367.3616
499.2233 367.3616

Orientale
934
428.0633 604.1216
428.9133 604.0716
429.4133 603.1316
430.2333 603.1916
430.2833 602.8816
430.2633 602.3616
430.6933 602.2116
430.9433 602.5416
431.3833 602.5716
431.8833 602.0616
432.9933 601.5816
433.3533 600.6216
433.9833 600.5516
434.2833 599.6516
435.3833 600.1216
434.9533 600.5116
435.6733 600.8016
435.9333 600.1716
436.5533 599.9416
436.5733 599.0216
437.0633 598.0516
437.4233 598.8516
437.8933 599.1116
438.5933 599.0716
438.7033 598.9116
439.0733 598.3016
439.2733 597.3616
439.6733 597.6716
439.4233 598.4916
439.9633 598.3816
440.4733 598.6916
441.1633 598.2116
441.2533 599.2116
441.8433 599.7416
442.3533 599.4316
442.6133 599.3816
442.6733 598.7416
443.5433 598.5516
444.0433 598.5416
444.4933 598.2916
444.7833 598.9016
445.5133 598.7416
445.5533 599.2816
446.0633 599.4316
446.6133 600.0916
446.6933 600.5216
447.4733 600.3516
447.4533 599.5016
447.7333 599.4016
448.3133 599.8016
448.9833 599.6616
449.3233 598.9316
449.4733 598.7016
449.9333 598.7516
450.4533 598.4116
450.6633 598.0216
450.4733 597.5616
451.4733 597.4916
451.7833 597.2216
452.4433 596.9816
453.2833 596.7816
454.0633 596.6516
454.8433 596.8016
455.3133 596.3316
455.8533 596.0016
456.4533 595.7216
457.0233 595.1216
457.1133 594.5516
457.1733 593.9516
457.9533 593.5716
458.6333 593.4916
459.2033 593.4916
459.4233 594.2316
459.6733 594.2516
460.4033 594.1216
460.7333 594.1116
460.7533 594.6716
461.2133 594.7216
461.4333 594.4416
462.0133 594.6516
462.7733 594.6916
463.3233 594.5216
463.7833 594.5616
464.4433 594.8816
465.5533 595.2816
466.3533 595.3916
467.0733 595.3316
467.5233 594.8316
467.7333 594.4016
468.2133 593.6516
468.6333 593.6116
468.9633 593.9816
470.2633 593.1616
470.6833 593.5416
470.8733 594.4316
471.5533 594.6416
471.9333 595.6616
472.3133 595.9616
472.2833 596.3716
475.2933 598.0616
476.5033 598.5016
477.9633 598.6916
479.4033 598.4616
481.7933 596.9516
484.5633 596.1216
485.2833 595.6216
488.1933 594.5716
488.6633 593.7716
488.4933 592.7816
489.2133 592.6016
490.4233 591.4716
491.0033 591.2716
491.4333 589.7216
492.2533 589.2216
492.7533 588.5516
495.4333 588.6116
496.2833 587.8816
497.0933 586.0816
496.9133 585.6016
497.2333 585.2416
498.6733 585.4016
499.1733 584.7816
499.5933 583.6616
499.6233 582.6716
499.1433 582.2616
499.1333 582.0016
499.5533 580.2216
499.4833 579.2116
499.7833 579.0916
501.0333 578.8216
501.4033 578.4516
502.1833 577.6416
504.1733 577.5216
504.4633 578.2916
505.6233 577.8916
507.0433 577.5616
507.7533 577.6416
507.4333 575.4016
507.7133 574.6416
508.3033 574.4016
508.8133 573.2616
509.8733 574.2316
510.6433 574.0716
510.9833 573.5816
510.6433 572.7316
512.0233 572.1316
512.8533 571.2516
514.5233 571.0516
515.0233 571.4416
516.6033 571.4216
517.6533 571.3116
518.1333 570.5116
518.1733 569.1816
518.5433 568.9216
519.6033 568.8316
521.0833 569.2616
521.9033 570.0716
521.9733 570.7716
522.7533 571.9316
524.0733 572.2316
524.9033 572.1116
525.7033 573.3816
526.4833 573.2716
527.6233 573.5516
528.7233 575.5816
528.4733 576.2316
529.1533 576.4316
529.3833 576.7616
529.2433 577.1416
530.6833 577.3716
531.3433 577.9716
531.6133 577.9716
532.2133 577.1216
532.2433 575.8116
533.0033 575.2716
533.8733 575.3716
535.6433 575.3916
537.6633 575.3216
538.7533 575.8816
539.5533 575.5516
539.9733 574.7116
541.0233 574.6016
540.9333 573.8316
542.7333 573.6916
542.7233 573.1116
544.5233 571.6216
545.0033 570.9516
546.3133 571.1616
546.5533 571.8316
546.3433 572.4916
546.8933 572.7016
547.9233 572.2516
548.7533 572.4316
549.2933 572.9616
549.9233 574.8816
551.5433 575.5816
552.4833 576.8816
552.5333 578.0016
553.5733 579.0616
553.3033 581.4316
553.9733 581.5916
554.4233 582.1616
555.2533 581.0516
556.1833 581.4216
556.8333 581.3016
557.5233 580.8416
558.1433 581.2516
561.1333 579.8316
562.1333 578.3716
563.0733 578.7616
563.5733 578.1416
564.7333 577.9916
564.7533 577.3016
564.2733 575.8316
563.9433 574.1116
564.0333 571.9116
565.3533 570.9016
567.0733 571.2016
568.6333 570.2016
569.3233 569.0116
568.7033 567.8616
568.8233 567.6416
570.0833 567.3816
571.7133 566.1816
572.0733 564.8316
573.0233 563.7516
574.5433 563.7716
575.4833 563.2516
575.5733 561.9116
576.9333 560.3916
576.9633 559.0016
577.6233 558.1616
579.2633 558.7616
580.0833 557.9516
581.8033 557.4416
582.8933 557.2416
584.7433 556.4616
585.6433 555.6716
586.2933 555.5916
587.1733 555.9816
588.0033 555.9516
588.2333 555.6416
588.2033 554.4616
588.7433 552.8916
589.2333 549.9516
588.9133 548.7116
588.3233 547.6016
588.3933 547.2716
589.4633 547.2116
591.8833 548.5616
593.5333 548.0516
594.0333 548.1716
594.6933 549.5116
595.2133 549.7816
595.6133 549.2016
595.6733 548.0516
596.1033 547.0916
598.1133 546.2216
597.6033 544.4716
597.8433 543.7716
598.1333 543.5916
598.6433 543.7016
599.1033 544.2816
600.5133 544.5016
600.7133 543.2116
600.4533 542.4316
600.5433 541.1616
599.9133 540.1616
598.9333 539.1516
599.0933 538.3016
598.3933 537.2216
597.3533 536.6716
597.4433 535.9016
597.0833 534.7816
596.1933 532.5916
595.9533 530.4816
595.1033 529.9316
595.5133 529.0016
596.2033 528.4916
596.9433 527.9116
597.9833 527.0516
598.2733 525.7916
598.5133 524.8016
598.9233 524.4716
599.0133 523.7616
598.8233 522.3516
598.0233 521.0616
597.3233 520.8516
596.8633 520.3016
596.9833 519.6416
596.4733 518.5516
595.7033 516.9716
595.8333 516.6416
595.4233 515.6416
594.5333 515.0916
594.9033 512.6616
594.8033 512.2716
594.4133 512.0616
594.2333 510.7516
594.5833 509.7816
595.4233 510.3916
596.3133 509.9516
597.1733 509.7016
597.6833 508.6516
598.4633 508.1616
598.7533 507.2716
599.6933 506.9816
600.3533 507.0816
600.6733 507.3616
600.9133 507.9516
600.6733 508.3416
601.0733 509.1616
602.2133 509.3516
602.7833 509.1816
603.3833 508.7416
604.8733 507.4416
604.7633 507.0316
605.2633 506.3216
604.7533 506.1416
606.5433 504.9016
606.7933 504.8716
607.0633 505.4416
607.7933 505.2716
609.0433 505.7816
609.0433 503.4516
610.4933 502.7716
612.3333 501.4116
612.3333 500.1216
608.9333 495.3616
605.9733 491.7116
603.4333 488.4316
594.5233 481.3616
588.1133 473.0416
587.1533 473.0416
585.7333 471.3316
585.0033 470.9916
583.9633 470.7116
582.9933 470.6316
582.0333 471.1016
581.4333 470.2916
581.2533 469.4616
580.5033 469.5216
580.3833 469.9916
579.8733 470.1616
579.2733 469.9616
578.8533 469.3016
578.0433 468.8616
578.1833 467.7616
577.8033 467.3716
577.7933 466.4516
577.5233 465.1516
576.9333 463.9216
576.5133 463.0216
575.9433 462.2716
575.4733 461.0016
574.5133 461.0616
573.5233 460.9316
572.1533 460.4316
571.2233 460.3316
570.6633 459.9916
570.0833 459.6516
570.0833 459.6516
567.4633 460.9416
566.8433 461.6816
566.0233 463.4116
565.6733 463.4216
563.4833 462.4716
562.4933 461.2516
561.7433 460.7016
560.9833 460.6416
560.1433 460.9416
558.9633 460.7016
557.2033 460.7916
556.8533 460.0616
557.0933 459.3716
556.5233 458.6916
554.8233 458.8716
552.1733 460.1116
551.3533 460.0016
550.1533 457.9916
549.9733 456.7916
550.7633 455.7216
553.5333 454.7716
553.9433 453.9816
552.7633 452.8516
551.5833 452.3316
550.8133 452.3416
548.2833 453.7416
546.8133 453.2616
545.1733 454.3816
543.2533 454.5716
541.6133 453.7716
540.1433 452.5216
538.8233 452.2116
536.1833 452.6316
532.5433 452.8516
529.6033 452.5716
524.6933 451.3216
523.5433 451.5816
522.6433 452.0816
521.4733 453.0616
518.9033 455.9016
517.6333 456.3116
508.4133 455.0516
505.1833 453.8016
503.8133 452.2416
502.9833 451.7216
500.5233 451.2316
499.2933 451.3916
498.1533 451.0216
497.9133 450.8116
498.0233 450.1016
499.6233 449.5316
501.3033 448.3616
502.4833 448.0316
502.9833 448.4016
503.3333 448.1416
503.6933 448.4516
505.2033 447.7916
506.3033 447.9916
506.5233 447.5416
507.0333 447.4416
507.2733 446.5916
507.8433 446.3116
507.5733 445.0016
508.0633 444.8216
508.1733 444.4916
508.0633 442.8016
508.6033 440.9416
509.2233 440.2216
510.2933 439.7816
510.2033 438.7516
510.7133 438.3716
511.0033 437.7716
510.7133 436.7716
509.7533 436.2116
509.2433 433.3516
509.9633 428.6016
510.3433 427.8316
509.8133 425.4516
509.0733 424.3216
507.8833 423.6016
505.0533 422.5516
504.2333 421.8916
502.3333 418.3616
499.2933 415.4616
499.2933 415.4616
498.8133 415.1116
498.8133 415.1116
497.3033 414.6816
493.4133 416.2016
490.8433 416.1416
490.1433 417.1816
489.5633 417.4916
488.8033 417.4016
487.5133 416.7316
486.3233 416.7516
485.8533 416.9416
485.2433 417.8416
484.5633 418.2816
483.5533 418.5816
480.1033 418.9516
478.5933 419.6016
477.9933 420.5716
476.6733 421.4216
476.3433 421.9716
476.4633 422.6416
476.0433 423.1416
474.9033 423.7216
474.2633 424.4116
472.6833 424.5616
471.4533 425.5516
470.6833 425.3916
469.2633 426.3716
468.8433 425.9116
469.2333 424.9716
468.8633 424.4716
467.3733 424.6716
465.2233 423.1616
462.7333 422.8116
461.9033 421.8916
460.5233 421.0916
457.2433 420.9116
456.3233 421.7416
455.8233 423.2016
454.6533 423.5716
453.8433 424.2916
453.5333 424.8816
453.0333 424.7816
452.2633 426.6116
451.8433 426.8716
451.2933 426.7816
450.8133 427.6316
449.6433 428.6016
448.7933 428.8316
448.5333 429.4416
448.1633 429.4616
447.6733 429.8816
447.1233 429.8216
446.6633 429.5816
444.9933 427.6816
448.8233 424.5816
450.5533 422.6116
454.0433 420.3216
454.9533 419.2316
455.2933 418.0716
454.9233 417.2316
451.6633 414.4816
450.8333 413.3016
450.7533 412.1216
451.6933 406.0416
451.5833 404.7816
451.0733 404.0516
450.2433 403.4216
447.5033 402.4216
446.9733 400.7616
446.7233 398.3216
446.9433 397.5816
447.6733 396.9916
446.6833 396.1816
446.7233 394.8516
446.1433 393.5716
446.4233 392.9716
446.3333 392.6316
445.0833 392.3216
444.6033 391.9316
444.5133 391.4116
444.7733 390.6416
444.5533 389.2016
443.0633 388.4816
443.0133 388.0916
443.5033 387.0216
442.9833 386.4516
442.8233 385.6516
442.2733 385.2516
440.1833 385.4716
440.2333 386.0816
439.2433 386.6516
438.8633 387.3916
437.7733 388.4816
437.7333 385.6216
437.5033 384.5316
437.8633 382.4616
437.8633 380.7816
437.2633 378.2916
437.1333 375.0016
436.3233 373.5216
434.4533 373.6416
432.7133 372.8816
431.8433 373.0016
429.5333 374.0216
428.0033 373.6916
425.7333 372.0416
420.9333 366.6516
420.2033 366.1416
419.0633 365.7716
417.1333 365.5316
415.2233 365.5616
413.4433 366.0816
412.5633 365.9716
412.1433 366.4516
412.0633 367.0216
412.6133 368.2416
412.6233 369.0016
412.1633 369.6616
411.0033 370.2516
410.6033 371.2016
407.8833 371.0516
404.1333 370.3716
400.4833 370.7916
394.6033 370.7716
392.6733 371.0116
392.6733 371.0116
391.7033 375.9416
391.7033 375.9416
391.1533 380.3016
390.2733 383.7516
388.9333 386.0416
387.9733 388.3916
387.2233 388.7616
383.1433 388.4816
381.6233 388.6616
380.1133 389.2016
376.5933 391.1416
375.0533 392.3016
372.9733 394.4616
370.9533 395.2016
370.4233 396.2916
370.2033 397.4516
369.5733 398.2516
367.5233 399.5116
363.0633 401.6716
359.8633 404.5616
357.6033 407.0416
357.7033 407.3916
361.7533 410.4916
363.3033 411.1216
365.4633 411.5816
366.2033 412.1116
366.3533 412.5016
364.1933 414.2616
361.4733 418.5216
360.8333 418.8416
360.1033 418.7616
356.4833 417.3616
354.8133 416.9716
353.9833 417.2716
353.5033 418.8616
353.1733 419.2116
345.2233 419.8316
349.1333 423.0116
350.7033 423.9316
351.5333 423.8716
354.2933 422.8316
355.6033 422.6416
356.8833 423.9916
358.8233 424.3316
359.3333 424.7816
359.2733 426.1016
355.3833 431.5616
354.0833 433.8716
350.5933 437.7316
348.8433 441.6116
346.8633 443.4916
345.3133 445.8916
344.4433 447.9616
344.0933 449.7316
344.1133 450.9016
343.4433 452.0816
342.0933 453.5616
341.4633 454.9016
341.6433 458.2616
340.2833 461.2716
340.5833 461.7916
340.1433 462.5916
340.3633 463.6916
340.2533 464.4516
339.0233 466.0716
338.9333 467.0216
338.8033 467.3316
338.3533 467.5316
337.4833 469.9216
336.5233 471.3816
335.7333 472.1316
335.5333 473.1816
335.0133 473.7416
334.9633 474.7016
334.1433 476.0816
333.2933 476.2916
332.8133 477.1216
332.2433 477.4016
331.5433 478.2516
329.8033 479.3716
328.5933 479.6116
328.0533 480.1616
326.2233 480.3816
325.8233 480.6316
325.1933 480.4216
324.5333 480.6316
323.3233 480.5916
324.1133 482.3116
324.8633 483.0316
327.5633 484.7416
329.2933 486.6616
329.7633 487.8916
330.7033 493.7416
333.0033 497.9516
332.4333 499.5216
332.4833 499.9216
332.8533 500.2416
333.6433 500.2416
335.2933 499.6516
336.5633 497.4916
337.5333 497.3616
338.4133 496.7316
340.1433 497.4016
340.9833 497.3616
341.3333 497.8616
341.7333 497.8616
341.8433 498.3916
342.5833 498.7016
342.5633 499.5016
343.5733 499.5016
344.1833 500.1716
344.0933 501.1416
345.3233 501.4816
345.4133 502.2716
345.7933 502.2116
347.9633 499.8516
349.0833 499.3916
349.5933 499.4616
352.6133 501.0916
357.2133 504.4116
362.8733 503.4516
365.5733 502.3116
366.6833 502.2116
367.0633 502.5416
366.7133 505.7016
366.2933 506.9416
363.5533 508.9416
359.7333 510.8016
357.7033 513.0916
356.8533 513.4416
356.0633 513.4616
350.2533 512.4116
348.6633 513.0216
347.4133 514.1816
345.3533 516.6016
344.9033 517.8216
346.3133 520.5316
346.1633 521.7016
345.6433 522.9316
345.7033 523.7316
347.0033 525.9516
347.1233 527.5316
348.6033 530.7316
348.9033 532.1516
348.8133 532.9616
347.8133 533.7616
346.2233 533.4216
344.7133 532.2016
341.8433 528.6516
341.0433 528.0716
340.2533 528.1416
339.5533 528.7216
339.1333 530.3016
339.1633 531.9416
339.7933 535.1616
339.6633 536.5316
339.0233 537.2316
338.2733 537.6216
335.1833 538.3716
334.2233 539.3716
334.1333 540.6616
335.5333 542.5316
337.4633 543.3016
341.7933 544.4516
343.9033 545.7416
344.7333 545.3916
345.9733 545.3016
347.3933 545.7216
348.5733 546.7516
350.5733 549.1016
351.6733 549.8816
352.8433 549.5116
353.5433 548.7316
355.8233 548.6916
357.2533 547.6416
358.0333 547.9016
358.8133 548.5416
360.3233 550.6016
361.7933 551.8116
362.3133 552.9016
362.6933 554.6016
361.3333 554.2716
360.4333 554.6916
359.9533 554.6016
358.9833 554.9016
358.2133 554.1616
357.6933 554.0716
354.7033 554.9916
353.7433 555.7116
353.1833 555.8216
352.6633 556.3916
351.7133 556.3616
350.9033 556.8416
350.0933 556.5616
348.8933 556.5616
348.0033 555.9116
347.3333 555.7116
346.6033 556.2516
345.8933 556.4316
345.0633 555.9516
344.2433 555.9116
342.8233 555.3616
341.4833 555.7116
338.6833 557.1216
338.4533 559.8816
337.0333 559.7616
336.1633 560.0916
332.1233 563.3916
328.9833 564.5016
328.9833 564.5016
331.7833 567.0316
331.8333 567.7616
331.4933 568.2816
331.5133 568.7216
332.3833 570.4516
333.9933 571.3416
334.0133 572.2116
333.0533 572.5816
332.9133 572.9216
333.3033 573.7016
333.3433 575.2116
334.2433 575.6216
335.3833 575.4916
335.9433 574.8916
336.5433 575.2116
336.8033 575.8416
336.7833 576.6116
337.6533 577.9016
337.8433 580.1016
338.5733 580.9316
339.2533 582.6416
340.0733 583.3016
340.6933 583.1816
341.2433 582.5616
341.8933 582.7516
342.1833 583.7216
343.0733 584.3216
342.5933 585.2016
342.8333 585.9216
343.2033 586.2616
344.3133 586.1916
345.1433 586.9016
345.6733 586.4416
346.6033 584.2016
347.2933 584.0716
348.7533 582.9916
349.8233 582.7516
351.6833 583.7216
352.4533 583.1416
352.8633 582.2516
353.8233 581.4916
354.6133 581.3416
355.1733 580.1216
355.6433 580.1816
356.8033 579.3816
357.7333 579.5616
358.4533 578.9516
359.6833 578.9516
359.9433 579.3416
359.8133 580.3316
360.0033 580.9116
361.0833 581.6516
362.2333 581.6516
363.8533 582.6116
364.8433 583.5516
366.0533 583.8016
368.9133 585.1316
370.8833 585.0416
372.8933 586.6316
373.4633 586.0416
374.7833 586.7416
375.2633 586.6116
375.5433 586.2416
376.6233 586.0016
376.8033 586.4116
376.6533 587.8316
376.9533 588.1616
377.1733 588.1416
377.4733 587.4916
379.4833 588.1616
381.1233 589.2216
381.7833 589.2516
382.6133 588.6716
383.3733 588.7316
384.3533 589.8716
385.8033 590.7916
386.3533 590.5416
386.3233 590.0016
387.0733 590.0716
387.3233 590.4816
386.9733 591.1816
387.0433 591.4816
387.7933 592.1816
390.2633 592.3516
391.3933 593.0816
391.3433 593.5116
390.9933 593.7916
390.2033 593.5316
389.8533 593.6516
389.7033 594.0016
389.8233 594.2816
390.2633 594.3916
390.4733 595.1716
390.9233 595.6816
391.2733 595.6416
392.1433 593.9716
392.5733 594.1416
392.3033 595.1916
392.7833 595.4016
395.3533 594.6616
395.8033 593.6516
396.3533 593.2416
397.8933 593.0616
398.5133 591.2916
399.8233 591.1116
399.8133 590.4916
399.3233 589.5116
401.3333 589.6516
401.7733 589.0916
402.5833 589.1716
403.2233 589.1516
403.6033 589.1116
404.6033 590.1416
406.3833 590.0916
406.7733 590.8616
408.1533 590.8416
408.7833 591.6516
410.2733 592.0816
414.6433 592.0816
415.2133 592.9916
415.5233 592.9416
416.0433 592.2416
416.4033 592.2016
416.7433 592.6416
417.6933 592.5416
418.2133 592.8716
420.4633 593.2416
420.8733 593.7416
420.8333 594.7016
421.5333 595.7316
421.6633 596.8516
420.9233 597.0816
420.5933 598.3216
421.0433 598.8116
421.3033 600.4116
421.7233 601.2316
422.2833 601.2616
422.5933 601.6716
422.5033 601.9316
422.1233 601.8316
422.0633 602.1716
422.9333 602.3816
423.5733 602.3416
424.0333 602.3316
425.0233 603.2416
425.5433 603.2016
425.8833 603.7816
426.2133 603.7216
426.6633 603.0716
427.8233 603.4216
427.4833 604.3216

Sud-Kivu
115
542.9333 373.8916
542.5033 372.8016
542.6033 371.4516
544.1033 366.0116
543.8533 364.3516
541.2633 360.1416
540.3533 359.7716
538.7533 359.8116
537.1433 357.1316
535.7533 357.2116
535.0033 356.9216
534.3033 355.7116
534.1833 354.9916
534.3833 354.2416
534.9533 353.6816
533.8633 352.1816
535.0833 350.8516
535.3433 348.7616
535.1133 347.9216
537.3033 346.6316
538.3933 346.4716
538.9733 346.0016
539.5233 344.8916
538.5033 344.1016
538.6433 343.0516
539.4333 342.7216
540.0533 342.9416
540.6533 342.0016
541.4233 341.1516
541.2933 340.3516
541.5533 339.7316
542.5633 339.4316
543.8233 338.4916
543.8233 337.3216
544.9533 336.4716
546.0133 336.3916
546.5933 335.5416
546.7533 335.0416
546.8033 333.5416
546.3533 333.2716
545.7733 332.1416
545.5733 330.9016
545.6833 329.7716
546.1333 328.6316
545.1133 327.9516
544.8833 327.3616
544.9933 325.6616
545.9033 321.6416
546.1833 319.3216
546.3133 316.7316
545.8733 312.0016
546.2833 309.2916
546.9133 307.1416
547.5633 306.1716
548.9333 304.9316
549.5933 303.9916
550.2333 302.1216
550.5933 299.7016
551.0833 289.1816
550.8333 288.0516
549.2033 284.5216
548.9333 283.0016
549.2533 278.0616
550.3433 273.3716
550.3433 273.3716
533.3733 273.3816
533.3733 273.3816
529.4833 273.3816
529.4833 273.3816
524.7733 281.6016
521.3133 289.3616
517.8533 293.6816
514.8133 296.2716
512.6533 298.8616
505.2933 297.9916
503.5633 299.2916
500.0933 300.5816
497.4933 304.0316
491.0033 305.3216
485.3733 305.3216
482.3433 305.7616
478.8733 307.4816
476.7133 309.6416
475.8433 316.1016
478.0133 328.1716
469.3433 348.8416
468.4833 353.5816
469.7833 360.4716
472.3833 361.3316
474.9733 361.3316
481.9033 359.1816
486.2333 360.9016
486.6733 363.9116
488.8333 366.0616
491.0033 366.9316
494.0333 366.9316
496.1933 367.3616
496.1933 367.3616
499.2233 367.3616
499.2233 367.3616
504.4233 367.3616
506.1533 365.6316
507.4533 365.2016
510.0533 365.2016
514.3833 366.5016
517.4133 369.5116
519.1433 371.6616
520.8833 370.3716
522.1833 368.2216
525.2133 368.6516
526.5133 370.8016
529.9733 374.2416
532.1433 377.6816
535.6033 377.2616
536.0333 375.5316

