793 402

Abkhazia
631
 32.2412 399.5525
 33.4912 398.4125
 35.0912 398.6725
 35.9112 398.3225
 38.5112 395.9825
 40.9112 396.4325
 41.8912 396.1225
 43.1712 395.3725
 43.9912 395.2125
 45.2212 395.2225
 45.9612 395.1325
 47.8712 394.8125
 48.9812 394.8525
 49.8212 395.3925
 50.6712 396.0925
 51.2412 396.4225
 53.5212 394.9625
 55.9012 394.6525
 57.0412 393.9425
 58.0412 392.5225
 59.2512 392.0025
 60.5212 391.5525
 62.6112 391.1725
 65.5012 390.1325
 66.4412 390.0525
 68.2412 391.0425
 71.1712 394.5725
 72.1212 395.2025
 73.1712 395.4125
 73.9412 395.6925
 74.7512 396.1725
 75.9312 397.0825
 77.1812 397.0625
 77.8912 396.8925
 78.9012 395.9825
 79.5412 394.9525
 80.1512 393.7025
 80.8212 393.1325
 81.8912 392.7025
 82.8712 392.4725
 84.9012 392.3825
 86.2912 391.7325
 88.0612 390.7625
 89.2412 389.9225
 90.3112 388.8525
 91.7412 388.0725
 94.1512 387.0025
 95.5712 386.2225
 97.1212 385.0825
101.2812 385.1525
102.7012 385.0225
104.2312 384.0825
104.8412 383.4725
104.9912 382.6525
104.5712 381.1325
104.6412 380.6525
105.1512 380.0225
106.2112 379.6425
107.2912 378.9625
108.1712 378.1225
109.3812 375.3725
110.9512 374.8225
112.8012 374.9725
113.8612 375.3325
114.5312 376.2125
115.0212 376.5925
115.7512 376.7125
116.6212 376.3725
117.8912 375.3225
119.2212 374.4625
120.5712 373.8125
121.3312 372.7925
121.9512 371.7125
122.0712 369.7325
122.3412 369.4825
124.2112 368.3725
127.6012 367.5625
128.9312 367.6225
129.5212 368.1425
129.8912 369.0525
130.4312 369.8025
131.1012 370.4225
131.8412 370.4825
133.4012 370.3625
134.8912 369.8725
136.3512 369.1225
138.1012 368.6025
140.7312 367.5925
142.8512 366.9125
144.7912 365.9125
146.8212 364.4225
150.5012 363.7125
151.4312 363.2925
152.5312 362.2925
153.7812 360.5525
155.2312 360.6325
156.1212 360.5725
156.0912 360.3525
156.3512 360.8625
157.3912 361.4725
158.3412 362.3825
159.6412 364.4825
160.4712 365.0225
160.9912 364.8825
161.6712 364.5225
162.1112 364.5225
163.3412 365.0725
164.3612 365.2025
165.1012 364.9925
166.5712 363.6425
166.8812 356.6025
167.1912 355.9925
167.7812 355.6725
168.6312 355.4825
171.4212 355.0325
172.2112 355.0825
173.4712 354.5525
174.0712 353.8925
174.4812 353.2325
175.3112 352.3625
176.4312 351.5225
179.0112 350.2425
181.3312 348.7325
181.9712 347.9425
182.3912 346.7925
184.6312 345.9425
185.7212 344.6225
187.6812 344.2825
190.4912 342.8625
191.4012 342.6125
192.5912 342.7725
193.6812 343.6825
194.5712 343.7725
195.0812 343.5825
198.1712 341.9325
198.6312 341.6025
199.5512 341.3825
200.4512 341.3425
201.4312 341.8625
202.2312 342.7725
202.8312 343.9825
203.2612 344.2325
203.8312 344.2025
205.2512 343.2725
207.0112 341.4425
209.2312 340.8025
210.6512 340.6725
213.1312 339.5225
213.7612 339.5325
215.0112 339.8125
217.5612 340.6625
218.8612 341.4525
219.4112 342.6025
218.7212 344.1225
218.5812 344.9025
218.8212 345.7025
219.2112 346.2925
219.8812 346.4925
220.6212 346.3525
222.0812 344.8525
225.2012 343.4825
227.5712 343.2625
228.2312 342.9925
228.6912 342.4625
229.6012 340.9325
230.1912 340.4825
231.1112 340.5625
232.6312 341.3225
235.0912 341.4625
237.0812 341.2525
238.5512 339.9325
239.5612 338.4125
240.6912 338.0625
241.8012 337.9625
244.5612 339.6325
247.2612 339.7825
248.3212 340.1325
251.1412 342.2625
252.1612 342.3325
253.3012 341.9625
253.3012 341.9625
252.9612 341.1925
252.6712 340.0325
251.6912 338.0325
251.4312 337.0225
250.4212 334.8725
250.2912 334.2525
250.2812 330.2225
251.3912 327.9625
251.4912 327.0025
251.0212 325.8425
250.7412 324.1625
249.7412 322.0925
249.5412 321.2025
247.6312 317.2725
247.3812 316.8825
245.7212 315.1725
244.7812 314.3825
243.6512 313.7325
243.1312 313.2525
242.8012 312.7725
242.2612 311.6425
242.0912 311.0325
241.9512 309.8325
241.4912 308.8825
241.2512 308.6025
240.8412 308.4225
239.6412 308.2525
238.6912 307.9125
237.8412 307.8125
235.6212 307.7625
234.0912 307.2625
232.1312 307.0925
228.8412 305.5125
227.0812 305.2025
226.0312 304.8125
224.2312 304.6725
223.6712 304.5325
221.2212 303.3925
220.8712 303.0725
220.6612 302.6425
220.7112 302.0925
221.1112 301.0325
221.2812 299.7225
221.8812 298.6925
222.1012 298.5225
222.5212 298.4225
224.3812 298.3825
224.8412 298.1125
225.0012 297.3625
224.9012 296.7325
224.5012 295.8225
224.3612 295.1725
224.3612 291.3925
224.6412 290.7125
225.0512 290.3025
225.6412 290.0125
226.0412 289.5325
226.1912 289.0725
226.2712 287.2725
226.4412 286.7025
227.3112 285.8025
227.4712 285.2925
227.4012 284.6125
226.7212 283.1425
226.0612 282.2425
225.0312 281.8525
223.3912 281.0425
222.6912 280.3025
222.2812 279.5525
221.6212 278.7125
221.4612 278.2625
221.6312 277.7825
223.0712 276.3425
223.0712 275.6925
223.6312 274.0925
223.7512 271.2125
223.8412 270.7325
224.2012 269.9925
224.2812 269.5125
224.3212 262.5925
224.4212 261.4325
224.8112 260.5425
225.0712 259.5225
225.4712 258.8425
227.8312 256.4225
228.3512 255.4825
229.0112 254.6225
229.3112 254.0025
229.4112 253.2725
229.3912 250.7325
229.3112 250.1725
228.9212 249.2125
228.6612 247.5925
228.2912 246.6825
228.0312 245.6725
227.4312 245.0025
226.3112 244.4225
224.3112 243.7425
223.2012 242.3825
222.3112 240.5525
220.7512 238.7425
220.1812 237.7225
217.7512 235.2225
216.9012 233.8525
215.1612 232.1325
214.2612 231.6525
213.2412 230.8825
212.2512 230.3425
210.5012 228.8725
209.4912 228.3325
208.4512 227.5325
200.9412 223.8725
199.0812 223.5825
198.2112 223.2325
197.3112 223.0325
195.8912 222.4025
195.4512 222.0825
194.9512 221.5325
194.1512 220.2325
191.9012 217.9325
191.5712 217.4925
191.2412 216.8225
190.4912 215.9625
187.5912 214.4925
184.5212 213.0625
182.0612 211.7325
182.0612 211.7325
181.7712 212.8325
181.6412 214.1625
181.3412 215.6225
181.0812 217.3025
180.7812 219.3825
180.3312 223.4125
180.2612 224.7025
180.0312 226.1625
179.8712 228.2925
179.7412 229.3525
178.7512 235.6425
178.5612 236.6225
178.2612 237.7725
178.0612 238.2625
177.8012 239.7225
177.6412 240.4825
177.5112 241.3325
177.0812 242.3025
176.7812 243.3225
176.1012 245.7625
175.8312 247.7625
172.9512 256.3825
172.1612 258.6925
171.2412 260.5525
170.9812 261.1325
170.7812 261.7525
170.3912 262.5125
169.4712 264.0725
168.5212 265.1325
168.0612 265.1825
166.8512 264.9125
166.7512 264.8725
166.4612 265.5825
166.0612 265.8925
165.6712 266.5625
164.9212 267.4925
163.5112 268.3425
161.7012 268.9225
160.8212 268.8725
160.2912 268.8725
159.5712 269.0925
159.0512 269.2325
158.4612 269.3625
158.0612 269.6325
157.1112 270.0325
156.6212 270.1625
156.1012 270.3025
155.5712 270.3425
155.2412 270.2125
154.9212 270.2125
154.1312 270.3425
153.6112 270.5625
152.8812 271.1025
152.2912 271.6325
151.2412 272.4325
150.3312 272.6525
149.6712 272.9225
148.8512 273.1925
148.2612 273.3225
146.5612 273.7725
145.8712 273.9925
145.1812 274.1725
144.5612 274.5725
143.3112 274.9225
141.5712 275.0125
140.4312 274.6625
140.1312 274.5225
139.5712 274.0825
138.9512 273.5425
138.3612 273.2325
137.8012 273.2325
137.3412 273.3525
136.8212 273.4625
136.0312 273.7225
135.0812 273.8625
134.7212 273.9425
134.2012 274.4825
134.1012 274.7025
133.7412 275.6425
133.6712 276.3525
133.4812 276.6225
133.1812 276.7925
132.7512 277.3725
132.3912 277.8225
131.6412 278.3525
131.4812 278.6225
131.4112 279.1525
130.6212 280.1325
129.9312 280.6325
129.6412 281.1625
129.2112 282.5025
129.1512 283.5725
128.9512 284.8125
128.6612 285.8825
128.4312 287.4425
128.2012 289.3625
127.4812 293.4225
127.1112 295.2525
126.6912 297.2625
126.2612 298.3725
125.7412 299.5325
125.5112 300.4225
125.2812 300.9225
124.8512 301.8125
124.6212 302.2125
124.2612 302.7525
123.9012 303.3325
123.6712 304.1325
123.3112 304.7125
122.4612 305.5225
121.9012 306.0525
120.7512 306.5025
119.8412 306.4525
119.6412 306.1025
118.8912 305.8325
117.4112 306.0525
116.4612 306.0125
115.8012 305.2925
115.5712 305.0725
115.1112 304.5825
114.8212 304.2625
114.3312 303.7725
113.6712 303.5925
113.1112 303.8225
112.8912 304.0025
112.6912 304.2225
112.3312 305.3825
111.7412 306.0125
110.8512 306.9925
110.5612 307.3525
109.6412 307.7925
109.5112 307.9725
109.1812 308.8725
108.8912 309.6325
108.7212 309.9825
107.6412 311.3725
107.1512 311.8225
106.0312 312.4825
105.6412 313.2425
105.1212 313.4725
104.8512 314.1825
104.5912 314.6325
104.2012 315.2625
103.5712 316.3325
102.8512 317.2225
102.4912 317.6325
101.0812 318.8325
100.3912 319.0625
 98.7212 319.1525
 97.5712 319.7325
 96.0012 320.0925
 94.5612 320.1325
 94.2312 320.3125
 93.8012 320.3125
 93.3512 320.1825
 92.7912 319.8625
 92.4612 319.8625
 92.0712 320.0025
 91.8412 320.2225
 90.9512 320.4425
 88.0012 320.8525
 85.7712 320.8025
 85.1212 320.5825
 84.2312 320.4925
 83.8412 320.4925
 82.4612 320.6725
 81.9012 320.8025
 81.4412 320.8025
 81.0812 320.6225
 80.3612 320.6725
 79.5812 320.8025
 77.8412 321.5625
 76.6212 322.5525
 75.4812 322.8125
 75.0512 322.9925
 74.6912 322.9925
 73.4412 322.3725
 71.0512 321.7025
 69.6112 321.3825
 68.3012 321.2925
 67.5412 321.3425
 67.1812 321.4725
 66.6912 321.7925
 65.3112 323.4425
 64.7212 324.6025
 64.2312 325.2325
 63.3512 326.3925
 63.1212 326.9325
 62.6912 327.6025
 62.3612 327.8725
 61.6112 328.3625
 61.2212 328.7725
 60.8512 329.1725
 60.3312 329.5325
 59.5812 329.8425
 59.0512 329.8925
 58.4612 329.8925
 58.0012 329.8425
 57.7412 329.6225
 57.2212 329.6225
 56.3312 329.6625
 55.9412 329.8425
 55.6112 329.8425
 55.2812 329.7525
 54.9512 329.4825
 54.6912 329.3025
 54.4312 329.1725
 53.9412 329.7125
 53.7412 330.2025
 53.3112 330.5625
 52.5212 331.0125
 52.2012 331.1925
 51.9012 331.3225
 51.4512 331.3225
 51.1812 331.1925
 50.3312 331.5425
 49.9712 331.8125
 49.4512 332.3925
 49.0212 332.6225
 48.7612 332.6625
 48.3012 332.8425
 47.6712 333.3825
 47.4512 333.7425
 47.0512 334.0125
 45.7712 334.6825
 44.7212 334.7725
 43.2812 334.4125
 42.2012 333.7825
 41.7712 333.4225
 41.3512 333.0225
 40.7612 332.2125
 40.4312 331.8125
 39.8412 331.2725
 39.9012 330.8725
 39.9412 330.6025
 39.7712 330.2925
 39.6412 330.1525
 39.2512 330.2425
 38.5912 330.7825
 38.1312 331.5025
 37.5812 331.8625
 36.9512 332.4425
 36.5012 332.8425
 35.6112 334.1425
 35.2212 334.4525
 34.4312 334.4525
 34.0712 334.6325
 33.3112 335.4425
 32.9212 335.8925
 32.6612 336.1125
 31.9012 336.8325
 31.7412 337.1925
 31.3112 339.4325
 30.9212 345.3725
 30.4612 349.3425
 29.8012 352.4825
 29.2812 354.4525
 28.7912 355.9325
 28.3012 356.9725
 27.8412 357.6425
 27.5112 357.9525
 26.7612 358.4025
 25.7412 358.8125
 25.2512 358.9025
 24.9912 358.9425
 24.6912 359.1725
 24.4012 359.5325
 23.7712 359.8425
 23.2512 360.1125
 21.3112 360.4225
 20.6612 360.6925
 19.1512 361.0525
 18.0012 361.5925
 16.9212 362.3125
 14.5612 364.2425
 13.8412 364.6025
 12.6612 364.5625
 12.5312 364.6925
 12.5012 364.8725
 10.9612 365.9125
 10.1712 366.4025
 10.0012 366.4925
  8.4312 367.5225
  7.6112 367.7525
  6.1412 367.7525
  4.6612 367.8425
  2.7312 368.2925
  1.6412 368.6025
  0.9912 368.8325
  0.3512 368.7825
  0.2512 371.0225
  0.8212 373.6125
  0.6712 374.8725
  0.9312 375.7525
  1.5012 376.5225
  3.5312 380.3825
  3.8612 381.5525
  4.3812 384.4625
  5.0912 385.2825
  6.4312 387.0625
  6.5512 388.0025
  6.9312 388.8525
  7.7112 389.5225
 10.2112 392.1225
 10.6112 393.0725
 10.5712 393.7825
  9.9512 395.4625
  9.9812 396.6625
 10.3812 397.7025
 10.9612 398.4125
 11.5312 398.5425
 13.6512 398.0625
 14.8312 398.2525
 16.3012 398.8225
 18.0212 399.6225
 19.7212 400.0125
 20.5012 400.0025
 21.6612 399.5625
 23.9712 399.6025
 24.8312 399.9325
 25.6912 400.6225
 26.8212 401.0325
 28.2712 401.1525

Ajaria
284
207.9012 131.8225
208.2112 132.0325
209.0912 131.9625
209.7212 131.8725
210.6312 131.4925
211.1212 131.3925
217.2812 131.3425
217.9412 131.2125
218.8612 130.8225
219.3612 130.7325
224.5012 130.7025
225.5412 130.5525
228.1412 129.3125
228.7112 128.4925
228.7812 127.7625
228.7112 124.7325
228.8012 124.2925
229.0812 123.9425
229.5312 123.8225
230.3312 123.7925
233.5412 123.8525
234.4612 123.6525
234.9612 123.3125
235.3112 122.9325
236.0312 121.7425
236.4712 121.2025
236.9712 120.8825
238.1712 120.5325
238.7612 120.2525
240.7212 119.9325
241.5412 119.4925
241.8312 119.2425
242.0012 118.7025
242.0912 117.4725
242.4412 117.0025
242.8512 116.9325
243.3712 117.0925
246.5312 118.6725
247.5212 118.8925
248.7212 119.3425
249.2212 119.4025
253.3212 119.3725
254.1512 119.3425
254.6312 119.2025
257.1512 118.0125
257.7412 117.4125
258.3812 116.2125
258.9212 114.6925
260.3112 115.1025
261.2112 115.4925
263.4712 115.7325
264.2312 116.0525
265.0812 116.2525
271.1212 116.1525
273.9612 118.8725
276.2612 120.0425
278.0012 121.5025
278.4412 121.6525
278.9112 121.7025
281.5212 121.6925
282.3112 121.6025
282.7312 121.4025
284.4612 119.7525
284.9312 119.1325
286.3912 116.1225
286.8712 115.6325
287.2912 115.4725
287.7612 115.4225
291.8512 115.3925
291.8512 115.3925
292.1312 114.2325
293.7612 111.0225
293.8812 110.5725
293.9112 109.9225
293.9312 106.5025
293.8212 105.6925
293.4312 105.0525
291.7312 103.3725
291.4012 102.6925
291.3512 101.1925
291.4912 100.6125
291.9012  99.7625
292.0812  98.9325
293.4612  96.1625
294.9712  94.4325
295.4412  93.5825
295.8612  93.2325
297.7812  92.3225
298.6312  91.5725
299.8712  89.1825
302.0912  86.9725
302.4712  86.5025
302.7112  85.9425
302.9012  84.4925
303.2512  83.7725
303.7312  82.4625
304.5512  79.7725
304.5512  79.7725
303.9412  79.4225
303.4412  78.7725
303.2212  78.0825
303.3012  76.2925
303.1612  75.3525
301.7012  72.3625
302.0612  71.8625
302.2112  70.1025
301.4212  69.7725
300.6712  69.0925
299.7812  67.3625
298.2412  67.4925
297.7412  67.0625
297.6012  66.2325
297.1312  65.7725
296.2712  65.4725
295.9112  65.1125
295.2012  63.4625
296.4712  61.3125
296.7612  60.0625
296.7312  59.4825
296.4112  58.9825
295.6212  58.9425
294.5412  59.8325
293.6112  59.7925
290.6312  58.8825
287.7612  59.0425
286.8612  59.4325
285.7112  60.5725
283.9412  61.6725
283.1112  63.1425
280.4912  63.0925
278.8112  62.8225
277.7612  63.4325
276.5712  64.1425
275.2112  64.0225
274.4212  63.8425
273.3812  64.2625
272.5112  65.3325
271.6412  65.8625
270.7812  66.1425
269.0812  67.4625
268.2512  67.6325
266.1712  67.2925
264.4812  67.9325
259.7112  67.7125
259.0612  67.3825
258.4012  69.3125
258.0412  69.6725
257.4312  69.8825
256.7012  70.6625
255.2312  70.7225
252.9412  69.8425
252.1812  69.8325
251.1812  69.6825
250.2812  69.3825
249.2112  69.3025
248.9812  70.4125
248.1912  70.5525
247.0512  69.8525
245.2812  70.2325
244.3212  69.8625
241.3212  67.6825
240.6812  67.5325
239.8812  67.7725
237.1712  69.2525
236.2012  69.3825
234.6212  69.3625
234.1212  69.4325
233.7512  70.0725
233.7112  70.9325
232.2912  72.3625
229.7112  72.2525
228.7912  70.9925
225.9012  68.9825
225.3312  68.7525
224.0812  68.4525
223.5912  67.0825
222.7712  66.3525
222.7112  65.1325
221.4812  63.6925
220.6712  62.2725
217.5212  61.2625
217.2812  60.4325
216.2712  58.9925
214.6612  58.1025
214.1212  58.1225
213.1712  59.3725
212.6912  60.3325
211.3912  60.9225
210.2412  61.2325
209.9412  62.3425
209.1812  62.7625
207.5912  63.4625
205.9612  64.2625
202.9512  64.1525
201.4312  64.4825
201.1812  64.9825
201.4512  65.7425
202.0212  66.1825
202.1212  66.7925
201.7912  67.5025
200.6312  68.0325
196.7412  66.3225
195.3112  65.9725
194.2712  65.8125
193.2212  66.2625
190.2512  68.2325
188.7212  69.6425
185.7512  70.7425
185.2712  71.5325
184.3712  71.8725
182.7912  71.9925
181.6712  72.5125
181.7712  73.6825
181.9012  73.9025
182.1312  74.1625
182.1912  74.7325
182.3912  74.9125
182.6512  74.9525
182.8812  75.1225
183.2812  75.4725
183.5112  76.4825
183.6712  77.8325
183.7712  79.6625
183.7412  81.1925
184.0612  83.0325
184.6512  84.7725
185.2812  85.6525
185.7012  86.0425
185.9012  86.3925
186.1912  87.0025
186.7512  87.7425
187.2412  88.1425
187.9012  89.0125
188.1312  89.4525
189.1512  90.7225
190.2912  91.8125
191.3712  92.7725
191.8712  93.0825
192.0612  93.1625
192.4912  93.1625
192.8812  92.9925
192.8812  92.5525
193.0112  92.1625
193.2812  91.5025
193.9612  91.6325
194.3912  91.5025
194.3312  91.8125
194.3912  92.1125
194.6912  92.3825
194.8812  92.0325
195.4112  91.9825
195.9312  92.3325
196.1012  92.4625
196.4612  92.9425
196.7512  93.2525
197.2812  94.1325
197.9312  94.8225
198.6512  95.8725
199.3412  97.1025
199.8312  97.9725
200.1012  98.4525
200.2612  99.0225
200.4912  99.2025
200.8812  99.2425
201.1412  99.8125
201.6012 100.4725
202.0312 101.6525
202.4612 102.6525
203.6712 106.0225
204.4912 109.0025
204.9512 109.2625
205.1812 109.5325
205.5012 110.3225
206.0312 111.0625
206.7812 113.0725
206.9212 113.7325
207.7312 115.9725
207.9612 116.9325
208.5212 120.7925
208.6512 122.9425
208.8212 125.3925
208.7212 126.3125
208.0912 129.0325
208.0612 129.8725

Guria
299
206.0912 168.1925
206.6812 168.5625
207.1012 168.6825
208.4512 168.8825
209.3512 169.2325
209.9812 169.3225
217.9912 169.2525
218.6012 169.3225
220.0112 169.7425
222.2212 169.9925
223.1312 170.3425
224.9012 170.6525
226.7512 171.5025
227.4112 171.7025
233.0812 171.6925
233.7512 171.8125
234.5112 172.1425
236.9312 172.5525
238.3812 171.7625
240.0612 171.5125
240.9812 171.1325
242.6112 170.8725
243.5012 170.4925
244.5712 170.2125
245.3912 169.5625
248.2712 166.6625
249.1912 166.0625
250.8212 165.8325
251.5812 165.4825
252.0512 165.3925
257.3112 165.3325
258.4212 165.2025
259.3212 164.7825
260.2912 164.5625
261.3812 163.9625
261.6812 163.5425
262.0312 162.5925
262.0312 162.5925
261.0512 162.0625
260.3112 161.5225
259.4012 160.5525
259.2312 160.2725
259.1212 159.8325
259.0612 158.3525
259.2212 157.8825
260.4812 155.3825
261.0612 154.8025
262.1812 154.2425
262.6312 154.1125
265.8412 154.0525
266.6512 153.9225
268.0412 153.2125
269.1512 152.3725
269.7612 152.1725
270.2512 152.1225
270.8912 152.1225
271.5912 152.3425
272.1712 153.2025
272.5512 154.0925
273.0212 154.8725
273.1912 155.0625
273.6112 155.2325
274.5912 155.2825
277.5412 155.2025
278.0312 155.0925
278.9212 154.7125
279.9612 154.5225
280.6312 154.2925
282.3712 150.7925
282.6112 149.2025
283.0012 148.3125
283.2812 147.1725
283.9412 145.7825
284.5712 144.8125
285.2612 144.6125
287.2212 144.6125
288.0012 144.5225
290.8112 143.1825
292.3412 142.3425
294.9312 139.8925
295.3612 139.6825
296.2312 139.4925
297.1412 139.1125
298.4012 138.7525
299.0212 138.2725
300.3912 136.9325
301.0612 136.5325
302.0012 136.4225
307.6912 136.4625
308.5312 136.4025
309.1512 136.1925
309.6312 135.7225
310.7612 134.0225
310.9612 133.3725
311.0012 124.8925
311.1812 123.9125
311.5412 123.0025
311.6812 120.8825
311.6812 120.8825
308.4912 120.9125
307.8812 120.7825
307.3112 120.4325
306.5012 119.6625
306.0112 119.0225
305.4212 117.7625
305.2412 116.3225
305.1112 115.8825
304.5712 115.0125
304.2212 114.7925
302.9912 114.6025
301.9312 114.1925
301.2012 114.1925
300.4912 114.5025
299.0412 115.7825
298.5812 115.9625
298.0812 116.0225
295.8612 116.0225
295.2112 115.8825
294.4712 115.5425
294.1612 115.4925
291.8512 115.3925
291.8512 115.3925
287.7612 115.4225
287.2912 115.4725
286.8712 115.6325
286.3912 116.1225
284.9312 119.1325
284.4612 119.7525
282.7312 121.4025
282.3112 121.6025
281.5212 121.6925
278.9112 121.7025
278.4412 121.6525
278.0012 121.5025
276.2612 120.0425
273.9612 118.8725
271.1212 116.1525
265.0812 116.2525
264.2312 116.0525
263.4712 115.7325
261.2112 115.4925
260.3112 115.1025
258.9212 114.6925
258.3812 116.2125
257.7412 117.4125
257.1512 118.0125
254.6312 119.2025
254.1512 119.3425
253.3212 119.3725
249.2212 119.4025
248.7212 119.3425
247.5212 118.8925
246.5312 118.6725
243.3712 117.0925
242.8512 116.9325
242.4412 117.0025
242.0912 117.4725
242.0012 118.7025
241.8312 119.2425
241.5412 119.4925
240.7212 119.9325
238.7612 120.2525
238.1712 120.5325
236.9712 120.8825
236.4712 121.2025
236.0312 121.7425
235.3112 122.9325
234.9612 123.3125
234.4612 123.6525
233.5412 123.8525
230.3312 123.7925
229.5312 123.8225
229.0812 123.9425
228.8012 124.2925
228.7112 124.7325
228.7812 127.7625
228.7112 128.4925
228.1412 129.3125
225.5412 130.5525
224.5012 130.7025
219.3612 130.7325
218.8612 130.8225
217.9412 131.2125
217.2812 131.3425
211.1212 131.3925
210.6312 131.4925
209.7212 131.8725
209.0912 131.9625
208.2112 132.0325
207.9012 131.8225
207.9012 131.8225
207.8312 132.6725
207.6412 133.6425
207.4712 134.0325
207.2412 137.4625
207.0512 140.5825
206.5912 144.4025
206.5512 146.6925
206.6212 147.5225
206.3212 148.1825
205.9612 149.7625
206.0012 150.3325
206.1912 150.5525
206.3912 151.7825
206.2612 151.8325
206.0012 151.2125
205.9012 150.5125
205.6712 150.4225
205.0512 151.3925
204.8512 152.0925
204.2912 152.2725
204.0612 152.8425
203.6412 153.4625
203.4412 153.9025
202.6212 155.7925
202.3612 156.8925
201.2812 158.7825
201.0112 159.2625
200.9512 159.7025
200.5912 160.2725
200.4212 160.7225
200.0312 161.2025
200.0312 161.4625
200.1912 161.7725
200.4612 161.7725
200.6912 161.7325
200.6212 162.1725
200.6512 162.3025
200.8212 162.4325
200.9812 162.4325
200.9812 161.9925
201.3112 161.1625
201.4112 160.8525
201.4112 160.3225
201.6412 160.0125
201.8012 159.5725
201.8012 159.3525
201.6712 159.1825
201.5712 158.6925
202.0012 158.4325
202.2312 158.3825
202.3212 158.6025
202.6912 158.5225
202.9812 157.7725
203.1112 157.7725
203.3412 158.1625
203.4712 158.3025
203.4712 158.6025
203.2812 158.9625
203.2112 159.1325
203.2112 159.3525
203.3412 159.6225
203.5712 159.5725
203.7012 159.7025
203.6012 159.9225
203.3412 159.9725
203.3112 160.1025
203.4412 160.2725
203.8312 160.5025
203.9612 160.6325
203.9612 160.7625
203.8312 160.9825
203.3712 160.9425
203.1812 161.0225
203.0512 161.4625
202.9212 161.9025
202.2612 162.0425
202.1312 162.3425
201.7312 162.4325
201.6412 162.7825
201.3712 162.7025
201.2412 163.0025
201.4412 163.3625
201.6412 163.3625
201.8012 163.3625
202.2312 163.1825
202.5512 163.0525
202.9212 163.2225
203.1112 163.3125
203.3412 163.4025
204.2312 163.7125
204.8812 164.0225
205.4412 164.0225
205.7712 164.0625
206.0012 164.1925
206.2312 164.5025
206.3912 164.9425
206.2612 165.5625
206.2612 166.3125
206.3912 166.5725
206.6912 166.6625
206.9212 166.7525
207.3112 166.8825
207.6012 167.0125
207.6012 167.1925
207.2812 167.4525
207.0112 167.5425
206.6212 167.6325
206.4612 167.6725

Imereti
402
307.5212 230.4825
308.8012 228.9625
309.0812 228.2125
309.0712 226.7425
308.9512 226.2825
308.5112 225.2425
308.4312 223.4625
308.6012 222.5225
309.5012 221.2925
309.6912 220.6925
309.7212 217.7625
309.6012 216.3425
310.8712 216.1825
312.0612 216.2725
312.9512 216.6525
314.0912 216.9425
314.8412 217.2725
315.9912 217.5425
317.1312 218.0725
317.7612 218.6025
318.8312 220.7025
319.1412 220.9825
319.5612 221.1525
320.7712 221.1225
321.9412 220.6325
323.4412 220.4225
323.9612 220.1225
325.2312 218.9625
325.4612 218.8025
326.0812 218.6325
327.0712 218.6325
328.3012 219.0825
329.3712 219.2425
329.6312 219.3525
329.8512 219.6025
330.1612 221.1925
330.5812 222.4225
330.7812 222.7825
331.2712 222.9425
331.6912 222.9125
333.9212 222.0125
334.1112 221.8325
334.6612 220.8525
335.3212 220.1725
335.5912 220.0025
337.1012 219.7225
337.2712 219.6225
337.3312 219.4625
338.7512 219.0225
340.0212 218.1125
341.0512 217.5225
346.3612 212.3025
346.9112 211.5525
347.2012 210.4225
347.5812 209.5325
347.7512 206.7825
348.1312 205.9025
348.3412 205.1325
348.4912 204.9125
348.8512 204.7325
349.2712 204.6825
352.0912 204.6925
352.8112 204.5225
355.3412 203.2425
356.8412 201.9225
357.9912 201.2525
359.0912 200.2225
359.5512 199.9425
359.8312 199.9425
360.0712 200.0525
361.2612 201.1425
361.7912 201.4325
363.7712 201.5825
364.8012 202.0025
365.3912 202.1125
366.4812 202.0925
367.3912 201.8425
368.6012 202.5925
370.3912 202.8525
371.7812 203.5225
372.9112 204.3825
373.8112 204.8525
375.3812 206.3025
376.0212 207.1125
376.8812 208.8825
377.2312 209.2925
381.4612 211.4225
382.4812 212.3825
382.5712 212.8225
382.7012 213.0325
383.2712 213.2825
385.0912 213.2925
387.0412 213.1625
388.4412 213.3225
389.4812 213.7325
390.1212 213.8425
396.1512 213.8325
396.9612 213.6925
397.7112 213.3425
398.7112 213.0925
399.7512 212.6625
401.7012 212.4725
402.9212 212.0025
404.2212 211.8925
405.0312 211.9825
405.9312 212.3725
407.0712 212.6625
407.8312 212.9925
409.4512 213.2425
410.5112 213.6725
411.6612 213.7325
412.2812 213.5725
417.9512 210.7225
419.5712 210.4625
420.7612 210.0025
422.3612 209.8525
422.3612 209.8525
424.1412 208.0925
424.9112 207.5525
426.5412 207.2925
427.4312 206.9125
427.8912 206.8125
430.8212 206.6825
431.8512 206.2525
432.4412 206.1525
433.1612 206.2825
435.5512 207.4725
437.4112 209.0325
438.9612 209.7625
439.9312 209.8625
441.4212 209.8125
442.0112 209.6525
442.8312 209.1925
443.1212 208.9325
443.7412 207.9025
444.3412 206.6425
444.4312 206.0525
444.3312 205.4725
443.9812 204.7425
443.6912 203.6125
443.3312 202.8725
443.0512 201.7425
442.1012 199.8925
441.9612 199.4825
441.9212 198.7325
442.0012 198.1325
442.4112 197.2525
442.7512 196.2125
441.4912 195.9725
440.4412 195.5625
438.8212 195.3225
437.5512 194.7125
436.4512 193.8925
436.0212 193.6925
435.2012 193.5925
432.4812 193.6225
431.7112 193.4325
431.1912 193.0525
430.5012 192.3525
430.1012 191.8525
429.6112 190.9225
428.6112 189.8625
427.9612 189.3925
426.1712 188.5625
425.6612 188.1025
424.9712 186.7525
424.7312 185.7525
424.3312 184.8825
424.2512 184.4525
424.3312 183.7225
424.6912 182.9925
424.9912 181.8725
425.3912 180.9825
425.4812 180.2125
425.4612 176.8525
425.3312 176.2525
424.9112 175.2325
424.7812 173.5425
422.3712 172.3725
421.7812 171.8025
421.1712 170.5625
420.9012 169.4225
420.5512 168.6925
420.3212 167.0725
419.9312 166.1925
419.6012 164.9425
418.9612 163.6925
417.5412 162.1025
416.8112 160.8825
415.9412 160.1525
411.6112 158.0925
410.9212 157.5925
410.8112 156.5525
410.4312 155.6725
410.3012 154.8825
410.3212 146.3325
410.2212 145.3725
409.8212 144.8025
408.6912 144.1425
406.7112 142.3725
405.7812 141.8725
405.2612 141.4825
404.0512 140.3225
403.4412 139.5625
402.8112 138.3225
402.6812 137.3725
402.7512 136.2425
403.2212 135.0625
403.3312 134.0125
403.3312 134.0125
402.2612 133.9225
401.2312 133.5125
399.8812 133.3625
399.4612 133.2425
398.0612 132.5325
396.3212 130.9025
395.6812 130.4725
394.0412 130.2325
393.0112 129.8325
391.6612 129.6825
391.2412 129.5625
389.8412 128.8625
388.2312 127.4625
385.6912 126.2325
385.2712 126.1125
383.7812 125.9225
383.0312 125.5825
381.8812 125.3125
381.1312 124.9725
379.9812 124.7025
379.2312 124.3625
378.2212 124.1425
377.3312 123.7525
376.1912 123.4925
369.1312 120.0625
367.5512 119.3825
366.0612 120.0725
364.7712 120.8025
364.0812 120.6525
362.5912 120.5225
361.0412 120.0225
357.0612 119.9725
355.3612 119.4425
352.1512 119.3925
351.5212 119.2825
350.4512 118.8925
348.6712 118.7625
348.2112 118.6125
347.8112 118.3425
346.4912 117.0325
345.0712 116.9725
344.0612 117.0725
343.7912 117.1625
340.7812 118.6825
340.3412 118.8125
339.5112 118.8925
336.3912 118.8625
335.5512 118.9225
334.9312 119.0825
332.9112 120.0625
332.2412 120.1625
330.0212 120.1625
329.3212 120.0125
325.5712 118.2225
324.9212 117.7325
323.3612 116.2425
322.9412 115.9925
321.6212 115.8325
320.4112 115.8525
319.4012 115.9925
317.1012 117.0525
316.3512 117.1425
315.0612 117.1225
314.4212 117.5925
313.7112 118.8025
311.6812 120.8825
311.6812 120.8825
311.5412 123.0025
311.1812 123.9125
311.0012 124.8925
310.9612 133.3725
310.7612 134.0225
309.6312 135.7225
309.1512 136.1925
308.5312 136.4025
307.6912 136.4625
302.0012 136.4225
301.0612 136.5325
300.3912 136.9325
299.0212 138.2725
298.4012 138.7525
297.1412 139.1125
296.2312 139.4925
295.3612 139.6825
294.9312 139.8925
292.3412 142.3425
290.8112 143.1825
288.0012 144.5225
287.2212 144.6125
285.2612 144.6125
284.5712 144.8125
283.9412 145.7825
283.2812 147.1725
283.0012 148.3125
282.6112 149.2025
282.3712 150.7925
280.6312 154.2925
279.9612 154.5225
278.9212 154.7125
278.0312 155.0925
277.5412 155.2025
274.5912 155.2825
273.6112 155.2325
273.1912 155.0625
273.0212 154.8725
272.5512 154.0925
272.1712 153.2025
271.5912 152.3425
270.8912 152.1225
270.2512 152.1225
269.7612 152.1725
269.1512 152.3725
268.0412 153.2125
266.6512 153.9225
265.8412 154.0525
262.6312 154.1125
262.1812 154.2425
261.0612 154.8025
260.4812 155.3825
259.2212 157.8825
259.0612 158.3525
259.1212 159.8325
259.2312 160.2725
259.4012 160.5525
260.3112 161.5225
261.0512 162.0625
262.0312 162.5925
262.0312 162.5925
262.9312 162.7425
263.6212 162.7225
264.1112 162.6225
265.0112 162.2425
265.8512 162.2325
266.3212 162.4325
267.2712 163.1225
267.9112 163.4725
268.2712 163.7925
268.4512 164.0725
268.5812 164.5625
268.6812 166.0925
269.1312 167.3225
269.2412 168.5325
269.2312 179.7525
269.1112 180.6025
268.6412 181.7825
268.7312 182.3825
269.0612 182.6725
270.5612 183.1525
271.9312 183.3525
272.2712 183.6225
272.4312 184.1925
272.4412 185.1825
272.3512 186.2025
272.1412 186.9625
273.2212 188.9825
274.2512 190.5525
275.3612 191.9325
276.3912 193.9625
277.3312 195.1725
280.2612 200.9425
281.5612 202.2325
282.6012 202.7925
283.0912 203.1725
285.2912 205.3025
286.0312 206.1225
286.7012 207.2725
288.2712 208.8625
288.6512 209.3525
288.8012 209.7825
288.8612 210.3925
288.8212 217.0825
288.8712 217.8525
289.0312 218.2625
289.4212 218.6525
291.3112 219.5325
291.6412 219.7825
291.8812 220.1225
292.0312 220.9125
292.0212 223.9225
292.2012 224.5325
292.9412 225.3225
294.1112 225.9625
294.6912 226.4825
295.0612 226.9825
295.9012 228.7425
296.1612 229.0625
296.5012 229.3025
297.4712 229.4525
302.0712 229.4025
302.8412 229.6125
303.8212 230.3425
304.3712 230.5825

K'akheti
564
782.4412   6.9525
780.0312   7.0125
779.0812   6.2025
777.7412   6.3425
775.8612   8.4925
773.1612   9.5725
770.3412  10.2425
768.0512   8.6225
764.6912   3.7825
763.0712   0.6825
761.4612   0.2825
758.7712   3.8525
758.2312   7.2125
755.5412   8.2925
752.9812   6.9425
750.8312   6.9425
747.1412  11.5925
745.4412  14.0725
741.6812  18.6525
738.1812  21.8825
731.3112  22.1525
726.6012  21.6125
723.9112  22.9525
722.0312  22.9525
721.4212  22.2325
719.2112  21.6425
718.3812  18.5925
716.7712  17.6925
714.8712  18.4025
713.4112  18.6725
710.3712  18.5025
707.7312  18.7825
706.6412  18.4625
704.3112  18.0825
700.4912  18.3325
697.4412  20.0525
694.9512  22.2925
692.2112  23.7525
690.2112  24.6825
688.7912  25.0525
685.9612  24.9425
684.2212  25.2825
682.0312  26.1125
679.6212  27.9825
677.0612  29.2625
673.7412  31.5225
670.6312  35.9025
669.3912  37.7325
668.9212  38.5825
668.9512  39.1125
669.3012  39.7925
669.9412  39.9325
670.5512  40.8225
671.1212  42.1125
671.8612  42.6825
672.3512  43.3525
672.8712  43.5925
673.4812  43.7225
675.3012  43.7825
675.9212  43.9825
676.1912  44.4025
676.0312  44.8825
674.2212  46.6625
673.5012  47.5025
672.8212  47.5525
670.3412  46.0125
669.4712  46.1025
668.3012  46.5025
665.1412  48.4125
663.8212  48.7325
661.7312  48.5525
659.5912  47.9325
657.6212  48.7025
656.9612  49.2025
656.3312  49.9525
655.9312  52.2925
655.3712  53.5925
653.7912  54.3225
649.8612  55.2825
647.5912  56.0725
646.5312  56.7125
645.8712  57.3425
643.9012  59.7025
643.0512  60.1625
642.1212  60.2925
641.1912  60.2925
640.6512  60.4125
638.7912  58.1325
637.8312  57.2325
637.1312  56.7825
636.2312  56.6625
635.3312  56.7325
632.3712  58.5825
629.8112  60.4525
628.0312  62.3325
628.0312  62.3325
627.7012  63.5525
625.4912  67.8325
625.5012  68.3925
626.3512  70.1325
626.3012  70.5025
625.8812  71.0425
624.0112  72.8325
623.2612  73.2925
622.2512  73.5225
621.2112  73.9425
618.2812  74.0525
616.7812  74.5625
615.2512  74.6525
614.6712  74.7725
614.3212  75.0125
614.0612  75.3225
612.8212  77.7925
612.7112  78.3725
612.7312  79.1225
612.8412  79.5525
613.2512  80.4025
613.2812  81.1225
613.1712  81.5325
611.5512  84.5825
611.4612  85.0125
611.5112  85.6025
611.8012  86.1325
613.4812  87.8025
614.2612  89.0525
615.6912  90.6225
616.3212  91.8425
616.3912  92.2425
616.3112  92.6525
615.9912  93.3725
615.7712  94.8325
615.3812  95.7125
615.0912  96.8325
614.7512  97.5625
614.5012  99.1625
614.0312 100.3325
613.9812 103.3525
613.8912 104.1225
612.2112 107.4825
611.9412 108.6125
611.6112 109.3525
611.4012 110.1125
611.2512 110.3325
611.0112 110.4725
610.1312 110.5725
607.5212 110.5025
607.0712 110.3925
606.3412 110.0425
605.9012 109.9525
605.3112 110.0025
604.9312 110.2025
604.5712 110.6125
603.6512 112.5025
602.2512 114.0825
601.7412 114.9925
600.8912 116.0825
599.1512 119.4825
597.8112 120.8625
596.9012 121.5225
596.9012 121.5225
596.9012 123.3125
596.8212 124.0525
596.0012 125.7025
595.2112 126.4625
594.2912 126.9525
593.1812 127.7925
591.6012 128.4025
597.3012 133.9125
597.5612 134.0325
598.0012 134.0725
599.3812 133.4425
600.2012 132.7825
601.9312 131.0525
602.6312 130.5125
603.9112 129.9125
605.5512 129.6625
606.5612 129.2625
607.1112 129.3325
609.1112 130.2925
611.1012 130.4325
612.2712 130.8825
614.2112 131.1225
613.8612 132.1625
613.0612 133.6725
611.1312 135.6625
610.1212 136.4425
608.9812 136.7425
607.9412 137.1525
605.6212 137.2725
604.1412 137.7825
602.1612 137.9625
601.1212 138.3825
599.4712 138.6325
598.7312 138.9625
597.9512 139.1825
597.6512 139.4325
597.4012 140.7825
597.0212 141.6625
596.9212 142.1025
596.8712 143.0125
596.9412 143.7725
597.1812 144.3225
597.9412 145.2725
598.4512 146.1525
599.7812 147.5925
599.9112 147.8525
599.9512 148.2825
598.9412 150.3625
598.6612 151.5025
598.0512 152.7525
597.5712 153.3825
596.1912 154.7225
595.9212 155.1925
595.9812 155.6625
597.1812 158.0525
597.2612 158.5225
596.8112 159.6125
595.2312 162.5425
595.1012 163.0825
595.1512 163.3625
595.3712 163.7525
597.0612 165.4125
597.4512 166.0725
597.6012 168.6525
598.0212 169.6625
598.1512 170.2625
598.2312 173.6225
598.6912 174.7925
598.9012 176.2625
599.2712 177.1425
599.5712 178.2625
600.1312 179.0225
602.1212 180.9525
602.5212 181.6225
602.6212 182.5525
602.5812 186.2325
602.6312 186.6925
602.7912 187.1325
603.2812 187.7425
606.6412 191.0525
607.2312 192.0825
608.0712 193.1825
608.6512 194.1325
609.1312 194.4225
610.1212 194.6525
610.8712 194.9725
612.5212 195.1925
613.4212 195.5625
614.5512 195.8425
615.0712 196.2725
616.3412 198.7425
616.5112 199.4625
616.5112 200.0725
616.4312 200.5125
616.0412 201.4025
615.8012 202.7925
615.3512 203.7025
615.1212 204.4025
614.1712 206.2625
614.0412 206.6825
613.9612 210.2125
614.0512 211.1525
614.3512 211.6925
614.6712 212.0325
615.1612 212.4025
616.2112 212.9625
618.1012 214.6825
619.2112 215.3225
619.6012 215.8925
619.7112 216.7925
619.6612 221.9025
619.5412 222.5325
619.1912 223.2725
618.9312 224.2625
618.5012 225.2725
618.4912 226.1625
620.4412 230.0425
621.3712 231.2625
622.3912 233.2925
623.8412 234.9025
624.2912 235.7825
624.8612 236.4525
624.8612 236.4525
625.8812 234.2425
627.1512 232.7425
628.2212 231.8325
629.2312 231.4025
630.3912 231.2525
631.6812 231.5525
633.0112 232.0925
635.4412 232.7925
636.2612 233.2025
637.0312 233.3625
640.0012 233.5625
642.9512 233.2225
646.6412 233.1025
649.6412 233.2625
652.7912 234.5925
654.8012 234.6425
656.3312 234.3725
657.2312 233.9425
658.8912 232.1725
660.1312 231.0725
663.4312 229.1725
667.0012 227.7025
672.7212 224.2525
673.1612 224.1325
676.5612 224.4225
677.7712 224.3725
678.8712 223.6125
679.7112 222.5225
680.2112 221.1925
680.5612 219.6425
680.5012 217.9625
680.3012 216.4725
679.5212 214.9325
675.3912 208.4325
674.9912 207.2825
674.8012 206.2625
675.3612 203.2225
675.3112 201.8025
674.5812 199.7125
674.9312 199.2325
676.3812 197.9725
676.8312 197.3825
677.0212 195.6225
676.6012 194.9825
675.8112 194.3525
673.3012 193.2725
671.9812 193.0225
671.2112 192.7225
669.7512 192.7325
668.4912 192.1225
667.6912 192.1525
667.0212 192.8325
666.3112 193.2125
665.4012 193.3225
664.7012 193.0925
664.3112 192.3325
662.6912 187.1125
661.4912 183.8725
660.6212 181.9025
660.8912 181.2025
661.3812 180.7125
662.2512 180.5025
662.8612 180.2325
664.8912 178.0525
667.5912 177.2025
670.6412 175.1725
671.6512 174.7425
672.4212 174.0625
674.9812 172.4125
676.4612 171.1225
676.9912 169.5125
677.6712 169.3425
678.4512 168.8025
679.3312 167.9025
679.8112 167.1225
681.5912 166.1525
682.8912 165.9325
683.8412 165.1325
684.5612 164.8125
685.6812 164.6725
687.9112 165.2025
689.4312 165.1125
692.0512 164.1925
693.4312 163.4125
696.0712 161.1425
696.2212 160.1225
696.1912 158.3025
696.3612 157.0325
696.8312 155.9225
698.1812 154.3125
698.4812 152.5625
698.9712 152.0725
700.0312 151.3825
700.8212 151.2125
701.6712 151.7525
703.8112 153.6025
704.5812 153.7125
705.5812 153.3225
706.8012 153.0225
707.6912 153.5625
708.8612 153.8525
709.3612 153.6525
709.7012 152.9825
709.9312 151.5225
710.1312 151.0125
710.7012 150.7725
711.4312 150.8825
712.1012 151.2225
712.8112 151.8825
714.1812 153.6525
715.0812 153.3225
715.7112 152.7225
715.9712 150.1725
716.2512 149.0725
716.8212 147.8925
718.0012 146.5725
719.3212 145.8325
719.9812 146.0325
720.2512 146.5625
720.5312 149.1225
721.0712 149.9725
721.5512 150.1725
722.1612 149.9725
722.8312 149.5425
726.6212 145.4425
727.9512 145.2125
729.7312 145.2825
731.0812 145.6625
733.8012 147.4825
734.9412 147.7225
735.5812 147.5525
736.1012 146.9825
736.5312 145.8125
737.6912 144.2425
741.2912 140.9025
741.9912 139.5725
743.0312 139.2725
743.4812 138.8225
743.6812 138.3425
743.5412 137.5925
743.6012 137.3025
745.4812 137.1525
745.9612 137.5625
746.2112 138.2725
746.3412 139.6525
746.7712 140.2825
747.4212 140.3325
747.9912 140.0525
748.7712 138.8925
749.4412 138.5025
750.0012 138.8825
751.1612 140.5325
751.6812 140.8725
752.2212 140.8525
752.4612 140.4825
752.6912 138.9825
752.5512 137.4725
752.9612 135.3125
753.2912 134.5025
756.4712 132.5625
756.0612 128.1625
755.4712 126.2325
754.2012 123.6525
753.5112 122.7025
751.5812 120.7225
749.7412 119.7825
747.1712 118.0525
742.0312 113.4225
736.1112 112.1925
730.8512 110.2725
727.7412 106.2125
729.4212  97.5925
731.0912  92.5725
731.3312  85.1525
733.4812  82.5225
736.8312  85.8725
738.8812  85.5725
738.8112  85.3425
742.2912  83.8325
743.2112  82.0025
742.7012  80.6625
742.9812  78.9625
743.8012  77.1925
745.1712  75.4725
745.4812  74.9325
747.0412  72.7625
747.3012  71.3825
746.9912  69.1325
747.5012  68.2225
748.6412  67.2325
752.6312  65.7625
755.6712  64.4225
755.8612  63.7625
755.9112  62.3225
756.2212  62.0925
758.8712  61.9525
759.6112  61.5625
760.6812  60.4725
761.6412  58.6725
762.5412  57.9425
764.8112  56.3725
766.5412  55.8025
773.3512  53.1325
773.4712  53.0425
773.6412  52.4025
774.5212  52.0525
777.1812  51.2625
777.3312  50.8525
777.8112  50.5125
777.9012  50.9125
778.2412  51.5625
778.6412  51.5425
779.0412  51.0525
778.9412  50.4825
778.6812  49.8425
778.7512  49.1925
779.4012  49.1825
779.8912  49.5725
780.2112  49.1625
780.4312  48.5825
781.0012  48.4125
781.4312  49.5325
782.0712  49.1925
782.4612  48.4525
781.8612  47.1725
781.2812  46.9425
780.7212  46.8725
780.3812  46.4025
780.2912  45.9925
781.1712  45.8125
781.7412  45.7925
782.3712  45.1325
782.7112  45.4525
782.9612  46.0125
782.9012  46.6625
783.0012  47.4625
783.1712  47.7825
783.7312  47.6125
784.0312  46.7125
784.0012  45.2525
783.5812  44.6125
783.9012  44.4425
784.5512  44.5925
784.8712  44.3425
784.9312  43.6925
784.7512  42.9625
784.8212  42.5625
785.6312  42.3825
786.8512  42.7525
787.4112  42.5725
787.5612  42.1625
787.1512  41.7725
787.2912  41.1225
787.6012  40.5425
787.3312  39.5825
787.8012  38.7625
788.5912  38.0125
788.7412  37.5225
788.4812  36.8825
788.8012  36.7525
791.5712  36.5225
792.2112  35.6725
792.2512  34.9825
791.6812  34.3725
790.5512  33.7725
789.3512  32.0425
788.6812  31.3925
788.5712  28.2025
786.5012  26.1125
786.0612  24.9525
785.2312  24.0225
783.9912  22.1425
784.2512  20.5925
784.9112  19.5325
785.2612  18.6525
784.8312  18.2525
784.8312  16.4225
784.0612  16.0125
783.6712  14.7925
783.9012  10.1125
783.0612   8.7925

Kvemo_Kartli
486
576.3612 110.8325
576.7412 110.9525
577.3312 111.3825
579.0412 113.0125
579.6212 113.7125
579.8112 114.4325
579.8212 116.7325
579.9912 117.6025
580.6412 118.8425
581.5112 119.9125
581.9212 120.6825
582.7512 121.7825
583.1312 122.5225
583.5312 122.8825
583.9412 122.9825
584.3512 122.9025
585.0812 122.5725
586.0812 122.3125
588.2412 121.2725
589.0312 121.1825
592.1212 121.1125
594.2312 120.1925
594.6212 120.2525
595.6912 121.0125
596.9012 121.5225
596.9012 121.5225
597.8112 120.8625
599.1512 119.4825
600.8912 116.0825
601.7412 114.9925
602.2512 114.0825
603.6512 112.5025
604.5712 110.6125
604.9312 110.2025
605.3112 110.0025
605.9012 109.9525
606.3412 110.0425
607.0712 110.3925
607.5212 110.5025
610.1312 110.5725
611.0112 110.4725
611.2512 110.3325
611.4012 110.1125
611.6112 109.3525
611.9412 108.6125
612.2112 107.4825
613.8912 104.1225
613.9812 103.3525
614.0312 100.3325
614.5012  99.1625
614.7512  97.5625
615.0912  96.8325
615.3812  95.7125
615.7712  94.8325
615.9912  93.3725
616.3112  92.6525
616.3912  92.2425
616.3212  91.8425
615.6912  90.6225
614.2612  89.0525
613.4812  87.8025
611.8012  86.1325
611.5112  85.6025
611.4612  85.0125
611.5512  84.5825
613.1712  81.5325
613.2812  81.1225
613.2512  80.4025
612.8412  79.5525
612.7312  79.1225
612.7112  78.3725
612.8212  77.7925
614.0612  75.3225
614.3212  75.0125
614.6712  74.7725
615.2512  74.6525
616.7812  74.5625
618.2812  74.0525
621.2112  73.9425
622.2512  73.5225
623.2612  73.2925
624.0112  72.8325
625.8812  71.0425
626.3012  70.5025
626.3512  70.1325
625.5012  68.3925
625.4912  67.8325
627.7012  63.5525
628.0312  62.3325
628.0312  62.3325
626.5212  63.1625
625.3012  63.3825
624.4312  63.1225
623.1812  62.1825
622.2912  62.2425
621.3812  61.9825
619.8412  61.9625
619.0612  61.0825
618.0812  58.2325
617.1012  57.7925
615.4512  56.6225
614.5912  55.6025
613.4512  54.5925
610.1712  53.9325
609.4012  53.4825
607.6912  51.3825
606.1512  50.0625
604.5812  47.5225
602.3712  44.2825
601.2612  43.0225
599.8412  42.1625
598.2212  41.7025
597.2412  41.3325
594.5712  39.3525
592.0012  38.2725
590.3012  37.7125
589.5612  37.2625
588.5812  37.3225
587.6712  36.8825
584.0112  33.6425
583.6012  33.0425
583.3812  31.7225
582.7112  30.5625
581.6012  30.4425
580.3512  30.5025
577.6812  31.2125
577.1412  31.2325
576.2112  30.9325
575.6712  30.9025
574.8612  31.4625
573.3212  32.8225
572.8212  32.9425
572.2112  32.9225
571.3512  33.0525
569.2612  33.9925
567.7612  36.8225
567.3712  37.2225
566.9012  37.1625
566.5412  36.9525
565.8612  35.1825
565.6912  34.4325
566.1812  33.8125
566.3112  33.2725
565.4012  32.4725
565.1712  30.4025
567.2412  26.8825
568.0812  26.4625
570.3212  25.8825
572.0512  24.9025
572.7912  24.4225
573.2812  23.8425
573.1212  23.1625
570.8312  22.9725
569.6512  23.1025
566.7912  24.4925
565.6812  24.7725
564.8212  24.6825
563.9212  24.2025
562.9612  24.5825
560.6512  23.8125
559.0112  23.8125
558.0812  23.6525
556.9812  22.7125
555.6912  22.3425
555.0512  22.6825
554.9412  24.0025
554.5912  24.3725
554.0612  24.5925
552.9512  24.5525
551.7612  24.1425
551.0812  24.1925
550.4012  24.3925
549.7412  25.2225
549.4012  26.1225
548.8012  26.4225
545.2212  26.3525
543.9412  26.7425
543.1612  26.8625
542.8012  26.6225
541.9012  24.6025
541.5412  22.8525
541.2812  20.8225
541.1312  20.2525
540.6912  19.6925
540.2912  19.4425
539.4612  19.1425
539.4712  21.3225
539.0912  21.9725
538.5212  21.9125
536.6812  21.3425
534.0412  19.9625
533.6112  19.9025
532.8712  20.1625
530.2012  20.7225
529.4112  20.6625
527.8612  20.2225
525.5212  19.0525
524.6612  18.9225
523.8712  18.9425
522.4512  19.4725
518.9212  21.8525
516.7112  23.9325
512.6412  26.4425
511.9612  26.6625
511.3912  26.6025
510.7012  26.2225
510.3312  25.5425
510.1712  24.0825
510.1912  23.5425
509.8912  22.8325
509.4212  22.5625
508.6412  22.7525
506.3312  23.7525
504.0512  23.9725
501.6512  23.6525
500.3312  23.9625
499.9412  24.2925
499.4812  26.8325
498.8912  27.6325
498.1512  28.1825
497.7512  28.3325
496.4112  26.8825
495.9112  26.7825
494.9412  26.8025
494.1212  27.0225
492.6812  28.3425
492.0012  28.3125
491.5212  27.7825
491.3312  27.2825
491.4312  26.5725
492.1912  24.9825
492.3312  24.4025
491.0312  21.3125
490.4512  20.7525
489.6512  20.2325
488.1412  19.7825
487.0312  19.6925
482.1412  19.8725
479.8612  20.0925
478.8612  20.0325
477.7512  19.8025
475.8412  18.7925
474.6212  18.4125
473.4812  18.2825
472.0112  17.7725
470.8512  16.9225
468.9312  14.6625
468.6812  14.6225
468.6812  14.6225
467.9112  17.6425
467.7312  18.6625
467.3512  19.5225
467.2412  19.9725
467.2212  24.0225
467.0812  24.9525
466.3812  26.3225
464.9712  27.8725
464.4612  28.7725
463.6312  29.8625
463.2512  31.0925
462.8312  32.1225
462.7612  33.6425
462.9212  34.8025
463.2512  35.5325
463.6212  36.7825
464.2712  38.0025
465.0812  39.0525
465.2612  39.5125
465.3312  40.5225
465.2512  44.3025
464.8012  45.5125
464.5412  47.0925
463.9712  48.3525
463.4212  49.2325
463.1012  49.4925
462.8112  49.5825
460.7312  49.6825
460.4712  49.8325
460.2612  50.2225
460.2412  58.6125
460.1012  59.4225
459.7212  60.3225
459.6112  61.3225
459.6512  62.3625
459.9112  63.2725
458.2712  64.0025
457.1512  64.8225
456.4012  65.2125
455.9512  65.7325
455.8112  66.3625
455.8412  67.0025
455.9612  67.4725
456.3812  68.3425
456.4812  68.9725
456.4712  69.4625
456.2712  70.0525
455.6512  70.5825
450.9812  72.8725
450.2812  73.0625
449.5412  72.9925
448.8012  72.6625
447.6612  72.3625
445.5012  71.3725
443.5412  71.2225
442.0112  70.7225
432.4612  70.7425
432.3912  72.8325
432.5612  73.7725
433.0112  74.2725
434.8812  75.1425
435.3012  75.5025
435.5612  76.0325
435.7512  77.4425
436.1512  78.4925
436.2412  79.5225
436.2212  84.0425
436.1312  84.7125
435.6812  85.7425
435.6012  86.7225
435.7312  87.3525
436.1112  88.2325
436.3412  89.6525
436.7112  90.5425
436.8112  91.0025
436.8812  96.7925
437.0312  97.3525
437.6612  98.9625
438.5412  99.5225
438.9312  99.6725
440.4912  99.7525
441.5712  99.6625
442.7512  99.2025
444.3912  98.9425
445.1412  98.6025
446.2812  98.3125
447.1712  97.9225
448.6712  97.7025
449.6712  97.3125
450.1012  97.3425
450.3712  97.4725
450.9612  97.9525
455.7712 102.6725
456.2712 103.2725
456.7312 104.1425
457.6212 105.2325
457.6212 105.2325
462.1612 105.1825
463.0412 105.1125
463.5212 104.9625
465.3712 104.0525
466.0512 103.9225
475.9712 103.8325
476.6512 103.7025
477.7212 103.2925
481.2112 103.1725
481.7112 103.0625
482.6212 102.6825
484.0312 102.5525
485.4612 102.5725
486.1412 102.6925
489.9012 104.4625
492.3112 104.3825
493.2312 104.2025
494.3812 103.6425
495.1712 103.1125
497.0912 103.0825
498.5612 102.5425
499.7912 102.4625
500.8212 102.6525
506.3712 105.3525
507.7712 105.7225
509.0512 106.3425
510.2712 107.2825
511.1212 107.6625
511.4912 107.7425
512.0212 107.5025
512.7012 106.8525
513.2012 106.2125
513.6812 105.3025
514.7512 104.1225
515.5712 103.3725
516.1312 103.0925
517.1012 102.9825
525.5012 102.9325
526.4712 103.0225
526.8612 103.2225
527.2312 103.6225
527.5612 104.2425
528.1712 105.0525
528.3012 105.4225
528.2712 105.6625
527.6112 107.4025
527.6112 107.4025
529.5012 107.2025
530.5312 106.7825
530.9912 106.6825
533.4312 106.5425
534.3312 106.1525
535.4812 105.8625
536.2312 105.5225
537.3812 105.2525
538.3312 104.7425
538.6212 104.4825
539.1712 103.5825
540.8712 100.1925
541.9712  99.0325
543.3112  97.8325
544.2812  97.9025
545.1212  97.8625
545.6012  97.7525
546.5012  97.3625
547.1412  97.2525
547.9612  97.2325
548.6012  97.3325
549.1912  97.7225
549.8512  98.8025
550.8712 100.1825
551.4012 100.7125
551.4012 100.7125
552.1612 100.5725
553.2212 100.2525
554.0112  99.8025
554.2812  99.5625
554.3712  99.3225
554.3212  98.9525
553.3812  96.6625
553.4112  96.2925
553.7212  96.0225
554.3012  95.9425
558.9212  95.9525
559.5212  95.8325
560.5512  95.4125
562.5312  95.2525
563.3012  94.7825
565.5512  92.6025
566.6012  92.0025
567.8512  91.1125
568.6412  90.9625
571.6712  90.9625
572.6512  90.8625
578.7512  87.8925
579.5612  87.7925
580.5512  87.8325
582.0712  88.3525
584.1912  88.4225
584.9512  88.5825
587.4912  89.7825
588.4012  90.3225
588.6612  90.6025
589.2112  91.5025
589.8012  92.7525
590.0412  94.3625
590.4612  95.3725
590.7012  96.8325
591.0712  97.6125
591.0512  97.9825
590.7512  98.2525
590.1812  98.3325
588.7212  98.3025
587.9712  98.0925
587.5012  97.6125
586.6612  95.8625
586.1112  95.1425
585.0912  94.2325
584.6712  94.0425
584.2012  93.9625
582.0712  93.9725
581.1312  94.1125
578.6012  95.3525
577.4712  96.1825
576.4812  96.7425
576.1412  97.1725
576.0212  97.6125
576.0212  99.8425
575.9312 100.6225
574.6512 103.2625
574.2812 103.7525
573.7012 104.2725
571.8612 105.2225
571.6912 105.4325
571.5912 105.8225
571.6812 106.3825
572.0412 106.8825
572.6312 107.3825
573.5612 107.8425
574.3012 108.4225

Mtskheta-Mtianeti
451
594.4512 258.3425
598.8712 257.7125
601.3112 258.4225
604.4812 259.1425
607.5112 258.8425
608.8112 258.2225
609.9212 257.0925
611.1112 255.1525
613.5012 252.7825
616.3512 248.8525
619.2812 245.1425
620.2812 244.1325
623.2112 241.7825
624.0112 240.5525
624.6712 236.8725
624.8612 236.4525
624.8612 236.4525
624.2912 235.7825
623.8412 234.9025
622.3912 233.2925
621.3712 231.2625
620.4412 230.0425
618.4912 226.1625
618.5012 225.2725
618.9312 224.2625
619.1912 223.2725
619.5412 222.5325
619.6612 221.9025
619.7112 216.7925
619.6012 215.8925
619.2112 215.3225
618.1012 214.6825
616.2112 212.9625
615.1612 212.4025
614.6712 212.0325
614.3512 211.6925
614.0512 211.1525
613.9612 210.2125
614.0412 206.6825
614.1712 206.2625
615.1212 204.4025
615.3512 203.7025
615.8012 202.7925
616.0412 201.4025
616.4312 200.5125
616.5112 200.0725
616.5112 199.4625
616.3412 198.7425
615.0712 196.2725
614.5512 195.8425
613.4212 195.5625
612.5212 195.1925
610.8712 194.9725
610.1212 194.6525
609.1312 194.4225
608.6512 194.1325
608.0712 193.1825
607.2312 192.0825
606.6412 191.0525
603.2812 187.7425
602.7912 187.1325
602.6312 186.6925
602.5812 186.2325
602.6212 182.5525
602.5212 181.6225
602.1212 180.9525
600.1312 179.0225
599.5712 178.2625
599.2712 177.1425
598.9012 176.2625
598.6912 174.7925
598.2312 173.6225
598.1512 170.2625
598.0212 169.6625
597.6012 168.6525
597.4512 166.0725
597.0612 165.4125
595.3712 163.7525
595.1512 163.3625
595.1012 163.0825
595.2312 162.5425
596.8112 159.6125
597.2612 158.5225
597.1812 158.0525
595.9812 155.6625
595.9212 155.1925
596.1912 154.7225
597.5712 153.3825
598.0512 152.7525
598.6612 151.5025
598.9412 150.3625
599.9512 148.2825
599.9112 147.8525
599.7812 147.5925
598.4512 146.1525
597.9412 145.2725
597.1812 144.3225
596.9412 143.7725
596.8712 143.0125
596.9212 142.1025
597.0212 141.6625
597.4012 140.7825
597.6512 139.4325
597.9512 139.1825
598.7312 138.9625
599.4712 138.6325
601.1212 138.3825
602.1612 137.9625
604.1412 137.7825
605.6212 137.2725
607.9412 137.1525
608.9812 136.7425
610.1212 136.4425
611.1312 135.6625
613.0612 133.6725
613.8612 132.1625
614.2112 131.1225
612.2712 130.8825
611.1012 130.4325
609.1112 130.2925
607.1112 129.3325
606.5612 129.2625
605.5512 129.6625
603.9112 129.9125
602.6312 130.5125
601.9312 131.0525
600.2012 132.7825
599.3812 133.4425
598.0012 134.0725
597.5612 134.0325
597.3012 133.9125
591.6012 128.4025
593.1812 127.7925
594.2912 126.9525
595.2112 126.4625
596.0012 125.7025
596.8212 124.0525
596.9012 123.3125
596.9012 121.5225
596.9012 121.5225
595.6912 121.0125
594.6212 120.2525
594.2312 120.1925
592.1212 121.1125
589.0312 121.1825
588.2412 121.2725
586.0812 122.3125
585.0812 122.5725
584.3512 122.9025
583.9412 122.9825
583.5312 122.8825
583.1312 122.5225
582.7512 121.7825
581.9212 120.6825
581.5112 119.9125
580.6412 118.8425
579.9912 117.6025
579.8212 116.7325
579.8112 114.4325
579.6212 113.7125
579.0412 113.0125
577.3312 111.3825
576.7412 110.9525
576.3612 110.8325
576.3612 110.8325
575.2012 111.2625
573.8312 111.4125
573.4112 111.5325
572.0212 112.2425
570.2412 113.9325
569.6512 114.3725
568.3712 114.9825
567.3612 115.2325
566.5412 115.6025
566.1612 115.5925
565.8712 115.3625
565.3512 114.4725
564.7712 113.2125
564.5112 112.0825
563.8212 110.7325
563.4312 110.3525
562.5612 109.8925
561.5512 109.1125
560.5612 108.6625
560.2112 108.5825
559.8512 108.6825
558.2612 109.4625
557.5212 109.5725
556.9512 109.4525
556.0412 108.9225
555.8212 108.5625
555.7612 107.9525
555.8612 107.3225
556.2812 106.4525
556.4012 105.9825
556.4212 105.3625
556.3012 104.9325
556.0312 104.6325
555.3412 104.2525
553.9312 103.9025
552.7712 103.2925
552.0712 102.5325
551.4012 100.7125
551.4012 100.7125
550.8712 100.1825
549.8512  98.8025
549.1912  97.7225
548.6012  97.3325
547.9612  97.2325
547.1412  97.2525
546.5012  97.3625
545.6012  97.7525
545.1212  97.8625
544.2812  97.9025
543.3112  97.8325
541.9712  99.0325
540.8712 100.1925
539.1712 103.5825
538.6212 104.4825
538.3312 104.7425
537.3812 105.2525
536.2312 105.5225
535.4812 105.8625
534.3312 106.1525
533.4312 106.5425
530.9912 106.6825
530.5312 106.7825
529.5012 107.2025
527.6112 107.4025
527.6112 107.4025
527.3912 107.7325
527.1912 108.9225
526.7412 109.9625
526.6612 110.5925
526.6912 111.0625
526.9612 111.5525
529.4512 112.8425
529.6512 113.0125
529.8212 113.4025
529.8812 114.1625
529.8212 117.1225
529.7012 117.7425
529.2712 118.7725
529.1912 120.2125
529.2912 121.3325
529.9512 123.0725
530.2912 123.3225
530.7312 123.4025
534.3312 123.3525
535.3312 123.2325
536.3412 122.7925
536.7612 122.7525
537.2812 122.9025
537.9312 123.8525
538.6512 125.5525
538.7312 126.8825
538.6612 128.5425
538.4912 129.0025
537.1112 130.5825
536.6012 131.4825
536.1912 131.9925
533.3212 134.8225
532.4912 135.8225
530.6612 139.4325
530.5312 139.8725
530.4712 140.5225
530.4912 146.1825
530.3512 146.9125
530.0212 147.4225
529.6012 147.8625
526.5112 150.7925
524.5112 150.7225
522.1512 150.7825
521.6812 150.8825
520.7712 151.2625
519.3112 151.4825
518.2512 151.9025
516.1412 152.1325
514.9312 152.5925
514.1112 152.6725
513.1312 152.6125
512.0612 152.2125
511.0812 151.9725
510.7112 151.7725
510.3412 151.3725
509.4412 149.4925
508.8012 148.5025
507.7912 147.8825
507.0112 147.5325
505.8112 146.7525
505.8612 150.9725
505.8112 151.4625
505.6012 151.8725
505.0012 152.1125
503.9412 152.1225
503.0512 152.0125
502.2012 151.6725
501.8112 151.6325
501.5812 151.7325
501.4112 151.9725
501.3212 152.8925
501.3612 154.6425
501.4712 155.6325
501.8612 156.5225
502.1512 157.6425
503.1012 159.4825
503.2612 160.0425
503.2312 161.0925
502.8012 162.1125
502.6712 162.7225
502.6312 165.7025
502.7812 166.9825
503.7312 168.8125
503.8512 169.2225
503.8112 169.9525
503.3512 171.0925
503.4112 171.9725
504.6512 174.4525
505.0212 174.9525
505.6012 175.4625
507.3312 176.3725
507.7012 176.7225
508.1812 177.5125
508.7812 178.7725
509.1512 180.1625
509.7712 181.1725
510.9312 181.8125
512.2112 182.1125
513.0112 182.5625
513.2812 182.8425
513.5312 184.2125
513.9812 185.4025
514.0512 186.2225
514.0312 188.7325
513.8912 189.3625
513.6612 189.7625
512.9912 190.6025
512.5612 191.3725
511.6212 192.5925
511.0012 193.8525
510.8812 194.4725
510.8512 198.2725
510.9212 199.0625
511.2612 199.6825
512.2912 200.3125
512.6412 200.7325
512.8112 201.6625
512.7012 202.9625
511.9912 204.5025
511.4012 205.6125
511.1412 205.9425
510.6912 206.2625
508.7712 207.1525
507.9112 207.7325
507.7012 208.4225
507.6612 210.1725
507.5612 210.6325
507.1512 211.6925
507.0912 213.6025
506.9612 214.1725
506.6812 214.4625
506.0012 214.8425
504.8612 215.2025
504.6712 215.3825
504.5312 215.9125
504.6112 216.7825
505.0312 217.6625
505.4412 218.8825
506.0612 219.6425
507.1412 220.2625
507.5212 220.6525
507.7012 221.2025
507.7612 222.8725
507.9012 223.2925
508.4712 223.9925
509.4712 224.9425
510.5312 225.7925
509.8112 226.9025
509.4812 228.1625
508.8212 229.3125
507.7912 229.9225
506.6612 230.2025
506.2912 230.4025
506.0012 230.6925
505.5112 231.5625
504.7412 232.5425
504.0012 234.0925
503.9212 236.3125
503.7212 236.8325
503.3812 237.0325
501.6712 237.6125
499.0612 237.6725
498.2812 237.8125
497.5012 238.3825
495.5212 240.4125
495.1812 240.8925
493.9412 243.4125
493.7012 245.0425
493.2212 246.3025
493.2212 246.3025
495.7212 246.8625
496.6912 247.5125
497.1712 247.9725
498.1812 251.5525
499.3112 253.6525
500.4412 255.5025
501.3412 256.7725
503.9712 258.6025
506.4112 259.6925
509.1712 260.7125
511.6712 261.1425
513.4312 261.1125
517.3112 260.5725
518.8412 260.5025
519.8012 260.7825
521.1312 261.3825
522.4312 262.1625
524.9212 264.2025
527.0012 265.5625
529.0412 266.4725
530.8012 266.8425
532.8212 266.7725
542.1812 265.5925
545.2712 265.9025
547.2212 266.4025
549.2112 266.6225
552.1612 265.9325
553.3612 265.3625
554.4812 264.6725
555.1912 263.7425
556.1212 262.8425
556.9112 261.8725
559.1612 249.6225
559.9312 247.9225
560.5712 247.3625
561.6912 246.6725
562.8212 246.5425
563.5212 246.6325
565.2612 247.6625
567.5912 253.2825
569.2612 258.8425
571.5112 262.5725
572.5712 264.0525
573.6312 265.2325
574.7112 266.0925
576.3012 266.5625
577.9912 266.8925
580.5312 267.0125
583.7712 266.3425
585.6712 265.7125
588.5812 263.3625

Rach'a-Lechkhumi-Kvemo_Svaneti
353
395.1612 288.9625
395.5112 288.9425
397.0212 289.3425
398.2312 289.8525
400.5812 289.9825
403.6312 289.7425
407.9312 289.1725
410.7812 287.9325
411.7312 287.0125
412.7912 286.2725
414.1112 285.8925
417.2012 285.6825
418.1912 285.5325
419.3212 285.1925
421.2212 284.1125
423.6312 282.1425
424.3912 281.4025
424.8312 280.5225
425.2912 278.8625
425.8012 278.1225
426.7412 277.3825
427.6912 276.4525
429.1412 274.5725
429.7212 274.3125
430.3812 274.1625
432.1512 274.6525
433.2812 274.4225
434.3412 274.0125
435.5812 273.0125
436.6312 271.5325
438.3012 270.3025
444.4012 267.8225
446.3712 266.5925
447.3412 265.3325
447.8812 264.2325
448.0512 263.1325
447.8912 261.5225
443.5412 252.8425
442.1812 251.6525
441.4012 251.1425
440.6312 250.8625
440.0712 249.9925
439.5512 249.3725
439.2912 248.8625
439.2112 248.2725
439.3512 246.9925
442.8812 241.7225
443.9312 240.6225
444.6212 240.5725
445.2112 240.6425
447.4812 241.5325
448.2112 241.6325
448.9812 241.5125
450.6712 239.3025
451.5812 239.0025
452.4612 239.2825
453.4312 240.2225
454.2712 240.4325
455.0012 240.1725
456.4112 238.6925
457.1412 238.5725
458.4212 238.5625
460.2612 237.7925
460.2612 237.7925
460.3812 236.8425
460.7612 235.9525
461.0212 234.9625
461.4112 234.0925
461.4912 233.6525
461.4112 232.9225
460.9912 231.9125
460.8112 230.5725
460.4412 229.6825
460.1412 228.5625
459.7012 228.0525
457.6712 227.0525
456.4212 226.1325
453.2312 224.6125
452.2112 224.0025
451.5412 222.8625
451.3612 221.3725
451.2412 220.9525
450.7912 220.1425
450.5312 219.8525
449.4712 219.2825
447.8212 219.0725
446.9312 218.6925
445.9212 218.4525
444.7012 217.9925
441.2312 217.9125
440.7212 217.8125
439.8012 217.4425
439.1012 217.3525
431.6712 217.3425
431.2312 217.2525
430.3212 216.8825
428.7012 216.6325
427.9512 216.3025
426.9512 216.0625
425.8912 215.6525
424.2612 215.4325
423.3412 214.9325
423.0112 214.5025
422.8212 213.2825
422.4512 212.3825
422.3512 211.9125
422.3612 209.8525
422.3612 209.8525
420.7612 210.0025
419.5712 210.4625
417.9512 210.7225
412.2812 213.5725
411.6612 213.7325
410.5112 213.6725
409.4512 213.2425
407.8312 212.9925
407.0712 212.6625
405.9312 212.3725
405.0312 211.9825
404.2212 211.8925
402.9212 212.0025
401.7012 212.4725
399.7512 212.6625
398.7112 213.0925
397.7112 213.3425
396.9612 213.6925
396.1512 213.8325
390.1212 213.8425
389.4812 213.7325
388.4412 213.3225
387.0412 213.1625
385.0912 213.2925
383.2712 213.2825
382.7012 213.0325
382.5712 212.8225
382.4812 212.3825
381.4612 211.4225
377.2312 209.2925
376.8812 208.8825
376.0212 207.1125
375.3812 206.3025
373.8112 204.8525
372.9112 204.3825
371.7812 203.5225
370.3912 202.8525
368.6012 202.5925
367.3912 201.8425
366.4812 202.0925
365.3912 202.1125
364.8012 202.0025
363.7712 201.5825
361.7912 201.4325
361.2612 201.1425
360.0712 200.0525
359.8312 199.9425
359.5512 199.9425
359.0912 200.2225
357.9912 201.2525
356.8412 201.9225
355.3412 203.2425
352.8112 204.5225
352.0912 204.6925
349.2712 204.6825
348.8512 204.7325
348.4912 204.9125
348.3412 205.1325
348.1312 205.9025
347.7512 206.7825
347.5812 209.5325
347.2012 210.4225
346.9112 211.5525
346.3612 212.3025
341.0512 217.5225
340.0212 218.1125
338.7512 219.0225
337.3312 219.4625
337.2712 219.6225
337.1012 219.7225
335.5912 220.0025
335.3212 220.1725
334.6612 220.8525
334.1112 221.8325
333.9212 222.0125
331.6912 222.9125
331.2712 222.9425
330.7812 222.7825
330.5812 222.4225
330.1612 221.1925
329.8512 219.6025
329.6312 219.3525
329.3712 219.2425
328.3012 219.0825
327.0712 218.6325
326.0812 218.6325
325.4612 218.8025
325.2312 218.9625
323.9612 220.1225
323.4412 220.4225
321.9412 220.6325
320.7712 221.1225
319.5612 221.1525
319.1412 220.9825
318.8312 220.7025
317.7612 218.6025
317.1312 218.0725
315.9912 217.5425
314.8412 217.2725
314.0912 216.9425
312.9512 216.6525
312.0612 216.2725
310.8712 216.1825
309.6012 216.3425
309.7212 217.7625
309.6912 220.6925
309.5012 221.2925
308.6012 222.5225
308.4312 223.4625
308.5112 225.2425
308.9512 226.2825
309.0712 226.7425
309.0812 228.2125
308.8012 228.9625
307.5212 230.4825
307.5212 230.4825
306.7012 231.9325
306.4212 233.7025
305.1712 236.2225
304.2312 237.4525
303.2012 239.5025
302.3412 240.6025
301.9312 241.3925
301.0712 242.4925
300.6712 243.2725
299.1512 245.0125
298.4112 246.5425
298.3212 247.4825
298.3112 251.5025
298.4612 252.5825
298.8012 253.1025
299.2612 253.5325
300.4112 254.1525
301.6712 255.0525
300.5812 256.1025
299.9512 257.2225
298.6312 258.7225
298.0812 259.7425
297.2712 260.5525
293.9612 262.2025
292.7212 263.1625
291.4612 263.8025
290.1812 264.1425
289.2812 264.5325
287.6412 264.7725
285.9112 265.7925
283.3512 268.1725
282.4612 268.6425
281.3312 269.5225
279.0512 270.6825
278.3612 271.4225
277.6612 272.6525
276.6112 273.6025
277.3512 274.8125
280.0212 280.2325
280.3512 280.6825
280.6912 280.9225
281.3312 281.0525
285.7912 281.0525
286.2712 281.1525
287.1712 281.5225
288.9512 281.6425
289.5412 281.8325
289.9412 282.1925
291.2312 284.1925
291.4912 285.8125
291.8512 286.7225
292.0012 287.8025
292.2212 288.3325
292.4612 288.4825
293.0612 288.5825
295.5812 288.5225
296.3912 288.3825
301.0812 286.0525
302.0612 285.9525
306.5512 285.9125
307.1412 285.7925
308.1812 285.3725
310.1612 285.1925
311.5812 284.5425
314.7112 282.9225
315.4512 282.7425
319.6612 282.7025
320.4212 282.5525
321.3012 282.1625
322.1912 282.1425
324.9912 283.5025
326.7312 285.0025
327.5112 285.4125
328.4712 286.1625
329.0312 286.3325
329.5612 286.2025
332.5612 284.6625
333.7012 284.3725
334.6012 283.9925
336.2412 283.7425
337.5112 283.1325
338.2412 282.5625
340.2212 280.5625
340.6212 280.2725
341.0612 280.1225
341.8012 280.1525
342.6812 280.5225
343.1712 280.6325
345.4012 280.7425
346.9612 281.2525
353.1212 281.2725
353.7912 281.3625
355.0112 281.8425
355.9612 281.8625
356.4712 281.6025
357.0112 280.6925
357.1212 280.2625
357.2412 278.9025
357.7712 277.8225
358.2012 277.5125
358.8912 277.5025
359.7712 277.8925
360.7712 278.1425
361.1912 278.3425
362.1712 279.2125
362.7412 279.9925
362.8812 281.0525
362.8312 287.0725
362.8812 287.5425
363.0812 287.9425
363.3012 288.0825
365.8412 288.9425
366.4812 289.9325
366.8512 291.3325
367.4012 292.4825
367.7712 292.9825
368.4712 293.5825
369.4912 294.1325
371.3112 295.8525
372.5412 296.5425
373.6212 297.5425
374.3012 297.0325
375.2412 296.5525
375.2412 296.5525
375.6912 296.1625
377.1312 295.7525
383.9212 294.1525
390.8512 290.8825
391.9112 289.7725

Samtskhe-Javakheti
419
403.3312 134.0125
404.3912 134.1225
405.6012 134.5825
406.2612 134.6225
406.9212 134.5425
409.2312 133.4525
411.5012 133.3425
412.1312 133.2025
412.6612 132.8525
413.7412 131.8725
414.1512 131.6225
414.6212 131.5025
415.9212 131.4325
416.5612 131.3225
419.0912 130.1125
419.5012 129.7525
419.7512 129.2125
419.7612 126.7125
419.9012 125.9125
420.1512 125.5125
420.5812 125.0725
422.0112 124.2425
422.7412 123.4425
422.8912 122.9925
423.0512 121.7125
423.4012 120.8025
423.5812 119.6025
423.7712 119.2225
424.1612 119.0225
424.6112 118.9725
430.6012 118.9825
430.5312 117.8425
430.5912 116.8525
431.0212 115.6425
431.1812 114.6025
431.2812 114.3425
431.4812 114.1425
431.9912 114.0025
434.1312 113.9125
435.5412 113.2725
436.1812 112.7925
438.4012 110.6325
439.1112 110.2925
442.0312 110.2225
442.8312 110.2825
443.2612 110.4125
445.3512 111.4625
450.0112 111.4425
451.3512 111.2925
452.2412 110.9125
453.2412 110.6525
454.0012 110.3225
455.1412 110.0325
456.5812 109.3825
457.4412 108.8425
457.6112 108.6225
457.7612 107.8725
457.6212 105.2325
457.6212 105.2325
456.7312 104.1425
456.2712 103.2725
455.7712 102.6725
450.9612  97.9525
450.3712  97.4725
450.1012  97.3425
449.6712  97.3125
448.6712  97.7025
447.1712  97.9225
446.2812  98.3125
445.1412  98.6025
444.3912  98.9425
442.7512  99.2025
441.5712  99.6625
440.4912  99.7525
438.9312  99.6725
438.5412  99.5225
437.6612  98.9625
437.0312  97.3525
436.8812  96.7925
436.8112  91.0025
436.7112  90.5425
436.3412  89.6525
436.1112  88.2325
435.7312  87.3525
435.6012  86.7225
435.6812  85.7425
436.1312  84.7125
436.2212  84.0425
436.2412  79.5225
436.1512  78.4925
435.7512  77.4425
435.5612  76.0325
435.3012  75.5025
434.8812  75.1425
433.0112  74.2725
432.5612  73.7725
432.3912  72.8325
432.4612  70.7425
442.0112  70.7225
443.5412  71.2225
445.5012  71.3725
447.6612  72.3625
448.8012  72.6625
449.5412  72.9925
450.2812  73.0625
450.9812  72.8725
455.6512  70.5825
456.2712  70.0525
456.4712  69.4625
456.4812  68.9725
456.3812  68.3425
455.9612  67.4725
455.8412  67.0025
455.8112  66.3625
455.9512  65.7325
456.4012  65.2125
457.1512  64.8225
458.2712  64.0025
459.9112  63.2725
459.6512  62.3625
459.6112  61.3225
459.7212  60.3225
460.1012  59.4225
460.2412  58.6125
460.2612  50.2225
460.4712  49.8325
460.7312  49.6825
462.8112  49.5825
463.1012  49.4925
463.4212  49.2325
463.9712  48.3525
464.5412  47.0925
464.8012  45.5125
465.2512  44.3025
465.3312  40.5225
465.2612  39.5125
465.0812  39.0525
464.2712  38.0025
463.6212  36.7825
463.2512  35.5325
462.9212  34.8025
462.7612  33.6425
462.8312  32.1225
463.2512  31.0925
463.6312  29.8625
464.4612  28.7725
464.9712  27.8725
466.3812  26.3225
467.0812  24.9525
467.2212  24.0225
467.2412  19.9725
467.3512  19.5225
467.7312  18.6625
467.9112  17.6425
468.6812  14.6225
468.6812  14.6225
468.2512  14.5625
466.9712  14.7925
464.7012  16.0025
459.1912  15.8925
457.6212  15.7625
453.7312  16.1325
452.6912  16.0025
450.1412  14.8825
446.1512  12.1425
444.7212  11.5825
443.8912  10.9125
443.3412  10.0625
441.6112   7.9025
440.9312   7.5925
439.1512   7.9325
437.5812   8.7625
436.3812   9.2025
434.7112  10.6525
432.7612  11.7425
431.7612  11.6425
430.0312  10.4825
428.1712   9.7425
425.4212   9.7725
423.9312  10.7825
422.5812  12.0425
420.8412  13.2025
419.7812  13.4925
418.3512  13.5725
416.9212  13.4125
412.4412  11.2225
410.9012  10.3825
410.2512  10.2825
408.6212  10.3825
407.6612  12.2225
407.2812  13.9825
406.7912  15.3025
406.2612  16.2725
404.6312  18.1725
403.1012  18.7925
400.8512  19.5525
400.0312  20.0625
398.3612  21.3225
397.2512  21.6825
396.1512  21.7625
394.9712  21.5925
390.5312  20.2925
385.4112  18.5225
382.3012  17.8625
379.7612  17.6525
380.5912  19.4025
380.3812  20.2625
376.4112  28.8225
375.7012  29.5425
374.9112  29.7925
373.8012  29.9425
372.9112  29.6225
371.1212  28.5225
368.5412  29.1725
367.6512  29.8525
368.1512  30.3925
369.6212  31.2425
370.8412  31.7725
371.8412  32.0625
373.6712  33.1325
375.2112  34.7025
376.2212  35.3725
376.2912  35.8425
376.7612  36.2025
376.9812  36.6225
376.9112  37.0925
376.5112  37.5925
375.6212  38.0625
374.8312  38.3525
373.6912  38.5325
372.6912  38.4725
371.9012  38.6825
371.3312  39.4725
368.3212  39.8425
367.7212  40.8125
365.5412  44.8625
365.0112  45.5825
360.8512  47.8125
358.6012  47.9625
357.3412  48.7825
355.9512  49.2925
354.9812  50.7225
354.1612  52.2725
352.2612  53.8125
351.8012  54.6425
351.8312  55.5725
351.1512  56.9025
350.2912  57.5425
349.9012  57.9725
349.9012  59.9525
349.4412  60.7725
346.5312  61.8225
344.9212  64.0825
341.7612  65.3725
341.5112  65.9825
341.6112  67.1325
341.4712  68.2525
340.6812  68.9625
338.3812  68.8225
337.2312  68.2425
336.6612  65.8725
336.0512  64.5125
335.5512  64.1125
334.9712  64.0825
334.2912  64.6125
333.6412  65.3325
333.0312  65.7625
332.1012  65.9825
330.5512  67.2325
330.5912  68.1325
330.2712  68.8825
328.7512  70.3225
328.6512  70.9725
329.1512  72.3325
329.9712  72.9125
330.8412  73.2025
331.8812  74.0225
331.5912  77.4425
331.8412  77.8725
333.2412  78.5925
333.9912  79.4925
333.7012  81.4025
332.8812  82.1925
328.6312  82.2925
328.1412  81.6925
327.8812  81.1825
327.4812  80.6725
327.0512  80.7825
326.1912  81.3925
325.0412  81.6425
322.3412  83.1825
321.5512  83.2125
320.1412  83.6425
318.6012  83.7825
315.0112  83.6725
310.9412  82.4725
310.3312  82.3925
309.1412  81.9925
308.3512  81.6325
306.6712  81.8725
306.0912  81.5525
305.4512  80.3725
304.5512  79.7725
304.5512  79.7725
303.7312  82.4625
303.2512  83.7725
302.9012  84.4925
302.7112  85.9425
302.4712  86.5025
302.0912  86.9725
299.8712  89.1825
298.6312  91.5725
297.7812  92.3225
295.8612  93.2325
295.4412  93.5825
294.9712  94.4325
293.4612  96.1625
292.0812  98.9325
291.9012  99.7625
291.4912 100.6125
291.3512 101.1925
291.4012 102.6925
291.7312 103.3725
293.4312 105.0525
293.8212 105.6925
293.9312 106.5025
293.9112 109.9225
293.8812 110.5725
293.7612 111.0225
292.1312 114.2325
291.8512 115.3925
291.8512 115.3925
294.1612 115.4925
294.4712 115.5425
295.2112 115.8825
295.8612 116.0225
298.0812 116.0225
298.5812 115.9625
299.0412 115.7825
300.4912 114.5025
301.2012 114.1925
301.9312 114.1925
302.9912 114.6025
304.2212 114.7925
304.5712 115.0125
305.1112 115.8825
305.2412 116.3225
305.4212 117.7625
306.0112 119.0225
306.5012 119.6625
307.3112 120.4325
307.8812 120.7825
308.4912 120.9125
311.6812 120.8825
311.6812 120.8825
313.7112 118.8025
314.4212 117.5925
315.0612 117.1225
316.3512 117.1425
317.1012 117.0525
319.4012 115.9925
320.4112 115.8525
321.6212 115.8325
322.9412 115.9925
323.3612 116.2425
324.9212 117.7325
325.5712 118.2225
329.3212 120.0125
330.0212 120.1625
332.2412 120.1625
332.9112 120.0625
334.9312 119.0825
335.5512 118.9225
336.3912 118.8625
339.5112 118.8925
340.3412 118.8125
340.7812 118.6825
343.7912 117.1625
344.0612 117.0725
345.0712 116.9725
346.4912 117.0325
347.8112 118.3425
348.2112 118.6125
348.6712 118.7625
350.4512 118.8925
351.5212 119.2825
352.1512 119.3925
355.3612 119.4425
357.0612 119.9725
361.0412 120.0225
362.5912 120.5225
364.0812 120.6525
364.7712 120.8025
366.0612 120.0725
367.5512 119.3825
369.1312 120.0625
376.1912 123.4925
377.3312 123.7525
378.2212 124.1425
379.2312 124.3625
379.9812 124.7025
381.1312 124.9725
381.8812 125.3125
383.0312 125.5825
383.7812 125.9225
385.2712 126.1125
385.6912 126.2325
388.2312 127.4625
389.8412 128.8625
391.2412 129.5625
391.6612 129.6825
393.0112 129.8325
394.0412 130.2325
395.6812 130.4725
396.3212 130.9025
398.0612 132.5325
399.4612 133.2425
399.8812 133.3625
401.2312 133.5125

Shida_Kartli
431
493.2212 246.3025
493.7012 245.0425
493.9412 243.4125
495.1812 240.8925
495.5212 240.4125
497.5012 238.3825
498.2812 237.8125
499.0612 237.6725
501.6712 237.6125
503.3812 237.0325
503.7212 236.8325
503.9212 236.3125
504.0012 234.0925
504.7412 232.5425
505.5112 231.5625
506.0012 230.6925
506.2912 230.4025
506.6612 230.2025
507.7912 229.9225
508.8212 229.3125
509.4812 228.1625
509.8112 226.9025
510.5312 225.7925
509.4712 224.9425
508.4712 223.9925
507.9012 223.2925
507.7612 222.8725
507.7012 221.2025
507.5212 220.6525
507.1412 220.2625
506.0612 219.6425
505.4412 218.8825
505.0312 217.6625
504.6112 216.7825
504.5312 215.9125
504.6712 215.3825
504.8612 215.2025
506.0012 214.8425
506.6812 214.4625
506.9612 214.1725
507.0912 213.6025
507.1512 211.6925
507.5612 210.6325
507.6612 210.1725
507.7012 208.4225
507.9112 207.7325
508.7712 207.1525
510.6912 206.2625
511.1412 205.9425
511.4012 205.6125
511.9912 204.5025
512.7012 202.9625
512.8112 201.6625
512.6412 200.7325
512.2912 200.3125
511.2612 199.6825
510.9212 199.0625
510.8512 198.2725
510.8812 194.4725
511.0012 193.8525
511.6212 192.5925
512.5612 191.3725
512.9912 190.6025
513.6612 189.7625
513.8912 189.3625
514.0312 188.7325
514.0512 186.2225
513.9812 185.4025
513.5312 184.2125
513.2812 182.8425
513.0112 182.5625
512.2112 182.1125
510.9312 181.8125
509.7712 181.1725
509.1512 180.1625
508.7812 178.7725
508.1812 177.5125
507.7012 176.7225
507.3312 176.3725
505.6012 175.4625
505.0212 174.9525
504.6512 174.4525
503.4112 171.9725
503.3512 171.0925
503.8112 169.9525
503.8512 169.2225
503.7312 168.8125
502.7812 166.9825
502.6312 165.7025
502.6712 162.7225
502.8012 162.1125
503.2312 161.0925
503.2612 160.0425
503.1012 159.4825
502.1512 157.6425
501.8612 156.5225
501.4712 155.6325
501.3612 154.6425
501.3212 152.8925
501.4112 151.9725
501.5812 151.7325
501.8112 151.6325
502.2012 151.6725
503.0512 152.0125
503.9412 152.1225
505.0012 152.1125
505.6012 151.8725
505.8112 151.4625
505.8612 150.9725
505.8112 146.7525
507.0112 147.5325
507.7912 147.8825
508.8012 148.5025
509.4412 149.4925
510.3412 151.3725
510.7112 151.7725
511.0812 151.9725
512.0612 152.2125
513.1312 152.6125
514.1112 152.6725
514.9312 152.5925
516.1412 152.1325
518.2512 151.9025
519.3112 151.4825
520.7712 151.2625
521.6812 150.8825
522.1512 150.7825
524.5112 150.7225
526.5112 150.7925
529.6012 147.8625
530.0212 147.4225
530.3512 146.9125
530.4912 146.1825
530.4712 140.5225
530.5312 139.8725
530.6612 139.4325
532.4912 135.8225
533.3212 134.8225
536.1912 131.9925
536.6012 131.4825
537.1112 130.5825
538.4912 129.0025
538.6612 128.5425
538.7312 126.8825
538.6512 125.5525
537.9312 123.8525
537.2812 122.9025
536.7612 122.7525
536.3412 122.7925
535.3312 123.2325
534.3312 123.3525
530.7312 123.4025
530.2912 123.3225
529.9512 123.0725
529.2912 121.3325
529.1912 120.2125
529.2712 118.7725
529.7012 117.7425
529.8212 117.1225
529.8812 114.1625
529.8212 113.4025
529.6512 113.0125
529.4512 112.8425
526.9612 111.5525
526.6912 111.0625
526.6612 110.5925
526.7412 109.9625
527.1912 108.9225
527.3912 107.7325
527.6112 107.4025
527.6112 107.4025
528.2712 105.6625
528.3012 105.4225
528.1712 105.0525
527.5612 104.2425
527.2312 103.6225
526.8612 103.2225
526.4712 103.0225
525.5012 102.9325
517.1012 102.9825
516.1312 103.0925
515.5712 103.3725
514.7512 104.1225
513.6812 105.3025
513.2012 106.2125
512.7012 106.8525
512.0212 107.5025
511.4912 107.7425
511.1212 107.6625
510.2712 107.2825
509.0512 106.3425
507.7712 105.7225
506.3712 105.3525
500.8212 102.6525
499.7912 102.4625
498.5612 102.5425
497.0912 103.0825
495.1712 103.1125
494.3812 103.6425
493.2312 104.2025
492.3112 104.3825
489.9012 104.4625
486.1412 102.6925
485.4612 102.5725
484.0312 102.5525
482.6212 102.6825
481.7112 103.0625
481.2112 103.1725
477.7212 103.2925
476.6512 103.7025
475.9712 103.8325
466.0512 103.9225
465.3712 104.0525
463.5212 104.9625
463.0412 105.1125
462.1612 105.1825
457.6212 105.2325
457.6212 105.2325
457.7612 107.8725
457.6112 108.6225
457.4412 108.8425
456.5812 109.3825
455.1412 110.0325
454.0012 110.3225
453.2412 110.6525
452.2412 110.9125
451.3512 111.2925
450.0112 111.4425
445.3512 111.4625
443.2612 110.4125
442.8312 110.2825
442.0312 110.2225
439.1112 110.2925
438.4012 110.6325
436.1812 112.7925
435.5412 113.2725
434.1312 113.9125
431.9912 114.0025
431.4812 114.1425
431.2812 114.3425
431.1812 114.6025
431.0212 115.6425
430.5912 116.8525
430.5312 117.8425
430.6012 118.9825
424.6112 118.9725
424.1612 119.0225
423.7712 119.2225
423.5812 119.6025
423.4012 120.8025
423.0512 121.7125
422.8912 122.9925
422.7412 123.4425
422.0112 124.2425
420.5812 125.0725
420.1512 125.5125
419.9012 125.9125
419.7612 126.7125
419.7512 129.2125
419.5012 129.7525
419.0912 130.1125
416.5612 131.3225
415.9212 131.4325
414.6212 131.5025
414.1512 131.6225
413.7412 131.8725
412.6612 132.8525
412.1312 133.2025
411.5012 133.3425
409.2312 133.4525
406.9212 134.5425
406.2612 134.6225
405.6012 134.5825
404.3912 134.1225
403.3312 134.0125
403.3312 134.0125
403.2212 135.0625
402.7512 136.2425
402.6812 137.3725
402.8112 138.3225
403.4412 139.5625
404.0512 140.3225
405.2612 141.4825
405.7812 141.8725
406.7112 142.3725
408.6912 144.1425
409.8212 144.8025
410.2212 145.3725
410.3212 146.3325
410.3012 154.8825
410.4312 155.6725
410.8112 156.5525
410.9212 157.5925
411.6112 158.0925
415.9412 160.1525
416.8112 160.8825
417.5412 162.1025
418.9612 163.6925
419.6012 164.9425
419.9312 166.1925
420.3212 167.0725
420.5512 168.6925
420.9012 169.4225
421.1712 170.5625
421.7812 171.8025
422.3712 172.3725
424.7812 173.5425
424.9112 175.2325
425.3312 176.2525
425.4612 176.8525
425.4812 180.2125
425.3912 180.9825
424.9912 181.8725
424.6912 182.9925
424.3312 183.7225
424.2512 184.4525
424.3312 184.8825
424.7312 185.7525
424.9712 186.7525
425.6612 188.1025
426.1712 188.5625
427.9612 189.3925
428.6112 189.8625
429.6112 190.9225
430.1012 191.8525
430.5012 192.3525
431.1912 193.0525
431.7112 193.4325
432.4812 193.6225
435.2012 193.5925
436.0212 193.6925
436.4512 193.8925
437.5512 194.7125
438.8212 195.3225
440.4412 195.5625
441.4912 195.9725
442.7512 196.2125
442.4112 197.2525
442.0012 198.1325
441.9212 198.7325
441.9612 199.4825
442.1012 199.8925
443.0512 201.7425
443.3312 202.8725
443.6912 203.6125
443.9812 204.7425
444.3312 205.4725
444.4312 206.0525
444.3412 206.6425
443.7412 207.9025
443.1212 208.9325
442.8312 209.1925
442.0112 209.6525
441.4212 209.8125
439.9312 209.8625
438.9612 209.7625
437.4112 209.0325
435.5512 207.4725
433.1612 206.2825
432.4412 206.1525
431.8512 206.2525
430.8212 206.6825
427.8912 206.8125
427.4312 206.9125
426.5412 207.2925
424.9112 207.5525
424.1412 208.0925
422.3612 209.8525
422.3612 209.8525
422.3512 211.9125
422.4512 212.3825
422.8212 213.2825
423.0112 214.5025
423.3412 214.9325
424.2612 215.4325
425.8912 215.6525
426.9512 216.0625
427.9512 216.3025
428.7012 216.6325
430.3212 216.8825
431.2312 217.2525
431.6712 217.3425
439.1012 217.3525
439.8012 217.4425
440.7212 217.8125
441.2312 217.9125
444.7012 217.9925
445.9212 218.4525
446.9312 218.6925
447.8212 219.0725
449.4712 219.2825
450.5312 219.8525
450.7912 220.1425
451.2412 220.9525
451.3612 221.3725
451.5412 222.8625
452.2112 224.0025
453.2312 224.6125
456.4212 226.1325
457.6712 227.0525
459.7012 228.0525
460.1412 228.5625
460.4412 229.6825
460.8112 230.5725
460.9912 231.9125
461.4112 232.9225
461.4912 233.6525
461.4112 234.0925
461.0212 234.9625
460.7612 235.9525
460.3812 236.8425
460.2612 237.7925
460.2612 237.7925
462.9312 236.9725
464.9212 235.9525
465.8412 235.9425
467.6412 236.4725
468.7812 237.5125
469.8612 238.7825
472.9712 241.8825
474.1212 242.8925
475.1512 243.3925
478.1412 243.0225
481.3012 244.0025
483.3312 244.8225
484.4312 244.9825
485.2012 244.9425
486.9412 244.2525
488.6312 244.4125
489.7712 244.7925
491.0612 245.6525

Samegrelo-Zemo_Svaneti
23
191.7012 180.2325
192.2212 180.0525
192.3212 179.8325
192.6512 179.6525
192.6512 179.8725
193.1712 179.8725
193.5312 179.5225
193.5312 179.3025
193.5012 179.1225
193.7312 178.6825
193.7312 178.5925
193.5312 178.4625
193.0712 177.3625
192.4512 176.7925
192.0912 176.8325
192.0612 176.9225
192.0612 177.9825
191.9312 178.5125
191.9312 178.9125
191.8012 179.2225
191.6412 179.5325
191.5412 179.8825
191.5412 180.1425

Samegrelo-Zemo_Svaneti
603
288.5112 343.2925
288.2012 342.7625
288.0612 342.0925
288.2512 341.3925
288.6212 340.9925
289.1712 340.7725
290.1312 340.5925
291.1612 340.5225
293.5312 339.5325
295.9312 338.7725
297.9312 337.7525
299.7812 336.5425
301.7012 335.7025
303.1112 334.8925
304.3712 333.7525
305.4812 333.1625
307.2912 332.7225
308.7712 332.1025
310.0312 331.0025
313.6112 329.2825
315.6012 328.7725
315.9712 329.0325
316.1212 329.7025
315.9712 330.5525
314.5212 333.7625
314.7412 334.5425
315.2612 334.7325
316.9212 334.4425
317.8412 334.4125
319.3212 335.0125
320.4612 335.1225
325.3312 336.5725
327.0712 336.6125
328.4012 336.3525
329.1412 335.8025
329.9212 335.3925
330.5912 334.7625
331.6212 334.6125
334.2412 335.2425
336.8612 334.3225
340.3712 334.1025
340.7012 333.4425
340.8112 332.1125
341.1412 331.1925
341.6212 330.7125
342.4312 330.2725
343.9812 329.6425
344.8612 328.9825
344.9712 328.2025
344.6012 326.4725
344.1912 325.2925
345.6312 325.2925
346.9612 325.1425
349.3212 324.8125
351.3112 324.4025
353.2312 323.5525
355.0712 322.3725
356.8012 321.7025
357.5712 321.2925
357.6812 320.7025
357.0912 319.5225
356.5012 318.6725
355.8712 317.4925
355.9412 315.9125
356.1612 314.7325
357.2612 312.8925
358.0312 311.8225
360.0912 309.8725
366.3712 305.5525
372.8312 299.6825
373.9712 298.5025
374.9212 296.8425
375.2412 296.5625
375.2412 296.5625
374.3012 297.0425
373.6112 297.5525
372.5312 296.5625
371.2912 295.8625
369.4712 294.1425
368.4512 293.5925
367.7512 292.9925
367.3812 292.4925
366.8312 291.3425
366.4612 289.9425
365.8212 288.9525
363.2712 288.0925
363.0512 287.9425
362.8512 287.5425
362.8012 287.0725
362.8612 281.0525
362.7112 279.9925
362.1412 279.2125
361.1612 278.3525
360.7412 278.1425
359.7412 277.8925
358.8712 277.5025
358.1712 277.5025
357.7512 277.8225
357.2212 278.9025
357.1012 280.2625
356.9812 280.6825
356.4412 281.5925
355.9312 281.8525
354.9812 281.8325
353.7612 281.3525
353.0812 281.2525
346.9312 281.2425
345.3712 280.7325
343.1412 280.6225
342.6612 280.5125
341.7812 280.1325
341.0412 280.1025
340.6012 280.2525
340.2012 280.5425
338.2212 282.5425
337.4912 283.1125
336.2212 283.7225
334.5812 283.9625
333.6812 284.3525
332.5312 284.6425
329.5412 286.1825
329.0012 286.3125
328.4412 286.1425
327.4812 285.3925
326.7012 284.9725
324.9512 283.4825
322.1612 282.1225
321.2712 282.1325
320.3912 282.5325
319.6312 282.6725
315.4212 282.7225
314.6812 282.9025
311.5612 284.5225
310.1412 285.1725
308.1612 285.3525
307.1312 285.7725
306.5412 285.8925
302.0412 285.9325
301.0612 286.0325
296.3812 288.3625
295.5712 288.5025
293.0412 288.5525
292.4512 288.4625
292.2012 288.3125
291.9812 287.7825
291.8312 286.7025
291.4812 285.7825
291.2212 284.1625
289.9312 282.1625
289.5212 281.7925
288.9312 281.6125
287.1512 281.4925
286.2512 281.1225
285.7712 281.0225
281.3112 281.0225
280.6712 280.8825
280.3212 280.6425
279.9912 280.1925
277.3212 274.7725
276.5812 273.5625
277.6312 272.6025
278.3212 271.3725
279.0112 270.6425
281.2912 269.4825
282.4112 268.6025
283.3012 268.1425
285.8712 265.7525
287.6012 264.7325
289.2412 264.4925
290.1312 264.1025
291.4112 263.7725
292.6712 263.1325
293.9112 262.1725
297.2212 260.5225
298.0312 259.7025
298.5812 258.6825
299.9012 257.1825
300.5412 256.0625
301.6312 255.0125
300.3712 254.1125
299.2212 253.4925
298.7612 253.0625
298.4112 252.5425
298.2712 251.4625
298.2812 247.4425
298.3712 246.5125
299.1112 244.9725
300.6212 243.2425
301.0212 242.4625
301.8712 241.3625
302.2812 240.5825
303.1412 239.4825
304.1712 237.4325
305.1112 236.2025
306.3512 233.6825
306.6412 231.9125
307.4512 230.4525
307.4512 230.4525
305.7412 230.6225
304.3112 230.5525
303.7512 230.3125
302.7712 229.5825
301.9912 229.3725
297.3912 229.4225
296.4312 229.2725
296.0912 229.0325
295.8312 228.7125
294.9912 226.9425
294.6312 226.4425
294.0512 225.9225
292.8712 225.2825
292.1412 224.4825
291.9512 223.8725
291.9612 220.8625
291.8112 220.0725
291.5712 219.7325
291.2512 219.4825
289.3512 218.6025
288.9712 218.2125
288.8112 217.8025
288.7512 217.0325
288.8012 210.3425
288.7412 209.7325
288.5812 209.3025
288.2012 208.8125
286.6312 207.2325
285.9612 206.0825
285.2212 205.2625
283.0312 203.1325
282.5412 202.7525
281.5012 202.1925
280.2012 200.8925
277.2812 195.1325
276.3412 193.9125
275.3112 191.8925
274.2512 190.5525
273.2212 188.9725
272.1512 186.9525
272.3612 186.2025
272.4412 185.1825
272.4312 184.1925
272.2712 183.6225
271.9312 183.3525
270.5612 183.1525
269.0712 182.6725
268.7312 182.3825
268.6412 181.7825
269.1112 180.6025
269.2312 179.7425
269.2412 168.5225
269.1312 167.3125
268.6812 166.0825
268.5812 164.5425
268.4512 164.0525
268.2712 163.7725
267.9012 163.4525
267.2612 163.1025
266.3112 162.4125
265.8412 162.2125
265.0012 162.2225
264.1012 162.6025
263.6112 162.7125
262.9212 162.7225
262.0212 162.5725
262.0212 162.5725
261.6712 163.5225
261.3712 163.9425
260.3212 164.5225
259.3212 164.7625
258.4212 165.1825
257.3112 165.3125
252.0412 165.3825
251.5712 165.4725
250.8112 165.8225
249.1812 166.0525
248.2612 166.6525
245.3712 169.5525
244.5512 170.2025
243.4812 170.4825
242.5912 170.8625
240.9612 171.1225
240.0412 171.5025
238.3612 171.7525
236.9112 172.5425
234.4912 172.1325
233.7312 171.8025
233.0612 171.6825
227.3912 171.6925
226.7312 171.4925
224.8912 170.6325
223.1212 170.3225
222.2012 169.9725
220.0012 169.7225
218.5912 169.3125
218.0012 169.2425
209.9712 169.3125
209.3412 169.2125
208.4412 168.8625
207.0912 168.6725
206.6712 168.5425
206.0912 168.1825
206.0912 168.1825
205.8912 168.6725
205.5312 168.9325
204.8712 169.2425
204.4112 169.4225
204.2512 169.5125
203.4312 169.6425
203.3312 169.6025
202.9412 169.5625
202.3812 169.4325
201.8212 169.4325
201.5612 169.4325
200.8712 169.3425
200.5712 169.3825
200.0812 169.5625
199.9512 169.7425
199.7512 169.7825
199.6512 169.6525
199.3212 169.5625
198.8612 169.5625
198.7012 169.4325
198.7712 168.8625
199.0312 168.7325
199.5212 167.9425
199.7212 167.9425
199.7512 167.5025
199.5912 167.2825
199.7912 166.5325
199.9512 165.7425
200.0812 164.8625
200.4112 164.0725
200.7012 163.5425
200.8312 163.2825
200.8612 162.8825
200.6612 162.4425
200.4312 162.2225
200.3012 162.0925
200.1712 162.0025
199.7812 161.8725
199.5512 161.8725
199.4212 161.9625
199.1612 162.3125
199.0912 162.5325
197.9412 164.1125
197.3512 164.6425
197.0912 165.3425
196.6612 165.7825
195.9412 166.8425
195.7412 167.1525
195.2512 167.8125
194.8912 168.1225
194.6612 168.5625
194.5012 170.2825
194.2712 170.7225
194.1412 170.8125
193.4512 170.9425
193.6112 171.1225
193.7412 171.3825
193.9212 171.5125
194.1712 171.5525
194.1412 171.7725
193.7112 171.6825
193.7812 171.9025
194.0112 172.1225
194.3712 172.1625
194.4712 172.2925
194.4012 172.5525
193.9712 172.6825
194.0412 173.4725
193.7512 174.2225
193.4212 174.7925
192.7312 175.7625
192.8012 176.2025
193.1312 176.9925
193.6512 177.6125
193.7812 178.0125
194.1112 178.4525
194.3412 178.5825
194.4712 178.4925
194.6712 178.4925
194.7712 178.5825
195.1312 178.5425
195.1612 178.6725
194.2112 178.9825
193.6212 179.7325
193.0012 180.0425
192.4812 180.0825
192.2812 180.3425
192.1212 180.5225
191.6912 180.7825
191.4912 180.9125
191.4912 181.2225
191.7512 181.3125
192.1812 181.9325
192.6412 183.3025
192.8012 185.8225
192.3412 189.1325
192.1712 189.8825
191.5212 191.8225
191.0612 193.8125
190.6312 195.4425
189.9412 197.5625
189.2812 199.4225
188.8912 200.9225
188.3012 202.5625
188.1712 203.1825
187.9712 203.8025
187.6112 204.3325
187.1212 205.5225
186.8312 206.5425
186.2712 206.7625
185.3812 207.6425
184.4612 208.0825
183.8712 208.5725
183.3512 208.8425
182.9912 209.0225
183.1212 209.6425
183.1212 210.1325
183.3212 210.6225
183.4812 211.1525
183.8712 211.1925
184.2312 211.2825
185.0812 211.2825
185.4412 211.3725
185.8012 211.5025
185.7312 211.8525
185.5312 211.8125
185.3012 211.7725
185.0712 211.5525
184.8412 211.4625
184.0912 211.5525
183.8912 211.5525
183.3012 211.2425
183.0412 210.4925
182.8812 210.2725
182.7812 209.8325
182.8512 209.3025
182.7212 209.3025
182.6512 209.3925
182.4912 209.8325
182.4612 210.2325
182.0312 211.7425
182.0312 211.7425
184.4812 213.0725
187.5512 214.5025
190.4512 215.9725
191.2012 216.8325
191.5312 217.5025
191.8612 217.9525
194.1112 220.2525
194.9112 221.5525
195.4112 222.0925
195.8612 222.4125
197.2812 223.0425
198.1712 223.2325
199.0412 223.5825
200.9112 223.8725
208.4212 227.5325
209.4612 228.3325
210.4812 228.8825
212.2312 230.3525
213.2212 230.8925
214.2412 231.6625
215.1412 232.1425
216.8812 233.8625
217.7312 235.2325
220.1712 237.7325
220.7312 238.7525
222.2912 240.5625
223.1812 242.3825
224.2912 243.7525
226.2912 244.4225
227.4112 245.0125
228.0112 245.6825
228.2712 246.6925
228.6412 247.5925
228.9012 249.2225
229.2812 250.1825
229.3612 250.7525
229.3812 253.2925
229.2812 254.0125
228.9812 254.6425
228.3212 255.4925
227.8012 256.4325
225.4412 258.8625
225.0412 259.5325
224.7812 260.5625
224.3912 261.4525
224.2912 262.6125
224.2612 269.5325
224.1712 270.0125
223.8212 270.7425
223.7312 271.2325
223.6112 274.1125
223.0412 275.7125
223.0412 276.3625
221.6012 277.8025
221.4312 278.2825
221.6012 278.7325
222.2512 279.5725
222.6612 280.3325
223.3712 281.0725
225.0012 281.8825
226.0412 282.2725
226.7012 283.1725
227.3812 284.6425
227.4512 285.3125
227.2812 285.8225
226.4112 286.7225
226.2412 287.3025
226.1612 289.0925
226.0112 289.5525
225.6112 290.0325
225.0212 290.3225
224.6112 290.7425
224.3312 291.4225
224.3312 295.2025
224.4712 295.8425
224.8712 296.7525
224.9612 297.3825
224.8012 298.1225
224.3412 298.3925
222.4812 298.4325
222.0612 298.5325
221.8412 298.7025
221.2512 299.7325
221.0712 301.0425
220.6812 302.1025
220.6212 302.6525
220.8312 303.0825
221.1812 303.4025
223.6412 304.5425
224.1912 304.6725
226.0012 304.8125
227.0512 305.2025
228.8112 305.5225
232.1012 307.1025
234.0612 307.2725
235.6012 307.7725
237.8212 307.8225
238.6712 307.9225
239.6212 308.2625
240.8212 308.4325
241.2312 308.6125
241.4712 308.8925
241.9412 309.8325
242.0812 311.0325
242.2512 311.6425
242.7912 312.7725
243.1212 313.2525
243.6412 313.7325
244.7712 314.3725
245.7112 315.1725
247.3712 316.8825
247.6212 317.2725
249.5312 321.2025
249.7312 322.0925
250.7312 324.1625
251.0012 325.8525
251.4712 327.0025
251.3812 327.9625
250.2712 330.2225
250.2812 334.2425
250.4112 334.8625
251.4312 337.0225
251.6912 338.0225
252.6612 340.0225
252.9612 341.1925
253.3012 341.9525
253.3012 341.9525
253.3512 342.1325
256.3912 341.6625
257.1312 341.8125
260.1412 343.7225
261.1012 343.7325
262.3212 343.4825
263.4312 343.0825
264.3612 342.3925
266.1512 340.5225
267.2612 340.3425
269.0312 340.2425
270.0212 340.7325
271.6712 342.4825
272.5212 343.1525
273.3012 343.1625
275.1912 342.8825
275.8512 343.0725
276.2212 343.5525
276.5512 344.5525
276.9212 345.1825
277.3612 345.4825
278.2112 345.7125
281.5012 346.0325
282.8312 346.4125
285.3012 347.6125
286.5212 347.6525
287.2212 347.3625
288.8512 346.2625
289.8512 345.3825
290.0412 344.6025
289.3012 344.1225
288.6712 343.5625

Tbilisi
107
551.4012 100.7125
552.0712 102.5325
552.7712 103.2925
553.9312 103.9025
555.3412 104.2525
556.0312 104.6325
556.3012 104.9325
556.4212 105.3625
556.4012 105.9825
556.2812 106.4525
555.8612 107.3225
555.7612 107.9525
555.8212 108.5625
556.0412 108.9225
556.9512 109.4525
557.5212 109.5725
558.2612 109.4625
559.8512 108.6825
560.2112 108.5825
560.5612 108.6625
561.5512 109.1125
562.5612 109.8925
563.4312 110.3525
563.8212 110.7325
564.5112 112.0825
564.7712 113.2125
565.3512 114.4725
565.8712 115.3625
566.1612 115.5925
566.5412 115.6025
567.3612 115.2325
568.3712 114.9825
569.6512 114.3725
570.2412 113.9325
572.0212 112.2425
573.4112 111.5325
573.8312 111.4125
575.2012 111.2625
576.3612 110.8325
576.3612 110.8325
575.6612 109.7725
574.3012 108.4225
573.5612 107.8425
572.6312 107.3825
572.0412 106.8825
571.6812 106.3825
571.5912 105.8225
571.6912 105.4325
571.8612 105.2225
573.7012 104.2725
574.2812 103.7525
574.6512 103.2625
575.9312 100.6225
576.0212  99.8425
576.0212  97.6125
576.1412  97.1725
576.4812  96.7425
577.4712  96.1825
578.6012  95.3525
581.1312  94.1125
582.0712  93.9725
584.2012  93.9625
584.6712  94.0425
585.0912  94.2325
586.1112  95.1425
586.6612  95.8625
587.5012  97.6125
587.9712  98.0925
588.7212  98.3025
590.1812  98.3325
590.7512  98.2525
591.0512  97.9825
591.0712  97.6125
590.7012  96.8325
590.4612  95.3725
590.0412  94.3625
589.8012  92.7525
589.2112  91.5025
588.6612  90.6025
588.4012  90.3225
587.4912  89.7825
584.9512  88.5825
584.1912  88.4225
582.0712  88.3525
580.5512  87.8325
579.5612  87.7925
578.7512  87.8925
572.6512  90.8625
571.6712  90.9625
568.6412  90.9625
567.8512  91.1125
566.6012  92.0025
565.5512  92.6025
563.3012  94.7825
562.5312  95.2525
560.5512  95.4125
559.5212  95.8325
558.9212  95.9525
554.3012  95.9425
553.7212  96.0225
553.4112  96.2925
553.3812  96.6625
554.3212  98.9525
554.3712  99.3225
554.2812  99.5625
554.0112  99.8025
553.2212 100.2525

