564 595

Quiché
313
251.6774 331.9925
251.6774 331.9925
250.0074 332.6125
249.7374 331.8925
249.2574 331.2625
249.0474 330.5425
248.1774 330.5425
246.5274 331.5925
243.8174 329.8825
242.3674 330.5425
241.4074 330.5425
240.8774 329.6425
240.4174 329.5625
239.4174 330.5425
239.1174 330.0425
238.9374 329.6025
238.7874 329.6425
238.5474 330.5425
237.9674 329.9025
237.0574 329.1125
236.6374 328.6425
234.7874 329.6125
233.5474 330.8225
232.1374 331.6525
229.7874 331.5325
229.7874 332.6125
230.4674 332.8325
231.1574 333.2425
231.7774 333.5225
231.7774 334.6025
230.8174 335.1925
230.0074 335.2325
229.3674 334.6825
228.9174 333.5225
227.9674 333.5225
225.9874 335.5625
222.3674 334.7725
216.4274 331.5325
217.4674 329.5525
216.2174 328.7225
216.2374 328.0925
216.4974 327.3325
215.9874 326.1225
215.0174 325.5325
214.3574 326.1425
213.9074 327.1025
213.5574 327.5625
211.9874 326.8625
209.7874 325.0325
207.9174 324.5825
207.9174 323.5025
208.4974 323.0025
209.7374 321.6025
210.6974 322.6025
210.9474 322.1425
210.9074 321.8825
211.0174 321.7325
211.7374 321.6025
211.7374 320.6125
210.3574 319.6125
209.2774 317.5025
207.9174 312.6725
211.3974 312.3025
212.2474 309.8125
210.7974 306.9725
207.3974 305.6325
206.8274 304.7725
204.9674 299.6825
201.1674 294.8425
200.2874 292.7425
202.1174 292.9525
203.7474 292.7625
205.0774 292.0625
206.0074 290.7525
205.3274 290.4425
204.7074 289.9125
204.0174 289.6725
204.0174 288.7725
206.0874 287.1825
206.8774 286.7025
204.9874 285.3525
204.4674 283.7125
205.5274 282.3225
210.7374 281.4325
216.6574 279.6925
218.3374 278.7725
219.4874 279.4625
220.7674 279.6925
222.0474 279.4625
223.1874 278.7725
222.6974 278.6525
222.2974 278.6525
222.0874 278.4625
222.1474 277.7825
224.8074 276.0725
226.2074 274.1925
226.3174 272.1225
225.0974 269.7625
227.2074 268.2725
228.6174 265.2525
229.5674 262.2725
230.3074 260.9325
231.2074 260.1225
230.2574 258.4025
228.7474 256.8225
227.9674 256.4325
224.0574 252.9225
224.0574 251.9325
225.1774 250.3925
223.4774 249.4825
217.8974 248.9625
216.0174 247.9925
215.4374 245.7125
215.7174 243.0825
216.4274 241.0325
219.3074 238.2225
223.6774 236.5025
245.6674 233.1225
247.8874 231.8525
247.7674 228.9025
246.4574 225.5725
245.1474 223.1325
244.2274 221.8825
238.9874 214.6825
234.3674 214.3125
217.9774 215.0325
194.7974 220.5025
193.6374 221.1025
192.7674 205.4025
203.2074 191.8625
215.7874 183.9425
215.7174 183.2625
215.0974 180.1125
217.5974 177.4925
218.5574 176.6625
219.4774 176.0525
220.5074 175.0925
221.1374 173.7225
222.7274 170.0125
220.7974 170.7325
215.7874 171.7825
211.6674 173.1925
209.3074 173.5225
202.1074 173.5225
195.4274 175.5025
193.2574 175.4525
191.3274 175.1225
189.6874 174.7625
180.5974 174.5425
178.0574 175.0325
175.7174 173.5825
173.3274 172.9425
171.9674 172.2725
171.7074 172.0825
171.4274 171.8325
170.5374 170.3925
167.3874 161.4725
166.3674 160.6125
162.6374 158.7725
160.3374 159.6025
159.6874 159.2025
159.1374 157.2425
158.9874 156.9125
158.7874 156.6225
158.5774 156.3525
158.2874 156.1525
157.9274 156.0225
157.5074 156.0025
157.0974 156.0525
156.7174 156.4525
156.4274 157.1225
156.2274 158.6825
156.2274 159.4525
156.3474 160.0225
156.5274 160.3425
157.6874 161.6225
158.0974 162.2225
158.4674 162.9125
158.5474 163.2725
158.2874 163.7325
157.6574 164.2125
156.0274 164.8325
155.2674 165.0325
154.6674 165.1425
154.2774 165.1525
153.8774 165.2225
153.0174 165.8725
151.6974 168.2525
150.9874 170.1825
149.2774 170.9825
144.8474 174.4825
145.1574 175.3925
145.9374 177.7925
145.8874 178.7025
145.4774 179.5025
143.1874 181.1225
142.2074 182.6825
141.5574 185.2625
141.1674 186.0025
140.8874 186.4325
138.4074 188.3125
136.9074 189.2725
136.6674 189.5425
136.4974 189.8925
136.4374 190.3225
136.4174 190.7725
136.5274 191.8925
136.8574 192.8425
137.3174 193.5225
138.4474 194.4125
139.1574 194.7225
139.7474 194.8725
141.2174 194.9025
141.6274 195.2025
141.9474 195.7725
142.0774 197.2325
142.0674 197.9825
141.1974 199.6125
140.2274 199.9325
140.0374 201.9425
138.6674 203.8925
137.9774 206.7225
137.0174 207.1425
133.1274 211.1625
132.6874 212.1625
130.7974 213.1025
130.1074 215.3425
130.1274 217.9725
130.7774 222.0225
131.4074 223.2525
132.5174 224.0125
138.5874 225.1325
141.7574 226.1925
143.0174 226.2225
146.4374 225.6025
147.6674 225.7325
149.8274 226.2325
149.1374 229.1325
148.3274 231.3025
148.1874 232.1325
149.3974 237.3225
149.0874 239.9425
145.2174 241.7525
143.4474 242.1125
139.3574 241.6125
138.5674 241.6325
138.0174 241.7525
135.3874 244.2225
134.5174 245.2025
133.7074 246.4525
133.1174 247.8525
132.9574 248.6625
132.9474 250.5025
132.8474 250.9525
132.6174 251.4025
129.8174 254.7925
129.3974 255.4425
129.2474 255.7725
129.0574 256.0625
128.7474 256.7225
128.6174 257.1025
128.5174 257.4925
128.4174 258.3925
128.4174 258.8425
128.4874 259.3025
128.5674 259.6925
128.8474 260.3925
129.6274 261.7025
129.8174 265.0725
129.9674 265.5825
130.2874 266.4225
130.7474 267.1225
131.5574 268.7525
131.9274 270.1225
132.1274 271.8725
132.4474 272.4625
132.8374 272.7425
133.2774 272.7025
133.8074 272.7825
134.3874 272.9725
136.1074 274.4625
136.4374 274.6325
136.8074 274.7325
137.2374 274.7925
138.1374 274.7925
138.5974 274.8825
142.3674 277.5625
142.9274 278.3625
143.4974 278.4925
144.7074 278.6125
145.2174 278.8025
145.4974 279.0525
145.3874 279.4025
145.2174 279.6525
145.0474 280.6125
147.6574 283.1425
147.9874 283.6125
157.0874 302.2325
158.4474 304.8925
175.5874 339.1425
176.3974 339.1525
195.6774 339.1825
214.9374 339.2125
234.2074 339.2525
246.7574 339.2725
249.4874 339.5925
251.9974 340.5125
253.6474 339.6425
254.3374 338.5125
254.0474 337.1325
252.8674 335.5025
253.7074 333.9325
253.1074 332.5925

Zacapa
130
433.9074 194.2325
433.9074 194.2325
431.9774 192.6325
430.2974 190.0225
428.0874 183.3425
430.8174 180.7825
430.8074 176.9725
429.0774 172.8625
427.9974 171.3325
427.9574 171.4425
427.5174 172.4325
427.3174 172.7625
427.1774 173.0925
426.9974 173.4225
426.5874 174.4325
426.0474 175.4325
425.8374 175.7425
425.6074 176.0025
425.3574 176.2325
425.0974 176.4225
424.7374 176.5725
423.9974 176.4625
422.9374 176.1525
419.8474 174.5725
418.9074 173.9225
418.3374 173.3725
417.6174 172.2725
416.9674 171.5325
416.1074 170.8325
414.4474 170.2825
413.3974 170.2325
412.4974 170.8525
411.9374 171.5925
409.7474 172.2825
402.8574 169.9425
400.5774 169.9425
398.6474 171.2625
395.5874 172.1925
394.4374 172.2225
391.7274 171.4425
383.2874 164.6325
381.1574 164.1125
373.6674 164.2525
371.6074 164.7325
367.1274 166.9325
362.3774 169.3825
360.7374 169.5925
358.3374 167.7425
355.1474 164.7025
354.9574 163.9825
355.3874 160.4425
354.8274 158.0625
351.5174 152.0625
349.9274 152.5125
347.6974 152.8525
343.9574 152.8525
343.5074 152.9125
342.6974 153.8425
341.5374 155.4925
339.3174 159.7825
338.0174 161.6225
337.1874 163.1025
336.7874 163.6325
337.8674 166.0425
340.9974 169.5925
342.7574 170.3725
345.7574 170.4625
346.4374 170.5825
346.9974 170.8225
347.2774 171.5025
347.5674 174.3625
347.2274 174.8225
346.5174 175.2625
344.7274 175.5125
343.0174 176.4225
341.9074 178.0125
335.7574 186.5125
335.3774 187.2025
335.2474 187.7725
335.8074 187.9925
336.4774 188.0825
343.2374 188.2225
343.0974 190.1725
336.8774 199.6125
331.7174 207.0525
335.5574 208.7725
337.0074 208.9825
340.2374 208.8625
345.1274 206.9825
346.7774 206.6325
355.6674 207.9925
360.1374 207.6925
369.8074 209.9525
375.5174 210.6325
377.5974 211.0925
394.1574 216.6925
410.5174 223.3225
414.1674 226.0625
416.1874 227.0725
419.4374 227.7725
423.7174 227.3525
425.1174 227.0125
428.3674 225.2325
428.7674 224.9625
429.2174 224.5725
429.9074 223.8225
430.2374 223.3225
430.4674 222.8725
430.5674 222.4725
430.6374 221.5425
430.3274 217.9125
430.1674 216.9725
430.0374 216.6425
429.6974 216.0025
429.4574 215.7025
429.2074 215.4825
428.6374 215.0725
426.8874 214.3725
426.7374 213.7825
426.7474 212.8225
427.8374 208.2225
427.8874 207.3225
427.7974 205.9325
428.0074 203.6525
428.8374 199.5725
429.1174 198.7625
431.8374 195.4725
432.4474 195.0325
433.4574 194.5825
433.8374 194.2825

Jutiapa
183
371.3374 114.9525
371.3374 114.9525
381.8474 115.3725
382.7174 115.0525
384.6774 112.8925
385.0674 111.8925
385.0374 111.2425
384.8974 110.4925
384.2374 108.5025
383.8174 107.5725
383.3574 106.1925
382.9974 104.5325
382.9274 103.7525
382.9474 103.2325
383.0574 103.0125
383.2174 102.7225
385.0374 100.5625
385.0974 100.5025
384.1274 100.0825
380.6774  95.9025
378.7774  94.5225
378.3674  97.2025
376.8374  98.7525
374.7874  98.9225
372.8074  97.4525
371.8974  95.1725
372.4974  93.5425
373.5174  92.1125
373.9174  90.4325
373.0374  89.0225
371.6374  88.0125
370.8074  86.8025
371.6674  84.7625
374.5874  84.3725
375.5574  83.9425
376.3674  83.1725
376.7674  82.6225
377.5874  81.0725
377.7674  80.3925
378.0174  78.1925
378.2774  77.2525
378.8874  76.6525
380.6574  75.7625
381.1074  75.1725
381.1274  72.9225
380.2274  72.0225
365.2174  68.4225
361.5374  66.7325
358.0174  64.0125
355.2174  60.9425
349.2374  50.3525
348.8474  49.1725
348.9774  48.0725
349.8874  45.9825
349.9874  45.7325
349.9374  44.9325
347.8874  43.8325
345.8374  44.6725
342.1974  47.5025
339.6674  48.1725
337.6074  48.0225
331.4174  45.6625
329.9274  44.6825
326.9474  41.7025
313.5174  32.2625
311.4474  30.4325
310.2574  28.4125
309.3274  26.3125
308.0374  24.2825
306.3174  22.9025
302.4874  20.8525
300.8074  19.1325
299.7074  17.0525
298.9574  14.7725
298.6074  12.4325
298.6774  10.1725
301.6574   0.4725
300.9074   0.8325
281.0274   9.0825
281.5274  11.0425
282.4374  14.6225
282.4874  17.2125
282.3874  17.9025
282.1474  18.6325
280.3474  21.9025
278.9874  26.9325
278.5174  28.0925
278.1074  28.7725
277.3974  29.1125
277.1174  29.3125
276.8774  29.5725
276.7174  29.9225
275.7074  35.8625
275.4774  36.4525
274.7774  37.1925
274.3174  37.7725
273.8374  38.8125
273.7474  39.3325
273.7174  40.0925
273.8774  40.9125
274.0774  41.4225
274.9374  42.0725
277.4774  42.7825
281.4074  40.5025
284.1074  38.2225
284.8274  37.9325
290.3174  36.6025
291.7174  36.0425
292.2974  36.0825
292.7574  36.1625
294.9374  37.6825
297.1174  41.7925
297.9974  43.4025
298.4874  43.7625
299.2774  44.2325
300.8874  44.7025
302.7674  45.0525
303.0874  45.1825
303.8874  46.0625
306.3174  49.5425
307.0574  51.1425
307.4574  52.3725
307.5974  53.2225
307.6174  53.6525
306.9774  59.3825
307.1874  62.5325
306.5074  63.9725
303.0974  67.3225
298.7574  70.9125
297.7874  71.9025
297.2474  72.3325
296.4474  72.6625
289.9674  74.5025
287.9474  75.9725
292.9274  88.3825
294.7874  89.9925
295.0874  90.2325
299.9574  91.1925
301.4974  91.1125
302.1774  90.7825
302.8774  90.5325
303.1874  90.6725
303.3474  91.1225
302.9174  93.8625
304.8774  94.0825
307.4074 102.0225
316.2574 102.1425
319.5874 106.5625
320.1574 107.1925
320.5574 107.4125
321.0874 107.6025
322.0574 107.8025
322.6874 107.8425
323.2474 107.8025
323.6574 107.7125
324.0374 107.5725
324.4674 107.3825
330.6974 102.4625
331.4274 107.4225
332.5974 109.1625
335.4474 111.1125
338.1274 112.8925
340.4174 114.4425
343.1374 115.1925
344.1374 115.0125
344.6774 114.5625
345.1274 114.0025
346.0574 113.0525
347.5974 111.8325
347.8774 111.6925
356.5974 115.9425
359.6174 117.7225
359.7174 118.1925
359.6874 119.6025
358.6274 122.8425
364.2574 122.2025
366.0174 121.6025
366.3074 121.3425
367.2874 120.2725
368.0774 119.1125
368.7474 117.8025
370.3374 115.4325
370.8274 115.1025

Jalapa
107
337.8674 166.0425
337.8674 166.0425
336.7874 163.6325
337.1874 163.1025
338.0174 161.6225
339.3174 159.7825
341.5374 155.4925
342.6974 153.8425
343.5074 152.9125
343.9574 152.8525
347.6974 152.8525
349.9274 152.5125
351.5174 152.0625
358.1374 152.4125
359.9474 151.8925
360.6774 150.7225
361.2074 149.1725
361.4874 147.5125
361.4774 147.0425
361.1874 145.3025
361.0674 144.8925
360.9774 144.4625
360.9374 143.6025
361.0974 142.7925
361.6074 141.5925
362.1574 139.9025
357.1474 125.9225
356.6474 122.8425
357.1274 122.7725
358.6274 122.8425
359.6874 119.6025
359.7174 118.1925
359.6174 117.7225
356.5974 115.9425
347.8774 111.6925
347.5974 111.8325
346.0574 113.0525
345.1274 114.0025
344.6774 114.5625
344.1374 115.0125
343.1374 115.1925
340.4174 114.4425
338.1274 112.8925
335.4474 111.1125
332.5974 109.1625
331.4274 107.4225
330.6974 102.4625
324.4674 107.3825
324.0374 107.5725
323.6574 107.7125
323.2474 107.8025
322.6874 107.8425
322.0574 107.8025
321.0874 107.6025
320.5574 107.4125
320.1574 107.1925
319.5874 106.5625
316.2574 102.1425
307.4074 102.0225
303.7074 104.8625
298.7274 108.9925
297.4774 110.9825
296.7674 114.3825
281.3974 111.4725
279.5974 111.1325
277.6574 110.8725
277.3574 111.0425
276.8174 111.4425
276.5374 111.8325
274.7874 113.6925
275.0174 118.1625
275.1374 118.8725
275.3674 119.7625
275.9174 120.2025
276.2574 120.8625
276.6174 122.0425
276.6874 124.3125
277.4974 127.7325
282.0474 131.5625
283.2374 132.3225
283.5074 132.5525
284.1574 133.5825
285.4274 136.8025
285.6774 136.9025
286.6674 137.3325
288.9074 138.6225
289.4474 140.1725
289.5974 141.1125
289.8374 141.5225
290.3974 141.8825
294.0774 143.3025
298.7874 144.8925
300.9074 144.6325
302.6174 143.7925
303.7374 143.4225
304.3874 143.7525
304.9074 144.3225
309.2674 152.4625
312.4974 153.4325
317.2074 153.9925
321.4274 155.5525
325.5074 157.7725
330.3874 163.9225
332.2774 165.6425
333.0674 165.9625
333.8774 166.1325
335.6774 166.2025

Chiquimula
135
427.9974 171.3325
427.9974 171.3325
426.6574 169.4125
423.1974 166.4025
422.0974 164.7125
421.9574 161.9925
422.6274 159.9725
423.8474 158.1125
426.6574 154.7025
427.9774 152.5225
430.6074 146.1325
432.1374 144.1525
433.4074 143.0225
434.0174 142.0925
434.2574 141.7225
434.5074 139.2625
434.1474 138.1325
432.6674 136.5125
432.1674 135.6025
432.7574 128.3225
432.6774 125.7625
432.0274 123.3725
430.3874 121.7925
428.7774 121.6725
425.2574 122.8825
423.5474 123.1925
421.1674 122.8825
420.1074 122.1725
419.4274 121.0425
418.1574 119.4625
413.7874 115.6725
411.8374 113.5525
410.4474 111.0425
409.2974 109.8225
406.1874 109.0225
404.7574 108.0825
403.8474 106.2025
403.5974 103.9125
403.8974  99.4225
399.8474 102.3925
399.6974 102.0625
398.9774 100.9525
398.7874 103.7425
397.3674 103.1825
394.1874  99.8925
391.9874  99.4325
390.4074 100.0225
388.8274 100.8525
386.6174 101.1425
385.0974 100.5025
385.0374 100.5625
383.2174 102.7225
383.0574 103.0125
382.9474 103.2325
382.9274 103.7525
382.9974 104.5325
383.3574 106.1925
383.8174 107.5725
384.2374 108.5025
384.8974 110.4925
385.0374 111.2425
385.0674 111.8925
384.6774 112.8925
382.7174 115.0525
381.8474 115.3725
371.3374 114.9525
370.8274 115.1025
370.3374 115.4325
368.7474 117.8025
368.0774 119.1125
367.2874 120.2725
366.3074 121.3425
366.0174 121.6025
364.2574 122.2025
358.6274 122.8425
357.1274 122.7725
356.6474 122.8425
357.1474 125.9225
362.1574 139.9025
361.6074 141.5925
361.0974 142.7925
360.9374 143.6025
360.9774 144.4625
361.0674 144.8925
361.1874 145.3025
361.4774 147.0425
361.4874 147.5125
361.2074 149.1725
360.6774 150.7225
359.9474 151.8925
358.1374 152.4125
351.5174 152.0625
354.8274 158.0625
355.3874 160.4425
354.9574 163.9825
355.1474 164.7025
358.3374 167.7425
360.7374 169.5925
362.3774 169.3825
367.1274 166.9325
371.6074 164.7325
373.6674 164.2525
381.1574 164.1125
383.2874 164.6325
391.7274 171.4425
394.4374 172.2225
395.5874 172.1925
398.6474 171.2625
400.5774 169.9425
402.8574 169.9425
409.7474 172.2825
411.9374 171.5925
412.4974 170.8525
413.3974 170.2325
414.4474 170.2825
416.1074 170.8325
416.9674 171.5325
417.6174 172.2725
418.3374 173.3725
418.9074 173.9225
419.8474 174.5725
422.9374 176.1525
423.9974 176.4625
424.7374 176.5725
425.0974 176.4225
425.3574 176.2325
425.6074 176.0025
425.8374 175.7425
426.0474 175.4325
426.5874 174.4325
426.9974 173.4225
427.1774 173.0925
427.3174 172.7625
427.5174 172.4325
427.9574 171.4425

Izabal
205
563.3674 289.1125
563.3674 289.1125
561.7274 288.5025
561.2974 287.1925
561.4074 285.6125
560.4774 283.6825
559.6174 284.7625
557.2074 283.7325
555.1474 282.5925
552.9274 281.7625
549.9774 281.7025
549.1974 280.6325
544.9674 273.3225
538.4674 266.9225
528.9074 259.3725
524.3474 255.7725
524.3474 255.7625
512.1374 246.2525
499.9974 236.7925
487.8774 227.3525
475.8374 217.9825
458.1674 204.2325
453.2974 201.9225
439.0974 197.1525
434.8074 194.9725
433.9074 194.2325
433.8374 194.2825
433.4574 194.5825
432.4474 195.0325
431.8374 195.4725
429.1174 198.7625
428.8374 199.5725
428.0074 203.6525
427.7974 205.9325
427.8874 207.3225
427.8374 208.2225
426.7474 212.8225
426.7374 213.7825
426.8874 214.3725
428.6374 215.0725
429.2074 215.4825
429.4574 215.7025
429.6974 216.0025
430.0374 216.6425
430.1674 216.9725
430.3274 217.9125
430.6374 221.5425
430.5674 222.4725
430.4674 222.8725
430.2374 223.3225
429.9074 223.8225
429.2174 224.5725
428.7674 224.9625
428.3674 225.2325
425.1174 227.0125
423.7174 227.3525
419.4374 227.7725
416.1874 227.0725
414.1674 226.0625
410.5174 223.3225
394.1574 216.6925
377.5974 211.0925
375.5174 210.6325
369.8074 209.9525
367.2974 213.5425
366.6774 214.9025
366.4074 215.6625
366.3774 216.2825
366.4074 217.0825
366.8574 219.4725
366.8674 220.2125
366.7474 220.8125
365.9574 222.2025
365.0274 223.4825
364.6874 224.1125
364.1174 225.5125
363.9974 226.0125
363.9674 228.1825
365.2174 245.1725
365.4474 245.4425
366.2974 246.0925
368.9474 247.3725
369.2374 247.5825
369.4874 247.8325
369.7374 248.1325
369.9274 248.4225
370.2574 249.1025
370.6574 250.7125
370.9174 251.4425
371.0874 251.7925
372.2374 253.6325
372.0374 254.2025
371.5374 254.9925
369.7074 256.6725
368.4874 258.0225
367.3774 259.6925
364.2874 263.0225
363.7574 263.9025
363.5574 264.1625
363.2774 264.4725
362.9974 264.7025
362.3774 265.0825
361.9974 265.1925
363.0274 267.6325
370.8674 278.8025
379.6774 291.2625
379.9874 291.9925
380.2774 292.3525
380.6874 292.6525
382.1374 293.1025
382.8674 293.4625
385.1974 295.1225
386.6574 295.7825
387.1574 296.1725
387.6974 296.8925
389.3974 300.0025
389.5374 300.3825
390.2474 301.7025
390.5874 301.9825
391.0774 302.2425
393.7874 302.5225
395.2174 303.6625
399.0474 308.8125
400.6874 309.7825
401.2374 310.3225
401.4774 310.8125
401.6474 311.2925
401.8974 312.3025
402.7974 314.6825
404.4074 316.3225
417.2674 316.5825
420.5474 316.1225
421.2674 315.5725
421.3674 315.4725
421.4574 315.3925
421.3874 313.5625
422.5474 311.6625
422.8574 312.1225
424.1774 312.7925
425.8174 313.3425
427.0874 313.4125
429.6474 314.4825
440.3474 313.9825
444.3374 314.6625
448.8174 314.6925
461.1774 311.4825
466.4774 313.5625
468.4274 312.6825
473.1574 308.6825
477.9974 309.8825
484.1774 308.4925
488.9474 305.6925
489.4774 302.6425
492.6474 302.1125
506.7374 293.2125
505.0174 286.6625
505.3074 285.6925
509.0774 285.6925
510.5974 286.2725
511.0474 287.5225
510.8874 288.6025
510.5574 288.7625
510.5174 289.3625
510.0374 289.8725
509.5874 290.5525
509.6074 291.6425
510.3074 291.8625
511.6074 291.7125
512.8674 291.9225
513.4174 293.2125
513.9574 295.5525
515.1974 297.1425
516.5174 298.3825
517.3274 299.6625
517.4974 301.9025
516.4274 305.3425
516.2874 307.6025
517.3274 307.6025
517.2674 306.0825
517.3274 305.6125
518.1974 305.6125
519.8574 306.7125
523.9274 305.9225
525.9074 306.7025
522.6774 309.7325
520.8874 311.1025
518.2974 312.2925
517.2174 313.7425
516.2874 315.4025
515.3274 316.6225
509.3174 320.0325
507.5974 322.1925
509.6074 324.5725
511.7374 323.3125
515.7074 321.5725
517.3274 320.6025
521.3874 316.3025
524.3174 314.6025
531.6374 308.4425
546.0474 301.6525
550.7674 297.3625
552.2574 296.6925
558.4174 291.2525
563.2774 289.1525
563.3674 289.1125

Santa_Rosa
164
307.4074 102.0225
307.4074 102.0225
304.8774  94.0825
302.9174  93.8625
303.3474  91.1225
303.1874  90.6725
302.8774  90.5325
302.1774  90.7825
301.4974  91.1125
299.9574  91.1925
295.0874  90.2325
294.7874  89.9925
292.9274  88.3825
287.9474  75.9725
289.9674  74.5025
296.4474  72.6625
297.2474  72.3325
297.7874  71.9025
298.7574  70.9125
303.0974  67.3225
306.5074  63.9725
307.1874  62.5325
306.9774  59.3825
307.6174  53.6525
307.5974  53.2225
307.4574  52.3725
307.0574  51.1425
306.3174  49.5425
303.8874  46.0625
303.0874  45.1825
302.7674  45.0525
300.8874  44.7025
299.2774  44.2325
298.4874  43.7625
297.9974  43.4025
297.1174  41.7925
294.9374  37.6825
292.7574  36.1625
292.2974  36.0825
291.7174  36.0425
290.3174  36.6025
284.8274  37.9325
284.1074  38.2225
281.4074  40.5025
277.4774  42.7825
274.9374  42.0725
274.0774  41.4225
273.8774  40.9125
273.7174  40.0925
273.7474  39.3325
273.8374  38.8125
274.3174  37.7725
274.7774  37.1925
275.4774  36.4525
275.7074  35.8625
276.7174  29.9225
276.8774  29.5725
277.1174  29.3125
277.3974  29.1125
278.1074  28.7725
278.5174  28.0925
278.9874  26.9325
280.3474  21.9025
282.1474  18.6325
282.3874  17.9025
282.4874  17.2125
282.4374  14.6225
281.5274  11.0425
281.0274   9.0825
280.3274   9.3725
258.5774  19.1425
244.7274  24.3425
233.5174  27.0225
226.9574  28.0825
226.9474  29.6725
226.9874  47.5625
227.2774  48.2825
227.8674  48.9025
229.4374  49.3125
230.9974  49.5525
231.4274  49.7625
231.7574  49.9725
232.1774  51.3825
233.2374  53.4125
233.9374  54.1125
235.7874  55.2025
236.3074  55.6625
236.7274  56.2325
236.9074  56.5425
236.8474  57.0125
236.5774  57.6125
234.5574  59.5025
234.2974  59.8025
233.7974  60.7525
233.7774  62.7525
234.7174  63.1925
237.2974  63.5925
237.6574  63.7525
238.5574  64.3325
240.8374  66.4825
242.5674  68.7025
242.4774  69.1225
242.1374  69.6125
240.9174  70.2025
240.2874  70.3225
239.7374  70.2825
237.5774  69.4725
237.1674  69.4025
236.2674  69.3725
235.3674  69.4325
233.4674  69.7925
232.8874  69.9825
232.5674  70.1325
232.3674  70.5725
232.3374  71.2725
232.7774  72.8325
233.6274  74.4525
235.6774  76.4525
239.6774  77.8925
240.7574  78.6225
243.4074  81.0925
246.1074  82.3825
247.2174  82.8025
248.0374  82.9825
248.3974  83.1125
248.6474  83.2925
249.8074  84.7125
250.2374  85.0825
250.6774  85.3525
251.0574  85.4825
251.3774  85.6525
251.6674  85.8625
251.9174  86.0925
252.6074  86.8825
252.8074  88.6825
252.0674  95.4525
254.6274 102.0225
260.3774 111.1325
262.7474 112.2225
263.3174 112.2725
264.3774 111.9825
264.7474 111.6025
265.0174 111.1625
265.2374 109.4225
265.3574 109.0525
265.5174 108.7425
265.7574 108.4725
266.3874 108.6325
267.2974 109.2025
269.9674 111.6425
270.7374 112.4825
271.8874 112.9025
273.1174 112.9025
274.7874 113.6925
276.5374 111.8325
276.8174 111.4425
277.3574 111.0425
277.6574 110.8725
279.5974 111.1325
281.3974 111.4725
296.7674 114.3825
297.4774 110.9825
298.7274 108.9925
303.7074 104.8625

El_Progreso
94
337.8674 166.0425
337.8674 166.0425
335.6774 166.2025
333.8774 166.1325
333.0674 165.9625
332.2774 165.6425
330.3874 163.9225
325.5074 157.7725
321.4274 155.5525
317.2074 153.9925
312.4974 153.4325
309.2674 152.4625
304.9074 144.3225
304.3874 143.7525
303.7374 143.4225
302.6174 143.7925
300.9074 144.6325
298.7874 144.8925
294.0774 143.3025
290.3974 141.8825
289.8374 141.5225
289.5974 141.1125
289.4474 140.1725
288.9074 138.6225
286.6674 137.3325
285.6774 136.9025
285.4274 136.8025
283.9374 137.3025
282.4074 139.0925
281.5674 139.8125
279.6774 140.7625
271.5274 143.7425
270.2174 144.7525
267.2874 147.8925
266.6674 149.0825
266.5274 149.4125
266.4774 150.0325
266.6474 150.7025
267.2174 151.7125
267.7874 152.4925
267.9874 152.6925
268.1574 152.9425
268.3674 154.1225
267.8374 157.6525
266.5674 161.2825
265.9274 162.5925
265.7074 162.9125
264.6974 163.2725
261.4974 163.0325
259.5374 162.4725
258.6574 162.3825
257.7974 162.5125
257.4374 162.6525
257.1374 162.8425
256.8774 163.0625
256.6274 163.3925
256.4174 163.8625
256.2774 164.6625
256.2774 165.2225
256.6774 165.8325
257.0274 166.2025
258.7474 169.3025
260.5074 167.5925
265.1274 166.7625
272.2474 167.9325
272.9374 170.2625
275.1574 177.3225
297.3374 192.7725
309.2774 200.8125
314.6674 204.4825
318.4274 206.5725
325.3074 205.7825
327.6274 205.9725
331.7174 207.0525
336.8774 199.6125
343.0974 190.1725
343.2374 188.2225
336.4774 188.0825
335.8074 187.9925
335.2474 187.7725
335.3774 187.2025
335.7574 186.5125
341.9074 178.0125
343.0174 176.4225
344.7274 175.5125
346.5174 175.2625
347.2274 174.8225
347.5674 174.3625
347.2774 171.5025
346.9974 170.8225
346.4374 170.5825
345.7574 170.4625
342.7574 170.3725
340.9974 169.5925

Totonicapán
99
130.7774 222.0225
130.7774 222.0225
130.1274 217.9725
130.1074 215.3425
130.7974 213.1025
132.6874 212.1625
133.1274 211.1625
137.0174 207.1425
137.9774 206.7225
138.6674 203.8925
140.0374 201.9425
140.2274 199.9325
141.1974 199.6125
142.0674 197.9825
142.0774 197.2325
141.9474 195.7725
141.6274 195.2025
141.2174 194.9025
139.7474 194.8725
139.1574 194.7225
138.4474 194.4125
137.3174 193.5225
136.8574 192.8425
136.5274 191.8925
136.4174 190.7725
136.4374 190.3225
136.4974 189.8925
136.6674 189.5425
136.9074 189.2725
138.4074 188.3125
140.8874 186.4325
141.1674 186.0025
141.5574 185.2625
142.2074 182.6825
143.1874 181.1225
145.4774 179.5025
145.8874 178.7025
145.9374 177.7925
145.1574 175.3925
144.8474 174.4825
149.2774 170.9825
146.5474 168.2425
144.6874 165.5725
142.7574 163.6625
141.2174 163.1825
140.4574 163.0325
139.5474 163.0525
139.1074 163.1125
136.8874 163.8525
135.8974 164.0325
133.9774 164.0325
131.0974 162.7925
130.0974 162.9125
129.2974 163.2725
128.0174 163.6325
124.7974 164.1325
123.1374 163.8925
121.9174 163.4825
115.5274 158.0225
114.9874 157.5325
112.2374 162.3525
110.7174 163.7525
110.2874 168.0925
109.0874 170.9125
106.1274 170.7925
103.4174 170.4725
102.4674 170.7925
102.2574 171.0925
102.0774 171.3925
 99.8574 174.0225
 99.5974 174.9925
 99.6074 175.8925
 99.8874 176.6625
 99.9274 178.3525
 97.5874 180.4725
 96.5474 181.8725
 95.9974 183.9825
 92.5574 197.1425
 91.8374 201.3225
 92.1174 202.5125
 92.4274 202.7125
 92.7374 202.8725
 99.8874 205.6925
102.3274 206.4925
107.0374 206.7425
107.5574 206.9825
108.1674 207.3325
108.2574 207.7825
108.5674 211.4225
108.6674 211.8025
109.4974 213.4325
111.3374 216.1525
111.8374 216.6925
112.5374 217.0425
113.9374 217.4325
119.9974 218.8425
122.1674 220.4525
125.5374 221.9725
127.1774 222.2725

Sololá
111
157.5074 156.0025
157.5074 156.0025
157.9274 156.0225
158.2874 156.1525
158.5774 156.3525
158.7874 156.6225
158.9874 156.9125
159.1374 157.2425
159.6874 159.2025
160.3374 159.6025
162.6374 158.7725
162.9874 157.8425
165.2374 147.0025
164.3174 144.1925
164.2174 143.6825
164.4974 140.5825
161.6274 133.6825
160.4974 132.0925
160.0774 130.7625
160.0674 127.5325
158.9074 116.0225
153.4574 120.2225
151.5974 121.3925
150.2474 121.8925
149.4274 122.0425
147.9874 122.0825
146.7574 121.9225
142.8774 119.8725
139.7174 119.4225
139.3274 119.6325
138.9074 119.9225
138.8374 120.3325
138.8474 120.7725
139.1774 122.4025
139.2274 122.8425
139.1874 124.1825
138.9674 125.3625
138.7074 125.9625
138.0774 126.7225
134.0174 130.3425
132.5574 131.9225
132.1474 132.0425
131.6274 132.1325
130.0474 131.7825
126.9174 131.5025
126.7974 131.5825
125.2074 133.4725
123.1174 134.4625
122.0374 134.5625
121.1874 134.2825
120.6974 134.0125
120.0174 133.5325
119.6374 133.1525
119.4174 132.7525
119.2874 132.3425
119.2474 131.9225
119.3474 130.1025
119.2274 128.9925
118.5274 127.0125
116.6574 127.5325
110.2874 128.4125
108.2374 130.3825
111.5474 136.7625
112.2174 138.7925
112.1774 139.2825
112.0174 140.0825
110.2774 144.7325
109.8774 145.4025
109.1974 146.2425
113.2874 151.8625
114.9874 157.5325
115.5274 158.0225
121.9174 163.4825
123.1374 163.8925
124.7974 164.1325
128.0174 163.6325
129.2974 163.2725
130.0974 162.9125
131.0974 162.7925
133.9774 164.0325
135.8974 164.0325
136.8874 163.8525
139.1074 163.1125
139.5474 163.0525
140.4574 163.0325
141.2174 163.1825
142.7574 163.6625
144.6874 165.5725
146.5474 168.2425
149.2774 170.9825
150.9874 170.1825
151.6974 168.2525
153.0174 165.8725
153.8774 165.2225
154.2774 165.1525
154.6674 165.1425
155.2674 165.0325
156.0274 164.8325
157.6574 164.2125
158.2874 163.7325
158.5474 163.2725
158.4674 162.9125
158.0974 162.2225
157.6874 161.6225
156.5274 160.3425
156.3474 160.0225
156.2274 159.4525
156.2274 158.6825
156.4274 157.1225
156.7174 156.4525
157.0974 156.0525

Sacatepéquez
61
215.4374 147.3825
215.4374 147.3825
217.1374 147.6725
217.5674 147.6625
217.9774 147.5725
219.3874 146.2325
223.6074 140.8125
224.8374 136.6825
226.7074 134.5225
228.0574 132.9425
228.2374 132.6225
228.3174 131.5325
227.5574 128.9025
227.8374 127.2125
226.6674 125.8925
225.9374 124.1325
224.9274 112.5325
223.7174 107.1125
214.7474 103.5525
213.1974 106.9025
212.9874 107.2225
212.4574 107.6025
211.5174 107.3225
210.8274 106.2525
210.0174 105.7525
207.9874 105.7525
206.7774 105.0725
206.5174 104.8825
206.1974 104.5825
205.5374 103.7225
204.8474 102.4525
204.6274 102.1625
203.6874 101.0825
199.9974  97.9025
199.3274  98.3525
198.4474  99.3725
196.7074 102.2725
195.6374 104.5425
195.5474 104.9425
195.4074 105.2925
194.2774 106.5025
190.1674 110.0825
190.1174 110.2525
190.0374 111.0825
190.7874 115.0525
193.8174 120.9025
200.1174 127.9325
203.6474 130.5025
205.5074 134.5525
206.3474 135.6125
206.7574 136.3225
206.7974 136.9725
206.7574 137.8525
206.3274 140.4225
205.8674 141.7925
205.0874 145.9725
205.4974 147.7825
207.6774 151.7825
210.9374 148.8125
212.7774 147.7225
214.1074 147.4325

Suchitepéquez
170
118.5274 127.0125
118.5274 127.0125
119.2274 128.9925
119.3474 130.1025
119.2474 131.9225
119.2874 132.3425
119.4174 132.7525
119.6374 133.1525
120.0174 133.5325
120.6974 134.0125
121.1874 134.2825
122.0374 134.5625
123.1174 134.4625
125.2074 133.4725
126.7974 131.5825
126.9174 131.5025
130.0474 131.7825
131.6274 132.1325
132.1474 132.0425
132.5574 131.9225
134.0174 130.3425
138.0774 126.7225
138.7074 125.9625
138.9674 125.3625
139.1874 124.1825
139.2274 122.8425
139.1774 122.4025
138.8474 120.7725
138.8374 120.3325
138.9074 119.9225
139.3274 119.6325
139.7174 119.4225
142.8774 119.8725
146.7574 121.9225
147.9874 122.0825
149.4274 122.0425
150.2474 121.8925
151.5974 121.3925
153.4574 120.2225
158.9074 116.0225
159.8774 115.1325
160.7674 114.1625
161.2674 113.5025
161.5274 112.0925
161.2774 108.8425
161.2774 106.9525
159.2974 101.5825
155.3474  93.4325
154.4274  90.9725
154.0274  84.0625
153.8774  83.2525
153.6874  82.6825
153.0474  81.7425
151.8074  79.2925
150.9474  78.7325
134.6374  79.9425
133.7474  80.1625
134.4474  83.6225
132.9274  85.1225
130.3774  82.2825
129.2474  81.5925
127.8574  81.5525
126.9474  81.7025
126.4074  81.9325
125.7074  82.3625
125.1074  82.9325
124.8174  83.3925
124.6774  83.8125
124.6374  84.2325
124.6774  84.6625
124.9674  85.8625
124.9474  86.3225
124.8074  86.7825
124.1274  87.7225
123.9274  88.0825
123.7974  88.4225
123.7974  88.8225
123.8974  89.2025
124.0374  89.5425
125.0574  91.0525
125.0374  91.6025
124.7774  92.3125
123.8774  93.7225
123.2674  94.1925
122.7274  94.4125
121.5874  94.0425
120.9374  93.6925
116.9574  90.7525
116.4574  90.2425
116.2674  89.9425
115.9774  89.2625
115.6774  88.0525
115.6374  87.1525
115.7174  86.2425
115.9574  84.9825
116.2274  84.2625
116.8974  82.9825
117.0274  82.6325
117.0674  82.2625
116.7874  81.8425
116.3174  81.4325
115.3374  80.8425
114.7574  80.7025
114.3774  80.8225
114.1874  81.1325
113.8274  82.2425
113.3374  82.9125
112.2374  83.7025
110.7874  82.8025
110.5774  82.3225
110.3274  81.3325
110.2474  79.5825
110.3174  78.4225
110.8474  75.0125
111.1674  69.2025
110.9874  66.8825
110.1274  65.7325
109.3974  64.9925
108.7274  63.9025
107.5874  61.4025
100.7974  51.3525
100.4974  50.5525
100.3674  49.8825
100.8374  47.6525
100.9774  46.4725
100.9974  46.3025
 97.7074  47.7625
 85.7974  54.5625
 82.8074  56.4225
 82.6974  57.5925
 81.8674  63.3525
 85.8574  69.2925
 86.0074  69.6125
 86.1674  70.5225
 86.4574  75.2625
 87.1074  79.5625
 88.8474  84.8825
 90.4374  87.2525
 90.5474  87.9125
 90.6174  88.8525
 90.5274  90.7725
 91.1674 100.1625
 91.0874 101.2325
 89.3174 104.4025
 89.0374 105.1225
 88.8274 105.8725
 88.7174 106.7425
 89.8274 115.2025
 89.7674 115.6225
 89.7574 116.0925
 89.8174 116.9925
 95.3374 128.3225
 95.2574 129.7425
 95.1474 131.5825
 95.2274 133.2125
 95.3174 133.6225
 95.7474 134.5025
 96.1174 135.0725
 99.2874 138.6625
103.4974 142.3925
109.1974 146.2425
109.8774 145.4025
110.2774 144.7325
112.0174 140.0825
112.1774 139.2825
112.2174 138.7925
111.5474 136.7625
108.2374 130.3825
110.2874 128.4125
116.6574 127.5325

Guatemala
161
258.7474 169.3025
258.7474 169.3025
257.0274 166.2025
256.6774 165.8325
256.2774 165.2225
256.2774 164.6625
256.4174 163.8625
256.6274 163.3925
256.8774 163.0625
257.1374 162.8425
257.4374 162.6525
257.7974 162.5125
258.6574 162.3825
259.5374 162.4725
261.4974 163.0325
264.6974 163.2725
265.7074 162.9125
265.9274 162.5925
266.5674 161.2825
267.8374 157.6525
268.3674 154.1225
268.1574 152.9425
267.9874 152.6925
267.7874 152.4925
267.2174 151.7125
266.6474 150.7025
266.4774 150.0325
266.5274 149.4125
266.6674 149.0825
267.2874 147.8925
270.2174 144.7525
271.5274 143.7425
279.6774 140.7625
281.5674 139.8125
282.4074 139.0925
283.9374 137.3025
285.4274 136.8025
284.1574 133.5825
283.5074 132.5525
283.2374 132.3225
282.0474 131.5625
277.4974 127.7325
276.6874 124.3125
276.6174 122.0425
276.2574 120.8625
275.9174 120.2025
275.3674 119.7625
275.1374 118.8725
275.0174 118.1625
274.7874 113.6925
273.1174 112.9025
271.8874 112.9025
270.7374 112.4825
269.9674 111.6425
267.2974 109.2025
266.3874 108.6325
265.7574 108.4725
265.5174 108.7425
265.3574 109.0525
265.2374 109.4225
265.0174 111.1625
264.7474 111.6025
264.3774 111.9825
263.3174 112.2725
262.7474 112.2225
260.3774 111.1325
254.6274 102.0225
252.0674  95.4525
252.8074  88.6825
252.6074  86.8825
251.9174  86.0925
251.6674  85.8625
251.3774  85.6525
251.0574  85.4825
250.6774  85.3525
250.2374  85.0825
249.8074  84.7125
248.6474  83.2925
248.3974  83.1125
248.0374  82.9825
247.2174  82.8025
246.1074  82.3825
243.4074  81.0925
240.7574  78.6225
239.6774  77.8925
235.6774  76.4525
234.8274  79.5725
233.1274  83.5325
232.6874  85.2525
232.7974  90.0325
231.8774  97.4525
231.2874  99.3725
230.9474  99.5225
230.5274  99.5825
228.7074  99.5325
227.5574  99.9225
225.5074 101.7425
223.7174 107.1125
224.9274 112.5325
225.9374 124.1325
226.6674 125.8925
227.8374 127.2125
227.5574 128.9025
228.3174 131.5325
228.2374 132.6225
228.0574 132.9425
226.7074 134.5225
224.8374 136.6825
223.6074 140.8125
219.3874 146.2325
217.9774 147.5725
217.5674 147.6625
217.1374 147.6725
215.4374 147.3825
214.1074 147.4325
212.7774 147.7225
210.9374 148.8125
207.6774 151.7825
210.2374 155.7225
211.5374 160.0525
212.3474 161.4725
212.9374 161.9825
213.5274 162.3925
213.8574 162.5525
214.2274 162.6125
214.6374 162.5825
214.9874 162.4325
215.5374 162.4925
216.2274 162.7725
218.3574 164.4525
219.0274 164.8525
220.5774 165.3725
221.2074 165.8225
221.6974 166.2625
221.9574 166.6525
222.1374 166.9925
222.2774 167.4125
222.3574 167.7725
222.7274 170.0125
227.7074 168.1825
229.7874 168.5825
230.8574 167.3825
231.5974 167.0625
232.1874 167.2425
232.8174 167.5925
233.6874 167.5925
235.8174 167.2625
239.3274 167.9925
242.8874 169.2625
245.1474 170.5625
246.1874 170.5625
246.8574 169.2325
247.9074 168.6025
249.2574 168.4525
250.8674 168.5825
252.7174 169.0725
253.2874 169.7925
253.6174 170.6225
254.7774 171.4625
257.0474 171.9025
258.1374 171.0025

Escuintla
205
199.9974  97.9025
199.9974  97.9025
203.6874 101.0825
204.6274 102.1625
204.8474 102.4525
205.5374 103.7225
206.1974 104.5825
206.5174 104.8825
206.7774 105.0725
207.9874 105.7525
210.0174 105.7525
210.8274 106.2525
211.5174 107.3225
212.4574 107.6025
212.9874 107.2225
213.1974 106.9025
214.7474 103.5525
223.7174 107.1125
225.5074 101.7425
227.5574  99.9225
228.7074  99.5325
230.5274  99.5825
230.9474  99.5225
231.2874  99.3725
231.8774  97.4525
232.7974  90.0325
232.6874  85.2525
233.1274  83.5325
234.8274  79.5725
235.6774  76.4525
233.6274  74.4525
232.7774  72.8325
232.3374  71.2725
232.3674  70.5725
232.5674  70.1325
232.8874  69.9825
233.4674  69.7925
235.3674  69.4325
236.2674  69.3725
237.1674  69.4025
237.5774  69.4725
239.7374  70.2825
240.2874  70.3225
240.9174  70.2025
242.1374  69.6125
242.4774  69.1225
242.5674  68.7025
240.8374  66.4825
238.5574  64.3325
237.6574  63.7525
237.2974  63.5925
234.7174  63.1925
233.7774  62.7525
233.7974  60.7525
234.2974  59.8025
234.5574  59.5025
236.5774  57.6125
236.8474  57.0125
236.9074  56.5425
236.7274  56.2325
236.3074  55.6625
235.7874  55.2025
233.9374  54.1125
233.2374  53.4125
232.1774  51.3825
231.7574  49.9725
231.4274  49.7625
230.9974  49.5525
229.4374  49.3125
227.8674  48.9025
227.2774  48.2825
226.9874  47.5625
226.9474  29.6725
226.9574  28.0825
225.4674  28.3225
215.7874  29.2725
204.9674  28.2125
203.3474  27.7225
187.3974  26.7125
168.7474  27.0625
151.6874  28.9525
130.6174  33.1225
100.9974  46.3025
100.9774  46.4725
100.8374  47.6525
100.3674  49.8825
100.4974  50.5525
100.7974  51.3525
107.5874  61.4025
108.7274  63.9025
109.3974  64.9925
110.1274  65.7325
110.9874  66.8825
111.1674  69.2025
110.8474  75.0125
110.3174  78.4225
110.2474  79.5825
110.3274  81.3325
110.5774  82.3225
110.7874  82.8025
112.2374  83.7025
113.3374  82.9125
113.8274  82.2425
114.1874  81.1325
114.3774  80.8225
114.7574  80.7025
115.3374  80.8425
116.3174  81.4325
116.7874  81.8425
117.0674  82.2625
117.0274  82.6325
116.8974  82.9825
116.2274  84.2625
115.9574  84.9825
115.7174  86.2425
115.6374  87.1525
115.6774  88.0525
115.9774  89.2625
116.2674  89.9425
116.4574  90.2425
116.9574  90.7525
120.9374  93.6925
121.5874  94.0425
122.7274  94.4125
123.2674  94.1925
123.8774  93.7225
124.7774  92.3125
125.0374  91.6025
125.0574  91.0525
124.0374  89.5425
123.8974  89.2025
123.7974  88.8225
123.7974  88.4225
123.9274  88.0825
124.1274  87.7225
124.8074  86.7825
124.9474  86.3225
124.9674  85.8625
124.6774  84.6625
124.6374  84.2325
124.6774  83.8125
124.8174  83.3925
125.1074  82.9325
125.7074  82.3625
126.4074  81.9325
126.9474  81.7025
127.8574  81.5525
129.2474  81.5925
130.3774  82.2825
132.9274  85.1225
134.4474  83.6225
133.7474  80.1625
134.6374  79.9425
150.9474  78.7325
151.8074  79.2925
153.0474  81.7425
153.6874  82.6825
153.8774  83.2525
154.0274  84.0625
154.4274  90.9725
155.3474  93.4325
159.2974 101.5825
161.2474 100.1425
161.5974  99.8125
162.2474  99.4925
162.8774  99.4025
164.1474  99.5325
164.7874  99.7125
165.2874  99.9125
167.1374 100.9825
167.4874 101.1225
167.8874 101.2325
168.3074 101.2925
168.9274 101.0525
169.6674 100.5925
171.0474  99.3525
171.8674  98.7925
172.6274  98.4525
173.6474  98.5425
174.1674  98.7225
174.5574  98.9725
175.2774  99.7725
175.8074 100.2025
176.1574 100.3125
176.5274 100.0525
176.8774  99.4925
177.1674  97.1525
177.1774  95.9825
177.2674  95.5025
177.4874  95.1225
177.8674  94.7125
178.8674  95.2125
181.5374 100.6325
182.3574 102.7225
182.5474 103.1025
183.5174 104.3225
186.4374 107.1125
190.1674 110.0825
194.2774 106.5025
195.4074 105.2925
195.5474 104.9425
195.6374 104.5425
196.7074 102.2725
198.4474  99.3725
199.3274  98.3525

Chimaltenango
111
202.1074 173.5225
202.1074 173.5225
209.3074 173.5225
211.6674 173.1925
215.7874 171.7825
220.7974 170.7325
222.7274 170.0125
222.3574 167.7725
222.2774 167.4125
222.1374 166.9925
221.9574 166.6525
221.6974 166.2625
221.2074 165.8225
220.5774 165.3725
219.0274 164.8525
218.3574 164.4525
216.2274 162.7725
215.5374 162.4925
214.9874 162.4325
214.6374 162.5825
214.2274 162.6125
213.8574 162.5525
213.5274 162.3925
212.9374 161.9825
212.3474 161.4725
211.5374 160.0525
210.2374 155.7225
207.6774 151.7825
205.4974 147.7825
205.0874 145.9725
205.8674 141.7925
206.3274 140.4225
206.7574 137.8525
206.7974 136.9725
206.7574 136.3225
206.3474 135.6125
205.5074 134.5525
203.6474 130.5025
200.1174 127.9325
193.8174 120.9025
190.7874 115.0525
190.0374 111.0825
190.1174 110.2525
190.1674 110.0825
186.4374 107.1125
183.5174 104.3225
182.5474 103.1025
182.3574 102.7225
181.5374 100.6325
178.8674  95.2125
177.8674  94.7125
177.4874  95.1225
177.2674  95.5025
177.1774  95.9825
177.1674  97.1525
176.8774  99.4925
176.5274 100.0525
176.1574 100.3125
175.8074 100.2025
175.2774  99.7725
174.5574  98.9725
174.1674  98.7225
173.6474  98.5425
172.6274  98.4525
171.8674  98.7925
171.0474  99.3525
169.6674 100.5925
168.9274 101.0525
168.3074 101.2925
167.8874 101.2325
167.4874 101.1225
167.1374 100.9825
165.2874  99.9125
164.7874  99.7125
164.1474  99.5325
162.8774  99.4025
162.2474  99.4925
161.5974  99.8125
161.2474 100.1425
159.2974 101.5825
161.2774 106.9525
161.2774 108.8425
161.5274 112.0925
161.2674 113.5025
160.7674 114.1625
159.8774 115.1325
158.9074 116.0225
160.0674 127.5325
160.0774 130.7625
160.4974 132.0925
161.6274 133.6825
164.4974 140.5825
164.2174 143.6825
164.3174 144.1925
165.2374 147.0025
162.9874 157.8425
162.6374 158.7725
166.3674 160.6125
167.3874 161.4725
170.5374 170.3925
171.4274 171.8325
171.7074 172.0825
171.9674 172.2725
173.3274 172.9425
175.7174 173.5825
178.0574 175.0325
180.5974 174.5425
189.6874 174.7625
191.3274 175.1225
193.2574 175.4525
195.4274 175.5025

Alta_Verapaz
354
309.0474 328.8125
309.0474 328.8125
309.2774 328.9825
309.2974 329.0225
309.3774 329.2025
309.4674 329.4925
309.8374 329.8725
310.4474 330.2225
311.9774 330.4525
312.5974 330.2825
312.9674 329.8825
313.0774 329.4025
313.4674 328.9125
313.9974 328.8025
314.7574 328.9825
315.1474 328.9925
315.3674 328.9225
315.9074 328.2925
316.2474 328.2225
316.6474 328.3025
317.0374 328.4825
318.1574 328.7025
318.4174 328.8625
318.4974 328.9525
318.5074 329.0025
318.5074 329.1525
318.4674 329.4425
318.1774 330.5825
318.2174 331.0125
318.4574 331.0725
318.7374 330.9925
319.7974 330.5525
320.0974 330.3625
320.2874 330.0925
320.2974 329.7225
320.2274 329.4025
320.1274 329.1325
320.0774 329.0425
320.0574 328.9725
320.2474 328.6125
320.6574 328.3625
320.9174 328.1325
320.9574 327.8225
320.6074 326.8225
322.9774 324.9925
324.5674 324.6625
324.9174 324.8125
325.5374 325.4525
327.9774 323.7825
329.2974 323.6225
330.0774 323.7425
330.4174 323.5525
330.8374 322.9625
331.3174 322.0925
333.1374 319.6025
333.5074 318.7425
333.7274 318.0225
334.3774 316.7325
334.8774 316.2825
335.3574 316.1125
335.7374 316.2225
336.2474 316.2725
336.8374 316.2325
338.9974 315.9025
343.7074 316.1625
344.4574 316.3725
344.7174 316.5225
344.8774 316.6625
345.0474 316.8725
345.6274 317.7125
345.8674 317.9625
346.1374 318.1725
346.5074 318.3025
346.9274 318.3125
348.1474 318.2025
348.5374 318.2625
349.2974 318.7025
349.8174 319.0825
350.2374 319.0425
350.6474 318.9325
353.9374 317.4025
354.3274 317.1725
356.5474 315.2925
359.4574 313.2825
360.2474 312.8925
360.8974 312.6625
362.7674 312.5525
363.5274 312.7325
363.8774 312.8825
364.1974 313.0725
365.8274 314.4025
366.8074 314.4525
375.4674 313.3125
375.9974 313.3025
376.4074 313.3925
376.7774 313.5325
377.0974 313.7125
377.3774 313.9325
377.9974 314.1425
378.8474 314.3325
380.7874 314.4225
381.6774 314.3425
382.2774 314.1125
382.3874 313.7425
382.7374 306.1725
382.8174 306.0325
382.9974 306.0525
386.6974 307.7825
389.6774 308.3825
392.0474 307.0825
393.1574 306.9725
394.8474 307.7525
399.0474 308.8125
395.2174 303.6625
393.7874 302.5225
391.0774 302.2425
390.5874 301.9825
390.2474 301.7025
389.5374 300.3825
389.3974 300.0025
387.6974 296.8925
387.1574 296.1725
386.6574 295.7825
385.1974 295.1225
382.8674 293.4625
382.1374 293.1025
380.6874 292.6525
380.2774 292.3525
379.9874 291.9925
379.6774 291.2625
370.8674 278.8025
363.0274 267.6325
361.9974 265.1925
362.3774 265.0825
362.9974 264.7025
363.2774 264.4725
363.5574 264.1625
363.7574 263.9025
364.2874 263.0225
367.3774 259.6925
368.4874 258.0225
369.7074 256.6725
371.5374 254.9925
372.0374 254.2025
372.2374 253.6325
371.0874 251.7925
370.9174 251.4425
370.6574 250.7125
370.2574 249.1025
369.9274 248.4225
369.7374 248.1325
369.4874 247.8325
369.2374 247.5825
368.9474 247.3725
366.2974 246.0925
365.4474 245.4425
365.2174 245.1725
363.9674 228.1825
363.9974 226.0125
364.1174 225.5125
364.6874 224.1125
365.0274 223.4825
365.9574 222.2025
366.7474 220.8125
366.8674 220.2125
366.8574 219.4725
366.4074 217.0825
366.3774 216.2825
366.4074 215.6625
366.6774 214.9025
367.2974 213.5425
369.8074 209.9525
360.1374 207.6925
355.6674 207.9925
346.7774 206.6325
345.1274 206.9825
340.2374 208.8625
337.0074 208.9825
335.5574 208.7725
331.7174 207.0525
327.6274 205.9725
325.3074 205.7825
318.4274 206.5725
324.6074 215.4625
326.0974 219.6825
326.2074 221.1525
325.9374 221.8725
325.5974 222.5125
324.9474 223.3325
323.3774 224.8225
322.3374 225.4325
321.8274 225.5925
321.3574 225.6925
315.0774 225.1625
313.8074 224.8625
309.2274 223.0325
303.7474 222.8425
288.4874 225.0025
281.7674 226.6225
279.8774 226.7325
279.2774 226.3125
279.0374 226.0625
278.8174 225.7825
278.4674 225.0925
278.3474 224.7725
278.2374 223.8725
277.1174 219.4025
276.1674 218.0325
275.4974 217.4525
273.7974 215.3125
273.2474 214.7325
271.8374 213.9625
271.2874 213.8925
270.8774 214.0025
269.3874 215.4925
261.6874 220.7425
258.6574 221.7025
255.3674 221.5825
250.6674 221.7025
247.4774 221.7225
244.2274 221.8825
245.1474 223.1325
246.4574 225.5725
247.7674 228.9025
247.8874 231.8525
245.6674 233.1225
223.6774 236.5025
219.3074 238.2225
216.4274 241.0325
215.7174 243.0825
215.4374 245.7125
216.0174 247.9925
217.8974 248.9625
223.4774 249.4825
225.1774 250.3925
224.0574 251.9325
224.0574 252.9225
227.9674 256.4325
228.7474 256.8225
230.2574 258.4025
231.2074 260.1225
230.3074 260.9325
229.5674 262.2725
228.6174 265.2525
227.2074 268.2725
225.0974 269.7625
226.3174 272.1225
226.2074 274.1925
224.8074 276.0725
222.1474 277.7825
222.0874 278.4625
222.2974 278.6525
222.6974 278.6525
223.1874 278.7725
222.0474 279.4625
220.7674 279.6925
219.4874 279.4625
218.3374 278.7725
216.6574 279.6925
210.7374 281.4325
205.5274 282.3225
204.4674 283.7125
204.9874 285.3525
206.8774 286.7025
206.0874 287.1825
204.0174 288.7725
204.0174 289.6725
204.7074 289.9125
205.3274 290.4425
206.0074 290.7525
205.0774 292.0625
203.7474 292.7625
202.1174 292.9525
200.2874 292.7425
201.1674 294.8425
204.9674 299.6825
206.8274 304.7725
207.3974 305.6325
210.7974 306.9725
212.2474 309.8125
211.3974 312.3025
207.9174 312.6725
209.2774 317.5025
210.3574 319.6125
211.7374 320.6125
211.7374 321.6025
211.0174 321.7325
210.9074 321.8825
210.9474 322.1425
210.6974 322.6025
209.7374 321.6025
208.4974 323.0025
207.9174 323.5025
207.9174 324.5825
209.7874 325.0325
211.9874 326.8625
213.5574 327.5625
213.9074 327.1025
214.3574 326.1425
215.0174 325.5325
215.9874 326.1225
216.4974 327.3325
216.2374 328.0925
216.2174 328.7225
217.4674 329.5525
216.4274 331.5325
222.3674 334.7725
225.9874 335.5625
227.9674 333.5225
228.9174 333.5225
229.3674 334.6825
230.0074 335.2325
230.8174 335.1925
231.7774 334.6025
231.7774 333.5225
231.1574 333.2425
230.4674 332.8325
229.7874 332.6125
229.7874 331.5325
232.1374 331.6525
233.5474 330.8225
234.7874 329.6125
236.6374 328.6425
237.0574 329.1125
237.9674 329.9025
238.5474 330.5425
238.7874 329.6425
238.9374 329.6025
239.1174 330.0425
239.4174 330.5425
240.4174 329.5625
240.8774 329.6425
241.4074 330.5425
242.3674 330.5425
243.8174 329.8825
246.5274 331.5925
248.1774 330.5425
249.0474 330.5425
249.2574 331.2625
249.7374 331.8925
250.0074 332.6125
251.6774 331.9925
253.1074 332.5925
253.7074 333.9325
252.8674 335.5025
254.0474 337.1325
254.3374 338.5125
253.6474 339.6425
251.9974 340.5125
252.0074 340.5125
252.0474 340.5725
255.8374 340.9625
284.3474 336.5725
308.1374 328.9025

San_Marcos
135
 36.0474 224.1525
 36.0474 224.1525
 36.4274 224.6325
 41.1374 230.1025
 43.0474 231.3325
 47.6074 231.6825
 51.8474 234.3425
 54.2274 235.8025
 55.1674 236.1525
 56.0874 236.2325
 57.3174 235.6625
 62.0674 232.6525
 65.0374 232.4225
 72.6574 234.6025
 74.8074 234.6225
 74.9074 234.0725
 75.5974 232.1325
 77.5674 228.5325
 79.8874 225.3125
 82.4674 222.5025
 85.2274 220.1625
 86.6074 219.1925
 88.0074 217.8325
 88.7274 215.8925
 88.0874 213.1525
 87.2074 212.2325
 82.3674 208.2925
 79.8174 205.5425
 77.1274 201.6225
 75.8374 197.2925
 77.5074 193.2825
 80.1674 191.0425
 80.7374 188.7125
 79.8474 182.5225
 79.3274 181.0425
 78.1774 179.4925
 74.0974 175.4825
 73.0174 175.0025
 71.9074 174.3225
 71.7274 173.9325
 71.5474 173.3425
 71.6474 172.3325
 71.4174 170.9425
 70.1374 169.1725
 69.2074 163.7525
 68.1574 161.8625
 67.9174 161.5025
 64.1574 153.4925
 64.0074 153.0525
 63.6774 152.5125
 63.1574 151.9825
 61.3074 150.6125
 60.6774 149.8925
 60.3374 149.4125
 58.5274 146.0825
 57.1574 145.2025
 55.9374 144.7125
 54.5274 144.5725
 50.6074 144.8025
 41.8474 145.7425
 29.5674 142.1825
 26.5674 141.6125
 24.9374 140.7825
 21.1274 137.6925
 16.3174 132.1425
 15.7774 131.2625
 15.9474 130.8425
 16.3774 130.4125
 17.5774 129.9525
 18.3174 129.7625
 26.5774 128.9025
 27.7774 128.6125
 28.1374 128.4425
 29.4074 125.9625
 32.7374 116.1025
 28.5674 115.0525
 27.3474 114.4825
 25.7874 112.7525
 25.2374 112.3625
 24.7274 112.1425
 24.3274 112.0925
 23.8974 112.1125
 23.4974 112.1725
 22.7674 112.4425
 21.4374 112.7225
 20.0374 112.8125
 19.3574 112.6725
 18.8874 112.4825
 17.6374 111.3325
 16.3974 110.4525
 15.6974 110.1325
 14.9974 110.0825
 13.5374 110.4425
 12.9774 110.3325
 12.5974 110.2025
 12.3674 109.8125
 12.3674 109.8025
  0.6374 118.3125
  3.4574 118.7525
  5.9774 121.8125
  9.0474 130.3425
 12.0374 135.9225
 12.5874 138.1325
 12.4574 140.8625
  9.9874 147.9725
  9.8874 149.0225
 10.0674 151.1325
  9.9874 152.2625
  8.6874 155.8325
  8.3874 157.0325
  8.2674 160.0825
  8.9474 161.8125
 11.8574 165.2225
 13.4374 169.5525
 13.0374 178.5625
 13.5074 183.3225
 15.1674 184.9925
 16.9074 185.4925
 18.7074 185.7025
 20.5474 186.4925
 21.9774 188.1725
 24.7474 194.5825
  6.6374 218.2525
  5.5774 220.6025
  5.5274 223.3125
  6.4574 225.8425
  9.0374 230.3125
 15.8474 242.1225
 20.2574 249.7525
 21.1174 246.7325
 23.5374 243.6825
 25.6174 242.8925
 25.9774 240.7325
 27.3474 225.6925
 28.9074 224.4825

Retalhuleu
121
 81.7574 135.0325
 81.7574 135.0325
 83.0674 136.2825
 83.4774 137.2525
 83.7674 137.4625
 84.2374 137.6725
 85.0474 137.4325
 85.9074 136.9425
 86.2974 136.9425
 86.7874 137.1225
 87.8374 138.2825
 88.5374 139.2725
 88.6774 139.5825
 89.4774 140.8225
 89.9574 141.3325
 90.3374 141.4925
 90.8574 141.5325
 92.3174 141.1525
 93.1574 140.8425
 93.9174 140.6625
 94.3774 140.6425
 95.0574 140.8625
 95.8874 141.2725
 98.7374 143.2125
 99.5974 143.4725
101.2874 143.3325
103.4974 142.3925
 99.2874 138.6625
 96.1174 135.0725
 95.7474 134.5025
 95.3174 133.6225
 95.2274 133.2125
 95.1474 131.5825
 95.2574 129.7425
 95.3374 128.3225
 89.8174 116.9925
 89.7574 116.0925
 89.7674 115.6225
 89.8274 115.2025
 88.7174 106.7425
 88.8274 105.8725
 89.0374 105.1225
 89.3174 104.4025
 91.0874 101.2325
 91.1674 100.1625
 90.5274  90.7725
 90.6174  88.8525
 90.5474  87.9125
 90.4374  87.2525
 88.8474  84.8825
 87.1074  79.5625
 86.4574  75.2625
 86.1674  70.5225
 86.0074  69.6125
 85.8574  69.2925
 81.8674  63.3525
 82.6974  57.5925
 82.8074  56.4225
 68.2574  65.4825
 47.8974  80.4325
 28.1274  98.3525
 12.3674 109.8025
 12.3674 109.8125
 12.5974 110.2025
 12.9774 110.3325
 13.5374 110.4425
 14.9974 110.0825
 15.6974 110.1325
 16.3974 110.4525
 17.6374 111.3325
 18.8874 112.4825
 19.3574 112.6725
 20.0374 112.8125
 21.4374 112.7225
 22.7674 112.4425
 23.4974 112.1725
 23.8974 112.1125
 24.3274 112.0925
 24.7274 112.1425
 25.2374 112.3625
 25.7874 112.7525
 27.3474 114.4825
 28.5674 115.0525
 32.7374 116.1025
 33.8674 116.8925
 34.5974 117.2125
 34.9374 117.2725
 35.5174 117.1125
 43.7374 113.5725
 45.3174 113.3225
 49.3974 113.6925
 55.2274 115.0125
 59.5874 121.5725
 60.9574 123.1725
 61.2674 123.7725
 61.5974 124.7125
 62.0874 126.7825
 62.5674 128.1025
 63.1874 129.4125
 65.6974 133.1825
 66.3174 134.5625
 67.5374 138.5325
 68.4674 140.0225
 73.4774 142.4725
 75.3674 144.5625
 76.4074 145.4525
 76.9974 145.8525
 77.3774 146.0625
 77.7974 146.2325
 78.3974 146.3225
 78.8774 146.2925
 79.2474 146.1625
 79.4874 145.8025
 79.6474 145.4925
 79.4374 143.7225
 77.4374 138.9525
 77.0374 136.4225
 77.4074 136.0125
 78.1074 135.6525
 79.8474 135.3325
 80.6574 135.0925

Quezaltenango
147
102.3274 206.4925
102.3274 206.4925
 99.8874 205.6925
 92.7374 202.8725
 92.4274 202.7125
 92.1174 202.5125
 91.8374 201.3225
 92.5574 197.1425
 95.9974 183.9825
 96.5474 181.8725
 97.5874 180.4725
 99.9274 178.3525
 99.8874 176.6625
 99.6074 175.8925
 99.5974 174.9925
 99.8574 174.0225
102.0774 171.3925
102.2574 171.0925
102.4674 170.7925
103.4174 170.4725
106.1274 170.7925
109.0874 170.9125
110.2874 168.0925
110.7174 163.7525
112.2374 162.3525
114.9874 157.5325
113.2874 151.8625
109.1974 146.2425
103.4974 142.3925
101.2874 143.3325
 99.5974 143.4725
 98.7374 143.2125
 95.8874 141.2725
 95.0574 140.8625
 94.3774 140.6425
 93.9174 140.6625
 93.1574 140.8425
 92.3174 141.1525
 90.8574 141.5325
 90.3374 141.4925
 89.9574 141.3325
 89.4774 140.8225
 88.6774 139.5825
 88.5374 139.2725
 87.8374 138.2825
 86.7874 137.1225
 86.2974 136.9425
 85.9074 136.9425
 85.0474 137.4325
 84.2374 137.6725
 83.7674 137.4625
 83.4774 137.2525
 83.0674 136.2825
 81.7574 135.0325
 80.6574 135.0925
 79.8474 135.3325
 78.1074 135.6525
 77.4074 136.0125
 77.0374 136.4225
 77.4374 138.9525
 79.4374 143.7225
 79.6474 145.4925
 79.4874 145.8025
 79.2474 146.1625
 78.8774 146.2925
 78.3974 146.3225
 77.7974 146.2325
 77.3774 146.0625
 76.9974 145.8525
 76.4074 145.4525
 75.3674 144.5625
 73.4774 142.4725
 68.4674 140.0225
 67.5374 138.5325
 66.3174 134.5625
 65.6974 133.1825
 63.1874 129.4125
 62.5674 128.1025
 62.0874 126.7825
 61.5974 124.7125
 61.2674 123.7725
 60.9574 123.1725
 59.5874 121.5725
 55.2274 115.0125
 49.3974 113.6925
 45.3174 113.3225
 43.7374 113.5725
 35.5174 117.1125
 34.9374 117.2725
 34.5974 117.2125
 33.8674 116.8925
 32.7374 116.1025
 29.4074 125.9625
 28.1374 128.4425
 27.7774 128.6125
 26.5774 128.9025
 18.3174 129.7625
 17.5774 129.9525
 16.3774 130.4125
 15.9474 130.8425
 15.7774 131.2625
 16.3174 132.1425
 21.1274 137.6925
 24.9374 140.7825
 26.5674 141.6125
 29.5674 142.1825
 41.8474 145.7425
 50.6074 144.8025
 54.5274 144.5725
 55.9374 144.7125
 57.1574 145.2025
 58.5274 146.0825
 60.3374 149.4125
 60.6774 149.8925
 61.3074 150.6125
 63.1574 151.9825
 63.6774 152.5125
 64.0074 153.0525
 64.1574 153.4925
 67.9174 161.5025
 68.1574 161.8625
 69.2074 163.7525
 70.1374 169.1725
 71.4174 170.9425
 71.6474 172.3325
 71.5474 173.3425
 71.7274 173.9325
 71.9074 174.3225
 73.0174 175.0025
 74.0974 175.4825
 78.1774 179.4925
 79.3274 181.0425
 79.8474 182.5225
 80.7374 188.7125
 80.1674 191.0425
 77.5074 193.2825
 75.8374 197.2925
 77.1274 201.6225
 79.8174 205.5425
 82.3674 208.2925
 87.2074 212.2325
 88.0874 213.1525
 88.7274 215.8925
 98.1274 213.4525
 99.1774 212.5925
 99.1274 211.1725
 99.5974 209.8225

Petén
306
432.0174 594.0925
432.0174 594.0925
432.6174 562.3825
433.3874 521.7525
433.5974 480.0925
431.2374 442.2125
428.6774 401.1925
427.4574 386.1425
425.3074 356.0625
421.7274 322.4325
421.4574 315.3925
421.3674 315.4725
421.2674 315.5725
420.5474 316.1225
417.2674 316.5825
404.4074 316.3225
402.7974 314.6825
401.8974 312.3025
401.6474 311.2925
401.4774 310.8125
401.2374 310.3225
400.6874 309.7825
399.0474 308.8125
394.8474 307.7525
393.1574 306.9725
392.0474 307.0825
389.6774 308.3825
386.6974 307.7825
382.9974 306.0525
382.8174 306.0325
382.7374 306.1725
382.3874 313.7425
382.2774 314.1125
381.6774 314.3425
380.7874 314.4225
378.8474 314.3325
377.9974 314.1425
377.3774 313.9325
377.0974 313.7125
376.7774 313.5325
376.4074 313.3925
375.9974 313.3025
375.4674 313.3125
366.8074 314.4525
365.8274 314.4025
364.1974 313.0725
363.8774 312.8825
363.5274 312.7325
362.7674 312.5525
360.8974 312.6625
360.2474 312.8925
359.4574 313.2825
356.5474 315.2925
354.3274 317.1725
353.9374 317.4025
350.6474 318.9325
350.2374 319.0425
349.8174 319.0825
349.2974 318.7025
348.5374 318.2625
348.1474 318.2025
346.9274 318.3125
346.5074 318.3025
346.1374 318.1725
345.8674 317.9625
345.6274 317.7125
345.0474 316.8725
344.8774 316.6625
344.7174 316.5225
344.4574 316.3725
343.7074 316.1625
338.9974 315.9025
336.8374 316.2325
336.2474 316.2725
335.7374 316.2225
335.3574 316.1125
334.8774 316.2825
334.3774 316.7325
333.7274 318.0225
333.5074 318.7425
333.1374 319.6025
331.3174 322.0925
330.8374 322.9625
330.4174 323.5525
330.0774 323.7425
329.2974 323.6225
327.9774 323.7825
325.5374 325.4525
324.9174 324.8125
324.5674 324.6625
322.9774 324.9925
320.6074 326.8225
320.9574 327.8225
320.9174 328.1325
320.6574 328.3625
320.2474 328.6125
320.0574 328.9725
320.0774 329.0425
320.1274 329.1325
320.2274 329.4025
320.2974 329.7225
320.2874 330.0925
320.0974 330.3625
319.7974 330.5525
318.7374 330.9925
318.4574 331.0725
318.2174 331.0125
318.1774 330.5825
318.4674 329.4425
318.5074 329.1525
318.5074 329.0025
318.4974 328.9525
318.4174 328.8625
318.1574 328.7025
317.0374 328.4825
316.6474 328.3025
316.2474 328.2225
315.9074 328.2925
315.3674 328.9225
315.1474 328.9925
314.7574 328.9825
313.9974 328.8025
313.4674 328.9125
313.0774 329.4025
312.9674 329.8825
312.5974 330.2825
311.9774 330.4525
310.4474 330.2225
309.8374 329.8725
309.4674 329.4925
309.3774 329.2025
309.2974 329.0225
309.2774 328.9825
309.0474 328.8125
308.1374 328.9025
284.3474 336.5725
255.8374 340.9625
252.0474 340.5725
252.5674 341.3025
253.5074 343.3625
253.9174 344.5725
253.1174 344.2425
252.7674 344.1425
252.5174 344.0025
252.0074 343.4925
250.9674 343.4925
250.4274 345.9725
253.8074 348.8125
252.0074 350.5425
252.0074 351.4525
255.0874 352.7225
254.1674 354.1825
250.0974 356.5025
249.5674 359.2625
250.5574 361.2525
252.2774 362.5725
253.9174 363.3725
252.0274 364.1225
250.6574 365.2425
250.4274 366.6825
252.0074 368.4325
252.6274 367.8225
253.0574 367.5925
254.8674 367.3425
254.3474 368.1225
253.4974 369.7425
252.9674 370.5125
253.5974 370.4425
253.7774 370.6425
253.7774 371.0125
253.9174 371.4225
254.7474 370.8425
255.9074 370.5125
256.7774 370.8725
256.7774 372.4125
255.9174 372.0625
253.8874 372.8225
252.4674 373.8625
253.4474 374.4025
256.0174 375.2425
258.0874 377.2325
258.9074 379.5725
257.7374 381.4525
256.7774 381.4525
256.7774 380.3725
255.8274 380.3725
256.1874 382.4325
257.5174 383.1825
259.4174 383.0525
261.5574 382.4425
259.9474 385.1725
259.7574 386.0025
259.7274 387.9225
259.4474 390.0125
258.6574 390.2125
257.4174 389.6425
255.8274 389.4225
255.0074 389.7925
253.9674 390.4825
252.5374 391.1225
248.1374 391.6925
247.7774 392.5225
247.9674 393.7725
247.2374 395.3825
246.4074 396.1925
245.0774 397.1325
243.5174 397.5725
240.1574 395.9525
239.2974 397.2525
238.6474 400.3625
237.2974 400.3725
233.6674 399.2825
232.9174 398.9125
232.0874 399.3725
230.1274 399.7725
227.8774 399.8625
226.1574 399.3625
226.8874 400.7525
228.1274 401.8025
229.0974 402.9025
229.0174 404.4325
227.4074 405.4225
225.2574 405.5625
224.0474 406.1025
225.1974 408.3325
224.6974 410.6825
225.6074 413.1525
226.0574 415.2325
224.1574 416.3825
223.7574 415.4125
223.2874 414.9325
222.5574 414.6925
221.3874 414.4825
221.3874 415.3825
223.2274 418.8025
221.3174 424.0425
211.8674 437.7625
209.8374 439.3825
204.8374 441.9125
202.7674 443.6425
203.2474 445.3725
203.2474 446.3625
201.3374 447.4525
200.0274 446.3425
198.3874 446.3625
188.7574 449.3625
186.1774 450.8725
182.1074 455.0125
179.2074 456.4325
181.4674 458.8425
181.1274 459.9925
179.2174 460.3225
176.7874 460.3325
176.5474 459.7225
177.0574 458.3825
177.1974 457.0425
175.8274 456.4325
175.0974 456.8325
173.3374 458.7525
172.5274 459.4225
167.1774 461.3425
165.5174 462.8325
164.8874 465.8625
164.1074 467.4025
159.1674 473.3925
158.6274 474.6825
157.9174 477.4725
157.1674 478.3825
155.6874 478.6625
152.3174 478.2925
150.9274 478.8825
145.9574 484.3425
144.6674 486.3725
144.0674 487.8425
143.3574 490.4325
142.7674 491.4525
141.4774 492.2225
138.6274 492.9725
138.0774 493.9025
137.7974 496.1725
136.9974 498.8125
135.7874 501.1225
134.2574 502.4425
130.4374 502.6425
126.6974 502.0425
123.8474 502.5425
122.7274 506.0225
120.5674 507.2025
116.2474 508.1025
112.9974 509.5925
113.5974 511.8925
114.2874 512.0225
114.6374 512.0825
175.9774 511.6425
176.0574 551.9225
176.1374 592.2725
177.2574 593.5325
180.1474 594.3425
186.1674 594.3425
216.9074 594.3125
247.6274 594.2825
278.3574 594.2425
309.0974 594.2125
339.8174 594.1925
370.5574 594.1525
401.2874 594.1225

Huehuetenango
137
138.1374 274.7925
138.1374 274.7925
137.2374 274.7925
136.8074 274.7325
136.4374 274.6325
136.1074 274.4625
134.3874 272.9725
133.8074 272.7825
133.2774 272.7025
132.8374 272.7425
132.4474 272.4625
132.1274 271.8725
131.9274 270.1225
131.5574 268.7525
130.7474 267.1225
130.2874 266.4225
129.9674 265.5825
129.8174 265.0725
129.6274 261.7025
128.8474 260.3925
128.5674 259.6925
128.4874 259.3025
128.4174 258.8425
128.4174 258.3925
128.5174 257.4925
128.6174 257.1025
128.7474 256.7225
129.0574 256.0625
129.2474 255.7725
129.3974 255.4425
129.8174 254.7925
132.6174 251.4025
132.8474 250.9525
132.9474 250.5025
132.9574 248.6625
133.1174 247.8525
133.7074 246.4525
134.5174 245.2025
135.3874 244.2225
138.0174 241.7525
138.5674 241.6325
139.3574 241.6125
143.4474 242.1125
145.2174 241.7525
149.0874 239.9425
149.3974 237.3225
148.1874 232.1325
148.3274 231.3025
149.1374 229.1325
149.8274 226.2325
147.6674 225.7325
146.4374 225.6025
143.0174 226.2225
141.7574 226.1925
138.5874 225.1325
132.5174 224.0125
131.4074 223.2525
130.7774 222.0225
127.1774 222.2725
125.5374 221.9725
122.1674 220.4525
119.9974 218.8425
113.9374 217.4325
112.5374 217.0425
111.8374 216.6925
111.3374 216.1525
109.4974 213.4325
108.6674 211.8025
108.5674 211.4225
108.2574 207.7825
108.1674 207.3325
107.5574 206.9825
107.0374 206.7425
102.3274 206.4925
 99.5974 209.8225
 99.1274 211.1725
 99.1774 212.5925
 98.1274 213.4525
 88.7274 215.8925
 88.0074 217.8325
 86.6074 219.1925
 85.2274 220.1625
 82.4674 222.5025
 79.8874 225.3125
 77.5674 228.5325
 75.5974 232.1325
 74.9074 234.0725
 74.8074 234.6225
 72.6574 234.6025
 65.0374 232.4225
 62.0674 232.6525
 57.3174 235.6625
 56.0874 236.2325
 55.1674 236.1525
 54.2274 235.8025
 51.8474 234.3425
 47.6074 231.6825
 43.0474 231.3325
 41.1374 230.1025
 36.4274 224.6325
 36.0474 224.1525
 28.9074 224.4825
 27.3474 225.6925
 25.9774 240.7325
 25.6174 242.8925
 23.5374 243.6825
 21.1174 246.7325
 20.2574 249.7525
 25.4874 258.8125
 36.5174 277.9825
 47.5674 297.1425
 57.1974 313.8725
 64.0074 325.7225
 66.5974 330.2125
 69.7474 335.7225
 71.4374 337.8525
 73.6774 338.9925
 80.0274 339.0025
 99.3074 339.0425
118.5774 339.0625
137.8474 339.0925
157.1174 339.1325
175.5874 339.1425
158.4474 304.8925
157.0874 302.2325
147.9874 283.6125
147.6574 283.1425
145.0474 280.6125
145.2174 279.6525
145.3874 279.4025
145.4974 279.0525
145.2174 278.8025
144.7074 278.6125
143.4974 278.4925
142.9274 278.3625
142.3674 277.5625
138.5974 274.8825

Baja_Verapaz
87
303.7474 222.8425
303.7474 222.8425
309.2274 223.0325
313.8074 224.8625
315.0774 225.1625
321.3574 225.6925
321.8274 225.5925
322.3374 225.4325
323.3774 224.8225
324.9474 223.3325
325.5974 222.5125
325.9374 221.8725
326.2074 221.1525
326.0974 219.6825
324.6074 215.4625
318.4274 206.5725
314.6674 204.4825
309.2774 200.8125
297.3374 192.7725
275.1574 177.3225
272.9374 170.2625
272.2474 167.9325
265.1274 166.7625
260.5074 167.5925
258.7474 169.3025
258.1374 171.0025
257.0474 171.9025
254.7774 171.4625
253.6174 170.6225
253.2874 169.7925
252.7174 169.0725
250.8674 168.5825
249.2574 168.4525
247.9074 168.6025
246.8574 169.2325
246.1874 170.5625
245.1474 170.5625
242.8874 169.2625
239.3274 167.9925
235.8174 167.2625
233.6874 167.5925
232.8174 167.5925
232.1874 167.2425
231.5974 167.0625
230.8574 167.3825
229.7874 168.5825
227.7074 168.1825
222.7274 170.0125
221.1374 173.7225
220.5074 175.0925
219.4774 176.0525
218.5574 176.6625
217.5974 177.4925
215.0974 180.1125
215.7174 183.2625
215.7874 183.9425
203.2074 191.8625
192.7674 205.4025
193.6374 221.1025
194.7974 220.5025
217.9774 215.0325
234.3674 214.3125
238.9874 214.6825
244.2274 221.8825
247.4774 221.7225
250.6674 221.7025
255.3674 221.5825
258.6574 221.7025
261.6874 220.7425
269.3874 215.4925
270.8774 214.0025
271.2874 213.8925
271.8374 213.9625
273.2474 214.7325
273.7974 215.3125
275.4974 217.4525
276.1674 218.0325
277.1174 219.4025
278.2374 223.8725
278.3474 224.7725
278.4674 225.0925
278.8174 225.7825
279.0374 226.0625
279.2774 226.3125
279.8774 226.7325
281.7674 226.6225
288.4874 225.0025

