711 522

Atlántida
280
199.7309 344.8103
199.5109 344.2503
198.8409 343.9603
197.6709 342.6803
196.5909 342.4203
197.0309 340.5503
197.8909 338.8803
200.9909 335.3103
201.2709 334.8203
205.6409 331.0203
208.8109 329.1203
209.0309 328.9203
213.3409 327.5503
216.4409 327.7103
217.6809 328.4603
219.0409 330.1903
219.1409 331.4703
221.8609 331.4703
223.4109 331.9903
224.2709 333.1303
225.5109 334.5403
225.4509 335.4203
230.3009 333.8203
233.1809 333.3003
243.4409 330.0903
251.1409 328.6803
251.9309 328.5503
257.5709 328.2603
262.4809 326.9803
266.0909 327.0403
266.9109 326.9403
269.0009 326.0203
272.4909 325.1703
278.9509 324.4503
281.6409 325.4603
287.5609 325.8803
288.5409 326.6603
289.4009 327.0803
290.6409 327.4703
292.0309 328.8403
293.5509 329.6303
293.9009 328.5503
294.9109 329.6003
295.8609 329.3703
296.7509 328.9403
300.1409 328.3803
305.3009 328.2503
308.1209 328.7403
309.8609 329.4303
314.3909 329.4303
322.4409 330.5103
323.9909 331.3303
323.9909 331.3303
324.1209 330.4303
325.2709 329.4303
326.0409 329.3503
328.9109 327.1003
328.9509 326.7403
328.0309 326.5803
327.9209 326.1403
328.9209 321.0803
331.2809 319.9303
332.4709 319.8103
333.7709 318.3903
334.1209 315.2303
335.0409 315.3103
335.5009 314.7603
336.8409 314.9203
337.4909 314.1703
337.8009 310.4503
337.4909 310.2103
337.4909 307.9603
337.7609 307.3703
337.5309 306.1503
336.2109 305.4703
331.8409 304.5103
330.5309 303.0203
330.5309 303.0203
327.3509 303.7703
326.3809 304.4903
325.0409 304.8703
324.0109 304.8603
323.7109 304.2403
321.8209 304.2603
320.7709 303.7003
319.9609 303.9403
319.8909 303.5503
319.4609 303.4303
318.0309 304.7103
315.8909 304.6003
313.5409 303.9903
306.0309 305.9803
299.6509 303.5203
295.6309 300.8403
292.5009 299.9703
291.6309 299.1803
287.5609 299.8203
287.0609 300.5903
286.5909 300.6703
286.0109 300.5203
284.4509 299.0903
282.8609 299.9603
281.7109 299.8303
281.4209 301.8603
280.6409 302.0103
279.4509 301.1503
278.0109 301.2103
276.2809 300.6003
274.9909 301.1203
272.6509 299.3903
270.7009 299.5903
267.4309 299.3803
266.5409 299.6703
266.0809 300.3303
264.2709 298.5603
263.3009 297.0003
261.9909 296.3403
261.0109 295.2103
259.4609 294.6703
259.4809 294.0303
258.7009 293.4003
258.7209 291.9903
255.8309 290.3003
253.9109 290.1803
252.2409 288.3003
250.2009 288.1403
247.2309 288.5003
245.2609 286.1203
245.0509 284.8303
244.3009 283.8903
243.3209 283.9603
242.7209 284.6603
241.6609 284.2203
239.9409 284.2403
236.4709 285.7903
235.3109 285.5003
234.7909 286.0103
233.7809 285.9303
233.0909 286.8703
231.9009 287.2403
229.3809 286.4103
228.2909 287.8403
227.2209 287.7303
226.3609 288.3603
225.4909 287.9903
224.3009 286.7903
222.4009 286.1603
222.4309 286.4203
221.8509 286.4903
221.6109 286.9503
221.8109 287.2203
221.2109 287.1503
221.3209 287.9503
220.4309 287.5503
220.4109 287.9503
220.0609 287.8803
220.3709 288.3603
219.6509 288.6503
219.3009 288.4103
218.9809 289.0503
218.5909 288.8703
218.4109 289.5903
217.9509 289.4303
218.1009 290.2403
217.7409 291.1503
216.4409 291.9603
217.1109 292.6503
216.2309 293.6203
216.4209 294.5003
216.2009 295.0803
216.7209 295.2603
216.5609 295.8603
216.9509 295.9403
216.6109 296.5203
216.8609 297.4203
215.3209 297.5903
214.1309 299.1303
213.6809 298.6303
212.4809 298.6203
211.1109 296.8903
208.6209 296.1303
208.1509 295.6203
207.5409 296.5503
206.7809 296.6803
205.8909 296.4403
205.2109 295.8303
204.6309 295.7203
204.1809 296.0503
203.0809 295.6203
203.1209 295.3503
201.4309 295.0303
197.0709 294.8003
195.7109 295.1303
194.8109 296.0603
193.9509 297.8503
192.9309 298.1303
192.1309 299.5703
191.2309 299.8203
191.0809 300.6703
190.3109 301.8803
190.4509 302.2403
189.9709 302.8603
190.2109 303.2403
190.0809 304.0903
189.6209 305.0603
189.8709 306.2403
189.4009 307.8603
189.3809 311.4303
188.0109 312.4403
187.7609 313.8503
186.9109 313.5803
186.9209 314.1003
185.2609 314.2503
184.5609 315.1403
183.7909 315.3503
183.6909 315.6903
183.2309 315.6303
182.1109 317.5403
179.3109 317.9803
178.9609 318.5303
179.2609 319.4503
179.1109 320.0903
179.1109 320.0903
179.0309 321.2003
181.0109 321.3103
181.1909 321.8503
180.2009 323.0003
180.2209 324.5803
179.2309 326.1103
178.7609 325.8703
178.2909 324.5003
177.8309 324.6103
178.3909 326.3103
177.6109 327.1303
177.4409 327.8803
176.2009 327.9403
176.8709 328.9503
176.7209 330.5603
177.2709 330.6203
177.8609 330.0503
178.3309 330.1903
178.5109 330.6903
178.1109 332.4603
179.1609 331.7903
179.6409 331.8303
179.2909 332.3103
179.4309 334.3503
180.1009 334.8703
179.4309 335.5203
179.3409 336.3603
180.9009 337.8203
181.8909 339.3003
183.0209 338.8503
184.0809 339.5403
184.1409 341.4603
184.5809 341.9003
185.0909 343.8203
185.0909 343.8203
186.1309 343.8203
186.2609 343.4603
187.1209 343.5903
190.6409 341.4903
191.0809 341.2303
193.6809 340.3503
193.8709 340.5503
194.6609 340.9403
194.0609 339.3703
194.7309 338.6503
195.4309 338.5203
196.1009 338.8803
196.0709 340.4203
195.7509 340.6503
195.9409 341.2103
195.5909 342.2203
196.3209 342.0903
196.5709 342.6503
196.2909 342.8103
197.0809 343.6003
197.7109 343.9303
198.2809 343.7303

Choluteca
18
215.2509  41.9603
215.9509  41.7003
216.4309  41.0503
217.1609  40.9503
217.5809  39.0103
217.4809  38.6203
216.9409  38.4603
216.4609  37.0403
216.0509  36.9103
215.9609  35.0303
215.6109  34.4803
214.7609  34.9303
214.5409  36.9703
214.0009  38.4203
214.6709  38.6103
215.0509  39.5103
215.2409  40.7703
214.9209  41.8403

Choluteca
258
215.6909  80.4103
215.5709  81.2903
214.9509  82.1703
215.5909  83.4903
215.5809  85.4503
216.3509  86.2203
216.2009  86.7903
216.6209  87.3803
216.0309  88.3603
215.9109  90.2903
216.2909  90.7203
217.8409  91.0803
220.0609  90.8703
221.0909  90.1503
222.3809  89.8003
223.0409  90.2703
224.5809  90.1703
224.4609  89.4003
223.7309  88.7603
223.6209  87.8903
223.1009  87.4203
223.0509  85.4103
223.8509  85.5303
223.9509  84.7203
224.8909  83.4603
225.8009  82.9203
226.7009  82.8603
226.9309  81.2503
230.4209  81.5403
230.9009  81.3003
232.3209  81.8403
233.8909  81.1003
233.9709  80.7303
235.8909  80.5603
239.1609  81.5703
243.9809  79.3303
243.9809  79.3303
242.6809  73.3103
245.4009  73.1203
245.9609  71.7303
246.3609  71.6403
247.1709  70.6203
246.8809  69.5803
247.2409  68.9903
247.2709  67.1803
249.0909  65.5303
250.4609  66.0203
252.1209  65.3503
255.7709  66.1903
255.3509  63.8303
256.1109  62.9203
256.2409  61.5503
256.9109  60.8603
258.8409  60.0803
259.0809  60.1503
259.1409  61.0803
260.7309  60.0703
261.9509  60.7703
262.5109  62.2103
263.7109  62.6003
264.2509  62.3603
265.3409  62.5803
265.4609  64.3503
266.9409  65.1603
267.3209  65.7303
267.1409  67.7703
267.6909  68.4503
269.2109  69.6303
271.1009  69.6703
271.6009  70.3703
272.7709  70.9503
274.8809  73.2603
275.9509  75.3803
275.7909  76.3703
276.0909  78.4003
276.5209  78.1403
276.8709  77.1403
279.2409  77.0803
280.9009  77.7803
280.8209  77.1903
281.2709  76.8103
285.1709  78.6703
286.4509  80.3803
288.7109  80.4903
289.4109  79.6703
290.2409  79.6103
290.5509  81.1303
291.9809  82.9803
292.4909  82.3403
293.1009  82.7603
294.5109  82.8403
294.5109  82.8403
293.0409  80.0503
292.8909  78.5603
293.5409  77.8603
296.2509  76.7903
296.7309  76.1403
294.9209  70.1003
294.8209  68.8003
294.9609  68.4603
296.7809  67.5803
297.3909  66.1903
298.3509  57.7503
299.7209  54.6703
300.0909  52.6003
300.0609  51.5703
298.0609  48.9403
297.7309  47.8003
298.4809  46.3003
301.1409  45.4103
301.4409  45.0603
302.3309  39.8603
302.1009  36.9803
301.8809  36.4403
298.0009  33.6103
296.2009  33.1303
289.0209  37.7103
287.9309  37.6103
283.8509  36.3003
283.1709  35.6503
282.4509  34.0503
278.9109  31.9003
279.2109  30.7303
278.5609  27.8903
277.9509  27.1503
277.9409  25.6903
276.5109  23.2803
276.5609  21.9403
277.7309  19.0103
276.8609  18.5403
277.1509  17.6303
276.0209  16.1603
277.7209  12.4603
273.8309   8.9203
272.9309   5.6303
272.3409   5.5503
270.9709   4.4003
269.4709   4.1703
267.0009   2.3603
265.9109   2.7603
265.2509   0.7503
264.8209   0.5103
262.8509   0.2603
260.8109   1.7203
258.6909   1.8803
254.4209   1.8503
236.3409   0.3303
233.1809   0.6403
232.8909   0.9703
233.1709   1.4903
232.4709   1.7803
233.4809   2.4603
234.4909   4.1703
236.8409   5.0103
236.9709   5.2003
236.5909   5.1703
232.8809   4.5603
228.9809   7.1103
226.3209  11.4403
227.9409  12.3403
229.4609  12.6303
230.7909  13.5703
230.6609  13.7303
230.4409  13.5703
227.9409  12.8603
227.6909  13.6703
226.3909  13.6703
226.0109  14.1503
224.8709  14.5003
223.8209  15.2403
222.5509  14.7903
221.9509  15.0203
221.4409  15.1803
220.0109  15.3403
220.0109  14.8903
219.6009  14.7903
219.8509  17.4403
219.5009  18.7003
219.3409  18.9903
219.3409  20.6103
218.1309  24.2003
217.1209  26.4003
216.1709  27.5003
216.3609  28.2403
217.1209  28.7603
218.2009  28.6603
218.0709  29.4003
216.8709  29.2403
216.7409  29.2403
216.4209  28.9503
214.2009  31.7603
213.0609  32.4703
212.5509  32.7303
210.7809  33.5403
209.8309  33.2503
209.7409  34.1503
210.1209  35.4103
211.2909  36.8703
212.3009  36.7403
212.9309  37.3203
213.0909  37.5503
213.4409  37.4903
213.8509  36.7503
214.6409  34.2903
215.4009  34.0303
216.1609  34.4503
216.5709  35.9003
217.2709  36.5103
217.3709  37.3803
218.2609  38.6703
218.5109  38.8003
219.1409  38.0603
219.6209  38.0303
220.2509  38.7403
220.0009  39.0903
219.9709  38.7003
219.3709  38.2503
218.6409  38.9903
218.0809  39.0903
217.8509  39.3603
217.6009  40.3303
217.3809  41.4503
216.6809  41.1903
216.2409  41.8703
216.2409  43.4503
218.2009  43.4203
218.3309  43.6503
219.2509  43.0303
219.9809  43.0003
221.6309  45.0103
223.9809  44.8503
224.5509  45.7603
224.4109  46.7403
224.7409  47.2503
224.7409  47.2503
225.0509  47.4703
224.7809  47.8403
225.0509  48.3203
225.3209  48.5103
226.0009  48.2303
227.9309  49.1303
228.5009  51.1503
229.1509  51.8403
229.0209  52.9603
229.4709  53.3103
226.5509  57.6603
226.4309  58.8303
227.0009  60.2203
227.1809  62.5203
223.7509  64.1303
222.6709  65.3103
220.9909  68.5703
221.3309  69.3203
220.8009  70.3003
219.3809  70.8503
221.2009  76.1403
219.6009  77.3303
216.5209  78.8003

Colón
234
382.8609 356.6703
391.3209 355.0003
397.3709 354.4103
407.4809 351.7903
410.2709 350.8703
411.7909 349.7203
412.1409 349.3903
412.5809 348.7703
412.9309 348.7703
413.6009 349.6503
414.1409 349.6503
417.1509 348.4103
417.6909 347.8503
417.7209 346.8703
418.3509 346.8403
418.5109 347.4303
426.1109 342.6203
437.8009 337.6403
440.4309 336.9503
444.4209 336.8203
446.0409 337.1503
447.4309 338.3303
449.6509 338.5303
450.6009 338.9903
459.6609 338.7603
465.1109 339.2203
469.9209 340.1703
473.3709 341.2503
476.3809 342.6203
482.7209 347.9903
485.6709 349.8603
488.3009 351.0703
488.8109 351.3003
491.2809 351.7603
494.3809 351.6003
494.8209 351.4403
495.1709 351.5403
497.1009 350.9203
497.1009 350.9203
496.7509 350.8003
496.6409 350.0303
497.1109 242.9303
497.1109 242.9303
485.6709 256.0703
470.0409 259.9503
460.3309 272.4903
453.9009 282.2403
437.8709 288.1103
435.1909 290.0203
428.3709 297.2103
415.9309 303.4003
414.4409 302.8403
413.8009 301.9103
413.0409 301.5803
411.6909 301.8403
410.3209 303.5203
409.6509 303.8203
408.5209 303.0203
407.1409 302.8103
406.9709 302.0803
407.3409 300.9203
407.1309 300.4403
406.3409 299.9203
404.2709 299.3803
402.2709 297.1803
401.7209 296.1303
400.5309 296.2503
399.6609 296.7803
398.5909 296.7703
398.0009 297.6503
395.7909 297.4603
394.8909 296.5103
395.4509 294.1703
390.7009 289.4603
390.3609 289.2503
389.3109 289.4503
388.8409 289.1503
386.8209 286.8703
386.3909 284.9803
385.5109 284.6603
384.9309 283.8503
383.7609 283.9603
383.3109 283.0103
382.0109 283.1103
381.5309 282.2803
380.1309 282.5103
379.5509 282.0003
379.3109 281.1103
377.9309 280.8403
376.8609 282.0803
372.7609 282.5403
372.2709 281.1103
370.9409 281.6803
369.6609 280.3603
368.2609 279.6903
366.8809 279.7703
365.9709 279.1403
365.4709 279.1603
363.6409 279.5503
356.1009 284.1803
356.1009 284.1803
356.1909 287.6803
355.1409 289.0003
355.6809 289.9403
356.6109 290.3103
356.0309 291.7803
356.6009 292.3003
356.3109 293.2203
356.8809 295.0503
355.5409 297.5703
356.4709 298.3203
353.9609 298.1303
354.2509 297.2003
353.8009 297.0503
353.0609 297.8303
352.7209 297.3703
351.8109 298.0603
351.7509 298.6703
350.8909 298.7503
350.5909 299.2103
349.0809 299.1203
348.4909 299.6003
346.8609 299.6403
346.6309 300.1003
346.1709 299.7503
345.8309 300.1603
342.4609 299.7403
341.4709 299.9203
340.6309 299.1003
337.4509 298.7803
336.7409 299.2503
336.4109 300.0603
334.7909 300.8903
333.1209 302.3303
330.6009 303.0803
330.6009 303.0803
331.9109 304.5703
336.2809 305.5303
337.6009 306.2103
337.8309 307.4303
337.5609 308.0203
337.5609 310.2703
337.8709 310.5103
337.5609 314.2303
336.9109 314.9803
335.5709 314.8203
335.1109 315.3703
334.1909 315.2903
333.8509 318.4503
332.5509 319.8703
331.3609 319.9903
329.0109 321.1403
328.0109 326.2003
328.1309 326.6403
329.0509 326.8003
329.0109 327.1603
326.1409 329.4103
325.3709 329.4903
324.2309 330.4903
324.1109 331.3903
324.1109 331.3903
325.0309 331.7203
326.3609 331.6203
332.1309 328.3103
335.3609 327.1603
336.5009 327.3203
337.5109 328.1403
340.1709 327.4203
341.5609 327.4803
342.5109 328.1003
343.0509 329.0503
344.1609 329.3403
344.5709 329.9603
347.0709 330.2203
349.9509 331.2703
351.1909 332.6403
352.5509 333.2303
353.4109 334.7703
354.4909 335.1603
355.1909 336.3403
357.1909 338.1103
358.3609 338.4703
359.5609 339.3203
361.5609 339.7103
362.0009 340.1703
364.3409 340.2003
366.1109 341.1203
367.6009 341.3203
368.4209 342.1103
369.6609 341.5203
374.9209 341.2203
383.6609 342.1103
386.5109 343.7403
389.3609 344.6603
391.0409 346.6203
392.0209 346.6503
393.3209 347.8303
393.7909 348.5903
395.4109 347.6703
396.4609 346.3603
397.1909 346.0003
399.7609 346.7203
400.6809 348.0903
400.9009 348.2503
401.6009 349.8203
403.0909 349.6903
403.4709 350.1203
403.2509 351.4003
401.5109 351.8603
398.8809 353.1103
397.5809 352.7203
397.4509 353.0103
396.5009 353.2103
395.2609 352.4903
395.3909 351.9703
394.9109 351.5803
395.0409 351.3203
395.3309 351.1603
395.4609 350.4403
394.0009 349.7503
392.1209 347.1703
391.5209 347.1703
392.3309 349.0903
392.6709 351.2203
392.4809 352.6903
391.7209 353.9003
389.6609 354.6503
388.1409 354.2903
386.7809 354.4203
385.8309 353.8603
384.5609 353.8903
383.2309 355.1703
381.3009 355.9903
381.4909 356.4803

Comayagua
322
183.5709 236.2603
185.2709 235.8103
187.0209 236.3303
187.9409 236.1203
188.8409 236.8703
189.4009 236.4303
190.6009 237.2203
191.0709 237.1003
191.4409 237.6503
192.3509 237.0603
193.2209 237.2303
193.7309 236.9803
194.1509 237.4503
195.2109 237.4903
196.4309 236.1803
196.9509 236.0103
198.1409 237.5603
200.9309 238.0003
201.0709 238.3803
200.2709 239.2203
200.4009 239.4403
201.2909 239.6703
202.0809 239.4403
203.2209 241.0403
204.3609 240.9203
205.4409 241.4803
206.5809 240.2603
207.2209 240.2503
207.9509 239.6203
208.2009 238.8103
209.1809 237.7003
209.6809 236.4303
209.2709 235.9103
209.3709 233.8903
210.1609 233.2303
210.2109 232.4103
211.2609 231.6003
212.3009 231.7303
212.0709 230.7003
213.4609 230.7703
213.3609 229.9403
213.7409 228.7303
213.2909 227.8003
213.7409 226.9303
214.4809 226.6203
213.8409 225.6003
214.3909 225.2403
214.1609 223.9803
214.6809 223.2903
215.8109 223.3003
216.0909 222.9803
216.4309 223.2003
217.2809 222.6603
218.8909 223.3703
219.8209 223.2003
220.2809 224.1303
222.8509 226.5303
224.7809 226.9103
225.0009 226.4403
226.4709 225.6903
228.7309 225.7503
229.2209 225.4103
229.8809 225.8803
231.4809 223.8203
232.0009 224.0503
232.6709 225.2903
234.1109 225.3403
235.5709 223.1503
236.7309 222.3903
237.9509 222.0803
239.0309 221.2403
240.7209 220.9303
240.8909 220.2203
240.8909 220.2203
240.2809 219.8603
240.1009 219.3403
240.8309 219.2403
241.6009 218.1903
241.4109 216.7303
239.8009 216.1803
237.7109 216.3803
236.9109 215.7503
236.5209 214.6003
235.7409 213.9403
235.4609 212.3903
236.0809 212.0503
236.2609 210.8703
237.2609 209.5003
236.9809 207.4503
237.3909 207.1103
237.5109 205.9503
237.3809 204.6103
236.7409 203.8803
236.7009 202.5903
235.3909 202.4403
235.5809 200.7703
235.0609 200.3303
235.6509 199.5003
234.5509 199.1803
234.4909 198.6203
233.9409 198.4103
232.9609 198.6203
233.1209 197.9703
232.4009 197.7403
231.4409 196.7403
230.2009 196.7403
230.0409 195.7803
230.6909 195.2203
230.5209 194.9103
229.6709 194.8503
229.5609 195.5603
228.9309 195.5003
228.7609 194.9303
229.3009 193.8403
229.3609 192.9103
228.6309 192.1603
229.1609 191.4403
228.6709 191.3903
228.1609 190.5403
228.4109 189.3903
227.9309 188.8603
228.0309 188.3803
225.6309 188.3203
224.7609 188.8103
224.7109 189.5003
223.3209 189.1903
221.0909 190.0403
220.2009 189.6603
220.5609 188.2203
219.7409 186.3103
219.9909 184.3603
219.5809 184.3003
218.6909 182.9503
213.1309 178.0403
214.9509 172.7003
216.5409 172.4003
217.6109 171.1903
218.7209 170.9203
219.2609 170.0703
220.7509 170.0103
220.7409 167.8703
220.2209 167.3303
218.9909 166.9903
218.9109 166.6703
221.5209 166.2403
221.9909 164.7103
222.8109 164.3803
222.4609 162.8203
220.5509 158.2403
217.1509 157.3203
216.6309 156.9203
213.3209 151.7303
214.4409 148.8403
216.2809 147.6803
218.3809 146.9303
218.5309 146.3703
219.9409 146.1103
219.6209 145.5803
218.6609 145.3803
219.2709 144.5903
218.8709 144.2303
219.1009 143.9503
218.6609 143.8603
218.6909 143.4703
217.1509 143.4903
214.2609 142.3203
213.4709 141.1803
213.3009 139.9503
212.5909 138.4203
210.2209 137.2703
205.3709 133.6503
201.1309 134.3903
200.0309 133.8103
196.9709 130.0703
196.9909 127.4203
196.9909 127.4203
193.9109 127.6703
193.1709 127.4003
192.5309 126.8403
192.3409 125.8903
190.4209 124.3103
190.2309 123.5103
189.2609 122.8803
189.0709 123.4403
189.4009 123.5803
189.0909 123.7403
189.1109 124.8203
188.7809 125.1303
189.1109 125.2503
189.0909 126.8003
189.5009 127.0403
188.3509 129.6203
186.5709 128.4803
183.9809 132.7203
181.7309 132.7903
178.9209 133.5003
178.9109 135.2903
180.6709 136.4003
178.7209 139.5203
174.7009 140.6703
174.6309 142.2003
173.8009 143.3003
174.2009 144.0303
175.4809 144.7103
175.6209 144.0603
179.4309 145.7803
180.0209 144.7603
180.5109 145.0203
181.2009 144.8403
182.1109 145.3703
183.6109 145.0403
184.2809 146.1303
185.4209 146.3103
185.6709 146.6803
186.6809 146.9803
188.0609 146.7203
189.8409 147.9803
190.0809 148.4803
190.3809 147.6803
191.2209 148.2503
191.4109 147.6003
192.0409 148.6903
192.6809 148.3003
192.9409 148.9203
193.4509 148.1703
194.7009 148.8703
194.3909 150.1603
195.1609 149.8703
195.5909 150.9703
196.0709 150.7603
195.5009 152.8903
194.9809 153.0303
195.9409 154.0803
194.8109 154.5603
194.9609 155.3803
194.5809 155.4803
194.7509 155.7903
194.4809 156.3403
195.1109 157.5403
194.7109 157.5803
194.4509 158.0703
194.5009 159.1703
194.0009 159.8703
193.6509 159.8903
193.9009 161.1903
193.5709 160.7103
192.7809 161.1803
192.4409 160.5603
192.1609 160.8203
187.9509 158.2003
186.7109 159.3303
184.4809 159.6003
182.2409 160.8603
179.2209 161.0603
178.6509 162.0103
178.4509 163.1803
177.1209 163.1603
175.9209 163.5803
173.6209 163.4403
172.7509 165.7403
171.5809 167.1903
171.5809 167.1903
172.5609 167.9703
172.0709 169.7403
171.2309 170.2003
171.1509 170.7203
168.4409 173.7003
167.7909 175.1903
166.4109 175.9303
166.0709 177.2103
166.6009 178.4003
166.0809 179.6103
162.9809 180.9303
161.9309 180.7903
161.6909 181.0303
160.8509 183.9403
160.8409 185.6603
159.5809 187.1303
159.6309 188.9403
158.1609 189.4003
156.9509 189.0003
155.9209 190.1903
149.9109 191.8503
147.7509 191.5103
147.1209 192.2403
146.7909 193.5503
145.9309 194.3803
145.9309 194.3803
148.5709 196.6703
146.4909 199.8903
145.2109 200.1503
145.1809 200.9003
149.4809 205.6903
151.8009 206.6503
155.5209 210.5403
155.5209 210.5403
157.0209 210.6003
158.1209 211.9903
166.6409 217.5203
168.3909 218.8803
169.3509 220.4003
171.1009 221.3903
170.9709 222.0903
172.4109 223.4903
174.0509 223.5703
174.3409 224.2003
175.1709 224.1903
175.5209 225.0203
176.1009 224.6003
176.9909 225.3003
177.2309 226.7403
178.8309 226.2803
178.8709 227.4803
179.4709 228.2603
182.7509 229.2603
184.1209 230.9603
184.0409 231.5503
184.4009 232.2103
184.1209 233.1803
183.4809 233.3003
183.2909 234.0003
183.6109 234.7603

Copán
143
 67.5209 269.6803
 73.7909 263.0603
 72.5209 259.9403
 73.8209 259.3403
 75.2109 257.4903
 76.1909 257.0903
 76.8209 254.9703
 77.4909 254.1603
 78.5709 254.2003
 81.0909 252.4503
 79.7309 251.5503
 79.2909 250.1503
 79.2009 247.8203
 81.4509 245.5803
 81.7109 244.2703
 82.3709 243.3403
 82.2709 242.6003
 81.6709 241.9703
 80.1709 241.7503
 77.9909 239.4703
 77.4009 233.8803
 76.6609 233.0803
 74.8509 228.2703
 76.4109 224.7203
 77.8909 224.5103
 79.8309 225.6403
 81.0809 225.6503
 81.8309 225.1603
 81.5009 224.3303
 81.5009 224.3303
 82.2209 222.0103
 80.9909 220.0903
 81.1609 218.8903
 81.7009 218.0203
 80.5709 218.1103
 80.1709 217.1703
 80.6109 215.6403
 78.6409 214.3603
 77.6609 212.1303
 77.8909 210.9303
 77.3609 208.7203
 77.5709 208.2603
 78.8909 207.7103
 79.2609 205.1603
 79.8609 204.6103
 79.3109 203.6803
 79.8209 203.4803
 80.1509 202.3603
 80.6209 201.9903
 80.5609 200.7603
 80.1109 200.6303
 80.1009 201.0803
 79.5709 201.2103
 79.1109 200.6703
 78.9909 201.1403
 78.2509 200.9003
 77.3909 201.3503
 76.2409 200.1003
 74.6809 200.2403
 71.4709 199.5603
 68.7809 200.4403
 66.6809 200.2503
 64.9609 201.0203
 64.3509 200.4103
 64.2109 199.2403
 63.7409 199.1103
 66.5309 193.2003
 68.2009 192.8803
 69.0109 192.2003
 71.2809 188.4603
 69.1909 186.6403
 68.4509 186.4803
 66.8809 183.5203
 66.2209 181.2903
 66.2209 181.2903
 63.7109 180.5503
 62.0309 179.3203
 60.4409 179.8103
 59.7309 179.5003
 59.8409 178.5003
 60.3709 177.7303
 59.9409 176.8503
 60.5209 175.6103
 58.0809 174.9503
 57.2509 176.7203
 52.5809 177.5803
 50.2309 180.2803
 50.5909 182.1003
 49.1709 182.1403
 48.4209 182.7703
 49.0809 183.1603
 48.8909 184.5203
 49.3809 185.2103
 49.1409 186.0003
 49.6709 186.1603
 49.6909 186.8703
 45.4409 190.8203
 42.6909 192.2003
 41.2309 193.8903
 40.5909 195.0403
 40.7309 196.3403
 39.9409 197.8503
 40.1409 198.6903
 39.4509 200.6903
 38.6909 200.5303
 37.4109 201.0903
 34.9509 200.7203
 33.0809 201.0003
 31.2109 202.2003
 30.6209 201.8303
 29.2409 201.8603
 26.6809 201.0703
 24.9809 200.2803
 24.9809 200.2803
 25.8009 202.3403
 22.0109 204.4003
 21.6209 209.5903
 17.7709 213.4903
 15.3109 216.9503
 14.9109 219.9703
 15.2909 222.4803
 18.7809 224.3903
 19.3709 225.0703
 20.5709 226.5403
 21.2409 227.7503
 20.9709 228.9603
 21.9209 229.5703
 22.4609 232.1803
 22.9709 233.3203
 22.9509 233.9303
 21.8009 234.1603
 21.6409 234.9003
 20.5009 235.2803
 20.1309 236.3203
 19.6709 236.3003
 19.9009 237.3803
 20.6609 238.1803
 20.8409 239.7303
 22.1709 241.9503
 22.6409 243.4003
 23.3909 243.9903
 44.0009 251.8203
 60.0809 265.7003

Cortés
346
185.0109 343.9303
184.5009 342.0103
184.0609 341.5703
184.0009 339.6503
182.9409 338.9603
181.8109 339.4103
180.8209 337.9303
179.2709 336.4703
179.3609 335.6203
180.0309 334.9703
179.3609 334.4503
179.2209 332.4103
179.5709 331.9303
179.0909 331.8803
178.0409 332.5503
178.4409 330.7803
178.2609 330.2803
177.7909 330.1403
177.2009 330.7103
176.6509 330.6503
176.8009 329.0403
176.1309 328.0303
177.3709 327.9703
177.5409 327.2203
178.3209 326.4003
177.7609 324.7003
178.2209 324.5903
178.6909 325.9603
179.1609 326.2003
180.1509 324.6703
180.1309 323.0903
181.1209 321.9403
180.9409 321.4003
178.9609 321.2903
179.0409 320.1803
179.0409 320.1803
178.8409 319.3203
178.0609 318.8003
176.7709 320.3503
175.8709 320.4803
175.4209 318.2603
173.1809 317.3803
171.8009 315.6703
172.7409 315.8703
173.7709 315.5403
174.7309 316.2303
175.3309 316.2803
175.3309 315.4303
174.1009 315.5103
173.3709 314.9503
172.8209 313.3003
173.0109 312.4203
174.0009 311.8503
174.7809 313.1103
175.4309 313.1303
175.5709 312.5203
174.8709 311.5003
175.1209 310.6803
176.3209 310.0203
178.0109 310.4603
178.9209 310.3003
179.2809 309.5403
178.9709 307.8903
180.0709 306.7603
180.0009 304.7103
178.5809 305.1403
177.9709 304.6803
179.3209 302.3503
179.0809 301.6803
178.3809 301.5403
177.8209 302.4903
176.7409 303.1703
175.9809 303.2603
175.6009 302.8403
176.3309 300.5403
175.7409 299.9303
174.7309 299.7203
174.4709 299.1303
174.6909 297.5503
175.6809 296.5503
175.5409 295.7803
174.8309 295.7003
173.5609 296.8603
172.7509 296.5503
173.3009 295.1003
172.3709 293.8903
172.3509 293.3003
173.7909 292.2603
173.3009 290.4703
175.1809 289.6803
175.5009 289.0003
175.3809 287.9803
173.7009 285.7903
173.0709 286.0603
172.5509 288.1603
170.0809 288.0303
169.3009 287.5403
169.5509 286.8403
171.3109 286.3903
173.7609 284.9203
174.3809 282.8003
174.3009 281.5903
173.7609 281.1703
172.1809 281.5603
171.2009 278.2303
170.0109 276.7403
167.8409 275.2503
167.9009 274.6503
169.4409 274.3603
169.2509 273.5503
168.5109 273.5003
167.3109 274.5203
166.9409 274.0603
166.7309 272.3903
166.2209 271.9003
164.8809 272.2203
163.7409 271.9403
163.7209 271.2003
164.8409 270.2003
164.9309 269.7303
163.1209 269.6403
162.6009 268.4403
162.8609 268.1203
164.4509 267.7203
164.2909 266.3703
163.6209 266.0103
162.3809 266.2803
161.9209 266.1003
162.1209 264.9903
161.5509 263.6003
161.9009 261.5803
163.4209 262.5903
162.9509 261.3203
163.7109 260.2803
163.0809 259.1503
163.7909 258.5503
163.2109 258.0303
163.3609 257.5803
164.5909 257.3903
166.1609 256.4403
168.1709 256.8903
169.6509 256.7203
170.4009 255.2003
171.6509 254.7103
171.3609 253.6303
171.7809 253.1303
172.3609 252.9403
174.6909 253.3803
175.3909 252.2803
176.7109 252.9203
177.4509 251.9803
177.3709 251.3203
177.0109 251.1403
177.1709 250.8303
179.0409 250.5103
180.3209 251.3203
181.8609 250.3903
182.0409 249.6103
183.4809 248.1403
184.4309 247.7903
183.7009 246.6103
184.1109 246.0603
183.8809 245.3803
184.4209 244.9603
184.3909 244.6103
184.0609 243.9703
183.1109 243.4203
183.1209 241.5403
182.6209 240.3203
183.3809 237.7703
184.3509 236.9103
183.6309 236.1503
183.6309 236.1503
183.6309 236.1503
183.6309 236.1503
183.4009 235.2003
183.6709 234.6603
183.3509 233.8903
183.5409 233.2003
184.1709 233.0703
184.4509 232.1003
184.1009 231.4503
184.1809 230.8603
182.8109 229.1603
179.5409 228.1603
178.9409 227.3903
178.9009 226.1803
177.3009 226.6403
177.0709 225.1903
176.1709 224.5003
175.5909 224.9203
175.2409 224.0803
174.4109 224.0903
174.1309 223.4503
172.4809 223.3703
171.0409 221.9703
171.1709 221.2603
169.4209 220.2703
168.4609 218.7503
166.7109 217.3903
158.1909 211.8603
157.0909 210.4703
155.5909 210.4103
155.5909 210.4103
154.8209 211.7703
154.2809 213.7603
154.5909 217.1203
155.3209 219.8803
154.1509 220.8403
153.0109 220.7103
151.9109 221.0003
152.3509 221.1103
152.5709 221.8603
152.2509 222.6403
151.6109 223.1603
151.8209 224.2203
151.2509 223.5703
151.0409 223.6703
151.2209 224.0103
150.7609 223.7703
150.8809 224.9203
151.4109 225.1103
151.3009 225.5103
152.1109 226.2203
152.0709 226.5703
148.4909 225.5603
149.7809 233.3803
150.8409 234.4203
151.0809 239.4903
151.7309 240.3903
152.0009 241.7003
150.4409 243.4703
147.5709 243.7903
146.9709 244.6603
145.3809 244.7303
143.1209 246.7403
141.3309 249.4203
143.2509 252.3003
144.1109 252.7003
144.8009 254.0103
145.6309 254.5203
145.6709 255.6403
147.1709 256.9103
147.2409 258.2803
147.6809 259.0503
143.1109 259.6403
142.0209 263.3303
140.4709 265.1603
139.6309 277.9503
137.8109 278.7003
135.8309 278.0103
134.0609 279.4103
133.3909 279.5503
132.4209 281.1303
129.7009 282.2103
128.2009 282.4603
127.2409 284.6603
126.8409 284.8603
127.0509 285.5603
126.7309 286.1203
127.3309 287.9003
126.8409 289.4103
126.9209 290.3703
127.7709 291.6003
127.4309 292.6903
104.8709 299.2003
104.8709 299.2003
113.9409 306.5103
116.9209 310.1803
118.2009 312.3803
118.0509 314.2303
118.8209 314.5203
119.2909 315.3703
120.1409 314.3303
122.3509 314.9103
123.1709 315.7703
125.2009 315.9103
126.7309 316.7503
127.1509 317.3503
127.2409 319.1603
126.4709 320.2103
129.3309 320.4603
133.0709 317.4203
136.1409 315.8503
138.4909 315.6503
140.5209 316.2103
142.7109 318.5003
142.7109 319.5803
142.1409 319.2903
142.0109 319.7803
143.0609 321.4103
144.6809 321.6703
145.2509 322.1603
145.7609 323.5303
146.4909 323.6303
146.9009 324.2503
147.6909 324.3203
148.9909 325.3303
149.2109 326.6103
148.8309 327.2003
148.9909 327.5303
149.3409 327.6003
149.6609 327.7603
154.5409 327.9903
156.8909 329.2003
157.2409 329.9203
158.5109 329.8903
159.8109 330.2803
161.3309 331.3303
161.8409 331.9203
162.0009 332.9003
162.7909 332.8703
163.1409 333.6503
163.9009 333.0303
165.1409 333.4503
166.5709 336.1703
165.7209 335.5803
165.6309 335.8703
166.1709 336.3903
165.9809 336.5503
164.3309 336.4203
162.3409 334.4203
162.7109 333.3403
162.4909 333.1103
162.0509 333.2103
162.1109 333.7303
161.7009 334.2903
158.6609 334.7103
158.7209 335.7203
159.8009 337.0603
161.4809 337.2603
165.2809 337.0003
166.0409 337.2903
167.2109 338.6003
169.3009 340.0403
171.2309 339.9703
172.4009 340.2603
173.5709 341.1803
175.2209 341.1503
175.7309 341.5103
177.6009 341.3503
178.1409 340.9203
178.7709 341.1203
181.0509 340.5603
182.1909 340.6203
183.4309 341.0503

El_Paraíso
323
299.4509 166.8303
304.3009 165.3603
304.8109 164.4703
305.8309 164.1103
306.2509 164.2003
306.8109 165.3403
307.6509 164.9603
308.8909 165.1703
309.3909 164.3203
310.7009 163.3803
310.7809 162.1403
311.3909 161.1703
312.6409 162.1003
321.1609 160.2003
322.0309 158.9703
322.6809 158.9303
323.5609 157.0003
327.7909 156.6203
328.2909 155.6003
329.6709 154.5103
330.4909 151.5703
338.9909 150.8003
340.1309 150.7903
340.9109 151.3603
341.7309 151.1103
343.2709 152.3203
346.2309 153.8603
348.2709 155.8203
350.2409 156.3103
350.9609 157.3003
355.7309 158.6403
361.9709 159.0803
365.9609 149.6903
374.3109 147.4603
374.5609 147.6003
374.2909 148.0703
374.4409 149.4503
375.3409 150.2103
376.3309 150.1103
376.5509 149.7103
378.2309 149.2703
378.8509 149.3603
380.3009 146.0503
381.9009 143.9403
382.2909 143.0503
382.5609 140.8103
383.6909 139.2803
385.5509 138.6003
388.1709 138.1903
390.1609 135.6703
390.7409 134.2803
392.1709 133.3903
394.7909 133.3903
395.8209 135.1603
395.9209 137.0003
396.5109 137.9503
400.6309 139.8903
403.6709 137.7503
405.7909 137.3003
406.7509 138.2903
408.5109 141.4603
409.2409 141.5203
410.0109 140.3303
410.8009 140.0903
414.2009 140.8403
417.7609 139.9203
419.1509 139.1403
419.9809 139.1803
420.3409 140.7103
421.0409 141.0803
423.0009 138.3603
424.9409 137.5103
425.5709 136.6903
425.5009 136.1803
426.0709 134.9603
426.9009 134.1103
426.6309 132.8803
425.6709 131.6903
425.9709 130.2003
428.3609 128.8003
428.6909 128.2903
430.0309 127.9903
430.7709 126.7603
430.8509 126.0103
430.8509 126.0103
430.0009 124.0203
429.3609 123.6003
428.5209 123.6903
427.0809 121.6503
425.5009 121.1803
424.3109 120.0003
421.8909 120.4203
420.9609 120.1703
420.2809 117.5403
418.5709 116.1603
416.6509 117.0903
415.1509 117.2903
414.3409 116.8403
412.8009 115.1303
411.8809 114.6603
410.4309 114.5903
409.8309 113.8203
409.9809 108.5303
409.1409 104.8603
411.6509 103.1503
412.1509 101.6703
411.6009  99.9903
410.2509  99.0603
409.3809 100.2503
408.4909 100.5503
406.1809  99.9203
403.9009 100.0203
403.1009 100.3803
402.6209 101.3803
401.9609 101.6503
401.4309 103.1003
400.1009 104.3503
400.1809 107.3803
399.3309 108.5603
397.9109 109.2703
395.1509 109.5903
394.3909 108.6803
394.2209 107.4303
393.6509 107.0003
391.4809 107.9303
390.5409 109.4503
388.3409 111.5403
380.6009 117.4903
379.7109 119.5703
379.9609 121.3703
381.2909 123.8603
381.8109 125.6103
381.3909 127.4703
380.3309 127.6203
378.4509 126.7203
375.0809 126.7703
374.1609 126.3203
371.8309 126.1503
370.6409 125.6103
368.4609 123.8503
365.2109 122.4803
365.0509 121.0803
366.8709 119.6803
366.6909 118.7903
364.2709 117.0803
361.1409 116.6003
360.8809 116.2803
360.7009 115.5403
361.1709 113.4503
360.0809 112.8803
359.3209 111.3903
357.0309 110.2103
356.1709 108.2903
354.7409 107.2203
353.6209 105.1603
350.9209 103.3803
350.4209 101.8003
348.1109 100.6403
347.8409 100.1903
348.3309  98.4803
348.0109  96.9703
346.6709  95.4403
345.7209  93.1403
342.8909  90.8803
342.2209  90.6203
340.7809  90.8003
339.8909  91.7603
339.4609  91.8103
338.2309  90.7403
337.4309  90.5603
334.5309  90.8703
333.0109  90.5203
332.3409  90.9303
331.6409  92.9003
330.9209  93.3403
328.3109  91.9903
325.4509  91.7503
323.4609  92.5803
321.4209  95.0903
320.8409  95.3303
318.4109  95.4203
316.5509  94.0103
312.6809  93.1303
310.3509  93.4103
309.1909  92.8403
307.8209  92.7503
306.3109  93.3403
300.7909  93.8303
299.7509  93.5403
297.8009  92.3303
295.3709  92.2003
294.7609  89.4903
295.4809  86.1003
294.4709  82.9003
294.4709  82.9003
293.0609  82.8103
292.4509  82.3903
291.9309  83.0203
290.5109  81.1803
290.2009  79.6603
289.3709  79.7203
288.6709  80.5303
286.4109  80.4203
285.1309  78.7103
281.2309  76.8503
280.7709  77.2303
280.8609  77.8203
279.1909  77.1103
276.8309  77.1703
276.4809  78.1603
276.0509  78.4203
275.7409  76.3903
275.9009  75.4003
274.8309  73.2803
272.7309  70.9803
271.5609  70.3903
271.0609  69.6903
269.1709  69.6503
267.6609  68.4703
267.1109  67.7803
267.2909  65.7503
266.9109  65.1703
265.4409  64.3603
265.3109  62.5903
264.2209  62.3703
263.6809  62.6103
262.4809  62.2203
261.9209  60.7703
260.7009  60.0703
259.1109  61.0903
259.0409  60.1503
258.8109  60.0803
256.8809  60.8603
256.2109  61.5503
256.0809  62.9203
255.3209  63.8303
255.7409  66.1903
252.0909  65.3503
250.4309  66.0103
249.0609  65.5203
247.2509  67.1703
247.2209  68.9803
246.8609  69.5703
247.1509  70.6103
246.3509  71.6403
245.9509  71.7203
245.3909  73.1103
242.6709  73.3003
243.9709  79.3203
243.9709  79.3203
247.0709  81.3903
251.8709  78.4803
252.2309  78.5703
253.6709  77.5803
254.0609  77.7203
253.2309  79.8503
255.0409  82.9803
256.7509  84.0903
255.2809  85.9703
254.6109  87.8503
253.4609  88.8803
253.5509  94.1603
254.3409  94.3503
254.3009  95.3603
255.0909  95.6903
256.0909  94.9803
258.3209  93.2503
259.0709  91.8203
260.4609  91.8003
262.0309  91.2603
263.9809  91.3503
264.9409  91.6803
266.2009  92.9703
267.9209  96.4003
268.4609  96.8203
269.0909  99.8903
268.4909 101.2803
269.3909 104.4103
268.9909 106.0403
268.2109 107.1803
268.4009 108.0903
269.9909 109.8703
269.5809 110.4303
268.9009 113.2903
269.4309 113.7803
269.6009 113.2903
270.3209 112.9403
272.3809 112.6403
273.0309 111.9003
273.4909 111.8903
277.3909 116.2203
276.8309 117.5403
277.8209 117.6103
277.8509 123.3803
273.8509 124.8603
273.5709 127.4103
270.9309 129.1303
268.9709 132.0803
270.5009 134.1003
273.3509 133.8403
275.2109 132.9003
275.2409 133.1903
275.7009 132.8203
277.3309 132.7003
277.4009 133.5403
279.2109 136.1703
277.5109 137.3303
276.3009 137.5703
275.7609 137.2303
275.5209 137.8203
276.1109 139.1103
277.9009 139.9203
278.7609 140.9003
278.2609 141.9903
278.9509 142.5703
278.9609 144.6903
279.9709 144.9503
280.4609 145.7903
282.9609 148.0103
285.0509 151.6503
286.5609 151.6203
286.7609 152.0203
286.3109 156.2503

Francisco_Morazán
323
240.8909 220.2203
241.5609 219.5403
242.6009 219.5303
242.6809 220.3503
243.3009 221.1503
242.6709 222.2003
242.9809 223.0903
241.0209 223.5703
240.9309 224.2103
241.4309 224.6203
241.4109 225.0103
240.2709 226.1003
240.2009 227.0603
242.4609 229.6003
243.4709 229.8703
244.1009 230.5303
243.9209 232.8203
244.1709 233.8803
243.9009 235.1403
245.3909 236.9403
246.4409 236.9103
247.2909 237.4603
249.3309 237.4003
249.7909 238.0903
250.6009 237.6903
252.7909 237.9503
254.4209 236.7103
255.9709 236.0803
257.4509 236.3603
258.6909 237.0403
260.2109 236.9203
262.1209 237.2803
266.7809 236.2203
266.7809 236.2203
267.4509 234.9803
269.1409 233.1203
269.7609 231.4703
273.1909 230.6103
273.5209 230.2703
273.6109 229.1303
276.9409 227.5303
275.9609 227.0603
274.6309 224.9303
274.6309 223.8303
273.4609 223.0203
273.3509 222.6203
273.9309 220.9003
273.8109 219.5203
275.4409 218.5303
276.7509 215.4603
277.0809 213.7703
276.4609 213.5603
276.4809 212.0703
278.6609 210.9203
277.5709 207.5203
280.2009 204.6803
281.3009 200.0903
283.0509 195.7303
284.9809 194.6603
286.7109 192.3803
289.4209 192.3703
289.9209 191.8303
290.2609 190.3903
293.4009 188.4703
294.1409 187.4503
294.4009 186.1503
296.2509 185.0303
295.3709 181.2903
295.3109 179.5903
296.1209 177.0903
297.5509 176.6803
297.6309 174.8303
297.1209 173.6103
299.7509 168.2403
299.4509 166.8303
299.4509 166.8303
293.2209 162.0803
286.3109 156.2503
286.7609 152.0203
286.5609 151.6203
285.0509 151.6503
282.9609 148.0103
280.4609 145.7903
279.9709 144.9503
278.9609 144.6903
278.9509 142.5703
278.2609 141.9903
278.7609 140.9003
277.9009 139.9203
276.1109 139.1103
275.5209 137.8203
275.7609 137.2303
276.3009 137.5703
277.5109 137.3303
279.2109 136.1703
277.4009 133.5403
277.3309 132.7003
275.7009 132.8203
275.2409 133.1903
275.2109 132.9003
273.3509 133.8403
270.5009 134.1003
268.9709 132.0803
270.9309 129.1303
273.5709 127.4103
273.8509 124.8603
277.8509 123.3803
277.8209 117.6103
276.8309 117.5403
277.3909 116.2203
273.4909 111.8903
273.0309 111.9003
272.3809 112.6403
270.3209 112.9403
269.6009 113.2903
269.4309 113.7803
268.9009 113.2903
269.5809 110.4303
269.9909 109.8703
268.4009 108.0903
268.2109 107.1803
268.9909 106.0403
269.3909 104.4103
268.4909 101.2803
269.0909  99.8903
268.4609  96.8203
267.9209  96.4003
266.2009  92.9703
264.9409  91.6803
263.9809  91.3503
262.0309  91.2603
260.4609  91.8003
259.0709  91.8203
258.3209  93.2503
256.0909  94.9803
255.0909  95.6903
254.3009  95.3603
254.3409  94.3503
253.5509  94.1603
253.4609  88.8803
254.6109  87.8503
255.2809  85.9703
256.7509  84.0903
255.0409  82.9803
253.2309  79.8503
254.0609  77.7203
253.6709  77.5803
252.2309  78.5703
251.8709  78.4803
247.0709  81.3903
243.9709  79.3203
243.9709  79.3203
239.1509  81.5603
235.8809  80.5503
233.9609  80.7203
233.8809  81.0903
232.3109  81.8303
230.9009  81.2903
230.4209  81.5203
226.9309  81.2303
226.7109  82.8403
225.8009  82.9003
224.9009  83.4403
223.9609  84.7103
223.8509  85.5203
223.0509  85.4003
223.1109  87.4103
223.6309  87.8703
223.7409  88.7403
224.4709  89.3803
224.5809  90.1603
223.0409  90.2603
222.3809  89.7903
221.0909  90.1403
220.0609  90.8603
217.8409  91.0803
216.2909  90.7203
215.9109  90.2903
216.0409  88.3603
216.6209  87.3803
216.2009  86.8003
216.3509  86.2203
215.5809  85.4503
215.6009  83.4903
214.9609  82.1703
215.5809  81.2903
215.6909  80.4103
215.6909  80.4103
214.5909  80.5103
213.7809  81.4503
212.9209  81.4903
212.3809  81.8803
212.1109  81.6903
211.7409  82.1503
208.9309  82.9003
208.3509  83.6803
205.9909  85.1503
205.7209  86.0503
201.2009  85.6003
199.5009  86.2803
195.9909  88.7103
194.7009  88.8103
193.6309  88.2203
193.8809  91.6703
194.3109  92.4903
193.9609  95.4503
194.1509  98.0103
194.1509  98.0103
194.6609  99.3203
196.3709 100.8503
197.1709 102.6303
197.0609 104.7403
198.5709 105.8303
198.3709 107.3403
199.0009 109.1103
198.8109 111.1803
199.6109 113.3203
199.5209 113.8503
198.9709 114.2603
199.5709 115.3903
198.1309 117.5403
198.1809 121.3003
196.9909 127.4203
196.9909 127.4203
196.9709 130.0703
200.0309 133.8103
201.1309 134.3903
205.3709 133.6503
210.2209 137.2703
212.5909 138.4203
213.3009 139.9503
213.4709 141.1803
214.2609 142.3203
217.1509 143.4903
218.6909 143.4703
218.6609 143.8603
219.1009 143.9503
218.8709 144.2303
219.2709 144.5903
218.6609 145.3803
219.6209 145.5803
219.9409 146.1103
218.5309 146.3703
218.3809 146.9303
216.2809 147.6803
214.4409 148.8403
213.3209 151.7303
216.6309 156.9203
217.1509 157.3203
220.5509 158.2403
222.4609 162.8203
222.8109 164.3803
221.9909 164.7103
221.5209 166.2403
218.9109 166.6703
218.9909 166.9903
220.2209 167.3303
220.7409 167.8703
220.7509 170.0103
219.2609 170.0703
218.7209 170.9203
217.6109 171.1903
216.5409 172.4003
214.9509 172.7003
213.1309 178.0403
218.6909 182.9503
219.5809 184.3003
219.9909 184.3603
219.7409 186.3103
220.5609 188.2203
220.2009 189.6603
221.0909 190.0403
223.3209 189.1903
224.7109 189.5003
224.7609 188.8103
225.6309 188.3203
228.0309 188.3803
227.9309 188.8603
228.4109 189.3903
228.1609 190.5403
228.6709 191.3903
229.1609 191.4403
228.6309 192.1603
229.3609 192.9103
229.3009 193.8403
228.7609 194.9303
228.9309 195.5003
229.5609 195.5603
229.6709 194.8503
230.5209 194.9103
230.6909 195.2203
230.0409 195.7803
230.2009 196.7403
231.4409 196.7403
232.4009 197.7403
233.1209 197.9703
232.9609 198.6203
233.9409 198.4103
234.4909 198.6203
234.5509 199.1803
235.6509 199.5003
235.0609 200.3303
235.5809 200.7703
235.3909 202.4403
236.7009 202.5903
236.7409 203.8803
237.3809 204.6103
237.5109 205.9503
237.3909 207.1103
236.9809 207.4503
237.2609 209.5003
236.2609 210.8703
236.0809 212.0503
235.4609 212.3903
235.7409 213.9403
236.5209 214.6003
236.9109 215.7503
237.7109 216.3803
239.8009 216.1803
241.4109 216.7303
241.6009 218.1903
240.8309 219.2403
240.1009 219.3403

Gracias_a_Dios
14
601.3809 292.5403
602.2209 291.8603
604.1909 291.2803
604.6309 288.5403
606.2109 284.7203
604.7909 283.1803
604.3209 283.3803
604.6009 285.0803
603.4309 287.1403
603.6209 288.6103
602.2309 290.8003
601.1509 291.0603
600.8709 291.4803
601.0409 292.4203

Gracias_a_Dios
504
497.1509 350.9303
504.8209 348.2803
505.3009 348.1803
509.9209 345.7603
521.2609 341.4103
532.4109 338.2303
535.4209 337.7403
536.2809 337.0203
535.5209 336.7903
534.8509 335.8703
534.3809 332.4303
534.0609 332.3303
533.8409 331.6403
533.9009 330.7903
534.8509 328.4003
536.7509 326.7303
538.6209 326.9303
540.3009 328.1103
540.4609 328.9303
539.7309 330.4303
539.7309 330.9903
540.2709 331.6103
542.3909 329.9103
542.9009 328.4003
543.6609 327.4803
544.5209 327.2203
546.4209 327.6803
547.1209 327.2903
546.7709 326.7303
547.6309 326.3703
547.4109 327.3803
548.2309 327.5103
549.3709 327.4103
549.9109 327.7403
549.5009 328.6603
548.8709 328.9503
549.6009 329.4703
549.4709 329.9303
550.5209 331.0103
551.2209 330.5203
550.4909 330.1603
550.4009 329.5703
551.5709 329.5703
551.9209 329.9603
551.8909 330.6803
553.0009 330.4203
552.7509 331.4003
553.1009 331.5603
553.1009 332.2803
551.6709 332.5403
550.3409 333.5203
550.5309 333.9103
550.2409 334.1103
537.8909 336.8903
536.6209 337.2203
536.7509 337.4203
558.7309 332.8403
565.5409 332.1803
575.3309 331.8203
576.6909 330.2503
577.1409 330.4103
582.1109 326.4803
599.7209 311.7303
610.4009 301.4303
623.0109 290.4903
627.0009 287.6803
632.6409 284.5403
636.5409 283.0003
641.5509 281.8603
640.1309 279.6703
638.1709 279.2003
632.2509 284.1903
629.3709 285.6603
626.4909 286.1803
623.7709 287.5503
621.5809 287.2203
619.1409 287.7403
617.6809 289.1103
619.2009 288.8203
619.0409 290.1903
618.5309 291.2303
617.2609 292.4703
615.1109 293.7103
614.6709 295.2103
613.8809 294.2003
614.1409 293.6803
612.8709 293.5203
612.8709 294.0403
613.3809 294.1003
610.2409 294.9803
608.6909 296.4803
607.1709 296.4103
605.8409 297.5203
605.4909 297.2303
603.8109 294.4203
602.4209 293.5003
602.3909 292.2903
601.0309 293.0403
600.4609 292.6103
600.3309 291.8903
599.5709 291.3303
596.8109 291.4903
597.1309 289.9903
598.6209 288.2603
598.7809 286.8903
598.4309 286.1703
597.2609 285.5803
596.1509 286.3003
594.8509 285.5803
595.2309 285.0203
595.0409 284.8903
596.2809 283.8403
596.0609 283.1203
595.0809 282.9603
594.5409 283.2903
594.6709 282.1803
596.6709 278.4903
599.0509 275.7103
601.4609 274.7003
604.3409 274.9003
604.2109 274.2503
604.6209 274.3103
605.6009 273.4003
606.1709 273.4303
607.0609 274.1503
607.0609 275.7503
605.6709 278.1703
605.8009 278.8603
604.7209 279.9403
604.9109 281.3803
607.7009 282.0303
607.8009 282.1903
608.0209 282.9703
611.8909 282.2803
612.8409 282.4103
614.0409 281.9803
615.2109 281.3903
616.6609 280.0403
618.6609 279.1003
620.3109 277.2403
622.3109 276.5903
624.4609 274.1703
626.3609 273.1603
628.4509 273.1903
628.8609 272.6303
629.6209 272.9603
630.6009 271.2603
631.8009 270.3503
633.2009 269.8303
632.8509 268.6903
630.8209 267.6803
630.4109 266.9903
632.7909 267.0203
634.1209 267.7703
633.9909 268.2603
634.5309 268.3903
634.4709 268.9803
634.7509 269.1103
634.7509 268.7503
635.2609 268.6503
635.7009 267.8003
636.9009 266.7903
637.1809 265.8103
636.9009 265.4503
637.0609 264.2703
636.0809 263.4203
635.8909 262.6003
637.0609 260.0203
636.3009 259.4303
636.7409 258.3903
637.2509 258.8503
637.4109 259.8303
637.6909 258.8503
638.6409 258.9103
638.0709 259.3703
638.2909 260.1203
641.3309 258.7203
643.0709 259.5003
643.0709 261.6503
643.7409 263.1203
644.2509 263.2203
645.1109 264.1003
647.4209 264.4903
647.8309 265.6303
648.8409 265.5603
650.1109 266.3103
650.9009 267.7503
650.5509 268.3403
650.5209 269.7403
652.3909 271.3703
652.5509 270.9403
652.1709 270.2903
652.4209 269.8303
653.6609 270.2503
654.3609 269.8303
655.0909 270.1203
656.5809 269.5403
657.2109 270.0603
657.4309 268.8503
657.9709 269.1803
659.6209 268.8503
660.0609 269.4103
660.6009 268.9203
661.1409 269.1503
661.5509 268.5303
661.9009 269.9703
661.3909 270.4903
659.4609 270.0703
659.4009 271.5403
658.3209 271.8003
657.5309 271.4403
656.4209 272.6803
656.0409 272.3903
655.0009 272.4203
654.5909 271.4103
652.9809 270.8903
652.7009 271.9003
650.4509 272.5203
649.9109 273.5303
649.6609 273.6903
648.9009 272.5103
648.4309 273.2603
648.5309 273.7503
647.9609 274.6003
647.2309 274.9903
645.9009 275.8103
645.3009 275.7403
644.0009 276.7203
640.5809 277.3703
640.1709 277.9603
640.5809 279.3403
641.2109 280.1203
641.8809 280.2803
642.4209 282.2403
643.0209 282.2103
644.2609 280.6703
646.3809 279.0703
654.0509 274.8903
658.7709 273.1303
671.4109 269.3403
675.4309 267.8703
680.0609 265.6503
681.0709 264.6403
684.0809 259.6203
685.9809 253.1303
687.4709 249.8003
689.7509 246.0203
691.2709 244.3603
694.6309 241.5603
699.0309 239.0203
706.4409 236.5403
708.2509 236.2503
708.8809 236.5803
709.1309 236.2503
708.8809 235.6603
709.8609 235.8603
709.9909 235.6303
709.3309 234.4903
707.7709 234.6903
707.5609 235.0903
705.3409 234.4403
700.6809 234.8203
697.5209 233.3603
695.6509 233.8203
693.2609 233.7403
692.5509 232.6003
692.1809 232.6103
691.1709 233.3203
692.6809 234.6403
692.7809 235.3103
692.5009 235.5303
689.9609 235.0303
686.8209 236.5403
685.2209 236.9203
684.9009 236.8203
684.6609 235.3603
683.9909 235.1903
682.7509 236.8803
681.5209 237.4003
680.1609 237.4203
679.2409 238.5303
678.3809 238.6903
678.1009 238.1503
678.2109 236.5003
676.0909 234.3303
674.4009 234.2703
672.5909 233.0203
671.1709 232.7203
669.3609 234.1203
669.3909 235.6403
668.4409 236.1103
667.7509 235.9803
666.7809 235.4903
665.9809 234.5403
665.5009 233.3103
664.2409 234.4303
663.9109 234.0203
664.0709 232.7803
664.6009 231.7603
664.1409 231.6303
662.7809 232.5703
662.3509 231.8003
662.3909 231.1603
663.5009 229.0803
663.2209 228.8603
661.8109 229.6203
661.5309 229.4403
662.3709 228.0103
662.1309 227.5603
660.8109 227.8603
660.3509 227.5903
660.0709 224.5303
658.9809 224.9603
657.5509 224.4403
656.3109 225.2003
655.7509 224.5703
656.2909 223.8703
656.1909 223.5503
653.8409 222.8603
653.8309 222.3603
654.3709 221.7103
653.2409 220.1703
653.5909 218.9303
653.1709 218.7103
652.5409 219.3203
652.6009 220.4203
652.2009 220.8403
650.6509 221.1003
649.8709 221.1103
649.2709 220.5703
647.9009 220.6403
645.8209 219.3903
644.9609 220.1403
644.5509 220.0603
644.6609 218.5503
643.9709 218.0103
643.0509 217.9303
642.6309 217.3903
644.2709 216.7203
643.9409 215.9003
644.0709 215.3003
643.3809 215.3103
642.3409 216.0603
641.4209 215.8003
640.2309 215.9603
639.8609 215.7803
640.4909 214.9503
640.5709 214.1303
638.1609 215.0403
637.5109 214.1803
637.6809 213.1203
637.4409 212.5303
636.2109 212.7303
634.9509 213.9903
634.6209 213.6803
634.6009 212.5403
633.8209 212.0503
631.5509 213.0003
631.0409 212.7303
631.1709 212.3603
633.7109 210.7603
633.3409 210.5403
631.3509 210.7603
629.2309 210.3803
627.4109 208.4003
626.0409 208.5103
624.4709 207.8003
623.9509 209.6803
623.1309 209.9203
622.7409 208.4203
623.0509 207.8703
621.9909 207.4703
619.8209 209.0103
619.1709 208.4703
617.7109 208.5403
617.4809 208.2203
618.4109 206.0103
618.2209 205.5603
617.3109 205.6203
616.1809 206.4603
615.6309 206.4703
612.7309 205.2403
610.1009 206.3303
607.3809 205.0503
605.5109 205.5403
604.9609 208.1103
604.5509 208.1603
601.6509 206.7003
601.1009 206.8003
600.8309 207.1203
600.8309 209.7303
600.5609 210.1503
599.1909 210.5403
597.5409 210.3803
597.0709 209.7503
597.0109 208.7903
598.3309 205.6103
599.1709 204.9703
599.2509 203.1803
595.7809 203.6003
594.5409 203.0703
593.8009 202.1703
589.9509 201.5003
586.9909 202.4103
585.5509 203.7103
584.4209 204.2303
585.1409 206.2303
584.3709 206.8303
583.2709 206.9403
580.4509 204.9703
579.9809 204.3403
579.8209 202.7903
580.9309 200.3003
580.5809 198.4303
581.4809 197.5903
578.7009 195.3003
576.7009 195.9203
576.2509 196.3803
575.9109 197.8503
575.2309 198.4103
574.3609 198.1003
573.9409 197.3703
573.2509 197.1503
571.6109 197.3103
570.7909 197.7303
570.4809 198.1003
570.4909 198.8803
571.3909 200.7403
570.1609 201.0303
568.9409 201.9203
568.5209 201.5603
568.6009 200.7803
567.4809 199.4703
566.8209 197.8803
563.9409 195.1303
563.7609 193.9003
561.1209 192.5603
558.3109 192.3703
557.3609 190.6503
557.0209 190.5303
553.7209 191.2903
552.8309 191.9503
552.6909 192.7403
552.2409 192.8603
551.0709 192.3503
549.5709 192.1803
549.2909 193.6803
550.3109 194.0003
550.8409 194.7003
550.7009 195.1103
547.3609 194.7403
546.6009 194.2203
545.6009 195.0603
544.1709 194.6703
543.2109 195.5503
542.2709 195.1903
540.3709 195.9703
538.3809 196.0703
537.8309 197.2803
535.3109 196.7503
534.0409 197.4403
533.3709 198.1603
533.4909 198.8003
532.8609 199.0003
531.1709 195.9503
530.1209 196.0403
529.3009 199.2003
528.1009 199.4803
525.3609 201.8803
524.9309 203.5403
525.4709 204.9203
525.1109 205.7503
523.7509 205.0903
523.1109 205.2503
522.5609 206.0403
523.2509 206.7403
524.2609 206.5403
524.7609 207.2503
524.4709 208.3003
521.3109 210.3303
520.5009 211.5003
520.1109 213.3403
519.4709 213.5003
518.9609 214.2903
518.1309 214.3003
517.0509 214.9503
514.9009 214.5403
512.4509 213.0503
510.1009 213.4203
507.5109 213.1303
504.8809 208.9303
504.6009 207.2903
500.8909 206.5103
499.1009 204.8603
497.8809 204.5503
496.9609 203.3903
496.9609 203.3903
496.8309 224.6303
497.1809 242.8503
497.1809 242.8503
496.7109 349.9503
496.8209 350.7203
497.1709 350.8403
497.1709 350.8403

Gracias_a_Dios
5
622.5909 521.0303
623.0309 520.6003
622.6509 520.2403
620.4609 519.9403
621.8909 520.9603

Gracias_a_Dios
12
619.1409 521.2003
619.4609 520.3703
620.1909 520.1703
620.2209 519.8703
619.1109 519.8403
618.5409 519.3803
618.0309 519.6403
616.8909 519.0503
616.7309 519.7103
617.0109 520.3003
618.1509 520.3003
618.4309 520.9303

Intibucá
183
145.9309 194.3803
146.7909 193.5503
147.1209 192.2403
147.7509 191.5103
149.9109 191.8503
155.9209 190.1903
156.9509 189.0003
158.1609 189.4003
159.6309 188.9403
159.5809 187.1303
160.8409 185.6603
160.8509 183.9403
161.6909 181.0303
161.9309 180.7903
162.9809 180.9303
166.0809 179.6103
166.6009 178.4003
166.0709 177.2103
166.4109 175.9303
167.7909 175.1903
168.4409 173.7003
171.1509 170.7203
171.2309 170.2003
172.0709 169.7403
172.5609 167.9703
171.5809 167.1903
171.5809 167.1903
170.6009 166.4603
169.9009 165.4003
166.1009 163.2103
164.7009 161.8203
163.8909 161.7603
163.4409 162.1003
162.8209 161.8003
161.0309 162.0103
160.9209 162.5603
159.9709 162.6703
159.8809 161.4203
160.2409 160.8103
159.3009 159.8803
159.8709 159.7103
159.7309 159.3003
159.9909 159.2003
159.7609 157.8503
160.2509 157.8603
160.6609 157.0103
160.2409 156.3903
160.4109 155.5803
160.0409 155.4303
160.3409 155.1403
158.2309 154.3903
158.3109 152.8603
157.7309 152.2603
157.3709 151.0703
156.8909 151.3303
154.6009 150.0803
154.0509 148.7203
154.3109 148.2803
153.8709 146.3803
149.2809 146.4903
147.5909 145.6103
146.9709 144.7903
142.5409 141.5803
142.4609 139.4403
141.4109 138.5803
141.0209 137.1603
139.6909 136.7903
139.6709 136.2703
139.1009 136.4403
138.9009 136.0703
137.9009 136.0403
136.7509 135.4703
136.2009 134.4403
135.8209 134.4403
135.2409 133.5703
134.7409 133.6403
134.3909 133.1403
133.9009 133.1303
132.2409 130.0703
131.6209 129.9403
131.3309 128.8703
130.4309 128.8303
129.9509 128.4203
129.1909 126.8103
128.7609 127.3003
128.2309 126.9203
127.7809 126.9903
127.9309 126.0203
128.6609 124.9803
130.3709 124.0003
131.3409 123.0303
130.1509 116.5203
130.1509 116.5203
129.5609 113.0303
129.7309 110.5903
125.2109 106.7003
114.0109 102.9603
111.3109 104.9503
106.5009 104.5703
105.4609 104.2003
104.2209 102.5403
101.4409 102.6003
101.0909 101.2103
 99.2709 102.0303
 97.8709 102.2303
 97.7409 104.5203
 95.8909 108.2603
 96.2709 109.0503
 95.9209 109.8503
 96.3809 111.6103
 96.3809 111.6103
 97.6309 111.7103
 97.5309 113.0403
 98.3109 112.8303
 98.7809 114.1303
100.0809 114.6503
 99.6809 116.1603
101.0109 116.4903
101.6809 117.9803
103.7009 118.1603
104.4809 119.1303
105.8109 119.2403
108.6209 121.0803
110.7009 121.4803
110.9409 122.0803
112.9309 123.1603
114.5009 125.6403
116.9809 125.8503
117.2709 126.2903
116.6409 128.1003
117.2809 129.0903
118.6009 129.6003
117.7909 132.8103
118.3409 134.4703
118.2309 135.2503
117.1809 136.1803
117.2109 138.5003
117.6509 139.1703
117.6309 140.4203
118.2409 141.2103
118.2109 141.9803
117.2109 142.6603
116.7909 143.5703
112.5909 144.1503
110.8509 143.9303
110.2509 144.4703
108.8609 144.8403
108.5409 145.3503
106.7609 146.0203
106.4609 147.4903
108.0709 150.2703
107.3509 155.1303
106.2309 159.4503
105.1109 160.0003
103.6409 159.4703
103.0309 159.5603
 99.0809 162.7903
 97.9209 164.5103
 98.4509 165.0503
 97.8609 167.9103
 98.2009 169.1203
 98.2509 169.7303
 97.9209 170.1603
 98.1109 170.4203
100.6709 172.0603
103.3609 173.0103
104.1109 173.0403
105.7209 172.3303
111.4209 172.6703
115.4109 175.9403
115.6809 177.4203
115.1509 178.9603
117.1709 181.6203
117.9609 183.2403
117.2409 189.3603
115.2109 193.1603
115.6709 193.4803
115.6709 193.4803
122.1009 192.5903
126.2209 192.4503
128.6409 193.5703
136.8609 194.0203
143.5809 192.2603

Islas_de_la_Bahía
7
325.4609 349.3603
325.8409 348.2803
325.5609 347.6903
325.2109 347.6903
324.4809 348.2103
324.5409 348.4703
325.1109 348.5003

Islas_de_la_Bahía
8
327.9909 351.2003
328.9409 350.5803
328.1509 349.0703
327.6109 349.5003
327.7409 350.2203
326.9209 350.3803
327.1709 350.7103
327.8009 350.7403

Islas_de_la_Bahía
32
280.9809 367.9703
282.2209 367.7403
282.8909 367.1803
282.6709 366.0703
281.6909 365.2203
281.8209 364.2003
281.0309 363.6103
280.5209 363.6703
280.6509 364.2303
280.2109 364.7503
279.2309 364.4903
277.5509 363.9703
277.3909 363.6103
278.0609 363.6703
277.5909 363.1103
274.9609 362.3603
273.4109 361.4703
272.1409 361.5703
271.7009 362.3203
269.5109 362.9403
269.5409 364.1903
270.5509 365.2103
271.5609 365.2103
271.6909 365.7003
273.2409 366.2203
273.6209 365.7603
274.7309 366.0503
275.5909 367.6203
276.4809 367.7203
277.1109 367.1603
278.5009 366.9003
279.2909 367.5903

Islas_de_la_Bahía
100
350.8009 404.2703
352.7309 403.5503
354.8509 403.8803
356.7809 403.4503
359.8509 404.1103
360.7109 403.1903
359.1609 403.3903
356.5909 401.5503
356.2109 402.5703
355.1709 403.0003
352.9209 402.5403
352.6409 402.5703
351.8209 402.9003
351.1209 401.8803
350.4209 402.0803
348.6809 402.3103
348.2709 401.3903
346.2709 401.0603
345.8609 399.9103
344.9109 399.6503
343.9909 399.8503
343.3609 400.0103
343.2309 399.6203
342.3809 399.3603
341.9709 399.2003
341.0209 399.0003
340.5809 399.1603
340.0709 399.0003
339.5309 399.6603
339.0909 399.5603
339.6309 398.4803
338.8109 397.9903
338.4309 398.7403
338.1809 398.7103
338.4309 397.6903
337.6709 396.5703
336.9109 397.1303
336.4709 397.0003
336.7909 396.6403
336.3509 396.5403
335.3009 396.8003
335.4909 396.3403
335.2409 395.9503
334.5109 395.7903
333.0909 395.6603
333.1909 396.1503
332.8109 396.1803
332.1809 395.4603
330.7509 395.1603
330.7809 394.6703
329.8309 394.4703
328.2509 393.4503
328.0909 393.3203
327.0109 392.9603
327.4509 392.3403
327.1709 392.2403
327.0809 391.5503
325.7809 391.3203
325.6909 392.3403
324.6109 391.2203
324.0109 391.3203
321.8209 390.1703
320.7809 390.5303
320.1109 390.4603
319.5409 390.3003
319.1309 389.4503
316.2509 386.6003
314.1309 384.8603
313.7209 384.8603
314.5809 387.9103
314.6809 390.0703
315.4409 390.8203
315.7909 390.9203
320.1309 394.1003
321.8709 394.5603
322.6609 395.3503
323.2909 395.4203
323.6409 395.2903
324.0809 395.0603
325.6609 395.8803
325.9109 396.6003
327.0509 396.4003
329.9009 398.0703
330.7209 397.6403
332.2109 397.9703
333.7009 399.3803
334.4909 399.2803
335.0009 399.8703
336.1409 400.1003
336.0509 400.5303
336.9709 401.1903
337.0009 400.8303
337.4809 400.7603
338.0809 401.4203
341.7909 402.6003
343.5009 403.1603
344.3609 403.0903
346.3909 403.6503
347.5309 404.0103
349.3009 403.9403

Islas_de_la_Bahía
10
366.0409 406.1803
366.5209 405.8203
367.9809 406.0203
368.4209 405.7603
366.3009 404.0903
365.2209 404.7803
363.5109 403.8603
363.2309 403.9903
363.3609 404.7103
364.2809 405.5303

Islas_de_la_Bahía
43
398.8209 414.3903
400.4109 414.0003
400.4709 413.5403
400.3409 413.1803
401.6409 412.7503
402.6209 413.4403
402.6209 412.6503
403.3809 412.2903
403.1009 411.5003
401.5809 410.6503
399.8709 410.4503
399.6509 410.0603
399.4609 409.0403
399.7809 408.6503
398.2609 406.7503
397.7509 406.9103
396.8909 407.3703
394.9909 406.3803
394.4509 405.6203
393.3709 405.5503
394.0709 405.0203
392.2309 404.0003
391.4109 402.9803
390.6509 402.8503
389.9509 401.7703
387.9209 400.7803
388.5209 402.5803
389.6009 404.1903
389.3209 404.7103
390.1109 405.9903
390.2409 406.8803
391.1009 407.0803
392.0209 406.6903
392.0509 408.2703
393.1309 409.5203
392.9409 410.1803
393.7609 410.2103
394.8409 412.1103
395.5109 412.7003
396.3009 412.9003
397.3809 412.2803
397.7009 412.7103
397.5109 413.5003

La_Paz
205
171.5809 167.1903
172.7509 165.7403
173.6209 163.4403
175.9209 163.5803
177.1209 163.1603
178.4509 163.1803
178.6509 162.0103
179.2209 161.0603
182.2409 160.8603
184.4809 159.6003
186.7109 159.3303
187.9509 158.2003
192.1609 160.8203
192.4409 160.5603
192.7809 161.1803
193.5709 160.7103
193.9009 161.1903
193.6509 159.8903
194.0009 159.8703
194.5009 159.1703
194.4509 158.0703
194.7109 157.5803
195.1109 157.5403
194.4809 156.3403
194.7509 155.7903
194.5809 155.4803
194.9609 155.3803
194.8109 154.5603
195.9409 154.0803
194.9809 153.0303
195.5009 152.8903
196.0709 150.7603
195.5909 150.9703
195.1609 149.8703
194.3909 150.1603
194.7009 148.8703
193.4509 148.1703
192.9409 148.9203
192.6809 148.3003
192.0409 148.6903
191.4109 147.6003
191.2209 148.2503
190.3809 147.6803
190.0809 148.4803
189.8409 147.9803
188.0609 146.7203
186.6809 146.9803
185.6709 146.6803
185.4209 146.3103
184.2809 146.1303
183.6109 145.0403
182.1109 145.3703
181.2009 144.8403
180.5109 145.0203
180.0209 144.7603
179.4309 145.7803
175.6209 144.0603
175.4809 144.7103
174.2009 144.0303
173.8009 143.3003
174.6309 142.2003
174.7009 140.6703
178.7209 139.5203
180.6709 136.4003
178.9109 135.2903
178.9209 133.5003
181.7309 132.7903
183.9809 132.7203
186.5709 128.4803
188.3509 129.6203
189.5009 127.0403
189.0909 126.8003
189.1109 125.2503
188.7809 125.1303
189.1109 124.8203
189.0909 123.7403
189.4009 123.5803
189.0709 123.4403
189.2609 122.8803
190.2309 123.5103
190.4209 124.3103
192.3409 125.8903
192.5309 126.8403
193.1709 127.4003
193.9109 127.6703
196.9909 127.4203
196.9909 127.4203
198.1809 121.3003
198.1309 117.5403
199.5709 115.3903
198.9709 114.2603
199.5209 113.8503
199.6109 113.3203
198.8109 111.1803
199.0009 109.1103
198.3709 107.3403
198.5709 105.8303
197.0609 104.7403
197.1709 102.6303
196.3709 100.8503
194.6609  99.3203
194.1509  98.0103
194.1509  98.0103
191.4709  98.0203
190.5409  99.2003
189.1709  99.7803
188.8109 100.3603
185.9709 100.2503
183.3409  99.3203
183.3409  99.3203
182.7609 102.1703
179.9509 103.4903
177.1109 105.7403
174.8309 105.0803
173.7309 105.1303
171.4009 105.9403
168.6909 106.1803
167.6209 106.9303
166.6809 106.5303
164.8509 106.8803
162.3309 105.4303
160.7509 106.2103
159.8909 105.9203
159.0209 106.7203
153.0609 103.3103
152.5109 105.4203
146.6009 113.9003
146.5609 116.1603
143.6809 116.3503
142.3309 117.0903
139.3109 115.8903
137.8409 116.0903
137.4409 115.4703
136.1909 115.1903
135.9809 115.5903
134.9609 115.4603
134.6209 116.1303
134.1909 116.1103
132.6409 116.1803
132.2009 116.8603
130.1509 116.5203
130.1509 116.5203
131.3409 123.0303
130.3709 124.0003
128.6609 124.9803
127.9309 126.0203
127.7809 126.9903
128.2309 126.9203
128.7609 127.3003
129.1909 126.8103
129.9509 128.4203
130.4309 128.8303
131.3309 128.8703
131.6209 129.9403
132.2409 130.0703
133.9009 133.1303
134.3909 133.1403
134.7409 133.6403
135.2409 133.5703
135.8209 134.4403
136.2009 134.4403
136.7509 135.4703
137.9009 136.0403
138.9009 136.0703
139.1009 136.4403
139.6709 136.2703
139.6909 136.7903
141.0209 137.1603
141.4109 138.5803
142.4609 139.4403
142.5409 141.5803
146.9709 144.7903
147.5909 145.6103
149.2809 146.4903
153.8709 146.3803
154.3109 148.2803
154.0509 148.7203
154.6009 150.0803
156.8909 151.3303
157.3709 151.0703
157.7309 152.2603
158.3109 152.8603
158.2309 154.3903
160.3409 155.1403
160.0409 155.4303
160.4109 155.5803
160.2409 156.3903
160.6609 157.0103
160.2509 157.8603
159.7609 157.8503
159.9909 159.2003
159.7309 159.3003
159.8709 159.7103
159.3009 159.8803
160.2409 160.8103
159.8809 161.4203
159.9709 162.6703
160.9209 162.5603
161.0309 162.0103
162.8209 161.8003
163.4409 162.1003
163.8909 161.7603
164.7009 161.8203
166.1009 163.2103
169.9009 165.4003

Lempira
207
 81.5009 224.3303
 83.4109 223.9403
 84.2509 224.1503
 85.4009 225.2403
 85.0709 226.0603
 85.6709 227.4903
 88.2209 226.4303
 91.2609 225.7103
 91.8109 225.9703
 94.3709 218.6903
 99.3209 211.5803
101.3709 212.3703
103.0409 216.3603
104.4309 217.0803
107.2909 216.0803
108.1809 214.5103
108.9909 214.4003
109.8909 214.9103
111.9209 214.6603
113.6609 213.0203
112.7209 210.1603
110.7809 206.8003
112.1609 204.7503
112.6409 202.8203
114.7609 201.0603
119.0009 202.7903
118.6409 197.0603
115.6709 193.4803
115.6709 193.4803
115.2109 193.1603
117.2409 189.3603
117.9609 183.2403
117.1709 181.6203
115.1509 178.9603
115.6809 177.4203
115.4109 175.9403
111.4209 172.6703
105.7209 172.3303
104.1109 173.0403
103.3609 173.0103
100.6709 172.0603
 98.1109 170.4203
 97.9209 170.1603
 98.2509 169.7303
 98.2009 169.1203
 97.8609 167.9103
 98.4509 165.0503
 97.9209 164.5103
 99.0809 162.7903
103.0309 159.5603
103.6409 159.4703
105.1109 160.0003
106.2309 159.4503
107.3509 155.1303
108.0709 150.2703
106.4609 147.4903
106.7609 146.0203
108.5409 145.3503
108.8609 144.8403
110.2509 144.4703
110.8509 143.9303
112.5909 144.1503
116.7909 143.5703
117.2109 142.6603
118.2109 141.9803
118.2409 141.2103
117.6309 140.4203
117.6509 139.1703
117.2109 138.5003
117.1809 136.1803
118.2309 135.2503
118.3409 134.4703
117.7909 132.8103
118.6009 129.6003
117.2809 129.0903
116.6409 128.1003
117.2709 126.2903
116.9809 125.8503
114.5009 125.6403
112.9309 123.1603
110.9409 122.0803
110.7009 121.4803
108.6209 121.0803
105.8109 119.2403
104.4809 119.1303
103.7009 118.1603
101.6809 117.9803
101.0109 116.4903
 99.6809 116.1603
100.0809 114.6503
 98.7809 114.1303
 98.3109 112.8303
 97.5309 113.0403
 97.6309 111.7103
 96.3809 111.6103
 96.3809 111.6103
 97.5409 113.6203
 97.5209 114.2403
 96.4009 115.4103
 94.5109 116.4803
 92.9909 116.7203
 89.8609 116.2103
 89.3509 116.4603
 87.1109 119.4603
 86.4209 119.5803
 85.6009 119.0703
 85.0109 119.0903
 82.6209 120.9103
 81.7309 120.8803
 81.3309 120.3703
 80.2009 120.5303
 79.7709 120.1303
 78.8109 120.5003
 77.3609 119.6403
 76.6009 119.9803
 73.1509 123.1103
 70.6509 126.8103
 68.5709 128.6003
 62.6709 127.7803
 61.1609 128.1503
 57.0709 135.8803
 55.6909 139.5103
 51.8409 141.1403
 50.7009 142.4803
 45.2609 142.3803
 44.0809 143.3003
 44.0809 143.3003
 44.5209 144.3203
 43.8209 147.4903
 44.6109 149.1403
 42.9109 152.5003
 44.1509 152.6803
 45.8309 153.8803
 45.6309 154.3903
 46.3109 154.9503
 46.8809 157.2203
 51.3109 157.7403
 53.6909 158.8503
 54.8409 160.9003
 54.9109 164.9703
 57.0909 164.6103
 57.3709 163.5703
 59.5109 162.0703
 63.0009 162.1503
 60.7909 164.2603
 61.3309 165.5203
 61.5109 167.1303
 64.2009 165.4903
 68.8609 167.2603
 69.5909 167.6803
 70.3209 168.8103
 70.9209 168.5603
 70.6509 170.2903
 71.3809 170.8203
 71.2109 172.4603
 71.8509 173.1803
 72.5009 175.8503
 73.1309 176.8903
 72.9709 178.1203
 73.3809 179.5803
 72.3509 180.6303
 70.2409 180.7703
 69.0309 180.2703
 66.2209 181.2903
 66.2209 181.2903
 66.8809 183.5203
 68.4509 186.4803
 69.1909 186.6403
 71.2809 188.4603
 69.0109 192.2003
 68.2009 192.8803
 66.5309 193.2003
 63.7409 199.1103
 64.2109 199.2403
 64.3509 200.4103
 64.9609 201.0203
 66.6809 200.2503
 68.7809 200.4403
 71.4709 199.5603
 74.6809 200.2403
 76.2409 200.1003
 77.3909 201.3503
 78.2509 200.9003
 78.9909 201.1403
 79.1109 200.6703
 79.5709 201.2103
 80.1009 201.0803
 80.1109 200.6303
 80.5609 200.7603
 80.6209 201.9903
 80.1509 202.3603
 79.8209 203.4803
 79.3109 203.6803
 79.8609 204.6103
 79.2609 205.1603
 78.8909 207.7103
 77.5709 208.2603
 77.3609 208.7203
 77.8909 210.9303
 77.6609 212.1303
 78.6409 214.3603
 80.6109 215.6403
 80.1709 217.1703
 80.5709 218.1103
 81.7009 218.0203
 81.1609 218.8903
 80.9909 220.0903

Ocotepeque
115
 24.9809 200.2803
 26.6809 201.0703
 29.2409 201.8603
 30.6209 201.8303
 31.2109 202.2003
 33.0809 201.0003
 34.9509 200.7203
 37.4109 201.0903
 38.6909 200.5303
 39.4509 200.6903
 40.1409 198.6903
 39.9409 197.8503
 40.7309 196.3403
 40.5909 195.0403
 41.2309 193.8903
 42.6909 192.2003
 45.4409 190.8203
 49.6909 186.8703
 49.6709 186.1603
 49.1409 186.0003
 49.3809 185.2103
 48.8909 184.5203
 49.0809 183.1603
 48.4209 182.7703
 49.1709 182.1403
 50.5909 182.1003
 50.2309 180.2803
 52.5809 177.5803
 57.2509 176.7203
 58.0809 174.9503
 60.5209 175.6103
 59.9409 176.8503
 60.3709 177.7303
 59.8409 178.5003
 59.7309 179.5003
 60.4409 179.8103
 62.0309 179.3203
 63.7109 180.5503
 66.2209 181.2903
 66.2209 181.2903
 69.0309 180.2703
 70.2409 180.7703
 72.3509 180.6303
 73.3809 179.5803
 72.9709 178.1203
 73.1309 176.8903
 72.5009 175.8503
 71.8509 173.1803
 71.2109 172.4603
 71.3809 170.8203
 70.6509 170.2903
 70.9209 168.5603
 70.3209 168.8103
 69.5909 167.6803
 68.8609 167.2603
 64.2009 165.4903
 61.5109 167.1303
 61.3309 165.5203
 60.7909 164.2603
 63.0009 162.1503
 59.5109 162.0703
 57.3709 163.5703
 57.0909 164.6103
 54.9109 164.9703
 54.8409 160.9003
 53.6909 158.8503
 51.3109 157.7403
 46.8809 157.2203
 46.3109 154.9503
 45.6309 154.3903
 45.8309 153.8803
 44.1509 152.6803
 42.9109 152.5003
 44.6109 149.1403
 43.8209 147.4903
 44.5209 144.3203
 44.0809 143.3003
 44.0809 143.3003
 43.0009 143.5503
 42.7409 144.0503
 43.1809 145.0103
 41.3709 147.9803
 37.1409 150.6803
 36.8409 151.3203
 37.5609 152.5003
 37.2609 154.7903
 36.7409 155.9403
 35.3209 156.9303
 34.2709 157.0103
 29.9509 159.1503
 24.7309 158.0603
 21.1409 158.4303
 20.1609 158.8203
 16.6609 161.9403
 15.4509 162.6103
 10.7209 163.1403
  6.2409 164.3003
  2.4809 166.2003
  0.3709 168.0803
  0.2509 172.1603
  0.5109 173.1603
  4.2809 174.9003
  6.4609 176.4803
  6.2509 177.7203
  8.2609 179.2203
  9.0909 181.4603
 11.1309 183.2203
 11.8509 185.1103
 12.8709 186.0603
 14.3309 186.8403
 15.4409 186.9403
 19.9909 185.4403
 21.0309 185.2903
 22.5309 185.6003
 23.5709 189.1403

Olancho
369
356.0409 284.1903
363.5809 279.5603
365.4109 279.1703
365.9109 279.1603
366.8109 279.7903
368.1909 279.7003
369.5909 280.3703
370.8609 281.6903
372.1909 281.1203
372.6809 282.5403
376.7809 282.0803
377.8509 280.8503
379.2309 281.1203
379.4709 282.0103
380.0409 282.5203
381.4509 282.2903
381.9309 283.1203
383.2309 283.0203
383.6809 283.9703
384.8509 283.8603
385.4209 284.6703
386.3009 284.9803
386.7309 286.8803
388.7609 289.1603
389.2309 289.4503
390.2809 289.2603
390.6209 289.4703
395.3809 294.1803
394.8209 296.5103
395.7209 297.4603
397.9309 297.6603
398.5209 296.7703
399.6009 296.7803
400.4709 296.2603
401.6609 296.1403
402.2109 297.1803
404.2209 299.3803
406.2909 299.9203
407.0809 300.4403
407.2909 300.9203
406.9309 302.0803
407.1009 302.8003
408.4809 303.0203
409.6109 303.8203
410.2809 303.5203
411.6609 301.8303
413.0109 301.5703
413.7709 301.8903
414.4109 302.8203
415.9009 303.3803
428.3509 297.1903
435.1709 290.0003
437.8409 288.0903
453.8709 282.2303
460.3009 272.4803
470.0109 259.9403
485.6409 256.0603
497.0809 242.9203
497.0809 242.9203
496.7409 224.7003
496.8709 203.4503
496.8709 203.4503
495.0709 202.2203
493.1909 200.3303
493.1309 199.2603
493.7409 198.7403
492.7709 196.9403
491.4609 197.0703
490.7009 196.5103
490.4809 195.8703
490.7709 194.9803
492.8809 193.5503
493.4109 192.4703
493.1309 191.6903
491.5809 190.1303
491.7909 189.7203
493.3809 189.5403
493.5309 189.0803
491.2609 185.6103
489.5309 184.7703
488.5509 183.4903
487.1309 183.6103
486.1809 182.9003
485.6109 182.9803
484.6009 183.9603
483.4109 185.8303
481.9609 186.5203
480.7209 185.4803
479.4209 185.3603
479.1809 184.9303
480.3709 182.7703
479.9509 181.5803
480.5109 180.3703
480.5509 178.6203
479.8509 177.8703
479.2209 175.8903
476.0709 172.5803
475.0009 168.8803
474.1109 167.6503
472.8309 164.2203
470.6909 161.5503
471.3509 160.6903
473.1509 160.3503
473.4509 158.0003
474.7009 156.7003
475.7509 157.0103
476.0709 154.4303
476.2809 154.1303
477.6809 153.8503
478.4009 152.9803
475.4709 147.9603
475.0909 147.6203
474.5009 147.6803
473.9209 148.7303
472.4109 148.2403
471.1209 148.6703
469.9009 148.2703
468.2709 148.8103
464.6509 148.7703
462.5709 147.7603
461.3509 148.4203
460.2109 148.4403
458.9509 147.5803
457.7809 147.2703
457.4609 145.8303
455.6409 143.6703
454.4509 143.8503
454.1409 144.9603
453.1109 144.7203
452.8709 144.0503
453.6609 143.0803
453.5409 141.4703
452.9409 140.7203
453.3309 139.6703
453.1409 139.1903
450.7809 136.9103
451.1409 134.5903
450.4409 134.1403
450.1909 133.2603
449.1109 132.7903
448.7509 132.1703
447.9509 132.1303
447.5609 131.0803
446.6209 131.2303
445.9209 130.8603
445.0209 131.8903
444.4009 131.7803
444.1209 130.9803
443.1009 130.4503
442.8209 129.4103
441.8309 129.5503
441.4909 128.1303
440.2209 129.6003
439.9609 127.8003
439.3209 127.9103
438.7909 128.7803
438.3509 128.2203
437.9609 125.9403
437.1509 125.7303
436.7609 124.1003
432.9509 124.3103
432.3309 124.7703
432.3909 126.3003
430.8509 126.0103
430.8509 126.0103
430.7709 126.7603
430.0309 127.9903
428.6909 128.2903
428.3609 128.8003
425.9709 130.2003
425.6709 131.6903
426.6309 132.8803
426.9009 134.1103
426.0709 134.9603
425.5009 136.1803
425.5709 136.6903
424.9409 137.5103
423.0009 138.3603
421.0409 141.0803
420.3409 140.7103
419.9809 139.1803
419.1509 139.1403
417.7609 139.9203
414.2009 140.8403
410.8009 140.0903
410.0109 140.3303
409.2409 141.5203
408.5109 141.4603
406.7509 138.2903
405.7909 137.3003
403.6709 137.7503
400.6309 139.8903
396.5109 137.9503
395.9209 137.0003
395.8209 135.1603
394.7909 133.3903
392.1709 133.3903
390.7409 134.2803
390.1609 135.6703
388.1709 138.1903
385.5509 138.6003
383.6909 139.2803
382.5609 140.8103
382.2909 143.0503
381.9009 143.9403
380.3009 146.0503
378.8509 149.3603
378.2309 149.2703
376.5509 149.7103
376.3309 150.1103
375.3409 150.2103
374.4409 149.4503
374.2909 148.0703
374.5609 147.6003
374.3109 147.4603
365.9609 149.6903
361.9709 159.0803
355.7309 158.6403
350.9609 157.3003
350.2409 156.3103
348.2709 155.8203
346.2309 153.8603
343.2709 152.3203
341.7309 151.1103
340.9109 151.3603
340.1309 150.7903
338.9909 150.8003
330.4909 151.5703
329.6709 154.5103
328.2909 155.6003
327.7909 156.6203
323.5609 157.0003
322.6809 158.9303
322.0309 158.9703
321.1609 160.2003
312.6409 162.1003
311.3909 161.1703
310.7809 162.1403
310.7009 163.3803
309.3909 164.3203
308.8909 165.1703
307.6509 164.9603
306.8109 165.3403
306.2509 164.2003
305.8309 164.1103
304.8109 164.4703
304.3009 165.3603
299.4509 166.8303
299.4509 166.8303
299.7509 168.2403
297.1209 173.6103
297.6309 174.8303
297.5509 176.6803
296.1209 177.0903
295.3109 179.5903
295.3709 181.2903
296.2509 185.0303
294.4009 186.1503
294.1409 187.4503
293.4009 188.4703
290.2609 190.3903
289.9209 191.8303
289.4209 192.3703
286.7109 192.3803
284.9809 194.6603
283.0509 195.7303
281.3009 200.0903
280.2009 204.6803
277.5709 207.5203
278.6609 210.9203
276.4809 212.0703
276.4609 213.5603
277.0809 213.7703
276.7509 215.4603
275.4409 218.5303
273.8109 219.5203
273.9309 220.9003
273.3509 222.6203
273.4609 223.0203
274.6309 223.8303
274.6309 224.9303
275.9609 227.0603
276.9409 227.5303
273.6109 229.1303
273.5209 230.2703
273.1909 230.6103
269.7609 231.4703
269.1409 233.1203
267.4509 234.9803
266.7809 236.2203
266.7809 236.2203
268.1709 238.4503
269.2509 239.5303
270.3009 239.9003
272.3009 239.3303
273.4609 239.6803
274.3509 239.2603
274.7009 239.8803
274.6909 241.8003
274.9709 242.5303
276.6509 243.0603
277.5209 243.9403
278.6809 243.5903
279.2409 244.0603
278.8809 246.5903
279.4909 246.7703
279.4109 248.6503
279.8609 249.3203
280.6509 249.7403
280.7909 250.2303
281.2709 250.3803
281.5309 251.4303
280.8109 251.8003
281.8809 253.4603
281.9009 255.4503
280.9909 257.5103
280.3209 261.8503
280.7309 263.8303
281.7009 264.8503
282.7409 264.8803
284.1309 266.0903
285.9309 266.5203
286.2609 268.2003
288.9309 267.3403
289.0809 267.7803
290.2009 268.2803
290.9709 269.5203
292.5509 268.6303
292.7709 267.4603
293.4809 266.4903
295.3909 265.9303
297.1709 266.2403
299.3809 265.8703
302.4609 267.7803
303.4609 268.0703
303.6009 269.1503
305.2309 270.4203
305.5009 274.3203
307.2909 274.9303
308.0009 274.3603
308.9309 274.3203
310.2909 275.0803
311.0009 276.1503
314.9309 278.0703
316.4009 278.1603
317.0209 279.0903
319.8009 280.7203
321.0009 280.7903
321.6809 280.1603
322.7509 281.1303
324.3309 281.4503
324.6309 281.7603
324.5209 282.5903
328.6609 281.5003
329.1809 280.0203
329.9509 279.4203
329.7509 278.8103
330.2409 278.8503
330.0809 278.4603
331.0709 278.5203
331.7709 278.0203
332.0509 278.4703
332.3909 278.3603
333.2609 277.3103
334.6209 273.0003
335.8309 272.8103
337.0809 273.1403
341.0409 275.2403
349.4309 280.2203

Santa_Bárbara
142
104.7509 299.3903
127.3109 292.8703
127.6509 291.7803
126.8109 290.5503
126.7309 289.6003
127.2109 288.0803
126.6209 286.3003
126.9309 285.7303
126.7309 285.0303
127.1309 284.8303
128.0909 282.6303
129.5909 282.3803
132.3009 281.2903
133.2709 279.7103
133.9509 279.5703
135.7209 278.1703
137.7009 278.8603
139.5209 278.1103
140.3609 265.3203
141.9109 263.4903
143.0009 259.8003
147.5709 259.2103
147.1309 258.4403
147.0609 257.0703
145.5609 255.8003
145.5209 254.6803
144.7009 254.1803
144.0109 252.8703
143.1509 252.4703
141.2309 249.5903
143.0209 246.9103
145.2809 244.8903
146.8709 244.8203
147.4709 243.9403
150.3409 243.6203
151.9009 241.8503
151.6309 240.5403
150.9809 239.6403
150.7409 234.5603
149.6709 233.5203
148.3909 225.7003
151.9709 226.7103
152.0109 226.3603
151.2109 225.6503
151.3109 225.2403
150.7809 225.0503
150.6709 223.9003
151.1309 224.1403
150.9509 223.8003
151.1709 223.7003
151.7409 224.3503
151.5309 223.2903
152.1709 222.7703
152.4909 221.9903
152.2609 221.2403
151.8309 221.1303
152.9309 220.8403
154.0709 220.9703
155.2509 220.0103
154.5209 217.2503
154.2109 213.8903
154.7509 211.9003
155.5209 210.5403
155.5209 210.5403
151.8009 206.6503
149.4809 205.6903
145.1809 200.9003
145.2109 200.1503
146.4909 199.8903
148.5709 196.6703
145.9309 194.3803
145.9309 194.3803
144.9009 194.0903
143.5809 192.2603
136.8609 194.0203
128.6409 193.5703
126.2209 192.4503
122.1009 192.5903
115.6709 193.4803
115.6709 193.4803
118.6409 197.0603
119.0009 202.7903
114.7609 201.0603
112.6409 202.8203
112.1609 204.7503
110.7809 206.8003
112.7209 210.1603
113.6609 213.0203
111.9209 214.6603
109.8909 214.9103
108.9909 214.4003
108.1809 214.5103
107.2909 216.0803
104.4309 217.0803
103.0409 216.3603
101.3709 212.3703
 99.3209 211.5803
 94.3709 218.6903
 91.8109 225.9703
 91.2609 225.7103
 88.2209 226.4303
 85.6709 227.4903
 85.0709 226.0603
 85.4009 225.2403
 84.2509 224.1503
 83.4109 223.9403
 81.5009 224.3303
 81.5009 224.3303
 81.8309 225.1603
 81.0809 225.6503
 79.8309 225.6403
 77.8909 224.5103
 76.4109 224.7203
 74.8509 228.2703
 76.6609 233.0803
 77.4009 233.8803
 77.9909 239.4703
 80.1709 241.7503
 81.6709 241.9703
 82.2709 242.6003
 82.3709 243.3403
 81.7109 244.2703
 81.4509 245.5803
 79.2009 247.8203
 79.2909 250.1503
 79.7309 251.5503
 81.0909 252.4503
 78.5709 254.2003
 77.4909 254.1603
 76.8209 254.9703
 76.1909 257.0903
 75.2109 257.4903
 73.8209 259.3403
 72.5209 259.9403
 73.7909 263.0603
 67.5209 269.6803
 67.5209 269.6803
 76.1909 275.2303
 81.1009 279.3603
 85.7009 284.1903
 87.8409 285.5803
 88.3509 285.3203

Valle
24
195.2309  36.9103
195.8609  36.3303
196.6809  36.3303
197.0609  35.7203
197.6909  36.1103
198.1009  35.8903
198.3809  35.0003
197.9409  34.5903
198.6109  34.0703
198.1709  32.1303
196.1109  31.1003
193.1309  31.3603
192.6209  32.4903
192.9309  33.7303
192.5209  34.2403
192.1409  34.2403
192.2109  34.5703
192.6509  34.3703
193.0609  34.6003
192.8809  35.0803
193.3809  35.5303
193.3809  36.3703
194.0509  36.6303
194.3009  36.4003

Valle
10
191.4009  40.7003
192.1609  39.7203
192.2609  39.0703
191.1509  38.5203
191.3409  37.9403
190.8709  37.4903
190.7109  38.2303
190.2009  38.7103
190.5409  38.8703
190.7009  39.7103

Valle
13
202.3209  44.1103
203.6009  43.7603
204.2709  43.8203
204.7409  42.7203
206.1009  42.4403
206.5809  41.8803
206.0109  41.3603
202.8109  41.0703
202.7709  41.7203
203.1509  42.3303
202.9109  42.6903
201.9009  42.9503
201.1509  43.4203

Valle
39
200.2109  46.3603
201.2209  46.0003
201.9809  46.2603
202.9909  46.0003
203.4309  45.5503
203.0509  45.3903
203.2709  44.9303
204.3209  44.6403
203.9409  43.9603
202.2609  44.3503
201.3109  43.7703
200.5209  43.7403
201.2809  42.9303
202.8309  42.3803
202.3209  41.5703
202.7609  39.9603
201.9409  39.3103
202.0709  37.9803
201.0909  37.7503
200.7709  38.1103
200.2009  38.5303
199.8909  38.1403
198.9709  38.1103
198.6909  38.4603
198.0609  37.8803
194.6709  39.1403
194.3909  40.0303
193.1009  41.0903
192.9709  42.4803
193.8609  42.9003
193.4209  43.4203
193.4509  44.7103
194.3709  44.2903
195.0009  45.5803
195.7909  45.7403
196.4209  44.7103
197.4709  44.5503
198.9009  45.2303
199.3109  46.1103

Valle
13
215.8609  49.3803
216.0809  48.9103
215.7909  48.2203
216.4209  47.7403
217.2509  48.1303
217.6909  47.0303
219.1509  46.9303
217.9809  45.6703
216.5209  45.9003
215.1609  45.4103
213.8309  47.0003
214.1809  48.6803
214.5609  48.5503

Valle
16
216.0809  50.5003
217.4909  50.2103
217.5209  49.8603
216.7209  49.6603
216.6209  49.0403
217.1609  48.7503
218.6509  48.8503
219.2509  47.4603
218.0109  47.2603
217.6809  47.5603
217.5209  48.4303
217.0009  48.4303
216.4709  47.9403
216.0009  48.2703
216.3009  48.9603
215.9109  50.2003

Valle
237
217.7209  49.5303
217.5909  50.4003
216.1009  50.6603
215.7509  50.5303
215.5009  49.4003
215.1209  49.1703
214.2709  49.2003
214.0009  48.9003
213.6109  47.2903
213.3309  47.9003
213.1709  47.6103
214.1809  45.2103
214.2109  44.4303
213.8009  43.6903
212.6309  43.8803
212.5709  44.3403
211.4909  45.5003
210.2509  45.8603
211.3609  47.0603
210.9509  47.0003
210.0609  46.2503
210.0709  46.0003
209.8109  45.9903
209.4009  46.1803
209.7509  45.1503
211.1109  45.3803
211.0809  43.7903
210.1609  43.3003
209.9109  43.9103
209.5009  43.3003
209.2209  43.3603
209.1609  42.6503
207.4209  42.0703
206.2809  42.9803
205.0109  43.1703
204.6309  43.8503
205.2009  44.8803
205.9609  45.3603
205.8009  45.3903
204.5209  44.8403
203.5409  45.2103
203.7309  45.5103
203.1709  46.1203
202.0609  46.3903
200.5209  46.4903
201.1909  47.1003
199.4109  46.6803
198.3709  45.8703
197.8609  45.8403
197.9209  46.6503
198.4909  47.2303
198.5909  47.8403
199.4109  48.2003
199.6709  49.3603
198.9409  48.8703
198.4309  49.6103
196.4009  50.3203
196.6809  51.0303
197.6609  50.8403
197.1809  51.3903
197.6209  52.5503
197.0909  52.8403
197.3109  53.8103
197.5609  54.0703
197.4709  54.5203
198.2009  54.9503
198.3309  55.4603
197.3809  55.3903
197.2909  55.6203
197.8909  55.8803
197.6709  56.2003
197.0009  56.4903
196.1109  56.2603
195.8909  56.1603
195.1609  55.7703
194.6209  55.2503
193.4809  54.9603
193.6109  54.2803
193.2909  53.6303
192.9409  53.5703
192.8509  52.9203
193.8609  52.7203
194.2409  50.5803
193.5109  49.1203
192.8109  49.1203
193.2509  48.5103
193.3809  48.0503
193.1309  47.4703
192.2809  47.8903
191.5209  47.6303
191.5809  46.6603
191.1609  46.5203
191.1709  45.6103
190.7909  45.2203
190.1309  45.0303
189.1609  45.4503
189.1209  44.7403
186.5509  44.4803
186.4209  43.7003
183.9809  43.6703
183.1609  43.7303
182.5309  43.9603
181.0409  45.9003
180.3809  46.1903
178.9209  45.9703
178.7009  46.2903
178.1009  46.5503
177.1509  46.9703
177.1509  47.6203
176.8409  47.7803
176.4909  48.0103
175.7609  49.0803
177.6609  49.1603
178.6209  50.6203
180.0909  50.7103
180.3609  51.2903
182.0409  52.5103
182.7909  52.1803
183.9109  53.1503
185.5909  53.1103
186.4309  55.7603
185.6809  58.5603
185.9709  60.2803
183.8709  61.0503
182.9609  60.6603
182.4209  61.5203
181.0309  60.4703
179.8209  60.9603
179.1809  60.8203
179.0109  61.6203
178.1509  62.1303
178.1009  62.5103
178.8309  63.4303
178.3309  64.5103
178.5109  66.4003
179.3009  67.4003
178.6709  68.0203
179.7509  68.4203
180.0009  69.5403
182.0309  72.0303
182.0609  75.3003
182.6109  78.4103
182.2709  80.9703
182.4309  82.0903
182.8809  82.9403
184.7409  84.7903
185.4309  86.6003
185.3409  87.2303
184.6409  87.7903
184.5909  88.5403
185.0709  89.6303
186.0409  90.5403
187.2509  92.5003
187.3409  96.5503
186.2709  97.2203
185.2209  97.3603
183.8009  98.4903
183.3509  99.2903
183.3509  99.2903
185.9909 100.2203
188.8209 100.3303
189.1809  99.7503
190.5509  99.1603
191.4809  97.9903
194.1609  97.9703
194.1609  97.9703
193.9709  95.4203
194.3109  92.4603
193.8809  91.6403
193.6309  88.1903
194.7009  88.7703
195.9809  88.6703
199.4909  86.2403
201.1909  85.5603
205.7109  86.0103
205.9809  85.1103
208.3309  83.6403
208.9109  82.8503
211.7209  82.1003
212.1009  81.6403
212.3709  81.8303
212.9009  81.4403
213.7609  81.4003
214.5709  80.4603
215.6709  80.3603
215.6709  80.3603
216.3909  78.8503
219.4709  77.3803
221.0709  76.1903
219.2509  70.9003
220.6809  70.3503
221.2109  69.3703
220.8709  68.6203
222.5509  65.3603
223.6309  64.1803
227.0609  62.5703
226.8809  60.2703
226.3109  58.8803
226.4309  57.7103
229.3509  53.3603
228.9009  53.0103
229.0409  51.8903
228.3909  51.2003
227.8209  49.1803
225.8909  48.2803
225.2109  48.5603
224.9409  48.3703
224.6809  47.8903
224.9509  47.5203
224.6409  47.3003
224.6409  47.3003
224.1009  47.1003
223.9609  45.6503
223.5409  45.2103
222.2909  45.3803
221.8809  45.5103
220.9609  45.1503
219.8809  43.6603
219.5009  44.3703
219.5609  45.7603
220.5409  49.0903
221.8709  48.3803
222.8209  48.8003
223.0109  48.8603
223.8009  48.5403
223.9009  48.7703
223.6109  49.1303
222.2209  49.0603
222.7009  49.4503
222.6009  50.5203
222.0009  50.7103
221.2709  49.9703
221.3709  51.1303
220.0709  50.3203
220.4209  50.0603
219.3709  48.1803
218.5509  49.1203

Yoro
502
183.5709 236.2603
184.2909 237.0103
183.3109 237.8803
182.5509 240.4303
183.0509 241.6403
183.0409 243.5203
183.9909 244.0703
184.3309 244.7103
184.3509 245.0603
183.8209 245.4803
184.0409 246.1503
183.6409 246.7003
184.3709 247.8803
183.4209 248.2303
181.9809 249.7003
181.8109 250.4803
180.2709 251.4103
178.9909 250.6103
177.1209 250.9203
176.9609 251.2303
177.3209 251.4103
177.4009 252.0703
176.6609 253.0103
175.3409 252.3603
174.6509 253.4703
172.3109 253.0303
171.7309 253.2103
171.3109 253.7103
171.6009 254.7903
170.3509 255.2803
169.6009 256.8003
168.1209 256.9703
166.1109 256.5203
164.5409 257.4703
163.3109 257.6603
163.1709 258.1103
163.7409 258.6303
163.0309 259.2303
163.6609 260.3603
162.9009 261.4003
163.3809 262.6703
161.8609 261.6603
161.5109 263.6903
162.0809 265.0703
161.8909 266.1803
162.3509 266.3603
163.5909 266.0903
164.2509 266.4503
164.4109 267.7903
162.8209 268.1903
162.5609 268.5103
163.0809 269.7103
164.8909 269.8003
164.8009 270.2803
163.6809 271.2703
163.7009 272.0103
164.8409 272.2903
166.1709 271.9703
166.6809 272.4603
166.8909 274.1303
167.2609 274.5903
168.4609 273.5703
169.2009 273.6203
169.3909 274.4303
167.8509 274.7103
167.8009 275.3103
169.9709 276.7903
171.1609 278.2903
172.1509 281.6103
173.7309 281.2203
174.2709 281.6403
174.3509 282.8503
173.7209 284.9703
171.2709 286.4403
169.5109 286.8903
169.2709 287.5903
170.0509 288.0703
172.5209 288.2003
173.0409 286.1003
173.6709 285.8303
175.3509 288.0303
175.4809 289.0503
175.1609 289.7203
173.2709 290.5103
173.7609 292.3003
172.3209 293.3403
172.3409 293.9303
173.2709 295.1403
172.7209 296.5903
173.5309 296.9003
174.8009 295.7303
175.5109 295.8103
175.6509 296.5803
174.6609 297.5803
174.4409 299.1603
174.7009 299.7503
175.7109 299.9703
176.3009 300.5703
175.5709 302.8803
175.9509 303.3003
176.7109 303.2103
177.7909 302.5203
178.3509 301.5703
179.0509 301.7203
179.2909 302.3903
177.9409 304.7203
178.5509 305.1803
179.9709 304.7503
180.0409 306.8003
178.9409 307.9303
179.2409 309.5803
178.8809 310.3303
177.9709 310.4903
176.2909 310.0603
175.0909 310.7103
174.8409 311.5303
175.5409 312.5603
175.4009 313.1703
174.7509 313.1503
173.9709 311.8803
172.9809 312.4503
172.7909 313.3303
173.3409 314.9803
174.0709 315.5303
175.3009 315.4503
175.2909 316.3003
174.6909 316.2603
173.7409 315.5703
172.7009 315.9003
171.7609 315.7003
173.1509 317.4103
175.3909 318.2903
175.8409 320.5103
176.7409 320.3803
178.0209 318.8203
178.8109 319.3403
179.0109 320.2003
179.0109 320.2003
179.1709 319.5603
178.8709 318.6403
179.2209 318.0903
182.0209 317.6503
183.1409 315.7403
183.6109 315.8003
183.7109 315.4603
184.4809 315.2503
185.1809 314.3603
186.8409 314.2103
186.8309 313.6903
187.6809 313.9703
187.9309 312.5603
189.3009 311.5503
189.3309 307.9903
189.8009 306.3703
189.5509 305.1903
190.0209 304.2203
190.1509 303.3703
189.9109 302.9803
190.3909 302.3603
190.2509 302.0003
191.0209 300.8003
191.1709 299.9503
192.0809 299.7003
192.8809 298.2503
193.9009 297.9703
194.7609 296.1803
195.6609 295.2503
197.0209 294.9103
201.3809 295.1403
203.0609 295.4603
203.0309 295.7303
204.1209 296.1603
204.5709 295.8303
205.1509 295.9403
205.8309 296.5503
206.7209 296.7903
207.4709 296.6603
208.0809 295.7303
208.5509 296.2403
211.0409 297.0003
212.4109 298.7303
213.6109 298.7403
214.0609 299.2403
215.2609 297.7003
216.8009 297.5203
216.5509 296.6203
216.8909 296.0403
216.4909 295.9603
216.6509 295.3603
216.1409 295.1803
216.3609 294.6003
216.1709 293.7203
217.0509 292.7503
216.3909 292.0603
217.6909 291.2503
218.0609 290.3403
217.9009 289.5303
218.3709 289.6903
218.5509 288.9703
218.9409 289.1503
219.2509 288.5003
219.6009 288.7403
220.3309 288.4503
220.0209 287.9703
220.3709 288.0503
220.3909 287.6503
221.2809 288.0503
221.1809 287.2503
221.7809 287.3103
221.5809 287.0403
221.8209 286.5803
222.4009 286.5103
222.3709 286.2503
224.2709 286.8803
225.4609 288.0803
226.3309 288.4503
227.1909 287.8203
228.2609 287.9203
229.3609 286.4903
231.8809 287.3303
233.0709 286.9603
233.7609 286.0203
234.7709 286.1003
235.2809 285.5903
236.4509 285.8803
239.9209 284.3403
241.6409 284.3203
242.7109 284.7603
243.3009 284.0503
244.2809 283.9803
245.0309 284.9203
245.2409 286.2103
247.2109 288.5903
250.1909 288.2303
252.2309 288.3903
253.9009 290.2703
255.8109 290.3803
258.7009 292.0703
258.6809 293.4803
259.4709 294.1103
259.4409 294.7503
260.9909 295.2903
261.9709 296.4203
263.2709 297.0903
264.2409 298.6503
266.0509 300.4203
266.5109 299.7603
267.4009 299.4703
270.6709 299.6803
272.6209 299.4803
274.9609 301.2103
276.2509 300.6903
277.9809 301.3003
279.4209 301.2303
280.6109 302.0903
281.3909 301.9403
281.6809 299.9103
282.8309 300.0403
284.4209 299.1703
285.9809 300.6003
286.5709 300.7503
287.0409 300.6703
287.5309 299.8903
291.6009 299.2503
292.4709 300.0503
295.6109 300.9103
299.6309 303.5903
306.0009 306.0603
313.5109 304.0603
315.8609 304.6703
318.0109 304.7903
319.4309 303.5003
319.8709 303.6203
319.9409 304.0103
320.7509 303.7703
321.8009 304.3303
323.6909 304.3003
323.9909 304.9203
325.0209 304.9303
326.3609 304.5503
327.3309 303.8303
330.5109 303.0903
330.5109 303.0903
333.0409 302.3303
334.7009 300.8903
336.3209 300.0603
336.6509 299.2503
337.3609 298.7903
340.5509 299.1103
341.3909 299.9303
342.3809 299.7503
345.7409 300.1803
346.0809 299.7603
346.5409 300.1103
346.7709 299.6503
348.4009 299.6103
348.9909 299.1303
350.5009 299.2203
350.8109 298.7603
351.6709 298.6803
351.7309 298.0703
352.6409 297.3803
352.9809 297.8403
353.7209 297.0603
354.1709 297.2103
353.8909 298.1403
356.3909 298.3303
355.4709 297.5803
356.8109 295.0703
356.2509 293.2403
356.5409 292.3103
355.9709 291.7903
356.5509 290.3203
355.6209 289.9503
355.0809 289.0103
356.1309 287.6803
356.0409 284.1903
356.0409 284.1903
350.1309 280.2403
349.4309 280.2203
341.0409 275.2403
337.0809 273.1403
335.8309 272.8103
334.6209 273.0003
333.2609 277.3103
332.3909 278.3603
332.0509 278.4703
331.7709 278.0203
331.0709 278.5203
330.0809 278.4603
330.2409 278.8503
329.7509 278.8103
329.9509 279.4203
329.1809 280.0203
328.6609 281.5003
324.5209 282.5903
324.6309 281.7603
324.3309 281.4503
322.7509 281.1303
321.6809 280.1603
321.0009 280.7903
319.8009 280.7203
317.0209 279.0903
316.4009 278.1603
314.9309 278.0703
311.0009 276.1503
310.2909 275.0803
308.9309 274.3203
308.0009 274.3603
307.2909 274.9303
305.5009 274.3203
305.2309 270.4203
303.6009 269.1503
303.4609 268.0703
302.4609 267.7803
299.3809 265.8703
297.1709 266.2403
295.3909 265.9303
293.4809 266.4903
292.7709 267.4603
292.5509 268.6303
290.9709 269.5203
290.2009 268.2803
289.0809 267.7803
288.9309 267.3403
286.2609 268.2003
285.9309 266.5203
284.1309 266.0903
282.7409 264.8803
281.7009 264.8503
280.7309 263.8303
280.3209 261.8503
280.9909 257.5103
281.9009 255.4503
281.8809 253.4603
280.8109 251.8003
281.5309 251.4303
281.2709 250.3803
280.7909 250.2303
280.6509 249.7403
279.8609 249.3203
279.4109 248.6503
279.4909 246.7703
278.8809 246.5903
279.2409 244.0603
278.6809 243.5903
277.5209 243.9403
276.6509 243.0603
274.9709 242.5303
274.6909 241.8003
274.7009 239.8803
274.3509 239.2603
273.4609 239.6803
272.3009 239.3303
270.3009 239.9003
269.2509 239.5303
268.1709 238.4503
266.7809 236.2203
266.7809 236.2203
262.1209 237.2803
260.2109 236.9203
258.6909 237.0403
257.4509 236.3603
255.9709 236.0803
254.4209 236.7103
252.7909 237.9503
250.6009 237.6903
249.7909 238.0903
249.3309 237.4003
247.2909 237.4603
246.4409 236.9103
245.3909 236.9403
243.9009 235.1403
244.1709 233.8803
243.9209 232.8203
244.1009 230.5303
243.4709 229.8703
242.4609 229.6003
240.2009 227.0603
240.2709 226.1003
241.4109 225.0103
241.4309 224.6203
240.9309 224.2103
241.0209 223.5703
242.9809 223.0903
242.6709 222.2003
243.3009 221.1503
242.6809 220.3503
242.6009 219.5303
241.5609 219.5403
240.8909 220.2203
240.8909 220.2203
240.7209 220.9303
239.0309 221.2403
237.9509 222.0803
236.7309 222.3903
235.5709 223.1503
234.1109 225.3403
232.6709 225.2903
232.0009 224.0503
231.4809 223.8203
229.8809 225.8803
229.2209 225.4103
228.7309 225.7503
226.4709 225.6903
225.0009 226.4403
224.7809 226.9103
222.8509 226.5303
220.2809 224.1303
219.8209 223.2003
218.8909 223.3703
217.2809 222.6603
216.4309 223.2003
216.0909 222.9803
215.8109 223.3003
214.6809 223.2903
214.1609 223.9803
214.3909 225.2403
213.8409 225.6003
214.4809 226.6203
213.7409 226.9303
213.2909 227.8003
213.7409 228.7303
213.3609 229.9403
213.4609 230.7703
212.0709 230.7003
212.3009 231.7303
211.2609 231.6003
210.2109 232.4103
210.1609 233.2303
209.3709 233.8903
209.2709 235.9103
209.6809 236.4303
209.1809 237.7003
208.2009 238.8103
207.9509 239.6203
207.2209 240.2503
206.5809 240.2603
205.4409 241.4803
204.3609 240.9203
203.2209 241.0403
202.0809 239.4403
201.2909 239.6703
200.4009 239.4403
200.2709 239.2203
201.0709 238.3803
200.9309 238.0003
198.1409 237.5603
196.9509 236.0103
196.4309 236.1803
195.2109 237.4903
194.1509 237.4503
193.7309 236.9803
193.2209 237.2303
192.3509 237.0603
191.4409 237.6503
191.0709 237.1003
190.6009 237.2203
189.4009 236.4303
188.8409 236.8703
187.9409 236.1203
187.0209 236.3303

