613 697

Pristina
312
252.1227 378.4533
251.9827 378.8233
253.3627 382.4133
253.3627 384.6233
251.1627 387.9333
251.7127 391.8033
254.1927 394.2833
255.5727 399.8033
257.2327 401.7333
261.0927 402.8433
264.9627 405.0533
269.9327 404.7733
271.5827 408.0833
269.6527 412.2233
269.1027 414.9833
270.4827 419.1233
275.4527 419.1233
276.0027 422.1633
278.7627 424.0933
283.7327 424.0933
287.3227 421.6133
287.5927 418.2933
290.9027 417.1933
296.7027 421.3332
296.7027 424.0932
297.8127 428.5132
303.0527 428.7832
306.0927 429.6132
309.9527 432.1032
312.9927 432.1032
314.6427 427.9632
317.6827 425.4732
319.6127 421.6132
324.0327 416.3632
327.6227 416.6432
333.9727 422.7132
337.2827 426.3032
341.6927 429.8932
345.5627 432.1032
348.8727 434.8632
351.9127 436.5132
350.8027 441.4832
351.6327 443.6932
354.6727 444.2432
355.7727 453.3532
353.5627 455.0132
351.3627 456.1132
351.6327 459.1532
356.6027 463.2932
359.0827 466.3232
362.6727 469.3632
365.1627 469.9132
365.1627 472.1232
370.9527 472.4032
372.0627 477.6432
370.6827 483.1632
367.3727 485.9232
364.8827 488.6832
361.2927 489.5132
360.4627 492.8232
359.9127 504.4232
356.8827 508.8332
356.0527 514.6332
353.8427 517.9432
353.8427 524.0132
357.7027 528.1532
358.2627 536.7132
361.0227 544.4432
360.7427 551.3432
354.6727 567.6332
352.4627 572.8732
349.9827 573.9832
345.8327 575.3632
343.9027 578.9432
344.7327 583.9132
342.8027 585.5732
338.9327 586.9532
337.5527 593.1932
333.9727 597.6032
334.5227 602.5732
334.5227 604.7832
336.1727 608.6432
333.6927 611.9632
332.0327 615.2732
329.8327 614.7232
326.2427 612.2332
322.9227 616.3732
320.9927 620.2432
320.3427 623.0832
320.3427 623.0832
328.0527 625.6332
330.2427 627.8532
331.7927 628.9932
332.8327 629.3232
335.6427 628.8032
343.5027 624.5932
345.9627 623.7432
347.7327 624.0732
356.1127 628.7132
360.4427 631.5432
361.8927 631.9732
363.5927 631.7832
365.2227 631.0232
369.5527 626.8132
371.7727 623.4632
373.2227 619.8632
376.8627 608.6232
377.3127 608.4332
378.0027 608.6232
383.0227 614.1932
384.9627 615.1432
386.5627 615.5632
388.1827 614.5232
389.7427 612.8232
390.5727 610.3232
391.3427 606.3932
392.3427 598.8432
392.7227 589.1532
392.6527 581.0832
391.8927 569.4232
393.0327 555.2732
393.5927 554.8432
394.5927 555.2732
400.3827 566.4032
402.0027 567.8632
403.8427 569.4232
406.1327 570.0832
409.1427 569.6632
412.1527 567.7732
413.9227 566.0732
418.9827 551.0232
418.8427 548.5732
414.1327 536.4132
411.3927 528.0232
411.7027 526.3232
412.7827 524.2032
420.7427 525.2832
428.2927 525.6632
444.6827 521.5632
453.7527 512.5632
459.8527 500.5132
462.1327 499.5232
470.3127 503.1032
472.8427 499.5232
472.4627 491.6132
471.9727 487.1932
468.6127 477.2632
462.1727 467.9532
461.8627 459.6332
463.4527 455.4032
476.5827 454.2232
477.5127 454.3232
478.7627 454.0332
488.6727 453.5232
492.8927 449.6632
503.6427 445.6532
503.6427 445.6532
504.0027 441.3232
502.3427 439.1132
501.7927 436.9032
500.4127 433.5932
496.2727 432.2132
496.2727 428.3432
495.1727 424.2032
490.7527 423.9332
487.9927 425.0332
485.5127 425.0332
484.4027 426.6932
481.9227 428.6232
479.1627 429.1732
476.6727 426.4132
473.9127 426.1333
472.8127 424.4833
475.5727 421.4433
478.6027 418.6833
478.6027 415.3733
482.1927 413.7132
485.2327 413.1632
487.1627 409.8532
491.3027 408.7432
492.6827 405.1632
490.7527 403.7832
491.3027 401.8432
493.7927 398.2533
490.4727 396.8733
489.6527 393.8433
489.6527 391.0833
492.9627 387.4933
496.8227 385.8333
496.8227 382.8033
497.9327 379.4833
503.1727 375.6233
505.9327 368.7233
500.6927 366.7933
499.0327 364.3033
494.8927 366.7933
492.4127 367.8933
489.3727 365.9633
486.8927 369.2733
481.9227 369.2733
479.4327 365.9633
476.6727 362.9233
477.7827 358.2333
477.7827 354.6433
473.3627 352.1633
468.9427 352.9933
466.7427 354.3733
465.3627 356.3033
464.8027 358.7833
462.3227 359.6133
459.0127 360.1633
457.6327 362.6533
452.9327 360.9933
448.5227 358.7833
444.6527 360.1633
442.4527 362.9233
437.7527 363.2033
432.5127 359.8933
430.5827 357.6833
428.3727 351.8833
431.1327 347.4733
434.7227 344.1533
432.2327 340.5633
432.7827 335.8733
433.6127 334.2233
438.3027 332.0133
438.0327 329.2533
435.5427 322.6233
430.8527 322.9033
428.6427 324.0033
426.1627 324.0033
424.7827 321.7933
426.7127 318.2133
425.6127 314.8933
426.4427 312.1333
425.6327 309.7133
425.6327 309.7133
425.6127 309.7633
425.6127 309.7633
423.1227 308.9333
421.7427 306.1733
419.5327 306.4533
417.6027 310.8633
414.5727 313.6233
410.4327 313.0733
406.8427 315.8333
399.9427 315.5633
395.8027 313.6233
393.0427 313.0733
389.4527 314.1833
386.9627 313.0733
383.3827 310.3133
380.3427 310.5933
379.7927 314.1833
377.8527 317.7633
373.4427 317.7633
367.0927 318.5933
365.4327 321.0833
363.2227 321.9133
353.0127 317.2133
348.8727 318.8733
346.6627 320.2533
343.3527 320.5233
338.3827 319.7033
332.8627 324.1133
331.7627 321.0833
324.8627 319.7033
323.4827 324.1133
321.2727 325.4933
317.4027 325.7733
314.6427 324.1133
310.5027 321.0833
309.4027 318.0433
303.0527 317.4933
299.2127 316.7233
299.2127 316.7233
299.1927 316.9433
299.1927 316.9433
297.5327 321.6333
297.2527 324.6733
291.1827 326.6033
285.3827 322.4633
282.6227 324.6733
286.2127 329.3633
284.8327 332.3933
284.2827 335.1533
289.8027 335.7133
290.0827 342.3333
288.1427 343.1633
286.7627 347.3033
284.5627 346.7533
282.0727 340.6833
275.4527 340.6833
272.9627 338.4733
268.2727 337.9133
263.0327 332.3933
261.3727 335.9833
261.6527 338.1933
264.9627 342.0633
266.0627 346.2033
265.5127 349.2333
268.5527 351.9933
269.1027 358.8933
264.1327 362.7633
262.7527 364.1433
260.8227 364.4133
260.8227 367.1733
264.9627 371.3133
265.7927 376.2833
260.2727 379.3233
253.6227 378.3533
253.6227 378.3533

Kosovska_Mitrovica
221
320.3427 623.0833
320.9927 620.2433
322.9227 616.3733
326.2427 612.2333
329.8327 614.7233
332.0327 615.2733
333.6927 611.9633
336.1727 608.6433
334.5227 604.7833
334.5227 602.5733
333.9727 597.6033
337.5527 593.1933
338.9327 586.9533
342.8027 585.5733
344.7327 583.9133
343.9027 578.9433
345.8327 575.3633
349.9827 573.9833
352.4627 572.8733
354.6727 567.6333
360.7427 551.3433
361.0227 544.4433
358.2627 536.7133
357.7027 528.1533
353.8427 524.0133
353.8427 517.9433
356.0527 514.6333
356.8827 508.8333
359.9127 504.4233
360.4627 492.8233
361.2927 489.5133
364.8827 488.6833
367.3727 485.9233
370.6827 483.1633
372.0627 477.6433
370.9527 472.4033
365.1627 472.1233
365.1627 469.9133
362.6727 469.3633
359.0827 466.3233
356.6027 463.2933
351.6327 459.1533
351.3627 456.1133
353.5627 455.0133
355.7727 453.3533
354.6727 444.2433
351.6327 443.6933
350.8027 441.4833
351.9127 436.5133
348.8727 434.8633
345.5627 432.1033
341.6927 429.8933
337.2827 426.3033
333.9727 422.7133
327.6227 416.6433
324.0327 416.3633
319.6127 421.6133
317.6827 425.4733
314.6427 427.9633
312.9927 432.1033
309.9527 432.1033
306.0927 429.6133
303.0527 428.7833
297.8127 428.5133
296.7027 424.0933
296.7027 421.3333
290.9027 417.1933
287.5927 418.2933
287.3227 421.6133
283.7327 424.0933
278.7627 424.0933
276.0027 422.1633
275.4527 419.1233
270.4827 419.1233
269.1027 414.9833
269.6527 412.2233
271.5827 408.0833
269.9327 404.7733
264.9627 405.0533
261.0927 402.8433
257.2327 401.7333
255.5727 399.8033
254.1927 394.2833
251.7127 391.8033
251.1627 387.9333
253.3627 384.6233
253.3627 382.4133
251.9827 378.8233
252.1227 378.4533
252.1227 378.4533
250.8827 378.3333
250.8827 378.3333
247.5727 376.6733
245.3627 377.5033
243.9827 384.9533
238.7427 388.8133
235.9827 389.9233
230.4527 390.4733
228.8027 398.7533
234.8727 403.1733
233.2127 408.1433
230.4527 409.7933
232.6627 412.2833
228.8027 415.0433
227.9727 416.6933
225.4927 415.5933
224.6627 411.7233
221.6227 408.6933
216.1027 408.4133
213.3427 411.7233
208.6527 419.7333
207.8227 424.1533
206.1627 425.5333
202.3027 426.6333
201.7527 429.9433
203.6827 434.0833
205.8927 434.9133
207.2727 434.3633
210.8627 438.5033
212.5127 443.1933
212.7927 447.3333
208.6527 450.9233
207.2727 456.4433
208.9227 460.3133
211.6827 465.2733
211.6827 473.2833
213.3427 476.0433
215.2727 480.1833
215.8227 488.4633
208.3727 488.4633
208.6527 494.8133
205.6127 499.2333
202.5827 500.8833
201.4727 504.4733
198.4427 507.5133
192.6427 508.0633
191.2627 512.2033
187.1227 511.1033
184.3627 508.8933
180.2227 507.7833
174.7027 507.2333
170.5627 506.1333
167.4527 506.1333
167.4527 506.1333
170.4627 512.4733
170.7027 515.3433
160.4127 528.1633
158.5127 531.9733
157.3627 535.3233
156.7427 540.8433
158.3027 545.1733
160.6927 549.1433
163.7727 551.9233
166.1327 552.9133
167.6527 553.9533
171.7027 555.9333
176.4827 560.3133
179.7027 563.7633
186.8027 567.4433
197.5427 570.2733
200.1727 572.2533
202.6727 571.7333
205.6827 570.0833
208.4927 567.4433
210.1527 567.2533
210.6327 567.6333
210.0127 573.5333
230.0727 576.4533
231.3827 580.1333
231.0027 590.3333
226.8827 599.1733
225.5327 608.0533
226.3927 612.8733
225.7027 619.7733
224.8727 620.3833
223.9727 620.3833
220.6127 618.8733
219.4327 618.6433
218.1527 619.4933
216.8027 621.8033
215.3127 626.3433
215.2127 628.6133
215.4827 630.2233
217.3927 634.4833
217.8427 636.1833
217.9427 637.7433
217.4927 641.2433
216.3827 643.4233
214.7227 645.3133
202.6727 656.3833
200.1727 660.6933
201.2127 663.8233
217.8027 667.9333
228.0227 672.8133
233.1127 676.5533
243.6127 683.2333
246.0327 684.1333
252.1027 685.7033
253.9327 687.0232
262.5927 694.9932
265.5027 696.3632
269.1427 696.7432
278.2527 696.4632
287.3927 690.6732
291.7927 683.2833
301.7027 665.3333
305.7827 659.2233
306.2027 657.3333
305.5727 654.5833
305.0227 653.4533
302.9427 653.3533
292.7627 657.6633
290.2027 657.9533
286.8027 656.9533
283.2327 653.7333
284.4827 644.7933
285.6227 642.6133
287.7027 639.6333
290.9227 636.1833
294.2827 633.9633
303.5327 631.8733

Đakovica
234
153.8827 214.1932
152.5527 215.9632
149.1527 218.1532
148.9527 219.9732
148.4327 221.2332
145.2727 223.6532
142.7827 226.7332
138.8327 228.0832
136.5827 229.4333
131.5227 229.9033
131.2127 230.1333
130.5927 231.9133
128.3027 232.0032
126.1627 232.7933
124.3227 233.0732
122.5227 235.1733
121.2427 238.5833
120.5827 239.2333
119.2627 239.5632
115.4227 241.8033
113.8627 242.4532
111.0527 242.7832
108.5927 244.2232
106.4527 244.3232
106.3127 244.5533
106.7927 247.5832
105.3727 249.1232
103.9227 251.3633
102.2627 252.0233
100.9427 253.0033
 96.8527 252.8633
 96.2627 252.3933
 94.8127 250.3833
 92.2527 249.5433
 90.2727 247.2133
 89.3427 247.4433
 88.6427 248.2433
 86.1527 249.5433
 84.6327 251.2733
 83.5227 251.1833
 79.0527 249.7333
 73.2327 248.7933
 72.8827 249.0333
 72.0527 250.6133
 69.6327 250.8533
 68.1727 252.0633
 67.9327 253.1833
 69.2527 254.9633
 69.1427 256.5433
 68.3827 258.5033
 66.0327 261.2633
 65.6827 262.5233
 66.7527 263.8333
 67.5227 264.2933
 68.1027 264.2933
 68.3127 264.6733
 68.8727 268.7333
 68.7627 272.3733
 67.1027 274.2433
 67.4127 275.6033
 66.8927 277.2833
 65.6827 277.8933
 64.6127 279.5233
 60.5227 283.2633
 56.6027 285.9733
 56.0827 287.0033
 58.2727 291.4833
 60.9327 293.0333
 61.8027 293.8233
 62.3527 294.8033
 62.0827 297.9833
 61.1427 299.2433
 59.9327 303.0833
 59.2727 303.8333
 57.1627 304.8633
 55.1127 308.0833
 50.9927 310.7533
 50.5127 311.3133
 50.3327 313.2333
 50.7927 314.0233
 51.9327 315.1433
 52.2127 316.3133
 49.8227 319.6433
 47.6727 320.8533
 47.0827 321.7433
 46.2127 325.2033
 45.9727 327.3633
 42.5127 330.8233
 41.7127 331.9033
 41.5727 332.8333
 41.9927 334.8933
 41.8127 335.9233
 41.3627 336.6733
 38.1827 338.3633
 37.4827 339.6233
 36.9327 340.0433
 32.0127 341.9633
 30.0027 343.1333
 26.4727 344.3533
 26.0927 344.8233
 25.8527 346.4633
 23.1827 346.4633
 18.8527 348.8933
 18.0527 349.5933
 16.7727 352.8733
 14.8327 355.0333
 14.3127 357.3733
 11.5827 359.1533
  9.4627 359.4333
 14.3527 371.7533
 14.7327 374.6633
 14.3527 377.1933
 12.6227 381.8833
 12.2727 386.4733
 12.9627 389.7633
 14.8727 392.6233
 16.5327 394.1733
 20.5827 396.3233
 25.0527 401.3933
 28.1727 405.9033
 29.6227 407.5633
 29.6227 407.5633
 35.5827 403.2233
 43.0327 402.9533
 48.5527 400.7433
 54.9027 400.7433
 58.2127 399.6433
 55.7327 396.0533
 52.9727 392.7333
 53.8027 389.1533
 56.5627 388.3233
 60.7027 381.4233
 63.1827 380.5933
 68.7027 381.1433
 73.3927 377.8333
 85.2627 373.4133
 88.0227 372.8633
 90.5127 373.4133
 94.9227 375.9033
 96.3027 379.4833
 99.3427 378.9333
101.5527 376.1733
103.7627 375.0733
106.2427 372.3133
108.4527 369.0033
105.1427 367.6233
106.5227 364.8633
108.7327 362.3733
112.5927 361.8233
113.4227 359.3333
110.9327 356.8533
109.5527 354.9233
112.5927 352.7133
123.6327 353.2633
127.2227 355.1933
129.9827 357.1333
135.5027 355.7533
137.9827 354.6433
143.7827 354.6433
150.4127 357.6833
157.5827 356.5733
160.3427 353.5433
163.3827 352.1633
168.6227 354.0933
170.5627 353.8133
172.7627 351.0533
171.1127 347.1933
173.3227 344.4333
173.3227 341.3933
177.1827 335.3233
179.9427 336.4233
179.9427 336.4233
182.9827 336.7033
182.9827 336.7033
186.5727 334.7733
188.7727 328.7033
191.2627 327.0433
196.7827 326.7633
198.1627 322.0733
198.4427 316.5533
201.7527 316.0033
211.9627 316.0033
217.2127 315.1733
220.5227 311.8633
224.1127 310.2033
224.9327 306.8933
231.0127 305.7833
232.6627 304.9633
231.5627 299.1633
234.3227 296.6833
237.6327 296.4033
239.0127 293.9233
234.8727 289.7833
237.6327 286.7433
240.6727 282.8733
240.3927 278.1833
239.2927 272.1133
241.2227 266.0433
238.4627 263.2833
239.0127 261.3433
239.5627 256.1033
236.5327 254.1733
234.8727 250.0333
234.8727 246.7133
231.0127 243.4033
228.5227 244.2333
227.1427 247.5433
226.5927 250.3033
224.3827 253.8933
219.4127 253.8933
217.2127 251.6833
215.5527 246.9933
213.8927 244.2333
211.4127 241.1933
209.4827 239.8133
208.6527 236.2333
205.6127 237.8833
202.3027 237.8833
202.3027 242.3033
198.7127 242.8533
194.0227 242.8533
190.1527 241.7533
189.0527 238.9933
187.3927 236.7833
186.2927 240.0933
184.0827 242.8533
183.5327 240.3733
182.7027 233.4733
177.1827 232.3633
175.8027 230.1533
172.7627 226.5633
166.6927 225.1833
166.4227 221.0433
162.8327 218.8433

Gnjilane
178
425.6327 309.7133
426.4427 312.1333
425.6127 314.8933
426.7127 318.2133
424.7827 321.7933
426.1627 324.0033
428.6427 324.0033
430.8527 322.9032
435.5427 322.6233
438.0327 329.2533
438.3027 332.0132
433.6127 334.2232
432.7827 335.8732
432.2327 340.5632
434.7227 344.1532
431.1327 347.4732
428.3727 351.8832
430.5827 357.6832
432.5127 359.8932
437.7527 363.2032
442.4527 362.9232
444.6527 360.1632
448.5227 358.7832
452.9327 360.9932
457.6327 362.6532
459.0127 360.1632
462.3227 359.6132
464.8027 358.7832
465.3627 356.3032
466.7427 354.3732
468.9427 352.9932
473.3627 352.1632
477.7827 354.6432
477.7827 358.2332
476.6727 362.9232
479.4327 365.9632
481.9227 369.2732
486.8927 369.2732
489.3727 365.9632
492.4127 367.8932
494.8927 366.7932
499.0327 364.3032
500.6927 366.7932
505.9327 368.7232
503.1727 375.6232
497.9327 379.4832
496.8227 382.8032
496.8227 385.8332
492.9627 387.4932
489.6527 391.0832
489.6527 393.8432
490.4727 396.8732
493.7927 398.2532
491.3027 401.8432
490.7527 403.7832
492.6827 405.1632
491.3027 408.7432
487.1627 409.8532
485.2327 413.1632
482.1927 413.7132
478.6027 415.3732
478.6027 418.6832
475.5727 421.4432
472.8127 424.4832
473.9127 426.1332
476.6727 426.4132
479.1627 429.1732
481.9227 428.6232
484.4027 426.6932
485.5127 425.0332
487.9927 425.0332
490.7527 423.9332
495.1727 424.2032
496.2727 428.3432
496.2727 432.2132
500.4127 433.5932
501.7927 436.9032
502.3427 439.1132
504.0027 441.3232
503.6427 445.6532
503.6427 445.6532
504.1827 445.4332
521.4727 445.7632
534.9727 442.5232
546.3027 435.1932
559.6027 411.8132
568.0927 404.5332
575.1927 407.4432
577.6127 411.9532
586.7227 421.7132
588.3827 422.8932
589.7727 423.4532
592.0227 423.8332
595.3827 423.2632
598.0827 421.6732
603.5927 417.6832
605.8427 414.8132
606.9927 410.3532
606.6027 404.3032
607.3327 398.9532
610.1427 394.7332
612.2527 390.8432
609.3827 387.9832
598.5027 382.9632
589.3927 367.1632
587.1427 350.6732
582.4627 336.4432
575.7427 328.4832
557.9027 319.4532
548.0027 310.3332
545.5027 302.9832
548.3127 296.6732
544.6027 279.0532
534.2827 271.5832
528.8827 261.5932
528.2627 252.7232
532.0027 244.6032
538.7527 241.3332
538.7927 236.2932
537.3727 232.5132
538.4027 220.9032
513.9227 218.8032
505.4327 216.8432
503.0727 217.1232
500.3027 219.2732
493.1027 223.1832
489.7027 223.5632
484.5827 223.1832
483.2627 222.9032
482.1527 221.6932
481.9527 217.6832
481.5327 216.1932
480.4227 214.1432
477.3727 211.8132
465.2527 211.0632
461.5427 209.6232
460.4527 208.6732
460.4527 208.6732
459.0127 210.1132
457.3527 213.7032
453.4927 215.6332
448.7927 214.2532
446.3127 214.5332
444.1027 218.3932
440.7927 219.2232
436.9227 217.2932
434.9927 220.3332
432.7827 220.3332
431.4027 223.3632
425.8827 232.7532
423.1227 233.3032
422.5727 240.7532
424.5027 243.5132
425.0527 247.1032
428.6427 247.3832
429.2027 251.5232
430.0227 254.2832
430.3027 256.7632
422.2927 254.8332
419.8127 258.6932
415.3927 259.2532
417.0527 263.1132
417.0527 267.2532
418.9827 268.9132
422.5727 268.9132
424.5027 271.9432
427.2627 273.3232
430.3027 273.6032
434.9927 269.7432
434.9927 273.0532
437.4827 275.5332
434.9927 278.8432
431.4027 282.1632
432.2327 286.0232
433.6127 289.3332
435.2727 295.9632
428.6427 300.9332
427.2627 305.3432

Peć
203
180.7827 336.5033
179.9427 336.4233
179.9427 336.4233
177.1827 335.3233
173.3227 341.3932
173.3227 344.4333
171.1127 347.1933
172.7627 351.0533
170.5627 353.8133
168.6227 354.0932
163.3827 352.1632
160.3427 353.5432
157.5827 356.5732
150.4127 357.6832
143.7827 354.6432
137.9827 354.6432
135.5027 355.7532
129.9827 357.1332
127.2227 355.1932
123.6327 353.2632
112.5927 352.7132
109.5527 354.9232
110.9327 356.8532
113.4227 359.3332
112.5927 361.8232
108.7327 362.3732
106.5227 364.8632
105.1427 367.6232
108.4527 369.0032
106.2427 372.3132
103.7627 375.0732
101.5527 376.1732
 99.3427 378.9332
 96.3027 379.4832
 94.9227 375.9032
 90.5127 373.4132
 88.0227 372.8632
 85.2627 373.4132
 73.3927 377.8332
 68.7027 381.1432
 63.1827 380.5932
 60.7027 381.4232
 56.5627 388.3232
 53.8027 389.1532
 52.9727 392.7332
 55.7327 396.0532
 58.2127 399.6432
 54.9027 400.7432
 48.5527 400.7432
 43.0327 402.9532
 35.5827 403.2232
 29.6227 407.5632
 29.6227 407.5632
 32.3227 411.0632
 32.0527 412.3232
 28.5127 414.6232
 26.2627 416.7432
 25.0827 418.2932
 22.6327 422.8932
 20.5127 425.9432
 17.7427 427.4932
 15.6327 427.5832
 13.8327 428.1032
 12.7227 428.9432
 11.3727 431.0632
  9.8827 432.3732
  6.5927 433.4132
  5.8627 434.1632
  4.7927 436.8832
  4.1327 437.8232
  1.9827 445.4332
  0.6027 447.9732
  0.2527 449.3832
  0.3527 450.5132
  1.9827 452.8132
  3.3727 454.2732
  4.8227 456.4832
  5.3427 457.7532
  5.6927 459.5832
  5.7627 461.4632
  6.8027 463.8132
  7.4227 464.2832
  8.3527 464.7532
  9.5327 464.6132
 13.8627 462.8732
 16.2927 462.4032
 17.4627 461.6032
 19.6827 461.2332
 23.1827 459.8232
 27.1627 457.8432
 31.0827 457.2332
 34.2327 455.4932
 37.8327 454.2732
 41.0227 453.5632
 43.6227 454.0332
 48.0527 453.6632
 55.9827 453.7032
 61.4527 453.1432
 66.2327 451.4032
 70.2927 451.3532
 73.9227 453.0532
 82.3427 464.8932
 83.5527 465.9732
 85.8027 468.7032
 85.9427 469.5932
 85.5627 470.7732
 83.8627 473.8332
 83.0027 477.4032
 83.2127 478.7232
 83.8627 479.8032
 87.4027 483.3332
 91.9327 485.7832
 94.0827 486.6232
 95.4727 487.8932
 97.2727 490.1532
 98.7227 491.3332
100.2527 491.7132
105.7927 490.1532
108.0727 489.9232
108.9427 489.4932
112.0227 489.2632
123.2527 491.2832
147.8727 496.4132
148.8827 496.3732
158.8527 497.9232
159.6527 498.5832
162.5927 499.9032
164.3927 501.1732
167.4527 506.1332
167.4527 506.1332
170.5627 506.1332
174.7027 507.2332
180.2227 507.7832
184.3627 508.8932
187.1227 511.1032
191.2627 512.2032
192.6427 508.0632
198.4427 507.5132
201.4727 504.4732
202.5827 500.8832
205.6127 499.2332
208.6527 494.8132
208.3727 488.4632
215.8227 488.4632
215.2727 480.1832
213.3427 476.0432
211.6827 473.2832
211.6827 465.2732
208.9227 460.3132
207.2727 456.4432
208.6527 450.9232
212.7927 447.3332
212.5127 443.1932
210.8627 438.5032
207.2727 434.3632
205.8927 434.9132
203.6827 434.0832
201.7527 429.9433
202.3027 426.6333
206.1627 425.5332
207.8227 424.1532
208.6527 419.7332
213.3427 411.7232
216.1027 408.4132
221.6227 408.6932
224.6627 411.7232
225.4927 415.5932
227.9727 416.6932
228.8027 415.0432
232.6627 412.2832
230.4527 409.7932
233.2127 408.1432
234.8727 403.1732
228.8027 398.7532
230.4527 390.4732
235.9827 389.9232
238.7427 388.8132
243.9827 384.9532
245.3627 377.5032
247.5727 376.6732
250.8827 378.3332
250.8827 378.3332
253.6427 378.6032
253.3627 374.4632
253.3627 374.4632
251.1627 371.1532
250.6027 367.5633
242.8827 367.5633
239.5627 368.1133
237.3527 370.8733
228.8027 367.0132
224.3827 359.0033
222.4527 356.2433
221.9027 351.0033
219.9727 349.0733
218.5827 346.0332
215.2727 344.3732
215.5527 340.7932
210.5827 341.0632
205.0627 340.2332
200.0927 338.0332
192.6427 339.6832
188.2227 339.6832

Uroševac
186
460.4527 208.6733
458.4627 206.9633
455.2427 202.5833
450.3927 197.0833
442.6327 183.1633
434.1827 156.7233
430.1327 151.5132
427.9127 149.3232
425.1827 148.5332
421.0227 147.8332
417.9427 149.6932
414.4727 150.0732
411.3627 148.9032
409.1427 148.5832
407.9627 148.8132
406.5827 150.0732
405.6127 152.2032
405.1927 155.2832
404.0127 159.0932
399.7927 166.6332
390.5427 175.9932
389.1527 181.0632
388.4627 187.7732
386.8727 191.2632
384.2727 194.3332
382.7127 195.7332
380.5627 196.7132
378.3527 196.8032
371.5227 197.9232
369.7227 197.4532
368.2727 196.2432
365.6327 193.2632
356.4927 188.1432
353.5827 182.9232
351.2327 180.3232
344.3727 175.1932
342.0127 174.3632
339.1027 173.7032
335.5027 171.3832
331.2127 168.0032
331.2127 168.0032
328.4527 175.3332
325.1327 182.5132
322.1027 185.8232
316.0227 186.9332
311.3327 190.2432
300.2927 189.9632
291.7327 191.3432
288.1427 192.7232
287.5927 197.1432
290.0827 197.9732
292.2927 201.0032
291.7327 203.7632
290.6327 205.7032
290.9027 208.4632
294.4927 210.1132
300.8427 206.5332
303.6027 209.5632
304.9827 212.6032
308.5727 215.3632
312.7127 216.4632
314.6427 221.7132
315.2027 225.5732
318.5127 226.4032
321.2727 223.6432
324.0327 226.9532
328.4527 227.7832
330.3827 228.6132
327.8927 231.3732
326.2427 236.8932
329.2727 238.8232
330.1027 241.5832
327.8927 244.6232
327.8927 247.9332
325.1327 248.4832
325.1327 252.9032
327.3427 255.6632
327.8927 258.4232
324.5827 260.9032
324.5827 265.8732
321.8227 269.4632
317.6827 273.3232
312.7127 273.3232
310.2327 275.2632
309.9527 278.2932
313.5427 279.9532
319.0627 277.1932
320.7227 280.5032
318.5127 282.9932
316.0227 283.8132
314.0927 286.0232
314.0927 288.7832
317.6827 289.0632
318.7827 293.2032
322.9227 293.4732
324.0327 295.1332
320.9927 297.8932
318.7827 298.9932
316.5827 302.3132
317.1327 306.1732
314.0927 307.2832
309.9527 307.8332
305.5327 308.9332
303.8827 310.5932
300.2927 310.5932
299.7427 312.5232
299.7427 312.5232
299.2127 316.7232
299.2127 316.7232
303.0527 317.4932
309.4027 318.0432
310.5027 321.0832
314.6427 324.1132
317.4027 325.7732
321.2727 325.4932
323.4827 324.1132
324.8627 319.7032
331.7627 321.0832
332.8627 324.1132
338.3827 319.7032
343.3527 320.5232
346.6627 320.2532
348.8727 318.8732
353.0127 317.2132
363.2227 321.9132
365.4327 321.0832
367.0927 318.5932
373.4427 317.7632
377.8527 317.7632
379.7927 314.1832
380.3427 310.5932
383.3827 310.3132
386.9627 313.0732
389.4527 314.1832
393.0427 313.0732
395.8027 313.6232
399.9427 315.5632
406.8427 315.8332
410.4327 313.0732
414.5727 313.6232
417.6027 310.8632
419.5327 306.4532
421.7427 306.1732
423.1227 308.9332
425.6127 309.7632
425.6127 309.7632
427.2627 305.3432
427.2627 305.3432
428.6427 300.9332
435.2727 295.9632
433.6127 289.3332
432.2327 286.0232
431.4027 282.1632
434.9927 278.8432
437.4827 275.5332
434.9927 273.0532
434.9927 269.7432
430.3027 273.6032
427.2627 273.3232
424.5027 271.9432
422.5727 268.9132
418.9827 268.9132
417.0527 267.2532
417.0527 263.1132
415.3927 259.2532
419.8127 258.6932
422.2927 254.8332
430.3027 256.7632
430.0227 254.2832
429.2027 251.5232
428.6427 247.3832
425.0527 247.1032
424.5027 243.5132
422.5727 240.7532
423.1227 233.3032
425.8827 232.7532
431.4027 223.3632
432.7827 220.3332
434.9927 220.3332
436.9227 217.2932
440.7927 219.2232
444.1027 218.3932
446.3127 214.5332
448.7927 214.2532
453.4927 215.6332
457.3527 213.7032

Prizren
328
331.2127 168.0032
326.5027 164.4433
324.2127 163.8833
317.1427 163.0933
311.0127 160.3933
307.3827 157.0033
301.0027 148.7233
298.6527 146.2033
296.7827 145.0433
295.6327 144.7233
290.8527 144.5833
285.5927 145.1333
284.5227 144.9533
281.9227 143.7433
279.9827 142.1133
276.9627 140.4933
271.6727 139.1433
264.8827 138.7233
263.7727 138.4433
262.5627 137.7033
261.1727 136.3933
260.0327 134.0733
257.5027 131.3733
248.1127 116.2233
247.0727 113.9033
246.9027 112.8833
247.5627 106.6533
247.3827 100.9433
248.0127  91.1433
248.7727  88.5933
251.9627  83.5833
252.5827  80.4733
252.5127  78.8533
251.5127  75.4633
251.2627  72.6733
251.4027  70.8633
251.8227  69.3833
252.7227  67.7633
256.4627  62.5633
256.5627  61.1733
244.3027  49.2133
241.8127  45.1333
240.6027  43.7433
228.5127  35.9633
222.9027  33.1833
217.7427  29.7533
216.0427  27.6233
215.2127  23.2233
214.8327  22.3833
208.5627  14.0033
206.8627  12.1533
206.0327  10.8133
204.2327   5.1633
202.3227   3.2633
199.4527   1.0933
198.2027   0.4433
195.7127   0.9933
193.3927   2.4333
192.9027   2.4833
189.4727   0.5333
188.0927   0.2533
184.1427   0.7633
182.6127   1.5533
182.2027   2.1533
182.4827   5.8533
182.2027   7.0633
180.9227   9.8333
178.1827  19.3733
178.7027  22.0133
178.3527  24.3733
179.0527  26.8833
179.2227  28.5433
178.0427  34.7533
178.1127  39.1133
178.6727  40.1733
180.4727  40.5033
181.8227  42.2133
182.5127  42.6333
189.2627  43.2333
189.7127  43.5133
189.5827  46.8933
187.8127  49.6333
183.6227  61.3633
186.0127  62.2433
186.8427  62.7933
188.3627  65.7233
189.2327  66.7433
192.6227  68.2733
196.9527  71.2833
198.5127  72.7233
199.5227  78.9833
200.4927  81.2133
200.8027  82.5633
200.1427  87.0633
200.1427  89.1033
199.2027  90.3633
197.2327  91.9333
195.7427  95.1433
193.8027 102.0133
192.4527 107.9133
191.3427 108.9333
190.7227 110.2333
189.7527 120.1233
183.9327 126.9633
182.8927 127.8433
181.4727 128.1633
177.0027 137.5633
176.0327 138.6733
176.1427 139.7933
179.7727 145.8333
179.7727 146.4833
179.0127 147.5533
178.2527 149.3733
178.1527 150.6733
178.3527 151.8333
180.2627 155.7433
180.3627 156.4433
180.2227 157.6033
176.3827 165.4733
176.3127 166.5833
177.0027 167.6533
177.0427 168.4033
174.5427 171.1933
171.8827 174.9633
171.8427 175.3333
172.6027 176.3133
172.5727 176.7833
171.6727 178.7833
171.3227 180.2233
169.5627 183.1633
168.0327 186.6033
166.3327 195.7333
165.2627 199.2733
163.3227 201.2333
162.2527 203.0033
157.1627 207.5733
157.0927 209.3833
156.4327 212.0433
155.6027 213.0733
153.8827 214.1933
153.8827 214.1933
155.9327 217.4633
162.8327 218.8433
166.4227 221.0433
166.6927 225.1833
172.7627 226.5633
175.8027 230.1533
177.1827 232.3633
182.7027 233.4733
183.5327 240.3733
184.0827 242.8533
186.2927 240.0933
187.3927 236.7833
189.0527 238.9933
190.1527 241.7533
194.0227 242.8533
198.7127 242.8533
202.3027 242.3033
202.3027 237.8833
205.6127 237.8833
208.6527 236.2333
209.4827 239.8133
211.4127 241.1933
213.8927 244.2333
215.5527 246.9933
217.2127 251.6833
219.4127 253.8933
224.3827 253.8933
226.5927 250.3033
227.1427 247.5433
228.5227 244.2333
231.0127 243.4033
234.8727 246.7133
234.8727 250.0333
236.5327 254.1733
239.5627 256.1033
239.0127 261.3433
238.4627 263.2833
241.2227 266.0433
239.2927 272.1133
240.3927 278.1833
240.6727 282.8733
237.6327 286.7433
234.8727 289.7833
239.0127 293.9233
237.6327 296.4033
234.3227 296.6833
231.5627 299.1633
232.6627 304.9633
231.0127 305.7833
224.9327 306.8933
224.1127 310.2033
220.5227 311.8633
217.2127 315.1733
211.9627 316.0033
201.7527 316.0033
198.4427 316.5533
198.1627 322.0733
196.7827 326.7633
191.2627 327.0433
188.7727 328.7033
186.5727 334.7733
182.9827 336.7033
182.9827 336.7033
180.7827 336.5033
180.7827 336.5033
182.7027 338.8533
188.2227 339.6833
192.6427 339.6833
200.0927 338.0333
205.0627 340.2333
210.5827 341.0633
215.5527 340.7933
215.2727 344.3733
218.5827 346.0333
219.9727 349.0733
221.9027 351.0033
222.4527 356.2433
224.3827 359.0033
228.8027 367.0133
237.3527 370.8733
239.5627 368.1133
242.8827 367.5633
250.6027 367.5633
251.1627 371.1533
253.3627 374.4633
253.3627 374.4633
253.6227 378.3533
253.6227 378.3533
260.2727 379.3233
265.7927 376.2833
264.9627 371.3133
260.8227 367.1733
260.8227 364.4133
262.7527 364.1433
264.1327 362.7633
269.1027 358.8933
268.5527 351.9933
265.5127 349.2333
266.0627 346.2033
264.9627 342.0633
261.6527 338.1933
261.3727 335.9833
263.0327 332.3933
268.2727 337.9133
272.9627 338.4733
275.4527 340.6833
282.0727 340.6833
284.5627 346.7533
286.7627 347.3033
288.1427 343.1633
290.0827 342.3333
289.8027 335.7133
284.2827 335.1533
284.8327 332.3933
286.2127 329.3633
282.6227 324.6733
285.3827 322.4633
291.1827 326.6033
297.2527 324.6733
297.5327 321.6333
299.1927 316.9433
299.1927 316.9433
299.7427 312.5233
299.7427 312.5233
300.2927 310.5933
303.8827 310.5933
305.5327 308.9333
309.9527 307.8333
314.0927 307.2833
317.1327 306.1733
316.5827 302.3133
318.7827 298.9933
320.9927 297.8933
324.0327 295.1333
322.9227 293.4733
318.7827 293.2033
317.6827 289.0633
314.0927 288.7833
314.0927 286.0233
316.0227 283.8133
318.5127 282.9933
320.7227 280.5033
319.0627 277.1933
313.5427 279.9533
309.9527 278.2933
310.2327 275.2633
312.7127 273.3233
317.6827 273.3233
321.8227 269.4633
324.5827 265.8733
324.5827 260.9033
327.8927 258.4233
327.3427 255.6633
325.1327 252.9033
325.1327 248.4833
327.8927 247.9333
327.8927 244.6233
330.1027 241.5833
329.2727 238.8233
326.2427 236.8933
327.8927 231.3733
330.3827 228.6133
328.4527 227.7833
324.0327 226.9533
321.2727 223.6433
318.5127 226.4033
315.2027 225.5733
314.6427 221.7133
312.7127 216.4633
308.5727 215.3633
304.9827 212.6033
303.6027 209.5633
300.8427 206.5333
294.4927 210.1133
290.9027 208.4633
290.6327 205.7033
291.7327 203.7633
292.2927 201.0033
290.0827 197.9733
287.5927 197.1433
288.1427 192.7233
291.7327 191.3433
300.2927 189.9633
311.3327 190.2433
316.0227 186.9333
322.1027 185.8233
325.1327 182.5133

