494 590

Xékong
201
471.0910 144.5820
471.0910 144.5820
472.9810 144.8020
476.6010 145.7320
477.8810 145.7720
478.1810 145.4420
478.0310 144.6720
478.0210 144.5420
477.9510 143.3820
478.2510 142.6020
478.6910 142.0620
478.7710 141.4620
477.9810 140.5020
477.0310 139.6720
475.2410 136.4320
474.2610 135.3020
473.3210 134.8420
470.8410 134.4020
469.6710 133.9520
465.1510 131.0020
464.6010 130.8420
464.0110 130.9520
463.4010 131.2420
462.7410 131.4420
461.9310 131.2620
461.2210 130.5220
459.5910 126.8520
459.4910 125.4420
460.2410 124.4420
463.8310 122.3320
464.5010 121.6120
464.7810 120.6320
465.0810 117.8320
465.3810 116.7620
466.0010 115.8120
467.0910 114.9720
469.5710 113.6920
470.4110 112.9520
473.8610 106.6820
474.6610 106.1720
475.1210 106.4420
475.5310 107.0520
476.1810 107.5320
476.6510 107.5420
477.9510 107.2120
478.3310 107.3320
478.6510 107.5720
478.9710 107.5020
479.3310 106.6720
479.3310 106.6720
479.5310 106.1620
479.8110 105.8920
480.1910 105.8920
480.6610 106.1520
481.5510 105.6920
481.7310 104.3520
481.6910 102.7520
481.9710 101.5420
483.1910 100.8320
485.9910 101.2520
487.1310 100.9520
487.3410 100.4020
487.4310 100.1720
487.5710  97.5720
488.0110  96.3620
488.7810  95.5020
491.6810  93.2920
492.6310  92.2520
493.0510  91.3120
493.0710  90.2720
492.5810  87.0720
492.3910  86.6620
491.9710  86.5320
491.6510  86.8520
491.2710  87.0320
490.6510  86.4520
490.4210  85.8320
490.2710  83.6220
489.9110  82.3420
489.2310  81.3320
488.8310  80.9420
487.9010  80.2320
487.6110  79.7220
487.6310  79.0620
488.2310  77.8420
488.1710  77.1220
487.4510  76.3820
486.4410  76.2820
484.6610  76.5920
483.6010  76.4920
482.5210  76.1720
482.5210  76.1820
482.6010  77.0320
483.6410  78.9120
483.0410  80.5320
481.6210  81.7620
479.8010  85.4420
476.9610  85.8820
475.8010  84.6220
474.4110  83.8620
472.3810  84.3620
470.3810  85.1820
468.8510  86.1220
467.6910  87.4220
466.5410  89.0220
465.3110  90.3120
460.7810  91.8420
456.1510  91.5020
454.6210  90.3720
453.0310  89.5420
451.2110  89.9720
449.7510  89.9020
448.3510  89.5420
446.2310  88.6520
443.9610  88.5820
442.0810  89.0620
440.4010  90.2420
438.2910  90.6320
436.1810  90.3820
434.4610  89.3420
433.0710  88.1020
432.8010  87.1920
432.6610  86.2920
432.1110  85.4720
431.4610  84.7020
430.6510  83.1320
429.2210  82.5220
428.7910  82.4220
428.4210  82.4720
428.0610  88.1920
421.2810  93.6120
419.8510  94.0920
417.5610  94.1920
415.3510  95.1320
412.3310  98.9420
409.0010 100.1920
405.2910 101.5520
404.2210 104.7720
404.9410 105.3220
405.6810 105.5420
406.0310 107.2320
407.5510 107.8320
409.2710 107.6020
410.8910 106.7720
412.7310 106.3920
414.0810 107.3620
414.7810 109.0220
416.9910 109.3920
419.4010 108.9720
423.2610 109.0120
425.5710 110.5020
428.9110 110.0020
429.6510 110.9420
429.5010 112.4820
429.3410 113.3320
429.3210 114.2020
429.7710 114.9420
430.1410 115.3220
429.6710 117.4720
428.5410 119.2820
429.2510 120.7220
430.2310 121.5520
428.9410 122.9220
427.3310 124.0320
427.1410 125.6120
428.5610 126.7720
430.2710 130.4420
432.5510 133.7920
435.5810 137.0420
436.3910 137.6120
437.0610 138.2120
436.8010 139.2820
436.3210 140.2720
436.8610 142.3420
437.9310 144.1220
439.5310 143.9820
440.9910 143.1820
443.2210 142.7920
445.5510 142.7220
446.4010 143.2420
446.9810 143.9020
448.7810 143.4120
450.3910 144.1720
451.9310 145.3020
454.3010 146.0420
454.7910 147.2120
455.1410 148.5320
456.3410 150.0620
457.6510 151.3720
458.6110 153.1420
458.6610 153.2920
458.6610 153.3120
459.0510 152.7820
459.8610 152.0320
460.8510 151.4120
461.7410 151.1720
462.6410 151.0120
463.6610 150.7220
465.3610 149.5820
467.7710 146.4720
469.2710 145.1320

Attapu
226
474.4110  83.8620
474.4110  83.8620
475.8010  84.6220
476.9610  85.8820
479.8010  85.4420
481.6210  81.7620
483.0410  80.5320
483.6410  78.9119
482.6010  77.0319
482.5210  76.1819
482.5210  76.1719
480.6610  75.6119
479.4410  75.5019
478.8210  74.9119
478.7610  73.9919
479.2010  72.9219
479.1010  71.9219
479.3710  71.0319
479.8910  70.2919
480.6610  69.7119
481.6810  69.1719
485.6010  66.1419
486.1610  65.5619
485.9710  64.8519
485.0110  63.5519
482.2910  60.9119
481.7710  60.0019
482.0010  58.9620
482.6510  57.9120
482.9710  56.9320
482.2410  56.0820
482.6610  55.4320
483.3210  54.8820
483.8210  54.2420
483.6910  53.2920
482.8210  52.5420
480.6610  49.3720
479.6510  48.8620
479.2310  48.4220
478.7110  46.9020
478.4910  46.5220
478.0210  45.8720
477.8310  45.3320
477.7910  44.7920
477.8710  44.2320
477.8710  43.6520
477.6710  43.1420
476.8310  42.4520
476.0810  42.4820
474.5610  43.1620
473.3410  43.4220
472.7010  43.6720
471.4710  44.7920
469.7110  46.0720
468.5110  46.1520
467.5310  45.2720
466.3810  43.6320
466.0510  43.3320
465.3010  42.8820
465.0410  42.5520
464.9410  42.1019
464.8010  40.7519
464.1110  39.3919
463.5610  39.0820
462.5710  39.2519
462.5610  39.2519
462.5410  39.2619
462.5410  39.2619
461.5610  39.2719
461.0410  38.4719
460.6710  37.3220
460.1410  36.2620
458.3610  34.6520
456.3710  33.3120
454.9210  32.8519
454.2210  33.2120
453.6710  34.0119
452.6010  34.8619
451.7810  35.2319
451.5810  35.1720
451.5410  34.8320
449.6310  32.4719
448.3710  30.4719
448.0910  30.3120
447.2710  30.1420
446.5610  28.4220
446.5310  28.0020
446.3010  27.6620
445.4810  27.4320
444.8210  27.5520
443.6010  28.3220
443.0110  28.5220
442.3210  28.4720
441.9410  28.2720
441.6410  27.9820
439.1110  26.5520
438.1410  26.5920
437.2310  26.9520
436.3210  27.6020
434.6110  29.3220
432.3310  32.5820
431.8210  33.5820
431.5210  34.0020
431.0210  34.5420
430.7310  34.7720
425.9910  36.2220
425.1910  36.6720
424.1010  37.2820
422.8210  39.2520
422.1510  39.6620
420.6610  39.9920
420.0910  40.3420
419.8610  40.9820
419.5210  43.1120
419.2610  43.9620
418.4410  45.2420
418.0610  45.6020
416.6610  44.3020
416.1810  44.0620
415.7510  44.0220
415.4310  43.8320
415.3310  43.1720
415.3510  42.5320
415.4910  42.0520
415.7810  41.7220
416.2610  41.5420
416.2610  41.1320
415.2510  41.1920
414.4210  41.4020
413.7110  41.4820
413.1110  41.1320
412.9610  40.8420
412.8610  40.3620
412.9210  39.9120
413.6710  39.4920
413.3910  39.0320
412.9110  38.6320
412.6510  38.5820
411.9810  37.2720
410.3310  36.5820
406.8210  36.0920
406.8310  36.1120
407.5810  37.8520
407.1710  38.6420
407.1710  39.5320
406.8910  41.4220
405.7210  43.1220
404.3710  44.2520
403.1910  45.4820
401.8310  50.8820
400.2310  52.1820
398.3910  53.2220
397.0910  54.7420
396.1410  56.5820
395.9710  61.5320
398.6810  65.7420
401.6710  68.7720
404.4610  70.9420
405.4010  72.6920
406.9610  73.5820
408.8710  73.5820
410.4910  72.7320
411.2710  70.8820
412.8110  70.0820
414.2810  71.3220
416.0410  71.9920
417.3810  70.6520
417.1510  68.5820
416.4310  66.8520
416.3510  65.8920
416.5410  65.0620
416.2210  63.2620
416.2810  61.5120
417.5910  59.8820
419.3110  58.8120
421.1510  58.6820
424.4610  57.5720
425.7810  58.4919
427.7310  58.4119
429.7010  58.7919
430.6810  60.3919
430.8010  62.2619
432.0210  63.7120
433.1810  64.6520
433.8910  65.5120
436.5910  66.2820
438.0310  66.0920
437.0110  68.8020
438.2310  70.8519
438.2210  74.2819
437.5610  77.6519
436.7910  78.7019
435.8910  79.4419
435.1910  80.6619
434.2610  81.5619
431.5910  80.9419
430.1610  81.2319
429.0110  82.0220
429.1610  82.2520
429.2210  82.5220
430.6510  83.1320
431.4610  84.7020
432.1110  85.4719
432.6610  86.2919
432.8010  87.1919
433.0710  88.1019
434.4610  89.3420
436.1810  90.3820
438.2910  90.6320
440.4010  90.2420
442.0810  89.0620
443.9610  88.5820
446.2310  88.6520
448.3510  89.5419
449.7510  89.9020
451.2110  89.9719
453.0310  89.5419
454.6210  90.3719
456.1510  91.5019
460.7810  91.8419
465.3110  90.3119
466.5410  89.0219
467.6910  87.4219
468.8510  86.1219
470.3810  85.1819
472.3810  84.3619

Khammouan
202
343.5410 287.2620
343.5410 287.2620
344.1410 287.6620
344.4010 288.1420
344.7010 289.6620
345.0810 290.3020
346.2610 290.8219
347.6510 290.7320
348.9510 290.1919
349.9510 289.3919
350.3510 288.7719
350.8710 286.9119
350.8910 286.4919
350.7610 286.1319
350.6110 285.8719
350.5610 285.7119
350.8610 285.4619
351.6010 285.2819
351.8610 285.0819
352.9310 282.6619
353.4610 282.1919
354.6010 281.5619
355.1510 281.0319
355.5010 280.2719
355.7410 278.7119
355.9810 278.0419
356.4210 277.5519
357.9710 276.7019
357.9710 276.6919
358.8510 274.8819
359.0210 274.5319
358.2510 269.3319
358.9710 267.0119
361.4910 264.6819
363.1810 261.4619
364.6210 259.4819
365.2210 258.3519
366.0410 255.7419
366.6510 254.6519
367.4410 254.0119
370.8410 252.5019
372.9510 251.1019
374.6510 249.4919
378.8910 243.9519
380.2610 242.5119
380.2710 242.5119
385.9410 235.6019
396.7610 226.2419
398.1810 225.4919
399.1310 225.3919
399.8810 225.8719
400.8210 226.8519
401.1110 227.4119
401.2710 228.0019
401.6110 228.4219
402.4310 228.4619
403.2110 228.1119
403.3510 227.5519
403.2910 226.8319
403.4310 226.0019
403.7710 225.5319
404.6710 224.5819
404.9010 224.1819
404.8510 223.5519
404.3210 222.4719
404.2710 221.7619
404.6310 220.7319
406.6010 217.4619
409.7310 214.5219
410.4010 213.3419
410.3610 212.9419
409.9410 212.2219
409.8910 211.9219
410.9910 209.7019
410.9810 209.7019
406.9210 209.3419
403.2310 210.6019
401.2610 210.9019
399.4510 211.6919
396.4810 214.7619
394.7310 215.7619
392.9010 216.0219
392.5510 214.9819
392.3210 213.9219
391.5910 213.2619
390.8010 212.7119
384.2410 211.7619
377.4110 212.1919
372.2010 213.8719
367.0110 216.1619
364.5510 216.6919
362.1810 216.2319
361.7910 213.4119
360.8410 211.6619
358.2210 212.3019
351.1010 215.5419
347.0910 215.1319
343.8010 215.3119
342.0010 213.4019
339.5610 212.3119
337.9310 212.9019
337.1410 212.7119
336.3710 212.4019
334.4210 212.5019
332.8710 213.6219
331.7810 215.2619
330.2910 216.2919
328.7210 215.6119
327.1910 214.5119
325.2010 213.7919
323.0110 214.0719
321.5610 215.4519
318.1910 214.6119
316.3310 215.3719
314.9610 214.6719
313.9210 213.5719
312.3310 213.9319
310.6610 214.5519
309.1510 213.9219
308.9410 211.9919
307.5710 211.0419
306.2210 209.4919
306.1510 208.2719
307.4310 209.1719
308.5610 208.0519
309.5110 204.0919
308.6310 202.3919
305.0010 202.8519
303.0410 204.8619
302.6510 208.8819
302.9710 210.3919
307.1810 220.4019
307.4710 221.9219
307.7210 225.0719
307.6010 229.1619
307.8310 232.4919
307.7910 233.3219
307.6010 234.1219
306.0510 237.5819
305.8110 237.9519
305.3310 238.3819
304.2310 239.0019
303.7210 239.3819
303.2510 239.9419
302.2510 241.9019
300.9610 243.8419
300.1910 244.6619
297.0910 246.6319
295.8710 247.0619
285.7710 252.3919
283.8710 254.1419
281.9310 256.4519
281.6410 256.9819
281.2410 258.3419
281.0610 258.7719
280.8010 259.2019
279.8510 260.3719
278.3810 263.3419
277.3910 264.6219
273.1610 267.1819
272.7910 267.5119
273.8510 271.0419
278.0510 278.1819
278.5910 280.1619
279.4010 282.0719
280.6110 286.2019
282.6210 289.6619
285.2110 289.9919
287.7410 290.6719
287.7510 291.4919
288.3010 291.7219
288.8510 291.8919
290.2310 292.7219
292.1010 290.8019
294.5610 289.7419
299.6510 285.8319
306.0710 282.1919
308.1110 279.7419
308.5710 277.2519
311.1710 276.8619
313.3310 275.4019
314.8610 274.0419
322.1410 272.9419
325.7010 273.5919
328.1710 276.3819
329.9010 280.7119
332.0710 284.6519
335.2510 289.0219
336.2910 293.9519
337.9910 294.1319
338.3110 294.3519
338.6110 294.3119
339.0510 293.5719
339.1510 292.8119
338.7310 291.1719
338.7710 290.3919
339.4610 289.3919
340.5210 288.6419
341.7010 288.1319
342.7310 287.8619
343.2210 287.6219
343.3610 287.3419

Bolikhamxai
259
282.5010 344.2420
282.5010 344.2420
284.5310 344.4520
285.7510 344.1320
286.8410 343.4620
287.6410 342.6620
289.8810 339.2520
290.6410 338.5420
292.8310 337.3420
293.7610 336.6220
295.5410 334.8120
296.5110 334.1420
297.1710 333.9420
298.4310 333.8420
299.0810 333.6020
299.4210 333.2320
300.1810 332.0720
300.6910 331.6320
301.4510 331.3520
304.1110 330.9620
306.6410 330.1920
307.5310 330.0920
311.2810 330.3820
313.0010 329.8820
313.6410 328.1620
314.3310 327.4720
315.4710 327.1620
316.7510 327.2020
317.8510 327.5020
318.9110 327.2920
322.1810 325.3620
323.7610 324.7920
324.5710 324.8520
325.3310 325.0620
326.0910 325.1620
326.8910 324.9120
328.7410 321.7920
330.1610 320.8320
330.5910 320.2520
330.5910 319.4120
330.5910 319.1720
330.1110 318.0220
329.4610 317.9320
328.6910 318.1820
327.9010 318.0720
326.9510 316.8320
326.1010 314.7920
325.1110 310.9920
324.7610 308.1420
325.4710 306.2320
326.9810 304.7620
329.0310 303.2620
330.1610 302.0820
330.1210 301.2520
329.7110 300.3420
329.7610 298.9120
330.3810 298.0220
333.5410 296.0320
333.9110 295.5520
334.4910 294.4920
334.9210 294.0820
335.6110 293.8720
336.2910 293.9520
335.2510 289.0220
332.0710 284.6520
329.9010 280.7120
328.1710 276.3820
325.7010 273.5920
322.1410 272.9420
314.8610 274.0420
313.3310 275.4020
311.1710 276.8620
308.5710 277.2520
308.1110 279.7420
306.0710 282.1920
299.6510 285.8320
294.5610 289.7420
292.1010 290.8020
290.2310 292.7220
288.8510 291.8920
288.3010 291.7220
287.7510 291.4920
287.7410 290.6720
285.2110 289.9920
282.6210 289.6620
280.6110 286.2020
279.4010 282.0720
278.5910 280.1620
278.0510 278.1820
273.8510 271.0420
272.7910 267.5120
272.5510 267.7220
272.0310 268.3620
271.6410 269.0920
271.0410 271.1720
268.1610 277.5820
267.6710 278.2720
267.3310 278.7420
263.2710 282.4520
262.4010 283.5220
261.6510 284.8420
258.8810 291.7520
255.6410 297.4920
254.4310 298.8220
252.8310 299.6520
251.2610 299.8120
249.8310 299.4420
248.5710 298.6020
247.5110 297.3620
247.2310 296.9420
247.0010 296.6620
246.7010 296.4820
246.2210 296.4020
245.1710 296.6220
244.6010 297.3020
244.1510 298.1820
243.4910 298.9720
242.5310 299.6320
241.5010 300.1720
240.4010 300.5620
239.2710 300.7520
235.4910 300.9620
234.6010 301.2020
230.8910 302.9020
230.3310 303.2620
229.7710 303.7820
228.8510 304.4420
225.0510 305.4720
223.3810 305.6320
221.7210 306.0420
221.1610 306.0920
220.2310 305.9320
219.9110 305.9220
218.7110 306.1520
215.1410 307.2520
214.4910 307.2620
209.2910 306.1720
207.7110 305.4820
206.2910 304.4220
205.2010 303.0420
204.5410 301.3820
204.5210 300.9320
204.6310 300.6620
204.8110 300.4020
204.9510 300.0220
205.5010 299.7920
208.2210 297.9020
208.6210 297.3420
208.6010 297.2220
208.5410 296.7120
207.9510 296.2020
207.1210 295.9120
204.7210 295.4920
203.3010 294.9620
201.3710 294.6520
200.8110 294.4520
200.2610 294.1020
199.5510 293.2320
199.1310 292.1720
198.7610 289.8720
198.3310 288.4120
197.5510 287.3920
196.4710 286.7020
195.1110 286.2220
195.1310 286.2520
195.1710 286.3220
195.2010 286.3620
195.3510 286.6620
195.3110 286.6420
195.0210 286.4920
195.0010 286.4820
194.9610 286.5620
193.7510 288.4920
193.0010 288.1920
192.3910 286.8520
191.6210 285.6320
190.9010 285.2320
190.2110 285.2120
189.6210 285.5820
189.1910 286.3520
189.1010 287.1020
189.3410 287.6020
189.6610 288.0220
189.8210 288.4920
189.9610 289.1720
190.1610 289.7920
190.0210 290.2720
189.9710 291.5920
189.5410 292.7520
189.0110 294.1820
186.3410 295.9820
183.0510 297.1020
183.6910 300.5120
182.9310 303.9520
181.4110 305.3120
180.0310 306.8920
177.6910 312.0120
182.0010 312.9820
194.7710 312.1920
200.2910 313.1520
208.1510 313.5420
213.2910 314.8120
217.8410 317.4620
219.5710 318.9020
221.0610 320.4020
221.7810 322.8820
221.7810 325.7820
221.4810 328.0720
220.9310 330.2320
220.6710 332.4320
221.3210 334.0720
222.3210 334.1220
223.0410 334.5720
222.7510 335.1020
222.0110 335.2620
221.1910 337.1220
220.8410 339.1320
220.8410 340.8720
224.3210 342.0620
226.4810 342.2120
229.1310 339.5620
231.1110 338.9320
232.9810 337.9820
234.6310 336.6320
236.4910 335.5720
238.0510 334.4520
239.8010 333.7720
241.5810 334.2120
243.0010 335.4120
244.9510 336.4020
246.9710 337.2120
249.3410 336.6420
255.0910 333.8920
255.9210 333.2020
256.8510 332.7220
258.5110 332.7020
260.2410 332.8420
262.3510 333.6820
263.8110 335.7820
265.2110 337.4420
266.8510 338.7220
267.7410 340.2720
268.1310 342.0920
269.5910 343.2620
270.9310 344.5920
270.9510 346.9520
270.5910 349.3420
271.2210 351.5420
271.3410 352.8420
271.3610 352.8320
272.3010 352.1020
273.1410 351.2120
274.1510 350.3920
275.4010 349.8320
276.5210 349.4720
277.5610 348.9620
278.6610 347.9820
280.5310 345.1320
281.3410 344.5020

Phôngsali
241
115.5810 580.9220
115.5810 580.9220
116.1910 581.8420
116.4610 583.2720
117.1210 584.5120
118.2810 584.9420
121.1110 585.0120
122.5010 585.5920
123.8510 585.7520
125.1310 585.6620
129.1210 584.7020
129.7510 584.4720
130.3910 584.0420
130.6910 583.4620
130.7310 582.8220
131.1710 582.2420
131.9110 582.2420
132.3510 581.2620
132.7410 580.5620
133.3910 578.3420
133.5710 578.0920
134.1410 577.6620
134.3510 577.3520
134.3510 576.9720
134.1310 576.1420
134.2310 575.7020
135.1810 574.6420
136.3110 573.8520
137.2410 572.9420
137.6610 571.5320
138.9110 570.3320
142.8410 568.3420
147.5010 563.7520
149.5410 562.5120
150.1510 561.9320
150.5810 561.1820
151.2210 559.4420
151.6710 558.6520
153.0110 557.6120
154.6310 556.6720
155.6310 555.7820
155.0610 554.9020
154.8710 554.7020
154.7310 554.4820
154.6110 554.2220
154.5510 553.9520
155.3110 551.3020
157.7810 550.0120
160.6710 549.0420
162.6710 547.3520
164.8910 542.2520
165.5110 539.3820
165.2010 535.2720
165.3310 533.6720
165.6510 532.0820
166.0810 530.9920
166.5510 530.2720
166.7410 530.1720
167.0010 530.3120
170.4410 530.3820
171.1510 530.5420
173.1610 531.8920
174.6310 533.7820
175.4110 536.0320
175.5710 541.6720
176.7210 542.7720
178.0010 541.7320
178.5610 538.5320
178.3610 535.7420
178.5710 534.3820
179.3510 533.5420
180.4810 533.6220
185.2010 535.6920
185.5710 535.9620
185.9110 535.8320
186.4410 534.9120
186.6910 534.1420
186.8110 533.3420
186.7510 528.5220
186.9710 526.8220
187.6210 525.2920
187.6710 525.0920
187.7010 524.8920
187.6710 524.6920
187.6210 524.4920
186.3210 523.2320
183.8710 520.1720
182.4710 518.8920
179.5110 514.0020
180.5010 514.4720
181.8010 515.3120
183.0710 515.9120
183.9710 515.7320
183.8910 514.9320
181.7410 511.4120
181.4710 509.9820
181.4110 506.7820
181.1810 505.6020
180.3810 504.8020
178.1810 504.2420
177.1110 503.4120
176.3610 502.0720
176.8810 501.7820
178.1110 501.9120
179.5510 501.8520
180.5210 501.4720
181.3710 500.8719
182.0010 500.1219
182.3410 499.3020
182.2610 498.6620
181.6910 497.2720
181.6910 496.6020
182.0810 495.9020
182.5310 495.7720
183.0710 495.7420
183.7310 495.3420
184.4610 494.1720
184.4810 494.1020
184.4610 494.1020
179.2310 493.7020
178.1610 494.0320
177.1910 494.0320
176.5310 492.7519
176.0510 489.4419
176.0310 487.6020
175.4410 486.4920
173.5610 486.2920
172.9810 486.1120
172.7110 485.5619
172.6510 485.1619
168.2910 483.3520
167.3610 482.8020
166.3210 480.6720
164.1110 481.0219
162.4910 480.6219
161.0710 479.6919
157.3210 475.1519
153.7410 476.5519
153.4610 477.9119
152.6510 478.7319
150.7610 479.0719
148.8110 479.1719
146.7310 480.4919
144.3310 481.6719
142.7210 483.5219
140.4710 484.9419
138.2310 485.7819
136.0210 485.1619
133.8010 485.3419
131.5710 486.6819
129.7310 488.4719
126.6810 492.5419
124.6710 493.6120
119.6010 495.0119
118.8810 495.7819
117.8710 496.4219
116.7210 496.7819
113.7510 499.0819
112.5510 499.7119
112.6410 499.9319
112.7010 500.6519
112.4710 501.5519
111.9510 502.3019
111.2310 502.9319
110.4110 503.4319
107.0210 504.6919
106.1110 505.5319
105.6310 506.7119
105.6610 507.9019
106.3110 510.5019
106.5810 517.4219
107.5310 518.9119
107.7810 520.2320
106.9110 523.0319
107.0010 524.1819
107.9610 524.8019
109.3810 525.0020
110.7410 525.4019
111.5610 526.6420
111.4110 528.0419
110.4710 528.6120
109.2610 528.9419
108.2910 529.6320
108.0510 530.3720
108.2710 531.8320
108.2110 532.5120
107.8410 533.0920
106.7810 534.0319
106.5010 534.4620
106.4710 535.5220
106.7010 536.7720
108.0010 540.6919
107.9710 541.3720
106.3510 542.8520
106.0310 543.3520
105.2110 545.1220
103.7210 547.1619
103.5410 547.7620
103.5010 548.3019
103.3810 548.8520
102.9310 549.4620
100.6110 550.1320
 99.1910 551.0220
 98.5710 552.0020
 98.1610 554.8019
 97.6210 556.2520
 95.8510 559.1619
 95.2310 560.6320
 95.2010 562.1819
 95.6510 563.4219
 95.9810 564.7720
 95.6310 566.6619
 94.8110 567.8820
 92.8010 570.3219
 92.6410 571.5319
 93.6810 572.8019
 94.2710 573.3620
 94.9410 573.7320
 95.7710 573.7420
 96.5510 573.4820
 97.3510 573.3620
 98.2110 573.7520
 98.5310 574.3119
 99.4210 577.2320
 99.6010 578.3520
 99.6710 578.6619
100.8110 579.8320
100.9810 579.9319
101.1110 581.3219
101.0110 582.7019
101.0710 584.1220
101.6810 585.6619
102.6010 586.8019
103.9310 587.9720
105.5010 588.8620
107.3610 589.1819
107.9410 589.1819
108.2310 589.1519
110.1710 587.5020
112.3110 582.8620
113.9310 581.2420

Oudômxai
145
136.0210 485.1620
136.0210 485.1620
138.2310 485.7820
140.4710 484.9420
142.7210 483.5220
144.3310 481.6720
144.4010 479.7520
146.4910 476.9620
147.0610 475.1820
147.1010 473.7020
146.0610 470.9320
146.3710 469.2620
146.2910 468.3320
146.8510 467.4320
147.3110 466.2220
147.2110 464.8720
146.2310 461.6120
143.9610 459.1520
139.5310 458.4920
139.3010 456.8520
137.6210 453.1720
136.3610 449.4220
133.5010 443.1620
133.3010 441.0920
134.1810 439.8720
135.3010 438.8320
135.4910 436.9020
134.5910 435.0020
134.4610 432.0320
136.4210 429.4520
137.3510 427.2020
136.8810 424.8320
135.1510 423.2320
134.0910 421.1120
131.9410 420.8920
128.3210 418.7820
127.2510 418.4720
123.6810 418.8820
122.5210 418.4720
120.9410 417.1220
117.5810 413.3220
115.4010 411.8120
113.0710 411.1520
107.7710 410.6720
105.1410 409.9620
104.3710 409.3720
102.4610 407.4820
101.8010 407.0820
100.8110 406.7720
 99.4010 406.0520
 98.5810 405.2720
 99.3610 404.7620
 97.9310 403.0720
 95.4910 402.5320
 75.8510 402.3720
 74.3410 402.8220
 70.1010 405.6820
 68.8510 406.3120
 68.3010 406.7020
 67.6110 407.0420
 66.7810 407.0820
 66.1710 406.8320
 64.5510 405.6620
 62.9410 404.0720
 61.8710 403.7320
 61.0010 404.7620
 60.5110 404.7620
 60.3310 404.3720
 59.9110 403.7420
 59.6710 403.2520
 57.4010 405.0220
 54.3710 405.9720
 46.4110 407.2720
 45.5210 407.2020
 44.7010 406.7720
 43.6310 405.7920
 42.3310 408.9320
 42.2310 411.7720
 47.5210 413.7020
 53.4710 413.9220
 54.9210 414.5620
 56.3010 415.3720
 57.8610 416.9420
 59.1810 418.6820
 59.8210 421.1320
 61.8710 422.4820
 64.4210 422.9520
 68.2510 420.1620
 70.4610 419.8720
 72.5110 420.9420
 73.9810 422.4520
 74.9410 424.1820
 75.1210 431.9220
 74.9810 433.0220
 74.3410 434.5520
 73.9410 436.1420
 73.8710 436.8720
 77.0610 436.6520
 83.6010 437.0720
 88.7010 439.4320
 90.8510 443.5220
 91.9910 445.1320
 93.2510 446.3320
 94.2410 447.7720
 96.0710 453.2620
 95.5710 458.7320
 95.0210 459.7920
 92.6510 461.6920
 91.9610 463.4220
 85.6610 465.5920
 88.0010 466.8120
 90.3510 471.4620
 93.3110 474.1520
 95.8210 474.7620
 96.8410 475.2520
 99.6610 475.2320
100.0110 476.3020
 99.2310 477.3420
 99.4310 480.0120
101.6110 481.9320
104.1210 483.2420
106.6510 484.1920
108.0710 486.3520
109.0910 488.8420
109.8610 494.1620
109.1010 495.4820
109.2110 496.1820
108.7810 497.1720
108.5610 497.9620
109.4310 498.7620
110.9010 498.4520
111.5010 498.5620
112.0210 498.9120
112.4110 499.3620
112.5510 499.7120
113.7510 499.0820
116.7210 496.7820
117.8710 496.4220
118.8810 495.7820
119.6010 495.0120
124.6710 493.6120
126.6810 492.5420
129.7310 488.4720
131.5710 486.6820
133.8010 485.3420

Louangphrabang
223
186.6710 488.8720
186.6710 488.8720
187.6210 489.0020
189.2510 488.2820
190.2510 487.1120
191.7210 483.9720
193.7510 479.4920
194.9510 477.4520
196.8110 475.1120
197.7710 474.1720
198.1910 473.8620
198.8810 473.5520
200.0510 473.3820
200.7210 473.2120
201.2710 472.9220
202.1410 472.2820
202.7810 472.0520
203.5410 472.0420
204.0110 472.1820
204.8110 472.4220
205.4010 472.4820
206.4610 472.1820
210.1310 470.1920
211.9510 469.5820
212.6410 469.4820
213.0010 469.4820
214.6510 469.9420
214.7210 469.5520
214.5810 469.1720
214.3710 468.8220
211.0010 467.0120
207.2510 465.8120
205.6010 464.9520
204.0610 463.8620
203.2410 461.0320
202.9710 457.7320
203.3010 453.5420
202.3710 449.5219
200.8510 447.7420
201.6610 445.8119
202.9210 443.9019
204.0710 443.5319
205.2810 443.4920
204.8810 442.4920
204.4410 441.6519
204.7710 439.1319
204.6510 436.4320
203.3010 434.5920
198.9010 430.2220
196.7410 426.9820
197.5710 425.3719
199.8810 422.5619
200.2910 421.6619
199.6810 420.8519
198.8710 420.2719
198.4410 419.3619
198.4810 418.2919
198.2110 416.7619
198.0010 411.8319
198.3110 408.8719
197.4710 407.3319
196.1910 406.2319
192.9210 406.0019
191.3510 405.3419
189.9410 404.3219
187.9610 403.3819
186.2110 402.2019
186.1110 398.9319
185.6710 395.6919
183.2810 395.1719
180.6310 395.3119
180.9010 393.6819
180.0510 392.4119
177.0610 389.6719
173.1810 387.0019
171.9210 385.7419
170.8510 384.2519
167.8810 381.9719
167.2010 378.3219
168.0410 374.7619
169.8410 373.1819
171.4010 371.2819
172.7610 367.3419
170.0210 364.5319
166.4410 363.4519
161.6810 361.1219
159.4010 362.8319
157.3010 364.8519
156.7410 366.4219
155.9410 367.8219
154.6110 368.1619
153.2510 368.7519
153.7610 369.8619
154.1110 371.0519
152.2410 370.8919
150.3910 371.0519
149.2910 371.7519
148.3410 372.5019
146.4710 371.8319
144.3310 370.6619
142.3210 372.0519
140.1110 371.5819
139.0810 372.4519
138.1910 373.4719
136.5510 373.8919
134.8210 373.7819
132.4710 373.3719
130.4910 372.1719
129.5310 367.9319
128.5910 367.0319
127.5410 366.2019
126.8510 365.2419
125.9510 364.5619
124.6710 364.1419
123.9710 363.1919
123.3110 360.3319
121.3710 356.2419
118.1810 353.2419
116.2510 352.8819
115.6410 352.3319
115.0510 351.6019
113.6810 350.5919
111.8310 349.1019
112.4810 355.8119
113.0310 358.1219
113.1410 359.5119
112.7210 363.5919
112.7410 364.9019
113.1310 365.8119
114.6310 368.1019
114.9610 369.4419
115.4610 370.5019
117.6310 372.7919
118.0810 373.4719
117.4310 374.2419
114.8710 375.4019
113.8510 376.0619
113.0510 376.9819
112.5210 377.8819
112.2410 378.8719
112.1310 388.1019
112.7410 390.5019
112.1310 390.9919
110.2710 390.8119
108.4210 390.9019
107.6910 392.6519
107.6410 396.8319
108.2510 398.1119
109.4010 401.2819
109.3110 404.5919
108.6010 405.9019
107.5510 406.9019
106.5910 408.1219
105.1410 409.9619
107.7710 410.6719
113.0710 411.1519
115.4010 411.8119
117.5810 413.3219
120.9410 417.1219
122.5210 418.4719
123.6810 418.8819
127.2510 418.4719
128.3210 418.7819
131.9410 420.8919
134.0910 421.1119
135.1510 423.2319
136.8810 424.8319
137.3510 427.2019
136.4210 429.4519
134.4610 432.0319
134.5910 435.0019
135.4910 436.9019
135.3010 438.8319
134.1810 439.8719
133.3010 441.0919
133.5010 443.1619
136.3610 449.4219
137.6210 453.1719
139.3010 456.8519
139.5310 458.4919
143.9610 459.1519
146.2310 461.6119
147.2110 464.8719
147.3110 466.2219
146.8510 467.4319
146.2910 468.3319
146.3710 469.2619
146.0610 470.9319
147.1010 473.7019
147.0610 475.1819
146.4910 476.9619
144.4010 479.7519
144.3310 481.6719
146.7310 480.4919
148.8110 479.1719
150.7610 479.0719
152.6510 478.7319
153.4610 477.9119
153.7410 476.5519
157.3210 475.1519
161.0710 479.6919
162.4910 480.6219
164.1110 481.0219
166.3210 480.6719
167.3610 482.8019
168.2910 483.3519
172.6510 485.1619
172.7110 485.5619
172.9810 486.1119
173.5610 486.2919
175.4410 486.4919
176.0310 487.6019
176.0510 489.4419
176.5310 492.7519
177.1910 494.0319
178.1610 494.0319
179.2310 493.7019
184.4610 494.1019
184.4810 494.1019
185.0910 491.4319
185.5410 490.2019
185.8410 489.5819
186.1510 489.1019

Houaphan
278
268.8310 476.7520
268.8310 476.7520
269.2810 476.7720
270.7510 477.1920
271.3610 477.2320
271.9510 477.0420
272.6010 476.7220
273.1810 476.3220
273.6610 475.9020
274.4410 474.8420
275.4810 472.7020
276.3310 471.6720
276.8810 471.2920
277.9010 470.9020
278.3910 470.5620
278.7410 470.0420
279.2910 468.8320
279.7710 468.3220
281.0910 467.9120
282.5710 467.9520
283.9110 467.8020
284.7910 466.8320
285.4110 464.6420
286.4910 463.5220
289.8510 461.9020
293.5510 460.6320
294.4910 459.6520
294.4210 459.3820
293.9810 457.7420
289.7710 451.9420
288.3410 450.8020
286.7210 450.2920
285.0210 450.5820
283.4110 451.8720
282.0310 449.1420
282.0210 449.1420
278.2910 446.5820
277.8610 445.2720
279.9310 443.9520
282.5910 443.2820
291.9110 443.4920
292.8110 442.9820
294.3110 440.8920
295.3610 440.1320
297.8310 439.1620
298.7810 438.4120
299.0210 437.8620
299.2210 437.0720
299.3210 436.2620
299.2810 435.6420
298.8410 434.6920
298.3310 434.5420
297.7910 434.5720
297.2410 434.1520
296.9910 433.2420
296.8910 431.8220
296.9610 430.4120
297.2210 429.5020
299.4210 428.3820
302.2010 428.9520
305.1510 429.9420
307.7810 430.0820
313.5610 426.9120
313.6310 426.3920
313.2710 425.6520
313.3610 424.0920
314.2410 422.7820
316.7510 421.1220
317.2410 420.0320
317.0310 419.7520
316.1310 419.5720
315.9110 419.4020
315.8910 418.9820
316.0710 418.3720
316.1910 417.0920
316.3910 416.2420
316.5110 415.4020
316.2710 414.4420
316.0210 414.2220
315.3710 413.6520
314.5110 413.5220
312.5810 413.7520
311.3410 413.5520
311.0310 413.2120
310.9010 412.6120
310.3010 411.6520
308.8310 410.5220
305.2710 408.3820
304.0410 406.8220
303.6310 405.5420
303.9710 405.1520
305.9010 405.0320
307.1310 404.6220
307.6110 404.2320
307.6310 403.6020
307.5110 402.4520
306.8610 400.2720
305.5710 399.3020
303.9710 398.5820
302.4110 397.1420
301.1710 396.7620
300.2910 396.6620
299.4810 396.4320
298.4510 395.6920
297.6110 394.7620
297.0710 393.8420
295.0110 388.3220
294.4310 387.5820
293.8310 387.5120
292.7110 388.1720
292.1510 388.3120
291.5710 388.1220
290.5610 387.4420
290.0010 387.2020
288.4810 387.0220
287.3710 387.2620
283.6810 389.5020
282.0310 390.2320
281.4810 390.5820
280.5610 391.5220
279.9410 392.3820
279.1810 392.9620
277.8810 393.1120
276.6910 392.8120
273.6610 390.8620
272.4710 392.8720
270.2010 393.6520
269.3410 394.4020
267.4710 393.8820
267.4610 393.9020
267.4510 393.9120
267.3310 396.2720
266.7110 398.3220
266.5610 399.9920
268.0510 404.6820
267.7810 407.9820
267.1510 406.8120
266.9110 405.2920
265.7610 404.2920
264.3710 403.7320
261.9010 403.9320
259.8110 405.3520
258.8210 404.4920
258.0810 403.3420
257.7810 402.0120
256.8910 401.2420
251.3110 399.6920
250.4210 400.0420
249.7710 400.4620
248.4810 402.6820
247.9510 403.2520
246.2610 404.1020
246.9310 405.9620
247.4210 407.9920
247.0410 409.6120
247.1110 411.2720
244.5810 414.6020
241.0910 416.7220
239.2910 416.7320
237.5910 416.4820
234.5910 414.2120
234.1110 411.9020
234.0210 409.8720
232.2510 409.6120
230.3510 410.5320
228.8710 408.6720
226.6410 408.0820
224.8310 407.8620
223.0310 407.2519
221.6210 406.1020
219.9510 405.6419
216.5610 406.6720
213.2710 406.9620
211.8910 408.0619
210.4810 408.8819
207.2710 407.5119
205.5310 408.5219
204.1810 409.9519
201.1910 409.7619
198.3110 408.8719
198.0010 411.8320
198.2110 416.7619
198.4810 418.2920
198.4410 419.3620
198.8710 420.2719
199.6810 420.8520
200.2910 421.6620
199.8810 422.5620
197.5710 425.3719
196.7410 426.9820
198.9010 430.2220
203.3010 434.5920
204.6510 436.4320
204.7710 439.1320
204.4410 441.6520
204.8810 442.4920
205.2810 443.4920
204.0710 443.5320
202.9210 443.9020
201.6610 445.8120
200.8510 447.7420
202.3710 449.5220
203.3010 453.5420
202.9710 457.7320
203.2410 461.0320
204.0610 463.8620
205.6010 464.9520
207.2510 465.8120
211.0010 467.0120
214.3710 468.8220
214.5810 469.1720
214.7210 469.5520
214.6510 469.9420
214.7610 469.9720
216.0910 470.7320
216.5410 471.1620
216.7410 471.6020
217.0910 471.7820
217.9910 471.4420
218.7810 470.6420
219.9710 468.3120
220.6710 467.4120
221.1810 467.0320
221.6910 466.7420
222.2610 466.5820
222.9210 466.5420
222.9210 466.5520
222.9210 466.5420
222.9210 466.5320
226.9410 465.6720
228.2110 464.9320
230.7310 462.1820
232.1510 460.9220
232.3610 460.6420
232.6410 460.4720
233.3510 460.3520
233.9410 460.4320
234.7410 460.7020
235.4410 461.0620
235.8210 461.4120
235.7910 461.9720
235.1310 463.3220
235.0510 463.9820
235.3610 464.9020
235.7710 465.1720
236.3310 465.2420
237.1310 465.5320
238.4510 466.3620
238.7110 466.8420
238.4910 467.5120
238.3510 468.9420
238.5910 470.0620
239.1410 471.4720
239.8110 472.7720
240.4510 473.5420
241.1710 473.7920
242.4910 473.6120
243.1510 473.6620
243.7310 473.9820
244.6910 474.8520
245.2210 475.1920
250.0110 476.7420
251.3210 477.3320
251.9810 477.5020
252.7410 477.4720
255.1210 477.8720
258.1210 481.4120
260.4410 481.5820
260.8910 481.3320
261.8710 480.5920
262.4210 480.3220
263.0310 480.2120
264.5110 480.1820
265.2010 480.0820
267.0610 479.3920
267.5410 479.0820
267.9210 478.5420
268.6010 477.1020

Xiangkhoang
199
251.3110 399.6920
251.3110 399.6920
256.8910 401.2420
257.7810 402.0120
258.0810 403.3420
258.8210 404.4920
259.8110 405.3520
261.9010 403.9320
264.3710 403.7320
265.7610 404.2920
266.9110 405.2920
267.1510 406.8120
267.7810 407.9820
268.0510 404.6820
266.5610 399.9920
266.7110 398.3220
267.3310 396.2720
267.4510 393.9120
267.4610 393.9020
267.4710 393.8820
264.7310 393.1320
263.3110 393.1120
262.9810 392.7720
262.5410 392.3120
262.0610 391.2820
261.5410 390.8620
260.2110 390.6520
258.9710 391.0820
255.8510 392.7020
255.1010 392.9120
254.4910 392.6520
254.1210 391.5520
254.2810 390.7020
255.5610 387.0920
256.3110 386.1020
258.3510 384.8720
259.0910 384.2420
259.5110 383.1220
259.5910 381.9320
259.8010 380.8020
260.5510 379.8520
260.5510 379.8520
260.5610 379.8520
260.5610 379.8420
260.2910 379.0320
259.7210 378.7320
259.0210 378.5720
258.3710 378.1720
257.9510 377.4320
257.6810 375.8420
257.4610 375.1520
256.9610 374.1720
256.9210 374.1420
256.7210 374.4020
255.7610 374.2820
254.2110 373.7320
252.7410 372.9520
251.3610 372.6220
250.5910 371.9620
249.3010 369.9920
248.3010 369.2320
245.9710 368.2020
245.1010 367.5320
244.5610 366.3420
245.2210 366.0220
246.4010 366.0620
247.4410 365.9220
248.3010 364.2820
248.6310 363.7920
249.0910 363.4620
250.7310 362.5920
252.6610 361.1920
252.7410 361.1920
254.1210 361.7820
255.4810 361.8520
256.8210 361.5320
264.0510 358.2720
266.6610 356.4520
267.3310 355.7920
267.5710 354.4220
267.5710 353.1920
268.1510 352.6120
270.0310 353.1720
271.3410 352.8420
271.2210 351.5420
270.5910 349.3420
270.9510 346.9520
270.9310 344.5920
269.5910 343.2620
268.1310 342.0920
267.7410 340.2720
266.8510 338.7220
265.2110 337.4420
263.8110 335.7820
262.3510 333.6820
260.2410 332.8420
258.5110 332.7020
256.8510 332.7220
255.9210 333.2020
255.0910 333.8920
249.3410 336.6420
246.9710 337.2120
247.5210 341.8120
246.9910 346.2820
245.3810 347.8120
243.2810 348.4720
240.8710 348.3320
238.8410 349.1620
236.2410 350.5820
232.0610 350.3720
229.2010 351.4220
227.1810 351.5820
225.5810 352.9820
224.1010 354.6820
222.4010 355.9620
220.3810 356.2620
219.2910 356.0920
218.2610 355.6120
217.7910 354.1020
216.1810 354.1120
214.8510 355.1920
213.4310 355.2820
211.9910 355.5620
210.2010 354.7620
207.9310 354.6420
207.2710 354.3120
206.4510 354.0720
199.9810 355.3520
197.5810 355.4820
195.3110 355.8820
193.3510 357.8120
191.9910 358.3820
186.4210 359.6920
185.1610 359.5520
184.1510 359.3120
183.1210 359.5820
181.5610 360.7720
179.7110 361.7020
177.7010 363.8620
176.8910 364.0520
176.8810 364.0720
175.8610 364.7120
173.6110 365.6920
172.7610 367.3420
171.4010 371.2820
169.8410 373.1820
168.0410 374.7620
167.2010 378.3220
167.8810 381.9720
170.8510 384.2520
171.9210 385.7420
173.1810 387.0020
177.0610 389.6720
180.0510 392.4120
180.9010 393.6820
180.6310 395.3120
183.2810 395.1720
185.6710 395.6920
186.1110 398.9320
186.2110 402.2020
187.9610 403.3820
189.9410 404.3220
191.3510 405.3420
192.9210 406.0020
196.1910 406.2320
197.4710 407.3320
198.3110 408.8720
201.1910 409.7620
204.1810 409.9520
205.5310 408.5220
207.2710 407.5120
210.4810 408.8820
211.8910 408.0620
213.2710 406.9620
216.5610 406.6720
219.9510 405.6420
221.6210 406.1020
223.0310 407.2520
224.8310 407.8620
226.6410 408.0820
228.8710 408.6720
230.3510 410.5320
232.2510 409.6120
234.0210 409.8720
234.1110 411.9020
234.5910 414.2120
237.5910 416.4820
239.2910 416.7320
241.0910 416.7220
244.5810 414.6020
247.1110 411.2720
247.0410 409.6120
247.4210 407.9920
246.9310 405.9620
246.2610 404.1020
247.9510 403.2520
248.4810 402.6820
249.7710 400.4620
250.4210 400.0420

Vientiane
259
140.1110 371.5820
140.1110 371.5820
142.3210 372.0520
144.3310 370.6620
146.4710 371.8320
148.3410 372.5020
149.2910 371.7520
150.3910 371.0520
152.2410 370.8920
154.1110 371.0520
153.7610 369.8620
153.2510 368.7520
154.6110 368.1620
155.9410 367.8220
156.7410 366.4220
157.3010 364.8520
159.4010 362.8320
161.6810 361.1219
166.4410 363.4520
170.0210 364.5320
172.7610 367.3420
173.6110 365.6920
175.8610 364.7120
176.8810 364.0720
176.8910 364.0520
177.7010 363.8620
179.7110 361.7020
181.5610 360.7720
183.1210 359.5820
184.1510 359.3120
185.1610 359.5520
186.4210 359.6920
191.9910 358.3820
193.3510 357.8120
195.3110 355.8820
197.5810 355.4820
199.9810 355.3520
206.4510 354.0720
207.2710 354.3120
207.9310 354.6420
210.2010 354.7620
211.9910 355.5620
213.4310 355.2820
214.8510 355.1920
216.1810 354.1120
217.7910 354.1020
218.2610 355.6120
219.2910 356.0920
220.3810 356.2620
222.4010 355.9620
224.1010 354.6820
225.5810 352.9820
227.1810 351.5820
229.2010 351.4220
232.0610 350.3719
236.2410 350.5820
238.8410 349.1620
240.8710 348.3320
243.2810 348.4720
245.3810 347.8120
246.9910 346.2820
247.5210 341.8120
246.9710 337.2120
244.9510 336.4020
243.0010 335.4120
241.5810 334.2120
239.8010 333.7720
238.0510 334.4520
236.4910 335.5720
234.6310 336.6320
232.9810 337.9820
231.1110 338.9320
229.1310 339.5620
226.4810 342.2120
224.3210 342.0620
220.8410 340.8719
220.8410 339.1319
221.1910 337.1219
222.0110 335.2619
222.7510 335.1020
223.0410 334.5720
222.3210 334.1219
221.3210 334.0720
220.6710 332.4320
220.9310 330.2320
221.4810 328.0719
221.7810 325.7819
221.7810 322.8819
221.0610 320.4019
219.5710 318.9019
217.8410 317.4619
213.2910 314.8119
208.1510 313.5420
200.2910 313.1520
194.7710 312.1920
182.0010 312.9820
177.6910 312.0120
180.0310 306.8920
181.4110 305.3120
182.9310 303.9520
183.6910 300.5120
183.0510 297.1020
179.6210 298.1520
174.2910 297.1020
172.5110 296.1620
170.0810 295.3719
167.4910 295.0520
164.5210 292.4320
163.1210 292.4920
162.1910 293.2920
161.2510 293.0220
159.4910 293.3320
159.2910 293.2520
159.1910 293.5520
159.2110 294.7220
158.9110 295.5320
158.1810 295.8320
157.4410 295.9720
157.1210 296.2920
156.0410 297.4020
153.9010 297.2120
153.0110 297.7520
152.1910 298.1020
150.2810 297.8220
148.4110 298.1720
145.7510 299.2320
142.9510 300.0220
140.7910 301.5320
140.0710 303.8320
138.9710 305.3920
137.6410 306.7120
135.6010 306.7920
133.6010 306.3420
132.3210 304.9720
130.8510 304.2220
129.0910 305.1820
127.4810 305.6120
126.9910 304.1620
128.0210 302.6220
127.9810 300.7820
126.7010 295.2820
126.8410 291.7920
127.2010 291.1720
127.4910 290.5220
127.7810 290.1820
127.8010 290.1720
117.9510 279.5320
116.6110 279.1020
114.1010 280.5620
111.5510 281.2620
110.9410 282.0320
110.5310 282.0320
109.4610 281.0020
108.9310 279.7520
108.3510 276.8420
106.7610 272.3420
106.5410 270.9820
100.4910 269.7920
 99.4210 269.0920
 98.8610 267.7820
 98.1610 267.0220
 96.6710 267.9620
 96.6710 266.9220
 96.5110 266.0220
 96.2110 265.2820
 95.7910 264.6920
 94.5810 264.2420
 94.5710 264.2520
 94.4510 264.3620
 94.0210 264.7020
 94.0210 265.1320
 95.1810 267.2020
 95.3610 267.7220
 94.9510 268.4420
 94.0510 268.3320
 93.1210 267.8620
 92.6510 267.4620
 92.2010 267.4620
 91.8910 268.4920
 91.3210 268.7120
 89.7410 268.4020
 88.7710 268.5920
 88.3310 269.1020
 88.0310 269.7920
 86.6410 272.1220
 86.7110 273.8820
 87.1210 275.7920
 87.2710 277.8320
 86.8710 282.7420
 86.6010 283.5920
 85.3810 285.7420
 85.0510 286.6720
 85.3210 289.4720
 86.4610 291.7020
 89.5010 295.1820
 90.0710 296.2220
 90.3910 297.1220
 91.0010 297.7520
 92.4210 297.9920
 93.5710 298.3720
 94.6810 299.2920
 95.6210 300.3820
 96.2510 301.3120
 96.4010 301.9720
 96.4610 302.7420
 96.6910 303.3920
 97.6710 303.7920
 99.1210 304.7920
 99.8510 305.8620
101.0310 308.3620
102.0210 309.2820
102.7410 308.8920
103.5510 308.8320
104.3910 308.9920
105.1410 309.2820
106.5910 310.4820
106.7310 310.6920
107.4110 311.4320
108.8010 314.6820
109.8110 316.0020
111.8510 319.6420
112.1510 320.9520
112.4310 323.8320
112.7410 325.2720
114.6910 329.3820
115.1710 331.4420
114.4710 333.7320
111.7410 336.7320
111.3710 337.7820
111.5310 339.0620
112.1910 341.6220
112.2510 343.2120
112.1310 344.6320
111.9610 345.2720
111.6110 345.8020
111.3610 346.3920
111.4710 347.1220
111.7210 347.9120
111.8310 349.1020
113.6810 350.5920
115.0510 351.6020
115.6410 352.3320
116.2510 352.8820
118.1810 353.2420
121.3710 356.2420
123.3110 360.3320
123.9710 363.1920
124.6710 364.1420
125.9510 364.5620
126.8510 365.2420
127.5410 366.2020
128.5910 367.0320
129.5310 367.9320
130.4910 372.1720
132.4710 373.3720
134.8210 373.7820
136.5510 373.8920
138.1910 373.4720
139.0810 372.4520

Vientiane_[prefecture]
119
150.2810 297.8220
150.2810 297.8220
152.1910 298.1020
153.0110 297.7519
153.9010 297.2119
156.0410 297.4019
157.1210 296.2919
157.4410 295.9719
158.1810 295.8319
158.9110 295.5319
159.2110 294.7219
159.1910 293.5519
159.2910 293.2519
159.4910 293.3319
161.2510 293.0219
162.1910 293.2919
163.1210 292.4919
164.5210 292.4319
167.4910 295.0519
170.0810 295.3719
172.5110 296.1619
174.2910 297.1019
179.6210 298.1519
183.0510 297.1019
186.3410 295.9819
189.0110 294.1819
189.5410 292.7519
189.9710 291.5919
190.0210 290.2719
190.1610 289.7919
189.9610 289.1719
189.8210 288.4919
189.6610 288.0219
189.3410 287.6019
189.1010 287.1019
189.1910 286.3519
189.6210 285.5819
190.2110 285.2119
190.9010 285.2319
191.6210 285.6319
192.3910 286.8519
193.0010 288.1919
193.7510 288.4919
194.9610 286.5619
195.0010 286.4819
194.5110 286.2219
193.9510 285.5919
193.6310 284.6819
193.5310 283.4319
194.0610 279.4219
193.7510 278.7519
193.1010 278.3119
192.5210 277.3319
191.7810 276.3519
190.6410 275.9119
189.5510 276.2119
187.5410 277.5219
186.3710 277.8219
185.3110 277.6019
179.7110 275.0719
178.7610 274.5119
178.3610 273.7819
174.5910 271.7019
172.2010 269.4919
171.2110 268.9019
168.9010 268.3319
168.0110 267.7719
167.6610 266.7319
168.0310 265.4819
168.6510 264.4919
168.6510 263.9919
167.2110 264.1819
163.8710 265.8319
162.9510 266.0919
162.9710 266.7319
164.0610 271.1919
163.2310 273.9219
161.1410 274.9919
155.5710 275.0119
153.1910 275.4719
151.0310 276.5919
149.2610 278.0919
148.0410 279.6519
146.1010 279.5319
144.1510 280.5119
140.8910 283.4319
139.3610 285.4919
138.8710 285.7719
138.6310 286.0019
136.6610 287.4119
136.0410 288.5819
135.8010 289.7319
135.3810 290.7119
134.1810 291.3919
131.1710 291.5419
129.2910 291.6419
128.8210 291.2819
127.8010 290.1719
127.7810 290.1819
127.4910 290.5219
127.2010 291.1719
126.8410 291.7919
126.7010 295.2819
127.9810 300.7819
128.0210 302.6219
126.9910 304.1619
127.4810 305.6119
129.0910 305.1819
130.8510 304.2219
132.3210 304.9719
133.6010 306.3419
135.6010 306.7919
137.6410 306.7119
138.9710 305.3919
140.0710 303.8319
140.7910 301.5319
142.9510 300.0219
145.7510 299.2319
148.4110 298.1719

Savannakhét
200
384.2410 211.7620
384.2410 211.7620
390.8010 212.7120
391.5910 213.2620
392.3210 213.9220
392.5510 214.9820
392.9010 216.0220
394.7310 215.7620
396.4810 214.7620
399.4510 211.6920
401.2610 210.9020
403.2310 210.6020
406.9210 209.3420
410.9810 209.7020
410.9910 209.7020
411.3010 209.0720
411.4710 208.4220
411.4710 208.4120
412.0510 207.9320
413.1510 207.3720
414.4110 206.9020
415.5310 206.7120
417.0410 206.2520
418.8410 207.9720
419.4210 206.8420
419.4310 205.3420
419.5310 187.1720
419.8910 185.5120
420.4810 184.0620
421.9610 182.4120
423.1910 181.6620
424.5110 181.1220
425.3810 181.0520
426.3710 180.5820
426.6410 179.8120
426.3410 176.1820
426.4410 175.4020
427.3510 172.7220
428.3610 170.9220
429.8010 169.8020
431.7410 170.1120
431.7410 169.3820
431.9410 169.0720
432.3810 169.1020
433.0310 169.3720
433.6210 169.8320
434.0710 169.5320
434.8910 169.5619
435.6710 169.4419
436.5110 167.8019
436.2310 165.7619
435.3910 164.0719
432.2210 162.6019
430.5310 162.4519
429.0610 163.4119
427.9610 162.4919
426.3410 159.3319
426.1810 157.7119
426.6110 155.4719
425.7310 153.8719
423.7410 153.2119
422.5910 152.4719
421.0110 152.5819
419.4610 153.4019
417.6310 152.9319
416.1210 151.4619
413.8710 150.8419
411.5410 150.7319
409.9010 150.0019
406.3510 150.6519
405.1910 150.4019
404.9110 148.7919
404.4810 147.5419
403.1910 149.0919
402.3010 151.1919
401.0010 152.0819
399.4610 152.5919
397.4010 152.9019
395.3510 152.7519
395.1410 152.3419
394.8510 151.9019
393.7610 151.6919
393.0410 151.2319
392.5710 150.4619
392.4610 148.7119
392.9410 147.0519
393.0010 143.5719
393.7010 141.8719
393.8110 140.1619
392.5210 139.0119
389.1610 137.5019
387.2610 137.4619
385.4210 137.9919
383.5510 137.9319
380.7310 135.0519
377.7210 132.6619
376.0310 132.8519
374.4110 133.4419
371.0110 133.0219
367.7610 134.8419
365.7710 134.8219
365.0810 135.3119
364.4510 135.8719
360.3310 137.5519
356.0210 138.7719
352.1310 140.6319
347.1510 141.1319
347.1210 141.1219
347.0410 141.4519
346.5510 141.8119
345.9210 142.0619
338.3510 143.9919
335.6710 144.1119
335.0010 144.2219
326.5210 147.2819
324.7210 147.9219
323.3410 148.9919
322.3210 150.3719
321.6810 151.9819
321.4310 153.7619
321.4910 156.7819
321.2710 158.2519
320.5610 159.5419
320.0410 160.0019
318.7810 160.7119
318.2110 161.0319
317.7010 161.4119
316.4310 162.7819
315.9110 163.2119
314.1710 164.2119
313.5710 164.7419
313.1510 165.3619
312.8510 166.0619
312.2410 168.1719
311.7110 169.3919
311.0210 170.5219
310.1410 171.5819
309.0610 172.5119
305.4110 174.5019
304.2610 175.4719
303.5710 176.6619
303.2410 178.0519
303.1710 179.5819
303.4710 182.5019
304.1710 185.3519
305.0710 187.8819
305.1610 188.6219
305.1210 189.3719
303.7210 194.9919
303.6910 195.7619
303.7910 196.3819
303.8210 196.5819
304.2610 198.1319
304.3910 198.9119
304.3410 199.7319
304.1110 200.4719
303.4710 201.8819
303.2510 202.6319
303.0410 204.8619
305.0010 202.8519
308.6310 202.3919
309.5110 204.0919
308.5610 208.0519
307.4310 209.1719
306.1510 208.2719
306.2210 209.4919
307.5710 211.0419
308.9410 211.9919
309.1510 213.9219
310.6610 214.5519
312.3310 213.9319
313.9210 213.5719
314.9610 214.6719
316.3310 215.3719
318.1910 214.6119
321.5610 215.4519
323.0110 214.0719
325.2010 213.7919
327.1910 214.5119
328.7210 215.6119
330.2910 216.2919
331.7810 215.2619
332.8710 213.6219
334.4210 212.5019
336.3710 212.4019
337.1410 212.7119
337.9310 212.9019
339.5610 212.3119
342.0010 213.4019
343.8010 215.3119
347.0910 215.1319
351.1010 215.5419
358.2210 212.3019
360.8410 211.6620
361.7910 213.4120
362.1810 216.2319
364.5510 216.6919
367.0110 216.1620
372.2010 213.8719
377.4110 212.1919

Saravan
220
440.6810 168.7120
440.6810 168.7120
441.1110 168.8619
441.5210 169.0820
441.7510 169.1320
442.5410 167.2920
443.1510 166.4520
444.2710 165.5120
445.8610 164.6320
446.2910 164.2520
446.5910 163.5820
446.8110 162.0620
446.9710 161.6020
447.6710 161.1120
448.5210 161.0120
450.7410 161.0820
453.2810 160.8020
454.2310 160.5020
454.4010 160.4420
455.6110 159.8420
456.8610 158.9120
457.4110 158.0420
458.1110 154.4020
458.4910 153.5420
458.6610 153.3120
458.6610 153.2920
458.6110 153.1420
457.6510 151.3720
456.3410 150.0620
455.1410 148.5320
454.7910 147.2120
454.3010 146.0420
451.9310 145.3020
450.3910 144.1720
448.7810 143.4120
446.9810 143.9020
446.4010 143.2420
445.5510 142.7220
443.2210 142.7920
440.9910 143.1820
439.5310 143.9820
437.9310 144.1220
436.8610 142.3420
436.3210 140.2720
436.8010 139.2820
437.0610 138.2120
436.3910 137.6120
435.5810 137.0420
432.5510 133.7920
430.2710 130.4420
428.5610 126.7720
427.1410 125.6120
427.3310 124.0320
428.9410 122.9220
430.2310 121.5520
429.2510 120.7220
428.5410 119.2820
429.6710 117.4720
430.1410 115.3220
429.7710 114.9420
429.3210 114.2020
429.3410 113.3320
429.5010 112.4820
429.6510 110.9420
428.9110 110.0020
425.5710 110.5020
423.2610 109.0120
419.4010 108.9719
416.9910 109.3920
414.7810 109.0220
414.0810 107.3619
412.7310 106.3919
410.8910 106.7719
409.2710 107.6019
407.5510 107.8319
406.0310 107.2319
405.6810 105.5419
404.9410 105.3219
404.2210 104.7719
405.2910 101.5519
409.0010 100.1919
406.9510  99.5819
404.6510  99.2319
402.8610  98.5519
401.2010  97.5219
398.3510  94.6919
395.1410  92.6619
393.4110  93.4019
389.5610  97.6519
389.9710  99.6019
391.3110 101.0619
390.7010 102.7219
389.4210 104.2419
387.9810 104.2319
386.4910 103.8719
384.9210 103.8119
383.4410 103.2419
381.8910 104.1119
380.1610 103.5619
377.9510 103.0619
373.8510 102.9819
373.2810 103.1219
372.6110 103.1019
372.0110 102.6319
371.2910 102.3519
370.5210 102.6519
369.7810 103.0719
369.2110 103.6719
368.6410 104.1519
367.8310 103.9519
367.2110 103.3419
365.7010 103.0019
364.1710 103.3719
362.6110 104.0219
360.8510 103.8319
359.8810 102.7119
358.3510 102.0519
358.1210 102.0519
358.9110 102.8419
359.3110 104.0519
359.4110 106.9119
359.6910 108.3919
361.2910 112.5819
361.9510 116.0519
361.2910 119.2519
359.4710 121.9219
356.5810 123.8119
353.7710 124.7719
352.3410 124.9519
349.6710 124.7219
348.7310 124.8619
347.9310 125.3219
347.1010 126.1519
346.3910 127.2219
343.8210 132.8019
343.0410 135.3219
343.1610 137.7219
344.7310 139.4819
346.0910 140.0319
346.7910 140.4219
347.1610 140.9219
347.1210 141.1219
347.1510 141.1319
352.1310 140.6319
356.0210 138.7719
360.3310 137.5519
364.4510 135.8719
365.0810 135.3119
365.7710 134.8219
367.7610 134.8419
371.0110 133.0219
374.4110 133.4419
376.0310 132.8519
377.7210 132.6619
380.7310 135.0519
383.5510 137.9319
385.4210 137.9919
387.2610 137.4619
389.1610 137.5019
392.5210 139.0119
393.8110 140.1619
393.7010 141.8719
393.0010 143.5719
392.9410 147.0519
392.4610 148.7119
392.5710 150.4619
393.0410 151.2319
393.7610 151.6919
394.8510 151.9019
395.1410 152.3419
395.3510 152.7519
397.4010 152.9019
399.4610 152.5919
401.0010 152.0819
402.3010 151.1919
403.1910 149.0919
404.4810 147.5419
404.9110 148.7919
405.1910 150.4019
406.3510 150.6519
409.9010 150.0019
411.5410 150.7319
413.8710 150.8419
416.1210 151.4619
417.6310 152.9319
419.4610 153.4019
421.0110 152.5819
422.5910 152.4719
423.7410 153.2119
425.7310 153.8719
426.6110 155.4719
426.1810 157.7119
426.3410 159.3319
427.9610 162.4919
429.0610 163.4119
430.5310 162.4519
432.2210 162.6019
435.3910 164.0719
436.2310 165.7619
436.5110 167.8019
435.6710 169.4419
434.8910 169.5619
434.0710 169.5320
433.6210 169.8320
433.6910 169.8820
433.8110 170.3920
433.8210 170.9120
434.1210 171.4720
435.8810 172.6020
436.6110 173.3019
436.8710 174.4319
438.2710 176.8019
439.8210 176.7419
440.9510 174.9720
441.1310 172.2419
440.8610 169.9819
440.7810 169.8019
440.5710 169.5819
440.4210 169.2919
440.4210 168.9019

Champasak
282
395.1410  92.6620
395.1410  92.6620
398.3510  94.6920
401.2010  97.5220
402.8610  98.5519
404.6510  99.2319
406.9510  99.5820
409.0010 100.1920
412.3310  98.9420
415.3510  95.1320
417.5610  94.1920
419.8510  94.0920
421.2810  93.6119
428.0610  88.1919
428.4210  82.4719
428.7910  82.4219
429.2210  82.5219
429.1610  82.2519
429.0110  82.0219
430.1610  81.2319
431.5910  80.9419
434.2610  81.5619
435.1910  80.6619
435.8910  79.4419
436.7910  78.7019
437.5610  77.6519
438.2210  74.2819
438.2310  70.8519
437.0110  68.8020
438.0310  66.0920
436.5910  66.2820
433.8910  65.5120
433.1810  64.6520
432.0210  63.7120
430.8010  62.2619
430.6810  60.3919
429.7010  58.7919
427.7310  58.4119
425.7810  58.4919
424.4610  57.5720
421.1510  58.6820
419.3110  58.8120
417.5910  59.8820
416.2810  61.5120
416.2210  63.2620
416.5410  65.0620
416.3510  65.8920
416.4310  66.8520
417.1510  68.5820
417.3810  70.6520
416.0410  71.9920
414.2810  71.3220
412.8110  70.0820
411.2710  70.8820
410.4910  72.7320
408.8710  73.5820
406.9610  73.5820
405.4010  72.6920
404.4610  70.9420
401.6710  68.7720
398.6810  65.7420
395.9710  61.5320
396.1410  56.5820
397.0910  54.7420
398.3910  53.2220
400.2310  52.1820
401.8310  50.8820
403.1910  45.4820
404.3710  44.2520
405.7210  43.1220
406.8910  41.4220
407.1710  39.5320
407.1710  38.6420
407.5810  37.8520
406.8310  36.1120
406.8210  36.0920
406.3910  36.0320
405.5310  35.7920
404.6410  35.8620
404.0110  36.0220
400.0510  38.4720
399.6610  38.8820
399.0610  37.7420
398.4010  34.2420
397.9610  32.7920
397.0010  31.3820
395.9610  30.7620
394.7210  30.6220
392.4310  30.7520
390.8710  31.0320
389.8510  30.9620
389.1510  31.0120
388.8210  30.9820
388.6310  30.7020
388.4610  29.6520
388.2910  29.3320
387.1610  29.2820
384.3010  30.2720
382.9810  30.5020
382.6910  29.7620
382.5810  28.9920
382.6710  28.2320
382.9810  27.5120
384.2510  26.4820
384.9710  25.4020
385.2010  24.1120
384.9410  22.4420
385.4910  21.0920
386.3910  20.2320
388.6310  18.8120
389.6410  17.6520
391.3010  13.6620
392.1910  12.6620
393.2310  11.7720
394.0910  10.7920
394.4110   9.5220
393.9310   8.2820
392.9110   7.4120
391.7410   6.6220
390.8110   5.6720
390.0210   4.6520
390.1410   1.5020
389.1810   0.3320
387.8810   0.2520
384.5110   1.1220
382.9810   1.1820
381.3710   0.5320
379.7710   0.3720
378.1510   0.7320
377.8810   0.8820
376.4110   1.6920
370.8210   6.6120
369.7110   8.2620
368.9810  10.1220
368.0110  11.7620
366.1810  12.7520
365.4810  12.7820
364.0810  12.5620
363.1510  12.6720
362.1010  13.1120
361.4410  13.5420
360.7710  13.5820
359.7510  12.8420
359.2710  14.0320
358.2810  15.0820
357.1010  15.6020
356.1210  15.2020
355.7410  15.7420
355.3010  16.2120
354.8010  16.6220
354.2810  16.9620
352.4610  15.6720
351.5010  15.1220
350.4110  14.8320
348.8710  13.7920
347.0510  13.1720
345.1110  12.8920
343.2710  12.9120
342.2110  13.0520
341.5510  13.3120
341.0110  13.8220
339.3510  16.1620
338.8710  16.4620
337.9310  16.7620
337.4810  16.9920
336.2910  18.1820
332.4110  24.0820
331.8010  25.4720
331.5510  27.0320
331.5610  29.1520
332.4610  29.1220
335.8710  29.9220
337.0510  30.4020
337.5110  30.9220
338.2910  32.3520
338.7510  32.7420
339.4010  32.6820
340.5410  31.8820
341.3810  31.8420
341.7510  32.1320
342.9810  33.3620
343.5010  33.7820
344.2510  34.0320
345.9810  34.3520
346.6510  34.6920
346.9310  35.1720
347.4910  36.7120
347.8110  37.3720
348.2310  37.8720
349.7510  39.2520
351.8210  42.0220
352.6110  43.8320
352.7810  45.8220
351.8410  50.2820
351.9510  52.3420
352.4510  55.4320
352.2210  56.0820
351.5110  57.2820
351.4110  58.8020
351.7210  60.3220
352.2210  61.5620
352.5210  61.7720
353.4210  61.9720
353.7110  62.2320
353.6910  62.5820
353.2210  63.5320
353.1510  64.5520
353.2710  64.9520
353.5410  65.0220
354.5710  64.9820
354.9210  65.1120
355.4210  66.6120
354.3410  68.7520
354.9810  70.0320
357.5610  71.6920
358.1810  72.5820
356.4510  72.9220
356.4410  72.9220
356.4210  72.9220
356.4210  72.9320
355.6010  73.5620
353.7010  76.3020
353.6010  76.5720
353.6210  77.3220
353.4810  77.6620
353.1910  77.7220
352.3510  77.5720
352.0110  77.6620
350.4110  79.3120
348.9910  79.5920
348.4510  80.7120
348.4610  82.2220
348.7110  83.6720
349.1510  85.0420
349.7110  85.9720
352.3710  88.7820
354.1710  90.2620
356.0410  91.4720
356.2810  91.5820
356.3410  93.4020
356.1210  94.8520
355.9010  95.1320
354.6310  94.8920
353.3810  94.8620
352.0510  95.1020
351.0310  95.7720
350.6510  97.0020
351.2210  98.5020
352.5210  99.3520
355.5610 100.3320
357.8710 101.8020
358.1210 102.0520
358.3510 102.0520
359.8810 102.7120
360.8510 103.8320
362.6110 104.0220
364.1710 103.3720
365.7010 103.0020
367.2110 103.3420
367.8310 103.9520
368.6410 104.1520
369.2110 103.6720
369.7810 103.0720
370.5210 102.6520
371.2910 102.3520
372.0110 102.6320
372.6110 103.1020
373.2810 103.1220
373.8510 102.9820
377.9510 103.0620
380.1610 103.5620
381.8910 104.1120
383.4410 103.2420
384.9210 103.8120
386.4910 103.8720
387.9810 104.2320
389.4210 104.2420
390.7010 102.7220
391.3110 101.0620
389.9710  99.6020
389.5610  97.6520
393.4110  93.4020

Xaignabouri
363
110.2710 390.8120
110.2710 390.8120
112.1310 390.9920
112.7410 390.5020
112.1310 388.1020
112.2410 378.8720
112.5210 377.8820
113.0510 376.9820
113.8510 376.0620
114.8710 375.4020
117.4310 374.2420
118.0810 373.4720
117.6310 372.7920
115.4610 370.5020
114.9610 369.4420
114.6310 368.1020
113.1310 365.8120
112.7410 364.9020
112.7210 363.5920
113.1410 359.5120
113.0310 358.1220
112.4810 355.8120
111.8310 349.1020
111.7210 347.9120
111.4710 347.1220
111.3610 346.3920
111.6110 345.8020
111.9610 345.2720
112.1310 344.6320
112.2510 343.2120
112.1910 341.6220
111.5310 339.0620
111.3710 337.7820
111.7410 336.7320
114.4710 333.7320
115.1710 331.4420
114.6910 329.3820
112.7410 325.2720
112.4310 323.8320
112.1510 320.9520
111.8510 319.6420
109.8110 316.0020
108.8010 314.6820
107.4110 311.4320
106.7310 310.6920
106.5910 310.4820
105.1410 309.2820
104.3910 308.9920
103.5510 308.8320
102.7410 308.8920
102.0210 309.2820
101.0310 308.3620
 99.8510 305.8620
 99.1210 304.7920
 97.6710 303.7920
 96.6910 303.3920
 96.4610 302.7420
 96.4010 301.9720
 96.2510 301.3120
 95.6210 300.3820
 94.6810 299.2920
 93.5710 298.3720
 92.4210 297.9920
 91.0010 297.7520
 90.3910 297.1220
 90.0710 296.2220
 89.5010 295.1820
 86.4610 291.7020
 85.3210 289.4720
 85.0510 286.6720
 85.3810 285.7420
 86.6010 283.5920
 86.8710 282.7420
 87.2710 277.8319
 87.1210 275.7919
 86.7110 273.8819
 86.6410 272.1219
 88.0310 269.7919
 88.3310 269.1019
 88.7710 268.5919
 89.7410 268.4019
 91.3210 268.7119
 91.8910 268.4919
 92.2010 267.4619
 92.6510 267.4619
 93.1210 267.8619
 94.0510 268.3319
 94.9510 268.4419
 95.3610 267.7219
 95.1810 267.2019
 94.0210 265.1319
 94.0210 264.7019
 94.4510 264.3620
 94.5710 264.2519
 94.5810 264.2420
 93.8310 263.9620
 95.2810 262.7620
 94.0010 261.8720
 91.8010 260.9320
 90.5110 259.5920
 90.2510 259.0620
 89.9410 258.5620
 89.6910 258.0120
 89.5510 257.8620
 88.9510 259.1620
 88.8410 259.5920
 88.7610 259.9020
 88.5910 259.9520
 88.3510 259.8320
 88.0510 259.5920
 87.1910 258.7620
 86.2110 258.6820
 85.2310 258.7720
 84.3210 258.4720
 83.9310 257.8820
 84.3510 257.6820
 85.0210 257.6420
 85.3710 257.5320
 85.3110 257.1120
 85.2110 256.9220
 84.0510 255.4320
 83.6410 255.2820
 83.1410 255.3120
 82.3310 255.0320
 75.1410 249.0920
 73.9510 247.4820
 72.6410 244.9420
 72.2210 244.3820
 71.4510 244.0820
 70.5810 243.9220
 69.9110 243.5220
 69.7510 242.5120
 69.7510 242.5120
 68.6410 240.9220
 68.2910 240.5620
 67.6710 240.1820
 67.4510 240.1520
 67.1710 240.3420
 65.3110 241.1120
 63.3610 242.2720
 62.2710 242.5120
 61.3710 243.6620
 60.3010 244.6220
 59.1110 245.4120
 57.8510 246.0520
 55.0010 246.5920
 52.6710 247.0320
 51.6310 247.8420
 51.6110 249.3520
 52.5110 250.7920
 54.6910 253.3620
 56.0510 256.4520
 56.1810 256.9820
 56.5010 258.2120
 56.3710 259.5920
 56.2210 260.2920
 56.3610 260.8520
 56.7710 261.2920
 57.3810 261.6320
 57.4410 261.7720
 57.4610 261.9220
 57.4410 262.0619
 57.3810 262.2119
 56.9510 262.6919
 56.7910 263.1419
 56.9110 263.5619
 57.3810 263.9320
 58.7210 264.5119
 59.0710 265.3919
 58.8710 267.7219
 59.1110 269.1019
 59.5910 269.8219
 61.6510 270.9719
 63.3610 272.4719
 64.3910 274.1419
 65.2410 275.9219
 66.3710 277.7619
 67.2210 278.4519
 69.3110 279.7619
 69.8110 280.6519
 69.6110 281.6119
 68.5010 284.1619
 68.2810 285.4819
 68.5410 286.7119
 69.5110 289.2919
 69.6610 290.3719
 69.4310 290.9719
 69.0010 291.3119
 68.5310 291.5819
 68.1510 291.9819
 67.6310 293.3619
 67.4210 293.8319
 67.3910 296.2419
 67.5310 296.9419
 67.8710 297.4419
 68.9810 298.6719
 69.1810 299.1219
 68.5310 300.0419
 64.4110 301.9519
 63.8810 302.4619
 62.3810 303.8919
 61.4710 305.1319
 61.0310 306.3219
 61.3810 307.7019
 63.2710 309.6619
 63.7410 310.9819
 63.8610 311.6719
 64.1310 311.9919
 68.3110 314.3219
 69.1710 315.1719
 69.4210 315.9319
 69.3510 317.4619
 69.5310 318.1319
 69.9810 318.5819
 71.1210 319.0119
 71.7010 319.3019
 73.5110 321.0419
 74.3410 322.1619
 74.6910 323.2119
 74.3510 324.3019
 72.8110 325.8419
 72.4610 327.0919
 72.6810 328.2019
 73.6410 330.4219
 73.9510 331.6019
 73.6010 335.7219
 73.7010 337.0419
 74.2210 338.2819
 75.8110 340.1219
 76.4610 341.1519
 77.1010 343.4019
 77.5510 344.3919
 80.3110 347.0819
 79.7610 349.1219
 78.0210 351.1120
 75.1710 353.6419
 74.4110 354.4920
 73.9810 355.5619
 73.8210 357.1819
 74.0310 361.2320
 72.7010 367.0019
 72.6810 367.4219
 72.7910 367.7719
 72.8110 368.1719
 72.5910 368.7420
 72.2110 369.0119
 71.1010 369.2420
 70.6810 369.5619
 70.2810 371.6219
 70.6310 374.4419
 71.6210 376.8919
 73.0810 377.8319
 74.5710 378.2419
 75.4510 379.7719
 75.7910 381.7319
 75.6510 383.4119
 75.4110 384.3219
 75.0910 385.0119
 74.5710 385.5619
 73.7110 386.0419
 72.6010 386.3419
 71.9110 386.1619
 71.3210 385.7319
 70.5710 385.3219
 69.0010 384.8819
 67.1710 384.6519
 65.3010 384.8019
 63.5010 385.4820
 60.6410 387.2619
 59.2210 387.8019
 57.3810 388.0019
 51.6110 387.9319
 51.2310 388.0119
 50.8910 387.9619
 50.2710 387.5619
 50.0210 387.2519
 49.2210 385.8620
 46.5810 382.6819
 43.6010 379.8419
 42.9710 378.9419
 42.4810 379.1219
 42.0010 379.8119
 41.4210 380.4819
 40.4810 381.0219
 35.1710 383.0719
 33.4610 382.9819
 32.0910 381.9519
 31.3610 380.7319
 30.8310 379.8519
 29.7010 379.7819
 27.8410 380.3419
 25.9610 381.1519
 24.8210 381.8819
 24.0210 382.7219
 23.8210 383.7420
 23.8210 384.8620
 23.6010 386.0119
 23.0710 386.9119
 21.7410 388.5719
 21.2110 389.4419
 20.8210 390.6319
 20.6610 392.8919
 20.4510 393.9820
 20.0110 394.7919
 19.3310 395.6719
 18.9310 396.2019
 18.6210 397.1419
 18.9110 398.4019
 20.4810 400.5019
 22.5710 400.1619
 25.3710 399.4219
 27.5810 399.5019
 29.7410 399.9419
 31.7210 401.1719
 33.1110 401.1019
 34.4210 401.6219
 35.0810 402.0019
 35.7310 402.0419
 36.6210 401.8319
 37.4910 401.9419
 38.1010 402.2019
 42.6810 404.9219
 43.6310 405.7919
 44.7010 406.7719
 45.5210 407.2019
 46.4110 407.2719
 54.3710 405.9719
 57.4010 405.0219
 59.6710 403.2519
 59.9110 403.7419
 60.3310 404.3719
 60.5110 404.7619
 61.0010 404.7619
 61.8710 403.7319
 62.9410 404.0719
 64.5510 405.6619
 66.1710 406.8319
 66.7810 407.0819
 67.6110 407.0419
 68.3010 406.7019
 68.8510 406.3119
 70.1010 405.6819
 74.3410 402.8219
 75.8510 402.3719
 95.4910 402.5319
 97.9310 403.0719
 99.3610 404.7619
 98.5810 405.2719
 99.4010 406.0519
100.8110 406.7719
101.8010 407.0819
102.4610 407.4819
104.3710 409.3719
105.1410 409.9619
106.5910 408.1219
107.5510 406.9019
108.6010 405.9019
109.3110 404.5919
109.4010 401.2819
108.2510 398.1119
107.6410 396.8319
107.6910 392.6519
108.4210 390.9019

Louang_Namtha
143
 73.8010 510.1920
 73.8010 510.1920
 74.0910 510.2520
 74.2410 510.2420
 74.3510 509.6820
 73.5710 507.6820
 72.5710 506.2720
 72.7010 505.8420
 73.2810 505.2320
 73.4110 504.9720
 73.3210 504.0120
 72.6710 501.4220
 73.4110 500.6020
 74.3510 498.6820
 74.9710 497.7420
 75.9710 496.8120
 76.9810 496.4320
 78.1210 496.5720
 79.5010 497.1820
 82.6510 499.3520
 83.9010 499.8120
 91.3010 501.2420
 92.7610 501.2220
 94.1610 500.9620
 96.3710 500.2120
 96.8110 500.1720
 97.0910 499.9520
 97.3610 499.1720
 97.2610 498.5420
 96.8910 497.8720
 96.6510 497.2120
 96.9410 496.5420
 97.9010 496.3820
100.4710 497.5120
101.7210 497.4920
102.7010 496.6420
103.8810 494.4620
104.9210 493.7120
105.8110 493.6720
107.0810 493.8820
108.2910 494.2820
108.9910 494.8020
109.1010 495.4820
109.8610 494.1620
109.0910 488.8420
108.0710 486.3520
106.6510 484.1920
104.1210 483.2420
101.6110 481.9320
 99.4310 480.0120
 99.2310 477.3420
100.0110 476.3020
 99.6610 475.2320
 96.8410 475.2520
 95.8210 474.7620
 93.3110 474.1520
 90.3510 471.4620
 88.0010 466.8120
 85.6610 465.5920
 91.9610 463.4220
 92.6510 461.6920
 95.0210 459.7920
 95.5710 458.7320
 96.0710 453.2620
 94.2410 447.7720
 93.2510 446.3320
 91.9910 445.1320
 90.8510 443.5220
 88.7010 439.4320
 83.6010 437.0720
 77.0610 436.6520
 73.8710 436.8719
 73.9410 436.1420
 71.9010 436.6420
 67.3510 435.5320
 63.3510 436.5420
 61.9110 437.0820
 59.5110 439.1020
 59.3210 440.8819
 59.3410 443.1620
 58.2610 445.6120
 56.8410 447.8020
 55.0210 449.1919
 50.2010 448.6020
 48.1210 449.4519
 47.5810 453.0619
 47.6010 455.9820
 45.9310 459.1419
 45.3110 460.7320
 44.3110 462.1120
 42.8910 463.2019
 41.7510 464.5119
 40.6610 467.6319
 38.2810 469.6419
 35.2910 470.5619
 33.5810 472.9720
 33.5110 473.1219
 34.7410 474.0719
 36.4010 475.6820
 36.4010 476.1120
 34.5110 476.5119
 28.7210 475.4920
 27.5210 476.3719
 27.6510 477.7519
 28.2610 480.5820
 28.4010 482.0820
 28.6610 482.4320
 29.8810 483.2619
 30.2210 483.7220
 30.1210 484.2719
 29.3210 486.1919
 30.5210 486.7320
 33.4510 487.3520
 34.6710 488.0619
 35.4510 489.1419
 38.8310 495.4019
 40.8910 503.8819
 40.9910 504.7220
 40.9510 505.4920
 41.1710 506.0520
 42.0210 506.2619
 42.6310 506.2320
 43.2110 506.1020
 43.7510 505.8719
 44.2510 505.5319
 45.5110 505.0520
 46.9810 505.2420
 49.3710 506.2619
 50.1010 506.8620
 52.2910 509.1319
 53.1910 509.4319
 59.2810 512.6420
 68.3810 520.1619
 69.2910 520.6020
 69.5510 521.6519
 69.4110 522.9119
 70.4210 522.8420
 71.2110 521.6919
 71.2810 519.6320
 70.0110 513.9419
 70.2210 512.4619
 70.7210 512.1020
 72.6010 511.0719

Bokeo
137
 50.2010 448.6020
 50.2010 448.6020
 55.0210 449.1920
 56.8410 447.8020
 58.2610 445.6120
 59.3410 443.1620
 59.3210 440.8820
 59.5110 439.1020
 61.9110 437.0820
 63.3510 436.5420
 67.3510 435.5320
 71.9010 436.6420
 73.9410 436.1420
 74.3410 434.5520
 74.9810 433.0220
 75.1210 431.9220
 74.9410 424.1820
 73.9810 422.4520
 72.5110 420.9420
 70.4610 419.8720
 68.2510 420.1620
 64.4210 422.9520
 61.8710 422.4820
 59.8210 421.1320
 59.1810 418.6820
 57.8610 416.9420
 56.3010 415.3720
 54.9210 414.5620
 53.4710 413.9220
 47.5210 413.7020
 42.2310 411.7720
 42.3310 408.9320
 43.6310 405.7920
 42.6810 404.9220
 38.1010 402.2020
 37.4910 401.9420
 36.6210 401.8320
 35.7310 402.0420
 35.0810 402.0020
 34.4210 401.6220
 33.1110 401.1020
 31.7210 401.1720
 29.7410 399.9420
 27.5810 399.5020
 25.3710 399.4220
 22.5710 400.1620
 20.4810 400.5020
 21.3210 401.6220
 22.0310 403.5520
 22.4810 404.1720
 22.9910 404.5120
 24.2510 405.0420
 24.8210 405.4320
 25.4510 406.4920
 25.7110 407.6220
 26.0110 410.0220
 27.7010 414.4420
 27.7010 414.4420
 29.3210 419.3720
 29.7910 422.1420
 29.6610 425.7120
 29.5210 426.4020
 29.2310 426.3120
 28.8810 425.3920
 28.4010 425.1320
 27.3310 425.5220
 26.2610 426.1820
 25.7710 426.7720
 25.5610 427.1520
 24.4610 427.6320
 23.9610 427.9820
 23.7110 428.3720
 23.3810 429.3320
 23.0610 429.8720
 21.3910 432.1120
 17.6610 440.3520
 16.3610 441.8120
 13.8910 442.4920
 11.5310 441.9420
  9.5810 440.6220
  8.3010 438.9720
  7.5510 436.4720
  7.4210 436.3420
  7.0710 436.2820
  5.6210 435.7420
  5.4210 435.6120
  4.8110 435.0520
  4.8510 432.3420
  3.8610 431.3420
  2.7010 431.3420
  1.5210 431.9620
  0.6410 433.0420
  0.2710 434.4020
  0.4010 436.8020
  0.2910 437.9920
  0.2510 438.9220
  0.4310 439.8920
  1.1710 440.7620
  1.8110 441.7320
  2.0910 442.9620
  2.2310 444.4520
  2.8310 446.6320
  3.6510 452.8120
  4.3610 455.2120
  5.1910 457.0520
  5.1910 457.9520
  5.6610 459.0720
  7.1110 461.1420
  7.4210 462.0420
  7.6910 463.1920
  8.3610 464.0420
 10.1310 465.6020
 11.8110 467.6920
 12.8310 468.6020
 15.4010 469.3720
 16.2010 470.3120
 16.8010 471.4120
 17.6910 472.3020
 18.9210 472.5520
 24.5910 471.6120
 27.3610 470.8320
 28.8810 470.8720
 30.9910 471.5820
 32.9310 472.6720
 33.5110 473.1220
 33.5810 472.9720
 35.2910 470.5620
 38.2810 469.6420
 40.6610 467.6320
 41.7510 464.5120
 42.8910 463.2020
 44.3110 462.1120
 45.3110 460.7320
 45.9310 459.1420
 47.6010 455.9820
 47.5810 453.0620
 48.1210 449.4520

