398 793

Balzers
99
115.3908 144.8608
116.5208 143.7308
119.4608 138.5908
123.9408 133.6008
125.3108 129.2608
126.8908 125.6608
128.0008 123.3908
129.0708 122.2708
132.3008 120.1008
137.2508 118.4108
139.7908 117.7608
142.3808 117.6708
143.5608 117.2008
146.2808 117.1208
147.2408 116.3708
147.5008 114.5808
147.1308 108.0208
146.5408 105.1008
145.0408 100.9408
144.9908  95.1008
147.0008  90.9208
148.8208  84.7208
149.6008  83.2908
155.0008  77.9808
171.1808  56.9708
171.1808  56.9708
169.6008  57.6808
167.8008  57.9108
164.2608  57.1808
161.2108  55.2008
156.2408  53.0808
153.8908  51.2708
147.4108  47.7908
130.5408  45.2808
126.8408  44.4508
115.6008  39.8708
111.2208  35.9008
107.5908  31.7308
104.3308  29.7508
 94.2108  27.2108
 80.0608  26.3508
 76.1608  25.7908
 73.0408  24.3808
 70.4808  20.9008
 68.9308  19.9208
 66.9708  19.6608
 63.9808  20.4108
 62.2208  21.2608
 59.1608  23.4908
 56.1508  24.6408
 53.8208  24.9408
 51.5108  24.4408
 50.4108  23.8108
 48.7808  22.1008
 45.8708  16.8308
 43.3908  11.1708
 40.9808   7.1208
 39.5008   5.5508
 37.4208   4.6808
 35.2008   4.6308
 33.1108   5.3408
 29.7508   8.7508
 28.7108  10.5508
 26.9208  16.8908
 25.9308  18.8508
 24.4508  20.4908
 22.2908  21.3808
 19.9408  21.3808
 16.5308  20.5508
 13.0908  19.0708
 10.0208  20.6108
  7.5608  23.3808
  3.3008  33.9008
  0.5308  49.1808
  0.2508  54.3208
  0.8408  59.3308
  3.3208  67.3308
  8.5608  71.2708
 13.6108  73.9308
 16.0108  75.6508
 21.2308  77.2608
 25.2208  79.5008
 29.6508  80.7608
 33.6408  83.0708
 38.0508  84.4008
 42.0308  86.7408
 46.4408  88.0808
 50.4108  90.4308
 55.5008  92.2708
 62.1108  97.8808
 72.1508 103.7408
 78.7608 109.3708
 84.5108 111.7408
 91.7608 117.8408
101.1608 123.3408
105.5508 127.2008
109.3808 131.4108
111.3808 136.2108
113.9008 140.0308

Balzers
37
235.5008 152.5908
244.8608 149.5208
247.0908 150.1408
250.6908 152.1808
252.8908 152.1008
255.4208 151.0608
255.4208 151.0608
254.7108 148.8408
252.8308 145.6208
252.7108 143.0608
257.4608 137.1308
258.0208 133.7808
258.0708 129.3308
258.5508 127.6608
258.5808 123.0108
259.6908 119.4708
263.4908 114.8608
265.9108 112.9608
270.1208 108.6708
270.8408 105.4608
268.0108 102.9608
264.0208 101.6008
260.4808  99.2308
253.7108  95.5008
248.6308  94.2908
244.2308  94.3008
236.2808  96.0308
235.4708  96.6208
230.1308 102.0608
226.9108 105.9108
223.2508 112.1108
222.5208 114.4408
223.5908 119.3108
223.5808 124.6708
222.6608 135.8808
225.4308 141.9208
228.1308 145.1308

Balzers
74
369.9808 351.4108
368.8308 322.7508
379.8708 299.5708
391.8508 284.2108
370.9308 253.1108
368.1708 248.2408
368.1708 248.2408
368.5008 251.4608
367.3508 251.6808
363.2008 254.7208
347.5108 261.8908
342.1308 263.2208
340.9808 263.8508
339.8008 268.3408
339.6808 271.4108
338.7408 274.3208
338.6408 279.5408
337.2308 282.6908
337.0108 285.0908
335.4808 287.2208
335.4808 287.2208
335.4308 288.9708
333.8108 294.8508
331.8508 298.2508
331.2608 301.9108
331.2708 311.8708
330.1308 314.9508
325.3008 321.0608
321.8008 323.5008
317.0208 328.6308
311.5008 333.4808
311.5008 333.4808
308.3708 336.0408
305.3308 339.6308
298.6908 339.7908
295.9508 340.4608
289.6108 343.2308
285.5508 346.1908
279.0008 350.0808
274.8508 351.2808
269.4308 351.3908
268.1408 352.0608
266.9808 353.2008
266.9808 353.2008
266.6908 354.8008
266.9608 356.4408
268.5608 359.5908
268.0608 362.0408
268.5208 363.2508
268.6208 366.9408
269.1508 368.6608
268.1308 371.3308
268.5708 372.9508
268.6608 375.7408
270.6408 378.5708
271.7608 381.1508
271.9708 385.2608
274.0608 390.3108
274.0608 390.3108
275.5208 392.0908
276.4008 393.9308
278.2608 395.2908
282.1508 399.2508
283.1808 402.3608
283.3608 405.1708
283.9508 406.3508
285.8408 408.2608
286.9408 409.9808
287.5908 412.4208
287.5908 412.4208
292.3208 408.7008
308.7508 393.6808
319.2308 370.8708
340.5508 357.9708

Eschen
19
196.2508 516.9208
193.8508 520.2608
194.3308 522.3108
194.3808 526.7808
195.5208 528.8708
197.6908 530.0308
198.1608 529.7908
202.5708 523.2108
205.7908 521.0308
209.4508 519.3508
216.5408 517.0908
218.7408 516.7308
218.7408 516.7308
217.9208 507.2208
216.0608 503.3308
209.9508 505.0908
206.3808 503.8108
206.3808 503.8108
202.7808 511.0108

Eschen
59
 62.9808 574.8108
 65.5308 572.4008
 72.7408 567.9108
 73.7008 568.0808
 76.8408 571.2108
 77.8008 571.6008
 79.3608 570.2908
 80.4508 568.0808
 71.9808 558.4808
 66.0608 549.8308
 61.5108 542.1208
 57.9508 537.9708
 57.8008 534.5308
 58.2708 533.2808
 58.4308 531.3108
 64.1308 527.2508
 64.8408 527.3408
 67.6408 529.2808
 72.5908 529.3108
 73.3108 529.5708
 73.9108 530.8808
 74.5108 538.9808
 75.0208 540.4108
 75.0708 543.8608
 75.5808 545.3008
 75.6108 548.5108
 76.0708 549.2208
 76.8708 549.3408
 90.5208 540.8608
 91.1308 539.0108
 91.2008 536.1808
 92.1808 530.9008
 92.2408 528.2208
 92.7208 526.9008
 92.6708 524.8608
 92.6708 524.8608
 87.2608 524.8908
 85.1108 525.4308
 82.2208 525.3908
 82.2208 525.3908
 81.0208 524.8208
 58.6108 504.0708
 57.0008 502.9608
 56.1208 503.4608
 50.0708 516.3308
 45.6808 519.6808
 41.3508 522.1708
 41.3508 522.1708
 41.8208 529.9608
 44.6108 533.2508
 46.6608 538.5908
 48.8008 541.6208
 50.6708 546.5308
 52.8108 549.4908
 54.7108 554.4008
 56.7608 557.4508
 57.4308 559.2308
 58.7508 566.2308
 61.2008 570.1008

Eschen
149
183.7808 641.9408
176.3208 636.9208
171.3308 633.0608
169.1608 630.8808
167.3808 628.1808
164.4308 628.6208
163.4808 629.0608
161.2808 629.0708
159.3708 628.4208
157.6808 626.7208
151.6808 617.3608
152.5108 615.8208
156.7208 611.5308
156.9708 610.4508
148.0908 604.6808
145.8808 601.5808
144.1308 596.3008
144.0008 593.9108
143.4908 592.3608
143.6008 590.9608
145.1808 588.2108
159.7408 575.5508
178.9208 561.2908
179.7808 561.5708
184.9808 567.5008
187.3408 567.6208
188.8308 567.1908
189.5008 567.6708
190.8908 573.3308
191.4908 574.5008
192.2408 574.9808
209.9608 579.3608
214.7808 579.2908
217.5508 575.9508
220.7408 569.6308
224.0608 558.6208
223.0908 557.7708
216.2608 555.4008
209.7908 552.2208
209.4608 551.2808
210.3208 549.9208
214.7708 545.4608
217.2008 543.7308
220.4508 542.5408
224.6408 541.7308
233.4008 535.9608
239.8108 534.1908
241.0508 534.2408
243.8408 535.2608
247.6408 534.5608
252.3708 530.9608
258.2408 525.0708
259.2208 524.4108
260.3308 525.0608
260.3308 525.0608
257.7008 521.6408
244.8708 501.6208
244.8708 501.6208
234.8908 507.5808
226.9708 505.0508
225.6708 505.1308
225.0808 505.7908
222.9708 510.7108
221.5708 516.7508
221.5708 516.7508
220.6708 527.5608
219.0208 531.4708
215.2708 537.7008
214.5808 538.1308
202.2808 541.0708
201.8508 543.5408
198.1008 547.3408
190.3408 552.1908
188.8108 551.3008
186.2008 548.9908
185.0508 547.4408
187.6608 541.7808
192.6508 540.4308
193.2108 540.0008
193.2708 535.3208
191.5808 534.5908
187.5108 533.8808
183.3908 532.3008
173.4108 525.5208
171.6708 525.4108
170.1308 525.9608
168.3508 525.8808
167.5908 524.5308
167.4908 521.0408
166.7808 518.1708
166.7808 518.1708
163.0208 516.8908
160.6508 516.8008
153.7508 518.4308
150.7908 518.6608
150.7908 518.6608
149.9308 519.4108
149.9308 519.4108
148.6208 524.4508
147.9408 525.4708
104.3308 542.8408
 90.4308 583.6908
 89.7608 588.1808
 90.0808 588.7708
 91.0608 588.9008
 95.9608 587.7408
100.9108 587.8908
101.5908 589.8208
101.7408 592.8408
102.4308 593.1508
104.8808 593.1108
105.4108 593.6308
105.4508 602.3008
104.9408 604.0508
104.9208 607.4308
105.4508 609.4708
105.6408 612.4808
109.1808 614.6008
112.7808 615.4108
115.0408 617.0408
118.3008 620.2908
120.9508 624.2408
123.4408 626.4608
131.5308 626.6208
135.7408 630.2108
139.3608 630.3008
140.9708 629.4608
141.7108 627.2908
143.3208 624.4208
145.4008 623.3108
146.8108 623.2608
148.4808 624.4208
149.2908 626.2808
150.4308 627.7208
151.6708 628.5308
153.8408 628.7308
156.8308 632.2108
162.8808 632.4208
165.6608 635.9908
165.6608 635.9908
165.9908 637.0108
168.6808 640.2608
172.7508 643.7508
175.7708 647.3508
179.2408 649.4008
179.7708 649.4008
180.3808 648.7908
182.4008 645.2608
183.2008 642.7208

Gamprin
48
166.7108 518.1908
167.4208 521.0608
167.5208 524.5508
168.2808 525.9008
170.0608 525.9808
171.6008 525.4308
173.3408 525.5408
183.3208 532.3208
187.4408 533.9008
191.5108 534.6108
193.2008 535.3408
193.1408 540.0208
192.5808 540.4508
187.5908 541.8008
184.9808 547.4608
186.1308 549.0108
188.7408 551.3208
190.2708 552.2108
198.0308 547.3608
201.7808 543.5608
202.2108 541.0908
214.5108 538.1508
215.2008 537.7208
218.9508 531.4908
220.6008 527.5808
221.5008 516.7708
221.5008 516.7708
218.7308 516.7308
218.7308 516.7308
216.5308 517.0908
209.4408 519.3508
205.7808 521.0308
202.5608 523.2108
198.1608 529.7908
197.6908 530.0308
195.5208 528.8708
194.3808 526.7808
194.3308 522.3108
193.8508 520.2608
196.2508 516.9208
196.2508 516.9208
192.5008 514.3508
192.5008 514.3508
191.5708 515.9008
189.3508 517.6008
182.9508 521.5608
176.2408 521.5308
169.8708 519.0508

Gamprin
150
101.3808 664.8508
101.8708 664.5408
101.7708 664.0008
105.6008 661.5908
108.1108 660.5108
111.8708 662.6708
115.4008 665.6508
118.6208 667.7908
119.4408 667.7808
123.1808 663.9508
124.8508 661.7008
125.1508 660.7808
124.8908 658.6608
125.1108 657.6208
126.7708 656.5708
130.5708 655.2808
132.2708 653.5708
133.4408 649.4208
133.5008 645.0108
134.1308 644.0708
136.5308 641.8308
143.4508 641.7608
143.4508 641.7608
142.6508 640.3208
142.6508 637.1908
143.2808 636.4308
145.4608 635.2708
147.4708 635.2208
153.2408 636.8008
154.5908 636.7108
157.5308 635.6708
160.7708 635.6708
162.3708 636.1808
165.5508 636.0608
165.5508 636.0608
162.7708 632.4908
156.7208 632.2708
153.7308 628.7908
151.5608 628.5908
150.3208 627.7808
149.1808 626.3408
148.3708 624.4808
146.7008 623.3208
145.2908 623.3708
143.2108 624.4708
141.6108 627.3408
140.8708 629.5108
139.2708 630.3508
135.6508 630.2608
131.4508 626.6708
123.3608 626.5108
120.8708 624.2808
118.2208 620.3308
114.9608 617.0808
112.7008 615.4508
109.1008 614.6408
105.5608 612.5208
105.3708 609.5108
104.8408 607.4708
104.8708 604.0908
105.3808 602.3408
105.3408 593.6708
104.8108 593.1408
102.3608 593.1808
101.6708 592.8708
101.5208 589.8508
100.8408 587.9208
 95.8908 587.7708
 90.9908 588.9308
 90.0108 588.7908
 89.6908 588.2008
 90.3608 583.7108
104.2608 542.8608
147.8708 525.4908
148.5508 524.4708
149.8608 519.4308
149.8608 519.4308
146.0608 519.6708
144.8808 520.1408
142.3008 520.2308
141.1208 520.7008
138.4008 520.8208
137.2108 521.2908
134.2508 521.3608
132.5108 521.8908
132.5108 521.8908
130.4908 521.9308
129.2808 522.4008
126.7508 522.4908
125.5208 522.9608
122.6508 523.0808
120.5708 523.5808
112.0308 523.5508
112.0308 523.5508
108.7308 524.2008
 99.6608 524.2708
 96.9108 524.8208
 92.6708 524.8608
 92.6708 524.8608
 92.7208 526.8908
 92.2408 528.2108
 92.1808 530.8908
 91.2008 536.1708
 91.1308 539.0008
 90.5208 540.8508
 76.8408 549.3508
 76.0408 549.2308
 75.5908 548.5208
 75.5608 545.3108
 75.0608 543.8708
 75.0108 540.4208
 74.5108 538.9908
 73.9108 530.8908
 73.3108 529.5808
 72.5908 529.3208
 67.6408 529.2908
 64.8408 527.3508
 64.1308 527.2608
 58.4308 531.3208
 58.2708 533.2908
 57.8008 534.5408
 57.9508 537.9808
 61.5108 542.1308
 66.0608 549.8408
 71.9908 558.4908
 80.4608 568.0908
 79.3708 570.3008
 77.8108 571.6108
 76.8508 571.2208
 73.7208 568.0908
 72.7608 567.9108
 65.5508 572.4008
 63.0008 574.8108
 63.0008 574.8108
 64.7408 577.2608
 65.6508 580.0408
 66.5908 586.5908
 69.1608 593.5608
 70.4408 602.6208
 72.9808 609.5908
 74.0508 617.5308
 75.0008 620.7108
 78.8708 628.6908
 82.2208 634.2608
 84.9708 637.8608
 87.0208 642.6508
 93.1108 649.6608
 94.6608 653.7708
 97.1508 657.5508
 99.1408 662.4108

Mauren
75
183.7808 641.9408
186.0008 642.0508
187.1108 642.6508
190.6208 648.3208
195.0308 652.1608
205.6208 657.4908
209.0908 657.6008
209.7008 658.3908
209.3208 659.5208
209.7008 660.0908
211.9708 660.3508
213.8708 658.8208
217.6108 657.2008
217.6108 657.2008
212.2408 651.0308
200.7808 631.6108
211.6608 620.7008
230.2708 611.4908
248.0108 599.0408
260.0008 581.6308
276.2508 555.2808
271.3108 539.4008
260.2808 525.0908
260.2808 525.0908
259.1808 524.4408
258.2008 525.1008
252.3308 530.9908
247.6008 534.5908
243.8008 535.2908
241.0108 534.2708
239.7708 534.2208
233.3608 535.9808
224.6008 541.7508
220.4108 542.5608
217.1608 543.7408
214.7308 545.4708
210.2808 549.9308
209.4208 551.2908
209.7508 552.2308
216.2208 555.4108
223.0508 557.7908
224.0308 558.6408
220.7108 569.6508
217.5208 575.9708
214.7408 579.3108
209.9208 579.3808
192.2108 575.0008
191.4608 574.5108
190.8608 573.3408
189.4808 567.6808
188.8108 567.2008
187.3208 567.6308
184.9608 567.5108
179.7708 561.5708
178.9008 561.2908
159.7308 575.5508
145.1708 588.2108
143.5908 590.9608
143.4808 592.3608
144.0008 593.9108
144.1308 596.3008
145.8708 601.6108
148.0808 604.7108
156.9608 610.4808
156.7208 611.5608
152.5108 615.8508
151.6808 617.3808
157.6808 626.7408
159.3708 628.4408
161.2808 629.0908
163.4808 629.0708
164.4308 628.6308
167.3808 628.1908
169.1608 630.8808
171.3308 633.0708

Planken
10
152.3808 487.2408
151.7808 487.2908
149.2108 489.4108
147.6608 491.7908
147.5308 493.4308
148.7908 495.7708
149.9408 495.6608
155.4808 492.6108
155.9608 488.7008
155.4608 488.2008

Planken
73
221.5208 516.7608
222.9208 510.7208
225.0308 505.8008
225.6208 505.1408
226.9208 505.0608
234.8408 507.5908
244.8208 501.6308
244.8208 501.6308
245.8208 480.4408
251.1408 453.1108
257.1208 437.8308
272.7908 424.0408
287.5308 412.4408
287.5308 412.4408
286.8908 410.0008
285.7908 408.2808
283.9108 406.3708
283.3308 405.1808
283.1508 402.3608
282.1208 399.2508
278.2308 395.2908
276.3708 393.9308
275.4908 392.0808
274.0308 390.3008
274.0308 390.3008
272.6008 390.3908
265.2408 392.5808
258.0808 396.5108
250.0208 403.0508
235.2608 415.8808
228.8108 420.7708
215.9508 427.2508
215.9508 427.2508
221.8208 435.3608
226.0508 438.7508
227.5808 442.1408
230.4208 446.4908
210.9708 458.6008
204.7408 463.2908
194.5408 463.9208
193.6708 463.2108
191.8408 459.5908
190.5408 459.0908
176.2608 462.5308
175.1908 463.0408
174.8008 463.7008
174.8208 469.8008
174.3208 471.7908
174.2208 477.4108
172.0308 481.8608
168.6608 486.0508
163.7308 489.4408
167.2308 496.6208
169.6808 502.9308
171.8708 506.7808
172.7808 506.8508
177.0408 505.2208
180.7408 507.5708
184.1808 510.5508
192.5508 511.7908
194.8508 513.0308
194.8508 513.0308
196.6508 511.2908
201.7408 508.2708
203.2508 506.3208
204.5008 502.9908
206.3908 503.8008
206.3908 503.8008
209.9608 505.0808
216.0708 503.3108
217.9308 507.2008
218.7508 516.7108
218.7508 516.7108

Planken
18
187.2308 472.7408
187.9808 472.3808
188.2808 469.3508
189.0408 468.8908
190.9508 468.9608
192.2708 469.4408
196.0608 469.5208
197.3208 470.1908
197.9508 471.6308
197.7408 472.6108
194.2808 476.8408
188.6508 477.1208
186.0908 480.2008
182.2408 480.3108
181.8008 479.5408
181.8908 475.1108
182.8108 473.9808
184.8308 472.7808

Planken
20
132.5008 521.9008
134.2408 521.3708
137.2108 521.3008
138.4008 520.8308
141.1208 520.7108
142.3108 520.2408
144.8908 520.1508
146.0708 519.6808
149.8708 519.4408
149.8708 519.4408
150.7308 518.6908
150.7308 518.6908
160.9508 507.8608
160.8808 506.2408
158.6608 502.3608
157.5708 501.1208
156.2408 501.8108
143.9608 513.4508
134.5808 517.7208
132.7308 520.6608

Ruggell
81
140.2508 782.1608
142.2708 785.5508
147.7208 792.3008
155.0508 783.4908
166.3708 771.7508
180.5808 753.1008
200.6508 735.3608
205.6208 728.9408
205.6208 728.9408
203.9908 729.8708
198.1508 722.9208
192.7708 717.5008
181.9608 707.2708
173.0408 700.0108
166.8808 693.5308
165.2608 691.2308
165.4808 690.5308
173.0108 682.9008
178.0108 679.4708
179.2908 679.0508
188.3308 684.9708
201.0208 697.1008
206.5008 701.5108
207.8708 702.0008
207.8508 700.6208
206.1508 696.9108
200.6708 686.5508
193.6808 679.5108
187.4808 674.9508
182.8208 669.2108
176.1908 665.7708
168.3308 660.7008
162.2408 657.2608
157.9908 653.1208
155.0908 653.0508
152.5808 653.6208
149.9908 653.3308
143.4408 641.7508
143.4408 641.7508
136.5308 641.8208
134.1208 644.0608
133.5008 645.0008
133.4408 649.4108
132.2708 653.5608
130.5708 655.2808
126.7708 656.5708
125.1208 657.6208
124.9008 658.6608
125.1508 660.7808
124.8608 661.7008
123.1908 663.9508
119.4508 667.7808
118.6208 667.7908
115.4108 665.6508
111.8708 662.6708
108.1108 660.5108
105.6008 661.5908
101.7708 664.0008
101.8708 664.5408
101.3808 664.8508
101.3808 664.8508
105.2208 669.4508
106.7708 673.5508
109.2708 677.3108
110.8108 681.4708
113.5508 685.1108
116.7408 690.7608
118.9008 697.3208
121.2508 701.3508
122.8808 709.1708
125.2408 713.2108
126.9408 718.8608
129.0808 723.5108
130.7908 729.1508
133.2408 733.1008
134.9508 738.7208
137.4008 744.4108
138.9708 750.5808
141.2908 756.4508
141.6708 758.6908
141.8108 770.4708

Schaan
45
281.6608 158.5008
287.6708 158.3208
289.1708 157.7408
295.2708 153.6408
306.7008 149.7508
313.1108 148.4608
316.4508 147.4308
318.1408 147.5008
320.1208 148.2708
320.1208 148.2708
321.4608 145.0508
322.0508 142.4308
322.1308 139.6608
323.7608 135.7208
327.1408 131.5008
329.9608 128.8108
332.1208 125.4308
332.8808 123.0208
334.5508 119.6308
335.8808 117.8408
337.1508 114.5308
338.2708 113.7408
338.2708 113.7408
335.2708  93.6808
325.8508  53.1608
327.8508  50.8508
326.2008  50.8608
323.9408  49.8808
323.9408  49.8808
318.7808  53.3508
315.6808  58.0908
312.2608  60.4708
308.4908  63.7608
305.2508  68.2008
301.1008  76.9408
294.7008  82.0008
295.0308  82.7408
300.9808  88.5708
301.3808  89.5008
294.1008 103.4608
288.5608 121.6008
282.8908 136.6608
281.8708 141.0208
284.8808 149.4908
281.9208 156.5608

Schaan
117
266.9608 353.2108
268.1208 352.0608
269.4208 351.3908
274.8408 351.2808
278.9908 350.0808
285.5408 346.1908
289.6008 343.2308
295.9408 340.4608
298.6808 339.7908
305.3208 339.6308
308.3608 336.0308
311.4908 333.4708
311.4908 333.4708
310.3108 331.2508
302.6808 320.3908
298.1708 315.6508
297.1608 314.9608
290.2408 312.8208
283.1308 312.1508
281.9008 311.4608
281.8808 310.3208
286.5208 303.2908
287.8408 299.3708
293.3008 294.3908
301.4308 294.2408
303.7408 293.7108
307.5708 293.6408
311.2708 294.7008
314.0508 294.6508
317.0708 293.9408
320.8508 288.2208
323.1708 288.0808
329.3208 286.4808
333.4108 286.4808
335.4908 287.1908
335.4908 287.1908
337.0208 285.0608
337.2408 282.6608
338.6508 279.5108
338.7508 274.2908
339.6908 271.3808
339.8108 268.3108
340.9908 263.8108
342.1408 263.1808
347.5308 261.8508
363.2208 254.6808
367.3708 251.6408
368.5208 251.4208
368.1908 248.2008
368.1908 248.2008
360.2908 234.3108
364.1608 230.5008
364.1608 230.5008
361.7308 227.5308
359.9608 224.2708
355.4708 225.2008
338.7108 230.5308
336.5108 230.0908
329.5108 230.1208
327.4508 229.6208
325.3808 230.1408
320.3808 230.2208
315.8308 231.2708
311.7808 231.3108
309.8408 230.5308
307.0008 227.8108
303.7408 225.6408
301.6408 224.9408
298.9808 224.8008
296.5708 223.2708
296.5708 223.2708
295.6508 223.4608
292.5508 225.3808
288.3508 226.6608
285.4508 228.1808
279.4708 228.3008
276.1808 229.3408
273.4608 229.4108
273.4608 229.4108
273.9908 232.2208
274.0708 236.6508
274.5508 238.5608
274.6008 244.6708
275.1208 246.3008
275.2008 250.0008
278.8308 259.2008
281.6008 268.1808
281.7108 271.4908
282.2308 273.2308
282.0408 278.3208
281.3308 279.1308
272.7508 280.4108
266.2908 283.0108
260.5908 283.7408
257.1508 284.9208
251.1408 289.6208
248.5508 292.5508
246.0508 296.1308
236.2308 302.3508
235.6408 303.0108
235.0208 304.7508
235.1908 307.5208
237.6408 311.1408
239.0308 314.8408
242.1108 319.2808
243.2408 319.3608
245.6908 317.3008
246.7808 317.4608
248.4708 319.8408
248.4408 324.0808
248.7808 325.0908
252.7308 328.8108
256.3008 333.4408
258.6808 335.2408
263.5108 340.1108
266.2908 346.2908
266.8908 348.7108

Schaan
20
189.0508 477.0508
193.4308 477.0508
194.6308 476.5808
197.8608 472.4208
197.9008 471.2208
197.3308 470.2008
195.6708 469.4508
192.0008 469.4208
190.1008 468.8908
188.5508 469.0408
188.2508 469.6208
188.2208 471.9908
187.8008 472.5708
184.5508 472.8808
182.0108 474.8608
181.8908 479.9708
182.5208 480.3908
186.1208 480.2308
187.0808 479.3708
188.4508 477.2708

Schaan
183
 82.1908 525.4008
 83.4608 523.5808
 87.9708 507.7008
 88.5008 506.6108
 95.1508 498.1208
 98.6008 487.6608
 99.2108 486.5008
100.0008 486.2808
106.4708 486.2808
108.9808 486.7908
115.6108 486.7608
118.9408 487.2608
119.4508 487.6608
112.0308 523.5408
112.0308 523.5408
120.5708 523.5708
122.6608 523.0708
125.5408 522.9508
126.7708 522.4808
129.3008 522.3808
130.5108 521.9108
132.5308 521.8708
132.5308 521.8708
132.7408 520.6208
134.5908 517.6808
143.9708 513.4108
156.2508 501.7708
157.5808 501.0808
158.6808 502.3208
160.9008 506.2008
160.9708 507.8208
150.7508 518.6508
150.7508 518.6508
153.7108 518.4208
160.6108 516.7908
162.9908 516.8808
166.7508 518.1608
166.7508 518.1608
169.9208 519.0208
176.2908 521.5008
183.0008 521.5308
189.4008 517.5708
191.6308 515.8708
192.5608 514.3208
192.5608 514.3208
194.8808 513.0408
194.8808 513.0408
192.5808 511.8008
184.2108 510.5608
180.7708 507.5808
177.0808 505.2308
172.8208 506.8608
171.9108 506.7908
169.7208 502.9408
167.2708 496.6308
163.7708 489.4508
168.7008 486.0508
172.0708 481.8608
174.2608 477.4108
174.3608 471.7908
174.8608 469.8008
174.8408 463.7008
175.2308 463.0408
176.3008 462.5308
190.5808 459.0908
191.8808 459.5908
193.7208 463.2108
194.5908 463.9208
204.7908 463.2908
211.0208 458.6008
230.4708 446.4908
227.6308 442.1408
226.1008 438.7508
221.8708 435.3508
216.0008 427.2408
216.0008 427.2408
214.5808 425.6608
211.1408 420.0808
205.4808 413.3308
204.9808 411.8508
204.9808 411.8508
195.1208 416.7508
192.0608 416.8408
190.6608 417.3208
187.2008 417.4008
184.1208 417.9508
175.2808 417.4508
168.0108 417.4908
161.0908 416.4808
156.0308 416.5208
140.9708 421.3808
132.7608 422.6608
131.5608 423.1308
128.9908 423.1408
128.4908 422.7808
124.5008 414.7008
122.4108 414.0308
119.0908 414.0208
118.2508 413.2908
118.7308 409.9808
118.7408 403.6808
119.2408 401.3208
119.0408 397.4108
111.5308 395.5608
104.4508 392.5308
103.5408 392.4608
 93.5808 398.0908
 91.9608 399.1408
 90.8508 400.3808
 86.5508 420.8208
 86.5408 424.3908
 87.5708 426.8708
 87.5608 428.1508
 86.1608 428.8008
 84.2608 428.9608
 72.5808 431.6108
 70.4308 431.7308
 69.3608 432.1708
 60.5108 432.1808
 60.2108 431.7208
 60.2108 430.2408
 62.2808 420.8808
 62.3908 418.5508
 63.0308 416.7008
 88.9908 394.0208
 88.9908 393.1808
 87.0808 390.7708
 86.8808 389.8808
 87.5508 388.9208
 90.6108 386.2808
 92.8908 373.8908
 96.1208 364.5408
 97.7508 361.7008
107.2908 349.7608
107.1708 349.1008
105.4008 348.0808
100.2108 345.9408
 98.4308 345.8708
 96.3608 352.7508
 93.2508 356.5108
 87.1708 365.3808
 81.4208 372.6108
 80.1008 373.1808
 73.9608 373.1908
 70.7308 372.6808
 74.1908 366.5408
 88.1408 346.1108
 93.7508 323.8308
 93.7508 323.8308
 90.7408 329.8708
 86.6408 336.1808
 78.7708 343.6908
 76.5308 346.2308
 74.4808 351.4508
 71.4208 355.9708
 69.3808 361.7608
 67.0808 366.5808
 65.1108 372.3608
 62.9108 375.7008
 60.7608 380.7408
 58.1008 384.7208
 56.3608 388.9508
 53.6908 392.9408
 51.9608 397.1808
 48.9908 402.1808
 44.8208 415.9208
 43.0108 426.2808
 40.2208 433.4908
 38.7008 442.6908
 35.2708 457.8308
 33.7708 474.5608
 34.4708 484.8908
 35.0108 488.2408
 37.6108 498.0108
 38.4308 509.9708
 41.3508 522.1608
 41.3508 522.1608
 45.6808 519.6708
 50.0708 516.3108
 56.1208 503.4408
 57.0008 502.9408
 58.6108 504.0408
 80.9808 524.8108

Schaan
15
126.9708 465.5108
128.3808 464.8408
131.9408 457.4608
133.0408 456.4008
137.6308 454.2308
138.6708 454.8608
142.9808 461.4308
142.9108 462.0608
142.3808 462.6308
135.4008 468.0708
125.9708 472.6108
124.8908 472.3308
123.2208 467.3708
123.0708 466.0208
123.7808 465.5308

Schaan
9
148.5008 495.4708
147.4408 492.7908
147.6508 491.7908
149.2108 489.4108
151.9608 487.2108
155.6508 488.3408
156.0208 489.4708
155.3408 492.8408
149.3808 495.8208

Schellenberg
69
217.6108 657.2008
213.8708 658.8208
211.9708 660.3508
209.7008 660.0908
209.3208 659.5208
209.7008 658.3908
209.0908 657.6008
205.6208 657.4908
195.0308 652.1608
190.6208 648.3208
187.1108 642.6508
186.0008 642.0508
183.7808 641.9408
183.7808 641.9408
183.0508 642.7908
182.2508 645.3208
180.2308 648.8608
179.6208 649.4608
179.1008 649.4608
175.6308 647.4108
172.6108 643.8108
168.5408 640.3208
165.8608 637.0708
165.5308 636.0508
165.5308 636.0508
162.3508 636.1708
160.7508 635.6608
157.5108 635.6608
154.5708 636.6908
153.2208 636.7908
147.4608 635.2108
145.4508 635.2608
143.2708 636.4208
142.6408 637.1808
142.6408 640.3108
143.4408 641.7508
143.4408 641.7508
149.9908 653.3308
152.5808 653.6208
155.0908 653.0508
157.9908 653.1208
162.2408 657.2608
168.3308 660.7008
176.1908 665.7708
182.8208 669.2108
187.4808 674.9508
193.6808 679.5108
200.6708 686.5508
206.1508 696.9108
207.8508 700.6208
207.8708 702.0008
206.5008 701.5108
201.0208 697.1008
188.3308 684.9708
179.2908 679.0508
178.0108 679.4708
173.0108 682.9008
165.4808 690.5308
165.2608 691.2308
166.8808 693.5308
173.0408 700.0108
181.9608 707.2708
192.7708 717.5008
198.1508 722.9208
203.9908 729.8708
205.6208 728.9408
205.6208 728.9408
217.0308 714.2308
236.8808 684.7408

Triesen
198
146.3408 281.2608
150.8708 274.6208
151.1308 268.0708
156.2108 261.0508
156.2108 260.2308
154.7308 256.9308
154.8108 255.8208
157.9608 251.5508
158.9008 250.9308
162.4608 249.7308
164.1708 250.2008
166.7508 250.0808
169.0808 242.7508
169.1208 233.7508
168.6108 231.8408
168.5108 229.3808
166.2908 218.4208
163.6608 212.2508
163.8008 211.3608
166.9808 205.9108
168.1208 204.7608
170.5008 204.6608
172.3408 205.1908
174.9708 205.2408
176.1008 205.7008
178.6208 205.7208
183.8308 206.7008
184.9208 206.4408
195.5708 198.2608
196.3308 196.2108
197.0008 191.8708
197.7908 189.5908
210.9808 175.3108
216.6808 170.9508
217.9108 170.9508
227.3608 176.5108
228.4808 176.5608
234.9808 168.7008
234.9808 154.9708
235.5008 152.5908
235.5008 152.5908
228.1208 145.1408
225.4208 141.9308
222.6508 135.8908
223.5708 124.6708
223.5808 119.3108
222.5208 114.4408
223.2508 112.1108
226.8708 105.9508
230.0908 102.1108
235.4308  96.6608
236.2408  96.0708
244.1908  94.3408
248.6008  94.3208
253.6808  95.5308
260.4508  99.2608
264.0008 101.6208
267.9908 102.9808
270.8208 105.4808
270.1008 108.7008
265.8908 112.9908
263.4708 114.8808
259.6708 119.4908
258.5608 123.0308
258.5408 127.6808
258.0608 129.3508
258.0208 133.8008
257.4508 137.1508
252.7008 143.0808
252.8208 145.6408
254.7008 148.8508
255.4208 151.0708
255.4208 151.0708
256.9208 152.2708
257.9508 153.6808
259.6408 156.7208
260.8408 160.6308
259.6908 165.8408
257.1408 173.7508
257.1608 187.8608
256.6408 189.6108
256.6708 191.8008
257.3008 192.2208
262.3008 192.1808
263.7408 192.6708
267.6808 192.6908
269.1008 193.1708
271.8608 193.2708
271.8608 193.2708
271.7008 185.7308
272.1608 184.5508
272.2508 181.8108
273.8608 174.6208
276.5408 167.2108
278.9708 163.2208
280.8208 159.2908
281.6608 158.5008
281.6608 158.5008
281.8908 156.5608
284.8608 149.4808
281.8508 141.0108
282.8708 136.6508
288.5308 121.5908
294.0808 103.4508
301.3608  89.5008
300.9608  88.5708
295.0108  82.7408
294.6808  82.0008
301.0808  76.9408
305.2308  68.2008
308.4708  63.7708
312.2508  60.4708
315.6608  58.0908
318.7608  53.3508
323.9308  49.8808
323.9308  49.8808
319.6808  47.4208
315.8308  44.4008
311.5508  42.5108
306.8108  39.3708
302.8108  37.7208
295.8008  35.4608
293.7708  33.9108
286.4708  26.5908
280.7208  24.7708
274.5908  22.0208
268.1608  20.0108
255.3608  18.6408
242.4008  16.4708
239.9108  15.7808
230.6008  11.1608
219.8008   4.3408
214.8408   0.3008
208.9508   3.5708
207.3908   5.0308
203.7408   9.9808
203.2808  12.0208
202.8708  22.6108
201.5408  31.7808
200.8608  34.6508
198.8308  39.0108
194.9308  43.0108
190.5208  46.3908
184.8808  48.5808
177.5908  54.1808
173.4508  55.6508
171.1708  56.9808
171.1708  56.9808
154.9808  77.9908
149.5808  83.3008
148.8008  84.7208
146.9808  90.9208
144.9708  95.1008
145.0208 100.9408
146.5308 105.0908
147.1108 108.0108
147.4808 114.5708
147.2208 116.3608
146.2608 117.1108
143.5408 117.2008
142.3708 117.6708
139.7808 117.7608
137.2408 118.4108
132.2908 120.1008
129.0608 122.2708
128.0008 123.3808
126.8908 125.6508
125.3108 129.2608
123.9308 133.6008
119.4508 138.5908
116.5108 143.7308
115.3908 144.8608
115.3908 144.8608
118.1808 151.2708
119.8408 157.3408
121.9808 162.0608
122.7008 165.2608
123.0308 170.8408
122.9308 195.9608
122.5408 199.2008
119.9508 208.5908
118.0508 219.4308
113.8508 229.6308
111.0208 235.4208
112.0908 239.5708
112.6008 244.7708
112.4908 251.3108
111.9308 256.4108
110.7708 261.5508
109.3608 270.6308
106.6008 280.2108
106.6008 280.2108
114.9708 281.8808
121.0708 282.4908
122.7808 282.9608
128.4508 282.8908
135.2108 281.3208
139.2108 281.2108

Triesenberg
67
296.5408 223.3208
298.9508 224.8508
301.6108 224.9808
303.7108 225.6808
306.9708 227.8508
309.8108 230.5708
311.7508 231.3508
315.8008 231.3108
320.3508 230.2608
325.3508 230.1808
327.4208 229.6608
329.4808 230.1608
336.4808 230.1308
338.6808 230.5708
355.4408 225.2408
359.9308 224.3108
361.7008 227.5708
364.1308 230.5408
364.1308 230.5408
378.6508 216.2508
389.4108 198.3008
397.5908 174.5408
391.1208 152.5008
387.6608 129.1708
361.8908 128.6608
338.9508 118.3908
338.2508 113.7408
338.2508 113.7408
337.1308 114.5308
335.8608 117.8408
334.5308 119.6308
332.8608 123.0208
332.1008 125.4308
329.9408 128.8008
327.1308 131.4908
323.7508 135.7108
322.1208 139.6508
322.0408 142.4208
321.4508 145.0408
320.1108 148.2508
320.1108 148.2508
322.3808 149.6308
323.0808 150.8808
323.7008 153.9908
323.7908 156.5908
324.2508 157.7708
324.3408 160.3808
324.8108 161.5608
324.9208 164.2908
326.9408 169.9108
328.2208 174.6908
330.2008 178.9108
330.2308 181.5908
327.2008 184.8408
325.5908 187.4608
324.4708 192.6308
324.3408 195.8908
323.2608 200.1708
322.5608 201.6808
319.6908 204.1708
316.8808 207.8408
314.4408 209.8408
313.5908 211.7008
312.0008 213.8908
309.3108 216.6208
303.9308 220.4108
299.5108 221.8008

Triesenberg
190
274.0208 390.3208
271.9308 385.2708
271.7208 381.1608
270.6008 378.5708
268.6308 375.7408
268.5408 372.9508
268.1008 371.3308
269.1208 368.6608
268.5908 366.9408
268.4908 363.2508
268.0308 362.0408
268.5308 359.5908
266.9308 356.4408
266.6608 354.8008
266.9508 353.2008
266.9508 353.2008
266.8508 348.7408
266.2508 346.3208
263.4708 340.1408
258.6408 335.2708
256.2608 333.4708
252.6908 328.8408
248.7408 325.1208
248.4008 324.1108
248.4308 319.8708
246.7408 317.4908
245.6508 317.3308
243.2008 319.3908
242.0708 319.3108
238.9908 314.8708
237.6008 311.1708
235.1508 307.5508
234.9808 304.7808
235.6108 303.0408
236.2008 302.3808
246.0208 296.1608
248.5208 292.5808
251.1208 289.6508
257.1308 284.9508
260.5708 283.7608
266.2808 283.0308
272.7408 280.4308
281.3208 279.1508
282.0308 278.3408
282.2308 273.2508
281.7108 271.5108
281.6008 268.2008
278.8308 259.2208
275.2008 250.0208
275.1208 246.3208
274.6108 244.6908
274.5608 238.5808
274.0808 236.6708
274.0008 232.2408
273.4708 229.4308
273.4708 229.4308
270.8508 222.7708
269.2108 216.2708
269.0608 213.7308
268.5608 212.1308
268.5908 204.5308
269.0208 203.5108
269.7108 198.8708
271.8908 193.2508
271.8908 193.2508
269.1308 193.1508
267.7208 192.6708
263.7708 192.6608
262.3408 192.1608
257.3308 192.2008
256.7008 191.7808
256.6808 189.5908
257.2008 187.8408
257.1808 173.7308
259.7308 165.8208
260.8808 160.6108
259.6808 156.7008
258.0008 153.6608
256.9608 152.2508
255.4608 151.0508
255.4608 151.0508
252.9308 152.0908
250.7308 152.1708
247.1308 150.1308
244.9108 149.5108
235.5508 152.5808
235.5508 152.5808
235.0308 154.9608
235.0308 168.6908
228.5308 176.5408
227.4108 176.4908
217.9708 170.9308
216.7408 170.9308
211.0308 175.2908
197.8408 189.5708
197.0608 191.8408
196.3908 196.1808
195.6208 198.2208
184.9708 206.4008
183.8808 206.6708
178.6808 205.6908
176.1608 205.6608
175.0308 205.2008
172.4008 205.1508
170.5608 204.6208
168.1808 204.7108
167.0408 205.8708
163.8608 211.3208
163.7208 212.2108
166.3508 218.3908
168.5708 229.3408
168.6708 231.8008
169.1808 233.7108
169.1408 242.7108
166.8108 250.0408
164.2308 250.1608
162.5208 249.6908
158.9608 250.8908
158.0208 251.5108
154.8708 255.7808
154.7908 256.9008
156.2808 260.2008
156.2808 261.0208
151.2008 268.0408
150.9308 274.5808
146.4008 281.2308
146.4008 281.2308
152.0408 283.5608
153.1908 287.9208
153.2908 290.4008
153.8208 292.2708
153.4908 293.8708
150.8308 296.0408
148.5908 298.6208
147.9408 301.1008
147.8508 304.7908
144.2808 309.5808
144.1608 312.4908
143.6608 314.0808
143.7108 322.2208
145.9808 330.7408
148.2808 334.4408
152.7408 336.5108
154.2608 337.4908
154.5208 338.0808
154.4308 340.4208
151.9708 345.8208
150.3408 350.6308
150.3808 354.0008
152.3808 355.3108
154.9608 354.6008
159.4708 346.8708
162.3308 345.5908
163.2108 345.5208
164.5608 346.6408
164.7908 347.5008
164.7208 352.3608
162.6608 357.8308
162.7708 359.8908
163.9108 361.6108
166.8508 362.2708
173.2008 362.1308
176.5208 359.8808
180.0308 354.5108
181.0008 354.0808
187.2708 356.8808
191.4508 360.9308
195.2308 362.5208
197.6008 362.7908
197.6208 364.9808
194.5508 377.0808
194.5108 378.9508
198.7208 389.9508
200.5808 395.9208
203.0808 401.2908
205.2508 407.2408
205.3708 410.5808
205.0308 411.8608
205.0308 411.8608
205.5308 413.3408
211.2008 420.0908
214.6408 425.6708
216.0608 427.2508
216.0608 427.2508
228.9208 420.7708
235.3708 415.8808
250.1308 403.0408
258.1908 396.4908
265.3508 392.5608
272.7108 390.3708

Vaduz
62
273.4408 229.4608
276.1608 229.3908
279.4508 228.3508
285.4308 228.2308
288.3308 226.7108
292.5308 225.4308
295.6308 223.5008
296.5508 223.3108
296.5508 223.3108
299.4908 221.8008
303.9108 220.4108
309.2908 216.6108
311.9808 213.8808
313.5708 211.6908
314.4208 209.8308
316.8608 207.8208
319.6708 204.1508
322.5408 201.6608
323.2508 200.1508
324.3308 195.8708
324.4608 192.6108
325.5808 187.4408
327.1908 184.8208
330.2208 181.5608
330.1908 178.8808
328.2108 174.6608
326.9308 169.8808
324.9108 164.2608
324.8008 161.5308
324.3308 160.3508
324.2508 157.7808
323.7908 156.6008
323.7108 154.0008
323.0908 150.8908
322.4008 149.6408
320.1308 148.2508
320.1308 148.2508
318.1508 147.4808
316.4608 147.4108
313.1208 148.4408
306.7108 149.7308
295.2808 153.6208
289.1808 157.7208
287.6808 158.3008
281.6708 158.4708
281.6708 158.4708
280.8308 159.2608
278.9808 163.1908
276.5508 167.1808
273.8708 174.5908
272.2508 181.7708
272.1608 184.5108
271.7008 185.6908
271.8608 193.2208
271.8608 193.2208
269.6808 198.8408
268.9908 203.4808
268.5608 204.5008
268.5408 212.1008
269.0408 213.7008
269.1908 216.2408
270.8308 222.7408

Vaduz
33
311.4808 333.4808
317.0008 328.6308
321.7808 323.5008
325.2808 321.0608
330.1108 314.9508
331.2508 311.8708
331.2508 301.9108
331.8408 298.2508
333.8008 294.8408
335.4208 288.9608
335.4708 287.2108
335.4708 287.2108
333.3908 286.5008
329.3008 286.5008
323.1508 288.1008
320.8308 288.2308
317.0508 293.9508
314.0308 294.6608
311.2508 294.7208
307.5508 293.6608
303.7208 293.7308
301.4108 294.2508
293.2908 294.4008
287.8308 299.3808
286.5208 303.3008
281.8808 310.3308
281.9008 311.4708
283.1308 312.1608
290.2408 312.8308
297.1608 314.9708
298.1708 315.6608
302.6808 320.4008
310.3108 331.2608

Vaduz
135
 93.7608 323.8408
 88.1508 346.1208
 74.2008 366.5408
 70.7408 372.6808
 73.9708 373.1908
 80.1108 373.1808
 81.4308 372.6108
 87.1808 365.3808
 93.2508 356.5108
 96.2408 352.8608
 98.3108 345.9808
100.0908 346.0508
105.2808 348.1908
107.0508 349.2108
107.1708 349.8708
 97.6308 361.8108
 96.0008 364.6508
 92.7708 374.0008
 90.4908 386.3908
 87.4308 389.0308
 86.7608 389.9908
 86.9608 390.8808
 88.8708 393.2908
 88.8708 394.1208
 62.9108 416.8008
 62.2708 418.6408
 62.1608 420.9708
 60.0908 430.3308
 60.0908 431.8108
 60.3908 432.2708
 69.2508 432.2608
 70.3208 431.8208
 72.4708 431.7008
 84.1508 429.0508
 86.0508 428.8908
 87.4508 428.2408
 87.4608 426.9608
 86.4308 424.4808
 86.4408 420.9108
 90.7408 400.4708
 91.8508 399.2308
 93.4708 398.1808
103.4308 392.5508
104.3408 392.6208
111.4208 395.6508
118.9308 397.4908
119.1308 401.4008
118.6308 403.7608
118.6208 410.0608
118.1408 413.3708
118.9808 414.1008
122.3008 414.1108
124.3908 414.7808
128.3808 422.8608
128.8808 423.2208
131.4508 423.2108
132.6508 422.7408
140.8608 421.4608
155.9208 416.6008
160.9808 416.5608
167.9008 417.5708
175.1708 417.5308
184.0108 418.0308
187.0908 417.4808
190.5508 417.4008
191.9508 416.9108
195.0208 416.8208
204.8808 411.9208
204.8808 411.9208
205.2208 410.6408
205.1008 407.3008
202.9308 401.3508
200.4308 395.9808
198.5708 390.0108
194.3608 379.0108
194.4008 377.1408
197.4708 365.0308
197.4508 362.8408
195.0808 362.5708
191.3008 360.9808
187.1208 356.9308
180.8508 354.1308
179.8808 354.5608
176.3708 359.9308
173.0508 362.1808
166.7008 362.3108
163.7708 361.6508
162.6308 359.9308
162.5208 357.8708
164.5808 352.4008
164.6508 347.5408
164.4208 346.6808
163.0708 345.5608
162.1908 345.6308
159.3308 346.9108
154.8208 354.6408
152.2408 355.3508
150.2408 354.0408
150.2008 350.6708
151.8308 345.8608
154.2908 340.4608
154.3808 338.1208
154.1208 337.5308
152.6008 336.5508
148.1508 334.4808
145.8508 330.7808
143.5808 322.2608
143.5308 314.1208
144.0308 312.5308
144.1508 309.6208
147.7208 304.8308
147.8108 301.1408
148.4608 298.6608
150.7008 296.0808
153.3608 293.9108
153.6908 292.3108
153.1608 290.4408
153.0608 287.9608
151.9108 283.6008
146.2708 281.2708
146.2708 281.2708
142.4208 280.6808
139.1508 281.2208
135.1508 281.3308
128.3908 282.9008
122.7208 282.9708
121.0108 282.5008
114.9108 281.8908
106.5508 280.2208
106.5508 280.2208
104.4608 290.9208
101.7008 298.3408
 99.6008 308.4508
 97.5008 313.4008
 95.2608 320.7208

Vaduz
13
138.3608 465.6008
142.3708 462.6208
143.0008 461.6408
138.6608 454.8508
137.8408 454.2008
132.3708 456.9508
128.3708 464.8308
126.9708 465.5008
123.5208 465.5708
123.0608 466.2208
124.8808 472.3208
125.9608 472.6008
134.5408 468.5908

Vaduz
12
206.3808 503.8008
204.4908 502.9908
203.2508 506.3208
201.7108 508.3108
196.6208 511.3308
194.8208 513.0708
194.8208 513.0708
192.5008 514.3508
192.5008 514.3508
196.2508 516.9208
196.2508 516.9208
202.7908 510.9908

Vaduz
22
112.0008 523.5708
119.4208 487.6908
118.9108 487.2908
115.5908 486.7908
108.9608 486.8208
106.4508 486.3108
 99.9808 486.3108
 99.1908 486.5208
 98.5808 487.6808
 95.1308 498.1408
 88.4808 506.6308
 87.9508 507.7208
 83.4508 523.5908
 82.1808 525.4108
 82.1808 525.4108
 85.0708 525.4508
 87.2208 524.9108
 92.6308 524.8808
 92.6308 524.8808
 96.8708 524.8408
 99.6208 524.2908
108.6908 524.2208

