554 793

Diekirch
708
204.3960 783.9762
205.7160 779.5362
205.7160 773.1362
206.4160 770.9662
214.5660 765.6562
221.9460 762.3062
223.5460 760.6762
228.9060 758.9462
230.9960 759.5962
234.9560 763.1662
240.3160 762.6262
240.2460 765.3362
241.5060 768.2662
240.5960 778.2362
241.9260 779.0962
244.3560 779.3162
246.3760 778.0162
251.1760 776.3862
253.6160 777.0362
256.0560 778.5562
256.8160 778.3462
263.7160 773.5762
267.9560 769.6662
267.5460 767.8262
263.9860 761.7562
265.7960 760.8962
267.5460 758.2962
270.6760 756.5562
271.9260 754.7162
268.7260 753.1962
264.8960 749.2962
263.7160 746.1562
262.8760 741.7162
263.2960 740.5262
268.5160 740.5262
271.7860 738.6862
274.7860 735.0062
276.7260 733.5962
280.2760 734.0262
278.5360 727.9662
274.1560 725.6862
272.6960 722.3362
272.4860 719.8462
272.4860 718.2162
273.1760 716.9162
275.5460 717.5662
279.3060 716.7062
279.5160 714.8662
277.8460 711.7262
276.7260 710.6362
276.7260 709.6662
279.6560 706.8462
279.7960 705.4462
279.2360 704.1462
278.3360 703.4962
273.7360 703.3862
273.3860 702.8462
273.3160 700.6862
273.9460 698.5162
275.7560 697.0062
277.5660 696.7862
278.1260 696.1362
277.9860 693.7562
276.9360 692.4562
275.6860 692.0262
271.9960 693.3262
270.1160 693.5362
269.3560 692.9962
268.6560 691.1562
268.5160 687.0462
269.9760 684.5562
270.1860 680.3362
269.9760 679.6862
268.2360 680.0162
267.3360 679.2562
264.3360 674.3862
264.6860 671.8962
265.7360 670.9262
266.4960 670.4962
268.7260 670.6062
269.7660 671.1462
270.4660 672.9862
268.6560 674.0662
268.9360 675.5762
270.2560 677.3062
271.5060 677.3062
274.9160 674.7162
275.5460 673.4162
275.4760 672.2262
269.8360 667.1362
269.3560 663.1362
268.2360 663.0362
264.7560 665.5162
263.0160 664.7662
261.4860 658.0562
263.0860 654.2762
264.6160 653.8362
265.9360 654.1662
266.8460 655.0262
267.3360 658.4862
267.8860 659.2462
270.3260 659.4662
271.9260 658.1662
271.7860 655.2462
269.6960 651.5662
269.6960 650.2662
278.8160 637.8362
278.8860 634.9162
276.3160 626.0562
281.6760 622.2762
284.3860 621.1962
286.1960 619.8962
286.9660 618.4962
287.2460 616.7662
286.7560 615.5762
282.4360 609.5262
280.5560 608.7662
280.5560 608.0162
281.2560 607.0362
283.8360 605.6362
287.3160 605.6362
288.9860 604.6662
289.9560 603.7962
290.0960 600.4462
285.4360 591.6962
284.5960 591.4862
282.9260 592.9962
281.5360 593.4262
280.7660 592.5662
280.9760 590.1862
283.2760 587.9162
286.1260 588.1362
288.3560 587.4862
289.7460 585.3262
290.9360 582.0862
293.2260 579.6062
295.3160 579.0662
298.5860 579.4962
301.7260 578.0962
301.9360 576.5862
298.7960 567.8362
298.7260 561.1462
300.3960 558.2362
300.0560 556.5062
301.7960 553.8062
303.8860 552.5162
306.0360 552.1862
306.8760 544.7462
307.3660 543.3362
308.4060 542.2562
310.1460 541.9362
314.1860 543.4462
315.6460 545.3862
315.6460 546.2562
313.0760 547.9762
312.6560 548.7362
311.0460 554.5662
314.2560 558.9862
317.0360 559.2062
318.0160 558.1262
317.9460 554.6662
319.4060 550.9962
319.1260 546.0362
321.4260 541.1762
322.6060 537.4062
323.0960 537.5162
323.5860 538.6962
324.7660 542.9062
327.4160 544.9562
329.0160 544.6362
329.6360 543.8762
331.7260 539.4562
339.3160 539.4562
339.3160 538.0562
335.4860 533.8462
335.5560 532.9862
338.7560 530.4962
342.3060 525.5362
342.3060 524.8862
340.2260 522.8462
341.4760 516.4762
337.7160 513.2462
335.9060 512.5962
335.9060 511.0862
336.0460 510.2262
337.1560 509.2562
344.1860 507.5262
345.0960 505.9062
346.8360 499.9762
346.7660 498.7962
345.1660 497.0662
342.9360 497.2862
342.5860 496.8562
344.5360 493.9462
346.8360 485.3162
351.7760 481.9762
356.0960 481.3362
357.8360 478.6362
358.1160 476.3762
358.7460 475.2962
361.3860 473.0362
363.5460 470.2362
365.5660 465.0662
367.8560 464.4162
375.0360 460.4262
376.1460 460.4262
378.6560 462.5862
380.2560 462.4762
382.8960 459.0262
385.2660 459.0262
386.7260 458.2762
387.4960 453.2162
390.8360 449.4462
392.3660 449.3362
396.7560 452.6762
397.7960 452.9962
399.1860 453.1062
401.2760 452.1362
402.3260 450.4162
402.6660 448.5762
402.2560 444.3762
402.8060 442.4462
402.8060 442.4462
397.3060 439.6462
399.1160 436.5162
399.9560 428.9862
395.0160 428.1262
391.8760 430.3862
390.4860 430.7062
388.2560 429.6262
384.7760 429.6262
382.7560 428.7662
371.4760 431.1362
366.5360 426.5062
368.6260 423.2762
372.1760 422.4162
360.8260 410.3562
361.3860 405.3062
362.0160 403.4762
364.3060 402.3962
371.6860 400.4562
371.2760 397.1262
371.0660 395.8362
370.3660 395.7262
369.1860 394.3262
367.7960 394.3262
368.3460 392.7162
367.3060 391.4262
367.7260 389.3762
363.4060 388.8362
360.0660 389.4862
360.7560 388.8362
364.2360 381.2062
361.5960 378.7262
360.8960 377.4362
354.6360 373.9962
354.2160 370.7662
357.9060 366.7962
359.0860 363.3462
356.7260 362.3862
356.7260 362.3862
354.8460 365.7162
352.7560 363.0262
351.0860 363.9962
348.7160 364.3162
347.8060 370.0162
346.6260 371.8462
346.0660 371.3062
344.9560 374.4262
339.5260 372.4862
338.3460 371.6262
337.8560 368.8362
336.6060 368.9462
335.4860 366.8962
331.6560 369.1562
329.4360 371.0962
327.6960 375.0762
326.4360 376.0362
324.9760 376.1462
323.7260 377.1162
321.9860 377.5462
322.5360 378.2962
322.0460 378.5162
322.1260 379.5862
320.4460 380.0162
318.4260 382.0662
318.0860 381.4162
316.6960 381.5262
317.4560 382.8162
315.9260 383.1362
315.3660 384.8562
316.8960 388.3062
317.1760 391.9562
316.4860 395.4062
314.9560 397.6662
314.6760 402.1862
312.5860 402.8262
304.4360 400.2462
300.2660 401.8562
296.7160 402.1862
295.4560 400.9962
288.7760 397.1262
288.4260 399.8162
288.9160 400.3562
288.3560 401.3162
288.2160 403.3662
286.4760 406.4862
285.6460 406.2662
285.2960 406.9162
275.8960 400.1362
274.9160 397.9862
274.3660 398.5262
269.1460 394.2162
260.5060 388.7362
258.1460 392.6062
254.0360 393.8962
250.8360 394.3262
249.8560 395.9362
250.9060 397.5562
250.8360 398.6262
249.0260 401.7562
246.7960 402.0762
246.5160 402.6162
242.8960 402.0762
235.2360 405.3062
234.8860 405.9462
235.5860 409.2862
235.3060 409.8262
234.2660 410.3562
228.8360 410.7862
228.5560 413.0562
229.4560 414.2362
228.5560 415.0962
227.6460 413.5862
227.9260 411.9762
226.8160 410.3562
225.2160 409.9262
219.3660 406.3762
219.8560 405.1962
218.4560 404.2262
215.2560 406.4862
213.5160 406.5962
212.1260 405.8362
212.4060 402.7162
210.5260 402.3962
206.6260 399.2762
206.4160 397.6662
203.8360 391.9562
204.1160 390.7762
203.6960 389.0562
205.5060 387.8762
205.1660 386.3662
210.8760 382.0662
207.8760 381.8462
204.1160 379.2662
197.7160 376.4662
198.5460 374.5362
194.5160 373.1362
194.7860 370.5562
194.3060 368.5162
192.7060 367.4362
193.2560 366.4662
193.3260 363.9962
187.6860 364.2062
185.9460 363.3462
183.2360 360.5562
183.3060 359.3762
182.5360 358.2962
183.9260 356.2562
184.9060 353.2462
183.5860 351.4162
184.6260 350.5562
186.4360 350.3462
186.0160 348.6262
184.6260 348.7262
183.7860 347.8662
182.0460 347.6562
181.3560 346.9062
181.9060 345.3962
183.3060 344.9662
182.2560 344.1062
182.0460 342.9262
182.4660 340.0262
182.9560 339.9162
183.9260 337.1162
180.7960 335.6162
181.2160 335.1862
179.6860 333.2562
179.4760 331.8562
176.2760 329.3862
176.6160 328.2062
175.7160 327.1262
176.4760 326.0562
176.6860 324.2262
175.0160 323.4762
174.1160 322.0762
175.7860 321.2162
177.7360 318.2062
175.6460 316.5962
176.6160 315.8462
176.5460 314.9862
179.8960 316.1662
180.7960 314.5562
182.4660 315.6362
182.1860 316.2762
182.6060 316.4862
185.3260 311.6562
186.3660 311.6562
188.7360 309.9362
188.2460 308.8662
184.8360 307.1462
187.3360 304.1362
186.3660 301.3462
188.1060 299.4162
186.9260 298.8762
187.2760 297.5862
185.1860 296.6162
186.4360 294.1462
177.5960 291.2462
176.5460 292.0062
176.5460 295.7662
175.1560 295.7662
171.6760 294.5762
170.1460 293.0762
167.7760 292.1062
164.2260 292.0062
162.7660 293.7162
162.2060 291.5762
158.0360 289.2062
153.7860 285.4562
151.7660 284.4862
150.8560 282.5562
149.5360 281.4762
149.3260 279.5462
146.1960 279.3362
142.2260 275.5762
135.6860 272.3562
130.2560 271.8162
123.7060 273.4262
120.5760 277.7262
121.3460 282.4462
120.4360 283.5162
117.6560 282.4462
114.3760 282.4462
114.7260 283.8462
112.5060 284.3762
108.0460 281.6962
106.0960 281.5862
103.9360 280.5162
103.9360 280.5162
100.8060 285.2362
 98.5060 286.7362
 96.9760 288.7762
 97.0460 289.4262
 98.0160 290.1762
 97.6060 291.6762
 97.8160 293.1862
 97.3960 293.5062
 93.9860 293.1862
 92.3860 296.5162
 91.4760 297.3762
 88.4160 298.5562
 86.1160 298.9862
 84.7260 298.6562
 82.7060 297.1562
 80.1260 296.5162
 75.8160 293.6162
 71.7760 293.9362
 69.1960 295.7662
 66.7660 295.6562
 63.2760 294.5762
 62.4460 296.6162
 63.0760 299.5162
 62.3060 303.5962
 63.8360 306.0662
 63.2760 309.1862
 63.6960 311.8762
 66.2060 314.3462
 65.6460 317.1362
 66.0660 321.1062
 64.5360 323.3662
 60.5660 323.6862
 57.3660 328.4162
 55.6260 335.5062
 51.7260 340.7762
 51.0960 345.7162
 49.9160 349.1562
 48.3860 351.9562
 45.1760 354.2162
 43.6460 359.4762
 40.1660 362.7062
 40.0260 367.1162
 38.2860 371.1962
 37.0360 372.8162
 35.1560 373.6762
 33.9760 373.1362
 31.6760 370.1262
 30.6960 370.0162
 28.5460 371.8462
 27.0760 371.9562
 25.2660 370.6662
 18.3760 369.6962
 13.4360 368.1862
 12.3160 371.3062
 12.4560 373.6762
 11.4860 376.8962
 10.6460 383.4662
  9.7460 385.6162
 10.3060 392.1762
  8.9060 394.0062
  7.7260 394.6462
  6.1960 398.6262
  6.4060 399.3862
  9.2560 402.2862
  9.3960 403.7962
  6.6860 411.2262
  4.3160 413.9162
  3.7560 415.3162
  3.8260 416.8162
  5.1460 418.8662
  6.3360 419.0762
  8.9760 418.5362
 10.4360 419.4062
 10.7160 421.1262
  9.3260 424.7862
  9.9560 427.9062
 13.2960 426.2962
 15.3860 427.3662
 16.1460 428.7662
 16.0760 431.4562
 14.0560 433.9362
  8.6960 434.4762
  8.2860 435.4462
  8.5660 435.9862
 10.5060 436.3062
 13.6460 437.8162
 16.4960 437.7062
 17.7460 439.2162
 17.6860 440.2862
 14.1960 444.1662
 15.2460 449.2262
 12.8060 452.4562
 14.0560 455.9062
 15.4560 456.1162
 18.3060 452.7862
 20.3960 452.0262
 21.6460 452.7862
 23.5960 455.2562
 24.5060 455.5862
 25.3360 454.8262
 26.3160 450.7362
 27.5660 450.4162
 28.4760 451.3862
 29.6560 455.3662
 32.1660 455.2562
 34.0460 456.2262
 33.7660 457.5162
 30.8360 459.1362
 30.5560 459.8862
 31.2560 460.2162
 33.2060 459.0262
 34.1760 462.9062
 33.0660 464.6362
 30.9060 466.1362
 30.4260 468.0762
 29.5160 468.9362
 26.3160 469.6962
 24.7160 471.7462
 20.9560 473.5762
 15.2460 474.6562
  8.9060 477.7762
  5.9160 480.6862
  3.6160 480.9062
  0.9760 482.3062
  0.2760 484.8862
  3.6160 488.7662
  3.4060 489.8462
  6.0560 491.0362
  8.7660 495.7762
 17.5460 501.3862
 19.3560 503.4262
 18.9360 504.6162
 19.2860 508.1762
 18.9360 510.3362
 20.1160 511.1962
 19.5560 512.5962
 20.6060 519.3862
 24.0860 520.2562
 23.8760 522.0862
 24.8560 525.2162
 27.5660 527.4762
 27.2160 529.5262
 25.3360 533.3062
 26.1760 534.5962
 24.5760 538.1562
 25.5460 541.1762
 27.0760 542.7962
 27.4260 544.5262
 26.5960 547.1162
 28.2660 548.4062
 28.4060 551.4362
 31.3960 553.1562
 32.3660 553.0462
 34.1760 551.4362
 38.0760 552.4062
 38.9160 553.4862
 38.7060 554.6662
 42.6060 557.1562
 45.1760 554.5662
 47.8260 554.6662
 49.9160 554.1262
 51.2360 554.8862
 52.2160 556.2862
 51.7260 558.7662
 52.6960 560.4962
 52.5560 562.0062
 53.2560 563.1962
 57.7160 563.1962
 59.0360 563.8462
 62.0260 567.1862
 63.8360 567.0862
 67.1760 568.7062
 70.9360 573.1262
 72.1260 575.8262
 72.4660 582.1962
 71.7060 583.8162
 70.7960 584.3562
 66.9660 583.9262
 65.2260 587.2762
 61.1960 590.8362
 60.0760 593.4262
 60.2160 595.6962
 59.4560 597.7462
 59.9360 600.6662
 58.6860 604.5562
 59.1060 605.7462
 58.8260 607.4762
 60.9160 609.0962
 64.8160 609.3062
 65.9960 611.1462
 67.6660 611.6862
 68.6360 613.3062
 71.4260 613.8462
 72.8160 613.4162
 74.1360 613.6262
 77.9060 616.4362
 81.5260 618.2762
 81.1760 621.5162
 82.4960 622.3862
 82.7060 623.5762
 87.1560 625.0862
 86.8860 627.1362
 85.7660 628.8662
 85.2760 633.0862
 86.6760 634.9162
 89.1760 636.3262
 89.1060 638.5962
 92.1760 640.7562
 92.5160 642.7062
 93.8460 643.4562
 93.9860 644.4362
 92.7960 648.1062
 91.1960 650.2662
 89.3160 652.2162
 85.7660 652.8662
 83.3960 657.7362
 84.8660 661.2962
 85.6960 665.0862
 87.2260 667.8962
 89.2460 668.6562
 91.6160 670.3862
 92.5860 672.5462
 93.6360 673.4162
101.0160 676.2262
102.4060 675.2562
106.4460 678.0662
107.0660 680.0162
107.0060 684.0162
106.0260 690.5062
107.6260 695.0562
111.8060 702.9562
112.5060 707.1762
112.5660 713.5662
113.1260 714.9662
114.3760 715.8362
116.6760 719.0862
122.3160 722.3362
124.1960 724.2862
127.4660 724.9262
135.6160 729.8062
144.3160 732.8362
149.2560 733.4862
152.6760 735.1062
157.4760 736.1962
156.2860 744.5362
158.0960 748.3262
156.7760 757.2062
157.9660 758.5062
159.3560 758.9462
161.7860 760.9962
159.5660 767.5062
158.5160 768.1562
159.9160 771.8362
160.3960 779.6462
164.5760 783.3262
184.3460 783.9762
188.8760 785.7162
201.1960 792.3262

Grevenmacher
491
408.0960 428.7662
406.8460 424.9962
406.9160 421.9862
408.5160 419.4062
411.3060 417.4662
412.6260 417.2462
415.6160 418.1062
419.0260 420.9062
420.2860 428.6562
422.0260 430.8162
426.4060 432.3162
430.7960 432.7462
435.9460 432.8562
438.5260 431.8862
441.9360 427.2562
443.5360 424.2462
450.0760 417.1362
452.0960 413.9162
458.4360 406.1662
460.8760 401.4262
462.5460 400.2462
471.1760 396.9062
480.1560 395.4062
481.3360 391.5262
483.6360 389.8062
485.1660 389.6962
491.3660 393.3562
492.6160 391.0962
494.0060 390.5662
500.2060 390.5662
502.7160 392.9262
506.0560 397.4462
512.1760 402.6162
517.5360 399.0662
519.5560 397.0162
521.2260 393.3562
524.5060 391.0962
526.0360 390.5662
529.8660 390.8862
536.2660 387.6562
539.2560 380.8762
540.7260 380.0162
542.5360 381.0962
544.0660 383.7862
545.1060 387.3362
545.5260 391.4262
548.3760 391.6362
551.0260 389.8062
551.7960 388.7362
553.1160 384.5362
552.8360 383.4662
550.8860 381.5262
547.9660 376.5762
545.3160 373.8862
538.4960 370.2362
536.4060 368.2962
536.6860 365.9262
537.6560 364.4262
538.9160 363.1362
543.0860 361.0962
543.9260 360.1262
544.0660 358.8362
541.2060 354.8562
540.3760 352.9262
539.9560 349.9162
540.4460 348.5162
544.0660 344.3262
544.7560 338.1962
543.6460 335.2962
539.4660 331.9662
534.6660 329.3862
533.5560 328.2062
532.9960 327.3462
532.5060 323.6862
532.5060 322.5062
533.8960 319.0662
533.5560 308.7562
533.9660 305.2162
536.6160 302.4162
543.6460 297.4762
543.7860 295.5462
541.9060 293.8262
539.5360 293.7162
536.4060 297.4762
533.7560 299.6262
531.4660 300.0562
529.7960 299.5162
529.2360 298.6562
529.0260 295.7662
532.1560 292.3262
536.7560 288.6762
537.1760 287.4962
536.7560 285.9862
529.9360 281.0562
520.3960 268.9262
517.6060 266.4562
514.2660 265.3762
511.8960 263.9862
504.3160 261.7262
502.5760 259.7962
501.7360 256.6862
496.6560 248.3162
493.4560 244.7762
483.5660 237.2662
480.8560 231.9062
481.1260 229.7562
481.9660 228.2562
488.2260 228.2562
490.8760 225.8962
491.0860 222.7862
489.7660 217.8562
482.7960 201.9862
478.6260 187.4162
477.1660 184.3062
475.3560 181.9462
472.9160 180.4462
469.3660 176.6962
465.8860 171.6662
464.6960 168.8762
462.8860 166.7362
460.5960 165.2362
456.8360 163.9562
453.6260 163.7362
451.6760 162.4562
446.3160 156.5562
444.9960 153.8862
445.2060 148.7462
446.4560 146.1762
449.1060 144.0362
450.0060 140.3962
449.4560 139.3162
448.4760 138.5762
446.9460 138.5762
445.5560 139.1062
442.9060 141.2462
439.9860 140.8162
436.0160 138.5762
433.0260 134.5062
432.9560 132.2562
435.4560 129.0462
442.2860 124.4462
448.4760 119.4162
450.0060 117.0562
449.8060 115.2362
447.4360 109.5662
444.2360 105.9262
439.3560  99.0862
435.8760  96.4062
432.7460  91.3762
432.0460  89.0262
432.1160  87.3162
439.3560  63.1462
439.4960  49.2562
440.8160  44.5462
439.8460  36.3262
439.5660  25.2062
440.1260  14.4262
437.7560  13.4562
436.7860  13.7862
433.6460  16.0262
429.2660  21.1462
428.0760  21.3662
425.0860  20.1862
421.9560  22.8562
420.7660  22.0062
419.3760  22.5362
416.7360  21.4762
415.6860  22.2162
415.1360  23.5062
413.6660  24.1462
411.9960  26.7062
407.3360  31.7262
402.7360  32.5862
402.2560  34.0762
400.7860  34.1862
396.4760  31.9362
391.0460  35.0362
389.7160  36.2162
389.7860  37.3862
392.6460  42.8362
391.4660  43.6962
390.2060  42.8362
387.4960  42.7362
386.5860  39.8462
385.1260  39.9562
383.3860  43.8062
382.4160  44.8662
382.0660  46.6862
382.2760  47.6462
384.8460  47.0062
385.4760  49.7862
384.0860  50.3162
381.4360  49.1462
379.7660  49.4662
378.9260  50.5362
378.3060  53.5262
378.7160  58.0162
378.1660  59.4062
376.7060  59.4062
373.7760  60.5862
366.9560  60.2662
366.2560  61.3262
366.2560  62.8262
363.5460  64.4262
363.0560  67.6362
361.1760  67.7462
356.9260  65.4962
355.3260  66.4662
354.1460  68.9262
352.5460  69.4562
351.1560  71.2762
351.1560  71.2762
350.8060  73.5162
349.5460  74.6962
348.2960  74.9062
348.2260  76.8362
347.6060  77.2662
350.3160  82.7162
347.4660  86.3562
350.5960  88.9162
348.0160  92.3462
347.4660  91.9162
345.8660  93.3062
344.8160  95.1262
344.5360  96.7262
343.0060  96.7262
343.4960  99.4062
342.4460 100.0462
343.1460 101.9662
342.3060 102.8262
343.6360 104.2162
343.0060 105.0762
341.8960 104.3262
340.5060 106.6762
341.1260 106.9962
340.1560 107.4262
336.8060 112.5662
336.3260 115.0262
341.4060 117.8062
343.9860 113.3062
346.0660 114.2762
346.9060 113.4162
347.5360 113.9562
347.7460 114.3862
345.7260 116.1962
344.2560 118.8762
345.5160 121.5562
344.6760 123.2662
346.1360 126.1562
345.0260 128.2962
345.5860 128.8262
344.4660 129.8962
344.3260 132.1462
345.5860 131.3962
349.4160 131.6162
351.2260 128.8262
351.9160 128.5062
355.6060 128.4062
359.6460 129.1462
363.3360 131.2962
361.3860 133.4362
361.5960 136.5362
363.3360 140.1762
364.2360 140.7162
368.1360 140.3962
368.1360 141.5662
369.6060 141.6762
369.3260 143.0662
370.2260 145.2062
370.0860 145.9562
371.5460 147.1362
376.2860 147.6762
381.6460 149.2762
388.0460 149.2762
390.9760 147.7762
393.5460 145.1062
393.8960 145.4262
394.5260 146.8162
394.4560 149.2762
393.5460 153.4562
392.5760 154.2062
392.5760 155.7062
390.1360 158.5962
389.0260 162.4562
385.7560 162.7762
385.1260 163.2062
384.4960 165.2362
382.7560 165.5562
382.2060 166.3062
379.1360 166.0962
377.8860 165.3462
376.9160 165.5562
376.7760 164.9162
375.2360 164.4862
374.5460 165.2362
376.7760 169.0962
387.7760 181.5262
395.0160 190.5262
397.4460 192.6662
398.1460 193.6262
398.0060 197.3862
397.2360 198.9862
395.0860 200.1662
394.1760 203.2762
393.6160 203.0662
393.4060 203.4862
391.0460 202.4162
389.3060 202.6362
389.2360 204.5662
387.4260 204.4562
385.5460 207.1362
385.7560 210.8862
385.0560 213.3562
385.4060 213.8862
384.6360 215.1762
385.1960 215.4962
384.6360 216.7862
380.8060 218.8262
379.9760 219.7862
379.6260 225.8962
378.7960 225.7962
378.7160 226.2262
382.2060 226.9762
382.7560 233.1962
379.6260 233.2962
378.2360 232.8662
377.4660 237.4862
377.8860 238.3462
377.9560 245.2062
377.1860 246.8162
373.2960 243.8162
372.4560 246.4962
371.4160 246.5962
370.9260 245.3162
370.2260 245.0962
369.6060 250.0362
368.4160 251.9662
368.1360 253.4662
364.7960 254.4362
362.7760 255.9362
362.6360 255.2962
360.3460 254.6462
359.2960 254.9662
358.9460 254.1162
356.7960 255.2962
349.3460 252.9262
347.8060 253.0362
346.5560 254.8662
345.0260 254.4362
343.2160 254.6462
342.3760 255.3962
341.2660 255.0762
339.8760 253.4662
339.1760 255.0762
333.8860 254.7562
331.8660 259.1562
325.4660 258.1862
321.2860 258.0862
320.4460 257.2262
320.5160 256.3662
321.7760 254.6462
318.2960 251.9662
316.7560 253.5762
310.4260 254.6462
309.4560 254.6462
308.9660 253.1462
308.4060 253.3562
308.9660 256.3662
305.4860 256.2562
304.5760 255.3962
302.6960 255.3962
300.6760 256.5762
304.4360 259.2662
306.5260 260.0162
307.2960 259.1562
308.4060 260.5462
308.8260 260.2262
309.5860 260.5462
310.2860 262.6962
311.1960 263.3362
308.7560 266.0262
308.8260 266.7762
311.8860 268.8162
312.7960 274.8262
314.3960 277.1862
313.2760 279.1162
314.0460 280.7262
314.1860 284.3762
312.6560 286.7362
320.5160 292.1062
322.7460 292.3262
325.1160 293.7162
324.7660 295.4362
328.5960 296.4062
328.6660 297.2662
326.9960 299.3062
329.2260 300.8062
333.0560 301.7762
332.7760 302.7462
336.6760 306.3962
336.7460 307.2562
339.1060 310.7962
339.3160 313.8062
342.3060 323.2562
342.6560 323.5862
344.1860 322.1862
347.6060 321.7562
351.4960 320.3562
356.0260 320.0362
358.1860 319.3862
365.4960 319.7162
367.3760 318.8562
367.7960 319.0662
368.2760 321.5362
373.1560 327.4462
373.5660 332.3962
376.0760 334.0062
377.8160 337.7662
375.5860 338.3062
375.0360 339.8062
378.5160 343.2462
378.4460 344.4262
376.3560 344.3262
375.3760 346.0462
373.9160 345.9362
371.2060 344.4262
370.6460 344.4262
370.1560 345.1862
369.3260 344.7562
369.3960 345.5062
368.3460 344.8562
367.2360 344.9662
366.6060 350.5562
365.6360 353.0262
367.0260 353.3462
366.4660 355.6062
363.2660 354.1062
360.6860 355.0762
358.5360 353.1362
355.7460 357.4362
355.1860 357.1162
354.8460 357.6562
353.5860 356.6862
352.5460 358.8362
348.9960 357.9762
348.7160 359.1562
351.1560 359.9062
352.1960 361.0962
354.2160 361.3062
356.7260 362.3862
356.7260 362.3862
359.0860 363.3462
357.9060 366.7962
354.2160 370.7662
354.6360 373.9962
360.8960 377.4362
361.5960 378.7262
364.2360 381.2062
360.7560 388.8362
360.0660 389.4862
363.4060 388.8362
367.7260 389.3762
367.3060 391.4262
368.3460 392.7162
367.7960 394.3262
369.1860 394.3262
370.3660 395.7262
371.0660 395.8362
371.2760 397.1262
371.6860 400.4562
364.3060 402.3962
362.0160 403.4762
361.3860 405.3062
360.8260 410.3562
372.1760 422.4162
368.6260 423.2762
366.5360 426.5062
371.4760 431.1362
382.7560 428.7662
384.7760 429.6262
388.2560 429.6262
390.4860 430.7062
391.8760 430.3862
395.0160 428.1262
399.9560 428.9862
399.1160 436.5162
397.3060 439.6462
402.8060 442.4462
402.8060 442.4462
405.7360 437.2762
408.0960 434.9062

Luxembourg
676
103.9360 280.5162
106.0960 281.5862
108.0460 281.6962
112.5060 284.3762
114.7260 283.8462
114.3760 282.4462
117.6560 282.4462
120.4360 283.5162
121.3460 282.4462
120.5760 277.7262
123.7060 273.4262
130.2560 271.8162
135.6860 272.3562
142.2260 275.5762
146.1960 279.3362
149.3260 279.5462
149.5360 281.4762
150.8560 282.5562
151.7660 284.4862
153.7860 285.4562
158.0360 289.2062
162.2060 291.5762
162.7660 293.7162
164.2260 292.0062
167.7760 292.1062
170.1460 293.0762
171.6760 294.5762
175.1560 295.7662
176.5460 295.7662
176.5460 292.0062
177.5960 291.2462
186.4360 294.1462
185.1860 296.6162
187.2760 297.5862
186.9260 298.8762
188.1060 299.4162
186.3660 301.3462
187.3360 304.1362
184.8360 307.1462
188.2460 308.8662
188.7360 309.9362
186.3660 311.6562
185.3260 311.6562
182.6060 316.4862
182.1860 316.2762
182.4660 315.6362
180.7960 314.5562
179.8960 316.1662
176.5460 314.9862
176.6160 315.8462
175.6460 316.5962
177.7360 318.2062
175.7860 321.2162
174.1160 322.0762
175.0160 323.4762
176.6860 324.2262
176.4760 326.0562
175.7160 327.1262
176.6160 328.2062
176.2760 329.3862
179.4760 331.8562
179.6860 333.2562
181.2160 335.1862
180.7960 335.6162
183.9260 337.1162
182.9560 339.9162
182.4660 340.0262
182.0460 342.9262
182.2560 344.1062
183.3060 344.9662
181.9060 345.3962
181.3560 346.9062
182.0460 347.6562
183.7860 347.8662
184.6260 348.7262
186.0160 348.6262
186.4360 350.3462
184.6260 350.5562
183.5860 351.4162
184.9060 353.2462
183.9260 356.2562
182.5360 358.2962
183.3060 359.3762
183.2360 360.5562
185.9460 363.3462
187.6860 364.2062
193.3260 363.9962
193.2560 366.4662
192.7060 367.4362
194.3060 368.5162
194.7860 370.5562
194.5160 373.1362
198.5460 374.5362
197.7160 376.4662
204.1160 379.2662
207.8760 381.8462
210.8760 382.0662
205.1660 386.3662
205.5060 387.8762
203.6960 389.0562
204.1160 390.7762
203.8360 391.9562
206.4160 397.6662
206.6260 399.2762
210.5260 402.3962
212.4060 402.7162
212.1260 405.8362
213.5160 406.5962
215.2560 406.4862
218.4560 404.2262
219.8560 405.1962
219.3660 406.3762
225.2160 409.9262
226.8160 410.3562
227.9260 411.9762
227.6460 413.5862
228.5560 415.0962
229.4560 414.2362
228.5560 413.0562
228.8360 410.7862
234.2660 410.3562
235.3060 409.8262
235.5860 409.2862
234.8860 405.9462
235.2360 405.3062
242.8960 402.0762
246.5160 402.6162
246.7960 402.0762
249.0260 401.7562
250.8360 398.6262
250.7660 397.2362
249.8560 396.3762
250.8360 394.3262
254.0360 393.8962
258.1460 392.6062
260.5060 388.7362
269.1460 394.2162
274.3660 398.5262
274.9160 397.9862
275.8960 400.1362
285.2960 406.9162
285.6460 406.2662
286.4760 406.4862
288.2160 403.3662
288.3560 401.3162
288.9160 400.3562
288.4260 399.8162
288.7760 397.1262
295.4560 400.9962
296.7160 402.1862
300.2660 401.8562
304.4360 400.2462
312.5860 402.8262
314.6760 402.1862
314.9560 397.6662
316.4860 395.4062
317.1760 391.9562
316.8960 388.3062
315.3660 384.8562
315.9260 383.1362
317.4560 382.8162
316.6960 381.5262
318.0860 381.4162
318.4260 382.0662
320.4460 380.0162
322.1260 379.5862
322.0460 378.5162
322.5360 378.2962
321.9860 377.5462
323.7260 377.1162
324.9760 376.1462
326.4360 376.0362
327.6960 375.0762
329.4360 371.0962
331.6560 369.1562
335.4860 366.8962
336.6060 368.9462
337.8560 368.8362
338.3460 371.6262
339.5260 372.4862
344.9560 374.4262
346.0660 371.3062
346.6260 371.8462
347.8060 370.0162
348.7160 364.3162
351.0860 363.9962
352.7560 363.0262
354.8460 365.7162
356.7260 362.3862
356.7260 362.3862
354.2160 361.3062
352.1960 361.0962
351.1560 359.9062
348.7160 359.1562
348.9960 357.9762
352.5460 358.8362
353.5860 356.6862
354.8460 357.6562
355.1860 357.1162
355.7460 357.4362
358.5360 353.1362
360.6860 355.0762
363.2660 354.1062
366.4660 355.6062
367.0260 353.3462
365.6360 353.0262
366.6060 350.5562
367.2360 344.9662
368.3460 344.8562
369.3960 345.5062
369.3260 344.7562
370.1560 345.1862
370.6460 344.4262
371.2060 344.4262
373.9160 345.9362
375.3760 346.0462
376.3560 344.3262
378.4460 344.4262
378.5160 343.2462
375.0360 339.8062
375.5860 338.3062
377.8160 337.7662
376.0760 334.0062
373.5660 332.3962
373.1560 327.4462
368.2760 321.5362
367.7960 319.0662
367.3760 318.8562
365.4960 319.7162
358.1860 319.3862
356.0260 320.0362
351.4960 320.3562
347.6060 321.7562
344.1860 322.1862
342.6560 323.5862
342.3060 323.2562
339.3160 313.8062
339.1060 310.7962
336.7460 307.2562
336.6760 306.3962
332.7760 302.7462
333.0560 301.7762
329.2260 300.8062
326.9960 299.3062
328.6660 297.2662
328.5960 296.4062
324.7660 295.4362
325.1160 293.7162
322.7460 292.3262
320.5160 292.1062
312.6560 286.7362
314.1860 284.3762
314.0460 280.7262
313.2760 279.1162
314.3960 277.1862
312.7960 274.8262
311.8860 268.8162
308.8260 266.7762
308.7560 266.0262
311.1960 263.3362
310.2860 262.6962
309.5860 260.5462
308.8260 260.2262
308.4060 260.5462
307.2960 259.1562
306.5260 260.0162
304.4360 259.2662
300.6760 256.5762
302.6960 255.3962
304.5760 255.3962
305.4860 256.2562
308.9660 256.3662
308.4060 253.3562
308.9660 253.1462
309.4560 254.6462
310.4260 254.6462
316.7560 253.5762
318.2960 251.9662
321.7760 254.6462
320.5160 256.3662
320.4460 257.2262
321.2860 258.0862
325.4660 258.1862
331.8660 259.1562
333.8860 254.7562
339.1760 255.0762
339.8760 253.4662
341.2660 255.0762
342.3760 255.3962
343.2160 254.6462
345.0260 254.4362
346.5560 254.8662
347.8060 253.0362
349.3460 252.9262
356.7960 255.2962
358.9460 254.1162
359.2960 254.9662
360.3460 254.6462
362.6360 255.2962
362.7760 255.9362
364.7960 254.4362
368.1360 253.4662
368.4160 251.9662
369.6060 250.0362
370.2260 245.0962
370.9260 245.3162
371.4160 246.5962
372.4560 246.4962
373.2960 243.8162
377.1860 246.8162
377.9560 245.2062
377.8860 238.3462
377.4660 237.4862
378.2360 232.8662
379.6260 233.2962
382.7560 233.1962
382.2060 226.9762
378.7160 226.2262
378.7960 225.7962
379.6260 225.8962
379.9760 219.7862
380.8060 218.8262
384.6360 216.7862
385.1960 215.4962
384.6360 215.1762
385.4060 213.8862
385.0560 213.3562
385.7560 210.8862
385.5460 207.1362
387.4260 204.4562
389.2360 204.5662
389.3060 202.6362
391.0460 202.4162
393.4060 203.4862
393.6160 203.0662
394.1760 203.2762
395.0860 200.1662
397.2360 198.9862
398.0060 197.3862
398.1460 193.6262
397.4460 192.6662
395.0160 190.5262
387.7760 181.5262
376.7760 169.0962
374.5460 165.2362
375.2360 164.4862
376.7760 164.9162
376.9160 165.5562
377.8860 165.3462
379.1360 166.0962
382.2060 166.3062
382.7560 165.5562
384.4960 165.2362
385.1260 163.2062
385.7560 162.7762
389.0260 162.4562
390.1360 158.5962
392.5760 155.7062
392.5760 154.2062
393.5460 153.4562
394.4560 149.2762
394.5260 146.8162
393.8960 145.4262
393.5460 145.1062
390.9760 147.7762
388.0460 149.2762
381.6460 149.2762
376.2860 147.6762
371.5460 147.1362
370.0860 145.9562
370.2260 145.2062
369.3260 143.0662
369.6060 141.6762
368.1360 141.5662
368.1360 140.3962
364.2360 140.7162
363.3360 140.1762
361.5960 136.5362
361.3860 133.7562
361.7360 132.6862
363.3360 131.2962
359.6460 129.1462
355.6060 128.4062
351.9160 128.5062
351.2260 128.8262
349.4160 131.6162
345.5860 131.3962
344.3260 132.1462
344.4660 129.8962
345.5860 128.8262
345.0260 128.2962
346.1360 126.1562
344.6760 123.2662
345.5160 121.5562
344.2560 118.8762
345.7260 116.1962
347.7460 114.3862
347.5360 113.9562
346.9060 113.4162
346.0660 114.2762
343.9860 113.3062
341.4060 117.8062
336.3260 115.0262
336.8060 112.5662
340.1560 107.4262
341.1260 106.9962
340.5060 106.6762
341.8960 104.3262
343.0060 105.0762
343.6360 104.2162
342.3060 102.8262
343.1460 101.9662
342.4460 100.0462
343.4960  99.4062
343.0060  96.7262
344.5360  96.7262
344.8160  95.1262
345.8660  93.3062
347.4660  91.9162
348.0160  92.3462
350.5960  88.9162
347.4660  86.3562
350.3160  82.7162
347.6060  77.2662
348.2260  76.8362
348.2960  74.9062
349.5460  74.6962
350.8060  73.5162
351.1560  71.2762
351.1560  71.2762
350.1760  71.2762
349.2760  66.2462
348.2960  65.7162
344.2560  67.2062
343.1460  66.0362
341.9660  66.9962
337.5760  65.4962
334.8660  66.8862
334.9360  64.2162
334.4460  62.7162
327.8960  62.5062
325.2560  63.2562
320.7960  61.8662
318.5760  63.5762
314.6760  63.1462
312.0260  64.4262
307.5060  63.7862
306.6660  65.0762
306.6660  66.8862
305.2060  66.7862
302.7660  64.4262
297.2660  61.4362
292.3960  60.6862
291.0760  58.2262
291.0760  56.8462
293.0860  52.1362
295.1760  49.8962
295.3860  48.1862
292.8160  47.2262
291.3460  49.5762
290.3060  48.9362
289.0560  46.6862
287.6560  46.1562
282.9960  42.4162
281.8160  42.5162
282.7160  45.1862
282.6460  47.1162
281.2560  47.0062
276.5960  45.0862
275.3360  45.5162
273.6660  48.3962
272.4160  48.9362
271.7160  46.2562
271.6460  36.9662
269.2160  31.6162
268.8660  27.6662
262.8760  24.8862
260.4360  27.1362
258.5560  26.9162
256.4760  25.7462
254.2460  23.3962
251.8760  17.0962
253.6860   9.2962
253.6160   6.6262
249.0960   7.0562
246.0960   8.0162
240.0460  11.9662
239.5560  12.8162
239.8360  18.4762
238.9260  19.5462
237.1860  19.8662
234.3360  19.4462
235.0260  20.6162
234.7460  21.1462
231.5460  19.4462
228.9760  19.2262
226.8860  19.3362
223.7560  20.7262
222.3560  20.4062
219.2960  15.7062
217.2060  11.3262
216.1660   7.0562
212.9560   0.3262
207.5960   2.6762
204.1860   2.5662
203.0760   2.0362
202.4460   2.8862
203.4960   5.6662
202.2360   8.2262
200.8460   8.9762
194.7160   7.4762
193.3260   6.5162
192.1460   7.0562
191.0260   6.8362
189.9860   5.9862
188.8760   6.3062
186.0160   9.8262
183.4460  10.4662
171.2560   3.9562
170.0060   4.5962
169.0260   6.6262
169.5860   9.1862
171.0460  10.2562
172.7860   9.5062
174.1160   9.5062
175.1560  14.4262
175.1560  16.5562
172.8560  17.5162
171.8860  17.1962
170.7760  15.0662
169.2360  14.4262
165.8960  19.9762
164.2960  28.3062
166.0360  30.8762
166.5260  33.6462
165.8260  37.2862
162.8360  39.3162
161.6560  43.3762
161.7260  47.5462
160.4660  49.3562
158.0960  49.7862
153.6460  49.2562
151.2060  49.5762
148.2160  52.2462
146.8960  52.7762
145.3560  54.8062
142.4360  56.7362
139.8560  57.1662
134.3660  54.4862
133.2460  54.4862
124.5460  58.4462
120.9960  57.8062
116.0560  54.3862
110.0660  52.6762
101.7060  55.7762
 97.1160  54.5962
 95.7260  55.8762
 94.6060  55.9862
 92.5860  55.1362
 91.0560  56.1962
 88.5560  58.6562
 86.8160  61.8662
 83.3360  64.2162
 79.6360  65.9262
 79.4360  69.9862
 78.8060  72.1262
 74.7660  73.9462
 70.6560  77.2662
 69.3360  79.2962
 68.7760  83.9962
 69.2660  85.4962
 74.6260  88.1662
 75.8160  89.6662
 72.4660  95.6562
 71.0060  99.2962
 71.3560 101.1162
 70.7260 102.0762
 65.3660 100.2562
 59.7960  97.1562
 56.9460  96.1962
 52.0760 102.2862
 52.0060 103.7862
 55.4160 104.6462
 55.9760 105.2862
 56.1760 104.7562
 56.8060 104.9662
 59.3860 108.0662
 61.8860 109.9962
 63.6260 110.4262
 64.9560 109.5662
 68.0160 111.5962
 73.2360 112.9862
 74.4860 113.8462
 76.2960 116.6262
 75.3260 120.0562
 76.1560 122.5162
 79.2260 123.6962
 81.5260 126.1562
 83.2660 126.9062
 85.4860 127.1162
 86.3960 128.0762
 86.8860 130.9762
 88.4860 131.6162
 91.9660 134.9262
 93.2160 134.7162
 93.7060 135.2562
 93.4260 138.9962
 93.8460 140.9262
 91.6860 141.5662
 93.1460 144.7862
 94.5360 145.6362
 93.6360 149.9262
 91.4760 150.9962
 90.2260 148.9562
 89.0360 148.2062
 83.4660 148.2062
 81.0360 149.2762
 79.2960 152.3862
 78.3160 158.5962
 80.4060 161.7062
 85.5560 164.3762
 90.9860 169.1962
 94.8860 170.6962
 96.5560 171.9862
 97.2560 176.6962
 96.2060 179.4862
 97.1160 184.4162
101.0860 189.6662
104.2860 192.4562
104.2860 193.3062
102.6160 195.4562
102.5460 196.8462
105.1260 200.8062
108.2560 201.7762
112.0860 201.8862
115.1460 199.7362
118.4160 203.0662
118.9060 204.5662
117.2360 207.2462
117.1660 210.3562
115.9860 211.1062
115.9860 216.9962
115.4960 218.6062
116.1960 220.7562
117.7960 222.2562
115.9860 225.1462
117.8660 228.5762
121.1360 230.4062
121.5560 231.5862
120.5060 232.7662
119.3960 232.9762
117.4460 231.5862
115.8460 231.9062
115.7060 233.1962
116.4660 235.1262
115.7760 235.6562
113.4760 234.2662
111.5260 236.0862
109.1560 235.2262
107.5560 237.3762
105.9560 235.7662
104.7760 235.6562
102.4060 237.4862
102.1960 239.1962
 99.8960 241.3462
 96.6260 241.3462
 94.8160 242.9562
 91.0560 243.4862
 87.9960 249.3962
 88.4160 253.7862
 89.8060 259.3662
 90.5760 260.5462
 90.6360 263.3362
 94.1260 268.4962
 98.6460 272.0362
101.0160 275.5762

