801 455

Bagmati
102
507.6616 218.4703
511.2716 212.9803
516.0716 213.3603
520.0316 215.0803
520.5616 214.0103
523.7916 213.1503
528.1216 217.2303
531.6916 218.5103
538.6416 218.0103
544.5316 215.0903
548.2716 209.8703
550.8416 209.7703
558.2116 203.6703
559.4116 203.6103
562.0516 205.0403
574.3316 194.5203
575.8916 191.2703
576.0116 188.1603
581.1116 179.8503
581.3416 177.9403
580.0916 176.1003
580.3116 175.0003
587.7216 171.9403
591.1516 171.6603
591.1516 171.6603
589.7016 165.8003
586.3316 163.1003
589.1116 153.5803
588.8716 150.6403
581.1716 149.8703
578.9616 147.1003
577.6016 142.8603
574.5716 138.5903
573.1716 135.0103
569.9716 133.6803
567.5716 131.4203
568.2216 119.4803
561.8216 114.9903
559.3016 115.5203
557.1716 114.5803
557.1416 111.2903
554.6916 107.5803
548.8416 108.5303
546.8216 108.2003
543.7516 109.0303
540.8416 110.8703
535.0316 112.3103
535.0316 112.3103
530.6216 114.5803
517.7316 118.8503
511.9916 123.0303
511.0716 130.4203
511.7816 132.2903
510.3316 134.2703
508.5916 141.9803
507.0416 144.4603
501.0216 145.2503
491.0716 149.4403
484.1816 147.5903
481.3916 145.8703
477.6516 147.7103
475.1616 144.2703
472.6316 144.5803
471.3716 145.4403
468.2816 144.9903
466.5116 146.2103
466.1116 148.6403
463.3816 149.8103
462.5216 151.0703
458.2216 150.1603
449.9616 151.8403
449.6616 153.3103
452.1916 156.5503
451.3816 158.1803
451.8316 159.6003
454.6816 162.7803
454.6816 162.7803
458.3716 159.3403
460.5016 159.6403
463.6416 161.5703
464.0016 163.5003
462.1316 173.2403
464.3616 176.6903
468.4316 180.3503
469.2916 184.3103
471.1316 185.8803
472.4016 191.1203
474.6416 192.1303
476.2616 191.5203
478.1416 192.1203
479.1616 191.7703
480.3916 194.2003
483.6416 196.7403
484.1216 203.6603
485.2916 206.6603
488.6616 208.8403
490.2416 211.4303
490.8716 215.1503
492.8616 217.2303
497.5816 218.8703
497.5816 218.8703
501.3616 217.7403

Bheri
153
148.3716 306.9203
150.5816 306.2003
148.5416 301.9903
149.0116 299.4903
150.7716 298.9703
152.8216 297.0703
158.7716 298.8603
161.7116 298.1103
163.6916 294.6203
172.5916 293.5003
174.4416 290.9803
177.5116 289.2003
181.6516 291.8603
184.6416 290.9003
188.0016 291.9503
190.0016 293.9503
192.7216 293.8003
197.5116 290.4203
200.5416 290.0703
203.3316 291.5703
204.5316 295.3403
207.7716 299.7703
220.1916 306.8503
226.3716 305.8903
231.5516 305.9903
232.6916 305.0903
231.8516 303.3303
231.6716 293.8803
233.7016 292.2803
240.4316 294.4003
247.8016 292.1903
247.8016 292.1903
242.7216 289.2103
242.3316 282.6403
239.7716 279.7703
230.7516 274.8903
226.0116 268.6103
222.1616 269.2003
219.5716 265.8203
220.1716 261.4803
217.8016 259.8503
212.3816 257.7503
209.9416 249.6703
198.2416 252.4403
195.8316 252.5903
193.7116 251.5203
192.4816 247.0003
194.5216 242.3903
194.8716 238.1603
192.4216 233.7703
189.4216 231.1503
190.9916 226.8503
190.8316 224.7003
185.5816 218.4103
182.9816 218.5103
175.9416 223.3903
171.1616 225.0703
167.9716 222.0803
168.1516 221.0203
166.8916 218.3903
167.0816 216.8103
170.5716 213.6803
172.0516 211.4203
176.0616 211.8203
178.7316 210.6103
178.8616 209.6003
180.7216 208.1103
182.7716 207.8503
184.4716 206.5203
185.0916 204.0903
193.1716 199.9403
194.5616 196.7703
197.9616 192.4103
205.9316 190.0403
206.7716 186.3403
208.8116 185.9803
210.3216 184.2303
210.2516 180.5203
211.3416 179.1703
211.0616 175.6103
206.4716 176.5303
204.2616 175.6203
200.6616 175.4403
198.0016 173.6503
198.0016 173.6503
188.3716 174.0203
183.7016 166.3903
179.8416 166.5403
174.4016 170.9303
171.6016 171.4703
161.1316 181.0703
158.0116 181.2503
154.5016 182.6203
139.6616 191.3203
139.8816 194.9603
137.6316 196.7703
136.5416 199.6703
134.4716 201.2803
129.7716 201.5203
128.9916 200.6503
129.5916 198.4303
123.7116 197.3403
124.6016 199.7303
123.6916 199.5203
122.5016 200.5203
124.4716 201.2803
123.7916 204.7103
115.9216 213.4903
115.5916 218.4303
113.4816 221.9903
102.4416 224.2503
 98.8416 226.5103
 98.8416 226.5103
101.3516 229.9803
101.9216 233.2203
104.9716 235.0903
109.8916 239.6803
113.5316 244.2303
114.4116 247.4203
121.6916 255.5503
121.2916 258.6603
117.3716 265.4103
116.0316 269.4203
114.9116 276.2503
112.7216 275.6703
110.2416 271.4503
106.9516 273.6603
106.9116 276.7403
100.5116 278.3403
 95.0616 281.0503
 91.6016 286.7903
 99.1116 289.2703
102.4416 289.3203
113.6516 282.6703
121.8116 281.9803
127.1016 283.1503
128.7516 281.1003
131.5816 282.3503
134.1016 282.1103
136.2316 282.8403
139.7416 276.0103
145.7916 269.6603
146.3716 267.2703
148.3816 266.3503
150.9716 267.1903
149.9116 270.6403
147.6616 272.3703
146.5016 275.9303
141.0116 282.2503
140.1016 285.5503
136.7216 289.2103
136.6916 295.9803
140.3116 300.9003

Dhawalagiri
143
387.8716 327.3503
388.3516 327.1603
387.9816 324.9303
389.8916 323.7703
392.2716 324.9803
394.8516 323.4503
397.6116 323.8803
401.5916 319.6303
405.3316 318.8103
407.3916 317.5503
407.5316 316.6203
404.7216 313.7303
403.6516 303.4203
399.7316 298.5403
400.3416 296.2003
404.6116 291.5203
404.7516 290.2403
403.3016 287.1803
402.6216 280.4903
402.6216 280.4903
399.3616 279.4703
391.2616 271.2303
389.3716 270.9203
385.7316 273.3003
382.7616 273.0303
382.2316 268.6703
380.9116 266.4103
376.5916 263.0103
370.9916 260.1603
371.0616 256.9903
372.2516 254.9003
374.4616 253.3803
376.2216 249.2503
375.6216 247.8703
373.3716 248.5203
369.9616 246.6003
369.7216 245.1703
371.4816 241.5103
371.4916 239.2603
367.2816 235.9703
362.7816 230.9303
361.0416 226.0203
359.4116 225.5503
358.6616 223.5503
363.0116 221.7003
365.2716 219.0703
367.0916 214.0903
366.7416 212.4503
370.8816 209.7803
370.6916 208.7103
368.7316 205.5403
366.6816 206.9003
364.6516 206.4803
363.5516 203.4703
364.3216 202.3503
363.7016 198.0803
360.8216 195.3103
360.4316 193.3203
361.2516 192.4603
360.6816 187.2703
357.6716 183.4803
354.0816 181.5803
349.4116 183.2203
349.4116 183.2203
348.5316 183.3603
346.7016 189.5403
345.4716 190.8003
342.2016 191.8903
340.4116 193.4503
336.4616 192.3403
332.5316 194.2903
329.1716 199.1903
327.6016 198.9203
323.4516 201.6203
319.2216 202.3903
317.7816 203.9503
320.1316 207.3403
320.5116 209.7403
319.9416 210.7503
315.3716 210.5403
313.8716 211.8503
311.3016 210.5003
308.8016 210.7703
301.9016 209.0003
298.8316 209.1503
298.8316 209.1503
298.7716 211.1003
294.0716 216.4403
286.6316 220.6203
282.8916 225.5103
281.0916 226.7603
279.7216 229.8103
277.4916 232.2203
277.4216 233.7003
279.9616 234.2003
279.3216 235.9703
277.6716 237.0203
277.0916 238.3903
278.2516 239.5803
280.8916 240.3903
282.5316 243.0203
287.3416 242.0603
288.3816 244.1703
287.2816 246.8103
285.7816 247.8703
287.8516 249.7803
294.2316 249.3103
298.7616 250.8503
300.7816 252.4603
302.5416 254.2803
304.8616 260.5403
303.9616 263.0903
304.3716 263.5103
304.3716 263.5103
305.2716 264.4403
309.1916 261.7703
312.9316 261.3103
314.6816 260.3503
317.1316 260.5403
324.4616 262.8703
328.4716 265.4703
333.8716 267.0603
337.7916 269.1503
337.9516 274.0103
339.5916 278.3803
350.8816 292.3803
350.8716 299.3503
351.9716 303.2103
353.0816 304.8103
355.9016 305.3003
357.5116 309.0103
356.9316 310.6503
353.4516 314.2803
353.4516 314.2803
354.8516 316.0903
356.4716 316.7403
360.5716 320.3803
367.0916 319.5403
368.7916 320.2403
371.7216 324.6103
376.0516 327.1003
380.1216 328.0303
383.1716 327.2003

Gandaki
142
413.7516 283.2903
414.9516 282.7603
416.4116 279.8703
418.8916 279.2603
422.0416 277.1903
427.4316 276.4703
430.0816 273.8403
430.9416 271.7503
430.7516 269.6503
429.4616 267.1403
429.3216 263.6403
432.2516 264.4803
435.4916 262.3303
438.6516 261.4603
442.9116 262.0803
447.7516 263.9403
454.2616 261.6003
454.7416 259.1003
457.2316 254.5903
455.5916 250.6803
456.0116 249.7803
460.8316 248.0003
468.8516 247.3403
472.4816 244.8103
474.6416 246.7603
480.3516 249.9203
484.3116 248.5103
486.2816 248.8303
490.2116 253.6903
493.3916 256.1703
499.3116 257.0203
501.2516 255.5703
505.3816 250.3603
504.3116 248.4903
504.7316 243.9603
503.6916 243.2203
501.5916 235.1703
500.1616 232.4403
497.5816 218.8703
497.5816 218.8703
492.8616 217.2303
490.8716 215.1503
490.2416 211.4303
488.6616 208.8403
485.2916 206.6603
484.1216 203.6603
483.6416 196.7403
480.3916 194.2003
479.1616 191.7703
478.1416 192.1203
476.2616 191.5203
474.6416 192.1303
472.4016 191.1203
471.1316 185.8803
469.2916 184.3103
468.4316 180.3503
464.3616 176.6903
462.1316 173.2403
464.0016 163.5003
463.6416 161.5703
460.5016 159.6403
458.3716 159.3403
454.6816 162.7803
454.6816 162.7803
450.4116 168.3703
446.4116 168.0203
443.3216 165.3803
440.0816 163.8003
439.4716 162.6303
431.3716 159.9803
433.5116 153.9003
433.1816 153.1203
433.1816 153.1203
425.0016 154.7003
422.8316 152.5603
419.9816 156.0503
419.1116 160.1603
415.9516 164.1103
406.4216 164.3803
397.9516 165.7103
392.2816 165.0203
380.0516 167.2403
369.4616 167.1203
366.5016 169.5803
361.2116 171.1203
357.5116 171.4403
354.1816 169.9403
348.7216 172.8903
346.1816 173.4303
335.4916 172.5203
333.3516 173.3603
333.1916 174.3703
335.5016 176.5303
345.9316 178.5603
347.5016 179.5403
349.4116 183.2203
349.4116 183.2203
354.0816 181.5803
357.6716 183.4803
360.6816 187.2703
361.2516 192.4603
360.4316 193.3203
360.8216 195.3103
363.7016 198.0803
364.3216 202.3503
363.5516 203.4703
364.6516 206.4803
366.6816 206.9003
368.7316 205.5403
370.6916 208.7103
370.8816 209.7803
366.7416 212.4503
367.0916 214.0903
365.2716 219.0703
363.0116 221.7003
358.6616 223.5503
359.4116 225.5503
361.0416 226.0203
362.7816 230.9303
367.2816 235.9703
371.4916 239.2603
371.4816 241.5103
369.7216 245.1703
369.9616 246.6003
373.3716 248.5203
375.6216 247.8703
376.2216 249.2503
374.4616 253.3803
372.2516 254.9003
371.0616 256.9903
370.9916 260.1603
376.5916 263.0103
380.9116 266.4103
382.2316 268.6703
382.7616 273.0303
385.7316 273.3003
389.3716 270.9203
391.2616 271.2303
399.3616 279.4703
402.6216 280.4903
402.6216 280.4903
404.1516 280.0903

Janakpur
162
607.0416 179.5703
616.1116 179.0803
619.4816 175.5703
624.3816 177.8303
626.6016 177.9803
627.0516 177.5003
624.4216 173.6003
625.8916 171.8003
626.9816 171.7903
631.2116 174.5503
635.5416 172.6803
636.7716 175.1603
635.8416 176.7403
635.8416 176.7403
639.3816 172.3303
640.7316 167.8303
639.6316 165.5203
639.2616 161.3103
641.8316 154.2703
641.4616 149.6703
638.1916 147.6403
633.3516 145.9403
631.3116 141.1603
626.9816 135.9603
626.0916 133.7903
622.6716 131.8203
618.3016 126.5203
616.8416 123.3503
612.0916 119.3703
608.3316 113.2003
608.4516 107.4903
609.7716 103.9403
607.2316  98.8703
608.3416  97.7903
612.3016  97.3903
623.1616  89.5703
620.8616  82.4403
621.4716  79.5103
621.0916  77.3503
622.3116  74.8103
620.1716  65.8803
618.8516  64.5903
614.3116  63.2403
612.3116  60.5503
609.5716  58.4703
605.5516  58.1703
600.5016  60.5503
599.2416  60.0103
600.2816  50.3403
599.2116  44.8203
600.6116  40.7303
602.9516  39.3503
604.6616  35.6103
601.6316  29.3903
601.6316  29.3903
601.1616  29.8403
597.7116  28.3903
597.7816  30.8403
592.5416  32.7303
590.8816  34.3503
587.1416  35.1903
585.2616  34.0303
581.4516  34.4103
579.5716  33.3503
578.3716  29.6203
575.2216  28.8703
572.6316  26.0703
571.8716  26.2803
569.9016  24.5903
568.9316  24.6203
569.7716  26.9803
569.2916  28.8303
567.1816  29.3403
567.1416  28.2003
565.9616  28.2703
564.3816  30.6703
561.1016  31.3903
557.9916  33.4303
557.8716  34.9903
556.6916  36.7903
557.0016  41.5003
557.8016  43.0603
557.2616  44.1603
557.8516  49.2503
556.9016  51.6403
552.1516  54.7203
548.7316  55.6403
548.1316  57.7403
546.8716  57.9203
545.4016  56.0703
543.3316  55.1103
542.9916  56.1903
542.1516  56.3603
541.2716  54.3003
540.4516  54.5203
540.0516  53.5403
539.0816  53.9303
536.8716  51.2403
534.7516  51.2303
534.3016  49.4803
532.7016  50.0803
532.3916  48.7803
530.6016  47.8703
525.7516  48.8403
522.5816  45.5303
521.0716  45.8003
518.6016  43.4403
518.6016  43.4403
521.0816  52.4803
526.2016  59.9403
527.9316  64.3103
528.0116  68.0303
526.6216  72.0203
528.1116  76.5003
534.8516  83.1503
534.5116  85.3303
536.7316  92.6203
536.5916  94.7403
535.0516  98.3403
533.2016 100.5203
531.3916 101.3903
530.2116 105.3403
530.6816 107.4603
535.0316 112.3103
535.0316 112.3103
540.8416 110.8703
543.7516 109.0303
546.8216 108.2003
548.8416 108.5303
554.6916 107.5803
557.1416 111.2903
557.1716 114.5803
559.3016 115.5203
561.8216 114.9903
568.2216 119.4803
567.5716 131.4203
569.9716 133.6803
573.1716 135.0103
574.5716 138.5903
577.6016 142.8603
578.9616 147.1003
581.1716 149.8703
588.8716 150.6403
589.1116 153.5803
586.3316 163.1003
589.7016 165.8003
591.1516 171.6603
591.1516 171.6603
594.6516 172.8503
597.1316 174.9403
595.7616 177.5203
595.1916 180.5103
592.4416 183.1403
591.8016 186.2303
592.4816 192.8503
594.7816 194.1803
601.0616 200.5903
601.9816 199.9003
602.0016 198.0603
605.4516 192.8203
603.5116 190.2503
604.6916 182.9203

Karnali
193
156.4016 454.0303
157.8916 452.8003
161.5616 452.1203
164.6716 449.9303
168.5716 448.8103
187.2116 445.3403
192.3116 443.2103
196.8816 443.8703
204.4916 443.0103
206.7516 442.1403
207.3016 441.2003
205.6216 438.8303
207.3016 431.2903
211.2016 427.7103
212.1916 425.1503
212.2216 423.0003
210.0116 417.2903
211.1016 415.7103
219.1316 412.4303
222.3516 412.1003
223.9816 410.6003
229.5516 408.6103
231.5916 408.6903
234.0416 406.6503
236.0716 406.9603
238.9616 405.8203
240.5816 406.1003
242.4916 403.3603
248.7116 400.0103
250.7716 397.6603
251.1816 395.4803
256.6316 389.8603
260.5016 387.1703
263.0316 383.5203
263.3916 381.3503
265.3416 378.3503
271.8716 375.5403
274.4416 372.5603
275.5716 371.9403
281.9816 371.6803
286.9216 368.6703
289.3516 368.6603
292.0816 367.3303
297.4216 363.5603
303.8916 362.7303
305.5116 360.3703
308.6016 360.4303
313.3316 358.2903
314.8616 355.9603
314.9416 351.3903
321.8016 349.0503
322.4916 348.0703
322.1016 343.9803
328.6216 337.7503
329.6016 334.4203
332.1016 331.4403
333.3916 325.2603
337.6616 322.6503
340.9316 317.5803
343.8216 315.1703
350.9516 311.8403
352.7316 312.5703
353.4516 314.2803
353.4516 314.2803
356.9316 310.6503
357.5116 309.0103
355.9016 305.3003
353.0816 304.8103
351.9716 303.2103
350.8716 299.3503
350.8816 292.3803
339.5916 278.3803
337.9516 274.0103
337.7916 269.1503
333.8716 267.0603
328.4716 265.4703
324.4616 262.8703
317.1316 260.5403
314.6816 260.3503
312.9316 261.3103
309.1916 261.7703
305.2716 264.4403
304.3716 263.5103
304.3716 263.5103
296.8016 267.4503
292.9516 268.2703
285.1816 272.3603
279.7916 273.0503
274.8516 272.0003
272.4316 273.0403
270.1416 272.4903
260.8016 276.7503
261.1416 281.2103
258.1216 284.3903
254.8116 289.5203
250.6416 290.4703
247.8016 292.1903
247.8016 292.1903
240.4316 294.4003
233.7016 292.2803
231.6716 293.8803
231.8516 303.3303
232.6916 305.0903
231.5516 305.9903
226.3716 305.8903
220.1916 306.8503
207.7716 299.7703
204.5316 295.3403
203.3316 291.5703
200.5416 290.0703
197.5116 290.4203
192.7216 293.8003
190.0016 293.9503
188.0016 291.9503
184.6416 290.9003
181.6516 291.8603
177.5116 289.2003
174.4416 290.9803
172.5916 293.5003
163.6916 294.6203
161.7116 298.1103
158.7716 298.8603
152.8216 297.0703
150.7716 298.9703
149.0116 299.4903
148.5416 301.9903
150.5816 306.2003
148.3716 306.9203
148.3716 306.9203
146.0916 307.4203
142.7216 310.4703
141.4216 313.1103
142.0916 320.7903
140.4616 322.1803
139.7416 324.0203
142.2816 327.1703
150.6816 334.4903
154.4316 334.5903
157.2816 331.4703
157.7116 328.7003
159.3216 328.0203
165.9916 331.0103
169.4116 333.8703
172.5016 338.1703
173.4416 342.0103
171.2816 350.5103
169.7416 352.3803
169.3516 361.9203
167.2516 363.7803
163.9916 364.0603
162.9616 370.2903
163.2116 372.7703
166.8116 375.2403
167.7316 377.6903
167.4716 380.2203
168.8216 386.2003
170.2316 387.8903
171.4116 388.0203
171.9216 392.5903
171.3316 395.8903
162.8116 397.1803
161.1116 399.3703
158.2416 400.2303
151.2116 397.9303
147.6916 398.2003
143.5416 395.6603
142.1216 395.6703
139.5716 394.3603
138.8916 400.4003
139.1916 404.6103
137.4316 406.5803
133.4016 408.5003
130.5116 406.1903
128.1316 406.1303
125.7416 408.2403
122.5216 408.6103
118.5916 411.8903
118.5916 411.8903
119.6216 417.5603
119.4016 421.5803
122.0816 422.5703
126.6716 422.4303
131.7416 429.6403
131.8616 433.7403
133.8416 439.7503
131.7116 445.1603
131.4216 448.3503
132.5116 451.3503
135.9816 452.6803
140.8416 453.0903
142.0716 452.4503
144.4116 448.9103
150.0616 447.2603

Koshi
144
695.8816 162.6303
705.8916 161.5303
709.4816 164.3303
716.7016 162.8503
724.0916 165.3203
725.2816 164.6903
724.2616 163.3603
724.6716 162.7903
728.4516 162.0803
733.6516 163.8203
737.9416 166.6403
739.9116 167.1103
740.9916 166.2503
741.1816 161.6503
743.1416 160.7603
746.8716 163.1903
750.8916 164.3103
750.8916 164.3103
749.2716 152.9203
746.9616 149.3303
744.7016 147.9703
744.1316 145.7003
742.8816 144.1603
741.1616 146.0303
739.7516 146.4103
738.1816 144.2703
737.3316 138.5203
736.3716 136.5203
731.7016 133.7403
729.1316 116.8003
729.5316 110.0203
732.7816 106.3503
734.2516 102.6303
738.6816 100.0503
745.6216  99.5303
749.8816  98.4603
757.0016  95.0503
758.0316  93.7103
753.9316  89.3203
752.9716  87.1303
749.7716  84.1803
742.1216  80.1403
737.0416  73.8103
736.1916  70.1003
733.0816  66.0403
735.4216  60.7503
734.9116  58.3503
740.0316  56.1603
741.3116  55.1703
742.1216  53.2403
744.7116  52.4203
750.3516  48.9603
750.8516  46.8903
749.8916  40.9303
746.6016  31.5603
747.9116  25.8603
746.3216  24.3903
747.9316  14.5603
750.0416   9.8503
750.0416   9.8503
748.9316   9.8403
748.8816   7.7303
746.2216   6.5703
746.3516   5.1803
742.5516   4.9603
742.0716   3.8903
740.2016   4.0503
739.8416   5.2903
736.7616   6.5203
736.2016   8.0003
730.7116  10.0003
727.6616  10.3003
724.3116   8.2603
720.3816   8.0103
718.5516   6.7803
717.1416   4.3903
717.3916   1.6603
715.7116   0.3303
712.9916   2.9003
711.9716   2.3203
710.7216   3.1903
708.3916   3.1103
707.9016   7.1203
704.8316   7.4803
703.6016   6.4503
703.0816   7.4003
700.6116   7.5103
700.9216   6.4903
697.6416   6.6103
691.2416  11.6803
689.2516  26.3603
686.6316  26.4403
686.6616  24.8903
683.7116  20.6003
680.8316  19.9703
679.9616  19.0303
676.7716  18.7703
676.7716  18.7703
676.3716  23.0603
677.7016  27.3103
681.9416  33.9503
684.6916  36.4603
690.3216  44.4403
698.7716  52.7203
700.4316  55.0503
701.2716  59.4103
699.4416  61.6703
696.6516  62.1703
689.0316  60.2103
683.8416  56.7903
681.3216  59.1603
680.3516  61.0403
681.3916  65.4003
679.1116  69.9803
678.9716  78.4403
675.1016  81.2403
674.5916  83.3703
676.7816  90.0803
676.5816  93.1703
675.2516  94.5003
674.5116  98.1003
676.4016  99.3303
678.5116  99.2403
682.3216 103.4103
679.2716 104.3703
679.3816 107.8603
676.1216 111.4603
675.1216 117.1903
678.5516 122.1803
680.0716 135.5603
682.7516 140.9803
683.1316 147.3003
684.5616 150.6703
681.2816 154.1803
681.6816 156.2503
684.5916 160.1503
681.0316 169.6603
681.6816 176.4803
681.6816 176.4803
685.1716 176.5003
689.3016 173.2703
692.2416 169.6703
696.3516 167.7403
697.7216 165.7803

Lumbini
144
298.8316 209.1503
301.9016 209.0003
308.8016 210.7703
311.3016 210.5003
313.8716 211.8503
315.3716 210.5403
319.9416 210.7503
320.5116 209.7403
320.1316 207.3403
317.7816 203.9503
319.2216 202.3903
323.4516 201.6203
327.6016 198.9203
329.1716 199.1903
332.5316 194.2903
336.4616 192.3403
340.4116 193.4503
342.2016 191.8903
345.4716 190.8003
346.7016 189.5403
348.5316 183.3603
349.4116 183.2203
349.4116 183.2203
347.5016 179.5403
345.9316 178.5603
335.5016 176.5303
333.1916 174.3703
333.3516 173.3603
335.4916 172.5203
346.1816 173.4303
348.7216 172.8903
354.1816 169.9403
357.5116 171.4403
361.2116 171.1203
366.5016 169.5803
369.4616 167.1203
380.0516 167.2403
392.2816 165.0203
397.9516 165.7103
406.4216 164.3803
415.9516 164.1103
419.1116 160.1603
419.9816 156.0503
422.8316 152.5603
425.0016 154.7003
433.1816 153.1203
433.1816 153.1203
432.6016 151.3703
429.4716 148.1203
425.8816 146.7903
424.4116 147.9003
414.7616 143.4203
413.4516 141.9403
410.6716 141.1203
410.1616 139.9103
406.6816 138.5303
404.4216 133.7603
402.5616 131.9303
398.2216 131.0503
382.0516 130.1003
381.1016 129.4403
381.1616 128.3303
385.4116 127.1403
383.4516 124.5003
382.0616 120.6403
382.0616 120.6403
380.8616 121.2503
378.8416 120.2703
374.8116 119.7203
372.5016 120.9403
371.5716 119.9603
371.1416 118.3003
375.9916 113.2403
374.0516 109.8103
369.8016 113.1303
349.1816 123.4903
328.4016 124.5103
327.6016 124.2303
327.7316 123.2303
328.8616 121.8803
327.3016 119.0603
328.7216 117.5703
328.7716 115.7603
327.7016 114.6903
327.3316 112.9103
325.6816 112.1003
325.6116 110.9603
324.0416 109.3103
319.5416 108.1303
316.2816 110.0503
315.4216 111.6903
315.6616 113.7903
310.1116 117.8303
309.0816 119.8703
306.9816 121.7603
294.0916 121.2303
291.1516 121.7503
283.9816 123.9203
282.9116 126.2803
281.5816 127.0303
277.4116 126.5503
273.2416 127.1203
271.0216 126.4803
263.5016 127.0803
263.1316 128.5303
264.2616 129.5803
263.4416 132.3603
264.8016 136.1703
263.1116 139.3703
263.7316 141.5003
262.6416 142.5503
262.6316 143.8003
261.3816 144.0703
260.9716 144.8803
261.3216 147.7803
260.2516 150.1503
260.7316 152.1903
259.4916 151.2203
259.4916 151.2203
259.3816 153.0003
261.1316 154.4503
268.9416 153.3003
271.5416 155.5203
274.2716 156.0203
275.6616 157.9703
274.1216 158.9103
271.2316 159.1703
267.6016 161.6503
270.2716 168.6403
274.1416 171.0403
278.5116 170.7003
284.9216 172.7703
292.5216 173.1303
292.5416 175.4703
290.7316 178.0303
286.2816 180.7703
287.3416 188.0503
292.0516 192.5403
294.0216 193.3303
296.4316 196.1103
292.7316 198.5503
292.9816 203.1303
291.7916 204.3903
294.3516 206.7203

Mahakali
166
 85.7416 425.8703
 89.1516 426.5803
 90.0916 427.4603
 91.3716 427.0003
 94.7616 428.2303
 98.8916 428.3703
101.5416 425.6503
103.5016 422.2703
102.2416 419.2703
102.3316 415.4103
103.6716 413.5903
105.2216 413.2403
105.2216 413.2403
101.7316 411.4903
100.2916 409.5803
 97.4716 408.5603
 95.7116 406.9503
 93.1916 399.5203
 94.5416 396.1903
 97.4916 392.6503
 97.6516 388.9303
 99.8516 386.4103
100.8616 381.8903
 98.6116 377.6303
 89.9516 375.4603
 84.0216 375.2203
 71.2616 369.3903
 72.4516 364.4703
 72.0216 360.1703
 70.7216 357.2303
 68.8316 356.7103
 69.2916 353.7303
 72.8816 351.2703
 73.3016 347.8203
 77.6716 347.9103
 80.0416 346.3903
 81.2216 344.7803
 81.7216 342.0603
 79.3816 337.7103
 76.6816 335.5103
 72.4716 334.9603
 68.8516 332.6803
 69.7016 327.0503
 66.6016 321.0803
 64.2616 318.8903
 63.6216 316.5103
 51.6916 310.9703
 50.3016 306.6003
 47.4716 305.0703
 48.7516 302.2903
 45.5816 293.1903
 45.2916 290.9803
 45.9916 288.6403
 44.5916 275.7203
 48.4016 266.2703
 48.8716 263.0103
 48.0516 259.0303
 48.0516 259.0303
 43.9916 256.3203
 45.1916 246.7403
 46.4016 245.5003
 45.3916 244.2703
 42.1216 247.1903
 40.3916 247.6703
 40.5916 249.1603
 39.7816 251.2503
 37.0916 253.1603
 31.6416 252.3603
 30.3016 252.9203
 29.5816 254.7503
 26.6816 256.4303
 25.7416 259.7603
 21.4916 261.2203
 19.7816 262.9003
 20.6116 264.9903
 19.7716 266.1003
 14.7116 266.8303
  7.1116 273.7703
  2.0816 273.9303
  0.9216 274.5603
  0.2516 276.3503
  0.5416 284.5503
  4.0716 291.5503
  5.8916 291.9803
  6.3116 293.9003
  7.8216 294.3303
  6.8016 295.2203
  6.7716 297.4903
  8.0816 299.8903
  7.3516 301.7303
  8.9216 305.3303
 12.2316 308.4003
 15.5316 306.9603
 17.5716 306.9103
 18.7916 308.5803
 20.8416 309.7703
 19.8316 312.0503
 19.8916 314.5803
 18.5516 316.2703
 18.9116 318.1403
 19.6516 318.0703
 19.9516 317.1803
 21.8016 316.8303
 22.6116 315.5203
 23.6416 315.8203
 23.1816 319.9203
 23.8316 320.6003
 24.1916 325.2903
 25.3116 327.1503
 25.0416 329.7203
 23.0916 330.2003
 22.8816 331.7203
 21.9716 332.1003
 21.7916 333.7703
 20.9816 334.4803
 21.5416 335.4703
 21.1916 337.7503
 18.3716 339.3203
 18.1116 342.9803
 18.1816 343.5503
 21.4716 344.8503
 22.2016 343.7603
 23.6716 344.0703
 22.6016 346.2003
 23.6416 348.0503
 24.9516 347.4603
 25.1516 348.8403
 28.6316 351.4903
 29.0516 353.1503
 28.1316 353.8403
 28.4216 355.3103
 31.7916 357.5503
 32.9516 357.5703
 34.5416 360.6203
 34.4816 362.6003
 35.5116 365.4503
 32.6616 368.6003
 31.2216 373.6503
 30.2616 374.9303
 30.6116 377.6203
 31.9016 377.5703
 33.3716 378.8503
 34.1416 382.2203
 36.9016 383.9703
 38.4616 383.1203
 40.0616 383.5003
 42.6316 382.9403
 43.7616 385.6703
 48.9416 390.3903
 50.2616 394.0503
 50.0816 397.2403
 52.8116 400.6703
 55.6216 401.8303
 60.7816 401.4703
 64.6616 405.8503
 66.9416 406.1403
 69.3816 412.1603
 71.3416 413.4003
 73.4916 416.5803
 76.4716 417.3403
 77.4416 419.1203
 79.7316 420.6403
 80.0216 422.1503
 79.0516 425.3303
 82.4716 430.3103
 83.9516 430.2303

Mechi
151
789.8116 167.4003
792.3416 167.0603
793.6716 167.6503
797.8716 166.9703
800.1116 165.3103
800.0716 163.8803
797.6816 161.7903
799.8516 158.3603
798.0916 154.0803
795.8316 151.9703
795.1716 145.1703
792.6716 142.7603
791.2616 138.3803
788.5416 136.1403
788.5416 133.3703
786.9416 131.9903
786.5616 130.7403
787.2316 130.0203
785.0016 125.8403
785.3216 123.4803
787.3116 120.3003
787.3116 118.3903
785.3616 116.7603
784.7116 113.6603
784.8316 111.9703
786.3916 110.4203
786.7516 108.7303
783.8316 102.4103
783.6416  98.8003
782.0616  95.7103
782.1016  89.5003
779.5416  83.8603
782.8716  80.9103
783.1816  77.6903
784.9116  75.7903
787.2016  75.0203
788.7116  75.5003
789.5516  72.3603
791.8016  70.2603
793.6716  70.0303
792.5516  65.8403
794.6016  63.6703
794.6116  59.4603
797.7816  56.3603
797.0316  53.8803
798.6116  49.3603
798.8016  40.7203
796.8316  36.6503
796.1616  31.6903
794.2716  30.2403
793.4416  28.0603
793.5016  24.9503
791.7816  24.4403
791.7216  23.3203
790.9416  22.9003
791.5016  21.1103
790.2716  17.8103
791.1716  13.0903
789.9916  11.8003
790.6516  10.9803
789.0416   8.3903
783.7716   3.4703
783.5516   1.0903
781.4916   1.0403
780.4216   1.8803
779.7416   2.9603
779.8216   5.1903
777.2816   5.7203
773.5416   7.9703
772.3916   9.5603
773.2816  10.9603
770.7116  11.2803
771.7616  12.3303
769.7916  15.3603
769.3816  14.2503
766.7316  12.8203
767.1916  11.6303
766.0616  10.9303
765.7816   9.8403
763.7216  10.3603
763.8616  11.3903
762.3916  12.5203
759.7516  13.3603
760.0316  12.8203
758.5516  11.5703
758.8516   9.7203
757.5316   6.9403
756.3016   6.8203
755.9016   7.9003
754.9516   8.0003
754.4816   6.7903
753.4016   7.2703
752.4916   8.9403
750.0416   9.8503
750.0416   9.8503
747.9316  14.5603
746.3216  24.3903
747.9116  25.8603
746.6016  31.5603
749.8916  40.9303
750.8516  46.8903
750.3516  48.9603
744.7116  52.4203
742.1216  53.2403
741.3116  55.1703
740.0316  56.1603
734.9116  58.3503
735.4216  60.7503
733.0816  66.0403
736.1916  70.1003
737.0416  73.8103
742.1216  80.1403
749.7716  84.1803
752.9716  87.1303
753.9316  89.3203
758.0316  93.7103
757.0016  95.0503
749.8816  98.4603
745.6216  99.5303
738.6816 100.0503
734.2516 102.6303
732.7816 106.3503
729.5316 110.0203
729.1316 116.8003
731.7016 133.7403
736.3716 136.5203
737.3316 138.5203
738.1816 144.2703
739.7516 146.4103
741.1616 146.0303
742.8816 144.1603
744.1316 145.7003
744.7016 147.9703
746.9616 149.3303
749.2716 152.9203
750.8916 164.3103
750.8916 164.3103
753.2416 163.4703
754.2116 161.2203
755.7716 163.2403
756.7116 163.3203
761.0316 161.0003
763.0016 163.6803
766.1216 163.0603
768.8016 160.3503
769.5316 160.9303
771.7616 160.8303
773.1116 161.4303
775.3116 164.0503
776.8616 168.5003
781.8216 172.6003

Narayani
148
454.6816 162.7803
451.8316 159.6003
451.3816 158.1803
452.1916 156.5503
449.6616 153.3103
449.9616 151.8403
458.2216 150.1603
462.5216 151.0703
463.3816 149.8103
466.1116 148.6403
466.5116 146.2103
468.2816 144.9903
471.3716 145.4403
472.6316 144.5803
475.1616 144.2703
477.6516 147.7103
481.3916 145.8703
484.1816 147.5903
491.0716 149.4403
501.0216 145.2503
507.0416 144.4603
508.5916 141.9803
510.3316 134.2703
511.7816 132.2903
511.0716 130.4203
511.9916 123.0303
517.7316 118.8503
530.6216 114.5803
535.0316 112.3103
535.0316 112.3103
530.6816 107.4603
530.2116 105.3403
531.3916 101.3903
533.2016 100.5203
535.0516  98.3403
536.5916  94.7403
536.7316  92.6203
534.5116  85.3303
534.8516  83.1503
528.1116  76.5003
526.6216  72.0203
528.0116  68.0303
527.9316  64.3103
526.2016  59.9403
521.0816  52.4803
518.6016  43.4403
518.6016  43.4403
515.7616  44.6103
511.5116  44.8803
509.0416  45.8003
506.0716  45.5303
503.1316  51.4603
504.5516  53.6703
504.7316  57.4203
496.3516  57.7103
494.0816  57.0003
494.6116  56.3703
494.0716  55.7903
493.3016  56.2603
491.9116  55.2903
488.8516  55.6903
488.1816  55.9903
488.7316  58.0303
491.2816  59.1403
486.5616  60.2203
485.5916  60.8603
486.1616  61.5003
485.6616  62.5603
482.6916  63.0503
483.6516  65.3203
481.7216  67.7303
475.7516  68.8803
471.5316  70.9603
471.5116  72.7403
468.6816  74.1003
467.4216  73.9403
465.5616  71.4503
463.6216  73.8003
462.2116  71.8403
450.7016  76.9603
451.1316  79.8503
453.8616  83.0903
453.5016  84.1703
454.0916  84.4203
454.9016  89.3803
454.1016  89.5703
453.7916  90.6403
454.6016  91.7503
455.1316  96.3603
450.3216 106.3103
448.2716 109.1003
435.0716 111.3903
433.5816 110.8203
428.8716 112.6503
420.6316 113.1203
417.0116 114.8803
416.0716 114.1403
414.4216 115.4803
414.1316 118.6103
412.7316 119.6503
412.2316 121.3203
409.7116 121.3103
409.3116 120.2403
408.6316 120.2103
407.8916 123.2803
405.5016 123.6903
402.4016 125.3903
401.7816 126.5003
402.3016 128.9203
399.8316 128.0603
398.6616 129.1803
397.6016 128.9803
396.9116 126.3003
395.7816 125.3503
394.4616 125.3103
392.4116 120.6203
391.4316 120.8403
389.6816 119.7503
387.2516 120.8003
385.5616 120.0003
384.2716 120.8703
382.0616 120.6403
382.0616 120.6403
383.4516 124.5003
385.4116 127.1403
381.1616 128.3303
381.1016 129.4403
382.0516 130.1003
398.2216 131.0503
402.5616 131.9303
404.4216 133.7603
406.6816 138.5303
410.1616 139.9103
410.6716 141.1203
413.4516 141.9403
414.7616 143.4203
424.4116 147.9003
425.8816 146.7903
429.4716 148.1203
432.6016 151.3703
433.1816 153.1203
433.1816 153.1203
433.5116 153.9003
431.3716 159.9803
439.4716 162.6303
440.0816 163.8003
443.3216 165.3803
446.4116 168.0203

Rapti
140
247.8016 292.1903
250.6416 290.4703
254.8116 289.5203
258.1216 284.3903
261.1416 281.2103
260.8016 276.7503
270.1416 272.4903
272.4316 273.0403
274.8516 272.0003
279.7916 273.0503
285.1816 272.3603
292.9516 268.2703
296.8016 267.4503
304.3716 263.5103
304.3716 263.5103
303.9616 263.0903
304.8616 260.5403
302.5416 254.2803
300.7816 252.4603
298.7616 250.8503
294.2316 249.3103
287.8516 249.7803
285.7816 247.8703
287.2816 246.8103
288.3816 244.1703
287.3416 242.0603
282.5316 243.0203
280.8916 240.3903
278.2516 239.5803
277.0916 238.3903
277.6716 237.0203
279.3216 235.9703
279.9616 234.2003
277.4216 233.7003
277.4916 232.2203
279.7216 229.8103
281.0916 226.7603
282.8916 225.5103
286.6316 220.6203
294.0716 216.4403
298.7716 211.1003
298.8316 209.1503
298.8316 209.1503
298.0016 207.9403
294.3516 206.7203
291.7916 204.3903
292.9816 203.1303
292.7316 198.5503
296.4316 196.1103
294.0216 193.3303
292.0516 192.5403
287.3416 188.0503
286.2816 180.7703
290.7316 178.0303
292.5416 175.4703
292.5216 173.1303
284.9216 172.7703
278.5116 170.7003
274.1416 171.0403
270.2716 168.6403
267.6016 161.6503
271.2316 159.1703
274.1216 158.9103
275.6616 157.9703
274.2716 156.0203
271.5416 155.5203
268.9416 153.3003
261.1316 154.4503
259.3816 153.0003
259.4916 151.2203
259.4916 151.2203
256.9516 150.8403
255.5616 151.3403
255.1516 150.5203
252.9116 150.3703
249.4116 148.6103
243.9916 147.4403
241.3816 147.8603
237.2616 146.3603
235.6616 146.4503
228.7016 150.6303
227.0916 153.4003
219.5816 157.6703
210.9516 165.2003
206.3116 167.3903
205.5016 166.5603
202.9716 167.4203
200.5716 169.6003
198.0016 173.6503
198.0016 173.6503
200.6616 175.4403
204.2616 175.6203
206.4716 176.5303
211.0616 175.6103
211.3416 179.1703
210.2516 180.5203
210.3216 184.2303
208.8116 185.9803
206.7716 186.3403
205.9316 190.0403
197.9616 192.4103
194.5616 196.7703
193.1716 199.9403
185.0916 204.0903
184.4716 206.5203
182.7716 207.8503
180.7216 208.1103
178.8616 209.6003
178.7316 210.6103
176.0616 211.8203
172.0516 211.4203
170.5716 213.6803
167.0816 216.8103
166.8916 218.3903
168.1516 221.0203
167.9716 222.0803
171.1616 225.0703
175.9416 223.3903
182.9816 218.5103
185.5816 218.4103
190.8316 224.7003
190.9916 226.8503
189.4216 231.1503
192.4216 233.7703
194.8716 238.1603
194.5216 242.3903
192.4816 247.0003
193.7116 251.5203
195.8316 252.5903
198.2416 252.4403
209.9416 249.6703
212.3816 257.7503
217.8016 259.8503
220.1716 261.4803
219.5716 265.8203
222.1616 269.2003
226.0116 268.6103
230.7516 274.8903
239.7716 279.7703
242.3316 282.6403

Sagarmatha
131
657.3116 192.1003
657.8616 187.5603
658.9916 186.2503
660.6716 186.4703
663.8516 183.4103
667.9916 184.8303
669.0716 184.5603
669.8616 182.3703
674.9016 179.7703
676.6116 177.2003
679.0916 176.3203
681.6816 176.4803
681.6816 176.4803
681.0316 169.6603
684.5916 160.1503
681.6816 156.2503
681.2816 154.1803
684.5616 150.6703
683.1316 147.3003
682.7516 140.9803
680.0716 135.5603
678.5516 122.1803
675.1216 117.1903
676.1216 111.4603
679.3816 107.8603
679.2716 104.3703
682.3216 103.4103
678.5116  99.2403
676.4016  99.3303
674.5116  98.1003
675.2516  94.5003
676.5816  93.1703
676.7816  90.0803
674.5916  83.3703
675.1016  81.2403
678.9716  78.4403
679.1116  69.9803
681.3916  65.4003
680.3516  61.0403
681.3216  59.1603
683.8416  56.7903
689.0316  60.2103
696.6516  62.1703
699.4416  61.6703
701.2716  59.4103
700.4316  55.0503
698.7716  52.7203
690.3216  44.4403
684.6916  36.4603
681.9416  33.9503
677.7016  27.3103
676.3716  23.0603
676.7716  18.7703
676.7716  18.7703
675.6816  18.6303
675.4516  15.6603
671.9616  15.4703
672.0016  12.7203
668.5716  12.0403
666.7016  10.3503
659.3916  12.3103
656.1116   8.6703
652.9416  10.2303
652.3916  11.3903
645.9616  13.5003
644.2116  15.6203
640.1716  16.7003
636.7516  21.4603
633.0816  21.5503
629.0816  24.2703
622.9816  26.2903
622.8016  27.2903
617.5616  28.5303
617.8016  29.6903
614.3916  30.0503
612.9716  29.3003
609.0416  29.3403
606.5116  26.7903
603.6016  27.2903
603.1916  29.3703
601.6316  29.3903
601.6316  29.3903
604.6616  35.6103
602.9516  39.3503
600.6116  40.7303
599.2116  44.8203
600.2816  50.3403
599.2416  60.0103
600.5016  60.5503
605.5516  58.1703
609.5716  58.4703
612.3116  60.5503
614.3116  63.2403
618.8516  64.5903
620.1716  65.8803
622.3116  74.8103
621.0916  77.3503
621.4716  79.5103
620.8616  82.4403
623.1616  89.5703
612.3016  97.3903
608.3416  97.7903
607.2316  98.8703
609.7716 103.9403
608.4516 107.4903
608.3316 113.2003
612.0916 119.3703
616.8416 123.3503
618.3016 126.5203
622.6716 131.8203
626.0916 133.7903
626.9816 135.9603
631.3116 141.1603
633.3516 145.9403
638.1916 147.6403
641.4616 149.6703
641.8316 154.2703
639.2616 161.3103
639.6316 165.5203
640.7316 167.8303
639.3816 172.3303
635.8416 176.7403
635.8416 176.7403
633.8916 178.8903
634.4316 182.8403
635.2216 184.4903
638.8016 186.6303
641.9716 190.7203
644.0216 191.2103
647.1116 190.1403
651.4316 193.4803

Seti
189
110.9916 409.7803
112.9216 408.6403
114.3216 408.8603
116.0516 409.3703
118.5916 411.8903
118.5916 411.8903
122.5216 408.6103
125.7416 408.2403
128.1316 406.1303
130.5116 406.1903
133.4016 408.5003
137.4316 406.5803
139.1916 404.6103
138.8916 400.4003
139.5716 394.3603
142.1216 395.6703
143.5416 395.6603
147.6916 398.2003
151.2116 397.9303
158.2416 400.2303
161.1116 399.3703
162.8116 397.1803
171.3316 395.8903
171.9216 392.5903
171.4116 388.0203
170.2316 387.8903
168.8216 386.2003
167.4716 380.2203
167.7316 377.6903
166.8116 375.2403
163.2116 372.7703
162.9616 370.2903
163.9916 364.0603
167.2516 363.7803
169.3516 361.9203
169.7416 352.3803
171.2816 350.5103
173.4416 342.0103
172.5016 338.1703
169.4116 333.8703
165.9916 331.0103
159.3216 328.0203
157.7116 328.7003
157.2816 331.4703
154.4316 334.5903
150.6816 334.4903
142.2816 327.1703
139.7416 324.0203
140.4616 322.1803
142.0916 320.7903
141.4216 313.1103
142.7216 310.4703
146.0916 307.4203
148.3716 306.9203
148.3716 306.9203
148.5416 305.8903
140.3116 300.9003
136.6916 295.9803
136.7216 289.2103
140.1016 285.5503
141.0116 282.2503
146.5016 275.9303
147.6616 272.3703
149.9116 270.6403
150.9716 267.1903
148.3816 266.3503
146.3716 267.2703
145.7916 269.6603
139.7416 276.0103
136.2316 282.8403
134.1016 282.1103
131.5816 282.3503
128.7516 281.1003
127.1016 283.1503
121.8116 281.9803
113.6516 282.6703
102.4416 289.3203
 99.1116 289.2703
 91.6016 286.7903
 95.0616 281.0503
100.5116 278.3403
106.9116 276.7403
106.9516 273.6603
110.2416 271.4503
112.7216 275.6703
114.9116 276.2503
116.0316 269.4203
117.3716 265.4103
121.2916 258.6603
121.6916 255.5503
114.4116 247.4203
113.5316 244.2303
109.8916 239.6803
104.9716 235.0903
101.9216 233.2203
101.3516 229.9803
 98.8416 226.5103
 98.8416 226.5103
 96.5816 228.0803
 95.9316 226.7503
 94.4816 227.8903
 96.1916 230.0403
 95.2416 230.8203
 93.9116 230.4303
 93.6416 232.0603
 92.4916 232.2703
 89.5516 230.5803
 88.9516 231.3103
 90.1516 232.3803
 88.2016 231.8103
 86.3216 232.4003
 86.6116 234.0903
 85.2916 232.7803
 84.5416 232.8703
 84.4016 233.6703
 83.6616 233.0203
 82.6916 233.5103
 82.3816 235.4103
 83.4016 237.1703
 81.6916 238.3603
 78.9816 238.3903
 79.1116 236.9803
 76.7516 237.6003
 75.0016 239.6203
 71.3616 240.5903
 71.4616 242.3703
 69.9116 243.5803
 69.8116 245.1203
 67.4516 245.9803
 66.2816 245.2903
 63.0616 246.2403
 62.2916 247.4503
 62.6616 249.1903
 61.0016 249.4503
 60.9416 251.1103
 59.9016 251.9903
 59.7316 253.4303
 56.0716 253.0803
 53.7116 254.4503
 52.3816 254.1203
 52.5616 255.1803
 51.4316 255.8103
 52.0816 257.8303
 48.0516 259.0303
 48.0516 259.0303
 48.8716 263.0103
 48.4016 266.2703
 44.5916 275.7203
 45.9916 288.6403
 45.2916 290.9803
 45.5816 293.1903
 48.7516 302.2903
 47.4716 305.0703
 50.3016 306.6003
 51.6916 310.9703
 63.6216 316.5103
 64.2616 318.8903
 66.6016 321.0803
 69.7016 327.0503
 68.8516 332.6803
 72.4716 334.9603
 76.6816 335.5103
 79.3816 337.7103
 81.7216 342.0603
 81.2216 344.7803
 80.0416 346.3903
 77.6716 347.9103
 73.3016 347.8203
 72.8816 351.2703
 69.2916 353.7303
 68.8316 356.7103
 70.7216 357.2303
 72.0216 360.1703
 72.4516 364.4703
 71.2616 369.3903
 84.0216 375.2203
 89.9516 375.4603
 98.6116 377.6303
100.8616 381.8903
 99.8516 386.4103
 97.6516 388.9303
 97.4916 392.6503
 94.5416 396.1903
 93.1916 399.5203
 95.7116 406.9503
 97.4716 408.5603
100.2916 409.5803
101.7316 411.4903
105.2216 413.2403

