545 793

Beograd
135
206.6527 447.9904
204.6327 447.6104
200.7527 444.2204
200.0327 440.8304
194.2127 439.8604
190.8227 437.9204
183.3227 445.6704
178.9627 451.9704
178.7127 453.6604
182.8327 454.1504
183.5627 456.5704
180.6527 459.2304
183.0727 462.3804
182.8327 465.5304
185.7427 467.2204
186.4627 471.1004
184.2827 472.7904
185.7427 474.9704
186.2227 479.5704
181.3827 483.4504
181.1427 489.9904
179.4427 492.6504
173.8727 482.4804
170.9727 484.4204
169.7527 487.3204
166.8527 489.5004
164.4327 489.2604
163.4627 485.3904
160.3127 484.1704
158.1327 486.8404
154.5027 488.0504
151.5927 490.4704
153.0427 493.6204
153.0427 493.6204
153.2927 498.2204
150.6227 500.1604
149.6327 505.1204
149.6327 505.1204
152.3527 507.1004
154.0227 510.1104
156.8527 512.6404
169.1427 518.5004
163.3227 523.0004
163.4527 524.4604
167.9627 527.7004
169.4327 530.9004
167.7727 534.4904
168.0927 536.9104
174.6727 538.6404
176.9127 540.2104
177.1327 542.4304
173.9127 546.3204
173.8527 549.4904
175.8527 553.5404
180.8327 557.6604
192.5227 563.2904
191.4327 567.0304
192.1127 569.9704
193.6127 571.5804
198.2827 572.9704
200.0827 575.2304
200.9127 577.9404
200.4727 581.5804
199.2327 584.0904
196.4927 584.8204
196.4927 584.8204
198.1827 587.0004
198.1827 587.0004
203.5127 588.2104
203.5127 588.2104
207.3327 588.4104
207.3327 588.4104
207.6227 581.7004
212.9927 576.6204
215.3927 570.8704
221.9627 567.8704
221.7027 565.7904
225.0727 558.3204
231.7427 558.5204
233.7427 557.4604
237.8527 541.1204
235.1127 533.2004
236.7427 527.3204
242.1027 523.6404
248.9327 513.7904
253.9427 510.5904
257.8827 510.0104
257.8827 510.0104
258.3927 509.9904
258.3927 509.9904
257.6127 506.1104
258.1027 500.7904
260.7627 500.0604
263.6727 496.1904
254.4627 494.7304
250.3527 491.5804
253.7427 488.4404
255.4327 485.2904
259.0727 485.2904
258.8227 482.3804
263.6727 477.0604
265.1227 472.4504
262.4627 470.2704
259.7927 470.5204
257.1327 472.2104
254.7127 471.4804
253.2527 465.9204
250.8327 463.0104
257.6127 456.4704
254.4627 454.7804
254.4627 454.7804
254.6927 449.9904
254.6927 449.9904
252.5827 451.7204
249.1927 452.4504
248.2227 455.3604
244.5827 455.6004
242.6527 453.9004
238.5327 454.3904
236.3527 457.2904
236.1127 460.9304
233.4427 462.1404
231.0227 461.4104
229.8127 459.7204
224.9727 458.5004
223.0327 466.9804
215.0427 468.4304
213.5927 470.1304
210.2027 471.1004
209.4727 467.7104
207.7727 465.7704
208.9927 463.1104
211.1627 461.9004
212.6227 458.7504
207.0527 451.7204

Severnobački_okrug
75
136.7827 713.1804
128.4927 707.5504
124.3727 706.3404
122.4327 703.6804
124.6127 701.9804
124.6127 698.1104
119.2927 691.8104
119.2927 686.9704
117.1127 684.0604
113.4727 684.3004
102.8227 690.1104
102.8227 690.1104
 98.4627 690.3604
 98.4627 690.3604
104.2727 694.4704
102.5827 697.8604
 96.0427 702.2204
 98.2227 704.1604
 98.4627 706.5804
 90.4727 710.7004
 87.5627 706.3404
 80.7827 712.8804
 78.3627 718.4504
 70.6127 726.4404
 68.6727 731.7704
 69.4027 735.6404
 66.9827 740.4904
 69.4027 743.3904
 71.5827 744.1204
 72.5527 746.7804
 67.9527 745.3304
 68.1927 749.6904
 63.1927 754.8504
 63.1927 754.8504
 63.6927 755.4004
 61.1527 759.5904
 71.7027 766.3104
 73.8427 763.4404
 78.2927 765.3604
 84.8027 771.8404
 84.7527 774.5104
 92.4827 778.9804
 90.3127 781.5704
 89.8727 783.6204
 91.3627 784.9104
 92.8527 784.4604
 96.3427 787.1104
 97.7827 789.9704
106.4927 788.4904
110.2927 792.2104
112.8227 790.4704
114.6327 791.7104
117.4027 788.4204
119.2627 788.4604
122.9127 784.0004
130.3527 780.6204
134.9927 784.6304
138.8627 785.5004
138.8627 785.5004
140.3527 780.4404
139.1427 777.7804
136.9627 775.8404
135.5127 765.6704
129.4627 752.8404
128.2527 743.1504
130.4327 739.2704
130.4327 736.6104
127.5227 735.8804
127.0427 732.7404
129.4627 728.1404
129.2227 723.0504
130.6727 721.1104
131.3927 717.7204
134.0627 716.0304
134.7827 713.8504

Srednjebanatski_okrug
148
197.7227 586.4104
194.2127 588.2604
191.3127 593.8304
187.6727 596.9804
187.6727 596.9804
190.3427 598.6704
190.3427 598.6704
188.8927 602.5504
193.4927 606.1804
195.9127 609.8104
193.0027 615.1404
181.6227 627.0104
186.9527 630.6404
188.4027 633.3004
185.9827 635.4804
181.3827 637.1804
179.2027 640.0804
179.2027 644.6804
181.1427 646.6204
181.8627 649.0404
180.4127 652.9204
176.7827 649.7704
173.3927 650.9804
174.3627 657.0304
173.1427 660.1804
169.7527 661.1504
168.7927 664.3004
166.1227 665.9904
163.2227 660.1804
160.5527 657.5204
158.8627 660.1804
159.3427 664.7804
161.0427 667.6904
159.1027 671.0804
166.6127 675.4404
169.7527 678.8304
166.1227 680.0404
161.0427 678.3504
160.7927 681.9804
164.4327 683.6704
164.6727 688.0304
156.9227 686.3404
156.1927 689.4804
157.6527 691.1804
166.1227 691.9104
163.9427 698.6904
166.3627 701.5904
166.3627 701.5904
171.9327 701.5904
171.9327 701.5904
174.6027 703.5304
174.6027 707.4104
171.4527 710.3104
173.3927 711.5204
175.0827 715.1504
190.8227 717.3304
195.4227 715.8804
198.3327 717.0904
202.6927 709.3404
203.9027 704.7404
208.0227 702.3204
207.0527 698.4504
200.5127 695.3004
200.5127 691.1804
196.1527 686.0904
199.5427 683.1904
206.0827 682.9504
213.5927 686.8204
216.2527 685.1304
221.5827 685.1304
219.8827 694.3304
221.8227 698.9304
227.1527 703.5304
229.5727 701.1104
233.9327 701.1104
234.4127 710.0704
236.8327 713.7004
237.3227 717.3304
239.9227 718.2804
239.9227 718.2804
242.7027 718.6604
243.8227 711.6604
244.7827 709.9704
246.6027 709.5804
249.0027 710.9204
254.3927 710.6804
255.6027 716.5704
260.7327 714.5304
259.7927 709.6404
258.7627 709.5104
258.0827 707.4504
258.0527 700.4404
257.2227 698.0904
258.1327 697.1604
258.3527 692.6104
256.3327 690.6004
255.0427 686.2904
253.2427 684.4404
254.0827 678.9604
257.0427 679.9404
261.9127 670.3204
258.7527 666.7404
253.6327 663.7504
254.7427 662.0004
253.9127 660.1004
262.0127 660.0604
266.4427 657.2604
268.2227 653.8404
267.4027 653.9104
266.8627 651.3704
265.9327 651.3304
270.7727 648.5104
273.3027 648.6204
275.2827 644.1904
274.5627 644.1004
274.7127 643.1404
276.9327 642.9604
278.4727 639.5004
281.3527 637.7504
283.1827 635.2704
285.0027 634.9504
285.5027 632.5404
285.5027 632.5404
283.6727 630.5904
273.0127 628.8904
267.4427 624.2904
259.4527 621.1504
264.7827 617.7504
263.8127 615.5804
260.4227 614.6104
253.8827 610.4904
248.3127 602.2604
238.8727 611.9404
230.3927 613.4004
228.7027 615.3304
226.7627 614.3604
225.0727 609.2804
218.7727 610.2504
216.5927 609.0404
213.6827 605.8904
211.2627 601.2904
211.7527 593.5404
209.0827 591.6004
208.1127 588.4504
208.1127 588.4504
203.5127 588.2104
203.5127 588.2104
198.1827 587.0004

Severnobanatski_okrug
96
169.9027 701.5904
169.9027 703.4304
167.7227 706.5804
157.5527 709.4904
151.4927 709.4904
146.8927 712.1504
137.6927 712.8804
137.6927 712.8804
134.7827 713.8504
134.7827 713.8504
134.0627 716.0304
131.3927 717.7204
130.6727 721.1104
129.2227 723.0504
129.4627 728.1404
127.0427 732.7404
127.5227 735.8804
130.4327 736.6104
130.4327 739.2704
128.2527 743.1504
129.4627 752.8404
135.5127 765.6704
136.9627 775.8404
139.1427 777.7804
140.3527 780.4404
138.8627 785.5004
138.8627 785.5004
145.1827 789.4504
153.3127 789.5004
157.1127 788.7404
158.8627 784.0704
161.7527 784.5404
162.3927 783.8304
166.8727 789.7804
168.4027 786.3304
172.1327 783.7204
174.9827 784.4304
177.4927 786.3704
183.9327 779.6004
186.1227 780.9204
186.6627 778.2504
188.7527 780.2904
188.1827 778.3504
190.6427 778.3104
188.3727 777.1104
189.3327 774.8004
193.0427 772.6204
194.0527 769.9004
198.3627 765.6204
197.9327 763.6404
200.1627 757.7604
198.9027 756.4204
206.5927 749.9904
211.9927 750.9204
216.6627 747.7404
220.8727 736.2704
225.2827 737.7404
224.8427 738.8704
227.8227 739.6504
229.4027 732.0004
231.1027 732.4304
231.6627 730.5504
233.3227 731.0004
239.6627 724.5104
238.4027 721.2804
239.9227 718.2804
239.9227 718.2804
237.3227 717.3304
236.8327 713.7004
234.4127 710.0704
233.9327 701.1104
229.5727 701.1104
227.1527 703.5304
221.8227 698.9304
219.8827 694.3304
221.5827 685.1304
216.2527 685.1304
213.5927 686.8204
206.0827 682.9504
199.5427 683.1904
196.1527 686.0904
200.5127 691.1804
200.5127 695.3004
207.0527 698.4504
208.0227 702.3204
203.9027 704.7404
202.6927 709.3404
198.3327 717.0904
195.4227 715.8804
190.8227 717.3304
175.0827 715.1504
173.3927 711.5204
171.4527 710.3104
174.6027 707.4104
174.6027 703.5304
171.9327 701.5904

Južnobanatski_okrug
121
257.8827 510.0104
253.9427 510.5904
248.9327 513.7904
242.1027 523.6404
236.7427 527.3204
235.1127 533.2004
237.8527 541.1204
233.7427 557.4604
231.7427 558.5204
225.0727 558.3204
221.7027 565.7904
221.9627 567.8704
215.3927 570.8704
212.9927 576.6204
207.6227 581.7004
207.3327 588.4104
207.3327 588.4104
208.1127 588.4504
208.1127 588.4504
209.0827 591.6004
211.7527 593.5404
211.2627 601.2904
213.6827 605.8904
216.5927 609.0404
218.7727 610.2504
225.0727 609.2804
226.7627 614.3604
228.7027 615.3304
230.3927 613.4004
238.8727 611.9404
248.3127 602.2604
253.8827 610.4904
260.4227 614.6104
263.8127 615.5804
264.7827 617.7504
259.4527 621.1504
267.4427 624.2904
273.0127 628.8904
283.6727 630.5904
285.5027 632.5404
285.5027 632.5404
285.7927 631.8304
291.6427 633.1504
291.4527 630.3804
294.0027 630.5404
296.0327 626.6504
302.2327 628.3404
304.2727 631.8804
304.9327 630.9104
306.0427 631.8104
307.1727 631.0904
306.8027 628.7904
308.1127 624.9904
310.3227 622.7904
309.6527 620.9904
311.6327 618.1404
312.7627 618.4504
318.9527 614.3104
321.1427 616.6204
325.5227 616.1004
329.8727 612.9504
331.1527 613.5504
334.3727 612.1604
336.0527 614.0304
339.7627 609.5404
345.7427 607.2404
347.4227 603.5004
350.3027 603.0304
351.7027 599.6304
351.5527 597.4504
345.2227 594.3904
344.2727 591.5404
345.8427 588.9004
342.4727 585.2204
341.6027 582.3904
342.2627 579.5304
337.9127 578.1604
335.7827 578.8704
334.3927 577.2504
332.2427 577.4304
329.8727 576.0604
333.3027 573.1304
332.7727 572.6204
336.9127 569.8604
335.9527 568.4404
339.9927 565.1104
344.1227 564.7504
353.9027 559.7604
354.8827 558.3604
355.8327 552.0604
349.3627 550.4904
347.2727 548.8504
344.1727 549.0004
343.7327 548.1804
341.7427 549.7604
340.1527 548.6904
338.4827 549.2704
335.8627 548.2804
331.1427 548.4704
329.6627 545.4804
330.2727 543.7304
328.9627 543.7304
330.0127 542.9104
329.2827 542.2504
330.4527 541.7604
329.5327 541.3404
329.7427 540.3204
329.7427 540.3204
311.8427 532.7404
306.2027 528.6804
303.0927 524.7304
297.8227 523.5004
293.0127 521.1504
288.9127 521.0004
288.9127 521.0004
286.9027 521.2904
286.9027 521.2904
282.6927 520.6804
273.5527 512.4804
266.5427 510.5704
259.7927 509.9304

Zapadnobački_okrug
108
 99.4727 690.3004
 98.4627 690.0204
 95.5527 682.9904
 98.7027 678.6404
 97.9827 676.7004
 93.1327 677.1804
 91.6827 669.9204
 88.7727 668.7104
 82.4827 672.1004
 76.9127 667.7404
 76.4227 663.6204
 73.2727 662.1704
 70.3727 659.0204
 71.5827 656.3604
 74.4927 654.4204
 73.0327 651.2704
 70.6127 652.4804
 66.4927 652.7204
 63.3527 650.5404
 60.9227 652.2404
 59.7127 654.9004
 58.0227 654.1804
 57.0527 651.0304
 48.8227 651.0304
 47.8527 653.4504
 44.7027 654.4204
 41.3127 652.7204
 37.6827 653.2104
 39.3727 655.1504
 34.0427 657.8104
 32.3527 659.9904
 28.9627 658.7804
 27.2627 659.7504
 27.9427 662.0304
 27.9427 662.0304
 30.0127 661.3204
 35.4127 661.8704
 37.1627 664.1004
 37.4927 666.8304
 33.0727 670.0204
 28.7727 670.6704
 27.2227 674.7504
 24.2827 674.6004
 23.1327 671.9204
 17.9627 670.6504
 15.5527 671.6804
 10.5627 676.9504
 11.0327 679.3604
 13.4527 682.8904
 11.9727 685.6304
 13.1527 686.8504
 16.5927 687.0304
 17.2427 690.8604
 19.9227 694.1704
 20.1727 696.8904
 15.3327 699.3704
 12.7027 702.2704
  9.6927 715.0304
  8.3927 717.2204
  5.9327 718.3504
  5.2427 720.0404
  6.0127 730.2204
  2.5227 732.9704
  2.0327 737.6304
  0.3427 740.0204
  1.2127 740.6904
  2.0927 738.9704
  7.1927 740.1204
  6.6727 741.9904
  8.7627 741.2104
 12.3027 744.7304
 19.4527 743.0704
 22.6627 744.1704
 23.8027 742.5304
 25.4727 742.7004
 23.7927 747.0704
 26.1627 750.0204
 34.7827 750.1904
 32.9827 756.8104
 38.2527 764.1104
 42.0727 763.4404
 43.6327 756.2004
 50.7927 755.5804
 50.4427 756.5904
 54.7127 756.7004
 55.2627 755.9904
 61.4727 756.2404
 63.1927 754.8504
 63.1927 754.8504
 68.1927 749.6904
 67.9527 745.3304
 72.5527 746.7804
 71.5827 744.1204
 69.4027 743.3904
 66.9827 740.4904
 69.4027 735.6404
 68.6727 731.7704
 70.6127 726.4404
 78.3627 718.4504
 80.7827 712.8804
 87.5627 706.3404
 90.4727 710.7004
 98.4627 706.5804
 98.2227 704.1604
 96.0427 702.2204
102.5827 697.8604
104.2727 694.4704
 98.4627 690.3604

Južnobački_okrug
148
 27.9427 662.0304
 27.2627 659.7504
 28.9627 658.7804
 32.3527 659.9904
 34.0427 657.8104
 39.3727 655.1504
 37.6827 653.2104
 41.3127 652.7204
 44.7027 654.4204
 47.8527 653.4504
 48.8227 651.0304
 57.0527 651.0304
 58.0227 654.1804
 59.7127 654.9004
 60.9227 652.2404
 63.3527 650.5404
 66.4927 652.7204
 70.6127 652.4804
 73.0327 651.2704
 74.4927 654.4204
 71.5827 656.3604
 70.3727 659.0204
 73.2727 662.1704
 76.4227 663.6204
 76.9127 667.7404
 82.4827 672.1004
 88.7727 668.7104
 91.6827 669.9204
 93.1327 677.1804
 97.9827 676.7004
 98.7027 678.6404
 95.5527 682.9904
 98.4627 690.0204
 99.4727 690.3004
 99.4727 690.3004
102.8227 690.1104
102.8227 690.1104
113.4727 684.3004
117.1127 684.0604
119.2927 686.9704
119.2927 691.8104
124.6127 698.1104
124.6127 701.9804
122.4327 703.6804
124.3727 706.3404
128.4927 707.5504
136.7827 713.1804
136.7827 713.1804
137.6927 712.8804
137.6927 712.8804
146.8927 712.1504
151.4927 709.4904
157.5527 709.4904
167.7227 706.5804
169.9027 703.4304
169.9027 701.5904
169.9027 701.5904
166.3627 701.5904
166.3627 701.5904
163.9427 698.6904
166.1227 691.9104
157.6527 691.1804
156.1927 689.4804
156.9227 686.3404
164.6727 688.0304
164.4327 683.6704
160.7927 681.9804
161.0427 678.3504
166.1227 680.0404
169.7527 678.8304
166.6127 675.4404
159.1027 671.0804
161.0427 667.6904
159.3427 664.7804
158.8627 660.1804
160.5527 657.5204
163.2227 660.1804
166.1227 665.9904
168.7927 664.3004
169.7527 661.1504
173.1427 660.1804
174.3627 657.0304
173.3927 650.9804
176.7827 649.7704
180.4127 652.9204
181.8627 649.0404
181.1427 646.6204
179.2027 644.6804
179.2027 640.0804
181.3827 637.1804
185.9827 635.4804
188.4027 633.3004
186.9527 630.6404
181.6227 627.0104
193.0027 615.1404
195.9127 609.8104
193.4927 606.1804
188.8927 602.5504
190.3427 598.6704
190.3427 598.6704
188.0827 597.2404
188.0827 597.2404
181.8627 604.7304
177.9927 604.0004
172.1827 604.4804
171.2127 606.9104
168.7927 607.6304
163.2227 601.8204
159.5827 602.3004
158.1327 604.2404
160.0727 606.1804
160.3127 610.0504
157.1627 610.5404
153.0427 605.2104
152.0827 602.0604
150.1427 600.6104
143.8427 599.4004
136.8227 600.3704
132.4627 599.6404
131.0127 597.9504
127.8627 599.6404
123.2627 599.8804
118.4127 599.8804
115.2727 597.9504
108.0027 598.6704
102.1927 598.1904
 99.0427 599.4004
 95.8927 599.4004
 90.0827 602.7904
 87.1727 602.3004
 82.5727 597.9504
 75.8327 603.8404
 75.8327 603.8404
 75.5927 606.5304
 76.8227 608.6504
 76.1627 615.0204
 68.5327 615.1304
 56.9827 617.0604
 38.6527 626.7004
 35.8727 634.0504
 27.5527 635.6004
 21.8227 640.5104
 21.2627 642.7004
 24.2327 646.1804
 26.1527 646.2504
 27.4027 649.7504
 22.9727 654.9604
 23.6227 661.4704

Sremski_okrug
143
188.0827 597.2404
187.6727 596.9804
187.6727 596.9804
191.3127 593.8304
194.2127 588.2604
197.7227 586.4104
197.7227 586.4104
196.4927 584.8204
196.4927 584.8204
199.2327 584.0904
200.4727 581.5804
200.9127 577.9404
200.0827 575.2304
198.2827 572.9704
193.6127 571.5804
192.1127 569.9704
191.4327 567.0304
192.5227 563.2904
180.8327 557.6604
175.8527 553.5404
173.8527 549.4904
173.9127 546.3204
177.1327 542.4304
176.9127 540.2104
174.6727 538.6404
168.0927 536.9104
167.7727 534.4904
169.4327 530.9004
167.9627 527.7004
163.4527 524.4604
163.3227 523.0004
169.1427 518.5004
156.8527 512.6404
154.0227 510.1104
152.3527 507.1004
149.6327 505.1204
149.6327 505.1204
144.7927 506.3204
144.1727 509.0604
146.2027 510.4204
150.7827 511.3004
154.1127 513.8904
153.9727 516.2804
146.4727 515.1304
143.2127 515.8904
137.2027 518.9104
127.8827 526.5004
118.7227 527.1204
116.0527 529.8604
114.7727 533.8304
115.0027 539.0404
123.0527 555.2904
121.7727 556.7304
118.4927 556.0404
115.8627 559.0904
111.1227 559.2904
104.0427 554.8704
 94.4127 554.3004
 90.9927 554.9204
 88.6327 558.3204
 84.7927 554.1604
 79.0827 557.3304
 77.6427 555.5104
 76.5027 557.9404
 74.1327 556.3704
 67.0127 558.0804
 66.3227 556.3304
 70.5727 553.8704
 70.7027 552.9004
 69.6327 552.2204
 64.1727 555.7604
 60.7427 554.9204
 57.8727 556.6604
 52.0927 553.6704
 50.4927 557.4104
 47.7427 558.2604
 44.3427 555.4004
 41.0227 554.0104
 39.6127 551.8804
 35.7027 550.5304
 33.7327 547.6804
 27.6227 546.2604
 25.9527 554.8704
 34.7427 556.0404
 37.9227 559.9104
 42.8627 561.9704
 44.4327 564.0304
 43.5827 564.9104
 43.8727 568.0204
 42.8827 568.8704
 39.1127 567.0104
 31.3727 568.2304
 36.7327 571.5804
 37.9727 573.9004
 37.0527 579.1504
 39.3327 581.5304
 39.4127 584.4904
 37.0527 587.1404
 38.2127 589.3604
 36.1827 592.4204
 36.2927 595.8404
 41.4627 595.1804
 43.2627 596.0604
 48.5327 603.7804
 48.9827 606.1104
 47.1327 608.2304
 47.3427 609.1504
 48.6127 609.2404
 58.6827 603.7404
 61.6427 603.7404
 62.6027 608.6904
 65.6627 608.9804
 70.5627 603.2304
 75.8327 603.8404
 75.8327 603.8404
 82.5727 597.9504
 87.1727 602.3004
 90.0827 602.7904
 95.8927 599.4004
 99.0427 599.4004
102.1927 598.1904
108.0027 598.6704
115.2727 597.9504
118.4127 599.8804
123.2627 599.8804
127.8627 599.6404
131.0127 597.9504
132.4627 599.6404
136.8227 600.3704
143.8427 599.4004
150.1427 600.6104
152.0827 602.0604
153.0427 605.2104
157.1627 610.5404
160.3127 610.0504
160.0727 606.1804
158.1327 604.2404
159.5827 602.3004
163.2227 601.8204
168.7927 607.6304
171.2127 606.9104
172.1827 604.4804
177.9927 604.0004

Mačvanski_okrug
165
153.3027 494.7404
148.8427 495.3104
147.8727 493.6204
144.7227 492.4104
141.3327 494.5904
135.0327 488.5304
138.4227 481.5104
138.6727 477.6404
138.4227 474.4904
136.4927 471.1004
136.4927 467.4604
134.5527 463.1104
131.1627 462.8604
127.7727 464.3204
125.8327 467.2204
121.7127 468.9204
117.6027 469.4004
115.4227 472.5504
109.1227 471.5804
106.4627 468.9204
103.5527 469.4004
102.5827 472.0704
 98.2227 474.0004
 95.5627 472.7904
 90.4727 472.7904
 89.0227 471.1004
 92.1727 468.6804
 92.4127 465.7704
 90.9627 462.1404
 90.9627 459.4704
 87.5727 459.2304
 86.3627 458.0204
 91.9327 452.6904
 91.6927 449.7904
 87.3327 449.0604
 86.3627 446.1504
 83.2127 444.2204
 80.7927 441.0704
 85.8727 437.4404
 90.4727 436.4704
 93.8627 434.5304
 98.7127 433.8004
101.1327 430.1704
101.1327 425.0904
104.2827 423.6304
106.9627 420.2404
107.1827 416.3704
106.2227 413.2204
104.5227 415.1604
102.1027 415.8804
 90.0327 407.4504
 88.5127 412.0404
 85.5527 413.0904
 85.5127 414.6404
 87.0827 416.6204
 86.3127 418.1304
 84.1327 417.5004
 82.2927 415.1904
 78.9927 417.1904
 77.5527 421.6604
 71.2427 424.3104
 71.2627 428.4004
 69.2227 430.8204
 69.8427 433.1804
 67.2027 436.6304
 66.8227 439.9304
 63.1927 439.7504
 60.9127 440.9604
 58.2027 438.9904
 55.4527 438.3604
 53.2327 439.7804
 51.8127 443.5904
 47.9727 442.0204
 46.2027 442.4704
 44.4927 445.5604
 41.5227 448.2904
 41.9827 452.1904
 39.7727 452.7504
 38.6827 455.0604
 39.7227 457.2904
 38.4027 457.2904
 37.9027 458.2804
 38.7227 462.7104
 42.9227 465.3004
 43.6727 466.7604
 43.6527 473.5004
 41.6327 480.4904
 39.9527 481.9504
 41.2527 485.7404
 46.9927 486.1204
 47.7227 488.5004
 50.0727 491.0004
 49.8727 492.6304
 48.1527 493.7204
 49.5227 496.7704
 53.6927 498.8004
 53.3427 501.7204
 55.3327 502.7604
 56.1527 505.3404
 57.4027 505.5004
 56.9527 507.0304
 58.1627 510.1904
 59.9427 511.7104
 60.6227 515.3704
 65.1727 517.7504
 63.6827 520.4204
 64.4127 522.7904
 63.7427 524.4404
 66.0227 523.6804
 67.0727 525.3704
 64.7927 527.5704
 65.1227 529.2804
 63.8727 530.2504
 64.4227 531.2104
 67.3927 531.7404
 66.6327 533.4204
 65.1127 532.7804
 63.1127 533.6704
 65.8127 535.3104
 65.0527 537.2804
 65.4227 538.3704
 66.8127 538.5704
 66.0627 540.0604
 68.0727 539.4104
 69.3427 539.9704
 71.6227 543.0204
 70.2827 545.5904
 72.5527 545.0004
 74.7227 547.7604
 73.0227 548.5004
 72.8827 551.3904
 70.3927 554.2304
 66.4727 556.3304
 67.1627 558.0804
 74.2827 556.3704
 76.6527 557.9404
 77.7927 555.5104
 79.2327 557.3304
 84.9427 554.1604
 88.7827 558.3204
 91.1427 554.9204
 94.5627 554.3004
104.2027 554.8704
111.2827 559.2904
116.0127 559.0904
118.6427 556.0404
122.4827 556.5104
122.8327 553.5204
121.0027 551.4804
115.1527 539.0404
114.9227 533.8304
115.8527 530.4304
118.8827 527.1204
128.0327 526.5004
137.3527 518.9104
143.3627 515.8904
146.6327 515.1304
154.1227 516.2804
154.2627 513.8904
150.3927 510.9904
145.3327 509.9004
144.1627 508.0304
144.9427 506.3204
149.5827 505.0704
150.7727 500.1604

Kolubarski_okrug
121
153.1527 494.7404
153.0427 493.6204
153.0427 493.6204
151.5927 490.4704
154.5027 488.0504
158.1327 486.8404
160.3127 484.1704
163.4627 485.3904
164.4327 489.2604
166.8527 489.5004
169.7527 487.3204
170.9727 484.4204
173.8727 482.4804
179.4427 492.6504
181.1427 489.9904
181.3827 483.4504
186.2227 479.5704
185.7427 474.9704
184.2827 472.7904
186.4627 471.1004
185.7427 467.2204
182.8327 465.5304
183.0727 462.3804
180.6527 459.2304
183.5627 456.5704
182.8327 454.1504
178.7127 453.6604
178.9627 451.9704
183.3227 445.6704
190.8227 437.9204
194.2127 439.8604
200.0327 440.8304
200.7527 444.2204
204.6327 447.6104
206.6527 447.9904
206.6527 447.9904
206.5627 447.1204
206.5627 447.1204
209.4727 446.8804
209.7127 438.6504
210.8527 437.3204
210.8527 437.3204
208.7427 433.8004
208.7427 433.8004
203.4227 427.2604
200.2727 426.3004
197.6027 421.4504
193.7327 420.4804
192.2827 416.8504
187.9227 416.8504
184.2827 415.1604
178.4727 415.6404
173.3927 411.0404
167.3327 410.3104
167.3327 410.3104
165.5127 409.7704
165.5127 409.7704
164.6727 411.2804
157.1627 412.0104
153.2927 411.5204
149.6527 409.1004
146.2627 411.5204
143.6027 416.6104
139.7327 417.5804
135.8527 415.6404
133.6727 412.9804
131.0127 415.4004
127.6227 415.4004
128.8327 412.7304
131.7327 410.3104
132.9427 406.6804
131.7327 404.5004
127.6227 404.5004
126.6527 408.1304
123.7427 412.2504
109.4527 420.7304
109.4527 420.7304
106.8027 420.2404
104.1327 423.6304
100.9827 425.0904
100.9827 430.1704
 98.5627 433.8004
 93.7127 434.5304
 90.3227 436.4704
 85.7227 437.4404
 80.6427 441.0704
 83.0627 444.2204
 86.2127 446.1504
 87.1727 449.0604
 91.5327 449.7904
 91.7827 452.6904
 86.2127 458.0204
 87.4227 459.2304
 90.8127 459.4704
 90.8127 462.1404
 92.2627 465.7704
 92.0227 468.6804
 88.8727 471.1004
 90.3227 472.7904
 95.4127 472.7904
 98.0727 474.0004
102.4327 472.0704
103.4027 469.4004
106.3127 468.9204
108.9727 471.5804
115.2727 472.5504
117.4527 469.4004
121.5627 468.9204
125.6827 467.2204
127.6227 464.3204
131.0127 462.8604
134.4027 463.1104
136.3327 467.4604
136.3327 471.1004
138.2727 474.4904
138.5127 477.6404
138.2727 481.5104
134.8827 488.5304
141.1827 494.5904
144.5727 492.4104
147.7227 493.6204

Podunavski_okrug
68
300.5427 427.1004
298.0527 427.4104
298.5427 431.2804
294.9127 432.0104
292.9727 430.3204
289.3427 434.4304
283.7727 437.5804
282.0727 442.1804
277.7127 440.4904
272.3827 440.4904
266.0927 443.1504
261.0027 443.6404
262.2127 448.7204
261.0027 449.4504
261.0027 449.4504
254.7127 449.6904
254.4627 454.7804
254.4627 454.7804
257.6127 456.4704
250.8327 463.0104
253.2527 465.9204
254.7127 471.4804
257.1327 472.2104
259.7927 470.5204
262.4627 470.2704
265.1227 472.4504
263.6727 477.0604
258.8227 482.3804
259.0727 485.2904
255.4327 485.2904
253.7427 488.4404
250.3527 491.5804
254.4627 494.7304
263.6727 496.1904
260.7627 500.0604
258.1027 500.7904
257.6127 506.1104
258.3927 509.9904
258.3927 509.9904
259.7927 509.9304
259.7927 509.9304
266.5427 510.5704
273.5527 512.4804
282.6927 520.6804
286.9027 521.2904
286.9027 521.2904
288.9127 521.0004
288.9127 521.0004
288.3727 512.9004
289.0927 509.2604
292.2427 506.3604
291.7627 502.7204
292.9727 499.8204
301.9327 496.4304
300.7227 486.2604
305.8027 475.3604
305.3227 470.2704
299.9927 464.2204
300.4827 460.1004
305.8027 458.1704
306.7727 453.8104
299.9927 451.6304
299.5727 447.3404
299.5727 447.3404
298.5027 445.1904
304.9327 436.2604
302.4327 433.0504
301.0027 428.4004

Braničevski_okrug
104
299.5727 447.3404
299.9927 451.6304
306.7727 453.8104
305.8027 458.1704
300.4827 460.1004
299.9927 464.2204
305.3227 470.2704
305.8027 475.3604
300.7227 486.2604
301.9327 496.4304
292.9727 499.8204
291.7627 502.7204
292.2427 506.3604
289.0927 509.2604
288.3727 512.9004
288.9127 521.0004
288.9127 521.0004
288.9127 521.0004
288.9127 521.0004
293.0127 521.1504
297.8227 523.5004
303.0927 524.7304
306.2027 528.6804
311.8427 532.7404
329.7427 540.3204
329.7427 540.3204
333.0827 537.6004
335.4727 531.8304
344.6427 531.7204
349.4227 530.5704
352.8727 531.0504
359.3827 528.6604
361.5227 525.7304
363.1327 520.5104
363.3927 513.9104
365.5027 510.9704
373.4527 511.5004
377.3327 509.4804
386.3927 511.1504
388.2127 509.5004
396.1227 508.9404
399.2427 507.8604
403.1727 508.2404
407.5927 506.0104
412.3827 505.5904
414.4227 500.3504
414.4227 500.3504
412.4127 499.2204
411.5827 494.5304
409.3727 492.6004
409.1027 490.6604
405.7827 490.3904
406.0627 483.2104
404.6827 480.1704
404.9527 474.9204
402.7427 472.4404
398.6027 472.1604
397.2227 468.3004
392.5327 468.3004
391.9827 465.2604
387.2827 460.0104
389.2127 457.8004
390.5927 453.9404
388.6627 452.0104
396.3927 450.6304
400.5327 447.5904
401.3627 435.7104
404.4027 433.7804
406.0627 437.1004
408.2727 438.2004
409.3727 434.3304
409.1027 431.0204
411.8627 427.7104
408.8227 421.9104
410.2027 417.4904
409.1027 413.9004
406.8927 411.9704
400.8127 412.2404
398.6027 409.2104
393.0827 410.0304
390.6827 406.6104
390.6827 406.6104
388.5327 410.5404
388.5327 410.5404
383.8927 410.5404
379.2527 413.4004
371.7427 413.4004
367.4627 417.3304
355.6727 418.0404
354.9527 423.0404
348.8827 428.4004
343.8827 428.0504
341.3827 430.5504
336.7327 430.5504
333.5227 428.0504
329.5827 430.5504
330.6627 432.6904
332.8027 434.1204
329.2327 436.2604
325.6527 444.1204
322.4427 445.9104
318.8727 439.4804
314.2227 440.1904
312.7927 444.8404

Šumadijski_okrug
99
254.6927 449.9904
261.0027 449.4504
261.0027 449.4504
262.2127 448.7204
261.0027 443.6404
266.0927 443.1504
272.3827 440.4904
277.7127 440.4904
282.0727 442.1804
283.7727 437.5804
289.3427 434.4304
292.9727 430.3204
294.9127 432.0104
298.5427 431.2804
298.0527 427.4104
300.5427 427.1004
300.5427 427.1004
299.2227 423.4004
299.2227 423.4004
301.7227 418.0404
306.0127 415.5404
304.2227 411.2504
297.7927 406.9704
296.0027 403.0404
298.5027 399.1104
298.8627 394.1104
293.8627 393.0304
289.2127 390.1704
292.7927 387.6704
293.8627 383.7404
292.0727 381.6004
291.7127 379.1004
288.5027 378.0304
285.6427 375.1704
286.7127 370.5204
290.6427 369.4504
275.6427 360.1604
273.9027 359.8704
273.9027 359.8704
273.4927 362.3104
273.4927 362.3104
269.9227 364.4504
263.8527 365.1704
260.2727 364.0904
256.7027 362.6604
255.9927 359.4504
258.4927 357.6604
254.5627 354.8004
248.4827 354.4504
240.6227 366.5904
240.6227 366.5904
238.3927 367.5904
238.3927 367.5904
238.7727 369.8704
234.9027 372.5304
231.5127 377.6204
228.3627 380.5304
225.4527 387.0604
234.9027 395.0604
238.5327 395.5404
239.2627 397.7204
235.8727 402.5604
226.4227 410.0704
226.1827 414.4304
223.7627 419.5204
221.3427 422.1804
217.9527 422.4204
213.5927 428.2304
213.3427 434.5304
210.9227 437.4404
210.9227 437.4404
210.8527 437.3204
210.8527 437.3204
209.7127 438.6504
209.4727 446.8804
206.5627 447.1204
206.5627 447.1204
207.0527 451.7204
207.0527 451.7204
212.6227 458.7504
211.1627 461.9004
208.9927 463.1104
207.7727 465.7704
209.4727 467.7104
210.2027 471.1004
213.5927 470.1304
215.0427 468.4304
223.0327 466.9804
224.9727 458.5004
229.8127 459.7204
231.0227 461.4104
233.4427 462.1404
236.1127 460.9304
236.3527 457.2904
238.5327 454.3904
242.6527 453.9004
244.5827 455.6004
248.2227 455.3604
249.1927 452.4504

Pomoravski_okrug
104
347.8427 350.7904
347.4527 351.8704
347.4527 351.8704
343.1627 347.2304
340.3027 345.8004
337.0927 345.8004
336.7327 348.3004
333.5227 348.6604
331.3727 350.4504
335.6627 352.5904
332.8027 353.6604
332.0927 356.1604
328.5127 356.5204
327.0827 353.6604
320.3027 353.3004
319.2227 360.8104
321.7327 362.2404
320.6527 366.8804
317.4427 364.0204
316.7227 353.6604
313.8627 352.5904
310.2927 349.0204
306.7227 349.0204
303.8627 350.0904
303.5027 347.2304
305.2927 343.6604
301.3627 342.2304
297.4327 343.6604
293.5027 343.6604
286.0027 346.5204
283.1427 344.7304
283.1427 344.7304
279.5427 348.0304
279.5427 348.0304
274.5727 355.8804
274.5727 355.8804
273.9027 359.8704
273.9027 359.8704
275.6427 360.1604
290.6427 369.4504
286.7127 370.5204
285.6427 375.1704
288.5027 378.0304
291.7127 379.1004
292.0727 381.6004
293.8627 383.7404
292.7927 387.6704
289.2127 390.1704
293.8627 393.0304
298.8627 394.1104
298.5027 399.1104
296.0027 403.0404
297.7927 406.9704
304.2227 411.2504
306.0127 415.5404
301.7227 418.0404
299.2227 423.4004
299.2227 423.4004
301.0027 428.4004
301.0027 428.4004
302.4327 433.0504
304.9327 436.2604
298.5027 445.1904
299.5727 447.3404
299.5727 447.3404
308.1527 448.0504
312.7927 444.8404
314.2227 440.1904
318.8727 439.4804
322.4427 445.9104
325.6527 444.1204
329.2327 436.2604
332.8027 434.1204
330.6627 432.6904
329.5827 430.5504
333.5227 428.0504
336.7327 430.5504
341.3827 430.5504
343.8827 428.0504
348.8827 428.4004
354.9527 423.0404
355.6727 418.0404
367.4627 417.3304
371.7427 413.4004
379.2527 413.4004
383.8927 410.5404
388.5327 410.5404
388.5327 410.5404
390.6827 406.6104
390.6827 406.6104
388.1827 404.4704
386.0327 396.2504
386.0327 396.2504
383.8927 389.8204
383.8927 389.8204
379.9627 383.0304
377.8227 376.2404
372.8227 375.8804
372.4627 374.1004
374.6027 365.8804
369.9627 360.8804
369.9627 360.8804
367.8127 359.0904
367.8127 359.0904

Borski_okrug
148
390.6827 406.6104
393.0827 410.0304
398.6027 409.2104
400.8127 412.2404
406.8927 411.9704
409.1027 413.9004
410.2027 417.4904
408.8227 421.9104
411.8627 427.7104
409.1027 431.0204
409.3727 434.3304
408.2727 438.2004
406.0627 437.1004
404.4027 433.7804
401.3627 435.7104
400.5327 447.5904
396.3927 450.6304
388.6627 452.0104
390.5927 453.9404
389.2127 457.8004
387.2827 460.0104
391.9827 465.2604
392.5327 468.3004
397.2227 468.3004
398.6027 472.1604
402.7427 472.4404
404.9527 474.9204
404.6827 480.1704
406.0627 483.2104
405.7827 490.3904
409.1027 490.6604
409.3727 492.6004
411.5827 494.5304
412.4127 499.2204
414.4227 500.3504
414.4227 500.3504
416.6527 497.9804
418.0327 489.0104
422.2227 486.1804
423.6427 480.6104
431.0727 476.0704
436.5127 476.7204
444.2027 493.3804
447.2227 497.6904
449.0927 503.8504
452.2027 506.3504
453.3527 510.2804
457.4427 513.3304
464.0227 513.9904
467.4027 518.3104
474.1727 520.4804
488.2427 505.3004
494.2827 501.9104
500.8527 502.4004
502.3127 500.5604
505.3127 499.6504
511.0127 492.9204
512.1327 488.1904
503.7927 483.8604
494.8027 489.8404
489.2927 489.9304
486.6527 487.1204
485.7527 479.5604
484.5127 477.5304
480.6827 475.7404
474.2927 477.0304
472.7127 475.5804
473.6327 470.9604
478.2027 466.4604
478.5727 460.4704
481.1927 452.9104
485.8327 446.1604
489.2327 444.6804
498.9927 442.8704
502.2227 439.3004
502.2627 436.0304
500.5727 432.1004
500.3027 428.4404
499.6427 429.8404
498.1127 428.0804
496.9227 428.7804
497.1027 427.0504
495.8327 425.4504
496.3227 424.6504
494.7127 424.3504
495.7227 422.8004
494.5427 422.0804
493.7727 422.6004
492.9127 421.0104
494.8327 419.6304
494.8227 417.5504
493.7127 417.9304
492.5127 410.5004
493.7727 408.6604
493.1427 405.2804
494.2327 404.3104
493.8827 402.6504
489.1027 402.4504
488.5327 400.9404
486.1827 401.5004
482.7227 400.5704
482.5927 399.6804
482.5927 399.6804
480.6127 399.6804
480.0627 401.3404
475.6427 398.5804
472.8827 399.9604
472.6127 406.8604
475.6427 407.6904
477.5727 410.1704
473.7127 414.3104
470.6727 414.3104
466.8127 420.3904
458.5227 419.2804
452.1727 420.6704
448.0327 422.3204
445.2727 426.1904
443.6127 420.1104
440.3027 417.9004
443.3327 414.0404
443.3327 410.7204
445.2727 407.9604
444.9927 402.4404
446.6527 398.8504
439.7527 391.4004
437.2627 386.1504
436.4327 379.2504
433.1227 378.1404
431.7427 375.6604
427.6027 373.4504
427.6027 376.2104
424.2827 377.0404
419.5927 387.8104
416.5527 387.2504
414.6227 384.4904
410.2027 385.6004
405.2327 388.6304
401.6427 395.2604
396.3927 395.2604
394.4627 393.6104
390.8727 394.9804
388.3927 393.0504
385.3727 394.2604
385.3727 394.2604
386.0327 396.2504
386.0327 396.2504
388.1827 404.4704
390.6827 406.6104

Zaječarski_okrug
141
482.5927 399.6804
483.8227 397.2904
481.9327 394.8304
470.9027 394.2204
470.3327 393.0204
466.4227 391.9004
467.1227 389.7804
466.1827 388.0404
466.1427 380.2904
463.6327 377.9404
464.3727 374.7804
463.3327 367.7704
459.6527 357.0904
462.8427 350.0504
465.2827 347.9104
464.4527 342.7004
465.5327 341.0904
466.1727 336.8904
468.3227 333.6204
471.7927 330.8204
475.3427 329.6204
476.9927 326.5804
475.4827 323.4804
477.3127 319.7104
476.6927 313.0204
482.7627 296.4704
484.9427 295.1104
488.1527 295.0604
491.0627 290.3104
498.9127 288.7304
500.3527 283.9804
500.3527 283.9804
498.2827 283.5704
495.5227 281.3604
488.0727 272.8004
482.2727 273.6304
479.2327 276.9404
478.9627 280.5304
476.1927 279.4304
475.3727 277.7704
470.9527 276.1104
467.3627 279.1504
464.6027 279.4304
459.9027 281.9104
456.8727 281.9104
456.8727 281.9104
456.8727 281.1704
456.8727 281.1704
457.1427 287.4304
458.2527 289.9204
455.4927 295.9904
452.7227 297.9304
451.3427 295.4404
447.7527 294.3404
441.1327 300.6904
438.6427 298.7504
431.4627 298.2004
430.0827 301.7904
427.0427 302.0704
424.8327 304.2804
419.3127 304.8304
419.8627 306.7604
417.9327 310.0804
418.2127 312.0104
413.2427 317.2504
409.6527 318.9104
406.8927 318.0804
407.7127 315.0504
412.1327 310.6304
412.1327 307.5904
409.1027 307.3104
407.7127 309.5204
405.5127 309.5204
404.6827 307.5904
402.1927 307.5904
401.3627 310.9004
399.4327 312.2804
395.0127 320.2904
392.2527 318.3604
385.0727 320.5704
382.3127 322.5004
381.4827 326.0904
378.7227 328.5804
374.3027 335.7604
374.0327 339.9004
375.6827 343.4904
375.1327 345.9704
372.9227 348.4604
375.1327 352.3204
370.9927 357.8504
369.9427 360.8604
369.9427 360.8604
369.9627 360.8804
369.9627 360.8804
374.6027 365.8804
372.4627 374.1004
372.8227 375.8804
377.8227 376.2404
379.9627 383.0304
383.8927 389.8204
383.8927 389.8204
385.3727 394.2604
385.3727 394.2604
388.3927 393.0504
390.8727 394.9804
394.4627 393.6104
396.3927 395.2604
401.6427 395.2604
405.2327 388.6304
410.2027 385.6004
414.6227 384.4904
416.5527 387.2504
419.5927 387.8104
424.2827 377.0404
427.6027 376.2104
427.6027 373.4504
431.7427 375.6604
433.1227 378.1404
436.4327 379.2504
437.2627 386.1504
439.7527 391.4004
446.6527 398.8504
444.9927 402.4404
445.2727 407.9604
443.3327 410.7204
443.3327 414.0404
440.3027 417.9004
443.6127 420.1104
445.2727 426.1904
448.0327 422.3204
452.1727 420.6704
458.5227 419.2804
466.8127 420.3904
470.6727 414.3104
473.7127 414.3104
477.5727 410.1704
475.6427 407.6904
472.6127 406.8604
472.8827 399.9604
475.6427 398.5804
480.0627 401.3404

Zlatiborski_okrug
177
165.5127 409.7704
164.9127 409.5904
164.9127 409.5904
165.1527 405.9504
163.9427 402.5604
166.6127 397.4804
163.2227 390.7004
169.7527 382.7104
168.0627 379.0704
168.0627 373.7504
169.7527 368.1804
169.7527 363.3304
173.3927 361.1504
171.6927 353.8904
174.8427 346.6204
179.4427 340.0804
179.4427 335.7304
181.3827 331.6104
178.4727 329.1904
174.3627 331.1204
170.4827 328.9404
170.0027 325.5504
166.8527 323.8604
162.9727 323.6204
159.5827 320.7104
154.9827 313.6904
150.8627 313.4504
150.3827 315.6304
148.6927 314.9004
146.0227 310.3004
146.7527 306.4204
151.1127 305.4504
158.3727 297.7004
162.7327 290.2004
163.4627 285.8404
167.3327 282.4504
168.3027 278.8204
170.7227 275.6704
169.7527 270.5804
174.1127 267.9204
178.2327 267.1904
181.3827 269.3704
189.1327 271.3104
192.2827 271.0704
194.9427 269.3704
194.3627 266.9204
194.3627 266.9204
190.9627 266.9204
190.9627 266.9204
189.1827 262.6304
190.9627 257.2704
187.0327 256.5504
184.8927 253.7004
188.8227 250.4804
190.2527 247.6204
193.1127 247.2704
194.1827 242.6204
179.1727 239.0504
177.3927 232.6204
172.3827 232.2604
169.8827 228.6904
168.1027 224.0404
164.5227 219.0404
164.1227 215.9204
164.1227 215.9204
151.7727 229.5304
149.2927 235.0504
144.8427 232.1504
137.9727 232.3504
135.7227 233.9804
133.9527 232.7504
132.4627 234.7704
127.7827 235.4104
125.5127 243.8204
124.0827 245.8404
122.6027 245.6804
121.1527 242.3704
119.1627 243.7704
112.9527 245.4704
108.4727 248.2904
104.4927 255.5204
 95.5927 261.0804
 92.7227 269.8604
 86.5227 272.2804
 84.7027 274.8004
 83.4927 279.8304
 79.7627 280.9504
 74.0427 286.0004
 68.1427 288.3504
 63.5527 291.4104
 54.5327 301.4904
 54.0427 307.8104
 56.5827 307.2804
 57.4027 308.3704
 57.8527 319.1004
 60.1927 320.0504
 67.9827 318.3904
 72.7827 320.6204
 74.0527 319.9604
 74.6127 318.1104
 75.8927 318.0904
 77.7327 314.0204
 79.4427 313.7704
 83.2427 316.4604
 89.3527 316.2904
 90.2727 317.3904
 89.1227 319.1204
 88.2927 319.0504
 89.3527 322.3704
 87.8727 325.3704
 89.3027 326.4804
 90.9127 324.5704
 92.6727 326.0104
 90.1627 341.6104
 84.4227 346.4604
 83.3527 350.2004
 81.0327 352.1304
 76.4927 353.7904
 75.0027 362.8004
 72.9227 364.5804
 70.4727 369.3404
 67.0127 371.3504
 66.5027 375.7304
 63.1027 377.2404
 62.6527 380.0204
 57.7827 383.9304
 55.1727 388.7104
 54.7127 393.7504
 56.3427 394.1904
 59.2527 390.9904
 64.5127 390.5004
 68.2727 387.8404
 70.1227 388.0104
 71.6427 385.8504
 74.8127 384.0704
 76.7527 385.2404
 80.0427 383.7004
 92.7027 383.3904
 94.5627 386.5904
 97.9427 388.5404
 97.6827 391.1104
104.9827 394.1504
104.1927 397.5504
105.3927 400.1904
104.7427 400.9804
102.8827 400.5504
102.4227 403.7004
100.7127 404.0704
 99.9127 400.3304
 98.9927 399.8304
 96.2427 404.1304
 91.3927 405.6904
 89.8827 407.4504
101.9527 415.8804
104.3727 415.1604
106.0627 413.2204
107.0327 416.3704
106.7927 420.2404
109.4527 420.7304
109.4527 420.7304
123.7427 412.2504
126.6527 408.1304
127.6227 404.5004
131.7327 404.5004
132.9427 406.6804
131.7327 410.3104
128.8327 412.7304
127.6227 415.4004
131.0127 415.4004
133.6727 412.9804
135.8527 415.6404
139.7327 417.5804
143.6027 416.6104
146.2627 411.5204
149.6527 409.1004
153.2927 411.5204
157.1627 412.0104

Moravički_okrug
109
238.3927 367.5904
237.4127 368.0204
237.4127 368.0204
231.6927 366.2404
228.1227 361.9504
228.4827 355.8804
221.6927 352.6604
218.8327 348.0204
216.3327 345.8704
210.6127 345.5204
211.3327 342.3004
214.1927 338.0104
214.9027 333.0104
212.4027 330.5104
208.1127 332.3004
204.9027 330.5104
203.4727 326.9404
207.0427 323.3604
204.1827 315.8604
197.0427 309.4304
200.2527 305.5004
205.6127 304.4304
207.7527 299.7804
212.0427 296.5704
209.1827 285.8504
212.0427 283.3504
211.6827 274.0604
207.0427 272.2704
202.7527 266.5604
202.0427 262.2704
198.4727 263.7004
194.5427 266.9204
194.5427 266.9204
194.3627 266.9204
194.3627 266.9204
194.9427 269.3704
192.2827 271.0704
189.1327 271.3104
181.3827 269.3704
178.2327 267.1904
174.1127 267.9204
169.7527 270.5804
170.7227 275.6704
168.3027 278.8204
167.3327 282.4504
163.4627 285.8404
162.7327 290.2004
158.3727 297.7004
151.1127 305.4504
146.7527 306.4204
146.0227 310.3004
148.6927 314.9004
150.3827 315.6304
150.8627 313.4504
154.9827 313.6904
159.5827 320.7104
162.9727 323.6204
166.8527 323.8604
170.0027 325.5504
170.4827 328.9404
174.3627 331.1204
178.4727 329.1904
181.3827 331.6104
179.4427 335.7304
179.4427 340.0804
174.8427 346.6204
171.6927 353.8904
173.3927 361.1504
169.7527 363.3304
169.7527 368.1804
168.0627 373.7504
168.0627 379.0704
169.7527 382.7104
163.2227 390.7004
166.6127 397.4804
163.9427 402.5604
165.1527 405.9504
164.9127 409.5904
164.9127 409.5904
167.3327 410.3104
167.3327 410.3104
173.3927 411.0404
178.4727 415.6404
184.2827 415.1604
187.9227 416.8504
192.2827 416.8504
193.7327 420.4804
197.6027 421.4504
200.2727 426.3004
203.4227 427.2604
208.7427 433.8004
208.7427 433.8004
210.9227 437.4404
210.9227 437.4404
213.3427 434.5304
213.5927 428.2304
217.9527 422.4204
221.3427 422.1804
223.7627 419.5204
226.1827 414.4304
226.4227 410.0704
235.8727 402.5604
239.2627 397.7204
238.5327 395.5404
234.9027 395.0604
225.4527 387.0604
228.3627 380.5304
231.5127 377.6204
234.9027 372.5304

Raški_okrug
137
279.5427 348.0304
278.8527 348.6604
278.8527 348.6604
274.5727 341.8704
274.2127 336.5104
271.7127 332.9404
271.3527 330.0804
278.1427 325.0804
277.4227 321.8604
273.4927 321.8604
273.4927 319.0104
275.2827 315.7904
275.6427 311.1504
277.4227 306.8604
273.4927 304.3604
269.2127 305.4304
266.3527 307.5704
263.4927 307.9304
260.6327 305.7904
256.7027 307.5704
254.9127 304.7204
259.5627 300.7804
256.7027 290.7804
257.0627 285.4204
262.7827 284.7104
267.0627 280.4204
266.3527 273.9904
260.9927 268.9904
263.8527 266.4904
261.1827 260.9504
261.1827 260.9504
260.9827 260.9504
260.9827 260.9504
258.3227 260.3104
254.3927 256.8304
251.2227 255.9104
243.5827 251.1404
235.2827 248.5904
235.8927 245.8604
241.4427 240.1904
240.5827 235.4604
241.1827 232.9104
242.1627 231.7304
244.5127 232.1504
244.4527 227.7604
246.5027 221.1304
246.6427 217.3104
246.1527 215.9304
238.6427 214.8404
238.6927 212.4904
234.9527 214.3604
229.9527 212.5604
220.1727 205.7104
218.6927 202.6004
218.9327 200.5404
223.9227 193.0604
223.8327 191.9804
223.8327 191.9804
223.0827 190.2904
223.0827 190.2904
221.5627 187.7504
219.4827 186.5304
200.4727 183.5404
200.4727 183.5404
202.6327 186.3904
202.8227 195.2404
201.6027 197.7504
195.5827 200.9604
195.1027 203.3904
189.1927 204.5104
186.0427 207.0004
176.1727 211.4504
171.8527 209.8704
167.2127 214.3304
164.1227 215.9204
164.1227 215.9204
164.5227 219.0404
168.1027 224.0404
169.8827 228.6904
172.3827 232.2604
177.3927 232.6204
179.1727 239.0504
194.1827 242.6204
193.1127 247.2704
190.2527 247.6204
188.8227 250.4804
184.8927 253.7004
187.0327 256.5504
190.9627 257.2704
189.1827 262.6304
190.9627 266.9204
190.9627 266.9204
194.5427 266.9204
194.5427 266.9204
198.4727 263.7004
202.0427 262.2704
202.7527 266.5604
207.0427 272.2704
211.6827 274.0604
212.0427 283.3504
209.1827 285.8504
212.0427 296.5704
207.7527 299.7804
205.6127 304.4304
200.2527 305.5004
197.0427 309.4304
204.1827 315.8604
207.0427 323.3604
203.4727 326.9404
204.9027 330.5104
208.1127 332.3004
212.4027 330.5104
214.9027 333.0104
214.1927 338.0104
211.3327 342.3004
210.6127 345.5204
216.3327 345.8704
218.8327 348.0204
221.6927 352.6604
228.4827 355.8804
228.1227 361.9504
231.6927 366.2404
237.4127 368.0204
237.4127 368.0204
240.6227 366.5904
240.6227 366.5904
248.4827 354.4504
254.5627 354.8004
258.4927 357.6604
255.9927 359.4504
256.7027 362.6604
260.2727 364.0904
263.8527 365.1704
269.9227 364.4504
273.4927 362.3104
273.4927 362.3104
274.5727 355.8804

Rasinski_okrug
122
347.4527 281.7804
347.0927 282.5604
347.0927 282.5604
338.8727 285.4204
335.3027 283.6404
331.3727 286.8504
328.1627 286.4904
327.4427 284.3504
324.5827 284.3504
320.3027 281.8504
313.8627 281.4904
312.0827 278.9904
312.4427 273.2804
310.6527 270.4204
306.7227 270.0604
306.0127 263.9904
303.8627 259.7004
298.8627 256.4804
296.0027 257.9104
292.4327 261.4804
287.7827 258.9804
285.2827 261.8404
283.1427 260.4104
282.0727 255.7704
280.2827 255.0504
280.2827 246.1204
278.1427 243.2604
277.0727 239.6904
277.3427 234.4904
277.3427 234.4904
277.1427 234.5804
277.1427 234.5804
273.6527 236.6804
270.1927 237.4604
266.9527 240.7004
266.0527 244.8704
267.3927 246.0704
269.6227 246.3404
274.2127 244.7604
274.4927 246.9204
267.6127 258.7004
264.1827 260.8604
261.6327 260.9504
261.6327 260.9504
261.1827 260.9504
261.1827 260.9504
263.8527 266.4904
260.9927 268.9904
266.3527 273.9904
267.0627 280.4204
262.7827 284.7104
257.0627 285.4204
256.7027 290.7804
259.5627 300.7804
254.9127 304.7204
256.7027 307.5704
260.6327 305.7904
263.4927 307.9304
266.3527 307.5704
269.2127 305.4304
273.4927 304.3604
277.4227 306.8604
275.6427 311.1504
275.2827 315.7904
273.4927 319.0104
273.4927 321.8604
277.4227 321.8604
278.1427 325.0804
271.3527 330.0804
271.7127 332.9404
274.2127 336.5104
274.5727 341.8704
278.8527 348.6604
278.8527 348.6604
283.1427 344.7304
283.1427 344.7304
286.0027 346.5204
293.5027 343.6604
297.4327 343.6604
301.3627 342.2304
305.2927 343.6604
303.5027 347.2304
303.8627 350.0904
306.7227 349.0204
310.2927 349.0204
313.8627 352.5904
316.7227 353.6604
317.4427 364.0204
320.6527 366.8804
321.7327 362.2404
319.2227 360.8104
320.3027 353.3004
327.0827 353.6604
328.5127 356.5204
332.0927 356.1604
332.8027 353.6604
335.6627 352.5904
331.3727 350.4504
333.5227 348.6604
336.7327 348.3004
337.0927 345.8004
340.3027 345.8004
343.1627 347.2304
347.4527 351.8704
347.4527 351.8704
348.8827 347.9404
348.8827 347.9404
348.8827 344.3704
351.7427 342.5904
350.6627 339.7304
347.0927 337.2304
345.6627 332.9404
349.5927 325.4404
353.5227 324.0104
354.9527 312.9304
358.5227 310.7904
358.1727 305.4304
354.9527 300.7804
356.3827 295.4304
359.2427 292.2104
356.3827 288.6404
352.8127 288.2804

Nišavski_okrug
133
456.8727 281.1704
456.8727 278.0404
456.8727 278.0404
455.2127 273.3504
447.7527 271.4204
446.1027 271.4204
443.6127 273.6304
439.7527 275.2804
436.9827 275.2804
433.1227 277.4904
432.2927 276.3904
431.4627 273.3504
432.8427 269.4804
432.5727 267.8304
435.8827 265.0704
435.8827 261.7504
431.1927 258.7204
428.7027 252.0904
429.5327 249.6004
436.1627 246.5704
442.5127 241.3204
449.6927 240.4904
451.0727 237.7304
449.9627 232.4804
447.2027 232.2104
443.8927 230.4404
443.8927 230.4404
443.8927 230.7404
443.8927 230.7404
441.9527 229.6404
440.0227 225.7704
437.8127 225.5004
436.7127 227.7104
431.7427 227.1504
431.4627 231.0204
428.4227 232.1204
419.3127 241.5104
414.8927 242.8904
410.4827 243.1704
403.0227 238.2004
402.7427 242.0604
400.5327 244.0004
395.5727 241.7904
389.4127 240.8004
389.4127 240.8004
388.8927 242.1904
388.8927 242.1904
386.0327 250.7704
384.9627 257.9104
381.3927 260.4104
376.3927 260.7704
374.6027 253.2704
372.8227 255.4104
367.4627 257.2004
365.6727 260.4104
367.4627 262.5604
367.4627 265.7704
363.1727 266.4904
359.9527 268.9904
358.8827 272.2004
361.3827 275.4204
362.1027 279.3504
355.3127 278.2804
348.8827 278.6304
348.8827 278.6304
347.4527 281.7804
347.4527 281.7804
350.6627 284.7104
352.8127 288.2804
356.3827 288.6404
359.2427 292.2104
356.3827 295.4304
354.9527 300.7804
358.1727 305.4304
358.5227 310.7904
354.9527 312.9304
353.5227 324.0104
349.5927 325.4404
345.6627 332.9404
347.0927 337.2304
350.6627 339.7304
351.7427 342.5904
348.8827 344.3704
348.8827 347.9404
348.8827 347.9404
347.8427 350.7904
347.8427 350.7904
355.6727 358.3804
367.8127 359.0904
367.8127 359.0904
369.9427 360.8604
369.9427 360.8604
370.9927 357.8504
375.1327 352.3204
372.9227 348.4604
375.1327 345.9704
375.6827 343.4904
374.0327 339.9004
374.3027 335.7604
378.7227 328.5804
381.4827 326.0904
382.3127 322.5004
385.0727 320.5704
392.2527 318.3604
395.0127 320.2904
399.4327 312.2804
401.3627 310.9004
402.1927 307.5904
404.6827 307.5904
405.5127 309.5204
407.7127 309.5204
409.1027 307.3104
412.1327 307.5904
412.1327 310.6304
407.7127 315.0504
406.8927 318.0804
409.6527 318.9104
413.2427 317.2504
418.2127 312.0104
417.9327 310.0804
419.8627 306.7604
419.3127 304.8304
424.8327 304.2804
427.0427 302.0704
430.0827 301.7904
431.4627 298.2004
438.6427 298.7504
441.1327 300.6904
447.7527 294.3404
451.3427 295.4404
452.7227 297.9304
455.4927 295.9904
458.2527 289.9204

Toplički_okrug
95
336.4027 188.0404
336.0927 188.4704
336.0927 188.4704
332.1727 187.5004
329.8927 192.0104
326.4927 195.3804
320.3627 196.9204
314.5527 196.3704
314.0327 197.8004
316.8727 206.4104
314.9827 212.0504
313.1927 213.3904
310.5227 212.7204
307.1627 208.0004
306.9027 224.3104
305.3427 230.1904
303.4127 230.0604
301.1027 227.9804
299.2027 233.5304
296.1427 236.6504
289.5427 233.6404
284.9227 235.7304
282.8327 234.3504
282.8327 234.3504
282.0827 234.0804
282.0827 234.0804
279.9927 233.3704
277.9727 234.2204
277.9727 234.2204
277.3427 234.4904
277.3427 234.4904
277.0727 239.6904
278.1427 243.2604
280.2827 246.1204
280.2827 255.0504
282.0727 255.7704
283.1427 260.4104
285.2827 261.8404
287.7827 258.9804
292.4327 261.4804
296.0027 257.9104
298.8627 256.4804
303.8627 259.7004
306.0127 263.9904
306.7227 270.0604
310.6527 270.4204
312.4427 273.2804
312.0827 278.9904
313.8627 281.4904
320.3027 281.8504
324.5827 284.3504
327.4427 284.3504
328.1627 286.4904
331.3727 286.8504
335.3027 283.6404
338.8727 285.4204
347.0927 282.5604
347.0927 282.5604
348.8827 278.6304
348.8827 278.6304
355.3127 278.2804
362.1027 279.3504
361.3827 275.4204
358.8827 272.2004
359.9527 268.9904
363.1727 266.4904
367.4627 265.7704
367.4627 262.5604
365.6727 260.4104
367.4627 257.2004
372.8227 255.4104
374.6027 253.2704
376.3927 260.7704
381.3927 260.4104
384.9627 257.9104
386.0327 250.7704
388.8927 242.1904
388.8927 242.1904
389.9627 239.3304
389.9627 239.3304
385.6827 233.6204
379.2527 230.7604
376.3927 230.4004
370.6727 225.0404
366.0327 224.6904
363.8827 221.8304
357.4527 218.6104
351.3827 218.6104
349.5927 215.7504
342.4527 211.1104
344.9527 206.4604
344.9527 202.5404
343.1627 201.8204
342.8027 198.2504
344.2327 195.3904

Pirotski_okrug
97
443.8927 230.4404
447.2027 232.2104
449.9627 232.4804
451.0727 237.7304
449.6927 240.4904
442.5127 241.3204
436.1627 246.5704
429.5327 249.6004
428.7027 252.0904
431.1927 258.7204
435.8827 261.7504
435.8827 265.0704
432.5727 267.8304
432.8427 269.4804
431.4627 273.3504
432.2927 276.3904
433.1227 277.4904
436.9827 275.2804
439.7527 275.2804
443.6127 273.6304
446.1027 271.4204
447.7527 271.4204
455.2127 273.3504
456.8727 278.0404
456.8727 278.0404
456.8727 281.9104
456.8727 281.9104
459.9027 281.9104
464.6027 279.4304
467.3627 279.1504
470.9527 276.1104
475.3727 277.7704
476.1927 279.4304
478.9627 280.5304
479.2327 276.9404
482.2727 273.6304
488.0727 272.8004
495.5227 281.3604
498.2827 283.5704
500.3527 283.9804
500.3527 283.9804
501.6527 282.8604
507.2027 283.1004
512.8527 279.8304
513.3327 277.4504
516.5827 273.7904
520.6127 271.4604
522.9627 265.6204
522.7227 263.1304
525.9827 260.2404
526.1527 258.5404
529.6927 253.0204
535.2827 248.9104
537.9927 249.6204
543.8027 246.8504
541.1927 242.3704
542.5927 240.9004
542.3227 236.9704
540.4627 232.1904
532.5027 227.0604
529.6027 219.1304
525.3627 216.9104
523.2827 213.5804
515.0127 209.7904
514.8927 205.6904
513.1927 203.7304
514.4027 200.7504
509.9627 192.9104
505.9027 192.9804
504.8527 191.7004
503.7327 192.4904
501.4227 189.5304
500.7927 191.1304
498.5927 192.2604
496.3627 191.4504
493.5227 194.5904
489.0627 193.9004
487.7427 191.3304
487.7827 189.0404
482.9227 191.9404
480.6927 190.6304
480.6927 190.6304
469.8427 192.9104
462.3927 201.4704
465.7027 205.3404
454.6627 211.6904
449.6927 213.6204
446.3727 213.6204
445.5427 215.5604
441.9527 216.6604
440.0227 219.7004
442.2327 222.1804
446.1027 222.4604
446.3727 224.3904
448.3127 225.5004
446.9227 227.9804
443.8927 228.2604

Jablanički_okrug
112
480.6927 190.6304
480.2927 187.9604
479.0727 186.5704
475.0127 183.3104
471.3627 182.1804
471.3627 182.1804
467.9127 182.2804
465.3227 180.1304
463.1627 180.1304
461.4427 176.2404
458.4227 174.0904
454.1027 173.2204
453.2427 170.6304
451.3427 169.4404
447.4827 169.4404
442.2327 171.1004
442.2327 176.9004
440.5727 176.9004
439.7527 175.5204
436.9827 179.9404
429.5327 176.3504
428.4227 178.8304
428.7027 182.7004
422.9027 183.2504
419.0427 180.2104
415.7227 182.9704
413.2427 182.9704
410.7527 177.4504
404.6827 176.6204
401.6427 178.8304
398.6027 178.5604
396.3927 176.9004
392.2527 176.9004
390.3227 173.8604
390.3227 171.6504
387.8327 168.6104
386.7327 161.4404
383.1427 160.3304
383.0427 158.5104
383.0427 158.5104
382.9227 158.5804
382.9227 158.5804
380.3027 158.4404
375.3627 152.6604
372.7027 151.5704
369.5227 154.2904
364.5427 163.0504
360.3027 165.7904
355.2427 167.0004
348.7727 166.8804
348.7727 166.8804
348.6427 166.9304
348.6427 166.9304
342.9627 169.9104
333.5227 170.6104
333.0427 175.3104
336.1527 180.8604
337.0427 187.1304
337.0427 187.1304
336.4027 188.0404
336.4027 188.0404
341.7327 191.1004
344.2327 195.3904
342.8027 198.2504
343.1627 201.8204
344.9527 202.5404
344.9527 206.4604
342.4527 211.1104
349.5927 215.7504
351.3827 218.6104
357.4527 218.6104
363.8827 221.8304
366.0327 224.6904
370.6727 225.0404
376.3927 230.4004
379.2527 230.7604
385.6827 233.6204
389.9627 239.3304
389.9627 239.3304
389.4127 240.8004
389.4127 240.8004
395.5727 241.7904
400.5327 244.0004
402.7427 242.0604
403.0227 238.2004
410.4827 243.1704
414.8927 242.8904
419.3127 241.5104
428.4227 232.1204
431.4627 231.0204
431.7427 227.1504
436.7127 227.7104
437.8127 225.5004
440.0227 225.7704
441.9527 229.6404
443.8927 230.7404
443.8927 230.7404
443.8927 228.2604
443.8927 228.2604
446.9227 227.9804
448.3127 225.5004
446.3727 224.3904
446.1027 222.4604
442.2327 222.1804
440.0227 219.7004
441.9527 216.6604
445.5427 215.5604
446.3727 213.6204
449.6927 213.6204
454.6627 211.6904
465.7027 205.3404
462.3927 201.4704

Pčinjski_okrug
111
471.3627 182.1804
470.5427 181.6304
470.8127 178.6604
472.6727 176.2604
473.2027 173.7404
478.3127 167.2504
477.9227 164.0804
476.7527 163.8904
474.4327 158.9004
472.9827 158.0704
475.1727 155.6104
472.3427 150.8004
473.7427 149.4304
470.3527 140.4504
470.1127 136.8204
474.2227 135.7704
477.8027 131.3504
480.8927 129.7404
484.0827 126.4804
485.7027 122.4504
483.7527 118.5604
482.6027 111.5704
481.0327 109.9804
480.6827 107.3204
475.3527 106.4304
475.5827 104.0104
472.8927 100.7304
473.2627  97.9504
472.0427  95.9204
469.5327  94.1704
468.4727  95.5304
465.9227  95.5504
465.1127  94.5504
460.8527  93.9104
460.2327  92.3904
458.2327  91.5504
447.7727 100.0604
444.7027  97.0204
439.7927  95.1004
439.9227  92.7504
441.3027  90.6204
440.8427  89.3704
439.4427  90.6804
436.3327  90.5704
433.8727  92.3204
428.3627  89.0504
418.9727  91.6004
417.0527  90.8204
413.3327  93.6604
405.0727  97.4404
403.9927  96.1304
402.9527  90.9404
400.1027  90.1904
394.9627  92.2504
389.6727  91.4304
381.9227  83.3904
369.2927  80.4804
361.5827  82.8204
361.5827  82.8204
361.7127  90.4704
359.1927  91.6904
357.7927  94.7304
358.0227  98.0504
360.0427 101.7904
363.9127 104.5904
365.2927 111.1904
364.2427 113.5504
365.1827 116.3004
368.8927 119.7104
375.5627 123.0904
378.0827 126.0704
380.6727 137.5804
384.0827 143.4904
389.2327 146.4404
387.3927 149.4804
386.8327 155.4204
383.9327 157.9804
383.9327 157.9804
383.0427 158.5104
383.0427 158.5104
383.1427 160.3304
386.7327 161.4404
387.8327 168.6104
390.3227 171.6504
390.3227 173.8604
392.2527 176.9004
396.3927 176.9004
398.6027 178.5604
401.6427 178.8304
404.6827 176.6204
410.7527 177.4504
413.2427 182.9704
415.7227 182.9704
419.0427 180.2104
422.9027 183.2504
428.7027 182.7004
428.4227 178.8304
429.5327 176.3504
436.9827 179.9404
439.7527 175.5204
440.5727 176.9004
442.2327 176.9004
442.2327 171.1004
447.4827 169.4404
451.3427 169.4404
453.2427 170.6304
454.1027 173.2204
458.4227 174.0904
461.4427 176.2404
463.1627 180.1304
465.3227 180.1304

Kosovski_okrug
130
253.8627 143.9004
254.9127 146.2604
255.6327 153.4104
261.7027 155.5504
262.4227 159.4804
267.4227 161.2704
270.2827 158.0504
273.1427 161.9804
276.7127 163.0604
279.5727 160.5604
280.2827 157.3404
284.9227 158.4104
292.0727 163.7704
294.9327 170.5604
293.1427 175.2004
295.6427 178.0604
300.6527 179.4904
299.2227 184.4904
294.2227 186.9904
293.1427 201.2804
294.5727 205.9304
294.9327 212.3604
288.1427 218.4304
285.6427 223.4404
285.6427 229.8704
282.5227 234.2404
282.5227 234.2404
282.8327 234.3504
282.8327 234.3504
284.9227 235.7304
289.5427 233.6404
296.1427 236.6504
299.2027 233.5304
301.1027 227.9804
303.4127 230.0604
305.3427 230.1904
306.9027 224.3104
307.1627 208.0004
310.5227 212.7204
313.1927 213.3904
314.9827 212.0504
316.8727 206.4104
314.0327 197.8004
314.5527 196.3704
320.3627 196.9204
326.4927 195.3804
329.8927 192.0104
332.1727 187.5004
336.0927 188.4704
336.0927 188.4704
337.0427 187.1304
337.0427 187.1304
336.1527 180.8604
333.0427 175.3104
333.5227 170.6104
342.9627 169.9104
348.6427 166.9304
348.6427 166.9304
348.7227 166.9004
348.7227 166.9004
346.0227 159.8404
340.6627 161.6304
337.0927 160.5604
343.5227 154.4804
343.8827 148.4104
339.2327 148.4104
333.1627 146.6204
332.4427 143.4104
329.2327 139.1204
325.6527 137.6904
320.3027 131.2604
325.6527 126.6104
323.8727 122.3304
321.0127 121.2504
320.6527 116.2504
323.8727 113.0404
324.9427 110.1804
322.4427 108.7504
324.2327 101.9604
318.5127  99.4604
317.0827  97.6704
319.9427  96.9604
319.9427  93.3904
318.5127  88.7404
321.3727  86.6004
321.3727  84.1004
322.8027  82.6704
332.8027  80.8804
334.0127  79.0604
334.0127  79.0604
328.6327  73.9004
325.7327  68.6904
322.5727  58.7904
320.2227  56.0204
317.6427  55.4604
312.2327  56.3004
309.6927  62.5004
306.2327  66.0004
304.8527  71.7204
302.4927  73.7604
298.4327  74.0404
293.4827  70.5504
291.5127  67.6204
282.9727  62.2304
282.9727  62.2304
282.0727  67.6604
276.3527  71.2404
271.3527  70.8804
268.1327  73.0204
268.4927  75.8804
275.6427  82.3104
279.5727  83.7404
282.4227  87.3104
282.7827  92.6704
280.2827 101.6104
275.6427 103.7504
279.5727 107.3204
280.6427 111.2504
277.0727 115.9004
274.2127 117.3204
273.1427 121.9704
262.4227 127.6904
262.4227 127.6904
259.2027 127.6904
259.2027 127.6904
258.4927 132.3304
259.9227 134.4704
257.7727 138.4004
259.2027 141.2604
255.9927 143.0504

Pećki_okrug
92
259.2027 127.6904
257.0627 127.6904
257.0627 127.6904
253.4927 125.5404
248.1327 125.1904
244.2027 131.6204
242.0527 132.3304
237.7727 128.7604
228.1227 129.4704
221.6927 123.7604
223.1227 111.6104
222.4027 101.9604
226.6927  98.0304
234.1927  94.8204
230.2627  93.7404
225.9827  88.7404
221.3327  85.1704
218.9427  77.7404
218.9427  77.7404
218.4527  79.6904
213.4727  85.0004
206.4427  87.4404
205.1527  89.6804
199.8627  91.5804
199.9927  92.8104
197.8027  94.8304
196.2727  94.7804
193.8127  92.6704
191.6927  94.1904
187.4327  93.2604
185.6827  94.3104
185.9027  96.1604
184.6027  98.4004
185.5927  99.2004
185.7527 102.0904
185.0527 103.9304
181.0127 107.5604
183.3627 110.4904
182.4527 113.5804
178.9227 116.6704
179.5627 118.5404
177.6427 120.5704
175.5027 126.1604
167.0727 130.7404
165.3727 133.9104
163.5527 134.6804
165.5227 140.3804
164.8627 146.0404
172.1127 154.0104
167.6927 159.5804
162.0927 162.8704
160.1027 168.3604
162.5527 173.7604
175.3727 169.9304
186.3227 169.1004
187.6927 169.7304
192.1327 175.5904
191.0827 178.8504
191.8627 180.2404
196.9727 184.0604
200.4727 183.5404
200.4727 183.5404
219.4827 186.5304
221.5627 187.7504
223.0827 190.2904
223.0827 190.2904
223.5927 191.4504
223.5927 191.4504
225.9827 190.9204
229.5527 194.1404
234.9127 191.9904
239.9127 183.0604
239.5527 175.2004
236.6927 172.7004
238.8427 171.2704
238.8427 164.8404
235.6227 164.1304
236.3427 160.9104
238.4827 159.4804
239.5527 154.8404
242.4127 154.4804
244.5527 156.9804
245.9827 156.6204
248.4827 148.0504
250.2727 147.3404
252.4127 144.4804
252.4127 144.4804
255.9927 143.0504
255.9927 143.0504
259.2027 141.2604
257.7727 138.4004
259.9227 134.4704

Prizrenski_okrug
70
282.9727  62.2304
276.4527  60.1604
271.1227  54.4204
266.5327  54.3804
263.7027  52.7104
257.7927  51.1804
252.4527  42.3704
252.8627  34.2404
254.5727  30.2404
254.1327  26.6504
256.0727  23.0204
250.0927  16.4904
241.5327  11.2504
235.7627   1.3404
234.2227   0.2804
232.2327   1.0404
228.9527   0.4004
226.7227   7.3704
226.6927  14.7604
228.3427  16.0704
231.0427  16.4004
228.7627  23.0904
234.3327  27.3404
234.9427  33.4704
233.2927  35.7304
231.0527  45.0904
227.9527  48.1004
225.9227  52.0304
227.3227  54.7104
226.7127  56.5204
227.5127  59.0504
226.2527  63.2504
224.3627  65.6204
221.8827  74.7204
218.9427  77.7404
218.9427  77.7404
221.3327  85.1704
225.9827  88.7404
230.2627  93.7404
234.1927  94.8204
226.6927  98.0304
222.4027 101.9604
223.1227 111.6104
221.6927 123.7604
228.1227 129.4704
237.7727 128.7604
242.0527 132.3304
244.2027 131.6204
248.1327 125.1904
253.4927 125.5404
257.0627 127.6904
257.0627 127.6904
262.4227 127.6904
262.4227 127.6904
273.1427 121.9704
274.2127 117.3204
277.0727 115.9004
280.6427 111.2504
279.5727 107.3204
275.6427 103.7504
280.2827 101.6104
282.7827  92.6704
282.4227  87.3104
279.5727  83.7404
275.6427  82.3104
270.9927  78.3804
268.4927  75.8804
268.1327  73.0204
271.3527  70.8804
276.3527  71.2404

Kosovsko-Mitrovački_okrug
93
282.5227 234.2404
285.6427 229.8704
285.6427 223.4404
288.1427 218.4304
294.9327 212.3604
294.5727 205.9304
293.1427 201.2804
294.2227 186.9904
299.2227 184.4904
300.6527 179.4904
295.6427 178.0604
293.1427 175.2004
294.9327 170.5604
292.0727 163.7704
284.9227 158.4104
280.2827 157.3404
279.5727 160.5604
276.7127 163.0604
273.1427 161.9804
270.2827 158.0504
267.4227 161.2704
262.4227 159.4804
261.7027 155.5504
255.6327 153.4104
254.9127 146.2604
253.8627 143.9004
253.8627 143.9004
252.4127 144.4804
252.4127 144.4804
250.2727 147.3404
248.4827 148.0504
245.9827 156.6204
244.5527 156.9804
242.4127 154.4804
239.5527 154.8404
238.4827 159.4804
236.3427 160.9104
235.6227 164.1304
238.8427 164.8404
238.8427 171.2704
236.6927 172.7004
239.5527 175.2004
239.9127 183.0604
234.9127 191.9904
229.5527 194.1404
225.9827 190.9204
223.5927 191.4504
223.5927 191.4504
223.8327 191.9804
223.8327 191.9804
223.9227 193.0604
218.9327 200.5404
218.6927 202.6004
220.1727 205.7104
229.9527 212.5604
234.9527 214.3604
238.6927 212.4904
238.6427 214.8404
246.1527 215.9304
246.6427 217.3104
246.5027 221.1304
244.4527 227.7604
244.5127 232.1504
242.1627 231.7304
241.1827 232.9104
240.5827 235.4604
241.4427 240.1904
235.8927 245.8604
235.2827 248.5904
243.5827 251.1404
251.2227 255.9104
254.3927 256.8304
258.3227 260.3104
260.9827 260.9504
260.9827 260.9504
261.6327 260.9504
261.6327 260.9504
264.1827 260.8604
267.6127 258.7004
274.4927 246.9204
274.2127 244.7604
269.6227 246.3404
267.3927 246.0704
266.0527 244.8704
266.9527 240.7004
270.1927 237.4604
273.6527 236.6804
277.1427 234.5804
277.1427 234.5804
277.9727 234.2204
277.9727 234.2204
279.9927 233.3704
282.0827 234.0804

Kosovsko-Pomoravski_okrug
66
334.0127  79.0604
332.8027  80.8804
322.8027  82.6704
321.3727  84.1004
321.3727  86.6004
318.5127  88.7404
319.9427  93.3904
319.9427  96.9604
317.0827  97.6704
318.5127  99.4604
324.2327 101.9604
322.4427 108.7504
324.9427 110.1804
323.8727 113.0404
320.6527 116.2504
321.0127 121.2504
323.8727 122.3304
325.6527 126.6104
320.3027 131.2604
325.6527 137.6904
329.2327 139.1204
332.4427 143.4104
333.1627 146.6204
339.2327 148.4104
343.8827 148.4104
343.5227 154.4804
337.0927 160.5604
340.6627 161.6304
346.0227 159.8404
348.7227 166.9004
348.7227 166.9004
348.7727 166.8804
348.7727 166.8804
355.2427 167.0004
360.3027 165.7904
364.5427 163.0504
369.5227 154.2904
372.7027 151.5704
375.3627 152.6604
380.3027 158.4404
382.9227 158.5804
382.9227 158.5804
383.9327 157.9804
383.9327 157.9804
386.8327 155.4204
387.3927 149.4804
389.2327 146.4404
384.0827 143.4904
380.6727 137.5804
378.0827 126.0704
375.5627 123.0904
368.8927 119.7104
365.1827 116.3004
364.2427 113.5504
365.2927 111.1904
363.9127 104.5904
360.0427 101.7904
358.0227  98.0504
357.7927  94.7304
359.1927  91.6904
361.7127  90.4704
361.5827  82.8204
361.5827  82.8204
349.2427  81.3004
344.6227  83.6704
341.4327  83.6704

