801 497

Central_Singapore
406
431.0904 419.1700
432.2704 418.7500
434.1904 418.2400
435.6304 416.6500
437.4804 415.3100
438.5704 413.7200
439.3204 412.3500
439.4104 411.0700
440.4004 409.5200
442.4404 407.4800
443.7104 406.2800
445.1304 405.5800
446.3904 404.5900
448.0704 404.0700
448.9904 403.9900
449.3204 403.2400
450.2404 402.8200
451.3704 402.7300
452.0404 403.9900
453.4704 405.3300
454.4804 405.3300
456.4904 405.2500
457.8304 404.9200
460.1004 403.4100
461.6904 402.4000
463.3104 401.8500
464.8904 401.3800
466.8004 400.9100
469.5904 400.8800
471.5504 400.4400
472.8104 400.3500
473.9204 399.7300
474.8004 398.9400
475.8304 398.0300
476.8904 397.3800
478.4704 396.0400
478.1704 395.7500
476.5704 393.3100
473.0204 387.8900
470.1204 385.7400
467.0304 384.2400
464.5004 382.5500
463.0004 380.7700
462.6304 375.9000
461.9704 374.7800
461.3104 373.1900
460.9104 371.3500
460.7404 370.5700
458.3104 366.7300
455.7804 365.7000
453.3504 364.4800
453.2604 358.3000
451.9504 356.5200
450.3604 355.6800
450.2304 354.0000
448.4904 351.0700
446.5904 347.6500
445.6404 344.0400
444.6904 339.8600
443.3604 334.7300
441.6504 330.3700
439.8104 327.2200
436.3304 327.4300
431.7504 328.2900
428.4604 328.8600
424.8804 329.1500
421.5904 327.5800
419.0204 323.4400
417.3004 319.0000
415.7304 312.8500
413.1604 308.2800
410.4404 303.8400
410.3004 297.9700
412.4504 295.6900
414.4504 291.4000
415.4504 287.5400
415.5904 284.5300
413.7304 282.6700
408.5804 282.3800
405.2904 280.9600
405.2904 277.2400
409.4404 277.1000
414.5904 276.2400
418.3104 275.3800
419.0304 272.5200
419.1704 268.0800
421.0304 263.5100
423.3104 259.6500
425.0304 258.7900
429.6104 257.3600
432.9004 255.9300
435.4704 252.0700
439.7604 249.0700
440.3304 244.2000
442.0404 241.6200
441.6604 240.2700
441.1804 238.6100
438.7504 237.6100
437.3204 236.7500
436.0304 234.4600
432.3104 231.4600
431.3104 228.0300
431.7404 226.6000
432.7404 224.8800
433.4504 223.3100
434.1604 220.5900
433.6604 219.5100
433.7504 218.7600
433.8904 217.2100
433.6904 216.1200
433.1504 214.5600
432.4004 213.1300
430.9004 211.7500
429.1204 210.3600
428.0604 209.7400
427.2904 209.2800
427.1504 208.6900
426.4404 207.1000
425.2604 206.4600
423.5604 204.5900
421.9204 203.0100
421.5904 201.0100
421.2004 197.7500
421.5604 194.7300
422.0404 192.5600
422.8704 189.8800
422.8004 188.1100
422.7304 185.8700
420.4904 185.2600
418.8604 185.3100
416.4804 185.3800
413.9004 185.5200
411.8604 185.8600
409.8904 185.7200
406.2904 185.9900
405.3404 182.5900
404.8504 181.5200
404.5204 179.1200
404.3204 177.6300
404.5804 174.2800
405.2304 173.6900
406.4904 170.5100
408.5304 170.3100
409.6704 172.9800
411.3904 175.5500
412.6704 177.9800
413.5504 179.4100
413.8904 181.2400
415.3804 181.3100
417.3504 181.1700
418.7804 180.6300
420.0704 179.8800
422.1304 179.3000
425.3904 177.8500
428.7704 175.6800
431.3104 173.3900
433.7304 170.6100
434.9404 168.9200
434.7004 166.9900
417.7004 153.6200
415.8004 153.6200
414.2904 154.0900
411.9104 154.8100
409.2904 155.7600
408.5304 156.4000
407.8504 156.6700
407.9204 157.6200
408.5304 158.0300
408.5304 159.0500
407.6504 159.5900
406.1104 159.4500
405.8104 159.6400
404.4604 160.3600
403.0304 160.7600
401.6004 161.4000
399.0704 159.3700
399.2604 158.3800
399.2904 142.8900
398.2004 142.0100
398.4004 140.7200
400.2404 138.7900
399.6804 138.3900
398.8104 139.1800
397.3804 140.8500
395.7104 142.6000
394.1304 144.1800
392.3004 146.2400
390.3904 147.9900
389.2804 147.9100
388.6504 147.3500
388.0604 146.0500
386.9804 145.0600
388.4104 143.4300
389.5604 142.0000
390.5104 140.7800
390.6504 139.7600
389.9704 139.7600
387.1404 142.9900
385.6304 144.1700
384.2004 145.1200
383.3804 146.4100
382.3604 147.4300
381.4804 148.1100
380.4104 149.2800
376.5204 149.5300
367.0204 149.6500
366.3504 149.1600
364.6004 148.2000
362.5404 147.0100
358.8104 144.7100
357.1304 143.5400
355.6504 143.3000
353.8904 142.2500
345.8004 142.2500
345.5604 143.4400
344.6804 143.5200
344.0504 143.9900
342.6104 144.1200
342.3204 143.4900
341.7504 143.6100
341.7204 144.1800
342.8904 145.0400
340.7704 146.4400
340.3404 145.2100
339.1904 143.5200
338.1804 143.9100
336.9904 145.0200
336.0404 145.9700
336.4504 146.6700
337.7104 148.0700
336.6204 148.8000
335.8404 148.8700
334.1404 149.7000
331.6704 151.7900
329.9604 155.0200
329.0104 158.0600
329.7704 161.1000
332.0504 164.3300
333.9504 166.2300
336.9904 168.8900
336.6104 172.3100
335.0904 174.5900
330.5304 174.4000
326.5404 174.5900
323.6904 175.7300
319.5104 175.9200
317.2304 174.4000
313.0504 175.7300
308.8704 179.3300
307.1604 182.5600
306.4004 188.0600
305.6404 193.0000
304.8804 196.4200
303.5504 199.8400
300.8904 201.7400
299.3704 205.7300
300.7004 208.7700
302.6004 212.1900
303.1704 215.6000
305.4704 213.8200
307.4204 212.1100
308.8904 210.6400
310.6004 210.8800
311.3304 214.3000
311.8204 216.2500
312.5504 218.9400
312.5504 221.6300
312.3104 224.3200
313.0404 227.0100
315.4804 230.9200
318.1704 234.8300
320.3704 237.2700
322.0804 239.4700
324.2804 239.9600
327.4604 241.1800
329.9004 244.3600
329.9004 247.2900
331.1204 251.2000
330.6304 254.8700
331.8504 257.3100
334.0504 258.7800
335.7604 260.9800
335.2704 264.1600
332.8304 264.6500
329.9004 264.6500
326.7204 266.6000
322.8104 270.7500
318.9004 274.1700
316.4604 276.8600
312.5504 279.5500
311.5704 283.7000
313.0404 288.1000
315.9704 291.7700
318.9004 293.4800
321.3404 296.9000
322.5604 301.0500
327.6904 305.4500
331.6004 308.3800
334.7804 310.8200
336.7404 315.4600
338.6904 321.3200
341.5004 325.8500
342.9504 331.6500
342.9504 331.6500
341.3804 334.2700
339.6704 336.4700
338.6904 339.8900
337.9604 344.2900
338.4504 349.9100
338.4504 356.5100
336.9804 362.3700
334.0504 366.2800
331.6104 370.6800
330.3904 372.8800
332.1004 375.0800
336.0104 375.8100
340.4104 376.3000
343.8304 378.9900
347.2504 383.6300
350.1804 389.4900
352.6204 395.6000
354.0904 400.4900
355.8004 406.1100
358.7304 410.0200
362.6404 411.7300
368.9904 411.0000
371.9204 409.7800
375.1004 406.3600
377.0504 403.1800
380.2304 399.5100
384.8704 399.0200
389.0204 401.2200
394.0204 401.3400
394.0204 401.3400
395.5604 402.0400
397.6604 402.8900
399.0604 403.0300
400.6404 403.0100
400.1704 401.7000
399.7904 400.6700
398.9504 399.2600
397.5404 397.2000
396.0404 395.8900
393.6004 393.7300
391.0704 392.4200
389.4704 391.8600
387.2204 390.4500
383.7504 389.6100
380.2804 388.3000
377.4604 387.7400
374.3804 387.0800
370.0504 386.6100
368.5504 385.4800
366.7704 384.6300
366.3004 382.4700
364.4204 381.2500
363.7604 380.1200
364.6004 378.4300
365.1604 377.1200
365.2504 375.2400
365.4404 374.3000
366.2804 373.8300
367.4104 374.3000
368.9304 375.9600
370.0904 377.3300
371.5704 379.4900
372.3104 382.0200
372.8604 383.2100
375.2504 383.2100
380.8804 383.0200
386.6104 383.4900
389.7104 384.8000
391.7704 386.4900
392.1504 386.6500
395.3804 388.0300
398.8604 388.7600
400.1704 390.3500
402.4904 391.1900
403.4104 392.3200
404.5304 394.0600
405.3004 395.3600
406.4404 396.3300
407.1904 397.0000
408.3404 398.4400
409.8204 399.7800
410.3104 401.3300
410.5204 403.5100
411.1504 405.2000
412.0704 406.4000
413.2704 407.7400
414.4704 408.3700
415.0304 408.6500
415.0304 409.8500
416.0904 411.6100
417.1504 414.6000
418.9104 416.5700
419.8304 416.9900
421.5504 417.5600
422.1404 417.8800
423.4004 417.8800
423.4504 417.9700
424.2604 418.5400
425.8204 418.8500
426.9904 419.0100
428.6904 418.8200
430.0104 419.2700

Central_Singapore
31
477.7704 404.7000
476.6204 403.7100
475.9604 403.6300
475.1404 404.0400
473.4904 404.1200
471.0204 403.9500
467.7204 404.2800
464.9204 404.6900
463.1904 405.4300
461.5404 406.4200
460.3904 407.1600
458.4904 407.5700
456.7604 408.0600
456.5904 408.7200
457.2504 409.9600
458.7304 411.0300
459.8804 412.5100
461.3604 414.8200
463.1704 416.7200
464.7404 419.1900
466.3104 419.2700
467.7104 418.3600
470.8404 416.5500
472.8204 415.4000
474.8804 414.0000
477.2704 412.4300
478.7504 411.1900
479.5704 409.7900
479.4004 408.8800
478.9004 407.9700
478.5704 406.3200

Central_Singapore
28
455.0204 410.7200
453.4504 408.9100
448.4204 408.9900
446.6904 410.1400
444.5504 411.7900
442.9804 413.5200
441.9904 414.7600
441.2504 416.0000
439.9304 416.9900
437.7904 418.5600
434.8204 420.9500
432.8404 422.1000
431.8504 422.7600
431.9304 424.5700
432.9204 426.1400
435.3104 427.5400
438.0304 429.7700
439.8404 430.9200
441.2404 431.5800
446.1004 431.8300
448.1604 430.8400
453.0204 428.2000
456.8904 425.3100
461.0104 422.5100
461.9204 421.6900
461.8404 420.5400
458.5404 415.8400
456.4004 413.1200

North_East
57
532.9304 386.4100
534.1904 385.3600
535.5204 384.3400
536.0104 383.1900
536.1104 381.7900
535.9004 380.9900
534.9604 380.7400
533.9104 381.0500
533.4204 382.0700
532.4104 382.9200
530.9804 384.3500
530.1704 384.8200
528.9904 385.4900
527.7304 386.2100
526.8604 386.2100
526.1204 385.4000
525.7004 384.4100
525.1804 384.4200
524.5104 384.8400
524.7604 385.8200
525.3604 386.5200
525.4304 387.5000
525.1404 388.9100
523.7704 389.9800
521.5204 391.7400
520.1504 392.2600
519.1804 393.3900
518.8604 395.0700
518.3004 396.3300
517.7004 396.8900
516.9304 398.1500
515.7304 398.8300
515.0804 399.4500
513.8904 399.7300
513.4804 400.7600
512.6604 401.5200
511.4104 402.2400
510.3204 403.2400
509.9304 404.2200
510.0004 405.2300
511.0904 405.6100
512.0304 405.5100
512.9404 404.7400
513.9904 403.9000
515.0404 402.4600
515.6004 400.9200
516.6504 400.4000
518.7904 399.5200
519.8804 399.0600
521.2804 398.3200
522.2904 397.2000
523.9304 395.7200
525.4704 393.7600
526.7304 392.2200
528.3104 390.7100
529.5304 389.4500
531.2504 387.7300

North_East
221
506.1604 404.0700
506.5804 401.8800
506.4204 400.2000
506.0004 398.6100
506.0004 397.1000
506.5004 395.8400
509.0404 394.6500
513.2204 390.8500
519.1004 385.1500
522.7104 382.5000
527.6504 379.0800
526.5104 376.4300
521.1904 373.2000
521.5704 370.9200
522.8904 369.3200
525.3704 371.1100
530.1204 373.7700
533.3504 375.2900
536.5804 375.6700
539.2404 373.7700
541.7104 371.3000
543.9904 367.7000
545.8904 363.5200
548.1704 359.7200
551.0204 358.5800
554.6304 356.8700
557.8204 353.7600
559.2504 352.2500
561.1004 350.8300
562.8604 350.7500
564.2904 349.4900
565.5504 348.9900
566.4704 348.1500
567.6504 347.4000
569.1604 347.3200
571.0104 346.3100
572.9404 346.3900
574.3704 345.9700
574.9504 344.4600
574.7004 343.2800
575.7904 342.7000
575.8704 343.4500
576.6304 345.0400
577.6304 345.0400
578.5504 345.0400
579.2204 344.0400
580.3104 344.6300
581.0604 344.8800
582.1504 344.2900
583.6604 344.0400
586.0104 344.0400
587.1004 344.9600
588.7804 345.2100
590.2904 345.6300
591.6304 346.0500
592.8904 346.3000
594.4004 345.7900
595.9104 344.6200
596.8804 344.3500
598.5404 344.1100
599.0304 345.9200
599.0304 347.3700
599.7004 348.9400
601.0404 349.3900
601.5904 350.3500
602.6004 351.0500
603.0604 348.0500
604.0104 345.2000
606.2904 342.3500
609.3304 339.6900
611.6104 338.3600
612.7504 335.1300
611.9904 331.5200
608.9504 330.0000
607.6204 328.4800
605.3404 324.6800
601.7304 321.0700
599.6404 318.6000
596.9804 316.5100
593.5604 313.8500
592.0404 312.9000
592.6104 310.0500
594.3204 308.1500
595.4604 304.1600
595.8404 299.9800
595.4604 295.6100
592.0404 294.2800
586.5304 293.1400
583.6804 291.8100
580.4504 289.5300
577.0304 286.3000
573.8004 283.8300
570.3804 280.7900
566.2004 279.6500
563.1604 279.6500
560.8804 281.7400
558.0304 283.6400
554.8004 283.4500
547.9704 282.8800
542.6504 282.3100
538.6604 283.2600
535.0504 284.0200
531.6304 284.4000
530.5904 281.4300
532.1504 280.9700
534.6604 280.7300
534.6204 280.0200
535.0404 278.4000
536.2804 278.2100
536.6904 276.1500
538.1504 276.0600
539.0904 275.3000
540.5104 273.7000
540.7104 272.1700
541.2804 271.7100
541.3104 270.5100
539.8004 268.6200
536.9504 267.8600
532.3904 267.8600
529.5404 266.1500
526.6904 263.6800
524.2204 262.9200
522.1304 262.5400
519.8504 260.0700
521.1804 257.2200
519.2804 255.7000
517.1904 252.6600
519.0904 250.5700
520.8004 249.4300
520.8004 246.5800
520.4204 244.6800
518.9004 243.1600
513.3904 243.3500
508.2604 242.7800
502.5604 242.0200
497.2404 241.2600
494.2004 241.6400
492.4904 243.9200
491.3504 247.5300
493.2504 250.5700
493.4404 253.6100
490.2104 255.7000
488.8804 258.7400
486.6004 262.1600
482.0404 266.5300
478.0504 269.7600
474.4404 274.1300
470.4504 275.6500
467.7904 278.1200
465.7004 280.5900
466.2704 283.8200
465.3204 288.0000
463.4204 290.0900
456.7704 290.4700
453.5404 291.6100
450.5004 292.7500
447.0804 293.5100
444.6104 296.7400
443.4704 299.0200
443.2804 302.8200
441.0004 305.6700
437.5804 308.1400
435.6804 311.7500
435.6804 317.4600
437.0104 321.6400
438.9104 325.8200
439.7304 327.2300
441.5704 330.3800
443.2804 334.7400
444.6104 339.8700
445.5604 344.0500
446.5104 347.6600
448.4104 351.0800
450.1504 354.0100
450.2804 355.6900
451.8704 356.5300
453.1804 358.3100
453.2704 364.4900
455.7004 365.7100
458.2304 366.7400
460.6604 370.5800
461.2204 373.2000
461.8804 374.7900
462.5404 375.9100
462.9104 380.7800
464.4104 382.5600
466.9404 384.2500
470.0304 385.7500
472.9304 387.9000
478.0804 395.7600
478.3804 396.0500
479.5004 397.0700
479.8904 398.8300
482.9304 400.3500
487.4904 401.7600
488.5304 402.8100
490.2904 402.7300
490.5004 404.0400
491.3004 404.8300
492.7304 405.1700
492.3704 406.8600
493.3304 407.8400
494.1704 408.6900
494.9204 409.4600
495.2304 411.0000
496.0904 411.9000
497.1004 411.9000
499.8404 412.0800
500.6504 412.8700
501.4604 413.6600
502.6404 413.9100
503.9004 413.3200
504.6504 412.6500
504.7304 411.2200
504.1404 410.3800
503.4704 409.7900
503.3804 408.7000
504.4704 408.6200
504.8004 407.8600
505.1304 406.6900
505.8904 405.7700

North_West
46
411.8304 461.2300
412.8104 461.2300
413.8404 460.2000
414.2204 459.0700
414.8804 458.2300
415.6304 457.4800
416.4704 457.0100
416.8504 456.7300
417.8804 455.8800
418.3504 454.4700
418.6304 452.9700
419.1904 452.1300
419.8504 451.1000
420.8804 450.3500
421.4404 449.6000
421.7204 448.7600
422.6604 448.2000
423.5004 446.9800
423.5904 445.2000
424.2504 444.2600
424.7204 443.4200
424.9104 442.2900
424.1604 441.6300
422.8504 442.0100
422.3804 443.0400
421.8204 443.5100
421.3504 444.5400
420.6904 445.2900
419.7504 446.5100
419.0004 447.2600
418.2504 448.2000
417.5004 449.2300
416.8404 449.7000
416.5604 450.9200
415.8104 451.8600
415.4304 452.8000
415.6204 453.9300
416.0004 454.4900
415.6204 455.5200
414.9604 456.1800
414.4904 456.8400
414.6804 457.5000
414.1204 457.9700
413.1804 458.5300
412.9004 459.7500
412.9904 460.5900

North_West
3
411.8304 461.2300
411.6804 461.2300
411.4904 461.4200

North_West
349
346.0804 490.9400
344.8604 489.6300
344.2004 488.2200
343.4504 486.5300
344.6704 485.1200
345.8904 485.6800
347.1104 486.5200
347.7704 487.6500
348.9904 489.3400
349.3104 489.5100
350.1204 489.8100
351.0604 489.6200
351.1604 488.6900
351.2504 488.3100
351.5304 487.0900
351.9104 486.2500
352.8504 485.8700
352.8504 485.6800
352.8304 485.6300
352.8404 485.3400
352.8504 485.3600
352.8504 484.8300
352.2904 483.9900
351.3504 482.7700
350.4104 481.6400
351.2504 480.8900
352.7504 480.9800
353.4104 482.6700
354.6304 484.4500
356.0404 485.0100
356.8904 485.9500
357.8304 488.0200
359.5204 490.5500
360.6504 492.4300
362.2504 492.6800
363.7304 491.8700
368.0204 489.3700
370.7404 487.4000
370.4604 486.4600
369.8004 485.4300
368.8604 483.8300
368.4804 482.7000
367.8204 481.8600
367.4404 480.8300
367.5304 480.0800
368.0904 479.4200
369.1204 478.8600
370.4304 479.3300
371.4604 480.6400
372.0204 482.0500
372.8604 483.1800
373.3304 484.2100
373.8004 485.6200
376.3304 485.6200
377.5304 484.8700
379.2104 484.0300
380.5504 483.1900
381.8904 481.8500
384.2004 480.4600
385.4104 479.5000
386.7404 478.8700
388.6104 477.0700
390.4604 475.7300
392.7304 474.0500
394.7404 473.2100
396.1704 472.5400
397.9204 471.9200
399.1904 470.6100
399.7704 469.3500
400.8604 468.0100
401.6704 466.3900
401.4904 463.9800
401.6704 463.8500
402.1404 462.7200
402.9904 461.4100
403.9304 460.5700
404.7704 459.6300
405.5904 458.6700
405.8904 458.6000
406.4504 457.4700
406.9204 456.5300
407.3904 455.1200
407.7704 453.3400
408.8004 450.8100
408.7504 450.7800
409.5504 450.0600
410.3004 449.3100
410.6804 448.5600
411.1504 447.4400
411.2504 447.4300
412.4704 446.4000
413.6004 444.7100
414.0504 443.0000
414.9704 442.0800
416.9804 439.8200
418.2404 437.7800
418.4204 435.7900
418.8904 434.7600
418.3804 432.3300
417.8604 431.6600
416.7304 430.8200
415.5104 429.7900
414.3804 429.4100
414.1004 428.9400
414.4804 428.3800
414.7604 427.8200
415.4204 427.6300
414.7604 426.8800
413.7304 426.6900
412.7004 426.6000
411.8604 425.5700
411.3904 423.6000
410.8304 422.6600
410.1704 421.1600
408.8604 420.8800
407.8304 420.1300
407.8304 418.8200
407.6404 417.0400
407.2604 414.6000
406.4204 413.3800
405.9504 412.0700
405.0104 411.3200
404.4104 410.7800
404.4504 410.3300
403.6104 409.3000
402.9504 408.4600
402.4804 407.7100
402.2004 406.1100
401.6404 404.7000
400.7804 403.0100
399.2004 403.0300
397.8004 402.8900
395.7004 402.0400
394.1604 401.3400
389.1604 401.2200
385.0104 399.0200
380.3704 399.5100
377.1904 403.1800
375.2404 406.3600
372.0604 409.7800
369.1304 411.0000
362.7804 411.7300
358.8704 410.0200
355.9404 406.1100
352.7604 395.6000
350.3204 389.4900
347.3904 383.6300
343.9704 378.9900
340.5504 376.3000
336.1504 375.8100
332.2404 375.0800
330.5304 372.8800
334.1904 366.2800
337.1204 362.3700
338.5904 356.5100
338.5904 349.9100
338.1004 344.2900
338.8304 339.8900
339.8104 336.4700
341.5204 334.2700
343.0904 331.6500
341.6404 325.8500
338.8304 321.3200
336.8804 315.4600
334.9204 310.8200
331.7404 308.3800
327.8304 305.4500
322.7004 301.0500
321.4804 296.9000
319.0404 293.4800
316.1104 291.7700
313.1804 288.1000
311.7104 283.7000
312.6904 279.5500
316.6004 276.8600
319.0404 274.1700
322.9504 270.7500
326.8604 266.6000
330.0404 264.6500
332.9704 264.6500
335.4104 264.1600
335.9004 260.9800
334.1904 258.7800
331.9904 257.3100
330.7704 254.8700
331.2604 251.2000
330.0404 247.2900
330.0404 244.3600
327.6004 241.1800
324.4204 239.9600
322.2204 239.4700
320.5104 237.2700
318.3104 234.8300
315.6204 230.9200
313.1804 227.0100
312.4504 224.3200
312.6904 221.6300
312.6904 218.9400
311.9604 216.2500
311.4704 214.3000
310.7404 210.8800
309.0304 210.6400
307.5604 212.1100
305.6104 213.8200
303.3104 215.6000
302.3604 219.0200
297.6104 219.9600
292.4804 222.8100
288.1104 225.4700
283.9304 228.5100
281.8404 230.7900
276.1404 230.7900
271.7704 233.2600
266.4504 237.4400
262.2704 242.1900
256.0004 246.1800
251.0604 250.1700
248.9704 252.4500
247.0704 255.3000
246.5004 257.3900
246.5004 263.4700
250.3004 262.7200
254.4804 262.7200
257.7104 263.6700
260.7504 265.9500
263.4104 267.8500
266.6404 268.6100
267.2104 272.9700
271.5804 272.9700
275.5704 273.5400
277.6704 275.8200
277.1004 280.1800
274.8204 282.4600
272.1604 283.9800
269.3104 285.3100
265.1304 290.4400
259.6204 296.5200
255.6304 302.0200
254.8704 307.7200
254.3004 316.8300
253.7304 322.1500
251.4504 325.7500
248.6004 331.0700
247.2704 336.7700
244.8004 342.8500
243.0904 348.1600
241.1904 352.9100
237.5804 356.7100
233.4004 362.9700
230.3604 369.2300
229.0304 377.7800
228.0804 383.2800
230.7404 388.7900
233.0204 392.0200
232.4504 399.6200
232.4504 404.9300
233.2104 413.4800
238.7204 418.7900
243.0904 423.9200
245.3704 427.5300
244.9904 433.6100
243.4704 438.3600
243.0604 441.2900
244.5204 441.3500
245.5804 441.5800
245.8404 441.1100
245.9904 441.6400
246.7404 442.3000
247.7704 442.9600
248.4304 443.4300
248.8104 444.2700
249.3704 445.6800
249.9304 446.2400
250.6804 447.2700
251.2404 448.9600
251.7104 449.9000
252.2704 450.8400
253.5804 451.3100
256.4904 451.5000
256.5804 452.5300
256.1104 453.1900
256.2004 454.3200
256.7604 455.6300
257.5104 456.6600
259.2004 457.6900
260.3304 458.5300
260.9904 459.3700
262.7704 460.1200
264.4104 460.6100
264.5104 460.7800
264.9804 460.7800
265.4604 461.1500
266.1104 461.6800
266.9104 462.1200
267.9404 462.2400
268.9904 462.4900
269.8404 463.0600
270.1304 463.2600
271.9004 463.3800
274.1704 464.8000
274.1904 464.9400
274.4004 464.9100
275.5304 465.5700
277.5904 466.7900
280.8804 469.1400
283.0404 471.2000
285.2904 472.9800
287.8204 474.2000
289.7004 475.7000
293.3604 478.4200
294.7704 478.8900
296.6504 479.9200
299.6504 481.8000
302.5604 484.1500
305.0904 485.7500
306.2604 486.5700
307.0904 486.8400
307.5304 487.4700
307.9004 487.7300
309.5004 488.4800
311.1004 489.0400
312.6304 489.9400
312.6304 489.9400
312.6404 489.9500
312.6904 489.9800
312.7104 490.0200
313.8104 491.0400
315.1504 492.9700
316.7204 493.6900
319.0704 493.7800
320.2504 494.2000
322.8904 494.6000
324.3904 495.0700
326.4504 495.0700
328.8104 495.2900
331.2504 495.9100
334.9404 495.9600
337.7904 496.3800
340.5604 496.4600
342.6604 496.4600
345.4304 496.2100
347.1104 495.7900
348.7104 494.7800
350.3904 494.1100
350.6904 493.3800
350.9104 493.0300
350.3204 492.8200
349.1904 492.4400
347.6904 491.9700

South_East
413
633.5204 364.9400
635.7304 364.2200
637.0404 364.2900
640.1904 362.9000
642.6904 362.2400
645.1504 361.4600
647.8404 361.1200
649.0704 360.3400
650.8604 360.0000
650.9604 359.8300
653.2204 358.7400
654.7704 357.6500
656.7704 356.5600
659.2304 354.1900
661.7804 352.0000
664.2404 348.3500
665.7904 345.7100
666.3404 343.2500
667.4304 340.7900
668.2504 338.5100
668.7104 332.0400
668.4404 328.2100
668.0704 325.2900
668.1604 325.2200
668.0704 314.7100
670.7104 314.5300
673.5404 313.3500
676.0004 311.8000
674.0004 306.7000
670.7204 299.1400
666.2704 288.4600
662.5304 279.7800
659.8004 273.1300
655.5204 264.0200
651.6904 254.7200
650.3204 251.4400
650.0504 249.6200
649.4104 247.4300
650.7804 245.3300
653.0604 244.7800
655.1604 244.6000
657.4404 244.9600
660.8104 245.6000
663.0904 245.7800
664.4604 246.1400
666.1004 246.4100
667.8304 247.1400
670.7504 247.8700
672.3904 247.6900
674.2104 247.1400
676.4004 246.4100
678.1304 245.5000
679.4104 244.6800
680.8704 243.5900
682.2404 243.1300
684.2404 242.7700
685.5204 241.9500
687.7104 241.3100
689.6204 239.9400
689.6604 238.7500
689.7604 236.0000
689.3304 234.0600
688.6804 233.2000
688.6604 233.1700
688.6104 233.1700
687.5604 232.2100
685.1104 231.5600
683.0204 230.9100
681.1104 230.4800
678.5904 229.6500
676.1804 228.4600
674.2404 227.4500
672.3704 226.9800
670.6104 226.2600
668.5204 225.5400
666.9004 224.8900
665.8204 224.5300
662.7304 224.2200
657.5704 223.6100
653.8004 223.8100
650.6204 225.5800
646.6604 227.4900
640.3004 229.8000
633.9904 228.4100
630.1704 227.0700
628.9004 233.4200
628.1104 234.7900
633.8404 247.6000
632.6404 247.8100
630.3804 242.2900
628.2604 238.4700
627.2304 234.7600
625.1104 234.2600
620.4404 234.5400
617.8604 233.7200
616.8704 233.2200
615.8804 232.6500
615.2404 232.9300
615.0904 234.3100
613.8604 234.3900
613.0104 232.8300
611.6804 233.2400
607.6804 233.1400
606.3104 233.1400
605.6304 232.4600
604.3804 233.0300
603.5804 233.0300
602.4404 232.5700
601.8704 232.0000
599.5904 232.0000
598.9104 231.2000
597.6604 230.8600
596.5204 230.8600
595.1504 230.1800
592.5404 230.1800
592.4804 229.9700
590.7404 230.2100
589.3904 229.8900
588.7604 229.1000
587.4904 229.1000
586.2104 228.4300
585.2604 227.7200
583.9904 227.5600
583.7504 226.8500
582.2404 226.9300
580.1004 226.3700
578.8304 225.2600
576.8204 224.0500
573.5204 223.4800
571.2404 223.0200
569.0804 222.2200
567.6004 221.3100
565.5504 221.0800
564.0704 220.6200
562.2504 220.1600
559.6304 219.5900
558.4904 219.0200
556.7804 217.7700
555.5304 217.0900
552.3404 216.7500
548.9304 216.0700
546.3704 216.6800
545.0604 214.7000
543.4504 215.4500
543.3504 215.4600
541.8704 215.7700
540.4204 214.8200
538.6704 214.9000
536.4504 214.3400
535.2604 213.1500
533.7504 213.3100
532.5604 213.2300
530.6004 213.6000
529.3504 213.0300
527.9804 212.5700
526.3904 212.2300
525.1004 211.0200
522.7304 210.5200
521.5404 210.3600
519.7904 210.3600
518.6004 209.9600
517.6504 209.0100
516.6204 209.0900
514.6904 209.3000
514.4004 208.6100
512.5004 208.2100
510.6304 208.0000
508.7004 207.4300
507.5004 205.9800
505.9104 205.6600
504.5704 205.0800
503.6904 203.8400
501.6304 203.7600
499.8104 203.2000
498.3804 202.9600
495.9204 202.8800
494.1904 202.6200
491.6204 202.1900
488.5504 200.8200
486.0504 200.2500
483.0904 199.3400
480.7804 197.7600
479.1904 195.9700
476.8104 194.3800
473.4004 192.9300
471.7804 191.8200
470.1604 191.0500
468.6204 190.1100
466.4204 189.2700
465.2904 190.0400
464.5204 189.9600
462.8104 189.1100
460.5904 186.8900
459.5704 185.6100
458.3804 185.1000
457.5304 185.1000
456.5904 185.1900
455.3104 184.5900
454.9204 183.5700
453.5704 182.3000
452.3804 181.0300
450.2404 179.1300
448.4804 179.5600
447.2804 179.5600
446.0904 178.7100
444.8904 177.5100
443.6104 176.2300
442.9104 174.9300
441.5704 174.3500
441.0704 173.0300
440.0304 173.4100
438.6604 174.7800
437.6704 176.4400
435.8404 177.7700
434.4204 179.7700
433.3104 181.2800
432.2804 182.8700
431.0104 184.8500
430.0604 185.9600
429.3604 188.3500
427.9104 191.6800
426.1204 194.8400
426.0504 199.8800
426.3604 200.8900
427.5804 201.0700
428.4304 200.3000
431.9304 200.1300
433.2104 200.5600
434.2304 200.9000
435.6804 201.2400
438.5804 201.2400
439.8604 200.6400
442.5104 200.3800
443.5304 201.4900
443.2604 202.8300
442.7604 203.5400
441.3204 204.3600
439.5004 204.5200
437.9104 206.1100
436.4004 207.7000
436.1904 211.8100
434.6604 213.1600
432.4304 213.1000
433.1804 214.5300
433.7204 216.0900
433.9204 217.1800
433.7804 218.7300
433.6904 219.4800
434.1904 220.5600
433.4804 223.2800
432.7704 224.8500
431.7704 226.5700
431.3404 228.0000
432.3404 231.4300
434.3404 233.0000
436.0604 234.4300
437.3504 236.7200
438.7804 237.5800
441.2104 238.5800
442.0704 241.5800
440.3504 244.1500
439.7804 249.0100
435.4904 252.0100
432.9104 255.8700
429.6204 257.3000
425.0404 258.7300
423.3204 259.5900
421.0304 263.4500
419.1704 268.0300
419.0304 272.4600
418.3104 275.3200
414.5904 276.1800
409.4404 277.0400
405.2904 277.1800
405.2904 280.9000
408.5804 282.3300
413.7304 282.6200
415.5904 284.4800
415.4504 287.4800
414.4504 291.3400
412.4504 295.6300
410.3004 297.9200
410.4404 303.7800
413.1604 308.2100
415.7404 312.7900
417.3104 318.9400
419.0304 323.3700
421.6004 327.5200
424.8904 329.0900
428.4704 328.8000
431.7604 328.2300
436.3404 327.3700
439.8204 327.1600
439.0004 325.7500
437.1004 321.5700
435.7704 317.3900
435.7704 311.6900
437.6704 308.0800
441.0904 305.6100
443.3704 302.7600
443.5604 298.9600
444.7004 296.6800
447.1704 293.4500
450.5904 292.6900
453.6304 291.5500
456.8604 290.4100
463.5104 290.0300
465.4104 287.9400
466.3604 283.7600
465.7904 280.5300
467.8804 278.0600
470.5404 275.5900
474.5304 274.0700
478.1404 269.7000
482.1304 266.4700
486.6904 262.1000
488.9704 258.6800
490.3004 255.6400
493.5304 253.5500
493.3404 250.5100
491.4404 247.4700
492.5804 243.8600
494.2904 241.5800
497.3304 241.2000
502.6504 241.9600
508.3504 242.7200
513.4804 243.2900
518.9904 243.1000
520.5104 244.6200
520.8904 246.5200
520.8904 249.3700
519.1804 250.5100
517.2804 252.6000
519.3704 255.6400
521.2704 257.1600
519.9404 260.0100
522.2204 262.4800
524.3104 262.8600
526.7804 263.6200
529.6304 266.0900
532.4804 267.8000
537.0404 267.8000
539.8904 268.5600
541.4004 270.4500
541.3704 271.6500
540.8004 272.1100
540.6004 273.6400
539.1804 275.2400
538.2404 276.0000
536.7804 276.0900
536.3704 278.1500
535.1304 278.3400
534.7104 279.9600
534.7504 280.6700
532.2404 280.9100
530.6804 281.3700
531.7204 284.3400
535.1404 283.9600
538.7504 283.2000
542.7404 282.2500
548.0604 282.8200
554.8904 283.3900
558.1204 283.5800
560.9704 281.6800
563.2504 279.5900
566.2904 279.5900
570.4704 280.7300
573.8904 283.7700
577.1204 286.2400
580.5404 289.4700
583.7704 291.7500
586.6204 293.0800
592.1304 294.2200
595.5504 295.5500
595.9304 299.9200
595.5504 304.1000
594.4104 308.0900
592.7004 309.9900
592.1304 312.8400
593.6504 313.7900
597.0704 316.4500
599.7304 318.5400
601.8204 321.0100
605.4304 324.6200
607.7104 328.4200
609.0404 329.9400
612.0804 331.4600
612.8404 335.0700
611.7004 338.3000
609.4204 339.6300
606.3804 342.2900
604.1004 345.1400
603.1504 347.9900
602.6904 350.9900
604.3504 352.4200
605.3704 354.1600
605.9304 354.7000
606.4804 355.0100
608.6504 357.4000
610.4304 358.9300
611.0004 360.8700
612.6804 361.6500
613.4604 362.8800
614.6904 363.3300
616.7004 363.8900
619.4904 364.2800
621.0804 363.8900
623.7504 364.6700
625.9704 363.6400
627.3404 363.6400
629.2504 364.4900
630.5504 364.8100
632.0504 364.9600

South_East
21
574.8804 376.8300
574.3504 376.6800
573.7504 376.7600
573.0004 377.2100
571.1204 379.1700
569.0104 381.0500
568.9304 382.1000
567.9504 383.3800
568.6304 383.5300
569.6104 382.7800
570.5904 382.6300
571.4904 382.1800
572.5404 381.7300
573.5904 381.3500
573.5104 380.5200
573.6604 379.9200
574.1104 379.5400
574.5604 378.8600
574.2604 378.3300
574.2604 377.7300
574.7904 377.1300

South_East
12
565.4804 387.0600
565.1004 386.6800
564.2704 386.9800
563.7404 387.8100
562.6904 388.8600
561.4104 389.9100
562.0904 390.2900
562.3904 390.1400
563.3704 389.9900
564.0504 389.5400
564.7304 388.8600
565.1104 387.8100

South_East
42
693.7104 398.8100
692.1304 398.5800
690.9504 398.9800
689.6504 399.7700
688.0104 401.1200
686.9904 401.9100
685.9204 403.2600
685.2404 404.7300
684.8404 406.0800
684.3304 407.4900
684.9504 408.3400
685.5104 409.0200
686.1904 409.9800
687.0904 411.1700
687.4804 412.4100
688.1004 413.7100
688.6104 414.5600
688.6704 415.4100
688.2804 415.8600
688.5104 416.4200
688.9104 416.8700
689.4204 416.5300
689.5904 415.4000
689.8204 414.3300
690.3804 413.8200
690.8904 413.2000
691.2304 412.3500
692.7504 412.0100
694.2704 411.7800
695.7404 411.2200
697.0404 410.7100
697.6604 409.3000
698.6204 408.1700
700.0304 406.4200
700.7104 404.7800
700.7104 403.4800
700.3704 402.1300
700.0304 400.9500
699.2404 400.0500
697.8904 399.9400
696.3104 399.6000
694.7904 399.2000

South_East
157
578.5604 407.5100
579.2604 406.9100
590.8004 406.9100
592.4104 407.6100
593.8104 408.3100
595.0104 408.7100
602.5304 408.6100
603.7304 409.0100
607.2504 409.0100
610.3604 408.5100
613.3704 408.0100
615.6804 407.3100
617.6904 406.9100
618.8904 406.5100
620.4904 406.4100
621.4904 407.6100
623.4004 407.3100
625.4104 406.9100
627.3204 406.9100
628.8204 407.5100
629.8204 407.9100
630.8204 407.8100
631.2204 406.3100
631.5204 405.7100
632.8204 405.9100
633.7204 406.7100
634.3204 407.2100
636.6304 407.5100
637.0304 406.5100
637.8304 406.0100
638.6304 405.0100
638.5304 404.0100
638.8304 402.2000
639.2304 401.2000
639.1304 399.8000
639.4304 398.4000
639.0304 397.5000
638.4304 395.9000
638.6304 393.8900
639.7304 392.9900
640.3304 392.3900
640.9304 392.0900
640.6304 391.3900
639.5304 391.6900
637.8204 392.1900
635.5104 391.8900
634.4104 391.1900
633.0104 391.7900
631.1004 391.1900
629.9004 390.6900
629.1004 390.2900
627.0904 390.2900
626.0904 390.7900
624.4804 391.1900
623.8804 390.5900
622.9804 390.2900
621.3804 390.5900
619.6704 390.9900
618.1704 390.5900
616.2604 390.4900
615.3604 389.9900
614.0604 389.1900
612.9604 388.8900
612.6604 388.0900
611.5604 387.7900
609.9604 387.3900
609.3604 385.9900
609.1604 384.7900
608.3604 384.3900
607.3604 383.8900
606.6604 382.9900
605.7604 382.0900
604.2604 381.7900
604.0604 382.8900
602.7604 382.9900
602.0604 382.6900
601.7604 381.9900
600.2604 381.0900
598.3504 380.8900
596.5404 380.2900
594.8304 379.8900
592.5204 379.1900
590.3104 378.3900
587.7004 377.9900
585.4904 377.7900
584.3904 376.9900
582.6804 377.1900
581.8804 378.5900
581.1804 380.3000
579.7804 382.4100
578.3804 383.3100
577.6804 385.1200
576.5804 386.8300
575.2804 387.6300
573.5704 387.9300
570.8604 387.9300
569.7604 389.1300
569.0604 390.5300
568.5604 391.8300
568.0604 393.9400
565.8504 395.9500
563.8404 396.6500
560.5304 396.9500
558.7204 397.9500
556.4104 398.6500
554.8004 399.4500
552.1904 401.6600
551.0904 402.6600
549.7904 403.3600
548.9904 403.3600
547.4904 402.9600
545.5804 403.4600
544.0804 403.4600
542.2704 404.3600
542.0704 405.0600
540.8704 406.6600
540.0704 407.5600
538.7704 407.5600
537.9704 406.6600
536.9704 406.5600
536.0704 407.1600
535.3704 407.6600
534.7704 408.3600
534.1704 409.2600
532.9704 409.7600
531.7704 411.0600
531.5704 412.2600
530.9704 413.6600
530.7704 414.9600
530.3704 415.7600
530.4704 417.1600
531.6704 417.4600
533.9804 417.9600
535.4804 418.8600
536.3804 419.6600
536.9804 421.1600
540.2904 421.4600
540.9904 422.1600
541.3904 423.4600
542.0904 424.1600
543.0904 424.1600
545.3004 423.5600
546.9004 422.3600
548.9104 421.7600
551.6204 420.3600
555.0304 419.0600
558.4404 418.0600
562.0504 417.3600
563.9604 416.3600
565.1604 415.4600
567.1704 414.7600
567.5704 413.9600
567.5704 412.3600
569.4804 410.6500
571.7904 409.6500
573.2904 409.2500
577.1004 408.7500

South_East
164
771.4604 424.3500
774.9704 423.0500
776.9804 421.3400
778.7904 420.1400
780.5004 418.9400
782.6104 417.3400
784.6204 415.0300
786.2204 414.2300
788.1304 413.5300
789.5304 412.3300
790.8304 411.0300
792.3304 410.2300
793.4304 409.8300
794.5304 408.4300
794.6304 406.4200
795.9304 404.8200
797.3304 403.2200
797.8304 401.8900
799.5404 399.4800
800.1404 397.6700
800.2404 393.7600
799.4404 391.6500
798.5404 390.1500
798.4404 388.2400
797.3404 386.5300
796.9404 385.1300
796.5404 382.4200
796.0404 381.3200
795.4404 379.8200
795.1404 377.6100
794.9404 374.8000
794.1404 373.9000
793.7404 371.3900
792.8404 368.7800
792.1404 366.7700
791.0404 365.4700
790.4404 364.5700
787.5304 363.5700
785.5204 362.6700
783.8104 362.0700
782.8104 362.6700
780.5004 363.6700
778.3904 364.6700
776.8904 365.3700
775.2904 364.9700
773.6804 364.0700
770.9704 363.2700
767.3604 361.5600
764.4504 359.9600
761.4404 358.1500
758.6304 356.8500
757.7304 356.3500
754.6204 355.5500
752.5104 354.4500
752.1104 352.8500
751.0104 352.0500
750.2104 351.4500
749.3104 350.7500
747.7004 348.9400
745.9904 347.5400
744.7904 347.3400
743.3804 346.4400
741.9804 345.9400
740.7804 346.8400
740.3804 348.1400
739.3804 348.9400
738.3804 349.2400
737.7804 350.8500
736.5804 351.3500
736.0804 352.1500
735.4804 353.5500
734.1804 355.1600
733.0804 356.0600
732.8804 358.2700
731.6804 358.6700
731.6804 360.1700
730.0804 361.2700
728.1704 363.3800
726.1604 365.8900
724.9604 367.6000
723.7604 369.3100
722.6604 370.4100
720.9504 370.4100
720.0504 371.4100
720.2504 372.4100
720.3504 374.2700
719.4504 376.1800
718.6504 377.4800
717.9504 378.5800
717.1504 379.8800
715.3404 381.6900
713.8404 382.6900
711.7304 383.2900
710.8304 385.4000
708.4204 386.0000
706.6104 386.6000
706.1104 387.8000
705.4104 389.5100
704.6104 390.1100
703.9104 390.7100
705.5104 391.8100
705.8104 392.7100
706.3104 394.1100
707.1104 396.1200
708.2104 397.9300
708.9104 399.2300
709.7104 402.5400
709.0104 404.9500
708.2104 405.8500
707.2104 407.6600
706.4104 409.6700
705.9104 412.1800
705.5104 414.2900
705.2104 416.7000
704.6104 420.0100
705.7104 421.2100
706.8104 421.4100
708.2104 420.4100
709.3104 420.1100
710.7104 419.5100
712.1204 419.3100
713.5204 419.3100
715.3304 419.3100
716.7304 418.6100
718.1304 418.8100
719.6304 419.2100
720.7304 419.5100
722.1304 420.1100
723.2304 421.4100
725.1404 423.2200
726.2904 423.9000
727.0904 424.9000
727.0904 426.4600
727.9904 427.3600
728.7904 428.0600
729.2904 428.9600
729.6904 430.1600
730.5904 430.3600
731.4904 429.9600
732.0904 429.0600
733.0904 427.8600
734.2404 426.9600
737.0504 426.7600
738.0504 427.4600
739.3504 427.1600
740.6504 425.8600
741.7504 425.6600
743.5604 425.3600
744.5604 424.0600
745.7604 423.8600
746.7604 424.5600
747.7604 426.3700
748.5604 427.1700
750.4704 428.1700
750.8704 430.0800
752.6704 430.8800
754.8804 430.5800
756.0804 430.3800
757.1804 429.4800
758.9904 428.8800
761.4004 428.3800
763.3104 427.6800
766.0204 427.0800
767.9304 426.0800

South_West
47
186.2404  11.9200
186.2404  11.1300
185.3404  11.2400
184.0404  11.0700
183.9304  10.4500
184.0404   9.7200
185.1704   9.3800
186.6404   8.8200
187.4304   7.6400
186.8704   6.7400
186.3104   5.8400
184.9604   5.7800
182.9904   5.4400
181.8004   5.0500
180.0504   4.8800
177.7404   4.0900
177.1804   3.7500
175.9904   2.7300
174.5204   1.6600
173.0504   0.2500
172.3704   0.2500
171.9204   1.3200
171.5204   2.3400
171.5804   4.7100
171.5804   6.7400
170.9504   7.4600
171.3504   8.3600
172.2004   8.9800
173.2704   8.9200
175.1304   9.2000
177.1004   9.5400
178.1704  10.1000
179.0204  11.0000
179.7004  11.9000
180.3804  12.9200
180.2104  13.6500
179.8704  14.2100
179.8704  15.2300
180.2104  16.4100
181.4004  16.5200
182.4204  16.1800
183.9404  15.7900
184.9004  15.0600
185.4604  14.3800
184.9004  13.9900
184.8404  13.2600
185.5704  12.6400

South_West
10
196.1904  39.8300
195.6404  39.1700
194.9604  39.3400
194.7904  39.9000
194.5104  40.5200
193.8304  40.8000
193.8304  41.5900
194.6204  41.5900
195.1804  41.4800
195.5804  40.6900

South_West
12
274.9604  46.0200
273.9904  45.8900
273.9104  46.4400
273.1904  46.8200
272.4304  46.9000
272.1304  47.4100
272.2104  47.8800
273.1804  47.7500
274.2004  47.4500
275.5504  47.0700
275.4704  46.6100
275.2204  46.1900

South_West
31
313.5004  35.8900
313.3004  35.3900
312.0004  35.6900
309.9904  36.0900
308.7904  36.8900
307.9904  37.4900
305.6804  38.5900
303.2704  39.8900
301.5604  41.3000
300.8604  42.5000
299.8604  44.3100
299.1604  45.3100
298.7604  46.5100
298.2604  47.6100
298.2604  49.8200
298.3604  51.2200
299.1604  52.0200
299.9604  51.4200
300.5604  50.7200
301.3604  49.6200
302.1604  48.9200
303.4604  47.8200
304.9604  46.9200
306.7704  45.4200
307.1704  44.0200
308.5704  42.5200
309.1704  41.6200
310.8804  40.2200
311.9804  38.6100
312.4804  37.4100
313.2804  36.7100

South_West
48
243.8504  49.0300
244.4404  47.9700
245.5004  48.1000
246.2204  48.2700
246.8104  48.1400
247.2304  47.3400
247.8604  46.8300
248.5804  45.9800
249.3004  44.9600
249.4704  43.9000
249.3404  42.4600
248.7104  42.2100
248.0804  41.7400
247.4504  40.8900
246.6904  39.7500
246.3504  38.0200
245.9304  37.5100
245.5104  37.3800
245.3404  38.1000
243.9404  38.2300
243.4304  37.6800
242.7504  36.7100
242.0304  36.2900
241.4404  37.0500
241.2304  37.9800
240.7604  39.5900
240.1704  41.7100
239.4904  43.4000
239.3604  45.1400
239.8304  46.4500
239.9604  47.9300
240.3404  49.2000
240.9704  50.8500
241.6504  51.7000
242.2404  52.4200
242.3204  53.0100
242.5704  53.9400
242.9904  54.9100
244.7704  55.0400
244.9404  54.5800
244.6904  54.2000
243.7204  54.0300
243.3404  53.8200
243.0904  53.1900
242.7504  52.3400
243.0504  51.8300
243.1304  50.7300
243.3404  49.7600

South_West
65
182.1504  49.4400
183.5604  48.9900
184.5204  49.6100
185.6504  50.4600
186.7204  51.0800
187.5104  51.7000
188.1904  51.9300
188.8104  51.3100
189.6004  50.4600
189.6004  49.9500
188.9804  49.4400
188.0804  49.4400
187.0604  49.1000
186.3804  47.8000
186.1504  46.4500
186.7704  45.4300
187.8404  44.5800
189.6504  44.3500
190.7804  44.0100
191.5704  43.2800
192.6404  42.2600
192.1304  41.5300
190.3204  41.3600
189.9804  39.9500
189.2504  38.0900
187.5604  37.8600
185.8704  37.5200
184.5704  37.7500
183.2704  38.2000
181.7504  38.5400
179.1504  38.4800
174.0704  38.4800
173.2804  38.1400
171.3604  37.4600
169.6104  37.6900
166.6804  38.4800
163.2904  38.9900
160.6404  39.2700
158.8304  39.8300
156.1804  40.0600
153.8704  40.3400
152.6804  40.9600
152.5104  42.2000
153.3004  43.3300
154.0904  44.2300
156.0104  44.4600
157.0804  44.8600
158.0404  45.5400
159.3904  46.6100
160.4604  47.8500
161.4204  49.2600
162.4904  50.3300
164.5204  51.6300
166.1004  52.5900
167.6204  53.3200
171.2904  53.8300
172.7004  54.1700
174.0504  54.6200
175.8004  55.4100
177.1504  55.6400
178.7304  55.3000
179.2404  54.1700
179.3504  53.5500
179.6904  52.2000
180.9304  50.7900

South_West
18
371.6504  57.7600
371.2404  57.7000
370.5904  57.9900
370.5904  58.4600
371.0004  58.6400
371.2404  58.8800
371.6504  59.1700
371.8304  59.6400
372.2404  60.2300
372.5404  60.8200
373.1304  61.0000
373.2504  60.4100
373.6004  60.1200
373.3604  59.6500
373.1204  59.5300
372.8304  59.0600
372.4204  58.6500
372.0104  58.2400

South_West
8
368.2304  61.7700
367.6404  61.7100
367.4604  62.3000
367.5804  62.8300
367.9904  63.3000
368.7604  63.2400
369.0504  62.5900
368.7604  62.0600

South_West
36
393.4804  72.7500
394.2504  72.1000
395.1904  72.1600
396.1904  71.1600
397.0204  70.6300
398.0204  70.3900
398.9104  69.7400
398.9704  69.1500
398.6204  67.9100
398.9104  65.7300
399.2604  64.3700
399.4404  62.3600
399.5604  60.6500
398.9704  60.1800
398.5004  60.4700
397.6704  61.1800
397.1404  61.8300
396.7304  62.4800
396.2604  63.1900
396.4404  64.0200
396.2504  64.9600
395.4204  65.2500
394.4804  66.0200
392.8904  67.3200
391.9504  68.5000
390.5904  69.6800
389.5304  70.9800
388.4104  71.6900
387.5304  72.2800
387.4704  73.3400
388.0604  74.0500
388.5904  74.7600
389.8304  75.0500
390.3004  74.5800
390.8304  73.5800
392.0104  73.1700

South_West
27
410.1204  69.0800
409.5304  68.7300
408.5904  69.2600
407.9404  69.9100
406.9404  70.4400
405.8204  71.5000
404.8804  72.6200
404.1104  73.5600
403.4004  74.4400
403.3404  76.1500
403.2204  77.1500
402.5104  78.0900
402.6904  79.2700
403.2804  79.5600
404.2804  79.5000
404.5204  78.9100
405.4004  78.3800
406.1704  77.6100
407.3504  76.4900
408.3504  75.4300
408.9404  74.4900
410.0604  74.0800
410.9404  73.3700
411.4104  72.6600
411.2304  71.5400
410.7604  70.9500
410.2904  69.8300

South_West
22
230.4404  74.6500
229.2404  74.1500
227.0304  74.2500
225.4304  74.0500
224.0304  73.7500
222.6304  74.7500
222.0304  75.3500
221.0304  76.2500
220.7304  77.6500
220.9304  78.7500
221.0304  80.1600
220.7304  81.0600
221.3304  82.0600
222.6304  82.1600
224.2304  81.5600
226.3404  80.7600
227.9404  80.0600
229.2404  79.1600
231.0504  77.9600
232.2504  76.7600
232.6504  75.8600
231.8504  74.8600

South_West
18
402.1504  86.1900
401.5004  85.3100
400.6704  84.7800
399.6704  84.6600
398.7304  85.1900
397.9004  85.6000
398.1904  86.0700
399.0704  86.1900
399.5404  85.9500
400.2504  85.8900
400.7804  86.0100
401.2504  86.8900
401.9004  87.6600
402.2504  88.6000
402.8404  88.4200
402.8404  87.8900
402.8404  87.3000
402.3104  86.9500

South_West
14
409.0004  86.1900
407.9404  86.0700
407.5904  86.3600
407.7104  86.8300
408.3004  87.1200
408.7704  87.4100
409.3004  87.7000
409.5404  88.7600
409.8304  89.4100
410.5404  89.5900
410.8904  88.8200
410.6504  87.9400
410.1204  87.2900
409.5304  86.7000

South_West
16
380.6204  84.9500
380.0904  84.8300
379.4404  85.4200
378.8504  86.0700
378.2004  86.9000
377.5504  87.5500
377.0204  88.3800
376.3104  89.4400
376.0204  90.6200
376.9004  89.9100
377.2504  89.3800
377.8404  88.8500
378.5504  88.2600
379.5504  87.3200
380.1404  86.5500
380.6104  85.7800

South_West
22
239.1604  84.1800
238.0604  83.9800
237.1604  84.9800
237.1604  85.9800
236.4604  86.7800
235.4604  87.7800
234.8604  88.4800
233.6604  89.3800
233.3604  90.6800
233.5604  92.3900
234.5604  94.4000
235.5604  96.0000
237.8704  96.7000
238.6704  96.2000
239.1704  95.8000
239.6704  94.3000
240.2704  92.7000
240.6704  91.5000
241.2704  90.0000
241.1704  88.5000
240.4704  87.1000
239.7704  85.6000

South_West
25
216.4904  88.9900
214.4804  88.2900
212.7704  88.5900
211.1704  89.1900
210.3704  89.5900
209.4704  90.4900
209.5704  91.3900
209.0704  92.5900
209.9704  93.7900
211.5704  94.3900
212.6704  95.3900
214.5804  96.2900
216.4904  97.2900
217.5904  97.7900
219.0904  98.2900
221.3004  98.2900
223.1104  97.8900
224.6104  96.9900
225.4104  95.5800
226.1104  94.5800
225.8104  93.4800
225.1104  92.6800
224.0104  91.9800
221.9004  91.0800
218.9904  89.5800

South_West
96
260.7204  93.3000
261.3204  92.3000
262.6204  92.5000
263.2204  92.7000
263.6204  92.1000
263.9204  91.6000
265.5204  90.7000
265.9204  89.7000
266.9204  88.8000
268.9304  87.0900
270.6404  85.5900
271.8404  84.1900
272.6404  83.0900
272.1404  82.5900
272.0404  81.7900
273.2404  80.5900
273.8404  79.7900
274.6404  78.4900
274.8404  77.3900
273.8404  76.7900
272.2404  76.8900
270.1304  76.9900
269.7304  78.0900
268.7304  77.8900
268.0304  77.2900
266.7304  77.3900
265.9304  78.3900
265.6304  79.5900
265.3304  81.4000
264.7304  82.4000
264.1304  83.2000
261.5204  85.0100
260.6204  85.7100
259.7204  86.1100
258.2204  86.5100
257.2204  87.0100
256.0204  87.0100
255.5204  86.1100
255.7204  85.3100
256.5204  85.1100
257.6204  84.4100
258.7204  83.8100
259.7204  83.0100
260.6204  82.3100
260.4204  81.6100
259.6204  81.3100
259.2204  80.5100
257.8204  80.2100
257.2204  79.2100
256.4204  78.4100
254.3104  78.3100
252.4004  78.0100
249.2904  78.3100
247.2804  78.8100
245.7804  79.2100
243.9704  79.4100
242.7704  79.9100
241.9704  80.9100
241.8704  82.3100
242.4704  83.6100
242.9704  84.5100
243.9704  85.5100
244.5704  86.1100
244.7704  86.8100
245.7704  86.9100
246.8704  86.2100
248.7804  85.4100
250.4904  85.3100
251.8904  85.7100
252.4904  87.3200
251.4904  88.3200
249.1804  88.3200
247.5804  89.0200
245.6704  90.2200
245.0704  91.6200
244.6704  93.5300
243.8704  95.4400
243.3704  96.5400
243.1704  97.9400
243.2704  99.9500
243.2704 100.7500
243.9704 101.5500
244.4704 102.4500
245.9704 102.8500
247.0704 102.6500
249.2804 102.2500
250.4804 101.8500
252.2904 101.2500
252.9904 100.4500
253.6904  99.3500
254.5904  98.6500
255.6904  97.5500
257.0904  96.9500
258.4904  96.1500
259.4904  95.1500
260.1904  94.2500

South_West
143
333.3304 135.1200
335.4504 134.5700
337.8104 134.7300
339.0704 134.1800
340.3304 133.9400
341.2704 134.1800
342.2104 134.7300
343.0004 135.2000
343.4704 136.0700
344.1804 136.4600
344.2604 135.5200
345.1304 134.3400
347.1704 133.7100
349.4504 132.1400
353.0704 130.8800
355.0404 128.9900
356.9304 128.3600
358.9704 127.4900
361.3304 127.1800
363.6904 127.2600
365.8904 127.5700
367.5404 127.5700
369.1904 126.7000
370.1304 126.3100
371.1504 125.6000
372.8804 124.8100
374.7704 124.5700
375.8704 125.2000
377.1304 126.0700
379.0204 126.3100
380.5904 126.3100
382.0804 126.0000
383.5704 125.8400
384.2004 125.1300
384.4404 123.4800
383.9704 122.3800
384.9904 121.7500
386.1704 121.9100
386.5604 122.7800
387.2704 122.9400
388.6104 123.8800
389.6304 124.2700
390.9704 124.8200
393.1704 125.1300
394.5104 124.5800
395.5304 123.9500
395.5304 122.8500
394.9804 121.9100
394.5904 120.5700
393.4104 119.0800
392.1504 117.7400
391.2104 116.1700
390.0304 114.6000
389.4004 113.2600
387.9104 111.2200
387.0804 110.6700
386.2904 110.1200
385.9804 108.8600
385.4304 109.0200
385.4304 109.9600
385.3504 110.9800
385.1904 111.6900
384.2504 112.4800
383.5404 113.1100
382.9104 113.5000
382.1204 114.0500
381.2504 114.0500
380.9404 112.8700
381.1004 111.8500
381.1004 110.3500
381.1004 109.2500
380.5504 108.1500
380.3104 106.9700
381.1804 105.7900
381.8904 105.0800
381.8904 104.6100
381.2604 104.4500
380.7104 103.7400
379.6104 102.8000
378.9804 102.4100
377.6404 101.7800
376.8504 101.3100
376.3804 100.8400
375.6704 101.3900
374.8804 101.6300
374.0904 101.1600
372.6004 100.8500
371.4204 100.4600
370.4004 100.2200
369.4604  99.5900
368.9904  98.6500
367.6104  98.4900
366.1204  98.9600
365.4104  99.4300
364.4704 100.2200
364.1604 101.7100
363.6904 103.4400
362.5904 104.1500
361.4904 104.7800
361.4104 105.7200
360.6204 106.1100
358.9704 107.0500
357.6304 108.2300
356.6904 109.5700
355.4304 110.6700
354.4904 112.0900
353.7004 113.8200
352.9104 115.0000
351.8904 115.7900
351.9704 115.3200
350.5504 115.9500
349.9204 116.1900
349.4504 117.3700
348.9004 118.0000
347.8804 118.7100
345.6004 118.7900
345.2104 118.4800
344.9004 118.0100
343.7204 118.2500
343.0104 118.8000
341.9904 119.5100
341.1204 120.5300
340.2504 121.5500
339.0704 123.1200
337.8904 123.7500
336.4704 124.7700
335.2904 125.4000
335.0504 126.5000
334.0304 127.1300
332.5404 128.2300
331.4404 129.4900
330.1004 130.2000
328.2904 130.5900
327.6604 131.4600
327.1104 132.6400
326.7204 133.5800
325.9304 134.8400
325.4604 135.4700
325.7004 136.2600
326.7204 136.4200
327.7404 136.6600
329.6304 136.3500
331.7504 135.7200

South_West
52
382.8004 133.2300
383.0404 132.2900
382.4904 131.9700
381.8604 131.4200
379.5804 131.4200
378.6404 131.0300
377.8504 130.4800
377.0604 129.8500
375.6404 129.3800
374.7704 128.7500
374.0604 128.1200
373.5104 127.8800
372.6404 128.3500
371.9304 128.4300
370.9104 128.9800
369.4204 129.2200
368.4004 129.6900
367.2204 129.6900
366.9104 130.2400
367.1504 130.6300
367.3104 131.1800
366.7604 131.8900
365.5804 132.4400
364.6404 132.6000
363.7704 131.6600
363.1404 131.1900
361.9604 131.0300
361.3304 131.5000
360.4604 131.9700
359.2004 132.5200
358.1004 132.7600
357.0004 133.0700
356.0604 133.7800
355.2704 134.8000
354.4804 135.6700
355.3504 137.4800
356.9204 138.1900
358.3404 139.0600
360.3804 139.9300
362.4204 140.8000
364.4704 141.1900
366.5104 141.7400
369.0304 141.7400
370.3704 141.7400
372.6504 142.0500
374.2204 141.5800
375.7104 140.5600
376.9704 139.2200
378.3904 137.8800
379.0204 137.2500
380.1204 136.0700
381.3004 134.5800

South_West
11
333.6504 141.9600
332.9404 141.5500
331.7704 141.7000
330.5004 141.7500
330.5504 142.3600
331.1604 142.6600
331.5204 143.1700
331.9004 143.3700
332.5804 143.2200
332.8304 142.9700
333.2904 142.5100

South_West
253
184.7704 184.8100
185.4704 182.0000
185.6704 176.8800
186.4704 176.2800
187.5704 174.7800
189.3804 172.8700
191.6904 170.1600
193.7004 169.2600
195.2004 168.6600
201.1204 168.2600
204.1304 167.9600
206.6404 166.5600
209.1504 164.9500
210.5504 162.2400
210.7504 159.4300
210.2504 158.3300
207.9404 156.4200
205.2304 154.1100
202.7204 152.3000
201.2204 151.5000
198.3104 151.2000
196.0004 151.8000
194.7004 152.8000
192.3904 154.0000
188.6804 155.8100
186.1704 156.5100
183.7604 156.8100
182.2604 156.6100
180.9604 155.7100
179.2504 154.6100
177.3404 153.1100
175.7404 151.5000
175.4404 149.7900
176.8404 148.2900
179.0504 147.8900
180.2504 147.3900
181.7504 147.3900
182.3504 148.1900
183.2504 148.3900
183.0504 147.1900
182.5504 146.3900
183.4504 145.8900
183.5504 144.6900
183.0504 144.0900
182.3504 142.8900
180.5404 141.1800
178.8304 139.8800
178.3304 138.7800
175.8204 138.4800
173.7104 139.7800
172.0004 141.3900
170.2904 141.4900
169.5904 142.5900
167.9904 143.7900
163.1804 146.4000
159.6704 147.9000
159.5704 151.7100
158.7704 152.7100
157.6704 152.2100
156.6704 151.7700
156.0704 150.3600
155.0704 150.4600
153.5704 150.8600
152.2704 151.0600
151.5704 150.5600
150.4704 149.4600
149.6704 147.8500
149.4704 146.3500
150.1704 145.9500
152.3804 144.9500
155.5904 143.0400
158.6004 140.9300
162.4104 139.0200
164.7204 137.6200
166.3204 136.5200
166.7204 135.6200
165.9204 134.8200
164.7204 134.5200
162.4104 133.4200
160.6004 132.6200
158.9904 131.6600
156.8804 131.6200
154.6704 130.3200
151.0604 127.3100
147.0504 124.4000
141.5304 121.2900
138.3204 118.8800
136.8204 118.7800
136.3204 120.7900
134.5104 124.7000
132.7004 129.3900
131.2004 132.7000
130.4004 135.1300
128.5904 138.7400
127.2904 138.7400
126.1904 138.2400
124.0804 136.7400
122.2704 135.5400
120.4604 134.2400
120.7604 132.9400
121.7604 129.6300
123.3604 125.4200
125.3704 119.3000
127.0804 114.4900
126.9804 112.7800
126.0804 111.8800
123.9704 110.4800
121.6604 108.8700
120.1604 108.3700
120.0604 109.8700
117.6504 115.5900
114.7404 123.2100
112.6304 128.7300
111.6304 129.2300
110.9304 128.7300
107.9204 126.5200
105.6104 124.7100
104.6104 123.5100
104.7104 120.9000
108.6204 110.8700
110.7304 103.7500
110.6304 102.1500
109.9304 101.5500
106.3204 100.0500
102.1104  98.1400
 98.2004  97.3400
 94.6904  96.9400
 91.0804  98.3500
 88.1704 100.1500
 85.7604 102.8600
 83.2504 106.0700
 82.3504 107.5700
 81.7504 108.5700
 79.1404 112.4800
 76.0304 117.8000
 73.6204 122.2100
 71.5104 126.8200
 69.9104 130.6300
 69.2104 133.1400
 68.7104 134.3400
 67.4104 137.5500
 66.4104 141.1800
 65.7104 144.0900
 65.3104 146.2000
 66.3104 147.7000
 67.4104 149.8100
 69.9204 151.9200
 72.5304 154.2300
 75.6404 156.6400
 79.6504 160.0500
 82.5604 162.8600
 84.8704 165.5700
 87.5804 167.4800
 90.0904 169.3900
 94.3004 171.9000
 99.0604 175.7100
101.5704 177.6200
104.4804 179.4300
106.7904 181.2400
109.1004 182.6400
111.6104 184.3500
113.7204 186.0600
116.8304 186.9600
119.6404 187.3600
120.6404 187.9600
121.8904 187.7800
122.5904 187.1800
125.7004 187.0800
126.8004 187.8800
127.2004 189.5900
128.5004 190.5900
130.8104 190.8900
132.8204 190.8900
133.7204 190.2900
133.4204 188.1800
132.0204 187.2800
131.1204 186.6800
129.3104 185.0700
126.6004 182.9600
125.3004 181.7600
124.2004 179.7500
123.8004 177.6400
123.3004 176.9400
121.8004 175.2300
120.2004 172.8200
117.6904 170.1100
115.2804 167.9000
113.3704 166.1900
113.4704 164.3800
113.9704 163.7800
115.3704 162.2800
117.4804 160.5700
119.2904 159.4700
119.7904 160.3700
121.1904 161.2700
123.0004 162.3700
124.3004 163.3700
125.4004 164.5700
126.1004 165.1700
126.7004 164.8700
127.2004 164.1700
128.5004 163.5700
129.3004 164.1700
130.2004 164.9700
131.4004 164.9700
132.6004 165.1700
133.1004 166.7100
132.1004 167.9100
131.9004 169.3100
132.1004 170.8100
133.0004 172.6200
134.4004 174.4300
136.4104 176.4400
138.0104 177.6400
139.0104 178.6400
140.3104 178.9400
141.1104 178.6400
141.8104 177.9400
143.1104 178.1400
144.2104 179.2400
144.6104 180.2400
144.5104 181.2400
143.9104 182.0400
143.8104 183.3400
144.2104 183.8400
144.7104 183.2400
145.2104 182.7400
146.1104 182.2400
147.5104 182.2400
148.4104 183.6400
149.4104 184.8400
148.8104 186.1400
147.6104 187.1400
146.7104 187.5400
146.7104 188.4600
147.3104 189.1600
148.8104 190.0600
150.7204 191.2600
152.6304 192.2600
154.1304 192.4600
156.1404 192.5600
158.5504 193.6600
160.6604 194.0600
163.4704 194.6600
167.2804 195.2600
170.4904 194.8600
173.1004 194.2600
175.2104 193.3600
177.8204 192.3600
179.8304 190.4500
181.4304 189.1100
183.0304 187.6100
183.9304 186.6100

South_West
21
136.8504 205.0900
134.6304 205.0900
133.4504 205.8300
133.0104 206.8600
133.0104 208.3400
132.7904 210.2600
132.3504 211.4400
131.9804 212.9200
131.6104 213.9600
131.4604 215.0700
131.6804 216.0300
132.7204 216.1000
133.6804 215.8800
134.3504 215.0700
135.0904 214.0400
136.8604 212.1900
137.6004 211.0800
137.9704 210.2700
137.8204 209.3100
137.6704 208.4200
137.5204 205.6900

South_West
681
178.1104 457.5200
179.6204 456.7200
181.3604 457.1900
184.5004 457.7500
186.1804 459.2000
188.4904 460.0900
189.9904 459.8700
191.2704 459.9200
191.8904 458.3100
191.8404 457.1500
192.8704 456.5500
194.4704 455.9600
195.2304 455.0300
195.4004 453.7700
195.9904 452.3400
197.1704 451.3300
198.8904 450.8000
200.5504 450.3200
201.7304 449.0600
202.8304 448.4700
202.7504 447.1200
201.3204 445.9400
201.0704 443.8300
202.5204 442.4900
204.9504 442.4000
206.5504 442.4800
214.3104 442.8700
216.1504 443.9900
216.5204 444.1000
218.2004 443.4300
220.6604 442.6400
223.2304 440.9600
224.5704 439.1700
225.9104 438.9500
226.8504 439.0200
229.2304 439.1800
230.6604 439.1000
231.5804 440.1100
232.5004 440.7800
233.7604 440.8600
235.8504 441.3400
236.7004 441.2700
237.4704 440.9800
238.3204 441.0800
239.1204 440.9600
239.8404 440.9200
240.4604 441.1300
241.7204 441.4300
242.6804 441.4300
243.1104 441.2500
243.5204 438.3200
245.0404 433.5700
245.4204 427.4900
243.1404 423.8800
238.7704 418.7500
233.2604 413.4400
232.5004 404.8900
232.5004 399.5800
233.0704 391.9800
230.7904 388.7500
228.1304 383.2400
229.0804 377.7400
230.4104 369.1900
233.4504 362.9300
237.6304 356.6700
241.2404 352.8700
243.1404 348.1200
244.8504 342.8100
247.3204 336.7300
248.6504 331.0300
251.5004 325.7100
253.7804 322.1100
254.3504 316.7900
254.9204 307.6800
255.6804 301.9800
259.6704 296.4800
265.1804 290.4000
269.3604 285.2700
272.2104 283.9400
274.8704 282.4200
277.1504 280.1400
277.7204 275.7800
275.6204 273.5000
271.6304 272.9300
267.2604 272.9300
266.6904 268.5700
263.4604 267.8100
260.8004 265.9100
257.7604 263.6300
254.5304 262.6800
250.3504 262.6800
246.5504 263.4300
246.5504 257.3500
247.1204 255.2600
249.0204 252.4100
251.1104 250.1300
256.0504 246.1400
262.3204 242.1500
266.5004 237.4000
271.8204 233.2200
276.1904 230.7500
281.8904 230.7500
283.9804 228.4700
288.1604 225.4300
292.5304 222.7700
297.6604 219.9200
302.4104 218.9800
303.3604 215.5600
302.7904 212.1500
300.8904 208.7300
299.5604 205.6900
301.0804 201.7000
303.7404 199.8000
305.0704 196.3800
305.8304 192.9600
306.5904 188.0200
307.3504 182.5200
309.0604 179.2900
313.2404 175.6900
317.4204 174.3600
319.7004 175.8800
323.8804 175.6900
326.7304 174.5500
330.7204 174.3600
335.2804 174.5500
336.8004 172.2700
337.1804 168.8500
334.1404 166.1900
332.2404 164.2900
329.9604 161.0600
329.2004 158.0200
330.1504 154.9800
331.8604 151.7500
334.3304 149.6600
335.4804 149.1000
334.1404 146.9500
331.4204 147.0400
330.2004 146.4900
329.7004 145.5900
328.7904 144.7800
327.3404 144.8700
325.9804 145.0500
324.8004 146.2300
323.2104 147.4500
318.7804 151.8300
317.3004 151.9300
317.4504 150.2500
322.0304 145.8200
322.1004 144.0100
321.5204 143.4800
320.7504 142.9700
319.2204 143.0200
318.3504 143.5300
317.2304 144.7500
316.2604 145.9200
315.4504 146.3300
315.0404 147.8100
313.8204 149.0300
312.4404 150.0500
312.0804 151.1200
311.0604 151.7800
309.6304 151.9800
308.8704 152.6400
308.6204 153.5100
308.1604 154.6800
307.5004 155.4900
306.0704 156.1500
304.4904 156.1500
303.6804 156.6100
303.3304 157.1400
302.0004 157.2800
301.6404 156.6200
301.1304 156.0100
300.7204 155.5000
299.6504 155.5000
298.8404 156.1100
297.0604 156.9800
294.9704 158.2000
293.8004 158.5600
292.2904 159.8700
289.1304 161.7000
286.4304 163.1300
282.6604 165.3700
278.9404 167.6600
276.2404 169.0900
275.5304 169.3400
275.3604 168.9700
272.7304 164.6500
270.0304 160.0700
266.6704 154.8700
264.4804 150.6900
261.4204 145.3400
260.4004 145.2900
253.1704 149.9200
246.4504 154.4000
235.7004 161.3300
227.7004 166.4700
225.6104 168.0500
224.3404 169.1200
221.7404 170.1400
219.9104 171.2600
218.8904 171.9200
219.3004 172.9400
220.8304 175.0300
226.2804 183.9200
227.0404 184.9900
229.3304 185.3500
231.3204 185.0400
233.3104 184.0200
240.4404 179.0300
240.4304 178.3300
239.9304 178.2700
240.0804 176.4400
240.8904 175.7800
241.9604 175.2200
243.6404 174.2500
246.0804 174.2000
246.8504 174.5300
247.7604 175.3700
248.3704 176.4400
249.2904 176.6900
250.2604 176.2800
250.2604 172.8700
252.2804 171.4100
253.2404 170.8600
254.8904 170.9900
255.4504 171.6500
256.5204 171.6000
257.5904 170.8900
258.5104 170.5800
260.2904 170.6300
261.4104 173.0800
262.4804 175.3700
263.1404 176.4900
263.3404 177.6700
252.6204 184.4500
245.3704 189.2300
247.2504 192.6900
247.6104 195.3800
247.9204 197.1600
247.5604 197.5400
246.3704 198.2500
245.4104 198.5700
244.2204 199.7600
243.1104 201.5000
240.7504 204.4800
238.8404 205.8800
238.6904 208.2500
237.3904 210.0800
236.0904 212.5300
235.6304 215.2100
234.4804 217.5800
233.4904 218.2700
232.2704 219.5700
230.8204 220.9500
229.0704 222.0600
227.4904 222.6100
224.7904 222.9300
222.1804 222.9300
220.1904 222.7800
217.8204 222.8600
215.9104 222.4000
216.0604 221.4800
216.5204 220.7900
218.7404 220.1800
220.1004 220.5800
223.9204 220.3200
225.9204 219.5000
227.7604 219.1000
228.1404 217.9700
230.5004 216.3500
230.9804 215.1600
230.3604 214.1400
230.4404 212.7600
231.4304 212.3000
231.2804 211.8400
231.0504 210.6200
232.8104 209.8600
233.5704 207.8700
234.2604 205.5800
235.5504 203.4600
235.7904 201.6000
231.7404 201.5200
228.3004 201.0600
223.6404 200.9800
218.8204 202.2800
213.6204 203.8100
209.1104 204.6500
203.5304 205.8700
199.2504 207.0900
195.1204 208.4700
192.7504 209.3900
189.8404 209.4700
189.3804 208.7800
188.0004 208.7800
187.3104 207.9400
186.7704 207.4800
186.7704 209.1600
187.5304 215.4300
188.1404 221.9300
188.5204 224.6100
189.1304 228.5900
190.3504 230.9600
193.4504 233.8800
195.8504 237.2000
196.3604 238.9200
195.4604 239.5000
194.1604 239.6500
192.3304 239.5000
191.0304 238.7400
190.3104 237.0500
188.6404 233.7100
185.4504 230.9300
184.7604 229.9400
184.1504 227.3400
183.5404 223.0600
183.0804 221.0700
182.9304 218.4800
182.8504 217.4700
182.3904 216.4800
182.3504 213.1200
182.0804 211.6100
181.5404 210.2300
181.3104 209.5200
179.0104 210.8900
175.8804 213.0300
172.3604 216.1600
169.0004 218.8400
166.7804 220.4500
164.3304 220.6800
162.4204 220.9900
160.5104 221.1400
158.2204 221.0600
157.2304 219.6100
156.0804 219.0700
153.8604 218.8400
153.2504 217.6900
153.0204 215.7000
152.4104 214.0900
152.2304 210.9300
152.1904 210.5500
152.1704 210.3500
151.1904 209.3700
144.6904 209.3700
144.5404 212.2000
143.4704 213.4200
141.1804 213.8000
139.5004 215.0200
137.5904 216.7000
136.6304 218.2900
135.6104 219.1500
132.5504 219.6900
131.4004 218.9300
129.9504 218.4700
128.7304 217.0200
128.1904 215.1100
127.6504 213.5000
127.7304 212.1200
127.9604 210.6700
128.7904 209.7600
128.7004 206.5600
126.6604 206.3100
125.1304 205.9300
121.9604 205.2200
119.6304 205.2500
117.2804 204.5100
113.0504 204.6400
112.5104 209.7600
111.5904 213.8900
111.3604 217.4800
110.9804 219.9300
110.0604 220.8500
109.5304 221.6200
108.5404 222.6100
107.2404 222.1500
106.7804 220.7700
106.0204 219.7800
106.0204 217.3300
106.4804 214.8100
106.7104 209.9900
107.3204 201.9600
106.1004 201.1200
104.6004 200.7800
103.8104 200.2800
102.2004 200.5900
 94.5504 209.0800
 94.0104 213.4400
 93.1604 216.8900
 90.1904 216.9600
 86.5004 216.1800
 85.6804 215.1300
 85.9904 210.7000
 86.7504 205.1900
 93.7804 197.4700
 93.7804 196.4000
 91.0904 194.1300
 89.1104 192.2100
 85.1304 189.1500
 82.0704 186.1700
 79.9304 188.7700
 78.4804 190.5300
 77.3304 190.7600
 75.4904 189.3800
 71.9704 186.3200
 71.2104 188.1500
 68.1804 191.7600
 67.0904 192.4300
 64.9004 194.7100
 63.4704 196.7300
 62.3704 197.9100
 62.0304 199.1700
 63.2904 200.1800
 64.1304 201.1900
 64.2104 202.2000
 63.8304 203.2900
 62.1904 205.0700
 60.8404 207.0100
 59.2404 207.0100
 58.4004 206.2500
 57.1404 205.4100
 56.3004 205.4900
 54.4604 206.6900
 53.8904 207.8300
 55.1204 208.3700
 59.0804 212.7500
 62.4504 216.9700
 64.9804 219.2500
 66.0804 220.3500
 67.0904 221.6100
 67.4304 223.8900
 66.2504 224.9000
 64.9904 225.2400
 63.7304 224.9900
 62.6304 224.5700
 61.0304 223.0500
 59.2604 221.3600
 57.4904 219.0000
 56.0604 217.9900
 54.8804 216.4700
 54.2104 215.6300
 53.5404 215.0400
 52.5304 215.0400
 51.3504 216.1400
 50.1704 217.5700
 48.9104 218.6700
 48.6604 219.9300
 49.4204 221.6200
 50.3504 222.5500
 52.1204 224.0700
 54.0604 226.0900
 56.9304 229.8300
 57.0904 231.0200
 55.9804 232.2100
 54.5504 233.7100
 52.9704 234.4300
 51.0404 233.0400
 48.7504 230.8000
 45.5504 227.8500
 42.2604 224.3500
 40.6804 225.7000
 38.8504 227.4400
 37.0204 228.5500
 35.5104 230.2200
 33.4504 231.5700
 26.9904 226.0000
 26.0604 225.0700
 27.4104 223.9700
 32.5404 219.4300
 32.8704 218.3100
 41.4804 202.7200
 41.9104 200.2800
 48.3204 188.9800
 51.6904 182.5200
 54.1304 177.8800
 54.9804 176.2900
 55.1504 173.9300
 54.3904 172.3300
 52.5604 171.6100
 49.5004 171.1500
 35.3404 170.9000
 21.8504 171.1300
 15.3604 171.5700
 10.4004 173.3800
  5.7504 176.3800
  2.6304 179.1600
  0.8604 182.7900
  0.4404 186.7500
  0.2404 190.9000
  0.6604 196.9700
  1.6504 200.1100
  1.7704 201.0200
  2.9504 203.5600
  3.9804 206.8100
  5.0104 210.2300
  6.5204 213.7200
  7.8704 217.3700
  9.3004 221.3400
 10.6504 225.4600
 11.9104 228.3900
 12.6704 231.3500
 20.3004 251.4500
 23.5904 260.5600
 26.3704 267.1400
 26.5404 269.2800
 28.5604 274.1700
 29.5704 277.8800
 30.8304 281.1700
 30.3204 283.1900
 29.4804 286.3100
 29.8204 289.0100
 30.9204 290.5300
 32.2704 291.4600
 34.3004 293.1000
 35.7304 292.9800
 36.2404 295.4200
 37.6404 298.3500
 38.6904 301.4500
 39.0804 302.2800
 39.6104 303.2600
 41.0204 304.1300
 42.2704 305.3400
 44.0204 308.3900
 45.1704 310.4100
 46.3304 312.6200
 47.5804 314.8400
 49.2104 317.6200
 50.2704 320.1200
 51.9104 323.2900
 53.0604 325.0200
 53.2504 326.2700
 54.1204 327.3300
 55.0804 327.2300
 56.1804 327.2300
 56.2404 328.2900
 58.1204 329.0000
 59.2204 329.5400
 60.0104 329.6800
 60.0104 330.8500
 60.8204 331.6100
 61.4504 334.2000
 62.4104 335.6400
 62.8904 337.5600
 63.9504 339.3900
 66.8404 344.7800
 67.0904 345.9200
 67.1404 347.9500
 67.7904 348.9200
 68.4604 349.5900
 69.5204 349.8800
 70.6804 350.0600
 71.3504 350.7300
 71.4304 351.9100
 72.2104 353.0500
 72.4404 354.0200
 73.8704 354.1900
 74.7004 355.6500
 74.5404 356.6300
 74.7104 358.4800
 75.1804 359.3900
 75.1304 360.4200
 75.2104 369.1900
 75.7204 370.2000
 75.9704 372.3100
 76.4304 372.3700
 76.4304 373.7200
 76.8104 375.0700
 76.9804 376.5300
 77.2304 377.7900
 77.5704 378.0400
 77.4904 379.9800
 76.9804 380.5700
 76.5604 381.7500
 76.6404 383.4400
 77.4004 383.8600
 78.8304 384.2000
 79.9304 386.0500
 80.6604 386.3700
 80.8504 387.5200
 80.7604 389.1500
 80.3604 390.0700
 80.6104 391.0800
 82.8904 391.3300
 83.9904 391.5800
 84.3904 390.1600
 83.3204 389.8100
 82.9804 387.9600
 83.4904 386.9500
 85.3404 387.0300
 86.2504 388.0900
 86.3504 389.0500
 86.4604 389.9000
 87.6704 389.8900
 88.3404 389.1300
 89.4404 389.5500
 90.2004 390.2200
 90.9904 391.1000
 91.0504 391.7300
 90.7104 392.8300
 90.2004 394.0900
 89.7804 395.3500
 88.9404 395.7700
 89.1904 396.5300
 90.1204 396.8700
 93.5804 397.2100
 93.5004 398.7300
 92.6604 398.9800
 91.8204 399.5700
 91.9504 400.8600
 91.8504 401.8200
 91.9504 402.7800
 91.9804 403.6100
 93.5004 403.6900
 94.0604 404.7000
 94.5404 405.2700
 94.0104 406.0700
 93.1704 406.6600
 93.5904 407.1700
 94.2604 407.0900
 94.8504 406.6700
 96.6204 406.8400
 96.8704 408.6900
 97.5404 410.8800
 96.7004 411.7200
 95.3104 410.9500
 95.3104 413.0600
 96.1104 413.5700
 96.0804 415.5600
 96.3604 416.6100
 97.2004 417.2800
 98.8904 417.5300
 99.5604 418.3700
100.2104 419.3100
100.6604 420.2300
100.7404 421.3300
101.5004 421.8400
102.3404 422.7700
103.2704 422.6900
104.2004 421.8500
105.8904 422.4400
106.8204 422.6100
108.0804 423.6200
108.9604 425.1000
109.7304 426.3500
111.1104 426.9900
112.0404 427.1600
112.8804 426.9900
114.2304 426.3200
116.3404 425.8100
116.3404 428.3600
118.0304 428.6100
118.9604 427.9400
120.6504 427.8600
121.2404 429.6300
121.7604 430.6100
123.0104 430.9000
124.1104 430.4800
125.8004 431.1500
127.6504 431.1500
129.2004 432.1300
131.7704 433.3700
134.0104 435.2700
136.4704 437.2900
140.0504 440.3100
141.7304 442.6600
143.9704 443.6700
146.1604 444.0100
147.1704 446.2000
148.6904 446.6200
148.6104 448.8100
149.8004 450.4900
153.1604 452.8400
155.9504 454.3700
158.9004 456.7300
161.5704 458.7600
163.9204 459.3200
166.9104 459.7600
170.7904 460.8600
172.9804 461.8700
177.0304 462.1200
178.0404 461.3600
177.9604 459.3400

