793 573

Gorno-Badakhshan
1543
629.4203 360.3400
631.4003 359.6800
632.8903 360.0100
633.8103 360.4400
634.9503 360.4200
636.4903 360.6800
638.7103 361.5800
639.9803 361.6100
641.1103 361.4000
640.4203 359.9300
641.1403 356.1300
642.3103 351.6100
642.1203 347.5700
640.8103 345.4600
636.5503 342.7600
635.7003 340.8000
635.0303 338.5700
634.2503 336.6700
632.6503 335.7200
631.4803 335.2400
630.8303 334.2800
630.9403 333.2000
631.5903 331.8200
633.3203 331.3100
635.0603 331.6800
636.8103 331.4800
638.8203 328.8600
640.0803 325.5400
643.5603 322.3700
644.5103 320.8400
645.2303 317.0600
646.4703 314.4400
646.4203 311.4200
646.5603 309.8900
649.4003 306.0100
649.9603 304.2600
651.1703 303.6600
652.5803 303.8700
654.3003 304.9300
656.3503 305.3300
657.6203 304.6000
658.4703 301.0700
659.5603 299.0300
660.2403 297.2700
660.4803 295.4900
660.2503 293.4500
659.2403 292.6300
657.7603 292.2500
654.5703 292.5000
651.7103 292.2200
650.2103 291.5200
647.7803 288.6300
646.0703 285.3100
645.5703 282.8900
645.9403 281.2900
646.8803 280.4000
648.7503 279.3700
649.1903 278.5800
649.8903 274.7000
650.9003 272.3500
651.1203 271.2100
650.8503 265.4500
651.2303 263.9100
652.4203 259.8000
654.1403 257.8500
655.8703 254.3200
656.2803 252.4100
656.0703 251.3000
655.5203 250.7100
654.2003 250.6900
653.6603 250.2400
653.6703 249.6100
654.5403 248.7200
656.9003 247.6000
659.9503 245.7200
664.0403 245.1400
664.9903 244.5000
665.8503 243.5600
667.3203 240.7500
668.3003 239.7300
673.9203 238.6400
678.0003 240.0400
681.3103 239.2400
683.1703 239.0700
683.7803 239.2900
684.4703 240.0800
683.0903 242.0500
682.9903 242.6400
683.2603 243.9700
686.8903 249.0300
687.5203 250.3000
687.5103 251.7300
687.2603 253.3000
687.4703 254.6900
688.7503 256.4800
689.7403 256.9600
693.5103 257.2400
695.7503 256.7900
698.3603 254.9300
699.3403 254.9900
700.3503 255.5900
701.0803 255.7600
702.6003 254.9000
705.3903 254.3900
711.1903 255.2700
711.6503 255.0900
713.4003 255.2100
715.0903 254.9500
717.4203 254.1100
717.7803 253.6600
721.0203 251.9200
722.6403 251.9300
724.3803 252.2800
725.9303 251.8700
727.8103 251.9300
728.6203 251.3500
729.9303 249.4300
731.0503 248.2100
732.2203 247.7800
735.3803 247.7900
736.7603 246.7400
738.3503 246.0600
740.5203 245.8400
741.8403 245.1700
743.1603 243.7000
746.7303 241.3700
747.7603 240.1200
748.7603 238.3900
749.4803 237.9300
753.3903 238.7300
754.5603 238.7400
755.7703 238.3900
757.3503 236.8700
758.7703 233.6800
759.8203 232.9600
761.6903 233.1000
762.4503 233.9500
762.7403 234.6000
763.8103 235.6100
764.1403 235.5700
764.6603 234.8300
764.6403 233.7200
764.0803 231.1200
763.9703 228.3700
764.2503 225.7100
764.8503 223.6300
764.8803 222.5000
764.2003 220.5200
762.9303 218.7800
762.8103 218.3200
761.4203 217.0200
760.3103 216.7200
758.8303 217.1600
757.6803 216.8900
756.5403 216.1300
755.6603 214.8900
755.4403 213.5700
755.5903 212.6000
757.0603 208.9900
757.3003 207.8500
756.8303 206.4200
755.4203 205.0300
755.7203 204.5100
757.0903 203.5200
757.3803 201.1000
758.0203 199.4100
757.8503 197.6800
756.3403 194.2300
757.5803 189.3100
758.9403 185.9800
759.5803 182.7500
760.1303 180.9700
760.9003 179.9200
762.5303 178.9200
762.8603 178.3700
763.2803 175.8400
763.9403 174.1900
764.4203 173.5100
765.4203 173.1800
766.0603 173.4300
766.7903 174.1200
767.7003 174.2000
768.3903 173.5300
769.5003 171.4000
769.4203 169.1500
768.9703 166.1600
769.3703 162.4500
769.2503 160.9600
768.8703 159.8700
768.9303 158.9000
769.5303 157.7200
770.6503 156.2100
771.1203 154.8200
770.9703 154.2200
768.8503 150.9300
768.5603 149.9700
768.7903 149.0900
769.3703 148.2400
770.2603 147.7600
772.9003 145.1000
773.8603 144.7400
774.5903 144.9300
775.5803 144.6900
776.7103 143.5800
777.5503 141.8200
777.8503 140.2400
777.7203 139.6500
774.4303 136.9700
772.2803 133.9300
770.8203 133.1000
770.3803 132.6000
769.6503 131.4400
769.3803 129.5100
768.0603 128.3400
767.6003 127.1300
767.6603 126.1300
768.7103 123.8600
768.9803 122.7800
770.3903 119.8300
770.5903 118.3300
770.5403 114.6500
770.8703 113.1000
771.5103 112.6700
772.4303 112.5700
773.6003 111.7000
773.9403 110.9800
774.5703 110.2500
776.2103 109.9000
778.2303 108.2200
778.7803 108.4800
778.9603 109.2200
778.6003 111.5500
778.7503 112.1200
779.4503 112.3600
780.2703 112.0200
782.2003 110.2200
783.8903 109.3700
784.6203 108.0800
784.5603 107.5800
786.6803 103.9000
789.0503 102.0900
789.6503 101.3300
790.3503  99.8700
791.9003  97.8600
792.1803  97.0600
791.9703  96.1300
792.2503  94.8500
792.1603  93.8500
791.7103  92.9400
788.5903  89.9100
788.5303  89.4400
788.9103  87.3500
789.5403  86.1800
790.0703  85.5900
790.9403  83.6700
790.1103  82.8600
788.6603  82.4200
787.1403  82.4300
784.1103  81.9900
782.6703  81.4400
781.5803  80.5600
778.6703  79.1000
772.9403  79.1200
771.5803  78.9200
770.2703  78.1400
769.4703  77.1900
769.3103  76.5000
769.4903  74.9600
769.3603  73.5700
768.9803  72.5500
767.8403  72.0400
767.0403  72.0400
765.6603  77.0300
764.2903  78.3000
763.3503  79.5000
762.5203  81.6200
761.6303  82.9100
760.9103  84.4100
759.9503  85.0600
758.9103  86.7000
758.4403  87.0100
757.4003  87.1400
753.4803  88.6800
751.4403  89.7800
750.5303  89.9400
750.1203  90.2500
748.6303  90.8600
748.5103  91.4200
747.8103  92.2000
746.9203  93.9800
746.7003  94.1300
746.6403  93.7600
746.3003  93.4100
746.2503  92.7300
745.9603  92.2400
745.2903  91.9100
745.2503  91.6100
744.5003  91.3400
744.2903  91.4800
744.0603  91.4300
743.9103  91.1500
743.2403  90.9300
743.0703  91.1100
742.5903  91.0600
742.4203  90.8700
741.9503  90.8900
741.5703  90.0900
740.9803  89.9500
740.6703  90.0200
740.2703  90.5900
739.5303  90.4500
739.1903  90.7300
738.9303  90.7600
737.2203  90.4200
736.4103  90.0500
734.8503  90.1700
734.0203  89.6300
733.0103  91.2600
732.9803  92.4100
730.8303  93.4800
729.7803  93.5100
728.7703  92.7200
727.6303  92.7300
726.2403  92.1800
725.3103  92.5600
723.9003  93.5100
723.2903  93.5800
721.5503  92.1800
720.7603  91.7100
719.7503  91.5400
718.8303  91.8100
717.4003  91.7800
716.6103  92.1400
715.9103  92.7200
715.5003  93.6800
715.8003  94.2300
715.7203  94.5500
714.3803  95.7700
713.3603  95.8800
712.2303  95.7700
711.5703  95.3900
711.3203  95.0900
711.0103  93.7600
710.8003  93.4900
709.3803  93.6000
708.7703  92.9700
708.2303  92.8100
704.9403  93.2500
704.2503  93.2000
703.3103  93.8700
702.1803  93.9600
701.2403  94.4900
700.6303  94.5500
699.7503  93.0400
699.5803  92.2200
700.7503  91.1900
700.9703  90.3800
701.5603  89.9700
701.7603  89.6600
701.5403  89.4400
700.4603  89.1900
699.6103  87.3800
698.7503  86.5500
698.0703  86.3700
696.8903  84.7700
695.1503  84.4800
694.1303  85.2700
691.9703  85.2900
690.6803  84.5200
690.2003  83.9600
690.1003  83.6300
689.1503  83.3800
688.1103  83.6100
687.7903  83.4500
687.7803  83.1200
687.2203  82.6000
686.3603  82.3800
683.4403  82.7600
682.5003  83.2400
682.2903  83.0600
682.2603  82.7700
682.3503  81.7300
682.0103  81.4000
681.6903  81.3400
680.6403  80.5100
679.9903  80.2500
679.6303  81.0200
679.0703  81.0900
677.8903  79.6000
676.6303  78.6200
675.8703  78.8800
675.2803  79.6300
674.8903  79.8000
672.5503  80.1200
671.3603  78.0900
671.3003  77.3000
671.0003  76.9300
668.9703  78.1900
668.4003  78.4000
668.1003  78.3500
667.4203  77.9800
666.8503  77.9600
666.0503  77.4900
664.6903  77.0600
664.2903  76.1100
663.8703  75.7300
661.5203  75.1200
660.2103  73.9000
659.9203  72.7300
660.2403  72.2400
659.9103  71.6500
659.1103  71.1400
658.2003  70.8000
657.1503  71.6200
656.7203  71.0800
655.9103  70.6700
655.3103  71.6200
654.3503  71.8300
653.7503  72.4500
653.4603  72.1400
653.0703  71.9900
651.9303  71.8500
651.7403  71.2900
652.0103  70.6600
651.9103  70.2500
651.4603  69.9800
650.3803  70.6200
649.4303  70.9000
648.6103  72.2500
648.4903  72.8400
647.9803  73.2200
646.8203  73.2500
646.4603  73.0800
646.0403  73.4400
645.1203  73.8900
644.1303  74.0400
643.3203  73.6000
641.9003  73.7700
641.5203  73.1500
641.3003  72.4200
641.0503  72.1400
640.4903  72.1700
639.1403  73.1100
638.2103  74.1300
638.2603  75.7200
638.0403  75.8200
637.3303  75.7300
637.1003  75.8600
636.9703  76.1700
638.3503  77.7600
638.5703  77.8800
639.8103  77.6800
640.4203  78.1100
640.6303  79.2200
640.1103  80.0000
640.9903  82.0400
641.7803  82.0400
642.4603  81.2700
644.6503  81.4800
645.9703  81.0300
646.8603  82.1500
647.9703  81.9100
648.7703  82.3900
649.8903  82.4800
650.3503  82.7000
650.5303  82.9000
650.6403  83.7300
650.9903  84.2100
652.0803  84.6500
652.0003  84.9800
653.0403  85.2100
652.5303  86.1500
652.7003  87.8500
652.4903  89.3300
652.6303  89.5800
652.6203  90.3000
652.5403  91.0300
652.2603  91.5800
652.2603  92.0900
652.7603  92.6000
652.8303  92.8700
652.5803  93.9600
653.1203  98.1500
648.4803  98.2200
647.8303  98.6400
643.6903  99.8900
642.4603  99.3600
641.4403  98.2200
640.2703  97.5800
639.5703  97.7800
638.8303  98.2200
637.0903  98.6500
635.5203  98.7400
633.4103  99.1200
633.2803  99.4000
632.6803  99.3600
631.7403 100.0500
631.4103 100.0600
629.5303 101.6200
628.9803 101.7200
628.2403 102.3300
627.3103 102.3200
626.0003 102.7100
625.7103 102.4100
624.8003 102.3200
624.6303 102.5700
623.6403 102.4600
620.5503 102.5400
616.5403 101.6500
615.7403 101.0600
614.9503 100.1300
614.5703 100.0500
612.4103  98.5500
611.9503  98.4300
611.7103  98.4200
611.2803  98.8500
611.2403  99.4700
611.5403 100.1100
611.4703 100.5100
611.1203 101.0100
610.7603 101.0400
610.4203 100.7200
609.9503 100.7400
609.4803 101.0200
609.3403 101.2800
608.2003 101.5600
607.1403 101.5500
606.4203 101.3100
605.9203 101.4000
605.1003 101.2500
604.2703 100.9000
603.5103 100.3500
603.1803 100.3100
602.5403  99.7200
602.5303  99.2600
602.3403  98.9900
601.8603  98.6200
600.2903  98.0900
599.3803  97.2600
599.1903  96.8200
599.2703  96.6200
598.3403  95.6800
598.1803  95.3200
595.7403  93.7600
594.7803  93.5300
593.7003  94.1200
590.9703  94.1900
590.6103  94.1600
589.0803  93.4600
587.8303  90.3700
587.2103  89.4900
586.7103  89.1700
585.9603  89.0400
584.7303  88.1800
584.3103  86.9700
584.4703  86.4600
584.2903  85.8600
584.8603  85.4300
583.8103  83.7100
583.4303  83.3700
582.1303  82.8000
581.4403  82.3200
581.0203  82.3700
580.7103  82.0700
580.3703  81.9800
580.1603  81.7000
579.9803  81.7700
579.7303  81.5800
579.3303  81.5900
579.0903  81.3400
578.5203  81.3600
577.5403  80.8400
576.8203  81.1800
576.1803  81.1100
574.2403  80.4500
573.5603  80.4900
573.0003  80.2200
571.5503  79.9100
571.2503  79.4100
570.6703  79.1200
569.1303  79.0200
568.9303  78.7300
567.7203  78.1900
567.5303  77.7400
567.3003  77.5900
567.1703  76.9900
566.6303  76.7900
566.2303  76.5000
566.1203  76.2500
565.8903  76.1900
565.7703  75.9800
565.8503  75.7200
565.6503  75.5100
565.4003  75.5300
565.1403  74.9800
564.7103  74.9700
564.1703  74.2100
562.8803  73.3000
562.7903  73.0600
562.3203  72.9200
561.5503  72.3100
560.7403  72.2400
560.6403  72.0300
560.0803  71.6900
560.0403  71.4900
559.7103  71.4900
558.9503  71.1800
558.7303  71.4700
558.4903  71.3800
558.1103  71.5000
557.1703  72.0700
556.5103  71.7300
555.8903  71.8500
555.0803  71.6400
553.0903  69.6600
552.9403  69.1900
552.4303  68.7300
552.3503  68.2900
551.7703  67.9700
551.5303  67.4100
551.0003  66.9800
550.8003  66.2000
550.5503  66.0700
550.3503  65.0400
550.4903  64.7600
550.2103  64.6900
549.3703  62.4400
549.2903  61.8300
548.8403  60.7100
548.6303  60.5400
548.4403  59.7600
547.9203  59.1800
547.4103  58.1000
547.4703  57.9300
547.2203  57.2600
546.4703  56.4800
546.3903  56.1100
545.9503  55.8100
545.5303  54.7600
545.1803  54.4100
545.1403  53.9700
544.6703  53.2500
543.8303  52.6800
543.3603  52.1600
543.2703  51.5500
543.5703  51.4400
543.4203  50.7300
542.1503  49.3600
541.3403  48.7400
540.4603  46.6300
540.3303  45.6600
539.8203  44.9200
539.5603  44.1700
539.2303  44.1600
538.5203  44.6500
537.5603  44.4100
536.7603  45.5100
535.5003  45.7300
533.9303  45.0700
533.0003  44.2500
532.4903  44.0600
531.7603  43.3500
531.0403  43.1400
530.7203  43.4100
530.1703  43.4600
529.8903  42.9600
529.6203  42.7800
528.7503  42.7400
527.7703  42.3500
527.3603  42.3000
527.0503  42.6100
526.4003  42.6000
525.7503  41.8300
525.4103  41.9100
525.1503  41.6800
524.0603  41.9700
522.7303  41.8500
522.5903  41.7000
521.1603  41.6900
520.4403  41.0900
519.6203  41.3200
518.7603  42.1500
517.9403  42.2000
516.5603  42.8900
515.1303  42.6900
514.8903  42.8600
513.7503  42.5800
513.2003  41.5300
512.9403  41.5400
512.5303  41.2500
511.3203  41.1600
510.6703  40.7500
509.7003  40.4400
509.2003  40.6000
508.4903  40.4900
508.1803  40.7900
506.7003  40.5900
506.1203  39.7900
505.6603  39.4400
504.8403  39.4000
504.1603  38.8700
503.0803  38.8400
501.9503  38.2100
501.0103  37.3900
500.3303  37.0300
499.9503  36.5000
499.8403  35.7900
499.3303  35.4600
498.9903  35.5300
497.4703  35.2700
496.8803  34.9800
496.5503  34.7200
495.7003  33.3900
495.1703  33.0200
493.2303  32.7400
492.9503  32.5400
492.5003  31.7800
492.1203  30.6100
491.7303  30.1300
489.0503  28.6100
487.4203  27.0600
487.1203  26.6000
486.0803  26.6800
485.8703  26.5000
485.8603  26.1700
485.6703  25.9500
485.2803  25.9400
484.2303  25.2400
483.8603  24.4800
483.6503  23.3600
482.8803  22.0200
481.9903  22.1100
481.0903  21.5500
480.4803  21.3900
480.0803  21.6800
479.2303  21.4700
478.8803  21.6400
478.5003  21.4900
477.2903  20.4200
476.9403  20.4600
476.7703  20.2900
476.5403  19.2600
475.5603  18.6700
474.8003  18.5800
473.5703  17.9900
473.4303  17.6700
473.0503  17.3700
472.6403  16.0600
471.5103  15.4500
470.4503  13.9400
469.9903  14.0300
469.6803  13.7900
467.3903  10.9300
466.7103  10.7000
464.8303   9.6100
463.5003   9.1400
462.9003   8.7900
462.4003   8.2600
461.7503   8.1000
460.7903   6.2400
458.4503   4.1800
457.8803   3.0300
456.9603   2.6600
456.3203   2.0200
456.0103   2.0100
455.5703   1.3700
455.1103   1.5100
454.1003   1.3500
453.0903   1.6700
450.6303   0.8400
449.9003   0.7400
448.6603   0.8300
447.1703   1.1700
446.1003   0.7700
444.6703   0.6700
443.8803   0.8700
442.8603   0.4100
442.1103   0.2600
441.0603   0.6900
439.7303   0.9200
439.3203   0.8500
438.7103   0.2700
438.4303   0.2800
437.9003   0.6300
437.3003   1.4000
436.4303   2.1500
435.5403   2.5200
434.4203   2.5500
434.1203   2.8500
433.7503   3.3000
433.6203   3.8600
432.7703   5.5900
432.1303   5.9800
431.4403   6.7700
430.9403   6.9400
430.1603   7.8800
429.5703   8.2900
428.6003   9.6400
428.1603  10.6600
427.4303  11.7500
427.3103  12.7400
427.0003  13.4500
426.9603  14.6500
426.3803  15.6200
425.9803  17.7100
425.1603  19.6900
424.7803  21.3500
424.8703  22.3700
424.6403  22.7700
424.0903  23.0100
423.2203  24.1100
423.2403  24.5700
423.5403  25.4200
423.2003  26.0500
422.6603  26.4100
422.4403  26.9300
422.4003  27.9600
421.8603  29.1100
421.4003  29.8600
420.4303  30.8200
419.7203  31.2600
419.5503  31.7900
419.5903  32.3900
419.2903  33.2300
419.1403  33.4600
418.4803  33.7600
417.7903  34.7600
417.4603  35.7500
417.4803  36.1400
417.0303  36.9400
416.9603  37.4800
417.6703  40.0000
417.4403  40.3100
417.3503  41.3500
417.4603  41.8100
417.1803  42.3500
417.0803  43.0400
416.6003  43.6200
416.4603  44.2100
416.5103  44.6100
416.7603  44.9000
416.2803  45.8100
415.6103  46.4200
415.2603  47.0400
414.7203  47.4000
414.3603  48.4300
413.5303  49.3000
413.3903  50.2600
413.4603  50.9800
413.3103  51.1200
413.3503  51.3400
413.6403  51.5000
413.6803  52.3300
413.9903  53.3600
414.7103  54.0500
414.9503  54.8200
414.7803  55.3300
414.9703  56.0100
414.5803  56.9800
414.9003  57.8400
414.7103  58.1000
414.6603  58.6200
415.0403  59.0300
414.9603  60.3300
415.2203  60.4400
415.3103  61.0000
415.6303  61.3600
415.5203  62.1600
414.9603  63.6400
415.5103  65.1800
416.1603  65.1900
416.6403  65.4500
416.8203  66.1800
416.6603  66.8700
416.0903  67.4300
416.0803  67.9100
415.8903  68.1800
416.0203  69.3500
416.4803  69.5600
416.3203  70.0100
416.9003  70.0600
417.2203  70.7600
418.0503  70.9800
418.7103  71.6400
418.4903  71.6900
418.4303  71.8900
418.6003  72.3100
418.9103  72.5100
419.0803  73.3700
418.8103  73.7500
419.0803  74.6700
419.0603  75.1900
419.6303  75.8100
419.3603  76.8100
419.5503  77.5700
420.0203  78.2500
420.0303  78.7600
419.7303  79.3100
419.8803  80.2500
419.9903  80.5000
420.9503  81.1800
421.2803  82.0000
421.1703  82.4400
420.3303  82.9200
419.9903  83.6800
419.3903  84.1900
419.2403  84.8700
419.7603  86.9900
419.6103  87.8000
420.1203  89.0200
419.8603  89.4300
419.7103  90.2200
419.2503  90.7100
418.4703  90.8200
418.0003  91.4100
418.1403  91.7500
418.1003  92.3200
418.3103  92.6700
418.1803  93.2500
418.4303  93.8400
418.9403  93.9500
419.8003  93.7500
420.3403  94.0200
420.4503  94.3500
420.1003  94.9200
420.2103  95.4000
420.1103  96.0500
420.2503  96.7100
420.7203  97.4500
420.6403  98.2500
420.9603  98.8800
420.9803  99.8600
421.6603 100.2500
422.6203 101.3400
422.8303 101.6700
422.8603 102.4400
423.2603 103.1200
423.2103 103.4800
422.7503 103.9800
422.3803 104.9700
421.3203 106.8200
421.1303 107.5800
421.0103 109.3500
420.4903 110.0900
420.1803 110.1700
420.0603 110.5000
420.3503 111.5000
420.6003 111.7900
420.6803 112.4500
420.5703 112.7400
420.7803 113.0200
420.7803 114.5700
421.2303 117.1700
421.0903 118.8300
421.9603 120.5800
422.3103 120.9000
422.7903 122.0200
423.2703 122.6600
423.4703 123.4400
423.2203 124.1800
423.3203 124.5900
423.2403 125.6400
423.4203 126.3300
423.1603 127.3900
423.3403 128.2100
423.8803 128.7100
424.5703 130.0100
425.1403 131.8700
425.2703 132.8100
425.7503 133.3000
425.4703 134.0900
425.7903 134.9900
425.6303 135.4400
425.6503 136.5600
423.8203 139.7200
424.5303 140.5200
425.0703 140.6800
425.7103 141.8400
429.6803 143.9700
429.9403 144.2000
430.2603 144.9700
430.3003 145.4500
429.9803 146.7300
429.5103 147.6000
429.5803 148.7500
429.2303 150.4000
429.4203 151.2100
429.7003 151.4800
430.4403 153.3900
430.5803 154.2700
429.8903 155.1800
429.6803 155.8900
429.7703 156.2000
429.4803 156.4500
429.4603 157.5400
430.0103 158.9600
429.9003 159.7200
429.8003 160.1500
428.4503 161.8000
427.6403 161.9500
426.0603 162.5800
425.0803 163.8200
423.7203 164.2700
423.5303 164.6000
423.0103 164.6900
421.9903 164.5600
421.5003 164.4500
420.4403 163.8800
419.9603 163.0400
419.4703 162.6000
418.6103 162.4900
417.7603 162.1800
417.7303 161.8900
416.9003 161.2000
416.3803 161.1700
415.0703 160.3100
414.0003 160.3800
413.4603 160.1500
413.1203 159.9000
413.0803 159.2100
412.2903 158.3900
412.0903 158.6600
410.9103 158.6700
410.3003 158.1400
409.8503 158.1900
409.5103 157.9400
409.1603 157.9300
408.7303 158.5200
408.0103 158.3500
406.5103 157.1500
405.4903 156.5900
404.6203 156.4000
403.1403 155.4500
402.7603 156.5300
402.7803 157.3200
401.6603 158.7900
401.5903 159.7400
400.9903 160.1100
399.9003 161.5300
399.7203 161.6200
399.0303 161.5400
398.7803 160.6400
398.2003 159.8400
396.3003 160.0600
395.6203 160.5100
395.2003 161.4600
395.3403 161.6200
396.0503 161.6800
396.0703 162.1200
396.6803 162.3500
396.7203 162.7500
396.3203 163.8100
397.5403 165.8200
397.4303 167.1900
396.8003 168.1200
397.0203 169.1200
397.2603 169.5200
397.8803 169.4300
398.0203 169.5900
398.0103 170.0100
397.6403 170.6400
397.6403 170.9400
398.0303 171.3800
399.1203 171.9700
399.6303 172.7000
399.4603 173.3600
399.6603 174.3200
398.6203 174.5600
398.4503 175.6900
398.9903 175.7700
399.3503 176.0800
400.0403 175.7300
400.4303 175.8600
400.8503 176.3900
401.1803 177.2300
401.2903 178.1300
401.6203 178.5000
402.2003 178.8300
402.2603 179.1100
402.3203 179.6100
402.1503 180.2200
402.3903 182.1000
401.9003 182.9700
401.9703 183.1300
402.7503 183.3700
402.8503 184.1000
403.1103 184.6600
403.8503 184.9300
404.1303 187.1100
404.8003 188.5500
404.9303 189.1500
405.5103 189.6800
406.0703 189.4400
406.8603 189.7100
407.9403 191.0900
407.0603 192.5900
406.7103 195.8000
407.1603 196.4700
408.1103 197.1900
408.2303 197.4400
408.2203 197.6800
407.7703 198.4300
407.2003 198.7500
406.9103 199.2500
407.3003 200.1900
407.6903 203.3100
406.8203 204.7100
405.8503 205.3000
405.4203 205.2300
404.3303 205.4200
403.6503 205.1900
403.3803 205.9200
403.6203 206.5200
402.8603 207.2000
403.6003 208.1500
403.0803 209.7100
402.5403 209.8500
401.8903 209.5400
401.4903 209.6300
400.8503 209.9200
400.1303 210.6600
398.0303 210.9500
397.4103 210.5600
396.7503 210.7100
396.0103 210.3900
395.4103 210.3200
394.7103 210.6900
394.4703 211.4100
393.3703 211.7700
392.4403 211.8100
391.7903 212.5000
391.1903 212.8400
390.0703 214.3300
389.7203 214.6000
388.7703 214.7200
388.2003 215.1000
388.1103 215.8100
387.8103 216.3800
387.3203 218.2700
386.4003 220.2000
385.5603 220.5800
384.7603 220.6600
384.7703 221.7400
384.1903 222.3900
383.7703 222.3700
383.3803 221.7500
382.8803 221.6600
382.6203 221.8100
382.2103 222.5500
381.7403 222.9100
380.5503 222.7900
380.1403 223.3600
380.5703 224.4600
380.0203 224.9900
379.5203 225.1200
378.7603 225.0500
378.1403 224.7300
377.1703 223.7600
376.3403 223.9200
376.1103 223.6100
376.5003 222.3500
375.8803 221.8100
375.4003 221.7400
375.1703 221.8700
374.8103 222.7000
374.1403 223.4500
374.1403 224.7700
373.4103 225.7800
373.2503 227.6000
372.3903 228.9200
372.6303 230.0900
371.5903 231.0000
370.9203 231.0400
370.3203 231.3600
369.3903 232.3600
369.5903 232.8500
369.2003 233.4500
368.3603 233.8500
367.5303 232.7000
366.9203 232.1500
365.9803 231.7600
365.6003 231.9700
364.7003 232.1200
363.9403 231.9600
363.7403 230.6700
365.4403 229.7500
365.6703 229.2600
365.1303 228.0500
365.2503 227.3300
364.8403 226.9100
364.1103 226.9800
363.7003 227.5800
362.9903 227.4400
362.7503 227.3400
362.7503 226.4300
361.9103 225.9600
361.5603 225.9800
361.4403 226.6000
359.9203 227.0600
360.0203 227.5800
359.2603 228.1600
359.2103 228.4100
359.4803 229.2100
359.3803 229.6700
358.7303 230.5000
357.3303 231.0600
356.3303 230.9500
355.6403 229.9300
354.9703 229.7700
354.8503 229.2400
355.2503 228.8700
355.2803 228.6700
354.8803 228.0600
354.6303 227.3200
353.9003 227.0000
353.5603 227.0500
353.3503 227.3100
353.4903 227.9400
353.3803 228.1700
351.6903 228.9900
351.4803 228.9600
351.1403 228.1500
350.6703 227.8800
349.9903 227.7700
349.4403 227.8500
348.7703 228.4200
347.7703 228.5200
347.6203 228.7400
347.5903 229.2300
347.4403 229.3000
347.0303 229.1400
346.0503 229.3300
345.7203 228.8500
345.7003 228.1200
345.2203 227.4500
344.9603 226.4300
344.5503 225.5500
343.5403 225.0200
342.4403 224.2100
341.4303 223.9600
339.5903 224.0200
338.9903 224.2900
338.7003 224.6300
338.4503 224.5900
337.5003 223.9600
336.2303 222.8500
336.1603 222.6000
336.3703 221.4500
336.0903 220.6700
336.1603 220.4600
336.9603 220.2600
337.2503 220.5700
337.5703 220.6500
338.0603 220.1700
338.2003 219.7900
338.1803 218.5100
337.8103 217.8700
337.3303 217.4300
336.1203 217.0800
335.2903 216.6600
335.0603 216.5000
335.1303 215.9800
334.1603 215.4900
333.0003 215.4000
332.3803 215.8900
331.4803 215.9900
330.4503 215.7200
329.6503 215.1800
329.7603 213.8600
329.6503 213.5300
330.1003 212.1100
329.6703 211.1900
329.2303 210.6800
329.2803 210.3100
329.0703 209.7000
329.5303 208.6000
329.2203 207.7600
329.1103 206.8600
328.7403 206.5000
326.2803 205.6400
325.3503 205.0400
325.0503 204.7900
324.8503 204.2500
324.2403 203.8100
324.0703 202.8800
322.9303 201.7500
322.6603 200.4500
322.1903 199.4200
322.2103 197.4500
320.9403 195.8700
320.5803 195.7400
320.0703 195.2400
320.2103 194.5800
319.7303 193.6200
319.3803 193.3500
319.2903 192.4100
318.9303 192.1200
318.6203 191.1100
318.6703 190.1200
318.3903 189.3300
318.4003 188.9100
318.5303 187.4200
318.8603 187.0200
318.9803 186.4600
318.9603 186.1300
318.7703 185.8700
318.2203 185.6900
317.6103 185.9600
316.2903 185.0100
316.1003 184.4000
315.8003 184.3500
314.9603 183.6600
313.4803 183.5300
312.7503 183.0300
312.2003 183.4000
311.3903 183.1000
310.1503 181.6600
309.8503 180.0400
309.6403 179.9100
308.7903 180.0200
307.9303 178.9000
306.3003 178.2000
306.1203 177.5800
305.9203 177.3900
304.8703 177.4400
304.5303 177.2700
304.4303 176.7700
304.8503 176.3300
304.9103 175.9500
304.7903 175.2100
304.5303 174.9200
304.4003 174.2600
304.1203 173.9200
302.9603 173.3600
302.7303 172.7300
301.6403 172.0500
301.4803 171.0800
300.9303 170.1400
300.7603 170.0300
299.5003 170.0300
298.6303 169.5400
298.1403 168.9100
297.5803 168.5000
297.0203 168.5500
297.0203 168.5500
295.8903 170.2000
295.6203 172.5500
295.7103 175.8800
296.4303 178.0300
297.3503 179.9700
303.6303 191.1400
304.2603 195.6000
304.6003 204.2000
305.2503 207.9000
305.1303 211.6300
304.3703 213.1000
303.0003 213.7600
301.8203 214.0000
302.0303 214.8200
301.8303 215.0300
302.6703 217.9000
303.7203 220.7700
306.7903 225.2500
307.8003 226.2600
316.7103 237.8000
318.8203 240.0400
318.8203 240.0400
318.9903 239.8100
319.6803 242.8700
320.3103 244.8400
321.0103 246.2700
321.6503 247.1500
322.6403 248.0400
326.8903 250.7500
328.3503 252.0600
328.6403 255.1500
326.5103 260.3300
343.0303 270.8400
344.9003 271.6500
346.0903 270.4000
345.8003 267.3000
348.3903 265.4000
351.1603 263.0700
361.1303 268.6200
362.7703 270.2800
365.1003 270.7500
366.9403 270.8000
368.3903 270.4800
369.5403 269.8300
370.4703 268.8800
371.2803 267.6700
373.9003 262.8500
375.1403 260.9800
374.0203 256.6200
373.7203 253.0900
374.1603 247.2900
388.0803 245.9200
392.0803 243.1100
392.8003 239.0900
393.7703 236.8800
397.6203 234.6600
398.9903 231.8500
398.9503 229.8400
399.1503 229.8600
403.1603 235.7500
405.7803 235.2700
411.4703 231.6900
411.7103 234.4600
413.3003 235.4000
414.3103 237.5500
416.2603 237.2700
417.0303 236.2400
419.7603 236.7200
420.2103 240.0800
421.0403 242.4400
422.2103 242.5800
423.6003 243.9100
425.1603 244.2300
426.1803 246.5700
427.5803 248.2900
428.9703 249.2200
429.9903 251.1600
434.3103 252.1300
435.0703 250.4900
436.0503 250.4400
439.0303 252.0800
440.6303 253.6000
443.7603 252.4400
444.7203 251.2000
446.1203 252.1200
446.7403 253.2900
448.5403 255.0000
450.9203 255.4800
451.9303 256.2400
453.9803 260.3300
457.5803 262.3600
458.7903 264.1000
461.1703 264.2000
464.1203 263.0600
465.7303 264.5900
468.8703 262.8500
471.1003 265.3500
473.3103 267.0600
474.3503 269.6200
477.7703 271.8700
479.5703 272.8000
480.0103 275.1900
483.3803 274.4500
485.5303 271.9700
489.3203 271.8300
484.7003 281.8100
483.1803 286.6700
481.5303 296.7100
484.2003 303.0100
483.8403 307.0100
484.2903 312.1800
488.7003 314.2500
493.5203 315.5500
494.1903 322.9500
494.8003 323.3400
494.9403 323.7000
494.9403 323.7000
495.4503 323.2800
496.7003 322.9500
497.9103 323.2500
498.3603 324.3500
498.5303 327.9400
499.4203 330.0300
500.9103 332.5900
503.1203 339.3900
504.5703 341.4400
506.6503 343.2700
507.3703 343.6000
510.2503 343.1000
511.2603 343.1600
514.7903 344.8300
516.4003 345.4200
519.6103 346.0900
520.4103 346.6700
520.8403 347.4000
521.2403 348.6400
521.6503 349.1800
522.3803 349.7000
523.8903 349.5400
525.1703 349.8300
526.4103 349.3700
527.1903 348.8100
527.9003 347.0600
529.0503 346.3500
530.7603 346.3000
532.4603 347.2000
533.4403 348.5800
534.5303 350.6600
535.5203 351.2300
538.7503 350.3800
541.0003 350.8600
542.2603 350.7700
550.4503 346.4800
550.6303 345.3900
551.1703 344.9700
551.9503 345.3000
554.9203 347.0500
555.6903 347.2500
557.0403 346.6500
560.3203 346.4200
561.7303 346.7700
564.3503 347.9800
566.0203 348.3000
566.9303 347.8600
568.2403 346.6900
569.4803 346.3500
571.8203 347.1900
573.3703 347.5300
575.4703 346.9300
576.8503 346.7100
578.2003 346.9300
579.7203 347.8300
583.6203 349.3200
585.3603 348.8800
588.5403 347.3200
591.9303 346.8800
593.3403 347.1600
594.4203 347.2100
595.6103 347.0500
596.1503 347.5200
597.0303 350.8100
598.2403 353.5700
598.8903 353.7700
601.0603 351.4000
602.9303 351.0700
605.8403 350.9800
608.5603 351.7300
610.1303 352.4900
611.0803 354.1300
612.4503 358.0200
613.0303 358.9900
613.7103 359.5700
615.0203 359.2800
616.4903 358.6000
617.5203 358.9000
618.7903 359.6900
621.0203 361.4900
624.0903 361.8900

Khatlon
642
 91.9803 164.3500
 91.8103 163.3800
 92.0203 162.7900
 91.6503 161.9300
 91.8903 160.7500
 91.5203 159.9100
 91.5603 158.5300
 90.4003 157.5900
 96.1103 153.4800
 98.9003 152.3900
102.6703 151.7800
107.4003 151.7100
113.1103 152.2900
113.7903 149.1900
115.0303 147.1000
117.4003 147.0400
120.7003 148.5900
120.8103 151.7400
121.5203 154.5500
122.4503 156.9800
122.4003 158.7600
122.7603 160.3700
123.7603 159.8300
124.9403 160.2900
125.3203 161.3000
125.0903 172.1200
124.4803 172.9000
123.3003 172.2300
122.1103 171.9700
120.1103 172.4700
117.5403 171.7200
116.3303 172.2600
116.3103 173.4800
117.2703 175.1500
118.0203 177.8300
122.4503 189.8800
125.9203 196.1400
125.9403 197.3800
124.1403 201.4300
125.3303 202.0900
128.7003 207.3200
132.4903 207.4600
134.2403 208.5800
137.4503 211.4900
138.8403 212.5500
141.0303 213.2200
141.6203 215.8900
142.2203 215.9000
142.6103 216.1100
144.0203 213.6900
148.4103 212.7700
152.3803 215.4900
155.3603 216.7700
157.5503 218.2200
159.5303 219.8800
161.9203 220.3100
164.1203 218.7200
165.3103 219.3400
167.0903 220.7800
167.2903 221.3900
168.2803 221.2000
169.6803 220.2100
172.2703 220.6400
175.0603 219.2500
176.4503 219.0600
176.8403 221.2900
177.8303 221.3000
179.0303 220.1000
179.8203 221.1200
181.9703 228.0200
183.3503 230.0600
189.3303 228.6800
190.1303 228.8900
195.3103 229.3200
198.3103 228.3300
201.3103 225.7100
207.8903 227.3600
209.8803 229.6000
212.8903 228.3900
214.6903 228.8100
216.4903 229.0200
217.4903 229.4200
220.4803 231.4600
221.6903 230.6500
221.9103 223.7700
222.3203 221.3500
223.1103 222.7700
225.5103 225.2000
226.6503 227.5800
228.3903 230.4500
229.3103 231.6900
230.5103 232.5000
233.1803 235.0400
235.9403 236.3700
237.3503 239.6200
240.1803 244.3100
241.5903 244.1100
244.4303 247.1800
246.7603 245.7900
249.4703 244.6900
251.0903 244.9400
252.8203 247.0000
256.2003 254.5600
260.8903 260.3100
263.9703 265.2500
265.4003 265.6600
267.8303 264.0000
274.3603 266.2400
276.1503 261.4900
279.1903 260.6400
280.5903 258.3600
281.6003 257.3300
284.2303 256.6800
285.2303 255.0200
286.6303 253.3600
287.8203 251.2900
287.1503 245.5400
286.9003 241.8400
288.9303 242.0200
290.7603 243.2300
292.0003 245.2600
293.6303 245.4400
294.8703 247.4800
296.5003 248.0700
303.2303 251.4400
307.0703 250.7500
310.0103 248.3800
314.1703 245.4400
316.2703 243.3400
318.8203 240.0400
318.8203 240.0400
316.7103 237.8000
307.8003 226.2600
306.7903 225.2500
303.7203 220.7700
302.6703 217.9000
301.8303 215.0300
302.0303 214.8200
301.8203 214.0000
303.0003 213.7600
304.3703 213.1000
305.1303 211.6300
305.2503 207.9000
304.6003 204.2000
304.2603 195.6000
303.6303 191.1400
297.3503 179.9700
296.4303 178.0300
295.7103 175.8800
295.6203 172.5500
295.8903 170.2000
297.0203 168.5500
297.0203 168.5500
296.6903 167.4400
296.7003 166.6900
296.5003 166.3200
296.2603 166.2600
295.5503 166.7800
294.9303 166.7400
294.7703 166.8300
294.6403 167.2500
294.2503 167.5500
293.9603 167.4600
293.8303 166.4600
294.4603 165.3000
294.5803 163.9700
295.4403 163.1600
295.4003 162.9100
294.7303 162.3000
294.2803 162.1400
293.9103 162.2200
293.1803 163.0200
292.0403 163.0400
291.2203 162.4100
290.1003 162.0200
289.0103 161.3700
289.1703 160.4400
289.1303 160.0900
289.0103 160.0600
287.7803 161.1000
287.4803 161.9900
286.7203 163.3100
286.2603 163.5500
285.9103 163.2900
285.5603 161.9000
284.8203 161.4200
284.7803 161.1900
285.4703 159.2400
285.4503 158.5800
285.6703 157.6300
285.3903 156.9700
285.9703 155.7000
285.9203 155.4600
284.9503 154.5500
285.5303 153.5800
285.5803 152.7000
285.9403 152.3100
286.3703 150.5500
286.6103 150.2100
287.0803 150.0200
288.2003 149.8600
289.4103 149.0300
289.8203 148.5000
290.5303 148.4100
292.6303 148.6000
293.3303 148.4600
294.0903 147.8000
294.7103 146.7300
295.2603 146.3800
295.8203 146.4400
295.9803 146.2600
296.0003 145.6800
295.3603 143.9800
295.6003 143.4500
295.3903 142.8900
295.7503 142.3100
295.9203 141.6600
296.7103 141.2200
296.9803 140.7700
297.5603 140.3800
297.6203 140.0400
296.8403 138.5700
296.6803 137.7300
297.2003 137.0200
297.9503 135.5400
297.6703 134.4500
296.7203 133.7300
296.7103 133.4500
297.0303 132.3300
297.2403 132.0400
297.6203 132.0500
298.0803 131.8600
298.2403 131.6500
298.4603 131.0600
298.4503 130.5000
296.5303 129.6400
296.3903 129.4000
296.4403 129.1000
296.6703 128.9600
296.7403 128.6900
296.0203 128.4000
295.5703 125.6100
295.1803 125.1900
294.4403 124.9400
294.2203 124.5200
294.1303 123.3900
294.4303 123.1500
294.4103 122.1000
294.7703 121.1100
294.6803 120.1900
294.3603 119.6200
293.6503 119.8000
293.5203 119.5700
293.2603 119.5400
293.0303 119.7900
292.9003 120.3500
292.5603 120.3100
292.3103 120.1100
291.2903 120.0300
290.2703 119.6000
289.3603 119.4800
289.3003 118.1600
289.9903 117.2900
290.0903 116.5800
289.6503 116.4100
288.4003 116.6500
288.1703 116.4800
288.2103 116.0900
288.9103 115.5800
289.2403 114.8800
289.0503 114.3700
288.1103 114.5700
287.5003 113.9700
287.0803 113.8600
286.0003 114.9500
285.7903 114.9900
285.5603 114.8200
285.5003 114.4900
285.9103 113.7800
286.0103 112.7000
285.9403 112.4500
285.1703 111.6600
285.1403 110.0200
284.9203 109.4400
284.3903 109.3100
284.0803 109.4200
283.5603 110.3600
283.3303 110.4900
283.1103 110.2100
282.9003 110.1800
282.3303 108.9700
281.9203 108.7300
280.6303 108.8700
280.2903 109.1000
279.2903 108.7100
279.0003 108.7300
277.7703 109.7100
276.9303 109.9900
276.1703 109.8800
275.8603 109.9800
275.1303 110.9200
274.1803 111.0700
273.3703 111.8000
273.1203 111.8300
272.4503 111.1300
272.2503 111.1400
271.9303 111.8300
271.4303 112.1800
270.7303 112.1900
270.0003 111.7400
269.4603 111.8100
268.9703 112.4700
267.6003 113.1100
267.0103 114.7800
266.8303 114.9000
263.8203 114.4600
262.7203 114.6600
262.2303 115.1400
262.2703 115.7500
262.1003 116.6200
262.1903 117.6900
261.8103 118.2300
261.3303 119.7900
261.1103 119.9900
260.3703 119.8400
258.8103 120.4600
257.5703 120.7200
253.1403 120.4900
252.1603 120.1600
251.3103 119.6700
250.4003 118.8800
250.0103 118.3200
248.5003 115.4200
247.8603 115.1200
247.1003 115.1600
246.5503 115.3900
245.2703 116.3100
244.0703 116.9300
241.9703 117.0600
240.9603 117.3500
239.7703 117.1200
238.0403 115.9300
237.1603 115.6800
236.1403 115.6600
234.8303 115.9300
233.6203 115.6900
232.6003 115.9000
231.3203 115.7000
230.6303 115.8600
229.0303 115.8500
228.0303 115.4900
227.1703 115.4100
226.7903 115.5900
224.9903 115.6900
224.5703 115.9000
223.2003 116.1100
222.3503 116.5200
221.1303 116.7900
220.4703 117.5500
220.1403 117.7400
219.7103 117.6900
219.2603 117.3200
218.5903 116.3500
218.3203 115.3200
217.3803 113.5800
217.4603 112.4700
217.3503 112.1400
216.4203 111.4800
215.8503 110.6300
215.4303 108.7800
214.1203 108.8000
213.5403 108.6600
212.2503 107.4900
211.8903 106.8800
211.6003 106.9600
211.3403 106.7600
211.5603 105.8700
211.2003 105.3300
211.0903 104.6300
210.6503 104.5000
209.8703 104.8200
209.2303 104.5700
208.5603 102.5900
207.8403 101.6600
207.3303 100.4400
206.8403 100.1500
205.3403  99.7900
204.8903  99.1800
204.6303  98.2800
203.6003  97.5500
203.8203  96.8900
203.8203  96.2400
203.0103  94.1600
203.2603  93.4800
203.9903  92.8800
204.0603  92.5900
203.1903  91.3100
203.4603  90.3900
203.8303  89.8700
204.0203  88.3900
204.2003  88.2600
205.0403  88.3000
205.2803  88.0600
205.4503  87.5200
205.3903  87.1900
204.5003  86.6500
204.1603  83.8700
204.4703  82.9000
205.1903  82.2600
206.0503  82.6800
206.4603  82.6300
206.4803  81.9800
205.8703  81.1500
205.9103  80.8200
206.1003  80.4800
207.2003  79.7100
207.5603  79.1700
207.5503  78.8200
206.7003  77.9600
206.7703  77.4000
207.5803  76.3700
207.9703  75.1300
207.9403  74.6900
207.4103  73.3400
207.3403  72.9000
207.4803  72.4100
207.9503  72.1300
208.6503  72.0700
210.6403  72.5500
211.0803  72.3300
211.2403  72.0200
211.1003  71.4800
210.1403  70.0500
208.5803  68.0900
208.2603  66.9200
206.3203  63.5700
206.0303  63.2400
203.7703  63.4700
202.7903  63.0400
201.7603  61.9400
200.4503  60.9500
199.3503  59.8100
198.6903  58.0500
198.3803  57.4500
198.0403  57.2100
197.1403  56.9200
194.8203  56.6900
193.4103  55.3900
192.2403  55.2900
191.7603  55.0700
191.5003  54.3400
190.8203  54.1600
190.1603  54.3700
189.7103  54.7500
189.1903  55.6400
187.9503  56.5900
187.5003  57.7900
186.6003  58.7600
183.6503  60.5100
182.7303  60.7400
179.0903  63.2300
177.9003  64.2000
177.1303  64.5300
175.7103  66.7900
174.5503  69.8400
174.0203  70.8600
172.8103  71.9200
169.6203  73.7700
168.4003  74.8000
164.5103  80.1400
162.8203  81.3000
162.5503  81.6600
162.2403  82.6000
160.4803  83.5000
159.3503  83.7900
159.1303  83.7500
158.4003  82.9500
157.8103  83.0600
157.2603  83.3600
156.1503  84.5100
155.5203  84.8000
154.6203  84.3500
154.3303  83.6700
154.8903  80.9500
155.3403  79.9700
156.0003  79.3900
157.1403  79.0000
157.6703  78.1700
157.7003  77.8200
157.5303  77.4100
156.0303  76.2400
155.1803  76.0700
154.4303  76.4600
154.0603  76.8100
153.5303  78.0600
151.6603  80.8100
149.0103  82.4500
148.1803  82.6400
146.8603  81.9200
146.0903  81.1500
145.4503  79.2500
146.0603  77.1400
146.7003  76.4100
147.7703  75.9200
148.2403  74.9100
147.9803  73.8000
147.0403  73.1400
146.3903  72.9600
145.8003  73.0700
145.2103  73.5100
144.7903  74.0800
144.5203  74.4700
144.2803  75.3600
143.9403  77.7600
143.7703  78.2100
143.2603  78.5900
142.3803  78.7300
139.8203  77.6900
137.9703  76.1600
136.6903  76.3000
132.9903  77.6300
132.4603  77.5100
131.8603  76.9700
131.6803  76.2500
131.9503  75.3100
132.6803  74.2700
133.0603  73.0500
132.9203  72.6900
132.4203  72.2800
131.9403  72.2100
130.5503  73.6200
130.2803  73.6600
129.7903  73.3200
129.3903  72.7300
129.7003  71.8500
129.4203  69.7900
128.7303  68.4600
127.6303  68.1500
126.9703  68.1400
125.4303  66.9700
120.7203  65.9800
120.4403  65.8000
119.0503  63.7700
117.8903  62.8800
116.4303  62.6700
114.7303  63.2300
113.3903  63.0400
112.6703  62.2700
112.0703  61.3000
111.3803  60.6400
110.7703  60.5900
108.7103  61.7600
108.4003  61.8000
107.8403  61.5900
107.3403  61.0400
106.4103  59.2400
106.3303  58.1300
106.1203  57.8400
104.7203  57.0000
103.9303  55.4000
102.9703  54.4500
100.7703  54.6200
 99.1603  55.4900
 98.3203  55.7600
 95.9003  55.7800
 94.2003  55.2100
 93.4403  54.4000
 92.6903  52.7400
 92.1703  50.4700
 92.2903  49.5600
 92.1103  46.1900
 91.5903  44.4100
 91.1503  43.7700
 90.6203  43.3000
 90.0403  42.9700
 89.0103  42.8000
 88.5503  42.9000
 87.3203  43.4400
 84.9503  44.9300
 84.4803  45.1300
 83.8103  45.0600
 83.0803  44.7200
 79.8603  42.5000
 79.2303  41.8200
 78.1303  41.1000
 77.3203  40.0100
 75.9403  39.7500
 74.8103  38.8600
 73.4203  37.4000
 72.3703  35.7200
 71.3003  35.3800
 70.5803  34.7700
 69.9203  34.4300
 67.8003  33.9700
 67.1103  33.5100
 65.7803  33.0700
 63.1403  34.3200
 62.3303  36.1500
 62.2103  37.5000
 61.1703  39.2700
 60.2303  39.7600
 58.0303  40.3300
 56.3003  41.0400
 54.2103  42.6500
 53.6303  43.6300
 53.2803  48.2000
 52.7303  49.3300
 51.8803  50.1200
 51.1103  50.3200
 48.6403  50.1700
 47.0303  50.2800
 45.4003  50.6500
 43.6703  51.3800
 42.3603  52.1500
 40.9903  53.4900
 40.9003  53.9000
 40.9903  55.2800
 41.6403  57.7000
 41.7103  61.8500
 42.1403  63.6700
 41.9403  64.5800
 41.4803  65.5900
 42.9903  66.5600
 44.5603  71.9300
 45.1403  76.5900
 45.8103  86.6500
 45.2403  95.5200
 45.3403 101.1800
 47.9603 109.7500
 50.4703 111.9200
 51.4803 113.1400
 54.3003 118.5100
 56.6203 123.8900
 61.6903 130.4600
 64.7003 132.6300
 67.2503 136.2800
 74.2403 151.2200
 76.0403 154.4000
 84.9903 155.9400
 87.7403 157.1200
 90.5003 158.5400
 91.2903 160.5100

Region_of_Republican_Subordination
521
426.6903 375.8300
426.8103 373.6100
426.4703 371.9800
425.4203 370.3300
425.0003 368.3900
425.0303 366.6800
425.9303 362.3800
426.9303 360.0500
428.4103 359.2700
432.1103 358.7400
433.4703 358.1000
434.9203 358.0800
437.0603 358.8400
438.4303 359.5200
441.7003 360.2200
444.0903 360.0100
446.0103 360.3400
447.2103 360.2700
449.8303 358.5400
450.9803 356.5700
451.6003 353.1800
451.2403 350.3000
450.8203 349.5600
448.4703 348.4400
446.8303 346.3200
446.3803 342.8100
447.2203 341.0500
449.1803 337.8400
450.2503 336.7700
451.4203 336.2000
453.0703 336.3500
454.8903 337.2500
455.9203 337.4500
459.3103 337.1800
461.4103 336.4200
462.5703 336.6700
463.3503 337.0600
464.6503 339.8300
465.9903 342.0200
467.3603 343.7700
468.7103 344.1900
471.1603 345.9400
472.8903 346.3400
475.2903 348.4100
476.0403 348.1700
476.8203 347.5500
477.6403 346.4900
478.3503 342.5900
479.6003 340.3000
480.3903 337.7300
481.5303 335.8900
482.5503 335.0100
483.6903 335.0000
484.7803 335.1800
487.9803 334.9800
488.8503 334.6100
490.2003 332.0600
491.0903 331.1900
492.9703 329.8700
493.5903 328.7000
493.8003 327.1000
493.7203 325.7900
494.1403 324.3700
494.9403 323.7000
494.9403 323.7000
494.8003 323.3400
494.1903 322.9500
493.5203 315.5500
488.7003 314.2500
484.2903 312.1800
483.8403 307.0100
484.2003 303.0100
481.5303 296.7100
483.1803 286.6700
484.7003 281.8100
489.3203 271.8300
485.5303 271.9700
483.3803 274.4500
480.0103 275.1900
479.5703 272.8000
477.7703 271.8700
474.3503 269.6200
473.3103 267.0600
471.1003 265.3500
468.8703 262.8500
465.7303 264.5900
464.1203 263.0600
461.1703 264.2000
458.7903 264.1000
457.5803 262.3600
453.9803 260.3300
451.9303 256.2400
450.9203 255.4800
448.5403 255.0000
446.7403 253.2900
446.1203 252.1200
444.7203 251.2000
443.7603 252.4400
440.6303 253.6000
439.0303 252.0800
436.0503 250.4400
435.0703 250.4900
434.3103 252.1300
429.9903 251.1600
428.9703 249.2200
427.5803 248.2900
426.1803 246.5700
425.1603 244.2300
423.6003 243.9100
422.2103 242.5800
421.0403 242.4400
420.2103 240.0800
419.7603 236.7200
417.0303 236.2400
416.2603 237.2700
414.3103 237.5500
413.3003 235.4000
411.7103 234.4600
411.4703 231.6900
405.7803 235.2700
403.1603 235.7500
399.1503 229.8600
398.9503 229.8400
398.9903 231.8500
397.6203 234.6600
393.7703 236.8800
392.8003 239.0900
392.0803 243.1100
388.0803 245.9200
374.1603 247.2900
373.7203 253.0900
374.0203 256.6200
375.1403 260.9800
373.9003 262.8500
371.2803 267.6700
370.4703 268.8800
369.5403 269.8300
368.3903 270.4800
366.9403 270.8000
365.1003 270.7500
362.7703 270.2800
361.1303 268.6200
351.1603 263.0700
348.3903 265.4000
345.8003 267.3000
346.0903 270.4000
344.9003 271.6500
343.0303 270.8400
326.5103 260.3300
328.6403 255.1500
328.3503 252.0600
326.8903 250.7500
322.6403 248.0400
321.6503 247.1500
321.0103 246.2700
320.3103 244.8400
319.6803 242.8700
318.9903 239.8100
318.8203 240.0400
318.8203 240.0400
316.2703 243.3400
314.1703 245.4400
310.0103 248.3800
307.0703 250.7500
303.2303 251.4400
296.5003 248.0700
294.8703 247.4800
293.6303 245.4400
292.0003 245.2600
290.7603 243.2300
288.9303 242.0200
286.9003 241.8400
287.1503 245.5400
287.8203 251.2900
286.6303 253.3600
285.2303 255.0200
284.2303 256.6800
281.6003 257.3300
280.5903 258.3600
279.1903 260.6400
276.1503 261.4900
274.3603 266.2400
267.8303 264.0000
265.4003 265.6600
263.9703 265.2500
260.8903 260.3100
256.2003 254.5600
252.8203 247.0000
251.0903 244.9400
249.4703 244.6900
246.7603 245.7900
244.4303 247.1800
241.5903 244.1100
240.1803 244.3100
237.3503 239.6200
235.9403 236.3700
233.1803 235.0400
230.5103 232.5000
229.3103 231.6900
228.3903 230.4500
226.6503 227.5800
225.5103 225.2000
223.1103 222.7700
222.3203 221.3500
221.9103 223.7700
221.6903 230.6500
220.4803 231.4600
217.4903 229.4200
216.4903 229.0200
214.6903 228.8100
212.8903 228.3900
209.8803 229.6000
207.8903 227.3600
201.3103 225.7100
198.3103 228.3300
195.3103 229.3200
190.1303 228.8900
189.3303 228.6800
183.3503 230.0600
181.9703 228.0200
179.8203 221.1200
179.0303 220.1000
177.8303 221.3000
176.8403 221.2900
176.4503 219.0600
175.0603 219.2500
172.2703 220.6400
169.6803 220.2100
168.2803 221.2000
167.2903 221.3900
167.0903 220.7800
165.3103 219.3400
164.1203 218.7200
161.9203 220.3100
159.5303 219.8800
157.5503 218.2200
155.3603 216.7700
152.3803 215.4900
148.4103 212.7700
144.0203 213.6900
142.6103 216.1100
142.2203 215.9000
141.6203 215.8900
141.0303 213.2200
138.8403 212.5500
137.4503 211.4900
134.2403 208.5800
132.4903 207.4600
128.7003 207.3200
125.3303 202.0900
124.1403 201.4300
125.9403 197.3800
125.9203 196.1400
122.4503 189.8800
118.0203 177.8300
117.2703 175.1500
116.3103 173.4800
116.3303 172.2600
117.5403 171.7200
120.1103 172.4700
122.1103 171.9700
123.3003 172.2300
124.4803 172.9000
125.0903 172.1200
125.3203 161.3000
124.9403 160.2900
123.7603 159.8300
122.7603 160.3700
122.4003 158.7600
122.4503 156.9800
121.5203 154.5500
120.8103 151.7400
120.7003 148.5900
117.4003 147.0400
115.0303 147.1000
113.7903 149.1900
113.1103 152.2900
107.4003 151.7100
102.6703 151.7800
 98.9003 152.3900
 96.1103 153.4800
 90.4003 157.5900
 91.5603 158.5300
 91.5203 159.9100
 91.8903 160.7500
 91.6503 161.9300
 92.0203 162.7900
 91.8103 163.3800
 91.9803 164.3500
 91.9803 164.3500
 92.1303 164.7000
 91.9603 168.1800
 95.5903 175.0400
 98.1403 177.9500
 99.9203 179.4000
100.6803 180.3800
101.0003 183.1000
103.9903 193.7100
104.0303 195.4500
101.6203 198.7400
100.0103 201.6700
 99.9703 202.5100
 95.6103 208.0900
 93.4103 209.6400
 90.2103 211.2000
 87.2403 212.2700
 86.7503 212.7700
 86.5303 214.0200
 86.5703 215.7700
 86.1103 217.5200
 82.9903 222.8200
 79.2903 224.9000
 78.2903 224.9200
 75.0203 223.5000
 74.0203 223.5200
 74.5703 225.7500
 75.8503 227.4700
 76.6303 228.9500
 77.4303 231.4200
 75.2303 233.2200
 69.8803 240.3200
 70.3103 249.3100
 70.6003 250.8000
 70.6203 252.0500
 71.6503 253.2800
 71.6703 254.2800
 69.7503 258.5700
 68.8203 261.8400
 69.8503 263.0700
 71.6303 264.5400
 74.1403 264.7400
 75.1503 264.9700
 75.9303 266.4500
 71.0603 273.3200
 70.3403 274.5800
 71.1203 275.8100
 76.6503 276.7100
 78.9203 277.4100
 80.2203 279.3900
 81.7503 280.3600
 83.0103 280.8300
 82.7703 282.8300
 82.7703 282.8300
 83.7003 282.9400
 84.0903 284.5000
 86.7203 285.0700
 88.3403 288.3700
 93.8203 293.4400
 95.2203 293.5400
 97.0703 295.2100
 98.5003 296.0100
 99.2903 296.0500
100.6203 295.6700
106.8303 292.1800
110.5703 293.5300
115.0503 293.3300
116.8403 294.7100
118.6303 296.4900
120.5803 296.8900
125.0903 298.3100
126.8703 299.5100
128.0803 301.6900
128.3603 305.6300
129.5603 307.2200
133.0603 307.6500
137.9403 308.7000
140.4903 310.1200
143.4103 310.5600
146.3203 310.2300
148.0703 310.4700
149.4503 311.2800
152.7803 312.5400
155.0903 310.6700
157.6203 310.7400
160.3703 311.9900
163.1103 312.0600
164.6703 311.0700
169.2003 306.9800
172.1603 305.3300
172.7503 305.1300
173.9303 305.7500
179.0603 305.9700
182.0303 304.7300
183.2303 302.8700
186.4203 299.3500
188.4103 298.9400
191.5903 298.9400
195.3703 301.0200
199.5403 303.7200
202.7303 306.0100
204.5103 308.3000
206.5103 309.5500
209.1303 309.1400
211.9603 307.7000
218.6403 304.8200
220.0603 304.6200
221.2703 306.0800
220.8503 308.3600
219.6203 310.2300
219.6103 311.8900
220.2003 313.9700
222.8303 314.8300
228.8803 317.5900
229.7303 317.6400
230.4803 317.2600
231.2203 316.3600
232.0503 314.8300
234.7103 308.8800
236.1503 303.9000
237.1703 303.2900
239.6203 304.1400
241.0503 306.2400
242.2803 307.2900
245.7603 304.2000
247.4003 303.5900
248.2203 305.0600
247.8103 306.9300
250.8903 309.8800
251.1003 309.8800
250.2803 311.3300
250.6903 313.6300
250.7003 317.6000
250.0803 320.7300
251.5303 323.8700
252.5703 325.5600
246.9703 334.4700
251.3403 338.0800
253.8403 339.7800
254.0703 344.3600
257.4203 345.0200
260.3303 342.3300
262.6403 343.3800
264.7503 345.4500
267.7003 346.8700
268.9303 344.3700
269.5203 342.0800
272.2503 342.4400
274.8403 346.6700
276.5403 348.0500
278.8703 348.3800
281.3503 346.0500
282.5903 345.1900
285.5103 343.6600
289.1503 345.4000
292.7603 345.5100
295.4203 348.3500
299.6203 351.6200
302.6203 351.7600
306.1703 349.9900
309.3703 350.3000
312.0903 349.5800
314.7203 352.1500
319.4903 350.4800
320.8903 355.2800
324.6303 355.0600
328.8403 355.8100
330.6903 360.1100
334.4403 360.2600
336.0703 363.3300
340.1403 366.3100
340.1403 366.3100
343.4603 364.2900
344.3503 363.0500
345.0803 361.0500
345.2103 359.8400
345.2303 356.3000
345.5603 355.2700
345.7503 352.7300
346.2903 352.0800
347.8403 351.4300
350.6103 351.3000
352.9003 351.5000
355.2003 351.9600
355.9603 351.9200
357.1903 351.3500
358.4103 350.4100
360.5103 350.6200
361.5003 351.5200
362.8103 353.7300
362.8803 356.3200
363.4303 357.2400
364.4503 357.3800
365.3103 356.8300
366.8503 354.7900
368.8003 353.2400
370.3103 353.1600
372.6603 353.3600
374.7203 354.0100
376.2103 354.6900
376.8803 355.4200
377.7203 357.0800
377.4103 362.0900
377.7303 363.4800
378.6203 365.8900
379.6203 366.8500
380.9803 367.3500
382.5003 367.4000
386.7803 366.9900
389.2203 367.4900
390.4603 368.1800
393.9503 370.7200
394.4003 371.9600
395.3303 372.8700
395.8803 372.4600
397.8503 369.0600
398.7703 368.3700
399.6603 368.3900
400.9003 369.0800
403.0703 371.7500
403.6403 372.8600
403.7603 375.0700
405.7103 375.9800
406.3503 376.0700
409.5503 375.5200
411.8303 375.3900
413.9603 376.2300
416.4703 378.0500
418.3703 380.2300
419.2903 380.8700
420.4403 381.0000
423.2203 379.5100

Sughd
20
333.5603 413.6300
336.7303 413.0800
339.0003 413.8100
340.8603 413.9100
341.9103 413.2200
342.8003 410.2600
339.1703 407.7300
335.4203 408.0800
335.1103 404.9300
334.1703 402.4300
332.3603 401.4000
329.9803 403.5200
328.3103 407.9300
323.0203 411.0200
320.0203 412.2300
320.1003 414.6600
321.0603 416.1000
321.4803 416.1100
326.2503 415.0200
330.5703 414.3000

Sughd
13
337.1403 553.4400
336.6903 552.6700
332.8103 557.7700
329.6703 562.2000
326.9803 564.1800
324.7403 564.2400
324.3103 565.7400
324.9103 566.7800
326.5203 568.0100
325.9203 567.1800
328.5803 566.0500
331.9103 562.1400
335.7303 556.9400

Sughd
892
315.3903 571.2100
315.7003 571.1000
316.4003 571.2600
318.0103 570.3700
318.2103 569.5200
318.6103 568.8700
320.0203 567.5600
321.0403 566.9000
321.1903 565.5400
321.9003 565.0200
323.8503 562.3800
324.5203 562.4900
325.3503 562.3300
325.5503 561.5600
326.5703 559.3000
327.8903 557.8400
328.8003 556.5300
329.6703 554.5600
332.1103 550.9200
332.6103 549.6300
332.8403 549.4800
332.8103 549.1300
333.1303 548.3200
333.7203 548.3100
333.9903 547.5000
335.2803 546.6000
336.1303 545.6600
337.3703 542.6300
339.2103 541.9400
340.3803 540.9000
341.0503 539.7300
341.9903 538.7100
340.9403 537.8800
340.5603 538.0800
339.9103 537.6900
340.0803 536.9700
339.6503 536.3300
338.8303 536.1000
337.5703 536.6500
336.5203 539.3300
335.7003 536.5900
335.7803 535.0200
336.4803 533.6000
338.3103 534.1300
339.8703 534.1100
340.4403 533.9100
341.0303 533.9100
342.9203 532.9200
342.3103 532.5300
344.2903 532.4300
345.2403 531.9300
346.8703 530.6600
347.4603 530.0500
347.9703 529.0900
347.8203 528.3800
346.5303 527.2300
345.8703 525.0000
344.9103 523.7200
343.4503 523.6300
342.8203 524.1900
342.1303 523.6800
342.5303 521.5000
342.4303 520.0300
341.7103 520.1000
340.8203 520.7200
338.6803 520.2400
337.7703 519.1500
336.8603 518.9700
336.5303 518.3400
335.3903 517.9700
333.9003 516.3500
332.4603 515.9600
331.6703 515.1200
329.2103 510.2000
327.2803 507.7600
326.3303 507.4000
324.7503 507.3600
323.7003 506.5600
321.9903 506.7100
320.6803 506.5300
319.7903 506.0500
319.3603 505.1700
319.0603 503.2000
318.0803 502.2200
317.8203 500.4400
316.7803 499.5200
315.0103 499.5300
313.8903 499.0000
310.4703 497.9400
308.0503 496.6700
305.4003 496.1800
303.2003 494.3900
301.4003 493.9100
301.1203 493.4700
301.2403 492.1300
302.4803 489.4900
303.2603 488.2200
303.5803 486.5800
304.2003 486.3700
304.8503 485.6700
305.8503 483.2200
306.6003 482.4100
307.6003 481.9500
308.5503 481.8800
310.5503 482.8200
311.2503 482.8300
312.8403 482.3400
313.4503 481.9400
317.0603 481.2100
323.4903 478.3300
325.1303 476.8600
325.6603 475.6400
325.3403 473.7000
326.1503 471.6700
326.5603 469.8300
325.7303 467.6500
325.5803 464.8300
325.2903 464.5700
326.4703 462.5000
328.0403 461.6400
328.7603 459.7000
329.5203 458.7000
330.4003 456.5800
331.3703 454.9600
332.2803 454.4000
333.2003 454.2100
336.5103 455.0000
339.7503 455.4800
340.1303 455.7400
343.2203 456.0000
345.9603 456.7200
346.7203 456.7300
352.1703 459.1500
355.9303 461.9400
356.5203 461.7600
358.9603 462.3400
360.8403 462.5300
366.1103 462.6800
367.3403 461.8300
367.7503 460.9700
367.8203 460.2400
367.5203 458.8800
367.4903 457.1400
367.1703 456.8500
366.4803 454.1600
365.6103 453.2900
364.8903 453.1300
364.7503 452.8800
362.2803 452.2400
361.2203 451.5200
360.2503 451.4400
355.1803 454.0400
353.2703 454.4000
352.3003 454.2600
351.4603 453.5200
350.5203 449.2700
349.8503 448.0800
348.0403 446.6800
346.6503 445.2700
344.7903 444.2300
340.8303 443.7700
336.8903 443.9900
335.3703 443.3300
334.6003 442.4400
334.1003 441.0700
334.1403 440.2900
334.7203 440.2900
334.6703 439.5900
334.8403 439.0600
334.9203 437.3100
334.6303 436.2700
335.1503 434.7000
334.6803 434.0300
334.0303 432.2800
333.0503 430.2300
333.0803 429.3300
332.4603 428.6400
331.0703 428.4100
326.0403 424.7600
325.2203 424.6800
324.3503 423.9300
323.7003 423.6800
323.2603 424.4300
320.8303 424.1900
320.8403 423.8900
320.0103 423.2200
319.6503 421.9900
320.1303 421.0100
321.7103 419.2600
321.7403 418.6500
321.3303 418.4300
317.6603 422.4400
316.4503 422.3200
314.5003 424.1000
313.8803 425.3100
314.9603 426.7800
316.3803 428.2400
319.6603 429.6100
322.8803 432.2600
323.4103 433.2200
324.9803 435.0100
324.9103 435.5400
323.8503 435.6000
323.7903 436.2700
323.1303 436.4700
322.7403 436.2100
322.5903 436.3500
323.0503 437.1500
322.7803 437.6900
322.3103 438.0100
322.1503 437.9700
322.1703 438.1100
320.7203 439.1000
318.8803 439.4500
318.4103 439.7300
311.1503 440.6300
309.8203 440.9800
308.3103 441.9300
306.9903 444.2000
304.4803 444.4800
302.9903 445.0300
301.5103 446.8600
300.5303 447.5600
297.8303 448.8600
295.8203 449.3200
294.7003 449.7700
292.4103 449.3000
289.2103 449.3200
287.8303 450.0000
287.2303 450.8800
280.3703 455.4900
276.3403 458.9300
273.7903 460.6100
272.7303 460.4300
271.4603 460.4500
269.9703 461.0900
268.2703 461.1600
266.8203 461.8100
264.8803 461.2500
263.0003 459.9300
261.2603 459.3900
259.8503 458.5100
257.5903 457.6300
257.1903 457.2100
253.1203 455.5200
251.6803 455.0900
249.7303 454.1400
246.9703 453.3800
243.8703 451.8100
243.2903 451.2800
241.4203 450.5800
236.6703 447.7400
235.8603 447.5300
234.1803 447.5400
231.1803 447.8300
227.8303 446.8500
224.4903 446.1700
222.4903 446.0700
218.7503 444.2300
218.1603 443.5500
217.8903 442.5600
217.4703 439.8200
217.6603 439.2500
217.2003 438.3700
216.8203 436.7600
216.9603 436.0100
219.2603 431.5100
218.7603 428.2200
219.6603 424.7500
219.4803 423.3600
218.4403 422.6300
216.6203 421.6800
213.8603 419.1100
212.6903 418.5100
211.0403 418.5700
208.5403 419.8000
207.9803 422.1100
207.4703 425.6900
205.1703 429.0800
204.0403 432.2700
201.0903 432.2700
201.3603 429.3400
200.1603 424.0300
198.5903 418.8700
196.4803 416.7800
195.9903 413.4900
195.9103 411.2100
195.3303 409.2000
193.5703 406.0800
193.2703 404.5700
194.6103 398.9400
195.8003 396.6200
197.7403 393.7600
198.4203 391.2000
197.7903 387.5400
198.1403 386.5100
198.8703 385.7200
199.0303 382.9300
199.6403 382.2800
199.8603 381.3900
199.8203 380.1200
200.0303 378.7200
201.6503 377.9100
199.7803 371.2600
202.3403 368.2600
203.2303 368.2300
204.2803 369.2100
205.7903 372.5800
206.1803 372.9500
206.9403 372.9200
207.4003 371.5100
208.7603 370.5800
210.8903 369.8700
212.5603 370.5700
214.0503 369.7600
214.4203 369.3700
216.6203 370.6800
218.2803 371.0000
219.9603 371.9500
220.8403 371.7900
222.6603 372.9900
224.1803 372.9400
225.8003 375.7900
229.0203 377.3200
232.2703 376.0600
233.9203 376.1300
236.1503 378.0700
237.8103 378.3900
239.7003 378.0700
241.7003 377.3600
242.5503 376.4400
246.0703 375.6700
247.9303 374.7100
252.3603 371.2500
252.8103 369.7100
253.1703 369.1900
253.6803 369.1700
254.6103 370.2700
255.7903 371.3600
256.9303 372.9000
257.4003 375.2200
258.0603 375.8300
260.2903 376.2500
263.6803 375.5400
265.3403 374.2100
266.0303 372.4100
267.0703 371.5500
268.5803 371.3000
270.4503 372.1100
271.4403 374.7300
272.3403 375.0100
272.9503 374.5400
273.3603 373.6400
273.0903 370.2300
273.4103 368.8200
274.0103 369.4900
274.4703 373.0200
275.3003 374.7000
278.3203 377.1700
280.0503 377.6000
280.9203 377.1200
281.5103 374.6300
282.8603 373.6900
284.5603 373.3600
285.5703 373.3800
286.8403 374.9100
287.2103 376.1600
287.4703 377.9200
288.2703 378.9000
288.8403 378.8800
289.5303 375.7500
290.3703 374.5700
291.8603 373.7500
294.0703 370.7400
295.1003 369.6800
296.2303 369.4400
298.3503 370.0400
299.6603 371.0600
300.9203 372.2700
304.4203 376.9900
305.5503 378.0800
307.0303 378.5200
307.9203 378.5400
309.8603 378.0100
311.4003 376.9300
313.4003 376.2100
314.8803 376.7100
315.6203 377.7500
316.7803 380.9300
317.8903 381.5800
319.3503 381.6400
321.2903 381.1100
322.8403 380.4000
323.4403 379.6100
324.0803 378.3100
325.4903 377.2300
327.9403 376.7400
330.6003 376.7400
332.0503 376.4800
334.7603 374.7700
339.0803 367.0300
340.1203 366.3800
340.1203 366.3800
336.0503 363.4000
334.4203 360.3200
330.6703 360.1700
328.8203 355.8700
324.6203 355.1200
320.8703 355.3500
319.4703 350.5500
314.7003 352.2200
312.0703 349.6600
309.3403 350.3800
306.1403 350.0700
302.5903 351.8400
299.6003 351.7000
295.4003 348.4300
292.7403 345.5900
289.1303 345.4800
285.4903 343.7400
282.5703 345.2700
281.3203 346.1300
278.8403 348.4600
276.5203 348.1300
274.8103 346.7500
272.2303 342.5100
269.5003 342.1500
268.9003 344.4400
267.6803 346.9400
264.7303 345.5200
262.6103 343.4500
260.3003 342.4000
257.3903 345.0900
254.0403 344.4300
253.8203 339.8400
251.3203 338.1400
246.9503 334.5300
252.5403 325.6200
251.5003 323.9400
250.0503 320.7900
250.6603 317.6600
250.6603 313.6900
250.2503 311.3900
251.0703 309.9400
250.8603 309.9400
247.7803 307.0000
248.1903 305.1300
247.3703 303.6700
245.7303 304.2800
242.2503 307.3700
241.0203 306.3200
239.5903 304.2200
237.1403 303.3600
236.1203 303.9700
234.6703 308.9500
232.0203 314.9100
231.1903 316.4300
230.4403 317.3400
229.6903 317.7200
228.8503 317.6700
222.7903 314.9200
220.1703 314.0500
219.5803 311.9700
219.5903 310.3100
220.8203 308.4500
221.2403 306.1700
220.0303 304.7100
218.6103 304.9100
211.9203 307.7900
209.0903 309.2300
206.4703 309.6400
204.4703 308.3900
202.6803 306.1100
199.5003 303.8200
195.3203 301.1200
191.5503 299.0400
188.3703 299.0300
186.3803 299.4400
183.1903 302.9600
181.9903 304.8200
179.0203 306.0600
173.8903 305.8400
172.7103 305.2200
172.1203 305.4300
169.1603 307.0800
164.6303 311.1700
163.0603 312.1600
160.3203 312.0900
157.5703 310.8400
155.0403 310.7600
152.7303 312.6300
149.4003 311.3800
148.0203 310.5700
146.2703 310.3300
143.3603 310.6600
140.4403 310.2200
137.8903 308.8000
133.0103 307.7500
129.5103 307.3200
128.3103 305.7300
128.0303 301.7900
126.8203 299.6200
125.0403 298.4200
120.5303 297.0000
118.5703 296.5900
116.7803 294.8100
114.9903 293.4300
110.5103 293.6300
106.7703 292.2800
100.5603 295.7700
 99.2303 296.1500
 98.4403 296.1100
 97.0103 295.3200
 95.1603 293.6500
 93.7603 293.5500
 88.2803 288.4800
 86.6603 285.1800
 84.0303 284.6100
 83.6403 283.0400
 82.7003 282.9300
 82.7003 282.9300
 82.3003 285.7100
 83.0603 286.1900
 83.3703 288.9400
 83.1603 290.7000
 81.6803 291.7400
 77.7303 295.0900
 77.2303 295.3500
 76.5203 297.6200
 74.6003 301.6800
 71.8703 303.5000
 69.1103 303.8100
 66.5703 302.6000
 65.0403 301.6300
 62.7903 302.1800
 61.5503 303.2100
 60.3203 304.7400
 59.3103 304.7600
 57.0203 303.5500
 55.5103 303.3300
 52.4903 303.3900
 50.1703 300.4200
 48.9103 300.4400
 46.9003 300.7300
 43.9203 302.5400
 39.3903 302.1200
 37.1003 300.5300
 35.7303 301.0600
 34.7203 300.5700
 33.7103 300.3400
 32.2103 300.9900
 30.4903 303.4100
 30.1903 307.9400
 29.2303 310.7200
 29.7003 316.2500
 30.4703 317.3700
 30.4903 318.6300
 29.8703 319.2700
 26.3503 319.4500
 25.1003 319.9700
 23.6503 323.6400
 21.4003 324.6800
 19.0103 325.1000
 16.7403 324.6300
 14.9803 324.6600
 13.1003 325.3200
 11.7303 326.2200
  7.8403 327.0300
  5.7103 328.1900
  4.0903 329.8500
  1.0103 335.1800
  0.2503 338.0000
  0.2603 339.0100
  0.7703 339.6300
  3.1803 340.3500
  8.1303 342.1700
 10.2803 342.6400
 11.1603 342.3700
 13.8003 341.9500
 14.1903 342.9500
 13.7103 344.7200
 11.6303 349.0400
  9.8103 354.1200
  5.4003 363.6600
  4.1603 365.5700
  4.2003 368.4800
  4.9803 370.2400
  6.0003 370.4800
 10.2903 369.2800
 10.9203 369.2700
 11.8203 370.4000
 11.3703 373.9500
 11.6403 375.4600
 20.4303 378.7400
 23.6003 378.8200
 24.8703 379.1800
 26.9503 382.5700
 28.3603 383.5600
 30.7803 384.4100
 31.9503 386.0400
 32.7203 386.6600
 33.6103 386.6400
 37.8903 384.7900
 38.4003 384.7800
 40.5703 385.5000
 42.1103 386.3600
 43.1103 385.8400
 47.4903 382.7200
 50.5303 382.5400
 52.6503 380.6000
 56.8003 378.7500
 58.8303 378.9600
 61.8703 378.7700
 63.8803 377.9700
 66.3003 376.0800
 67.6303 375.7500
 70.0403 375.9400
 71.6803 375.5300
 73.8103 374.4700
 78.7403 374.1100
 80.3903 374.3300
 81.6403 373.8000
 82.6403 373.0200
 84.2803 372.7300
 86.3203 373.3200
 89.1103 373.6400
 93.0203 373.1700
 96.1703 372.4600
 97.3003 371.9300
 99.0303 370.2400
 99.9103 369.9700
104.0003 371.7700
110.5603 370.7200
113.1103 371.2900
115.4903 370.4700
117.3003 372.0700
117.9903 374.3300
118.4603 377.7400
119.8703 378.4600
121.6803 379.9300
126.9103 385.8700
127.5203 389.6600
123.3603 395.6000
122.7603 397.0100
123.6803 398.1300
125.0803 398.2200
126.4903 398.8200
127.1603 400.0700
127.7203 402.0900
128.7903 403.9700
129.5003 406.8700
129.1503 408.1500
128.8303 410.5700
129.0203 413.1100
130.4203 413.0700
131.6803 412.7800
132.8103 412.1100
134.3803 413.5900
136.0703 414.8100
137.0803 414.5300
138.8103 412.5800
139.4903 409.7700
140.7403 408.8500
141.7603 409.0800
142.2803 409.5700
142.5603 410.4500
142.8803 412.7300
143.5403 413.6000
145.5903 414.0500
146.3703 414.6600
147.1803 416.4200
147.1003 417.9500
145.3103 422.2000
143.0103 426.5900
142.8203 429.0100
143.1003 429.8900
144.1303 430.3700
145.0203 430.2200
146.6203 428.2700
148.5403 424.1400
149.6003 421.1800
149.7403 417.2300
151.0803 415.1600
152.4603 414.4800
154.2503 414.6800
155.8203 416.2900
156.2503 417.8000
156.1703 419.4600
154.9703 421.9100
149.1903 429.0800
145.8903 432.1700
145.8103 432.8300
146.7303 435.8100
146.6103 437.2100
145.8703 438.1500
144.5303 439.2900
143.7603 440.5600
143.8303 441.7300
144.3603 442.3600
145.6503 442.8000
147.0803 442.5800
148.7003 440.1400
149.3503 437.2900
150.3703 436.7200
150.7003 436.9800
151.0903 438.2600
151.1703 439.2600
152.2503 440.2600
153.7503 441.2200
157.1003 441.9900
158.7603 442.0400
160.7603 442.0400
164.1503 441.2300
165.8003 441.3600
166.5103 442.8300
166.4003 444.2300
165.5103 448.0700
164.6103 450.9100
162.7503 452.3400
155.7803 452.1000
152.0703 451.6300
144.4903 449.6700
141.7603 448.4400
135.4203 446.6600
132.5303 445.4200
127.7903 444.4300
125.0503 444.3600
119.2603 447.7700
117.3603 449.5200
117.8803 450.8600
124.2803 452.7200
124.4703 453.0300
126.4003 453.2000
130.3503 454.3800
139.9403 457.4800
142.1003 458.4700
145.7703 457.2700
147.3803 456.9900
150.2403 457.7300
152.3903 458.9100
153.2403 459.7300
157.5703 460.7500
165.0103 461.5200
170.6803 461.4800
173.8403 460.4800
176.1703 460.5000
178.7803 460.2100
180.1903 460.3200
182.5003 459.5000
184.9003 459.6900
186.6103 460.2400
189.5003 459.5500
193.8403 459.4700
195.0703 458.6500
196.3103 458.1000
197.3803 458.9900
196.5903 460.5900
195.5203 463.6700
194.6203 464.6000
191.5703 465.2000
190.6603 466.1300
191.1803 468.0000
190.4103 469.2700
190.8003 470.6300
191.6303 470.6900
192.6603 470.2700
194.6803 470.0900
196.5003 470.2300
198.9903 472.5900
199.0003 474.5900
199.7403 475.8100
199.7003 478.4800
197.3903 480.3100
196.4703 481.4100
196.5003 483.2500
195.8603 485.0400
194.9703 485.8100
195.4903 487.6900
194.4503 488.1100
194.0503 488.9100
193.7303 490.8900
193.0903 492.6800
192.1703 493.7800
192.1903 495.6200
192.9603 496.5200
193.0503 498.2100
191.5903 499.4700
188.6303 503.5500
188.4903 504.2800
188.7003 505.1900
189.0903 505.7100
190.8703 507.0600
192.5503 508.0400
196.5603 508.5700
198.4903 508.1800
199.1503 508.3500
199.7203 508.9400
199.6603 509.3400
200.5503 511.0000
201.6103 511.5100
202.1803 514.3100
200.9303 517.0200
200.1703 519.5200
200.6403 527.2700
200.7803 527.9900
201.5203 528.8400
201.5003 529.5500
201.9603 530.9400
204.5803 534.3600
206.0203 536.6800
206.7403 536.9500
209.6503 537.1200
211.1203 536.3900
216.7103 534.8300
218.4403 534.7300
219.3803 534.4900
220.5903 533.4600
221.0303 532.8400
222.9203 529.0600
223.4703 526.4200
224.6903 524.6900
227.4703 522.6900
228.2903 521.4200
229.0703 520.7300
230.5903 520.4900
231.4803 520.0300
232.4103 518.0000
232.5903 517.1500
233.2603 516.2400
234.7303 515.9100
236.6803 516.1600
238.3103 516.1400
240.3703 517.4400
241.5503 519.5800
243.4703 524.1300
244.4603 525.0200
245.1703 525.3700
246.0203 525.4900
249.1803 524.5900
249.8503 524.6600
251.9203 526.8800
253.3903 527.9600
254.3803 528.3300
255.3303 528.3600
258.8503 526.1800
259.3103 526.1500
261.9203 528.6200
263.6103 529.7100
268.0903 530.3600
268.7103 530.8000
269.9203 531.1500
272.2603 533.1400
275.4103 534.3800
280.6703 539.5000
281.3503 540.4700
281.9703 542.3900
282.3903 543.0900
283.0603 543.6900
284.3703 543.9200
285.1503 543.7800
286.6403 543.0100
289.1603 542.6100
292.3903 544.6800
294.3403 545.5300
294.8903 546.0600
295.9303 547.7900
296.5603 548.0100
297.5003 548.8000
298.0803 548.9600
299.5603 549.9700
301.0303 550.1500
302.2103 550.0300
303.7203 550.5500
304.5403 551.3400
305.6803 553.5600
305.6903 554.3600
305.0503 556.4200
305.3903 558.0100
305.9803 558.4500
306.8903 559.8300
306.9503 561.5000
307.6103 562.6700
306.9903 565.5000
307.0103 566.1100
307.2303 566.5200
308.0703 567.1400
308.5503 567.8200
308.9403 569.2100
309.3603 569.8800
310.1603 570.5400
312.2003 571.5500
313.1103 571.7700

