569 594

Bududa
19
512.5249 268.0739
512.5249 268.0739
516.3449 268.5439
514.2149 266.4539
513.1949 264.5939
512.3249 262.4739
511.7849 260.2539
511.7449 257.8639
509.4049 258.6839
499.8549 258.6839
499.6549 256.4539
497.8249 256.4539
497.8249 257.8739
490.9549 257.7839
492.6649 259.9239
493.9849 262.3539
496.4749 265.6439
500.6949 266.8639
503.9849 268.8539

Nwoya
98
261.1949 442.7538
261.1949 442.7538
265.9849 442.7538
269.6749 440.1738
274.1049 439.0638
276.3149 437.9538
274.9649 434.6438
273.0149 431.9638
272.2849 429.0438
273.7449 425.8738
276.6649 424.1638
283.2349 423.7038
282.7749 422.4138
282.9849 420.3338
283.4749 418.2838
285.0949 415.5638
287.8249 413.7938
291.1649 412.7738
293.1049 410.8838
288.8049 410.3938
284.4949 410.8438
280.5749 409.9338
280.0149 405.6738
280.5049 397.0538
282.4549 388.7238
282.3449 388.7738
278.6849 388.9738
277.6649 388.7738
276.9449 388.2238
275.2849 386.5738
274.1049 385.9938
271.7049 386.0838
268.2349 388.7838
264.9349 389.7738
262.3949 391.1638
261.3249 391.6138
258.1249 391.9838
257.0649 392.3338
252.8949 396.0638
250.6949 397.0438
248.1649 398.8338
247.0449 399.4438
245.8749 399.6138
244.8349 399.5838
243.8449 399.6638
242.7849 400.2138
241.0649 399.4038
236.8449 398.6838
234.9049 398.0138
233.3049 396.7838
229.9349 393.0438
220.1249 389.7438
218.1749 389.4838
217.3449 389.7138
216.2149 390.6838
215.2649 390.9038
208.1349 390.9038
206.5949 390.4538
203.0349 388.4438
198.0049 387.1438
192.8249 383.3238
190.0049 382.3738
189.3849 382.0538
187.2949 380.6738
185.8649 386.5438
186.6649 389.3438
190.4949 393.4538
195.8749 395.9938
198.3149 397.4638
199.9149 399.0038
200.3449 401.6738
200.7349 404.4838
200.7549 405.9838
201.2749 408.3338
202.3049 410.1438
203.8649 410.8838
205.0049 411.1738
205.7749 411.9338
206.2149 412.9738
206.3549 414.1438
205.9249 415.0138
204.9149 414.9538
203.7549 414.5838
202.8649 414.5038
201.0449 416.0438
199.4649 420.5138
198.2149 422.6838
196.7449 424.3338
195.3949 426.2738
199.9649 427.6138
203.2849 430.9338
208.0749 436.1038
212.5049 438.3238
224.6749 438.3238
226.1549 442.3838
229.1049 444.9738
253.8149 445.3438
257.5049 443.1238

Buhweju
24
 91.5749 123.5838
 91.5749 123.5838
 93.1449 123.8938
 93.9649 125.2539
 94.3349 126.6339
 95.4249 127.4738
 97.7049 127.9439
 99.6549 127.1639
 98.5449 120.9339
 98.9449 113.8539
 95.8549 110.8739
 96.1649 107.3839
 82.4249 106.2638
 81.1949 102.5938
 76.7049 104.2238
 69.3549 108.3038
 61.5949 110.3538
 62.4049 121.7838
 64.8549 123.8338
 69.7649 126.6839
 76.7049 128.3239
 80.9049 131.7639
 89.7149 125.9239
 90.4449 124.5439

Sheema
18
 75.6349  75.2238
 75.6349  75.2238
 72.0249  75.1338
 69.0149  75.7838
 66.7449  78.3638
 67.7149  82.1638
 64.4549  87.8839
 73.0249  88.7038
 79.9749  89.5238
 81.1949  95.6438
 81.1949 102.5938
 82.4249 106.2638
 96.1649 107.3839
 96.0449 103.0739
 93.7449  95.4439
 93.0849  92.1339
 91.4949  88.1939
 82.4749  79.4638

Mitooma
26
 49.3349  96.8738
 49.3349  96.8738
 52.6049  97.6838
 55.8749  97.6838
 58.3249  95.2338
 59.1449  91.9738
 60.3649  89.1138
 64.4549  87.8838
 67.7149  82.1638
 66.7449  78.3638
 63.5849  79.2438
 61.0449  77.2138
 58.6749  74.9538
 55.9049  75.1439
 53.3149  74.6939
 47.1249  79.1939
 45.2049  83.6739
 42.2049  87.1139
 38.2349  89.1039
 36.5749  93.0039
 37.9649  93.8039
 39.5449  94.3938
 39.8249  95.9038
 41.0449  98.3338
 41.2749 101.2338
 45.6649  98.0938

Rubirizi
33
 68.7449 145.5438
 68.7449 145.5438
 68.2549 144.6238
 67.8549 143.6338
 73.2349 141.3138
 75.5249 137.8038
 76.6049 133.7738
 78.1649 133.5838
 80.9049 131.7639
 76.7049 128.3239
 69.7649 126.6839
 64.8549 123.8338
 62.4049 121.7838
 61.5949 110.3538
 56.6949 111.9838
 53.0149 116.4738
 49.7449 117.2938
 45.6649 115.2538
 41.5749 112.8038
 38.3149 111.9838
 31.2149 115.2638
 10.1849 116.5338
 10.9249 120.8638
 11.2449 122.6838
 12.9649 132.8938
 13.5949 136.6138
 14.0749 139.4438
 22.3849 137.7138
 30.1449 137.3038
 41.3549 135.6138
 47.7049 135.6738
 61.0649 145.9338
 66.4149 145.9338

Kalungu
30
233.8949 159.0038
233.8949 159.0038
235.9149 158.1138
240.3849 153.0238
242.8949 150.1638
248.6949 140.6038
247.0449 139.8239
248.5649 139.2939
249.1749 139.1839
248.6749 137.6339
247.7549 133.4339
251.3749 134.6839
252.4149 134.7839
253.3649 134.0739
253.3149 132.4739
252.7349 129.8139
248.5849 128.5838
244.1349 126.2138
226.3649 126.5138
229.3249 130.0639
229.9149 132.4339
227.8449 136.5838
226.9549 141.3239
225.1749 145.7639
222.8049 151.3939
221.3249 154.9439
218.8449 158.6939
221.2249 160.2939
223.8649 161.6539
230.0449 160.7139

Bukomansimbi
16
215.9249 158.2838
215.9249 158.2838
218.8449 158.6939
221.3249 154.9439
222.8049 151.3939
225.1749 145.7639
226.9549 141.3239
227.8449 136.5838
229.9149 132.4339
229.3249 130.0639
226.3649 126.5138
214.5149 126.5138
212.4449 135.9839
210.0749 148.1339
208.5949 155.6939
212.9049 158.9339

Lyantonde
35
176.9849 144.1638
176.9849 144.1638
178.3249 147.7738
181.2649 145.8839
183.4849 143.3438
183.0349 140.4638
183.5449 138.9539
183.6849 137.3939
183.2849 134.5739
182.2149 132.0838
181.4249 129.2039
180.2749 126.6438
179.1549 125.8639
178.4649 124.7038
177.4849 119.4038
175.7149 114.6638
174.5249 109.9238
175.9849 105.4938
175.1149  99.2538
170.6749  98.3638
165.3449  98.8038
166.7149 102.5238
165.8549 106.3139
163.8949 109.6939
160.9749 117.9839
159.1249 121.4239
158.1349 125.0439
158.0249 131.8639
160.0849 140.5239
159.3949 149.1639
161.6749 149.9839
163.1049 150.9339
165.5549 150.4739
171.1449 148.6339
171.4749 146.8039

Lwengo
33
199.2449 121.0238
199.2449 121.0238
205.0849 121.1538
212.2249 122.2438
214.2149 122.9538
214.5149 126.5138
226.3649 126.5138
223.6949 123.8438
223.6949 118.8038
220.1449 116.7338
215.7049 114.3638
215.1049 111.9938
216.8849 108.4438
215.9949 104.8838
213.6249 102.2138
210.0749 100.4438
206.1249 100.2438
203.8549  98.0738
202.9649  92.7438
199.1149  90.9638
194.2549  92.7138
187.2649  95.4038
180.4449 100.1438
175.9849 105.4938
174.5249 109.9238
175.7149 114.6638
177.4849 119.4038
178.4649 124.7038
179.1549 125.8639
180.2749 126.6438
186.0749 123.2539
194.6849 121.8139
196.9549 121.5339

Amudat
40
544.7849 296.5739
544.7849 296.5739
544.7249 296.6339
540.7749 301.5339
534.4249 311.3738
529.8549 314.1738
536.1349 318.2739
541.6249 321.7739
545.6249 328.7639
547.1249 338.7639
547.1249 352.2539
547.6149 361.2539
553.1149 361.7539
551.1149 373.7439
555.6149 377.7439
559.5149 383.9239
564.2149 372.5839
564.2249 370.5739
563.2449 365.9339
563.0849 363.9039
563.2149 361.7539
563.6449 359.6639
564.3949 357.8439
565.3049 356.7639
567.7449 354.4739
568.2749 353.3139
567.8849 352.2039
565.9349 349.7339
565.4849 348.4739
565.3749 328.2339
564.7549 325.9739
561.4549 318.9739
560.7049 317.7939
559.6349 316.7939
558.6049 316.3239
556.4149 315.8739
555.3749 315.3539
552.9749 311.7839
550.7849 303.3739
544.5949 298.3139

Napak
51
542.0649 412.4039
542.0649 412.4039
529.6349 411.7338
529.1349 374.7438
526.1449 370.2438
510.1549 369.2438
504.1649 365.2438
500.6649 363.2438
499.6749 359.7538
495.6749 358.2538
489.6849 357.2538
485.5749 357.2538
485.5849 368.4738
484.6449 373.5739
480.7349 376.8038
453.7149 393.6638
437.3749 403.8638
434.7749 404.9738
429.5149 399.6738
425.8349 399.5038
427.8149 404.2938
427.2349 409.5138
430.4449 409.7238
433.4649 410.6138
439.7749 414.1738
446.5849 414.0939
453.2749 413.3038
460.9649 414.2338
464.1649 414.3038
465.6049 415.1438
465.3449 416.3938
462.9749 418.3439
461.7549 421.2738
459.4449 423.9038
458.3949 426.2238
459.7149 437.2338
464.7049 440.7338
474.0049 439.8938
478.5549 440.2838
487.0549 437.4438
489.7249 448.7238
495.6749 446.2338
503.1649 445.2338
509.1649 442.7338
516.6549 436.2338
522.1449 431.2338
527.1449 429.7338
530.6349 428.7338
530.6349 422.2338
536.6349 420.2338
540.6249 416.2338

Namayingo
44
459.3949 174.4738
459.3949 174.4738
458.5049 173.2938
452.4549 165.2238
452.1349 163.1638
455.3649 152.4438
458.5849 141.7538
458.6949 137.7338
456.7749 121.2038
454.3049  99.7539
452.5849  84.8239
452.9649  70.6338
453.5649  49.4538
445.0349  49.4538
425.9849  49.4538
425.2049  49.4538
425.2049  49.4638
425.2049 143.0238
436.2249 146.7138
436.5449 149.5639
431.6449 153.6439
427.5549 161.4038
428.2049 179.5438
431.2849 182.9038
431.2849 184.9938
431.2849 185.6738
430.7149 187.2738
435.3149 189.7938
438.9949 192.4438
442.4649 193.8738
445.7349 193.6738
446.7549 198.1638
448.7949 201.0238
452.3449 203.1138
454.6749 198.4738
454.9849 195.8239
453.7549 193.9339
452.0149 192.2239
450.7349 189.6139
451.1949 186.4939
453.5949 181.6939
456.8649 177.1939
458.4649 175.2238
459.3549 174.5038

Bulambuli
34
493.5949 314.8738
493.5949 314.8738
502.8349 315.8738
507.3849 312.8638
510.6549 308.5738
508.6149 304.2538
503.6949 302.0338
500.4649 299.9438
497.8149 297.2038
496.1949 294.4338
495.6949 291.3138
497.7149 289.0938
508.3949 284.8038
515.4049 280.9538
518.1049 278.3138
518.0849 274.7538
514.9649 275.3438
510.7449 276.2438
505.6249 276.8538
502.9149 279.5638
495.0849 281.6738
485.8149 283.0238
487.5749 285.5338
488.7949 288.3038
489.3449 291.1838
490.2949 293.9238
491.4349 299.4738
488.7749 304.5738
487.4249 306.3138
487.2349 308.7938
487.4349 315.7138
489.0549 316.2238
490.6749 316.4538
492.0849 315.5238

Kween
28
523.0949 317.0339
523.0949 317.0339
524.9849 317.1439
529.8549 314.1738
534.4249 311.3738
540.7749 301.5339
539.2149 296.2739
535.8849 292.0239
533.8649 291.0239
531.6749 290.6839
528.9049 289.6039
526.3549 287.9539
522.8949 283.7439
520.6049 278.7239
520.3849 286.4939
522.7949 292.5139
522.4949 296.7339
518.8749 299.1439
512.2549 300.9539
508.6149 304.2539
510.6549 308.5739
507.3849 312.8639
502.8349 315.8739
508.6149 315.6739
515.8549 319.4739
518.6549 318.6739
520.0749 318.0039
521.2349 317.1239

Kyegegwa
52
169.9749 219.5238
169.9749 219.5238
171.9049 219.6738
173.6249 218.5638
176.2949 216.0138
177.7049 212.7638
177.3649 211.1538
176.6549 209.5938
176.7249 208.3238
175.2649 207.5338
167.9549 206.2838
165.6549 204.2738
164.7349 200.8438
162.7349 197.2738
162.8349 193.2638
163.8249 191.4738
164.4749 189.6838
163.3549 188.3638
161.9149 187.1138
159.6949 183.9038
157.0449 180.9838
154.0749 178.5938
152.2349 175.3038
151.3949 174.8438
144.0449 173.4838
136.0049 173.1238
136.8949 179.0238
138.1449 180.6338
141.9049 181.3538
142.9749 183.3238
142.4349 186.3638
141.1849 189.0438
142.7949 191.1838
142.9749 195.3038
141.7249 196.7338
139.2149 196.9138
139.3949 201.9138
142.9749 202.0938
142.9749 211.5739
144.0449 213.0039
146.3749 213.3639
146.3749 219.6139
144.5849 220.5139
141.1849 222.3039
139.9349 224.4439
142.0749 224.9839
144.7949 226.4239
150.4849 225.3439
155.1349 224.6239
160.1349 223.3739
164.7849 221.1538
167.6149 220.7838

Ntoroko
49
104.4849 274.6638
104.4849 274.6638
104.2949 265.5939
103.6349 262.9938
102.1149 256.4039
 96.3149 252.0838
 92.2249 246.7738
 84.4649 239.0139
 79.5649 243.0938
 77.1149 235.3338
 72.2149 232.0739
 64.9849 228.1739
 66.4749 231.8139
 67.4649 233.0539
 68.3149 233.9439
 69.0349 238.9439
 70.8549 241.3239
 73.4749 242.5639
 68.7149 246.9439
 66.3449 253.1439
 66.3749 253.2039
 66.6949 253.5739
 67.1849 255.2539
 69.5249 257.7139
 70.2449 259.6439
 69.6849 263.8839
 69.6549 265.8939
 70.9749 267.1339
 71.3449 268.0439
 71.6149 269.1239
 71.8249 271.3439
 72.1049 272.0239
 75.2849 275.2839
 76.1749 275.7339
 77.0649 276.0139
 78.0249 275.8439
 79.1549 274.9338
 80.9449 274.0939
 82.2249 275.4439
 83.4849 277.5439
 85.2349 278.9039
 86.4449 279.0039
 88.8049 278.7539
 90.1949 278.9039
 92.1649 279.4139
 93.6249 280.0139
 94.9449 280.9439
 97.0249 282.7039
104.8749 292.8039

Kiryandongo
89
244.8349 399.5839
244.8349 399.5839
245.8749 399.6138
247.0449 399.4439
248.1649 398.8339
250.6949 397.0438
252.8949 396.0639
257.0649 392.3339
258.1249 391.9838
261.3249 391.6138
262.3949 391.1639
264.9349 389.7739
268.2349 388.7839
271.7049 386.0839
274.1049 385.9939
275.2849 386.5739
276.9449 388.2239
277.6649 388.7739
278.6849 388.9739
282.3449 388.7739
282.4549 388.7239
284.1749 387.9139
285.7949 385.9639
287.6849 382.3739
288.7449 375.0839
289.4949 373.4239
290.6449 371.7739
291.4849 369.5439
291.9549 367.2039
292.0049 365.2439
291.5949 363.9839
290.1749 361.2239
289.8749 359.8439
290.1649 358.5839
290.9449 358.0739
292.0749 357.8239
293.4249 357.3639
291.9749 355.8239
291.4349 355.0939
291.2349 354.1939
291.2449 351.8939
291.0549 350.9939
290.5249 350.3139
290.9349 348.2239
288.9549 347.0439
286.2549 346.3439
284.4749 345.6639
284.0949 344.6239
283.9549 343.2939
283.5449 342.1339
282.3449 341.6539
281.2849 341.3539
280.4649 340.7939
279.6149 340.5039
278.4449 341.0039
277.1549 339.9039
272.3349 338.8839
271.2749 337.7439
270.6149 336.7739
267.4049 333.7639
266.2349 332.3439
267.0249 330.4439
265.9549 327.1639
262.4249 329.2639
257.9249 328.7639
257.9249 324.7739
254.4249 324.2739
252.4349 327.2639
248.4349 328.2639
245.4349 329.7639
245.4349 333.7639
243.9349 337.7639
241.4449 342.2639
241.4449 347.2539
242.4449 353.7539
242.4449 358.2539
240.4449 361.2539
238.4449 364.2439
235.4449 365.2439
231.4549 365.7439
229.4549 368.2439
228.9549 380.2439
229.9349 393.0439
233.3049 396.7839
234.9049 398.0139
236.8449 398.6839
241.0649 399.4039
242.7849 400.2139
243.8449 399.6639

Agago
55
414.3049 493.8139
414.3049 493.8139
416.7049 494.1539
417.2249 486.5438
417.6149 480.8339
419.0749 462.0239
418.9049 458.9138
419.5849 456.1138
419.9949 452.9938
421.5549 450.3239
422.3049 447.1738
422.2949 443.5739
416.9649 438.5839
414.0649 431.6238
415.0549 424.0939
409.1049 423.8238
404.4249 427.5238
402.7949 425.7738
400.9049 424.9438
398.5049 425.8438
396.2549 426.1238
394.5349 424.3538
392.5649 423.2838
388.3049 424.6738
383.9149 424.2838
382.2449 424.7838
380.5749 424.9138
378.1849 424.0938
376.4049 425.0138
374.9049 426.1438
372.8449 425.7038
367.7249 432.3438
365.2849 436.0038
368.0249 439.0438
381.4149 439.6538
384.7649 443.3138
385.3649 450.3138
383.2349 453.9738
376.5449 454.2738
371.0649 455.1938
370.4649 458.8438
373.5049 461.2838
375.6349 463.7238
375.6349 467.9838
379.2849 477.7338
381.7649 485.7438
387.8649 484.7138
392.0049 486.1538
396.9249 486.5738
396.0349 493.4938
402.8249 493.2538
399.9749 497.3638
408.4249 496.4838
410.2749 495.4038
412.0049 494.0038

Otuke
45
409.1049 423.8239
409.1049 423.8239
415.0549 424.0939
421.8949 414.8538
425.0149 412.5538
427.2349 409.5138
427.8149 404.2938
425.8349 399.5038
422.9449 396.5639
419.4049 397.1338
416.2949 399.0438
413.0549 399.1539
410.3149 397.3239
400.2749 397.3239
398.7549 398.5438
393.5849 400.3738
385.6749 400.6739
380.8049 401.8939
378.6749 404.0239
377.1549 407.9838
372.5949 409.8139
368.6349 409.8139
366.2049 407.9838
361.3349 407.9838
355.8549 409.2039
359.2049 411.3339
360.7249 414.6839
360.9849 417.5139
364.0149 421.1939
368.1949 423.7839
372.8449 425.7039
374.9049 426.1439
376.4049 425.0139
378.1849 424.0939
380.5749 424.9139
382.2449 424.7839
383.9149 424.2839
388.3049 424.6739
392.5649 423.2839
394.5349 424.3538
396.2549 426.1239
398.5049 425.8439
400.9049 424.9439
402.7949 425.7739
404.4249 427.5239

Alebtong
56
400.2749 397.3239
400.2749 397.3239
410.3149 397.3239
413.0549 399.1539
416.2949 399.0438
416.1749 396.3239
416.5349 392.1638
413.5249 389.2139
409.8449 386.6238
405.6649 386.5539
406.7849 384.9239
408.3949 383.5939
409.0249 381.5539
408.5149 379.2438
408.1849 378.3538
407.7649 377.5039
408.0349 376.3039
408.4549 375.3439
406.9849 373.6038
404.8849 372.9838
403.7149 374.6639
402.0949 375.0139
397.9449 371.5439
397.4049 367.4339
398.0949 363.9838
394.1249 366.0139
389.7649 366.0839
388.3949 368.4439
386.7449 370.4838
381.6049 371.4738
377.5049 373.5839
375.6349 372.8139
373.6349 373.2238
371.7549 370.1939
368.3949 368.8739
367.7249 385.1439
365.5949 388.8039
361.6349 390.9339
357.6849 393.9738
356.1649 397.6339
352.5149 398.8439
347.9449 398.8439
348.5549 401.2839
353.1249 403.1139
355.8549 406.1539
355.8549 409.2039
361.3349 407.9839
366.2049 407.9839
368.6349 409.8139
372.5949 409.8139
377.1549 407.9839
378.6749 404.0239
380.8049 401.8939
385.6749 400.6739
393.5849 400.3739
398.7549 398.5439

Kole
25
339.9749 373.0939
339.9749 373.0939
335.4749 374.4938
333.3449 376.3139
329.3849 376.6238
327.2649 378.4439
325.4349 380.5839
317.8249 380.5839
312.6049 380.7538
313.8549 383.3138
315.7149 385.6738
318.1449 387.5739
315.9249 399.8439
320.0449 400.9938
327.2449 410.2438
331.6349 410.0439
336.1449 408.5539
339.7949 411.4339
338.2149 405.5439
336.0849 401.5839
334.5649 397.6339
336.9949 394.2839
339.6249 388.7039
341.5249 385.6138
340.8649 383.6839

Apac
73
317.8249 380.5839
317.8249 380.5839
325.4349 380.5839
327.2649 378.4439
329.3849 376.6238
333.3449 376.3139
335.4749 374.4938
339.9749 373.0939
341.5749 371.5239
343.3949 370.4339
345.6749 370.5639
347.8049 369.7538
346.9349 364.9838
345.3349 360.4338
345.7449 356.7538
350.3749 356.0538
353.9149 354.4539
353.5649 348.1438
362.0349 342.9639
358.3549 332.3439
347.8349 342.0038
335.8749 341.3139
327.7649 334.1439
320.8949 327.7938
317.2849 325.7338
309.9649 325.8138
291.6449 326.0738
286.9049 325.3838
279.8649 327.4338
277.4549 328.2738
273.8749 328.3938
270.0649 327.3238
266.2349 325.3038
265.9549 327.1638
267.0249 330.4438
266.2349 332.3438
267.4049 333.7638
270.6149 336.7738
271.2749 337.7438
272.3349 338.8838
277.1549 339.9038
278.4449 341.0038
279.6149 340.5038
280.4649 340.7938
281.2849 341.3538
282.3449 341.6538
283.5449 342.1338
283.9549 343.2938
284.0949 344.6238
284.4749 345.6638
286.2549 346.3438
288.9549 347.0438
290.9349 348.2238
290.5249 350.3138
291.0549 350.9938
291.2449 351.8938
291.2349 354.1938
291.4349 355.0939
291.9749 355.8238
293.4249 357.3638
292.0749 357.8238
290.9449 358.0738
290.1649 358.5838
289.8749 359.8438
290.1749 361.2238
291.5949 363.9838
292.0049 365.2438
291.9549 367.2038
291.4849 369.5438
299.3849 366.2438
304.3749 367.2438
310.7649 377.0138
312.6049 380.7538

Lamwo
57
386.9049 544.7139
386.9049 544.7139
385.6749 540.2139
384.7649 537.1638
385.3649 533.8139
387.8049 530.4639
389.0149 524.6638
388.7149 510.9539
382.9349 511.2538
382.9349 516.7439
378.3749 521.9238
375.6349 521.9238
373.5049 520.7039
372.2849 516.4339
370.7649 514.9138
353.1249 514.9138
351.9049 512.4739
351.9049 510.3439
349.4649 508.5139
345.5149 507.5939
335.4749 506.9938
334.2549 504.2438
334.2549 499.3738
336.3849 495.1038
336.3849 490.8339
336.8549 484.9039
331.9449 483.8839
326.1649 480.3939
309.0049 480.3039
308.4149 482.6038
295.5749 493.8538
292.5849 496.0239
288.7149 498.8439
283.3449 505.1138
282.0949 508.4838
277.9649 512.6438
277.3749 514.7339
276.2849 516.4439
275.7949 518.3938
273.6949 521.1039
274.0149 522.5739
274.0349 524.1939
273.5849 527.9239
273.7049 529.2738
274.9349 530.6939
294.0849 542.3639
298.6349 543.4239
317.7549 544.9939
334.1149 546.3139
342.8449 548.9539
351.0149 553.1139
357.3349 557.8139
359.1749 558.4739
361.2549 557.6039
374.3949 546.8439
376.5749 545.6939
379.7949 545.0739

Kyankwanzi
41
230.5049 291.5538
230.5049 291.5538
232.8049 294.0638
234.8049 294.7038
236.8949 295.0338
244.5649 287.5538
248.4049 280.9138
250.4949 268.6838
242.3549 266.7938
239.0849 263.5238
237.8649 258.6238
234.5949 255.7638
230.1049 253.3138
226.0249 249.6438
221.5349 243.9238
217.8549 243.9238
211.9949 241.7538
196.9149 243.4538
196.9249 246.8238
195.7849 250.1838
197.4249 252.1838
200.0449 253.8838
200.9249 255.2838
202.6249 255.5938
204.2749 256.3738
205.3349 257.9638
205.5749 260.7138
203.7149 262.8238
197.9749 267.7638
193.7249 274.0538
190.8549 275.2338
187.7649 276.0738
184.5449 277.8738
181.5549 280.0938
184.3849 282.3438
187.9049 283.4038
193.8549 286.4138
196.8849 287.5838
204.7849 295.4738
221.1049 293.3938
225.8549 292.0438

Amuru
88
271.6049 519.4939
271.6049 519.4939
272.8749 519.5439
273.5549 520.4439
273.6949 521.1039
275.7949 518.3938
276.2849 516.4439
277.3749 514.7339
277.9649 512.6438
282.0949 508.4838
283.3449 505.1138
288.7149 498.8439
292.5849 496.0239
288.5949 492.4138
284.6949 487.0438
278.1249 481.4439
276.1749 478.2739
273.9849 471.6939
273.7449 465.5939
275.5249 461.2139
277.8849 443.9039
277.6349 441.4738
276.3149 437.9539
274.1049 439.0639
269.6749 440.1739
265.9849 442.7539
261.1949 442.7539
257.5049 443.1239
253.8149 445.3439
229.1049 444.9738
226.1549 442.3839
224.6749 438.3239
212.5049 438.3239
208.0749 436.1038
203.2849 430.9339
199.9649 427.6139
195.3949 426.2739
194.6549 428.4738
194.9849 430.9239
195.5349 431.4938
197.3249 432.4339
197.8949 432.9938
198.0749 434.2538
197.8049 435.5038
197.3849 436.6839
196.8149 440.3538
195.7949 441.5839
194.2249 442.3938
192.2049 443.7938
189.9349 447.5038
189.5749 451.8439
190.5249 456.0939
193.1849 461.5138
197.4749 460.3538
199.9849 458.2338
202.1749 455.3938
204.8949 454.6338
205.8049 453.1539
207.1449 452.4539
209.0749 452.5039
210.5349 453.4239
213.1249 457.1739
216.3649 461.7039
227.3549 463.4439
248.1949 469.9139
248.6149 471.9838
248.8449 474.1038
252.6849 480.3538
252.8249 482.5839
253.4649 484.5739
255.0249 485.9939
256.2749 487.6539
257.3549 489.5139
257.9449 491.4539
257.4349 493.6939
257.6649 495.8638
259.7149 499.6138
259.4649 501.3839
258.5749 503.2139
258.3549 505.4138
258.5549 507.5339
259.8449 508.2238
260.5249 509.5239
261.0349 524.3938
261.0349 524.4739
261.7249 523.3739
263.3149 521.7239
265.0649 520.8139

Gomba
41
231.7449 180.6538
231.7449 180.6538
236.8049 183.2539
239.4849 182.4239
241.9149 178.5739
243.7949 177.4738
246.1749 176.7938
248.1849 176.9838
249.6849 178.1038
252.0149 177.5739
253.8849 178.2039
254.9949 179.2938
257.1949 179.4338
270.0949 180.4138
268.4249 178.0538
262.5049 176.5738
255.6849 172.7238
251.8349 167.6838
246.8049 165.3138
239.1049 162.0538
233.8949 159.0038
230.0449 160.7138
223.8649 161.6538
221.2249 160.2938
218.8449 158.6938
215.9249 158.2838
212.9049 158.9338
205.2149 164.1438
197.0649 168.6238
194.9349 169.5338
192.5949 173.1838
190.8549 174.3138
186.1549 174.6638
186.3749 180.1238
190.2249 181.6038
196.7449 182.7938
203.2549 184.8638
211.1549 188.9238
215.7049 188.7138
219.5549 187.5338
226.6649 185.1638

Butambala
23
268.7249 167.0938
268.7249 167.0938
263.3949 167.9838
258.0549 165.9038
254.2049 161.7639
247.6949 156.7238
240.3849 153.0238
235.9149 158.1138
233.8949 159.0038
239.1049 162.0538
246.8049 165.3138
251.8349 167.6838
255.6849 172.7238
262.5049 176.5739
268.4249 178.0539
270.0949 180.4139
272.0549 180.5639
279.3849 180.1239
282.9449 181.6039
283.2349 177.4639
281.1649 175.3839
278.2049 173.0139
273.1649 169.7539

Buvuma
20
399.7349 185.2838
399.7349 185.2838
403.8149 176.0338
403.8349  49.4638
403.8349  49.4538
387.8849  49.4538
368.8249  49.4538
349.7749  49.4538
343.5649  49.4538
343.5649  49.4638
343.5649 105.7038
360.8949 138.4939
367.6049 163.2639
373.3449 172.7039
377.5749 176.8438
378.7449 181.1738
379.4949 184.8738
382.8749 187.5038
387.8549 190.2438
390.1549 189.4938

Buikwe
31
369.7149 210.4338
369.7149 210.4338
375.8649 205.2738
378.2649 202.2138
378.9449 198.3538
378.5749 194.6138
381.7849 192.2138
387.8549 190.2438
382.8749 187.5038
379.4949 184.8738
378.7449 181.1738
377.5749 176.8438
373.3449 172.7038
367.6049 163.2638
360.8949 138.4938
343.5649 105.7038
343.5649 136.8238
318.3549 136.8238
335.8449 157.6438
344.9649 168.4038
345.1249 171.9338
348.1549 175.2938
351.0149 180.5038
357.0649 186.3838
361.5949 191.2538
362.4349 196.9738
359.5849 201.0038
357.9049 206.8838
358.2349 211.9238
362.7549 214.8838
364.1149 213.2738

Serere
33
419.7449 316.9639
419.7449 316.9639
426.4449 317.5739
433.9149 319.4539
428.8649 300.8739
424.5549 298.7439
423.2849 297.9739
422.0049 297.8639
420.7949 297.0939
418.8349 294.8239
417.6649 292.2339
411.2749 291.0639
408.8049 291.5739
406.7649 290.7139
405.0749 291.1139
404.0349 293.1439
401.6149 292.7938
400.3349 294.7938
398.8249 296.4438
394.0949 296.2038
389.4149 294.8638
381.1049 296.2638
381.0249 306.0438
381.8049 317.4138
385.0949 321.9738
385.3649 326.0938
385.9749 330.6538
392.0649 330.6538
396.3249 332.4838
397.8449 330.0438
404.8449 328.2238
407.8849 321.8338
412.4449 318.7838

Kibuku
20
447.2549 251.5139
447.2549 251.5139
441.7449 252.5438
436.7749 251.2238
433.0249 254.7438
431.8349 256.7038
431.8549 261.7338
430.2549 263.4038
425.3249 266.9938
433.3349 266.9138
440.5649 269.6238
448.3949 273.2338
453.5149 275.3438
452.9149 272.3338
451.7049 270.5238
452.6149 268.4138
454.7249 267.2138
453.2149 265.1038
449.5949 263.2938
447.7949 260.8838

Budaka
21
477.0449 269.7839
477.0449 269.7839
475.3349 265.0139
473.7349 263.4039
471.5749 263.1738
470.7249 261.4138
464.4849 257.3339
458.8149 252.4738
453.1949 250.2938
447.2549 251.5139
447.7949 260.8839
449.5949 263.2939
453.2149 265.1039
454.7249 267.2139
452.6149 268.4139
451.7049 270.5239
452.9149 272.3339
453.5149 275.3439
461.6449 275.6439
468.5749 273.5339
472.4949 271.7339

Buyende
47
355.7349 307.1638
355.7349 307.1638
357.2949 306.0038
359.1849 306.3638
360.9449 305.7438
366.6349 302.8439
370.2849 300.2739
373.3349 297.2739
381.1049 296.2639
389.4149 294.8639
394.0949 296.2039
398.8249 296.4439
400.3349 294.7939
401.6149 292.7939
402.6449 289.0139
405.5149 287.8039
405.2349 284.8939
404.3749 282.2839
402.3349 279.6439
400.9249 276.6739
399.0349 274.0439
397.4849 271.3339
397.6649 269.7739
397.4649 268.3939
394.7149 266.1239
392.8549 263.8039
393.0049 262.4039
393.5949 260.9239
392.3149 258.3139
390.7349 255.7339
390.3949 252.0139
386.3449 253.9539
383.3349 256.9639
378.5149 260.8839
375.8049 261.7839
373.3949 263.5939
372.7949 268.1139
371.2849 272.3339
363.4549 275.9439
355.4349 276.7839
352.2949 281.9039
351.3349 285.2739
348.9149 288.1539
348.3349 290.2839
343.9749 295.1539
341.8749 299.6539
339.8249 307.3339

Luuka
49
403.9349 244.4838
403.9349 244.4838
405.0249 238.5938
403.5149 233.7738
403.2149 229.5538
406.8249 226.5438
412.8549 223.2238
412.8549 217.8038
413.2649 210.7738
411.3849 208.4838
408.3849 210.5338
404.9649 210.7539
402.0149 211.9739
401.5149 213.8439
400.7949 215.6839
398.4649 217.0439
397.6749 217.8539
396.7849 218.5839
394.2549 220.2039
391.5149 221.3139
387.8549 224.4339
382.4849 223.7139
382.2449 226.7939
383.3849 231.5639
384.1749 233.2539
385.5049 234.2339
386.9649 235.0639
388.2449 236.9839
388.6649 239.3739
389.3949 240.3739
389.7549 241.6039
389.1749 243.1639
389.4049 244.6939
390.0549 246.4139
390.3849 248.2339
390.3949 252.0139
390.7349 255.7339
392.3149 258.3139
393.5949 260.9239
393.0049 262.4039
392.8549 263.8039
394.7149 266.1239
396.8249 264.9439
398.3449 263.0039
399.2849 261.3439
400.3949 259.7739
402.0449 256.3239
400.2749 249.1538
400.9249 245.8438

Bukedea
29
485.8149 283.0239
485.8149 283.0239
483.4949 277.9539
479.8549 274.8538
477.6649 275.2639
475.6549 276.3839
470.7749 277.6439
468.7149 278.7938
466.5949 279.5538
457.5349 281.4238
455.8949 283.4938
459.5349 286.1938
463.7549 288.6038
463.4549 294.6238
463.4549 298.8439
465.5649 300.6539
468.5749 302.7639
467.9749 309.3939
472.4949 312.1038
478.8149 313.3038
487.4349 315.7139
487.2349 308.7938
487.4249 306.3138
488.7749 304.5738
491.4349 299.4738
490.2949 293.9238
489.3449 291.1838
488.7949 288.3038
487.5749 285.5338

Ngora
27
452.6949 324.3339
452.6949 324.3339
448.9949 322.9539
446.8849 319.3339
447.7949 309.3939
447.1949 302.7639
443.2749 301.2539
440.8649 298.2439
441.5849 290.5039
438.4749 289.9339
436.5049 291.5739
435.4849 293.3139
433.0049 293.2539
417.6649 292.2339
418.8349 294.8239
420.7949 297.0939
422.0049 297.8638
423.2849 297.9738
424.5549 298.7438
428.8649 300.8738
433.9149 319.4538
434.6349 322.1138
435.8249 325.1038
438.0049 326.7739
441.2449 326.1939
443.8149 327.4339
448.6049 326.9939

Zombo
42
156.3449 423.3139
156.3449 423.3139
158.5249 416.6238
157.0149 412.6939
153.8449 410.7338
153.2449 406.9539
148.8649 406.3439
147.9949 404.2039
144.1249 404.2139
142.4149 401.3538
140.9749 398.0038
137.9749 396.5538
136.2249 397.3538
134.2849 399.0839
132.5649 401.1338
131.5149 402.8339
131.2349 404.3638
131.2449 405.9439
131.0149 407.2139
129.9849 407.8139
122.6949 407.8838
121.1949 408.3339
120.8949 410.1238
121.8449 412.2938
123.1549 414.4138
123.9549 416.0838
124.0349 417.9538
123.6349 421.8038
123.7649 423.7438
124.1949 424.8138
126.2349 427.9838
126.4749 428.8038
126.5549 429.2338
126.7949 430.5538
127.4649 432.3738
134.0649 433.8238
137.6049 436.1438
143.4649 438.1538
147.7849 438.7638
148.8049 434.5738
150.1649 430.7438
150.1549 426.0038

Kanungu
67
 21.3349  89.8138
 21.3349  89.8138
 23.9149  89.9338
 23.6149  86.8138
 24.5649  84.0338
 30.5549  74.8139
 28.8749  66.3139
 30.8749  64.0739
 31.2749  61.7138
 29.8849  59.8039
 29.5849  57.6339
 36.8549  45.1239
 35.0249  44.8539
 33.6949  43.0639
 31.3449  44.4939
 29.1449  46.7739
 23.5049  47.1139
 22.9949  44.0439
 21.8649  43.1839
 21.7149  41.8438
 16.8749  43.9339
 14.3649  43.8939
 12.8249  44.5039
 11.6349  45.2039
  7.3249  46.9039
  6.0449  47.0039
  5.1149  47.5339
  4.6249  48.7239
  3.5349  49.4339
  0.5749  50.7239
  1.0949  51.6139
  1.4949  52.6239
  1.3749  54.1639
  0.9649  56.1239
  0.9049  57.1539
  1.0449  58.1039
  2.2049  59.9239
  5.2849  60.9739
  6.4549  62.3739
  6.7449  63.8739
  7.0149  70.1339
  6.7749  72.3339
  5.8549  76.3839
  5.9349  78.5639
  7.2349  86.7539
  7.5849  87.2939
  8.1649  87.7239
  8.6749  88.2539
  8.8049  89.0539
  8.5649  89.6839
  7.7549  90.7939
  7.5849  91.4139
  8.0049  92.5539
  8.9749  92.8339
 10.0749  92.9139
 10.9149  93.4839
 11.1449  94.9339
 10.7949 101.3139
 10.3149 102.9139
  9.2249 105.1939
  8.9349 105.7939
  8.6849 107.7539
 17.0749 108.8039
 17.1649 102.7039
 16.5249  96.5739
 16.9449  93.1339
 18.8649  90.3339

Kisoro
53
 14.3649  43.8938
 14.3649  43.8938
 16.8749  43.9338
 21.7149  41.8438
 20.4849  40.0138
 18.8849  38.4938
 19.1949  37.3538
 22.9049  33.1438
 26.1149  30.6538
 23.3449  28.5638
 28.7249  16.9138
 29.0449  16.0038
 28.1149  16.1438
 27.2149  15.8738
 26.2549  15.2738
 25.3049  14.1538
 24.6849  12.0938
 23.8249  11.5938
 23.1049  11.8538
 20.8849  13.1938
 19.6549  13.4738
 17.1249  13.0238
 15.3849  12.1238
 13.7749  10.9538
 11.6249   9.7538
  9.6949   9.2238
  7.5049   9.0638
  3.3249   9.2938
  4.3049  15.4038
  4.2849  17.3938
  3.8749  18.5638
  2.6549  20.6538
  2.6049  21.7638
  3.5849  24.3938
  3.6949  25.2738
  3.0749  27.5238
  2.0049  29.1138
  1.1549  30.7938
  1.1449  33.3038
  2.4149  39.7338
  2.5049  41.6038
  2.0749  43.6238
  0.5449  47.6238
  0.2549  49.4538
  0.5649  50.7038
  0.5749  50.7238
  3.5349  49.4338
  4.6249  48.7238
  5.1149  47.5338
  6.0449  47.0038
  7.3249  46.9038
 11.6349  45.2038
 12.8249  44.5038

Kabale
63
 33.6949  43.0639
 33.6949  43.0639
 35.0249  44.8538
 36.8549  45.1238
 40.1449  44.5138
 54.3649  40.6938
 55.1849  37.6738
 56.4849  35.1238
 60.0349  33.9938
 63.8349  33.7138
 65.9049  32.6138
 65.7149  29.5738
 69.0549  30.4738
 71.6449  32.9838
 74.8049  33.9538
 77.4549  33.8338
 77.5249  33.8338
 77.1749  33.5439
 76.8749  32.9139
 76.6449  31.4239
 76.4449  30.7338
 75.3249  28.8538
 73.9649  27.1038
 69.3349  22.7038
 67.7249  21.7538
 66.9549  21.5238
 66.1249  21.4538
 65.2949  21.3138
 64.4849  20.8338
 63.7449  19.4138
 63.1049  15.3838
 62.5649  13.7938
 61.4349  12.7438
 57.1849  11.0838
 54.1149   9.4438
 53.5749   9.1539
 52.2249   7.7539
 51.2749   5.4839
 50.1949   5.2539
 43.1349   1.3439
 40.8449   0.4939
 38.6549   0.2539
 36.6249   0.8339
 34.8349   2.5039
 33.8249   4.7039
 33.5849   8.9939
 33.1149  11.1739
 30.1949  15.4239
 29.0549  16.0039
 29.0449  16.0039
 28.7249  16.9139
 23.3449  28.5639
 26.1149  30.6539
 22.9049  33.1439
 19.1949  37.3539
 18.8849  38.4939
 20.4849  40.0139
 21.7149  41.8439
 21.8649  43.1839
 22.9949  44.0439
 23.5049  47.1139
 29.1449  46.7739
 31.3449  44.4939

Mbarara
50
126.8849  90.8239
126.8849  90.8239
123.0849  90.8739
120.8749  89.8938
118.8949  89.5438
114.6349  90.0938
113.8149  86.5438
113.9549  84.5938
113.3849  82.6538
113.8049  78.2038
113.8749  69.0938
108.6549  69.9439
105.8949  69.8338
105.1049  69.2438
104.4049  68.5138
103.3749  68.0838
102.2949  67.8738
100.7849  68.6939
 99.1149  68.2939
 97.5049  67.5139
 94.7249  68.1039
 92.4549  69.8539
 90.2849  70.7939
 88.1849  69.4339
 85.1149  68.6839
 78.1649  69.2939
 74.5749  70.4739
 74.1549  72.4939
 75.6349  75.2239
 82.4749  79.4639
 91.4949  88.1939
 93.0849  92.1339
 93.7449  95.4439
 96.0449 103.0739
 96.1649 107.3839
 95.8549 110.8739
 98.9449 113.8539
 98.5449 120.9339
 99.6549 127.1639
105.6549 129.3139
111.9349 130.1439
110.2249 123.8839
113.6449 120.2039
116.5349 119.5239
117.9549 117.2739
117.5249 113.5339
120.0449 110.8439
131.5149 101.9939
128.3849  97.2239
127.8249  94.0639

Rukungiri
50
 38.3149 111.9838
 38.3149 111.9838
 41.3149 107.6738
 41.8149 105.4538
 41.6149 102.8238
 41.2749 101.2338
 41.0449  98.3338
 39.8249  95.9038
 39.5449  94.3938
 37.9649  93.8039
 36.5749  93.0039
 38.2349  89.1039
 42.2049  87.1139
 45.2049  83.6739
 47.1249  79.1939
 53.3149  74.6939
 53.7149  70.6939
 53.2149  66.6739
 51.4749  62.9039
 51.1949  60.0339
 53.4649  58.5738
 55.3449  56.8438
 55.0449  54.5639
 55.1949  52.3839
 54.3349  50.5239
 52.3049  48.7539
 51.8449  47.1139
 51.7349  45.2039
 52.3249  42.7939
 54.3649  40.6939
 40.1449  44.5139
 36.8549  45.1239
 29.5849  57.6339
 29.8849  59.8039
 31.2749  61.7139
 30.8749  64.0739
 28.8749  66.3139
 30.5549  74.8139
 24.5649  84.0339
 23.6149  86.8139
 23.9149  89.9339
 21.3349  89.8139
 18.8649  90.3339
 16.9449  93.1339
 16.5249  96.5739
 17.1649 102.7039
 17.0749 108.8039
  8.6849 107.7539
 10.1849 116.5339
 31.2149 115.2639

Ntungamo
76
 66.7449  78.3638
 66.7449  78.3638
 69.0149  75.7838
 72.0249  75.1338
 75.6349  75.2238
 74.1549  72.4938
 74.5749  70.4738
 78.1649  69.2939
 85.1149  68.6839
 88.1849  69.4339
 90.2849  70.7939
 92.4549  69.8538
 94.7249  68.1038
 97.5049  67.5138
 99.1149  68.2938
100.7849  68.6938
102.2949  67.8738
103.3749  68.0838
104.4049  68.5138
105.1049  69.2438
105.8949  69.8338
108.6549  69.9438
108.5249  64.3038
107.1849  61.6038
105.1849  59.1338
103.5449  58.5338
101.4349  55.5338
100.1149  54.2938
 99.4149  52.6438
 99.1249  50.9738
 97.5849  47.3038
 95.4349  43.9038
 95.2049  43.1138
 93.6249  43.6138
 92.2149  43.4138
 90.8449  42.8038
 89.2149  42.3938
 87.4549  42.6238
 85.6849  43.1338
 83.9649  43.3938
 82.3649  42.8238
 81.4949  41.3438
 80.8249  37.0338
 80.2849  35.4538
 79.6449  34.9238
 77.9049  34.1438
 77.5249  33.8338
 77.4549  33.8338
 74.8049  33.9538
 71.6449  32.9838
 69.0549  30.4738
 65.7149  29.5738
 65.9049  32.6138
 63.8349  33.7138
 60.0349  33.9938
 56.4849  35.1238
 55.1849  37.6738
 54.3649  40.6938
 52.3249  42.7938
 51.7349  45.2038
 51.8449  47.1138
 52.3049  48.7538
 54.3349  50.5238
 55.1949  52.3838
 55.0449  54.5638
 55.3449  56.8438
 53.4649  58.5738
 51.1949  60.0338
 51.4749  62.9038
 53.2149  66.6738
 53.7149  70.6938
 53.3149  74.6938
 55.9049  75.1438
 58.6749  74.9538
 61.0449  77.2138
 63.5849  79.2438

Kiruhura
57
159.3949 149.1638
159.3949 149.1638
160.0849 140.5238
158.0249 131.8638
158.1349 125.0438
159.1249 121.4238
160.9749 117.9838
163.8949 109.6938
165.8549 106.3138
166.7149 102.5238
165.3449  98.8038
163.5849  93.9938
159.1149  85.8638
155.4249  82.8338
151.0449  81.7638
146.4449  81.6538
141.8549  82.0738
139.5949  81.9738
137.3049  81.4538
136.1349  83.0538
135.2649  85.2638
131.6149  88.6638
126.8849  90.8238
127.8249  94.0638
128.3849  97.2238
131.5149 101.9938
120.0449 110.8438
117.5249 113.5338
117.9549 117.2738
116.5349 119.5238
113.6449 120.2038
110.2249 123.8838
111.9349 130.1438
112.5049 133.0838
114.3949 135.1038
116.9849 136.4838
108.1549 139.3538
110.1949 146.2938
113.8749 152.4238
118.9449 157.3238
123.6749 166.3038
116.7349 166.3038
114.2849 170.8038
118.8349 172.9538
122.7649 173.1238
131.1749 173.1238
136.0049 173.1238
144.0449 173.4838
151.3949 174.8438
153.1849 170.6838
155.3449 166.7738
155.7749 162.6338
155.8549 155.9338
154.9649 153.6838
153.6249 152.3138
152.9649 150.5738
155.9049 150.1838

Isingiro
70
126.8849  90.8239
126.8849  90.8239
131.6149  88.6638
135.2649  85.2638
136.1349  83.0539
137.3049  81.4538
139.5949  81.9738
141.8549  82.0739
146.4449  81.6538
151.0449  81.7638
155.4249  82.8338
159.1149  85.8638
164.0449  82.9138
168.2649  78.9938
170.1649  76.5238
171.1049  73.5738
170.7049  70.9438
172.1849  66.2938
170.3449  63.9238
171.7349  61.7038
174.1149  60.1338
176.2749  57.9838
177.0149  55.3338
177.4449  52.7238
179.4249  50.6038
180.5049  49.4638
180.5149  49.4538
178.2949  49.4538
159.2449  49.4538
140.1849  49.4538
133.4649  49.4538
131.8049  50.2638
128.1249  51.1938
124.2149  49.1538
120.2649  47.9038
118.7549  47.1138
115.0349  43.1838
113.7149  42.0838
111.2049  42.8638
108.9349  43.1138
103.6849  42.6338
101.7549  42.1738
100.4949  42.0838
 99.9149  42.3538
 99.3749  42.9338
 98.6049  43.4438
 97.3049  43.5638
 96.4749  42.8838
 96.3449  42.7638
 95.2049  43.1138
 95.4349  43.9038
 97.5849  47.3038
 99.1249  50.9738
 99.4149  52.6438
100.1149  54.2938
101.4349  55.5338
103.5449  58.5338
105.1849  59.1338
107.1849  61.6038
108.5249  64.3038
108.6549  69.9438
113.8749  69.0938
113.8049  78.2038
113.3849  82.6538
113.9549  84.5938
113.8149  86.5438
114.6349  90.0938
118.8949  89.5438
120.8749  89.8938
123.0849  90.8738

Ibanda
42
116.7349 166.3038
116.7349 166.3038
123.6749 166.3038
118.9449 157.3238
113.8749 152.4238
110.1949 146.2938
108.1549 139.3538
116.9849 136.4838
114.3949 135.1038
112.5049 133.0838
111.9349 130.1439
105.6549 129.3139
 99.6549 127.1639
 97.7049 127.9439
 95.4249 127.4738
 94.3349 126.6339
 93.9649 125.2539
 93.1449 123.8938
 91.5749 123.5838
 90.4449 124.5438
 89.7149 125.9238
 80.9049 131.7638
 78.1649 133.5838
 76.6049 133.7738
 75.5249 137.8038
 73.2349 141.3138
 76.2249 141.0738
 79.1649 140.5038
 87.7249 136.6638
 90.5949 135.8138
 93.0149 136.8438
 95.5549 137.5638
 93.7149 139.9338
 91.7549 141.2238
 90.5249 147.1538
 88.9549 150.8438
 91.8349 155.7838
 96.6649 164.2338
 99.8149 165.6638
105.4249 167.0438
109.0049 168.8338
114.2849 170.8038

Kamwenge
66
104.5349 184.7538
104.5349 184.7538
107.2149 185.1038
112.9349 187.6138
117.9449 190.8338
122.0549 194.9439
125.6249 196.3739
128.4949 197.4439
131.5249 196.5539
134.0349 195.6539
137.0349 196.7639
139.2149 196.9139
141.7249 196.7339
142.9749 195.3039
142.7949 191.1839
141.1849 189.0439
142.4349 186.3639
142.9749 183.3239
141.9049 181.3538
138.1449 180.6338
136.8949 179.0238
136.0049 173.1238
131.1749 173.1238
122.7649 173.1238
118.8349 172.9538
114.2849 170.8038
109.0049 168.8338
105.4249 167.0438
 99.8149 165.6638
 96.6649 164.2338
 91.8349 155.7838
 88.9549 150.8438
 90.5249 147.1538
 91.7549 141.2238
 93.7149 139.9338
 95.5549 137.5638
 93.0149 136.8438
 90.5949 135.8138
 87.7249 136.6638
 79.1649 140.5038
 76.2249 141.0738
 73.2349 141.3138
 67.8549 143.6338
 68.2549 144.6238
 68.7449 145.5438
 71.8049 167.5338
 75.2149 181.2138
 77.7749 179.4038
 84.9049 177.4838
 86.6949 186.1438
 87.7549 192.3838
 87.4749 195.0838
 85.3049 197.8538
 86.8449 201.1038
 86.7749 202.7038
 86.4049 204.3038
 87.9349 206.8838
 90.5449 208.8038
 91.8049 210.1138
 95.5849 207.1038
 96.8449 202.6338
 98.4549 200.1238
101.7549 198.6338
101.7749 195.1238
103.0149 191.4438
103.2949 187.4738

Kasese
32
 64.4549 184.6838
 64.4549 184.6838
 69.7649 185.0938
 72.6249 183.0538
 75.2149 181.2138
 71.8049 167.5338
 68.7449 145.5438
 66.4149 145.9338
 61.0649 145.9338
 47.7049 135.6738
 41.3549 135.6138
 30.1449 137.3038
 22.3849 137.7138
 14.0749 139.4439
 15.4049 147.2238
 16.9649 151.0538
 17.5249 153.0138
 17.4349 155.0038
 16.1949 159.5438
 16.3449 161.3438
 17.2549 164.1538
 21.8349 170.5338
 22.4049 171.7039
 23.6349 171.2238
 24.3949 170.5638
 25.1049 170.2838
 26.1349 170.9439
 26.5049 171.7439
 29.8349 188.8639
 42.3949 189.5939
 53.4249 192.0439
 61.5949 189.5939

Bushenyi
26
 61.5949 110.3538
 61.5949 110.3538
 69.3549 108.3038
 76.7049 104.2238
 81.1949 102.5938
 81.1949  95.6438
 79.9749  89.5238
 73.0249  88.7038
 64.4549  87.8839
 60.3649  89.1139
 59.1449  91.9739
 58.3249  95.2339
 55.8749  97.6839
 52.6049  97.6839
 49.3349  96.8739
 45.6649  98.0939
 41.2749 101.2339
 41.6149 102.8239
 41.8149 105.4538
 41.3149 107.6739
 38.3149 111.9839
 41.5749 112.8039
 45.6649 115.2539
 49.7449 117.2939
 53.0149 116.4739
 56.6949 111.9839

Masaka
46
254.3749 128.3438
254.3749 128.3438
255.2549 128.3939
256.0349 128.1239
256.2949 127.4439
256.4049 126.6438
256.7049 125.9439
257.5549 124.7838
258.4549 123.1438
259.1249 121.3839
262.1849 120.1039
262.4549 117.3639
260.8049 115.1739
258.3449 113.8039
256.1449 112.4339
253.9549 110.7939
253.9549  73.2539
244.6349  73.2539
240.8049  73.5239
237.5149  74.3439
235.6049  75.1639
231.7649  76.5339
229.5649  77.6139
227.1349  80.5639
224.9649  85.3539
223.1449  87.4439
221.7149  90.0939
221.8749  92.7539
222.5849  93.4439
222.9949  94.2239
222.1849  96.9339
223.0949  99.6439
220.0249 104.1539
215.9949 104.8839
216.8849 108.4439
215.1049 111.9939
215.7049 114.3639
220.1449 116.7339
223.6949 118.8039
223.6949 123.8439
226.3649 126.5139
244.1349 126.2139
248.5849 128.5839
252.7349 129.8139
253.2549 128.7739
253.7549 128.3739

Rakai
54
199.1149  90.9638
199.1149  90.9638
202.9649  92.7438
203.8549  98.0738
206.1249 100.2438
210.0749 100.4438
213.6249 102.2138
215.9949 104.8838
220.0249 104.1538
223.0949  99.6438
222.1849  96.9338
222.9949  94.2238
222.5849  93.4439
221.8749  92.7539
221.7149  90.0938
223.1449  87.4439
224.9649  85.3539
227.1349  80.5639
229.5649  77.6138
231.7649  76.5338
235.6049  75.1638
237.5149  74.3438
240.8049  73.5238
244.6349  73.2538
253.9549  73.2538
253.9549  49.4638
253.9549  49.4538
235.4449  49.4538
216.3949  49.4538
197.3449  49.4538
180.5149  49.4538
180.5049  49.4638
179.4249  50.6038
177.4449  52.7238
177.0149  55.3338
176.2749  57.9838
174.1149  60.1338
171.7349  61.7038
170.3449  63.9238
172.1849  66.2938
170.7049  70.9438
171.1049  73.5738
170.1649  76.5238
168.2649  78.9938
164.0449  82.9138
159.1149  85.8638
163.5849  93.9938
165.3449  98.8038
170.6749  98.3638
175.1149  99.2538
175.9849 105.4938
180.4449 100.1438
187.2649  95.4038
194.2549  92.7138

Nakapiripirit
40
551.1149 373.7438
551.1149 373.7438
553.1149 361.7538
547.6149 361.2538
547.1249 352.2538
547.1249 338.7638
545.6249 328.7638
541.6249 321.7738
536.1349 318.2738
529.8549 314.1738
524.9849 317.1438
523.0949 317.0338
521.2349 317.1238
520.0749 318.0038
518.6549 318.6738
515.8549 319.4738
508.6149 315.6738
502.8349 315.8738
493.5949 314.8738
492.0849 315.5238
490.6749 316.4538
489.0549 316.2238
487.4349 315.7138
487.9349 323.0838
486.9249 323.4938
485.5649 323.5838
485.5749 357.2538
489.6849 357.2538
495.6749 358.2538
499.6749 359.7538
500.6649 363.2438
504.1649 365.2438
510.1549 369.2438
526.1449 370.2438
529.1349 374.7438
529.6349 411.7338
542.0649 412.4038
545.1249 404.2338
548.6149 394.2338
549.4349 379.4338

Moroto
73
531.6049 451.1939
531.6049 451.1939
532.2549 451.4138
533.4149 452.3638
533.8449 452.5739
534.1049 452.7638
534.5649 453.5739
534.8249 453.7438
535.2249 453.5538
535.4449 453.1938
535.6149 452.8338
535.8249 452.6438
536.0149 452.3638
538.9649 450.9438
539.5149 450.8138
540.2249 449.9338
540.6449 449.0038
542.7549 442.4438
544.3449 433.3838
548.7249 424.2538
549.7049 423.3038
551.1349 423.1938
551.9749 423.9639
552.6649 424.8239
553.6149 424.9738
554.6549 423.5539
555.2449 418.3638
555.8449 416.3839
558.6849 413.4639
559.6449 411.6839
559.3649 409.3239
557.8249 407.4738
555.7349 406.2839
553.8449 404.8339
552.9349 402.2539
553.6149 398.1639
557.6349 388.4539
559.5149 383.9239
555.6149 377.7438
551.1149 373.7438
549.4349 379.4339
548.6149 394.2338
545.1249 404.2338
542.0649 412.4039
540.6249 416.2338
536.6349 420.2338
530.6349 422.2338
530.6349 428.7338
527.1449 429.7338
522.1449 431.2338
516.6549 436.2338
509.1649 442.7338
503.1649 445.2338
495.6749 446.2338
489.7249 448.7238
490.3849 453.3538
492.0949 457.5739
498.5149 465.7338
503.7249 474.6539
507.8249 474.0839
511.7549 474.9939
514.0449 475.2238
516.4049 474.3538
518.3549 475.0139
520.2349 476.2739
520.2649 476.2939
520.3049 476.3039
520.3149 476.2939
523.3349 460.5339
524.3749 458.7139
527.6849 455.0439
529.2349 452.5539
530.1849 451.5739

Abim
40
425.8349 484.4338
425.8349 484.4338
430.0949 484.7438
430.0749 475.2739
429.2449 471.7638
432.8049 469.1638
433.9649 465.5639
447.1249 459.1539
446.9549 448.6839
447.6449 431.6138
450.1549 430.6639
458.3949 426.2238
459.4449 423.9039
461.7549 421.2739
462.9749 418.3439
465.3449 416.3939
465.6049 415.1439
464.1649 414.3039
460.9649 414.2339
453.2749 413.3039
446.5849 414.0939
439.7749 414.1739
433.4649 410.6139
430.4449 409.7239
427.2349 409.5139
425.0149 412.5539
421.8949 414.8539
415.0549 424.0939
414.0649 431.6239
416.9649 438.5839
422.2949 443.5739
422.3049 447.1739
421.5549 450.3239
419.9949 452.9939
419.5849 456.1139
418.9049 458.9139
419.0749 462.0239
417.6149 480.8339
417.2249 486.5439
422.7849 485.9639

Kaabong
112
474.7749 556.7439
474.7749 556.7439
476.4049 557.0639
480.5349 558.5439
482.5549 558.5338
484.8649 557.3239
485.1249 555.8938
484.0049 554.4939
479.0349 551.9138
479.2249 551.3439
480.8549 550.7339
482.1649 549.1438
480.0849 547.8139
479.3949 547.0038
480.7149 546.5038
481.6049 546.5639
483.3949 547.0338
485.4449 547.1638
487.5049 547.7538
488.6049 547.8439
488.6649 547.3339
490.9849 544.3439
492.5549 540.1338
493.7549 539.4539
494.2449 539.8838
494.6949 540.8838
495.7749 541.9038
498.6049 542.7239
500.4749 541.9739
503.8549 538.3639
505.8149 537.3439
507.7649 536.7439
509.2849 535.7538
509.9849 533.5639
509.7249 525.1739
508.7449 520.9939
506.7749 517.9539
505.8049 517.4639
504.7349 517.1839
503.7949 516.7638
503.2149 515.8539
503.2949 514.7239
504.5749 512.4939
505.0049 511.3439
504.8449 510.3538
503.8049 507.8039
503.4949 506.6238
503.7549 505.3738
504.5749 504.2639
505.5549 503.1939
506.3149 502.0739
507.6649 497.9138
508.6949 485.1138
509.8249 482.7338
511.9949 481.3439
516.9049 479.9439
519.0849 478.4938
520.3049 476.3039
520.2649 476.2938
520.2349 476.2739
518.3549 475.0139
516.4049 474.3538
514.0449 475.2238
511.7549 474.9938
507.8249 474.0839
503.7249 474.6539
497.7149 474.7839
492.3949 477.6539
479.9349 486.6839
467.2949 491.0939
453.7649 491.5438
454.5049 494.6638
453.4849 497.0539
450.5149 497.6939
447.4849 496.3939
442.2049 499.0239
436.8249 502.9539
433.8949 508.8439
429.6649 513.8339
427.6749 519.5539
425.0149 524.8539
418.2249 534.4639
414.5449 546.0939
414.3749 546.5739
414.8849 546.8639
422.5449 554.5639
432.5049 564.5739
444.1349 576.2538
452.7149 584.8439
461.1449 593.3339
464.1549 591.8739
466.5049 590.0238
467.8049 587.6039
467.6649 584.3938
467.7949 582.9739
468.7049 581.8339
469.8649 580.7638
470.7349 579.5939
471.0649 578.3838
471.0949 577.1538
470.7949 574.7239
470.3849 573.2738
469.9349 572.2839
469.8849 571.2239
470.7049 569.5639
471.9449 568.4039
473.4749 567.3838
474.6749 566.1839
474.9349 564.5038
473.8249 561.8239
472.5049 559.4239
472.3549 557.6139

Amuria
80
453.7149 393.6638
453.7149 393.6638
451.7349 388.8339
450.8849 383.7938
451.5149 382.0538
452.6949 380.6738
453.7149 376.1138
453.8649 373.7139
452.8049 371.4639
452.1749 369.6738
452.3549 367.7139
453.0749 366.6438
453.2949 365.5438
452.6149 364.5339
452.0549 363.4639
451.9949 361.7438
452.7749 360.1638
452.3149 355.4539
452.9049 353.2839
452.8049 351.2139
449.3649 348.5439
448.0949 345.8839
449.8549 342.2639
449.9949 338.1639
447.5749 334.3939
443.6549 331.6038
442.5549 332.8439
441.6749 334.0438
441.3649 336.2938
440.8049 338.4439
437.7949 341.8938
434.2049 344.8138
433.2849 346.0438
432.2649 347.1238
430.0149 348.2538
428.1149 349.8638
427.7049 351.6538
427.0249 353.4539
424.9349 354.3038
422.7049 354.7838
419.2649 356.7338
416.6749 359.5838
414.7149 363.3238
410.6849 364.2038
408.2049 362.3638
407.6149 358.9838
406.4049 354.7238
405.6449 350.2538
402.8949 353.3738
402.7949 357.5738
401.4049 358.8938
399.4549 359.8838
398.5749 361.8439
398.0949 363.9838
397.4049 367.4338
397.9449 371.5438
402.0949 375.0138
403.7149 374.6638
404.8849 372.9838
406.9849 373.6038
408.4549 375.3439
408.0349 376.3038
407.7649 377.5038
408.1849 378.3538
408.5149 379.2438
409.0249 381.5538
408.3949 383.5938
406.7849 384.9238
405.6649 386.5538
409.8449 386.6238
413.5249 389.2138
416.5349 392.1638
416.1749 396.3238
416.2949 399.0438
419.4049 397.1338
422.9449 396.5638
425.8349 399.5038
429.5149 399.6738
434.7749 404.9738
437.3749 403.8638

Kotido
44
447.4849 496.3939
447.4849 496.3939
450.5149 497.6939
453.4849 497.0538
454.5049 494.6638
453.7649 491.5438
467.2949 491.0939
479.9349 486.6838
492.3949 477.6539
497.7149 474.7839
503.7249 474.6539
498.5149 465.7338
492.0949 457.5739
490.3849 453.3538
489.7249 448.7238
487.0549 437.4439
478.5549 440.2839
474.0049 439.8939
464.7049 440.7338
459.7149 437.2338
458.3949 426.2238
450.1549 430.6639
447.6449 431.6138
446.9549 448.6839
447.1249 459.1539
433.9649 465.5639
432.8049 469.1638
429.2449 471.7638
430.0749 475.2739
430.0949 484.7438
425.8349 484.4338
422.7849 485.9639
417.2249 486.5438
416.7049 494.1539
420.5149 494.2839
424.2849 493.5739
427.2649 492.2238
430.3749 492.3538
433.4949 494.5638
435.9249 497.3638
435.2649 500.2738
435.9349 501.6438
436.8249 502.9539
442.2049 499.0238

Katakwi
38
485.5749 357.2538
485.5749 357.2538
485.5649 323.5839
467.9249 324.7338
462.9749 324.0538
457.7849 322.7538
452.6949 324.3338
448.6049 326.9938
443.8149 327.4338
443.2749 329.2438
443.6549 331.6038
447.5749 334.3939
449.9949 338.1639
449.8549 342.2639
448.0949 345.8839
449.3649 348.5439
452.8049 351.2139
452.9049 353.2839
452.3149 355.4539
452.7749 360.1638
451.9949 361.7438
452.0549 363.4639
452.6149 364.5339
453.2949 365.5438
453.0749 366.6438
452.3549 367.7139
452.1749 369.6738
452.8049 371.4639
453.8649 373.7139
453.7149 376.1138
452.6949 380.6738
451.5149 382.0538
450.8849 383.7938
451.7349 388.8339
453.7149 393.6638
480.7349 376.8038
484.6449 373.5739
485.5849 368.4738

Tororo
37
480.5649 239.9738
480.5649 239.9738
487.4249 234.4838
494.3149 231.5338
494.3649 231.5139
493.9449 229.1139
492.2749 224.6539
489.7649 221.9639
486.3949 220.2539
482.1749 218.7239
479.0949 216.6139
477.3149 213.4139
477.2249 213.0539
477.1749 213.0639
476.6949 213.1539
466.6149 213.8339
464.7749 213.1839
463.0449 212.2239
461.0649 212.2339
459.0649 212.5039
452.6549 217.1439
451.3049 221.2539
449.4949 225.0339
450.2849 225.9539
450.3749 227.1839
455.5649 238.8039
457.9849 242.0739
461.3449 244.3539
463.2449 244.5939
465.2049 244.6039
467.0149 245.3239
468.5149 246.5839
470.2549 247.5439
472.3749 247.7039
475.0549 246.5539
477.4349 245.0439
479.3949 242.8739

Mayuge
32
422.8249 199.8239
422.8249 199.8239
421.5849 197.6239
423.9949 196.1139
426.1049 193.4039
431.6149 192.1339
430.7149 187.2739
431.2849 185.6739
431.2849 184.9939
431.2849 182.9039
428.2049 179.5439
427.5549 161.4039
431.6449 153.6439
436.5449 149.5639
436.2249 146.7139
425.2049 143.0239
425.2049  49.4639
425.2049  49.4539
406.9249  49.4539
403.8349  49.4539
403.8349  49.4639
403.8149 176.0339
399.7349 185.2839
402.9849 185.8339
407.7049 188.4539
409.1449 188.8139
410.4949 188.9939
411.9349 189.8939
412.8349 192.0539
413.8249 195.0239
416.4749 197.5739
418.3349 200.6939

Butaleja
35
472.3749 247.7039
472.3749 247.7039
470.2549 247.5438
468.5149 246.5838
467.0149 245.3239
465.2049 244.6038
463.2449 244.5938
461.3449 244.3538
457.9849 242.0739
455.5649 238.8039
450.3749 227.1839
450.2849 225.9539
449.4949 225.0338
448.0549 225.4338
446.6149 225.5638
445.0549 229.1238
443.5749 230.1238
442.5649 231.0738
441.7649 234.3738
440.2749 237.9138
439.9449 241.5638
440.1049 245.3638
439.2349 248.7338
436.7749 251.2238
441.7449 252.5438
447.2549 251.5139
453.1949 250.2938
458.8149 252.4738
464.4849 257.3339
470.7249 261.4138
473.4049 261.1238
475.6149 260.1438
475.1249 258.1738
474.3849 256.2538
474.0649 251.7838

Busia
34
477.2249 213.0538
477.2249 213.0538
474.7149 202.7838
474.3949 201.9038
473.6649 200.8139
471.8649 198.6839
471.4049 197.7339
471.5149 195.8239
472.6849 192.0238
472.3949 189.9038
471.5049 188.5338
467.7549 185.6238
459.3949 174.4738
459.3549 174.5038
458.4649 175.2238
456.8649 177.1939
453.5949 181.6939
451.1949 186.4939
450.7349 189.6139
452.0149 192.2239
453.7549 193.9339
454.9849 195.8239
454.6749 198.4738
452.3449 203.1138
452.5749 205.4138
456.2549 210.4038
458.1949 210.7938
459.0649 212.5038
461.0649 212.2338
463.0449 212.2238
464.7749 213.1838
466.6149 213.8338
476.6949 213.1538
477.1749 213.0638

Bugiri
39
434.9649 226.4438
434.9649 226.4438
436.9149 229.0038
440.1249 224.4438
443.3449 224.5438
446.6149 225.5638
448.0549 225.4338
449.4949 225.0338
451.3049 221.2539
452.6549 217.1439
459.0649 212.5039
458.1949 210.7939
456.2549 210.4039
452.5749 205.4139
452.3449 203.1139
448.7949 201.0239
446.7549 198.1639
445.7349 193.6739
442.4649 193.8739
438.9949 192.4439
435.3149 189.7939
430.7149 187.2739
431.6149 192.1339
426.1049 193.4039
423.9949 196.1139
421.5849 197.6239
422.8249 199.8239
422.9249 200.9839
422.8949 202.1239
422.8149 206.1239
423.7249 210.2339
426.3349 213.0939
428.3049 216.2439
429.0349 220.3939
428.7649 224.5539
425.9449 227.3639
425.0749 230.0739
428.3949 228.2939
431.8549 226.8539

Manafwa
26
511.7449 257.8638
511.7449 257.8638
511.7149 255.5838
511.1049 253.4539
508.4049 246.7838
505.4049 242.8839
503.9049 238.6939
502.1249 237.0739
495.4449 233.7339
494.5849 232.8139
494.3649 231.5139
494.3149 231.5338
487.4249 234.4838
480.5649 239.9738
483.7449 242.9439
484.7749 247.5238
485.6249 249.8139
486.9249 251.8939
490.6249 253.6738
490.5549 255.5938
490.9549 257.7839
497.8249 257.8738
497.8249 256.4538
499.6549 256.4538
499.8549 258.6838
509.4049 258.6838

Mbale
41
479.8549 274.8538
479.8549 274.8538
482.2249 273.8439
484.9049 274.3638
486.1549 272.1938
487.7149 270.2138
489.3749 269.7438
490.8849 268.7238
492.3349 268.6438
493.8949 269.0038
497.3449 268.1738
500.6949 266.8638
496.4749 265.6438
493.9849 262.3538
492.6649 259.9238
490.9549 257.7838
490.5549 255.5938
490.6249 253.6738
486.9249 251.8938
485.6249 249.8138
484.7749 247.5238
483.7449 242.9438
480.5649 239.9738
479.3949 242.8738
477.4349 245.0438
475.0549 246.5538
472.3749 247.7038
474.0649 251.7838
474.3849 256.2538
475.1249 258.1738
475.6149 260.1438
473.4049 261.1238
470.7249 261.4138
471.5749 263.1738
473.7349 263.4039
475.3349 265.0139
477.0449 269.7839
476.8549 272.3239
475.7349 274.2139
475.6549 276.3839
477.6649 275.2639

Sironko
23
518.0849 274.7538
518.0849 274.7538
516.3449 268.5438
512.5249 268.0738
503.9849 268.8538
500.6949 266.8638
497.3449 268.1738
493.8949 269.0038
492.3349 268.6438
490.8849 268.7238
489.3749 269.7438
487.7149 270.2138
486.1549 272.1938
484.9049 274.3638
482.2249 273.8438
479.8549 274.8538
483.4949 277.9538
485.8149 283.0238
495.0849 281.6738
502.9149 279.5638
505.6249 276.8538
510.7449 276.2438
514.9649 275.3438

Bukwa
29
544.7849 296.5739
544.7849 296.5739
544.9849 294.6139
546.7949 290.3839
547.8749 286.2339
546.5649 282.0139
543.2549 280.5039
534.6949 279.6339
532.5349 278.3039
528.9849 274.8939
523.9349 273.7439
523.2249 271.8439
523.0549 269.4939
522.5249 268.5939
521.9349 267.5839
521.8149 267.5639
521.8049 267.5839
521.5249 268.2039
520.3549 273.4439
520.6049 278.7239
522.8949 283.7439
526.3549 287.9539
528.9049 289.6038
531.6749 290.6838
533.8649 291.0238
535.8849 292.0238
539.2149 296.2738
540.7749 301.5338
544.7249 296.6338

Kapchorwa
25
520.6049 278.7238
520.6049 278.7238
520.3549 273.4439
521.5249 268.2039
521.8049 267.5839
521.8149 267.5639
519.7649 267.1739
518.0649 268.1339
516.3449 268.5439
518.0849 274.7539
518.1049 278.3139
515.4049 280.9539
508.3949 284.8039
497.7149 289.0939
495.6949 291.3139
496.1949 294.4339
497.8149 297.2039
500.4649 299.9439
503.6949 302.0339
508.6149 304.2539
512.2549 300.9539
518.8749 299.1439
522.4949 296.7339
522.7949 292.5139
520.3849 286.4939

Kibale
63
181.5549 280.0939
181.5549 280.0939
184.5449 277.8738
187.7649 276.0738
190.8549 275.2338
193.7249 274.0538
197.9749 267.7638
203.7149 262.8238
205.5749 260.7138
205.3349 257.9638
204.2749 256.3738
202.6249 255.5938
200.9249 255.2838
200.0449 253.8839
197.4249 252.1839
195.7849 250.1839
196.9249 246.8239
196.9149 243.4539
195.4749 240.8839
195.5149 238.9339
194.1849 237.7239
193.1649 236.1839
192.0949 230.5838
189.2349 226.5238
184.4749 228.4539
179.9249 227.4439
173.6249 218.5639
171.9049 219.6739
169.9749 219.5239
167.6149 220.7839
164.7849 221.1539
160.1349 223.3739
155.1349 224.6239
150.4849 225.3439
144.7949 226.4239
143.0049 227.9939
141.7149 230.3339
136.5349 237.2339
132.4749 240.7639
127.5849 241.7738
122.9449 244.0238
113.0749 246.4638
104.0049 250.5338
102.1149 256.4039
103.6349 262.9938
104.2949 265.5939
108.9749 262.2938
117.5449 263.5239
124.5849 266.3939
127.3349 269.4238
131.0349 270.7839
137.9749 268.8339
147.9249 272.4238
152.7549 273.0438
156.7749 275.2438
158.7549 274.8738
161.4649 274.6538
163.7949 277.9438
166.5949 278.1338
169.4549 277.8638
171.5549 278.7839
173.1649 280.7139
177.0949 280.7839

Kyenjojo
55
144.7949 226.4238
144.7949 226.4238
142.0749 224.9838
139.9349 224.4438
141.1849 222.3038
144.5849 220.5138
146.3749 219.6138
146.3749 213.3638
144.0449 213.0038
142.9749 211.5738
142.9749 202.0938
139.3949 201.9138
139.2149 196.9138
137.0349 196.7638
134.0349 195.6538
131.5249 196.5538
128.4949 197.4438
125.6249 196.3738
122.0549 194.9438
117.9449 190.8338
112.9349 187.6138
107.2149 185.1038
104.5349 184.7538
103.2949 187.4738
103.0149 191.4438
101.7749 195.1238
101.7549 198.6338
 98.4549 200.1238
 96.8449 202.6338
 95.5849 207.1038
 91.8049 210.1138
 93.2749 212.3938
 94.7349 212.9138
 90.2949 216.1738
 88.6849 217.7938
 88.5549 220.4238
 90.2549 222.5638
 91.8749 224.0838
 92.5049 227.2338
 93.1049 233.0938
 95.4249 234.6738
 97.4749 237.6838
 98.7749 241.1838
 98.2249 241.8138
 97.8049 242.5738
 99.4449 245.5538
101.5549 248.1838
104.0049 250.5338
113.0749 246.4638
122.9449 244.0238
127.5849 241.7738
132.4749 240.7638
136.5349 237.2338
141.7149 230.3338
143.0049 227.9938

Kabarole
69
104.0049 250.5338
104.0049 250.5338
101.5549 248.1838
 99.4449 245.5538
 97.8049 242.5738
 98.2249 241.8138
 98.7749 241.1838
 97.4749 237.6838
 95.4249 234.6738
 93.1049 233.0938
 92.5049 227.2338
 91.8749 224.0838
 90.2549 222.5639
 88.5549 220.4239
 88.6849 217.7939
 90.2949 216.1739
 94.7349 212.9139
 93.2749 212.3939
 91.8049 210.1139
 90.5449 208.8039
 87.9349 206.8839
 86.4049 204.3039
 86.7749 202.7039
 86.8449 201.1039
 85.3049 197.8539
 87.4749 195.0839
 87.7549 192.3839
 86.6949 186.1439
 84.9049 177.4839
 77.7749 179.4039
 75.2149 181.2139
 72.6249 183.0539
 69.7649 185.0939
 64.4549 184.6839
 61.5949 189.5939
 53.4249 192.0439
 42.3949 189.5939
 29.8349 188.8639
 30.5549 191.1039
 31.7549 193.0439
 37.2549 199.4039
 38.1349 198.4539
 39.0549 197.5039
 40.2049 196.5039
 40.9049 196.1339
 41.7049 196.0239
 43.0249 196.4839
 44.3549 197.1539
 44.9749 197.8039
 47.0549 198.9139
 48.1349 201.4139
 49.6749 203.6039
 51.0549 204.1439
 52.2449 204.9139
 53.2449 206.3939
 54.3149 207.6939
 56.3249 212.6039
 58.8849 217.0739
 61.0849 219.4439
 62.0649 222.6539
 63.3649 225.4739
 64.9849 228.1739
 72.2149 232.0739
 77.1149 235.3339
 79.5649 243.0939
 84.4649 239.0139
 92.2249 246.7739
 96.3149 252.0839
102.1149 256.4039

Hoima
48
188.9349 334.7139
188.9349 334.7139
189.3349 333.3638
189.4649 331.8738
190.3349 330.6338
189.1449 324.9938
190.5149 321.1138
192.9549 321.8738
195.2549 322.2839
195.9849 320.1238
197.2949 305.7138
197.7749 300.3538
199.5849 298.3938
201.9549 296.5938
204.7849 295.4738
196.8849 287.5838
193.8549 286.4138
187.9049 283.4038
184.3849 282.3438
181.5549 280.0938
177.0949 280.7838
173.1649 280.7138
171.5549 278.7838
169.4549 277.8638
166.5949 278.1338
163.7949 277.9438
161.4649 274.6538
158.7549 274.8738
156.7749 275.2438
152.7549 273.0438
147.9249 272.4238
137.9749 268.8338
131.0349 270.7838
127.3349 269.4238
124.5849 266.3938
117.5449 263.5238
108.9749 262.2938
104.2949 265.5938
104.4849 274.6638
104.8749 292.8038
109.4049 298.6438
118.1949 309.9538
132.2749 321.3138
146.5749 332.8938
154.0049 338.8838
159.1849 345.3838
185.3449 343.3338
188.8449 340.1238

Bundibugyo
48
 64.9849 228.1738
 64.9849 228.1738
 63.3649 225.4738
 62.0649 222.6538
 61.0849 219.4439
 58.8849 217.0739
 56.3249 212.6038
 54.3149 207.6938
 53.2449 206.3938
 52.2449 204.9138
 51.0549 204.1438
 49.6749 203.6038
 48.1349 201.4138
 47.0549 198.9138
 44.9749 197.8038
 44.3549 197.1538
 43.0249 196.4838
 41.7049 196.0238
 40.9049 196.1338
 40.2049 196.5038
 39.0549 197.5038
 38.1349 198.4538
 37.2549 199.4038
 39.2249 201.6838
 39.5549 202.4038
 41.0549 205.6538
 40.7949 209.7138
 38.8749 218.1238
 38.9249 220.2638
 40.2049 229.0538
 39.6349 234.4338
 39.7849 235.4938
 41.7649 239.6138
 43.1149 240.3938
 45.3949 242.1538
 46.8749 243.2938
 51.2449 245.2638
 62.3549 247.7838
 63.3649 248.3638
 64.4949 249.6938
 66.3449 253.1438
 68.7149 246.9438
 73.4749 242.5638
 70.8549 241.3238
 69.0349 238.9438
 68.3149 233.9438
 67.4649 233.0538
 66.4749 231.8138

Oyam
35
324.4549 424.8638
324.4549 424.8638
336.0749 422.2438
341.0349 415.7139
339.7949 411.4338
336.1449 408.5538
331.6349 410.0438
327.2449 410.2438
320.0449 400.9938
315.9249 399.8439
318.1449 387.5738
315.7149 385.6738
313.8549 383.3138
312.6049 380.7538
310.7649 377.0138
304.3749 367.2438
299.3849 366.2438
291.4849 369.5438
290.6449 371.7738
289.4949 373.4238
288.7449 375.0838
287.6849 382.3738
285.7949 385.9638
284.1749 387.9138
282.4549 388.7238
280.5049 397.0538
280.0149 405.6738
280.5749 409.9338
284.4949 410.8438
288.8049 410.3938
293.1049 410.8838
296.8149 410.7838
301.1849 411.8038
305.9649 425.2938
314.9249 426.7538

Masindi
71
254.4249 324.2739
254.4249 324.2739
257.9249 324.7739
257.9249 328.7639
262.4249 329.2639
265.9549 327.1638
266.2349 325.3038
264.3949 323.4238
262.5949 319.0339
259.6049 315.2238
257.2949 313.8138
254.8449 312.8638
251.1749 307.4138
247.5649 304.2139
243.3149 301.6738
236.8949 295.0339
234.8049 294.7039
232.8049 294.0639
230.5049 291.5539
225.8549 292.0439
221.1049 293.3939
204.7849 295.4739
201.9549 296.5939
199.5849 298.3939
197.7749 300.3539
197.2949 305.7139
195.9849 320.1239
195.2549 322.2839
192.9549 321.8739
190.5149 321.1139
189.1449 324.9939
190.3349 330.6339
189.4649 331.8739
189.3349 333.3639
188.9349 334.7139
194.9949 333.7639
201.4849 333.2639
208.4749 336.7639
211.4749 341.2639
211.4749 348.2539
214.4749 350.7539
217.4649 351.2539
218.4649 353.7539
216.9649 356.7539
213.9749 359.2539
210.9749 364.2439
207.4749 368.7439
207.4749 376.7439
208.4749 383.7439
208.1349 390.9039
215.2649 390.9039
216.2149 390.6839
217.3449 389.7139
218.1749 389.4839
220.1249 389.7439
229.9349 393.0439
228.9549 380.2439
229.4549 368.2439
231.4549 365.7439
235.4449 365.2439
238.4449 364.2439
240.4449 361.2539
242.4449 358.2539
242.4449 353.7539
241.4449 347.2539
241.4449 342.2639
243.9349 337.7639
245.4349 333.7639
245.4349 329.7639
248.4349 328.2639
252.4349 327.2639

Pader
63
351.9849 477.4639
351.9849 477.4639
352.3249 484.8638
358.3149 484.2139
366.1749 479.9539
369.4449 475.6938
372.7449 472.8938
375.6349 467.9838
375.6349 463.7238
373.5049 461.2839
370.4649 458.8439
371.0649 455.1939
376.5449 454.2739
383.2349 453.9738
385.3649 450.3139
384.7649 443.3139
381.4149 439.6539
368.0249 439.0438
365.2849 436.0038
367.7249 432.3439
372.8449 425.7039
368.1949 423.7839
364.0149 421.1939
360.9849 417.5139
357.6449 416.5639
356.1449 418.0539
354.0649 418.2839
352.6649 423.4639
349.9049 424.3839
347.9449 425.6239
345.4649 425.9039
343.4949 426.8239
342.3149 428.4339
340.9549 428.3939
339.3049 424.6639
336.0749 422.2439
324.4549 424.8639
324.6149 426.7739
326.1549 427.9839
327.5449 429.7339
327.0249 432.0439
326.3049 433.8239
327.2249 435.1739
329.9849 435.9639
331.6149 438.2239
330.2649 439.7739
328.2949 440.7939
327.0349 443.1939
326.0249 445.7939
324.7349 446.9539
323.4449 447.6439
321.8649 449.7139
311.4149 469.2939
304.7249 478.2139
305.7849 479.0639
307.7849 479.0639
309.0049 480.3039
326.1649 480.3939
331.9449 483.8839
336.8549 484.9039
338.6849 483.7839
342.5949 483.2339
348.1849 479.6239

Dokolo
39
389.7649 366.0839
389.7649 366.0839
388.8549 357.7338
388.2849 356.6438
387.3149 355.8838
386.0749 353.7638
384.4749 351.9639
375.1149 346.1438
373.7949 345.6238
372.8949 344.6138
372.2149 341.1939
370.0949 335.2039
369.7449 333.7039
369.2949 332.5139
367.7149 331.6439
366.0549 331.0039
362.2649 330.7539
358.3549 332.3439
362.0349 342.9639
353.5649 348.1439
353.9149 354.4539
350.3749 356.0539
345.7449 356.7538
345.3349 360.4339
346.9349 364.9838
347.8049 369.7539
352.0249 369.4339
355.8649 368.7238
359.3349 366.4738
362.9449 364.6038
366.0849 365.4838
368.3949 368.8738
371.7549 370.1939
373.6349 373.2238
375.6349 372.8139
377.5049 373.5839
381.6049 371.4738
386.7449 370.4838
388.3949 368.4439

Lira
47
357.6449 416.5639
357.6449 416.5639
360.9849 417.5138
360.7249 414.6838
359.2049 411.3339
355.8549 409.2039
355.8549 406.1538
353.1249 403.1138
348.5549 401.2838
347.9449 398.8439
352.5149 398.8439
356.1649 397.6338
357.6849 393.9738
361.6349 390.9338
365.5949 388.8038
367.7249 385.1438
368.3949 368.8738
366.0849 365.4838
362.9449 364.6038
359.3349 366.4738
355.8649 368.7238
352.0249 369.4339
347.8049 369.7538
345.6749 370.5639
343.3949 370.4339
341.5749 371.5239
339.9749 373.0939
340.8649 383.6839
341.5249 385.6138
339.6249 388.7039
336.9949 394.2839
334.5649 397.6339
336.0849 401.5839
338.2149 405.5439
339.7949 411.4339
341.0349 415.7139
336.0749 422.2438
339.3049 424.6638
340.9549 428.3938
342.3149 428.4338
343.4949 426.8238
345.4649 425.9038
347.9449 425.6238
349.9049 424.3838
352.6649 423.4639
354.0649 418.2838
356.1449 418.0538

Gulu
52
295.5749 493.8538
295.5749 493.8538
308.4149 482.6038
309.0049 480.3038
307.7849 479.0639
305.7849 479.0639
304.7249 478.2139
311.4149 469.2938
321.8649 449.7139
323.4449 447.6439
324.7349 446.9539
326.0249 445.7939
327.0349 443.1939
328.2949 440.7939
330.2649 439.7739
331.6149 438.2238
329.9849 435.9639
327.2249 435.1739
326.3049 433.8239
327.0249 432.0439
327.5449 429.7338
326.1549 427.9838
324.6149 426.7739
324.4549 424.8638
314.9249 426.7538
305.9649 425.2938
301.1849 411.8038
296.8149 410.7838
293.1049 410.8838
291.1649 412.7738
287.8249 413.7938
285.0949 415.5638
283.4749 418.2838
282.9849 420.3339
282.7749 422.4138
283.2349 423.7039
276.6649 424.1638
273.7449 425.8738
272.2849 429.0438
273.0149 431.9639
274.9649 434.6438
276.3149 437.9539
277.6349 441.4738
277.8849 443.9039
275.5249 461.2139
273.7449 465.5939
273.9849 471.6939
276.1749 478.2739
278.1249 481.4439
284.6949 487.0438
288.5949 492.4138
292.5849 496.0239

Kitgum
68
436.8249 502.9539
436.8249 502.9539
435.9349 501.6439
435.2649 500.2739
435.9249 497.3638
433.4949 494.5639
430.3749 492.3538
427.2649 492.2238
424.2849 493.5739
420.5149 494.2839
416.7049 494.1539
414.3049 493.8139
412.0049 494.0038
410.2749 495.4039
408.4249 496.4838
399.9749 497.3638
402.8249 493.2538
396.0349 493.4938
396.9249 486.5739
392.0049 486.1539
387.8649 484.7139
381.7649 485.7438
379.2849 477.7338
375.6349 467.9838
372.7449 472.8938
369.4449 475.6938
366.1749 479.9539
358.3149 484.2139
352.3249 484.8638
351.9849 477.4639
348.1849 479.6238
342.5949 483.2338
338.6849 483.7839
336.8549 484.9039
336.3849 490.8339
336.3849 495.1038
334.2549 499.3738
334.2549 504.2438
335.4749 506.9938
345.5149 507.5939
349.4649 508.5138
351.9049 510.3439
351.9049 512.4739
353.1249 514.9138
370.7649 514.9138
372.2849 516.4338
373.5049 520.7038
375.6349 521.9238
378.3749 521.9238
382.9349 516.7439
382.9349 511.2538
388.7149 510.9538
389.0149 524.6638
387.8049 530.4639
385.3649 533.8138
384.7649 537.1638
385.6749 540.2139
386.9049 544.7139
389.2749 544.5939
406.0149 543.7439
410.5249 544.3038
414.3749 546.5739
414.5449 546.0939
418.2249 534.4639
425.0149 524.8539
427.6749 519.5538
429.6649 513.8339
433.8949 508.8439

Nakaseke
46
297.6449 267.2839
297.6449 267.2839
297.0549 258.6238
298.2749 252.0938
303.5849 243.9238
303.6749 231.1038
304.5749 229.3438
305.9449 228.2039
306.3649 226.4539
305.0149 224.8338
303.8749 222.8839
302.7249 221.7838
300.6649 221.9838
298.1349 221.8738
295.7049 221.4038
293.7949 220.0738
292.2149 218.4338
290.2449 214.7138
289.7749 210.6338
286.8649 209.9138
284.3749 211.0938
281.5949 212.7938
278.5649 213.5438
277.9149 216.3438
276.4249 222.4838
274.5049 226.8938
277.3149 229.8938
278.4949 232.8538
278.2049 237.8938
272.7149 242.7338
266.5649 243.8838
259.8949 248.4538
255.4449 255.9638
255.5449 258.1438
255.3449 260.0538
250.4949 268.6838
248.4049 280.9138
244.5649 287.5538
236.8949 295.0338
243.3149 301.6738
247.5649 304.2138
251.1749 307.4138
263.8849 300.8538
281.1349 283.5338
291.5849 278.7038
296.6449 273.7338

Mityana
49
278.5649 213.5438
278.5649 213.5438
278.2049 206.1938
282.7649 199.0238
283.2849 193.4438
283.0849 191.3938
283.3249 187.2938
282.9449 181.6038
279.3849 180.1238
272.0549 180.5638
270.0949 180.4138
257.1949 179.4338
254.9949 179.2938
253.8849 178.2038
252.0149 177.5738
249.6849 178.1038
248.1849 176.9838
246.1749 176.7938
243.7949 177.4738
241.9149 178.5738
239.4849 182.4238
236.8049 183.2538
250.0649 184.5638
251.8949 188.9538
250.7249 193.7638
251.1249 196.1438
252.1649 198.0838
251.2349 201.1138
249.4549 203.8538
249.0349 206.1838
247.3549 208.2938
247.5949 209.3438
248.4149 210.1438
249.0449 211.0638
248.9049 212.1738
247.6549 212.7138
246.2349 213.0538
245.2149 215.8338
246.6449 218.5538
249.2849 219.4738
250.5449 221.2838
253.1649 220.6638
258.6549 219.8239
262.8649 219.9638
264.8749 221.4038
269.9049 224.8538
274.5049 226.8939
276.4249 222.4838
277.9149 216.3438

Mubende
78
246.7849 225.3738
246.7849 225.3738
246.9849 223.9438
247.9149 222.8438
249.3349 222.1538
250.5449 221.2838
249.2849 219.4738
246.6449 218.5538
245.2149 215.8338
246.2349 213.0538
247.6549 212.7138
248.9049 212.1738
249.0449 211.0638
248.4149 210.1438
247.5949 209.3438
247.3549 208.2938
249.0349 206.1838
249.4549 203.8538
251.2349 201.1138
252.1649 198.0838
251.1249 196.1438
250.7249 193.7638
251.8949 188.9538
250.0649 184.5638
236.8049 183.2538
231.7449 180.6538
226.6649 185.1638
219.5549 187.5338
215.7049 188.7138
211.1549 188.9238
203.2549 184.8638
196.7449 182.7938
190.2249 181.6038
186.3749 180.1238
186.1549 174.6638
181.4349 174.4638
178.2949 171.3938
173.9849 171.5238
170.5949 174.1038
167.7049 177.4938
163.7549 177.8538
159.7849 175.8238
156.0849 175.2138
152.2349 175.3038
154.0749 178.5938
157.0449 180.9838
159.6949 183.9038
161.9149 187.1138
163.3549 188.3638
164.4749 189.6838
163.8249 191.4738
162.8349 193.2638
162.7349 197.2738
164.7349 200.8438
165.6549 204.2738
167.9549 206.2838
175.2649 207.5338
176.7249 208.3238
176.6549 209.5938
177.3649 211.1538
177.7049 212.7638
176.2949 216.0138
173.6249 218.5638
179.9249 227.4438
184.4749 228.4538
189.2349 226.5238
192.0949 230.5838
193.1649 236.1838
194.1849 237.7238
195.5149 238.9338
195.4749 240.8838
196.9149 243.4538
211.9949 241.7538
217.8549 243.9238
221.5349 243.9238
228.4749 239.0238
234.1749 238.9938
238.2649 237.3938

Luweero
42
330.9649 265.6938
330.9649 265.6938
336.5949 266.3238
336.1849 253.9838
337.8849 241.7638
337.4649 232.0838
335.8349 221.8838
333.7949 214.9438
325.1349 211.7038
320.3849 211.6738
315.7349 213.2638
311.7549 210.3138
307.8649 211.3338
302.7349 211.2938
292.9049 212.4138
291.3249 211.6938
289.7749 210.6338
290.2449 214.7138
292.2149 218.4338
293.7949 220.0738
295.7049 221.4038
298.1349 221.8738
300.6649 221.9838
302.7249 221.7838
303.8749 222.8838
305.0149 224.8338
306.3649 226.4538
305.9449 228.2038
304.5749 229.3438
303.6749 231.1038
303.5849 243.9238
298.2749 252.0938
297.0549 258.6238
297.6449 267.2838
304.1749 259.6238
313.6349 255.4038
320.3249 254.5438
319.9149 259.8538
320.7349 266.3838
321.9849 272.0038
325.6349 272.9138
328.4849 270.0538

Wakiso
66
286.8649 209.9138
286.8649 209.9138
289.7749 210.6339
291.3249 211.6939
292.9049 212.4139
302.7349 211.2939
307.8649 211.3339
311.7549 210.3139
315.7349 213.2639
320.3849 211.6739
325.1349 211.7039
325.1849 208.8439
324.0249 206.2139
321.7949 205.9539
319.7649 205.3639
319.1049 203.5139
317.5349 202.3439
315.6549 202.2039
314.3549 203.3439
312.5249 204.1039
311.1549 199.8539
312.0449 198.5539
313.6149 197.2739
313.2049 196.5239
313.3249 195.6139
314.0249 195.0239
314.1949 194.2539
313.5649 191.3839
312.1249 189.5539
309.8749 185.3639
312.3449 182.2839
318.6049 183.8139
324.5149 183.7239
322.2749 180.6339
321.1149 176.2139
319.9049 167.7139
320.0949 154.0439
314.4149 147.0439
309.7449 140.8539
306.7149 136.8239
295.7149 137.1639
281.2149 137.3139
281.5949 142.7539
281.2649 147.6739
278.7249 151.9139
278.2849 156.8039
279.0049 158.9539
281.0549 160.2739
283.3049 162.0639
284.3449 164.9539
286.2249 166.0939
288.5049 166.7939
290.4949 168.4739
291.8149 170.7939
292.6649 172.9039
294.2049 174.2639
296.6749 175.4139
298.0549 177.3939
299.4849 181.3539
301.1349 191.2639
293.7849 199.0239
282.7649 199.0239
278.2049 206.1939
278.5649 213.5439
281.5949 212.7939
284.3749 211.0939

Nakasongola
51
286.9049 325.3839
286.9049 325.3839
288.4549 322.8039
295.3449 320.6539
300.0749 317.6339
302.6049 316.9139
304.8649 315.2839
308.0649 312.1339
310.1849 311.5739
313.2049 312.0539
315.2249 308.6839
317.9349 306.0339
326.9849 306.8439
327.2749 298.2539
330.3049 297.1939
332.2149 296.0939
333.3349 295.7539
334.1349 294.2339
335.1249 293.9039
335.8049 293.4439
336.1749 292.3139
336.2849 290.9139
336.1949 289.6339
336.4049 287.3839
337.9549 276.8839
336.5949 266.3239
330.9649 265.6939
328.4849 270.0539
325.6349 272.9139
321.9849 272.0039
320.7349 266.3839
319.9149 259.8539
320.3249 254.5439
313.6349 255.4039
304.1749 259.6239
297.6449 267.2839
296.6449 273.7339
291.5849 278.7039
281.1349 283.5339
263.8849 300.8539
251.1749 307.4139
254.8449 312.8639
257.2949 313.8139
259.6049 315.2239
262.5949 319.0339
264.3949 323.4239
266.2349 325.3039
270.0649 327.3239
273.8749 328.3939
277.4549 328.2739
279.8649 327.4339

Kiboga
32
274.5049 226.8939
274.5049 226.8939
269.9049 224.8538
264.8749 221.4038
262.8649 219.9638
258.6549 219.8239
253.1649 220.6638
250.5449 221.2838
249.3349 222.1538
247.9149 222.8438
246.9849 223.9439
246.7849 225.3739
238.2649 237.3939
234.1749 238.9939
228.4749 239.0238
221.5349 243.9238
226.0249 249.6439
230.1049 253.3139
234.5949 255.7639
237.8649 258.6239
239.0849 263.5239
242.3549 266.7938
250.4949 268.6838
255.3449 260.0538
255.5449 258.1438
255.4449 255.9638
259.8949 248.4538
266.5649 243.8838
272.7149 242.7338
278.2049 237.8939
278.4949 232.8538
277.3149 229.8939

Kampala
27
324.5149 183.7238
324.5149 183.7238
318.6049 183.8138
312.3449 182.2838
309.8749 185.3638
312.1249 189.5538
313.5649 191.3838
314.1949 194.2538
314.0249 195.0238
313.3249 195.6138
313.2049 196.5238
313.6149 197.2738
312.0449 198.5538
311.1549 199.8538
312.5249 204.1038
314.3549 203.3438
315.6549 202.2038
317.5349 202.3438
319.1049 203.5138
319.7649 205.3638
321.7949 205.9538
324.0249 206.2138
325.2849 203.9638
324.7749 201.6438
324.3949 198.1538
324.8749 194.7138
326.7949 188.6138

Maracha
25
150.0149 499.5339
150.0149 499.5339
151.3349 500.7938
152.6249 501.6038
156.9149 498.7639
154.2249 493.8738
153.4949 488.5139
150.5749 485.3439
146.1949 482.4138
142.5549 478.3638
131.3049 478.8638
126.6949 479.0139
130.9449 491.7839
132.8049 495.4738
133.1849 495.7139
134.4349 495.9938
134.9249 496.2438
135.2549 496.7839
135.3849 497.8738
135.5749 498.3839
137.6349 501.9339
140.6349 505.2338
141.4249 506.3839
144.0349 503.6138
146.7749 501.0839

Yumbe
44
205.8249 534.5439
205.8249 534.5439
206.9449 535.5238
207.0549 535.6239
208.2649 537.1338
210.0949 538.0539
215.2149 538.8039
212.3949 532.0539
207.0149 524.8039
199.5849 513.8838
198.7749 502.8939
199.2649 489.0038
205.9049 481.2238
204.6449 478.5038
195.4649 479.7639
194.9549 484.5038
192.7949 489.0038
189.9549 489.3638
187.5149 490.1138
186.2549 492.5739
184.3049 494.2638
179.0249 495.7739
174.7649 498.9138
172.7049 501.0538
169.6949 501.9938
167.0349 502.4238
164.9249 501.2238
164.0649 498.7538
162.0549 497.1939
159.1049 496.6038
156.9149 498.7638
156.3949 510.4039
155.1849 521.6839
156.7049 535.4038
158.4649 542.4339
159.4049 542.8039
162.1849 544.9739
166.0449 547.9939
168.7649 548.7538
173.6749 548.7538
177.9349 548.1538
182.0249 546.8539
190.6249 542.1739
203.9249 534.9339

Moyo
60
234.6949 550.2239
234.6949 550.2239
235.3049 549.9339
237.7749 547.8639
245.1849 539.5639
246.6749 537.0639
247.0649 535.0839
247.3849 530.2839
248.1049 528.5239
249.5249 527.7839
257.7049 527.2739
256.3049 526.4239
251.0449 524.8739
249.8849 523.4039
249.3449 521.1438
247.9149 519.3339
245.8549 518.2039
243.5049 518.0038
242.2749 518.3239
241.0049 518.9239
239.8149 519.6939
238.8749 520.5238
236.9949 520.3838
235.9349 520.5839
236.1549 521.9339
234.9649 521.7339
232.7749 520.9138
230.2349 518.6338
229.2249 518.0038
226.8549 517.4939
224.5649 517.2839
223.4749 516.8439
222.7849 515.8639
222.2649 514.8838
220.4449 513.4539
219.7349 511.1338
219.2349 508.5038
218.5649 506.5438
214.9749 502.9539
213.4449 501.0139
212.5549 497.4238
211.9249 496.6238
211.2149 495.9238
210.6849 495.2238
210.3549 494.4039
209.9049 491.5939
208.6849 487.1939
205.9049 481.2238
199.2649 489.0038
198.7749 502.8939
199.5849 513.8838
207.0149 524.8039
212.3949 532.0539
215.2149 538.8039
220.8949 539.6438
222.7949 540.4539
223.7649 541.3339
232.0449 550.6639
232.2749 551.2638
232.5949 551.1939

Nebbi
79
195.3949 426.2739
195.3949 426.2739
196.7449 424.3339
198.2149 422.6839
199.4649 420.5139
201.0449 416.0439
202.8649 414.5039
203.7549 414.5839
204.9149 414.9539
205.9249 415.0139
206.3549 414.1439
206.2149 412.9739
205.7749 411.9339
205.0049 411.1739
203.8649 410.8839
202.3049 410.1439
201.2749 408.3339
200.7549 405.9839
200.7349 404.4839
200.3449 401.6739
199.9149 399.0039
198.3149 397.4639
195.8749 395.9939
190.4949 393.4539
186.6649 389.3439
185.8649 386.5439
187.2949 380.6739
183.4849 378.1639
180.4649 377.7439
180.5049 377.9539
180.3249 378.2239
179.1549 380.0139
173.2649 383.3639
171.1049 385.0439
170.3049 386.8339
169.9549 389.0239
169.7949 393.5239
164.7749 391.6239
163.0349 391.3539
161.6249 391.4139
157.0649 392.2039
155.5549 393.0039
155.0149 393.9439
155.3549 394.3639
155.9349 394.6639
156.1049 395.2639
155.8549 396.0339
155.6149 396.4739
149.7449 403.0739
147.9949 404.2039
148.8649 406.3439
153.2449 406.9539
153.8449 410.7339
157.0149 412.6939
158.5249 416.6239
156.3449 423.3139
163.2749 424.4839
167.4249 426.8539
177.5449 428.1739
181.2749 431.0939
182.3749 432.5939
182.2049 434.7339
182.7449 436.3039
184.2449 437.4639
185.1449 439.0839
185.6249 440.4939
187.5649 441.3539
192.2049 443.7939
194.2249 442.3939
195.7949 441.5839
196.8149 440.3539
197.3849 436.6839
197.8049 435.5039
198.0749 434.2539
197.8949 432.9939
197.3249 432.4339
195.5349 431.4939
194.9849 430.9239
194.6549 428.4739

Buliisa
34
201.4849 333.2639
201.4849 333.2639
194.9949 333.7639
188.9349 334.7139
188.8449 340.1238
185.3449 343.3339
159.1849 345.3839
161.3149 348.0639
163.7149 351.0839
170.3949 359.4939
176.5949 367.3039
179.5749 372.7039
180.4649 377.7439
183.4849 378.1639
187.2949 380.6739
189.3849 382.0539
190.0049 382.3738
192.8249 383.3239
198.0049 387.1438
203.0349 388.4439
206.5949 390.4539
208.1349 390.9038
208.4749 383.7438
207.4749 376.7438
207.4749 368.7438
210.9749 364.2438
213.9749 359.2538
216.9649 356.7538
218.4649 353.7538
217.4649 351.2538
214.4749 350.7538
211.4749 348.2538
211.4749 341.2638
208.4749 336.7638

Koboko
36
156.9149 498.7638
156.9149 498.7638
152.6249 501.6038
151.3349 500.7938
150.0149 499.5339
146.7749 501.0839
144.0349 503.6138
141.4249 506.3838
141.9549 507.1538
142.6149 509.3838
142.4149 510.6038
141.3749 512.7838
141.2149 513.9839
141.9149 516.9238
141.8849 517.8639
140.5349 520.3439
138.8449 519.7638
136.8849 518.0739
134.6249 517.2439
135.0649 518.8838
137.3449 523.3739
144.2149 533.3938
144.6849 534.6239
145.0149 535.8239
145.5349 536.9639
146.6849 537.9739
147.7849 538.3539
149.8449 538.2938
150.9049 538.4439
152.3149 539.0939
155.5249 541.6438
156.4849 542.0438
158.4649 542.4338
156.7049 535.4038
155.1849 521.6838
156.3949 510.4038

Arua
71
192.7949 489.0038
192.7949 489.0038
194.9549 484.5038
195.4649 479.7639
204.6449 478.5038
200.8149 472.7139
196.0849 467.6939
194.5449 465.5038
193.1849 461.5138
190.5249 456.0939
189.5749 451.8439
189.9349 447.5038
192.2049 443.7938
187.5649 441.3538
185.6249 440.4938
185.1449 439.0839
184.2449 437.4639
182.7449 436.3038
182.2049 434.7338
182.3749 432.5939
181.2749 431.0939
177.5449 428.1739
167.4249 426.8538
163.2749 424.4838
156.3449 423.3139
150.1549 426.0039
150.1649 430.7439
148.8049 434.5739
147.7849 438.7639
143.4649 438.1539
137.6049 436.1439
134.0649 433.8239
127.4649 432.3739
130.2649 439.9239
130.3949 440.4639
130.4149 441.4939
130.6749 442.0839
131.1149 442.3739
132.3749 442.6139
132.7849 442.8239
133.4949 443.8539
136.0649 450.8639
136.2149 455.0139
135.0849 459.1439
132.6849 463.3439
130.8849 465.0039
126.0349 468.3839
124.7949 469.9339
124.6649 471.9239
125.0849 474.1439
126.6949 479.0139
131.3049 478.8639
142.5549 478.3639
146.1949 482.4139
150.5749 485.3439
153.4949 488.5139
154.2249 493.8739
156.9149 498.7639
159.1049 496.6039
162.0549 497.1939
164.0649 498.7539
164.9249 501.2239
167.0349 502.4239
169.6949 501.9939
172.7049 501.0539
174.7649 498.9139
179.0249 495.7739
184.3049 494.2639
186.2549 492.5739
187.5149 490.1139
189.9549 489.3639

Adjumani
78
261.0349 524.4739
261.0349 524.4739
261.0349 524.3938
260.5249 509.5239
259.8449 508.2238
258.5549 507.5339
258.3549 505.4138
258.5749 503.2139
259.4649 501.3838
259.7149 499.6138
257.6649 495.8638
257.4349 493.6939
257.9449 491.4539
257.3549 489.5139
256.2749 487.6539
255.0249 485.9938
253.4649 484.5739
252.8249 482.5839
252.6849 480.3538
248.8449 474.1038
248.6149 471.9838
248.1949 469.9138
227.3549 463.4439
216.3649 461.7039
213.1249 457.1738
210.5349 453.4238
209.0749 452.5038
207.1449 452.4539
205.8049 453.1538
204.8949 454.6338
202.1749 455.3938
199.9849 458.2338
197.4749 460.3538
193.1849 461.5138
194.5449 465.5038
196.0849 467.6938
200.8149 472.7138
204.6449 478.5038
205.9049 481.2238
208.6849 487.1938
209.9049 491.5939
210.3549 494.4038
210.6849 495.2238
211.2149 495.9238
211.9249 496.6238
212.5549 497.4238
213.4449 501.0138
214.9749 502.9538
218.5649 506.5438
219.2349 508.5038
219.7349 511.1338
220.4449 513.4538
222.2649 514.8838
222.7849 515.8639
223.4749 516.8439
224.5649 517.2838
226.8549 517.4939
229.2249 518.0038
230.2349 518.6338
232.7749 520.9138
234.9649 521.7339
236.1549 521.9338
235.9349 520.5839
236.9949 520.3838
238.8749 520.5238
239.8149 519.6938
241.0049 518.9238
242.2749 518.3239
243.5049 518.0038
245.8549 518.2039
247.9149 519.3339
249.3449 521.1438
249.8849 523.4038
251.0449 524.8739
256.3049 526.4238
257.7049 527.2738
258.5249 527.2239
259.7149 526.5939

Mpigi
40
281.2149 137.3138
281.2149 137.3138
255.1349 137.3338
251.5449 138.2538
248.6949 140.6038
242.8949 150.1638
240.3849 153.0238
247.6949 156.7238
254.2049 161.7639
258.0549 165.9038
263.3949 167.9838
268.7249 167.0938
273.1649 169.7539
278.2049 173.0139
281.1649 175.3839
283.2349 177.4638
282.9449 181.6038
283.3249 187.2938
283.0849 191.3939
283.2849 193.4439
282.7649 199.0238
293.7849 199.0238
301.1349 191.2639
299.4849 181.3538
298.0549 177.3939
296.6749 175.4138
294.2049 174.2639
292.6649 172.9038
291.8149 170.7938
290.4949 168.4738
288.5049 166.7938
286.2249 166.0938
284.3449 164.9539
283.3049 162.0639
281.0549 160.2738
279.0049 158.9539
278.2849 156.8039
278.7249 151.9139
281.2649 147.6739
281.5949 142.7539

Sembabule
54
178.2949 171.3939
178.2949 171.3939
181.4349 174.4638
186.1549 174.6638
190.8549 174.3138
192.5949 173.1838
194.9349 169.5338
197.0649 168.6238
205.2149 164.1438
212.9049 158.9338
208.5949 155.6938
210.0749 148.1338
212.4449 135.9838
214.5149 126.5138
214.2149 122.9538
212.2249 122.2438
205.0849 121.1538
199.2449 121.0238
196.9549 121.5338
194.6849 121.8138
186.0749 123.2538
180.2749 126.6438
181.4249 129.2038
182.2149 132.0838
183.2849 134.5738
183.6849 137.3938
183.5449 138.9538
183.0349 140.4638
183.4849 143.3438
181.2649 145.8838
178.3249 147.7738
176.9849 144.1638
171.4749 146.8038
171.1449 148.6338
165.5549 150.4738
163.1049 150.9338
161.6749 149.9838
159.3949 149.1638
155.9049 150.1838
152.9649 150.5738
153.6249 152.3138
154.9649 153.6838
155.8549 155.9338
155.7749 162.6338
155.3449 166.7738
153.1849 170.6838
151.3949 174.8438
152.2349 175.3038
156.0849 175.2138
159.7849 175.8238
163.7549 177.8538
167.7049 177.4938
170.5949 174.1038
173.9849 171.5238

Pallisa
45
438.4749 289.9338
438.4749 289.9338
441.5849 290.5038
444.4649 290.2238
446.2949 288.0839
448.2949 286.2539
451.0349 285.4839
453.9249 285.0339
455.8949 283.4939
457.5349 281.4239
466.5949 279.5539
468.7149 278.7939
470.7749 277.6439
475.6549 276.3839
475.7349 274.2139
476.8549 272.3239
477.0449 269.7839
472.4949 271.7339
468.5749 273.5339
461.6449 275.6439
453.5149 275.3439
448.3949 273.2339
440.5649 269.6239
433.3349 266.9139
425.3249 266.9939
423.0649 270.0939
421.5149 273.6939
419.3149 276.1639
416.6249 278.3739
415.1349 278.7839
414.0149 278.9839
411.3649 282.6939
408.6349 285.4639
405.5149 287.8039
402.6449 289.0139
401.6149 292.7938
404.0349 293.1439
405.0749 291.1139
406.7649 290.7139
408.8049 291.5739
411.2749 291.0639
417.6649 292.2339
433.0049 293.2539
435.4849 293.3139
436.5049 291.5739

Mukono
39
362.7549 214.8839
362.7549 214.8839
358.2349 211.9239
357.9049 206.8839
359.5849 201.0039
362.4349 196.9739
361.5949 191.2539
357.0649 186.3839
351.0149 180.5039
348.1549 175.2939
345.1249 171.9339
344.9649 168.4039
335.8449 157.6439
318.3549 136.8239
306.7149 136.8239
309.7449 140.8539
314.4149 147.0439
320.0949 154.0439
319.9049 167.7139
321.1149 176.2139
322.2749 180.6339
324.5149 183.7239
326.7949 188.6139
324.8749 194.7139
324.3949 198.1539
324.7749 201.6439
325.2849 203.9639
324.0249 206.2139
325.1849 208.8439
325.1349 211.7039
333.7949 214.9439
335.8349 221.8839
337.4649 232.0839
337.8849 241.7639
340.9749 235.2239
344.7449 229.0839
348.8249 225.8739
354.3749 223.5239
357.5649 221.0039

Soroti
44
443.6549 331.6038
443.6549 331.6038
443.2749 329.2438
443.8149 327.4338
441.2449 326.1938
438.0049 326.7738
435.8249 325.1038
434.6349 322.1138
433.9149 319.4538
426.4449 317.5738
419.7449 316.9638
412.4449 318.7838
407.8849 321.8338
404.8449 328.2238
397.8449 330.0438
396.3249 332.4838
401.1849 336.1338
405.0349 338.4338
405.1149 340.4838
405.1349 342.4338
406.9749 345.7738
406.6949 348.0938
405.6449 350.2538
406.4049 354.7238
407.6149 358.9838
408.2049 362.3638
410.6849 364.2038
414.7149 363.3238
416.6749 359.5838
419.2649 356.7338
422.7049 354.7838
424.9349 354.3038
427.0249 353.4538
427.7049 351.6538
428.1149 349.8638
430.0149 348.2538
432.2649 347.1238
433.2849 346.0438
434.2049 344.8138
437.7949 341.8938
440.8049 338.4438
441.3649 336.2938
441.6749 334.0438
442.5549 332.8438

Namutumba
32
436.7749 251.2238
436.7749 251.2238
439.2349 248.7338
440.1049 245.3638
439.9449 241.5638
440.2749 237.9138
441.7649 234.3738
442.5649 231.0738
443.5749 230.1238
445.0549 229.1238
446.6149 225.5638
443.3449 224.5438
440.1249 224.4438
436.9149 229.0038
434.9649 226.4438
431.8549 226.8538
428.3949 228.2938
425.0749 230.0738
424.2649 234.1938
419.5549 236.1138
417.2649 236.7638
415.8749 238.6338
414.8049 245.4738
419.4249 257.2038
421.1749 259.3138
422.4649 261.6638
423.6549 264.4338
425.3249 266.9938
430.2549 263.4039
431.8549 261.7338
431.8349 256.7039
433.0249 254.7439

Kaliro
36
425.3249 266.9938
425.3249 266.9938
423.6549 264.4338
422.4649 261.6638
421.1749 259.3138
419.4249 257.2038
414.8049 245.4738
410.7649 243.4238
409.0849 243.6238
407.3149 244.2238
403.9349 244.4838
400.9249 245.8438
400.2749 249.1538
402.0449 256.3238
400.3949 259.7738
399.2849 261.3438
398.3449 263.0038
396.8249 264.9438
394.7149 266.1238
397.4649 268.3938
397.6649 269.7738
397.4849 271.3338
399.0349 274.0438
400.9249 276.6738
402.3349 279.6438
404.3749 282.2838
405.2349 284.8938
405.5149 287.8038
408.6349 285.4639
411.3649 282.6939
414.0149 278.9839
415.1349 278.7839
416.6249 278.3739
419.3149 276.1639
421.5149 273.6939
423.0649 270.0939

Amolatar
26
358.3549 332.3439
358.3549 332.3439
357.2749 327.0239
353.5649 325.0739
355.8449 316.4138
355.7349 307.1638
339.8249 307.3339
326.9849 306.8439
317.9349 306.0339
315.2249 308.6838
313.2049 312.0538
310.1849 311.5738
308.0649 312.1338
304.8649 315.2838
302.6049 316.9138
300.0749 317.6338
295.3449 320.6538
288.4549 322.8038
286.9049 325.3838
291.6449 326.0738
309.9649 325.8138
317.2849 325.7338
320.8949 327.7938
327.7649 334.1438
335.8749 341.3138
347.8349 342.0038

Kamuli
44
390.3949 252.0139
390.3949 252.0139
390.3849 248.2339
390.0549 246.4139
389.4049 244.6939
389.1749 243.1639
389.7549 241.6039
389.3949 240.3739
388.6649 239.3739
388.2449 236.9839
386.9649 235.0639
385.5049 234.2339
384.1749 233.2539
383.3849 231.5639
382.2449 226.7939
382.4849 223.7139
380.1149 224.3139
378.3849 225.0739
375.8949 224.5239
373.3349 224.7139
372.7649 222.5339
369.5449 223.1239
367.2649 221.6538
364.5549 222.8139
364.7349 227.4839
364.2649 232.4439
362.9549 236.8739
360.9449 240.9038
355.9749 248.6439
354.7149 252.6738
352.8149 266.4738
353.1449 268.7139
355.3949 270.5339
355.8549 272.5638
355.8549 274.9238
355.4349 276.7839
363.4549 275.9439
371.2849 272.3339
372.7949 268.1138
373.3949 263.5939
375.8049 261.7839
378.5149 260.8839
383.3349 256.9639
386.3449 253.9539

Iganga
33
425.0749 230.0739
425.0749 230.0739
425.9449 227.3639
428.7649 224.5539
429.0349 220.3939
428.3049 216.2439
426.3349 213.0939
423.7249 210.2339
422.8149 206.1239
422.8949 202.1239
422.9249 200.9839
422.8249 199.8239
418.3349 200.6939
417.7949 202.4939
416.1749 203.9139
415.6849 206.0639
415.9349 208.3239
413.2649 210.7738
412.8549 217.8038
412.8549 223.2238
406.8249 226.5438
403.2149 229.5538
403.5149 233.7738
405.0249 238.5938
403.9349 244.4838
407.3149 244.2238
409.0849 243.6238
410.7649 243.4238
414.8049 245.4738
415.8749 238.6339
417.2649 236.7639
419.5549 236.1139
424.2649 234.1939

Kayunga
47
355.4349 276.7839
355.4349 276.7839
355.8549 274.9238
355.8549 272.5638
355.3949 270.5339
353.1449 268.7139
352.8149 266.4738
354.7149 252.6738
355.9749 248.6439
360.9449 240.9038
362.9549 236.8739
364.2649 232.4439
364.7349 227.4839
364.5549 222.8139
364.7249 220.6039
368.2849 212.2339
369.7149 210.4339
364.1149 213.2738
362.7549 214.8839
357.5649 221.0039
354.3749 223.5238
348.8249 225.8739
344.7449 229.0838
340.9749 235.2238
337.8849 241.7639
336.1849 253.9839
336.5949 266.3239
337.9549 276.8839
336.4049 287.3839
336.1949 289.6339
336.2849 290.9138
336.1749 292.3138
335.8049 293.4438
335.1249 293.9038
334.1349 294.2338
333.3349 295.7538
332.2149 296.0938
330.3049 297.1938
327.2749 298.2538
326.9849 306.8438
339.8249 307.3338
341.8749 299.6538
343.9749 295.1538
348.3349 290.2838
348.9149 288.1538
351.3349 285.2738
352.2949 281.9038

Kaberamaido
50
398.0949 363.9838
398.0949 363.9838
398.5749 361.8439
399.4549 359.8838
401.4049 358.8938
402.7949 357.5739
402.8949 353.3738
405.6449 350.2538
406.6949 348.0939
406.9749 345.7739
405.1349 342.4339
405.1149 340.4838
405.0349 338.4339
401.1849 336.1339
396.3249 332.4839
392.0649 330.6539
385.9749 330.6539
385.3649 326.0939
385.0949 321.9739
381.8049 317.4139
381.0249 306.0439
381.1049 296.2639
373.3349 297.2739
370.2849 300.2739
366.6349 302.8439
360.9449 305.7439
359.1849 306.3639
357.2949 306.0039
355.7349 307.1639
355.8449 316.4139
353.5649 325.0739
357.2749 327.0239
358.3549 332.3439
362.2649 330.7539
366.0549 331.0039
367.7149 331.6439
369.2949 332.5139
369.7449 333.7039
370.0949 335.2039
372.2149 341.1939
372.8949 344.6139
373.7949 345.6239
375.1149 346.1439
384.4749 351.9639
386.0749 353.7639
387.3149 355.8839
388.2849 356.6439
388.8549 357.7339
389.7649 366.0839
394.1249 366.0139

Kumi
31
485.5649 323.5839
485.5649 323.5839
486.9249 323.4939
487.9349 323.0839
487.4349 315.7139
478.8149 313.3038
472.4949 312.1038
467.9749 309.3939
468.5749 302.7639
465.5649 300.6539
463.4549 298.8439
463.4549 294.6238
463.7549 288.6038
459.5349 286.1938
455.8949 283.4938
453.9249 285.0339
451.0349 285.4838
448.2949 286.2538
446.2949 288.0838
444.4649 290.2238
441.5849 290.5038
440.8649 298.2438
443.2749 301.2538
447.1949 302.7638
447.7949 309.3938
446.8849 319.3338
448.9949 322.9538
452.6949 324.3338
457.7849 322.7538
462.9749 324.0538
467.9249 324.7338

Jinja
47
382.4849 223.7138
382.4849 223.7138
387.8549 224.4339
391.5149 221.3139
394.2549 220.2039
396.7849 218.5838
397.6749 217.8538
398.4649 217.0438
400.7949 215.6838
401.5149 213.8438
402.0149 211.9738
404.9649 210.7538
408.3849 210.5338
411.3849 208.4838
413.2649 210.7738
415.9349 208.3238
415.6849 206.0638
416.1749 203.9138
417.7949 202.4938
418.3349 200.6938
416.4749 197.5738
413.8249 195.0238
412.8349 192.0538
411.9349 189.8938
410.4949 188.9938
409.1449 188.8138
407.7049 188.4538
402.9849 185.8338
399.7349 185.2838
390.1549 189.4938
387.8549 190.2438
381.7849 192.2138
378.5749 194.6138
378.9449 198.3538
378.2649 202.2138
375.8649 205.2738
369.7149 210.4338
368.2849 212.2338
364.7249 220.6038
364.5549 222.8138
367.2649 221.6538
369.5449 223.1238
372.7649 222.5338
373.3349 224.7138
375.8949 224.5238
378.3849 225.0738
380.1149 224.3138

Kalangala
48
281.2149 137.3138
281.2149 137.3138
295.7149 137.1638
306.7149 136.8239
318.3549 136.8239
343.5649 136.8239
343.5649 105.7038
343.5649  49.4638
343.5649  49.4538
330.7249  49.4538
330.5549  49.4538
311.6749  49.4538
292.6049  49.4538
273.5549  49.4538
254.4949  49.4538
253.9549  49.4538
253.9549  49.4638
253.9549  73.2538
253.9549 110.7938
256.1449 112.4338
258.3449 113.8038
260.8049 115.1738
262.4549 117.3638
262.1849 120.1038
259.1249 121.3838
258.4549 123.1438
257.5549 124.7838
256.7049 125.9438
256.4049 126.6438
256.2949 127.4438
256.0349 128.1238
255.2549 128.3938
254.3749 128.3438
253.7549 128.3738
253.2549 128.7738
252.7349 129.8138
253.3149 132.4738
253.3649 134.0738
252.4149 134.7838
251.3749 134.6838
247.7549 133.4338
248.6749 137.6338
249.1749 139.1838
248.5649 139.2938
247.0449 139.8238
248.6949 140.6038
251.5449 138.2538
255.1349 137.3338

