548 595

Río_Negro
291
160.1508 316.3545
160.1508 316.3545
162.3708 316.4845
164.9408 317.0845
166.0308 317.0145
170.0108 316.2545
171.3608 316.1545
172.3608 316.2245
173.6308 316.5245
174.3508 316.5645
176.1308 316.3345
181.7508 314.5945
182.8408 313.9345
188.4708 309.1645
189.8708 308.2345
193.1508 306.4845
192.6808 300.9345
189.4408 287.3445
189.0108 285.5445
186.9708 283.1245
185.9508 281.3045
185.5708 279.0345
185.5708 277.5245
185.8308 275.1045
184.8108 271.0145
183.0308 267.3745
182.1208 263.7245
180.1708 264.3645
178.3008 263.7245
177.1408 262.2345
175.1208 261.3145
172.0808 261.2045
170.2808 260.4045
168.8908 259.0945
167.9908 258.1245
166.8508 255.4645
166.8608 254.6445
166.9008 252.7045
165.5808 252.2845
163.6508 252.6245
161.8908 252.1345
161.3208 251.0145
161.3908 249.7945
161.8908 247.5045
161.4608 246.1145
160.4608 246.4345
158.7708 247.9645
158.2208 248.2945
157.5208 248.9945
156.6508 249.5945
155.5908 249.6345
154.4008 248.7645
154.3808 247.7345
154.8008 246.7845
154.8908 246.2145
153.4408 245.9045
151.1808 245.7745
149.4508 245.3545
149.6308 244.1645
151.1108 242.3045
151.1008 241.4545
149.8308 241.2045
147.5008 241.2045
145.4908 241.6045
141.3108 243.3845
139.4108 243.7845
137.6408 243.3145
135.7808 242.1445
134.0608 240.6645
132.7308 239.2245
131.9308 238.7545
130.1308 238.4745
129.6108 237.9345
129.5708 236.5845
130.2908 235.8845
131.3608 235.7945
132.3408 236.2645
134.5708 235.3545
134.3208 233.8945
134.8908 230.2245
134.8908 229.4945
133.9908 229.1645
131.4208 227.5645
126.8208 225.5145
125.6908 225.3145
124.4708 225.8445
123.9108 227.1545
123.3008 230.4145
122.2508 228.8345
120.5708 227.0145
119.0208 226.5845
117.8808 231.3945
116.6508 232.8745
114.8508 233.8445
110.6608 235.2545
109.6008 235.4345
108.4608 235.3545
107.2408 234.8045
105.1208 233.2445
103.9408 232.9145
102.8308 233.4245
102.3108 234.6345
102.1608 236.1545
102.1608 237.5145
101.7708 238.4445
100.8208 239.2145
 96.3208 241.6045
 94.0308 241.9545
 91.8508 241.4545
 89.8708 240.0645
 89.0908 239.7145
 85.6608 238.7745
 84.9608 238.2245
 83.9408 235.5645
 83.1808 234.5945
 81.2008 234.1645
 77.2708 235.7745
 74.1908 236.5345
 72.7008 237.6645
 71.5608 237.9345
 70.3408 237.7745
 68.1908 237.1345
 66.9408 237.1045
 65.3508 237.6645
 62.4808 239.3945
 60.7008 239.6845
 58.8208 239.1445
 57.6108 238.0445
 56.5508 236.6845
 55.0908 235.3545
 53.5608 234.7045
 50.5108 233.9145
 49.4908 232.9145
 49.1308 231.0545
 49.3508 229.5645
 48.9208 228.5345
 46.6208 227.9745
 44.8908 228.1945
 43.3908 228.7645
 41.9208 229.1145
 40.2508 228.6645
 39.1908 227.7745
 39.1508 226.9145
 40.2508 224.4745
 40.2908 223.6445
 40.2208 222.5545
 40.2408 221.6045
 40.8208 220.9145
 42.1308 219.6545
 42.4208 219.4545
 42.5508 217.4345
 42.1308 215.4145
 41.3108 214.3545
 40.2508 215.2745
 39.7108 215.3545
 37.9608 217.0345
 36.7508 217.7845
 33.3008 215.9145
 32.2008 214.8145
 31.9008 213.5745
 31.8508 208.9445
 31.3808 206.8645
 30.2208 206.3245
 27.2908 206.8145
 22.3908 206.8145
 20.5008 205.6245
 14.9708 198.3445
  5.1808 192.5245
  5.1608 192.5145
  3.0008 194.3445
  2.3508 196.7645
  3.0008 199.0045
  4.5808 200.9745
  8.2708 204.6345
  9.3408 207.0945
  9.5008 209.9145
  7.7708 220.5545
  7.6808 225.7445
  9.2808 229.6745
 13.4908 231.2445
 23.0308 230.6745
 27.4308 231.0445
 31.2008 232.9245
 35.0508 236.5445
 36.7408 238.7545
 37.4308 240.8145
 37.6008 243.6545
 38.0808 245.8545
 39.6008 250.4645
 40.3608 255.3645
 39.4708 259.0245
 37.4108 261.9445
 32.9708 266.6545
 31.9108 268.6845
 31.3608 270.9145
 31.2008 273.4745
 31.3908 278.9745
 31.2008 281.7545
 30.4408 283.8745
 31.2008 284.7845
 30.3308 287.9145
 29.2008 296.4245
 27.9808 298.1645
 27.1608 300.0945
 25.6908 306.5545
 25.7008 306.5545
 28.7008 307.1145
 33.9408 307.4245
 34.8108 307.2645
 35.9508 306.7745
 36.6208 306.3545
 37.0908 305.9545
 37.4208 305.5645
 37.4408 305.5345
 40.2208 302.2445
 40.6708 301.8445
 41.1608 301.4945
 43.4008 300.2645
 43.8408 299.8645
 44.1808 299.3845
 44.7308 298.3145
 45.3708 296.2145
 45.5008 295.9545
 45.7808 295.5745
 46.5908 295.2245
 47.8208 294.9345
 50.2608 294.6745
 52.4008 294.0545
 53.4208 293.3445
 54.6708 293.0645
 63.6608 292.1445
 64.2008 291.8145
 64.9608 291.6545
 65.8908 291.7545
 67.4308 292.4645
 68.1608 293.1445
 68.6408 293.8045
 69.0008 296.2545
 69.1708 296.9745
 69.4508 297.5745
 69.7808 298.0845
 70.2408 298.4745
 88.0708 301.1645
 89.0708 301.8645
 89.4908 302.3145
 90.2308 303.2745
 90.5308 303.8445
 91.2008 305.5845
 91.2408 305.6745
 91.3408 305.9145
 91.8308 306.8945
 92.2108 307.3645
 92.6708 307.7345
 93.2408 307.9845
 95.6608 308.7545
 96.1408 309.0245
 97.0908 309.9245
 97.4208 310.3645
 98.2308 311.2245
 99.1508 311.9645
 99.6808 312.2445
100.7208 312.3345
102.0808 312.2745
105.7608 311.6345
106.7408 311.5745
109.4108 312.0345
111.1708 312.6745
112.7408 313.5945
113.4708 313.7045
114.3508 313.6245
116.5508 312.6345
117.5208 312.3245
118.5508 312.2245
120.4008 312.5145
121.3908 312.8145
122.1708 313.1645
128.8808 318.0445
129.9708 318.5845
130.9308 318.7945
137.4408 318.8745
138.7708 319.1245
139.3408 319.3645
140.3708 319.9545
142.3008 321.4045
143.3408 321.9745
143.8708 322.1745
144.9908 322.0645
146.5308 321.6645
152.1408 319.0745
155.3808 317.0845
157.8808 316.4945

Paysandú
261
141.8608 389.2945
141.8608 389.2945
142.8508 389.4445
144.2608 389.9645
145.0508 390.3945
145.6808 390.8445
146.1208 391.2245
146.7608 391.4345
147.5408 391.4645
152.0508 389.7345
154.1708 389.2145
155.3508 389.2645
164.2208 391.2045
165.4508 391.2045
167.1908 390.9445
168.1708 390.6445
168.9008 390.2845
170.9008 388.9245
171.5308 388.6945
172.2408 388.5645
176.5208 388.5245
177.6608 388.3645
178.5108 388.1145
183.6908 384.8045
185.0008 384.3845
185.7108 384.2645
191.0008 384.0845
198.2808 381.8645
198.9408 381.7845
200.0508 381.8145
201.7408 382.1145
203.0908 382.5645
203.6608 382.9945
204.1508 383.5445
204.6708 384.5645
204.8708 385.1445
205.1608 386.4945
205.8008 387.4045
208.9308 390.7645
209.8308 391.9845
210.3908 393.0145
210.5908 393.6945
212.1308 394.8545
217.5408 396.2745
220.9008 392.2245
221.3908 391.1645
221.8308 389.9745
221.8708 389.1845
221.7108 386.5545
221.8208 383.7245
222.0708 382.7545
222.3708 382.0245
224.8208 378.9545
225.2008 378.2245
225.4208 377.4645
225.3408 376.6045
225.1008 376.0045
224.7308 375.6445
224.2808 375.4945
223.4108 375.3445
222.3208 374.9545
221.8008 374.6545
221.3408 374.2845
221.0108 373.4245
220.7708 372.2045
220.8108 367.0545
220.7508 366.2145
220.7408 366.1945
220.3108 361.0645
219.6308 358.5345
219.1008 357.3145
217.9208 355.1645
217.4308 353.7445
214.4808 340.2645
213.7308 338.1345
210.6308 334.4945
207.1908 331.2645
203.3708 328.4645
200.3508 325.6745
198.6208 323.0045
193.1508 306.4845
189.8708 308.2345
188.4708 309.1645
182.8408 313.9345
181.7508 314.5945
176.1308 316.3345
174.3508 316.5645
173.6308 316.5245
172.3608 316.2245
171.3608 316.1545
170.0108 316.2545
166.0308 317.0145
164.9408 317.0845
162.3708 316.4845
160.1508 316.3545
157.8808 316.4945
155.3808 317.0845
152.1408 319.0745
146.5308 321.6645
144.9908 322.0645
143.8708 322.1745
143.3408 321.9745
142.3008 321.4045
140.3708 319.9545
139.3408 319.3645
138.7708 319.1245
137.4408 318.8745
130.9308 318.7945
129.9708 318.5845
128.8808 318.0445
122.1708 313.1645
121.3908 312.8145
120.4008 312.5145
118.5508 312.2245
117.5208 312.3245
116.5508 312.6345
114.3508 313.6245
113.4708 313.7045
112.7408 313.5945
111.1708 312.6745
109.4108 312.0345
106.7408 311.5745
105.7608 311.6345
102.0808 312.2745
100.7208 312.3345
 99.6808 312.2445
 99.1508 311.9645
 98.2308 311.2245
 97.4208 310.3645
 97.0908 309.9245
 96.1408 309.0245
 95.6608 308.7545
 93.2408 307.9845
 92.6708 307.7345
 92.2108 307.3645
 91.8308 306.8945
 91.3408 305.9145
 91.2408 305.6745
 91.2008 305.5845
 90.5308 303.8445
 90.2308 303.2745
 89.4908 302.3145
 89.0708 301.8645
 88.0708 301.1645
 70.2408 298.4745
 69.7808 298.0845
 69.4508 297.5745
 69.1708 296.9745
 69.0008 296.2545
 68.6408 293.8045
 68.1608 293.1445
 67.4308 292.4645
 65.8908 291.7545
 64.9608 291.6545
 64.2008 291.8145
 63.6608 292.1445
 54.6708 293.0645
 53.4208 293.3445
 52.4008 294.0545
 50.2608 294.6745
 47.8208 294.9345
 46.5908 295.2245
 45.7808 295.5745
 45.5008 295.9545
 45.3708 296.2145
 44.7308 298.3145
 44.1808 299.3845
 43.8408 299.8645
 43.4008 300.2645
 41.1608 301.4945
 40.6708 301.8445
 40.2208 302.2445
 37.4408 305.5345
 37.4208 305.5645
 37.0908 305.9545
 36.6208 306.3545
 35.9508 306.7745
 34.8108 307.2645
 33.9408 307.4245
 28.7008 307.1145
 25.7008 306.5545
 25.6908 306.5545
 25.0808 309.2345
 24.8008 311.9945
 24.8008 311.9945
 24.8408 312.2845
 25.8408 313.6045
 28.4108 319.0045
 34.9108 328.4945
 35.4308 332.1845
 34.3608 335.7145
 27.3508 345.1445
 26.1908 347.7145
 26.7708 350.1945
 29.0408 353.9345
 30.1108 358.6145
 30.4208 364.0645
 30.0408 369.2245
 29.0408 373.0145
 25.8008 376.7145
 24.5408 379.1545
 25.2208 381.6345
 28.0308 384.8445
 29.6508 386.0545
 31.9108 387.0445
 36.7708 388.0145
 39.2508 389.0145
 40.3208 390.7445
 46.5008 409.3645
 47.4308 414.6645
 46.6808 420.0445
 43.9608 423.4745
 41.3308 425.5245
 41.6608 425.7045
 43.3408 426.5645
 44.8808 426.9945
 46.5008 426.7845
 48.2708 426.3145
 49.4208 426.3545
 49.9408 426.4345
 50.0708 426.5345
 50.0908 426.5945
 50.2008 427.7445
 50.3108 428.3845
 50.6408 428.8345
 51.1208 429.1345
 54.9108 430.0945
 55.7208 430.1145
 56.7808 429.9345
 59.4808 428.8945
 66.2708 425.0545
 67.1608 424.2645
 67.5208 423.8145
 67.8108 423.2945
 69.1208 419.0545
 69.3508 418.4945
 69.6408 417.9745
 70.0208 417.5145
 70.4908 417.1445
 71.0108 416.8345
 71.7508 416.5545
 86.8508 413.2445
 94.1808 409.4545
 97.6308 406.9945
 98.7308 406.3645
101.1808 405.4045
103.6608 405.0545
106.5608 404.9545
108.4508 404.5045
109.5208 404.0745
110.0108 403.5745
112.2508 400.0845
113.0008 399.2045
114.3908 398.0845
116.7108 396.9545
124.8508 394.6045
125.9708 394.0145
129.7608 391.0745
130.9508 390.7545
139.6208 389.6945
140.9408 389.3045

Flores
128
145.0408 221.9945
145.0408 221.9945
150.5908 222.7845
153.9908 222.3645
159.9108 220.9645
161.1008 220.4745
161.5608 220.0845
162.3308 219.1645
162.9008 218.1045
163.3108 216.8845
163.6108 214.7845
163.9208 213.9745
164.4708 213.1445
165.7208 211.9745
166.6608 211.4745
167.5608 211.1645
171.5608 210.9745
174.9708 210.1445
180.6608 207.9045
181.7508 207.2245
182.1108 206.7545
184.1408 203.0045
190.4808 196.0045
190.9508 195.3545
191.6208 194.5745
192.1808 193.7045
192.5008 193.0145
192.8408 191.8745
192.9408 191.1945
193.1208 188.2245
193.2208 187.5345
193.9008 186.0845
195.8508 183.7745
197.4408 180.5345
203.2908 159.0645
204.8208 156.7145
206.5908 153.2345
207.0308 151.9245
207.2608 150.8245
206.6908 139.3145
206.5808 138.5145
206.3808 137.8045
206.1508 137.1545
205.8608 136.5645
205.5408 136.0245
205.1808 135.5345
204.3208 134.6245
203.0708 133.5945
191.8408 139.3345
188.6808 140.1045
184.5308 136.6645
182.4208 135.4145
180.0708 134.4745
173.0308 132.7045
172.6008 132.4845
172.3008 132.2845
170.5908 130.8045
166.3308 125.5945
165.4908 125.0445
164.2908 124.4245
161.7608 123.4245
160.3508 123.0745
159.1808 122.9645
144.3508 125.8445
139.9608 126.1045
139.1408 127.4745
137.3308 129.9645
137.0408 130.4945
136.8108 131.0845
136.4308 132.3545
135.9708 135.4545
135.7308 136.3145
135.4708 137.0245
135.0608 138.4545
134.7708 140.2745
134.5808 140.9845
133.3708 143.8945
129.0908 151.2945
128.9208 151.7345
128.8108 152.1445
128.8508 153.6845
130.3908 165.7745
130.5708 166.4845
130.7908 167.1345
131.0708 167.6845
131.2908 168.2745
131.4708 168.9345
131.4708 169.6645
131.1508 170.4745
130.6408 170.9345
130.0408 171.2945
127.2108 172.0445
126.6008 172.3045
125.5708 173.0145
124.6808 173.8345
122.5708 176.7445
122.1508 177.1645
121.7608 177.6245
121.4208 178.1345
121.2108 178.8745
121.0708 179.8245
121.0208 181.2745
120.7908 182.8545
120.6708 183.1845
120.6608 183.2045
120.6408 183.2545
118.9708 185.4445
118.6908 185.9845
118.4808 186.5845
117.3308 191.8545
117.0808 192.4145
116.7708 192.9445
116.3708 193.4045
115.9108 193.7945
113.2908 195.5445
112.8808 196.0045
112.5708 196.5145
112.3408 197.1645
112.2308 197.9645
112.2708 199.0845
113.3908 201.0645
124.1508 213.9545
125.5008 215.1245
132.8208 224.5045
133.4908 225.6345
134.8908 229.4945
139.7308 224.6845
143.9208 222.2745

Artigas
195
157.5408 592.7845
157.5408 592.7845
161.3608 593.4445
165.2508 593.5545
168.9508 590.9745
170.8608 587.7545
171.8408 586.5245
178.2308 582.1245
181.4108 580.5945
183.1508 579.4045
184.6908 577.9045
185.6308 576.2945
185.9708 573.8945
185.6508 572.6545
185.7608 571.8745
187.4008 570.8445
188.4408 570.5745
189.4308 570.6045
190.4308 570.4645
191.5408 569.7645
192.0908 569.1045
193.0008 567.6145
196.8008 563.2445
198.0808 562.2145
199.8008 560.6245
205.2608 557.1245
206.9708 555.3645
209.4508 551.1545
210.9408 549.1545
212.3108 547.9445
217.0408 545.2745
223.0508 540.1745
226.4208 538.4745
228.4708 536.5045
231.7108 532.6145
232.2908 531.3045
232.5708 530.0545
233.0108 528.8945
234.1608 527.9145
236.1408 526.6245
237.0308 525.7745
237.7108 524.7745
241.1108 518.1145
242.6508 516.1745
249.3708 510.6945
251.0208 507.4045
251.6708 503.8145
251.1708 500.2745
249.3708 497.0245
248.9508 494.4245
248.8608 486.5845
248.2408 481.1145
248.2608 478.5245
248.7908 477.6745
248.7008 477.7445
244.8708 480.7345
244.0608 481.5645
243.0308 482.9945
242.2708 483.8545
239.6508 486.1045
238.4708 487.5145
236.9308 490.0145
236.2008 490.9245
234.0908 492.7545
232.4108 493.7845
231.7408 494.0445
215.4508 497.6445
209.7508 499.7345
208.9308 499.9345
207.9108 500.0845
206.0508 499.8945
205.0308 499.6545
204.3008 499.2945
203.9108 498.8545
203.5508 498.3745
202.9608 497.2745
202.2108 495.4845
201.6008 494.4045
201.2308 493.9245
200.3508 493.1745
199.8908 492.9145
197.5808 491.9545
196.5608 491.3445
196.1208 490.9645
194.6508 489.1245
194.2108 488.7545
193.7008 488.4445
192.5008 488.0545
189.0708 487.6045
187.9008 487.2045
186.9408 486.6045
180.9208 481.5445
179.9808 481.0445
178.8608 480.5845
177.5908 480.2845
172.6608 479.8145
170.2208 479.1245
168.7608 479.1945
157.1208 481.3145
154.6608 481.4545
147.9108 480.6045
147.2308 480.3445
146.2408 479.8045
143.4708 477.6845
142.9208 477.4345
142.3108 477.2445
141.6408 477.1445
140.6108 477.2345
134.4408 479.0845
131.9608 480.4045
130.0108 481.7945
125.2908 486.5145
125.2408 486.5545
123.7108 487.8345
122.9108 488.3145
118.0208 489.9045
104.4408 497.1545
101.0608 499.5645
100.4408 500.1745
 98.7608 501.4745
 97.9308 501.8245
 96.8308 502.1345
 94.7308 502.4245
 91.1008 502.4145
 90.1908 502.5845
 89.2408 502.9145
 88.0108 503.7045
 87.3308 504.2845
 86.8308 504.8345
 85.1308 507.2045
 84.3608 508.0745
 82.6408 509.6545
 75.9808 514.6745
 74.5708 515.5045
 73.4608 515.8645
 70.6508 516.1845
 69.6208 516.1445
 68.9108 515.6445
 68.3808 515.1845
 65.9208 511.5145
 65.9108 511.5045
 65.6608 513.6745
 64.9608 516.7745
 64.0208 520.9845
 63.1608 523.6545
 60.8708 528.6345
 59.3608 530.9345
 57.0508 535.5545
 56.6408 540.2145
 57.9408 544.4945
 60.7608 548.0145
 80.9608 566.5945
 83.1808 570.4045
 83.9408 575.0345
 82.4808 580.1445
 82.0208 582.7545
 82.8908 583.8845
 85.1708 583.9545
 87.7208 581.4545
 89.7108 575.2445
 92.9408 573.0945
 95.5108 572.8245
100.0008 573.6345
102.4708 573.6845
103.8408 572.9745
105.3708 570.5645
106.9708 570.1545
107.9808 570.6645
110.3208 572.7645
111.6308 573.3845
113.6308 573.3045
114.9208 572.4545
116.0308 571.4445
117.5208 570.8445
118.3208 571.1545
119.5908 572.7045
120.1908 573.0045
121.0108 572.5945
122.2808 571.1945
122.7908 570.8445
126.1208 571.5545
129.0908 573.9145
131.1308 577.2645
131.6908 580.9945
132.4608 584.0345
134.6408 587.8645
137.4408 591.2945
140.0208 593.0845
141.0408 592.9945
142.9608 592.0745
144.0508 592.0645
146.0608 593.1145
146.7808 593.3845
150.5408 594.0945
152.6008 594.1745

San_José
152
203.0708 133.5945
203.0708 133.5945
204.4708 129.5645
207.5808 114.6545
208.0008 109.5445
207.9408 108.1845
207.7808 107.1445
207.5408 106.4945
205.3108 102.5445
205.0108 101.8345
204.7508 100.8945
204.7708 100.1445
204.9408  99.4945
206.8208  94.7145
207.3208  92.8645
207.4308  91.6645
206.9808  83.4545
206.7608  82.2745
206.4708  81.6945
206.1008  81.2145
205.6408  80.8145
203.6708  79.7445
203.1108  79.3545
202.6308  78.7245
202.2008  77.6645
202.1908  76.8845
202.4308  76.2745
208.0808  70.1445
208.6008  69.3945
209.3608  67.7945
209.3108  65.4545
208.6508  62.4645
208.6408  61.5545
208.7108  61.0145
209.0608  60.4045
209.4408  59.5545
209.9208  57.8645
209.9308  56.8645
209.7008  56.0845
207.9708  54.4145
207.2008  53.4445
206.5208  52.3545
206.1408  51.8645
205.6908  51.4645
205.2008  51.1245
203.9708  50.5245
203.3008  50.0545
202.5608  49.1045
202.2408  48.2645
202.1208  47.4145
202.6808  43.9345
202.8308  40.5145
203.0408  39.6145
203.3908  38.9645
203.8708  38.5745
207.1908  36.6145
210.8708  33.3745
212.4308  31.5045
213.1808  30.2745
214.1908  25.8345
214.1808  24.9345
214.0008  23.8845
213.7008  23.4245
213.1308  22.8445
211.9508  24.1945
209.9408  25.0545
204.5308  27.2545
200.7708  27.8445
197.1408  27.6845
194.9408  26.1545
193.2908  26.4045
191.6908  27.1645
187.8508  29.6045
186.0508  30.4545
184.2208  31.7045
177.3308  33.6445
168.9408  34.7145
160.8708  38.2445
159.1508  39.5045
157.7708  42.5745
156.1708  44.1045
152.7708  46.5745
150.3408  49.3645
148.2008  51.4745
146.3208  52.9745
143.5508  54.7045
142.0408  56.0745
142.2008  57.7845
141.5308  58.6445
140.0308  59.6845
139.4008  60.2545
137.4708  62.4645
135.6208  64.0645
132.3408  65.5645
130.7508  65.8945
137.0608  71.3945
137.4608  71.8545
137.7508  72.7045
137.8808  73.8745
137.7908  76.2745
137.9108  77.6445
138.4808  78.9745
139.1008  79.7245
139.6108  80.6945
140.3608  83.2645
140.4208  84.1245
140.0108  84.8245
137.9808  87.2345
137.6608  87.7645
137.3908  88.3345
137.2708  89.1545
137.3208  90.1745
137.7308  91.8145
138.1308  92.7245
138.6008  93.3645
141.0608  95.1445
142.6908  96.0345
147.0708  97.3045
147.8308  97.6845
148.2908  97.9845
152.8508 101.7045
153.5608 102.5745
153.7708 102.8845
153.8908 103.2345
153.9108 103.6145
153.8408 104.4245
153.2608 105.7345
149.4708 111.7745
146.1308 115.7545
145.4008 116.3145
143.6608 117.2045
143.1408 117.5545
142.6508 118.3045
142.1908 119.3845
141.3308 123.0745
139.9608 126.1045
144.3508 125.8445
159.1808 122.9645
160.3508 123.0745
161.7608 123.4245
164.2908 124.4245
165.4908 125.0445
166.3308 125.5945
170.5908 130.8045
172.3008 132.2845
172.6008 132.4845
173.0308 132.7045
180.0708 134.4745
182.4208 135.4145
184.5308 136.6645
188.6808 140.1045
191.8408 139.3345

Colonia
136
 47.7808 138.2245
 47.7808 138.2245
 49.6108 138.2945
 52.6808 138.8545
 60.7008 138.6045
 61.7308 138.3145
 63.1308 137.5945
 63.8708 137.0245
 64.4208 136.4845
 64.6308 136.1445
 64.8008 135.9145
 64.6608 136.0645
 65.3308 135.2245
 65.8108 134.7645
 66.8108 134.0345
 80.8108 129.1745
 83.7008 128.9345
 89.9008 129.5445
107.5908 134.3745
109.4808 133.8445
111.6908 132.8145
113.6308 131.6445
115.3808 129.9845
117.3208 128.4745
117.8808 128.1645
120.7808 127.7745
129.2608 127.7845
139.9608 126.1045
141.3308 123.0745
142.1908 119.3845
142.6508 118.3045
143.1408 117.5545
143.6608 117.2045
145.4008 116.3145
146.1308 115.7545
149.4708 111.7745
153.2608 105.7345
153.8408 104.4245
153.9108 103.6145
153.8908 103.2345
153.7708 102.8845
153.5608 102.5745
152.8508 101.7045
148.2908  97.9845
147.8308  97.6845
147.0708  97.3045
142.6908  96.0345
141.0608  95.1445
138.6008  93.3645
138.1308  92.7245
137.7308  91.8145
137.3208  90.1745
137.2708  89.1545
137.3908  88.3345
137.6608  87.7645
137.9808  87.2345
140.0108  84.8245
140.4208  84.1245
140.3608  83.2645
139.6108  80.6945
139.1008  79.7245
138.4808  78.9745
137.9108  77.6445
137.7908  76.2745
137.8808  73.8745
137.7508  72.7045
137.4608  71.8545
137.0608  71.3945
130.7508  65.8945
127.0908  66.6645
117.9608  66.8845
112.3408  66.4945
110.4608  68.1145
105.7208  67.9845
103.1008  66.3545
101.8508  67.9745
 99.2308  68.2245
 96.3608  66.8545
 92.7408  65.2345
 89.5008  68.6045
 86.8908  68.7345
 83.8908  68.1145
 79.7708  66.2445
 74.0308  64.0145
 72.1608  64.2745
 69.5308  62.6545
 66.5408  62.9145
 63.5408  62.5545
 60.1708  63.0745
 61.1708  64.0645
 60.3108  65.9445
 57.4408  66.8345
 55.5708  69.8445
 55.8408  74.8445
 53.2608  77.6545
 51.2108  81.0645
 43.6008  90.1545
 40.2208  91.7745
 39.0308  93.6745
 37.4308  97.7345
 35.6308  99.4945
 33.0808 100.5645
 30.3608 101.0645
 27.9808 101.2045
 25.2008 101.7745
 23.9108 103.2345
 22.7208 107.8945
 21.5408 110.5245
 12.8608 123.1945
 10.9808 124.8245
  7.1208 127.1745
  5.4408 128.6845
  4.0108 131.0745
  3.2608 133.6145
  2.6908 136.9045
  2.7008 136.9045
  2.7508 136.9145
  6.0308 137.5045
  7.4608 137.9245
 16.7008 141.8045
 26.2808 148.4745
 27.9308 148.9645
 29.7008 148.7545
 41.2708 145.7545
 41.8208 145.1845
 42.4608 144.3345
 42.7408 143.8145
 43.2508 142.6645
 43.6308 141.4345
 43.8808 140.8445
 44.4808 139.7945
 44.8208 139.3545
 45.2008 139.0245
 45.4708 138.8245
 45.9308 138.5745
 46.7308 138.3645

Rocha
180
505.8708 159.7845
505.8708 159.7845
507.9708 159.7845
509.8008 160.1445
511.4908 160.1245
513.1608 158.9445
514.1508 156.9245
514.8908 154.7645
516.1508 153.3745
519.4608 153.5645
517.6908 152.3445
515.7908 150.6345
512.0908 146.0545
509.8208 141.9745
508.5308 137.6845
506.4808 127.4245
504.5208 121.2245
503.9808 115.5645
503.0008 113.7945
499.4108 111.2845
497.6908 109.7045
492.6908 103.2345
487.1908  99.0045
485.4008  96.8845
481.7408  89.6145
480.7908  88.3445
480.5508  86.9945
478.3308  79.8545
480.0008  75.3245
479.8708  73.0945
475.6808  71.7745
466.1808  66.4345
458.6008  61.0445
442.9608  45.6945
441.7108  44.0145
441.2908  41.8845
441.3308  39.9645
440.7808  38.5745
431.4508  36.4645
429.1108  36.2745
429.5208  37.3345
430.1508  38.1445
431.9108  39.7545
431.1908  40.3845
430.5408  41.1545
430.0508  42.0945
429.8108  43.1645
429.9708  44.7145
431.0108  47.7445
431.2708  48.2745
429.7608  49.7945
426.9808  50.9945
424.0508  51.7145
422.0308  51.7645
423.1908  50.9145
427.0108  49.2045
426.1808  47.6445
424.5108  45.9345
422.6008  44.5845
421.0208  44.0145
420.3908  43.1845
420.3708  41.4845
421.1308  40.1745
422.8008  40.4545
422.6508  41.4245
424.1808  41.0945
426.0708  39.4845
427.0108  36.7345
426.1908  35.1545
424.3008  33.5645
401.2908  21.1745
401.2608  21.2845
400.7708  22.6145
400.6808  23.2945
400.7308  24.2645
401.1208  25.5145
401.5508  26.2445
402.3408  27.3145
402.6008  27.8145
402.6808  28.3945
402.6408  29.0845
401.2808  33.7045
401.0408  35.1245
400.8008  40.1145
401.0908  42.8545
401.9408  46.1445
402.3008  47.0045
403.8808  49.7845
404.3708  51.0545
404.5508  51.7745
404.6508  52.6545
404.5908  53.6845
404.1508  55.1745
403.7108  55.9945
402.8408  57.0745
402.5108  57.5945
402.3408  58.5145
402.1108  61.8145
401.9008  62.9245
401.5608  63.7045
400.8608  64.6945
400.6508  65.5945
400.5308  66.8245
400.6808  69.2345
400.9508  70.7445
401.7008  72.3045
402.4108  72.6445
403.1108  72.6445
403.6908  72.4145
404.2508  72.2945
404.7008  72.4145
404.9508  72.6245
405.2108  73.0445
405.7308  76.5145
406.1208  83.9945
405.8908  86.8345
405.5108  88.9545
405.2608  96.5845
406.3108 103.4245
406.5008 104.1145
406.7408 104.7545
407.9008 107.1345
408.1208 107.8045
408.4008 109.1445
408.4608 109.7545
406.2808 130.6745
408.7708 134.6745
411.8908 138.2745
412.3208 139.0445
412.5808 140.4845
412.7708 144.1845
413.1108 146.1745
413.4808 147.1945
413.8808 147.9445
414.5408 148.7945
416.8108 152.5445
417.2608 153.8845
417.4208 154.9345
416.4508 161.9645
416.9108 164.5145
417.8708 166.4245
420.0608 168.8745
428.3008 173.6945
432.1608 177.1945
434.3608 184.8045
436.1808 185.6345
438.5908 185.6745
441.0508 186.0845
441.7708 186.4545
442.3608 186.9045
442.8508 187.4845
443.2908 188.2445
444.5008 189.3645
449.9108 190.7445
452.4108 192.2645
454.8308 194.2645
456.9008 196.6945
459.5008 202.1445
460.5908 203.2145
464.0908 204.2345
466.4908 205.8345
469.7108 210.3545
471.5608 212.3845
472.9608 213.2145
475.4208 214.2845
476.5008 215.4245
477.0408 216.7245
477.3508 218.1345
477.8408 219.5445
478.9308 220.8745
479.5008 221.3845
487.6708 223.7445
495.1408 226.9745
504.8608 229.2545
504.9308 229.2645
503.2708 223.6445
503.3408 214.5945
505.6108 196.1445
503.2708 175.8545
502.9808 164.8445

Montevideo
82
228.1208  26.5145
228.1208  26.5145
229.1908  26.9245
229.7308  27.2145
230.2108  27.5845
230.6408  28.0145
231.0308  28.5045
231.7408  29.5945
232.4208  30.2245
233.4008  30.7845
235.4408  31.4445
236.3808  31.4245
236.9508  31.2545
237.4008  30.3945
237.6308  29.8245
238.2308  28.6845
238.7008  28.2945
239.2508  27.9545
239.8308  27.7345
240.2708  27.4345
240.4908  27.1745
240.8008  26.6445
241.2308  26.0445
242.1008  25.3545
242.8408  25.2045
243.7008  25.2845
244.5608  25.4945
245.9308  25.5545
246.5508  25.1945
246.8608  24.5945
246.8208  23.8345
246.4208  22.4745
245.3408  19.9045
245.2108  19.2245
245.1208  18.4245
245.1308  16.0445
245.4808  13.7045
245.8508  12.4645
246.6008  11.3145
243.4008   9.4145
239.7508   9.7345
236.6208   7.9345
235.1608   6.9945
234.5208   4.3845
232.3508   7.4945
230.5808   7.8445
228.6908   8.5745
229.5408   9.7045
229.6608  11.1045
228.5208  12.0945
226.8808  12.3245
226.2708  10.4245
224.2408   8.7645
223.2708   8.7545
220.9908   9.1045
218.6008   8.7645
215.3708  11.5445
209.2008  15.1945
207.6108  16.6645
207.3708  18.5145
209.1108  20.0345
210.8508  21.8045
213.4708  22.4645
213.1308  22.8445
213.7008  23.4245
214.0008  23.8845
214.1808  24.9345
214.1908  25.8345
213.1808  30.2745
216.5708  32.2945
218.4408  32.8545
219.3208  32.8345
220.4308  32.6545
221.1708  32.3645
221.7508  31.9945
222.5708  31.0945
222.9308  30.6145
224.1308  28.5545
224.5808  28.0845
225.2308  27.6145
226.6808  26.8245
227.5508  26.5945

Maldonado
165
404.2508  72.2945
404.2508  72.2945
403.6908  72.4145
403.1108  72.6445
402.4108  72.6445
401.7008  72.3045
400.9508  70.7445
400.6808  69.2345
400.5308  66.8245
400.6508  65.5945
400.8608  64.6945
401.5608  63.7045
401.9008  62.9245
402.1108  61.8145
402.3408  58.5145
402.5108  57.5945
402.8408  57.0745
403.7108  55.9945
404.1508  55.1745
404.5908  53.6845
404.6508  52.6545
404.5508  51.7745
404.3708  51.0545
403.8808  49.7845
402.3008  47.0045
401.9408  46.1445
401.0908  42.8545
400.8008  40.1145
401.0408  35.1245
401.2808  33.7045
402.6408  29.0845
402.6808  28.3945
402.6008  27.8145
402.3408  27.3145
401.5508  26.2445
401.1208  25.5145
400.7308  24.2645
400.6808  23.2945
400.7708  22.6145
401.2608  21.2845
401.2908  21.1745
400.1308  20.5645
393.7608  18.7345
390.4408  15.9345
388.3508  14.9645
383.9808  13.6045
366.2008   5.0045
364.0508   4.6245
362.0008   3.8745
359.3708   0.7845
357.3908   0.3445
357.8708   1.6145
358.0908   2.4045
358.0908   2.9145
357.0208   4.5745
355.6308   5.9745
353.8108   6.9145
349.7508   7.4345
349.5008   7.9245
349.6008   8.7245
348.9208   9.8345
347.8908  10.6145
346.9508  11.0645
344.7208  11.5445
339.8308  11.2945
330.3908   9.0645
326.4408   9.8345
323.7508  12.5045
318.4308  19.6945
314.7908  21.6845
314.7208  22.6445
314.5308  23.5945
313.6608  25.2845
311.6408  28.2845
310.8808  29.0845
310.5008  29.6145
310.2008  30.2845
310.1308  31.3245
310.1908  32.1845
310.7208  35.2545
310.5008  36.1245
309.9908  37.0145
308.7308  38.2245
307.2108  39.4045
306.1308  40.7345
304.5808  44.2645
318.4308  45.0445
321.1108  45.7145
323.5508  46.8845
324.3008  47.3745
335.9408  57.2645
337.1908  57.6845
337.8808  57.8045
339.3908  57.8445
342.5808  57.5945
343.9908  57.8045
344.6208  58.0045
345.8908  58.9745
351.5208  64.3545
353.4108  65.7545
354.8108  66.5545
357.0108  66.7945
358.2608  67.2045
361.4408  68.8745
363.3308  69.1845
364.1908  69.5145
365.1508  70.1245
366.6908  71.4245
368.5208  72.3745
369.1108  72.7845
369.5708  73.4345
369.9208  74.6845
370.1208  77.3345
370.4008  78.8445
372.2108  85.0145
372.5308  85.7645
373.0708  86.4145
374.0308  87.1045
374.7008  87.7145
375.2008  88.4845
375.5708  89.7245
375.8908  92.2545
376.0808  92.9445
376.1808  93.6445
376.1908  94.2945
376.1308  94.8145
376.0408  95.2145
375.7708  96.1245
375.7208  96.5145
376.0308  97.4945
378.2308 101.3145
379.7508 104.7345
382.7208 109.2545
383.1708 110.2545
383.4008 110.9245
384.0208 111.7145
384.9908 112.6145
387.1708 114.0445
388.4008 114.6445
389.4208 115.0045
394.4608 115.6545
396.8408 116.5945
397.5708 117.3745
398.3908 118.5945
399.7008 121.4245
400.5608 124.2145
400.6708 124.9845
400.8408 125.7145
402.0008 127.4345
406.2808 130.6745
408.4608 109.7545
408.4008 109.1445
408.1208 107.8045
407.9008 107.1345
406.7408 104.7545
406.5008 104.1145
406.3108 103.4245
405.2608  96.5845
405.5108  88.9545
405.8908  86.8345
406.1208  83.9945
405.7308  76.5145
405.2108  73.0445
404.9508  72.6245
404.7008  72.4145

Lavalleja
244
405.2008 189.4745
405.2008 189.4745
406.1408 189.5345
410.2208 191.2145
410.7208 191.5445
411.1808 191.9445
411.5608 192.4045
411.9108 192.9045
412.4508 194.0845
412.7508 195.4745
412.9708 196.1245
413.3208 196.6345
413.7808 197.0445
414.3408 197.3545
415.5008 197.8645
416.0408 198.1545
419.3608 200.7845
420.1608 201.1345
423.1608 201.8645
424.3308 201.9145
425.2808 201.8045
425.8608 201.5445
426.3308 201.1645
426.6608 200.6645
427.7008 198.3845
429.2308 195.7545
430.8208 194.0145
431.7108 193.2445
433.9008 191.9945
437.6108 190.4845
440.3108 188.7245
442.8508 187.4845
442.3608 186.9045
441.7708 186.4545
441.0508 186.0845
438.5908 185.6745
436.1808 185.6345
434.3608 184.8045
432.1608 177.1945
428.3008 173.6945
420.0608 168.8745
417.8708 166.4245
416.9108 164.5145
416.4508 161.9645
417.4208 154.9345
417.2608 153.8845
416.8108 152.5445
414.5408 148.7945
413.8808 147.9445
413.4808 147.1945
413.1108 146.1745
412.7708 144.1845
412.5808 140.4845
412.3208 139.0445
411.8908 138.2745
408.7708 134.6745
406.2808 130.6745
402.0008 127.4345
400.8408 125.7145
400.6708 124.9845
400.5608 124.2145
399.7008 121.4245
398.3908 118.5945
397.5708 117.3745
396.8408 116.5945
394.4608 115.6545
389.4208 115.0045
388.4008 114.6445
387.1708 114.0445
384.9908 112.6145
384.0208 111.7145
383.4008 110.9245
383.1708 110.2545
382.7208 109.2545
379.7508 104.7345
378.2308 101.3145
376.0308  97.4945
375.7208  96.5145
375.7708  96.1245
376.0408  95.2145
376.1308  94.8145
376.1908  94.2945
376.1808  93.6445
376.0808  92.9445
375.8908  92.2545
375.5708  89.7245
375.2008  88.4845
374.7008  87.7145
374.0308  87.1045
373.0708  86.4145
372.5308  85.7645
372.2108  85.0145
370.4008  78.8445
370.1208  77.3345
369.9208  74.6845
369.5708  73.4345
369.1108  72.7845
368.5208  72.3745
366.6908  71.4245
365.1508  70.1245
364.1908  69.5145
363.3308  69.1845
361.4408  68.8745
358.2608  67.2045
357.0108  66.7945
354.8108  66.5545
353.4108  65.7545
351.5208  64.3545
345.8908  58.9745
344.6208  58.0045
343.9908  57.8045
342.5808  57.5945
339.3908  57.8445
337.8808  57.8045
337.1908  57.6845
335.9408  57.2645
324.3008  47.3745
323.5508  46.8845
321.1108  45.7145
318.4308  45.0445
304.5808  44.2645
304.5908  47.7345
304.0208  49.5545
302.3308  52.7945
298.0908  57.9945
297.5308  58.9645
297.3008  59.4745
297.2108  62.1945
297.2808  63.2845
298.5108  69.4645
298.5908  70.2645
298.4408  71.3145
298.0508  72.4645
293.7808  80.4745
292.4108  84.5345
289.6208  95.7845
292.6108 100.0845
295.4808 103.1245
296.2008 104.1345
296.6508 105.0645
297.3308 107.3345
298.2008 109.4245
298.7508 110.4845
299.2608 111.2745
300.4708 112.6345
305.4408 116.9545
306.0908 117.7345
306.5408 118.4745
306.7408 119.1545
306.8608 119.8945
306.8908 120.5745
306.8508 121.5045
306.8408 121.5145
307.2308 123.0945
307.7408 123.9245
308.4408 124.8445
309.6308 126.1345
310.7208 127.7045
312.0008 131.0145
312.8608 132.5545
313.2608 133.0145
314.1808 133.8045
316.2208 135.1645
317.5008 136.3345
318.0708 137.2245
318.4008 138.1045
318.6708 142.1845
319.0708 143.4245
322.5708 151.4345
322.9108 152.9345
323.2108 156.1845
323.2208 156.9345
323.1708 157.6745
323.0308 158.3545
322.8208 158.9745
322.5508 159.5245
319.9708 163.6445
319.7008 164.1945
319.4708 164.7845
319.3508 165.6645
319.3808 166.7745
319.7508 168.7045
320.1508 169.6745
320.6208 170.3545
321.1108 170.7045
322.2908 171.1845
325.5308 172.0145
326.6908 172.5045
327.3308 172.9345
328.0308 173.5245
329.0208 174.5745
329.5308 175.3645
331.3608 180.4945
332.0408 181.9645
332.5508 182.8145
332.7808 183.1045
332.8608 183.1745
332.9008 183.2445
333.1808 183.5045
334.0408 184.1145
335.1108 184.7045
338.6208 185.9845
339.1808 186.3945
339.8208 187.0445
341.0508 188.5745
341.5608 189.6245
341.8708 190.6045
342.0008 192.2045
341.9008 194.4645
341.7708 195.1445
341.5608 195.7745
341.0208 196.8045
340.3608 197.7545
345.3708 200.7445
347.3708 201.6345
352.7108 202.5745
353.2508 202.6045
353.5608 202.4945
354.5408 201.9445
356.5608 201.3445
357.1308 201.0445
357.5808 200.6445
358.2708 200.2045
359.1708 199.8245
360.9508 199.5445
361.9708 199.6045
362.7808 199.8045
367.3808 202.1645
370.0008 203.1745
371.0208 203.2645
371.8008 203.1145
373.3608 202.5245
374.6708 202.2045
375.4808 201.8745
376.0708 201.4645
378.8908 198.4045
382.4208 196.0045
385.5108 195.1345
393.8508 193.7945
394.5208 193.5845
395.1308 193.3245
396.4708 192.1345
397.0208 191.8245
404.0008 189.6145

Florida
256
340.3608 197.7545
340.3608 197.7545
341.0208 196.8045
341.5608 195.7745
341.7708 195.1445
341.9008 194.4645
342.0008 192.2045
341.8708 190.6045
341.5608 189.6245
341.0508 188.5745
339.8208 187.0445
339.1808 186.3945
338.6208 185.9845
335.1108 184.7045
334.0408 184.1145
333.1808 183.5045
332.9008 183.2445
332.8608 183.1745
332.7808 183.1045
332.5508 182.8145
332.0408 181.9645
331.3608 180.4945
329.5308 175.3645
329.0208 174.5745
328.0308 173.5245
327.3308 172.9345
326.6908 172.5045
325.5308 172.0145
322.2908 171.1845
321.1108 170.7045
320.6208 170.3545
320.1508 169.6745
319.7508 168.7045
319.3808 166.7745
319.3508 165.6645
319.4708 164.7845
319.7008 164.1945
319.9708 163.6445
322.5508 159.5245
322.8208 158.9745
323.0308 158.3545
323.1708 157.6745
323.2208 156.9345
323.2108 156.1845
322.9108 152.9345
322.5708 151.4345
319.0708 143.4245
318.6708 142.1845
318.4008 138.1045
318.0708 137.2245
317.5008 136.3345
316.2208 135.1645
314.1808 133.8045
313.2608 133.0145
312.8608 132.5545
312.0008 131.0145
310.7208 127.7045
309.6308 126.1345
308.4408 124.8445
307.7408 123.9245
307.2308 123.0945
306.8408 121.5145
306.8508 121.5045
306.8908 120.5745
306.8608 119.8945
306.7408 119.1545
306.5408 118.4745
306.0908 117.7345
305.4408 116.9545
300.4708 112.6345
299.2608 111.2745
298.7508 110.4845
298.2008 109.4245
297.3308 107.3345
296.6508 105.0645
296.2008 104.1345
295.4808 103.1245
292.6108 100.0845
289.6208  95.7845
276.7808  93.9645
273.9508  93.0045
266.9808  88.7145
266.1008  88.3745
264.9308  88.0545
262.6108  87.7445
261.4208  87.7745
260.5808  87.9345
255.1608  90.6045
253.0408  91.2345
251.6708  91.3345
250.6808  91.2345
241.5108  85.1745
240.5408  84.3545
239.9108  83.6345
239.6308  83.0245
238.3108  79.0145
237.4108  77.2845
236.6308  76.3045
235.5808  75.8145
230.4808  74.6845
228.7608  74.5645
227.5708  74.6945
223.0408  77.2345
221.8708  77.6345
220.8508  77.8045
219.3508  77.8645
216.2808  77.6445
214.5608  77.2045
213.2308  76.6545
212.1908  76.0145
211.1508  74.1045
209.3608  67.7945
208.6008  69.3945
208.0808  70.1445
202.4308  76.2745
202.1908  76.8845
202.2008  77.6645
202.6308  78.7245
203.1108  79.3545
203.6708  79.7445
205.6408  80.8145
206.1008  81.2145
206.4708  81.6945
206.7608  82.2745
206.9808  83.4545
207.4308  91.6645
207.3208  92.8645
206.8208  94.7145
204.9408  99.4945
204.7708 100.1445
204.7508 100.8945
205.0108 101.8345
205.3108 102.5445
207.5408 106.4945
207.7808 107.1445
207.9408 108.1845
208.0008 109.5445
207.5808 114.6545
204.4708 129.5645
203.0708 133.5945
204.3208 134.6245
205.1808 135.5345
205.5408 136.0245
205.8608 136.5645
206.1508 137.1545
206.3808 137.8045
206.5808 138.5145
206.6908 139.3145
207.2608 150.8245
207.0308 151.9245
206.5908 153.2345
204.8208 156.7145
203.2908 159.0645
197.4408 180.5345
195.8508 183.7745
203.9608 183.5845
204.7908 183.7945
205.7408 184.2245
207.0708 185.3045
207.6408 186.1345
207.8908 186.9845
207.8308 190.0645
207.4808 192.9645
207.4508 193.7245
207.5008 194.4445
207.8008 195.0345
208.3408 195.3345
209.3708 195.1345
209.9808 194.7445
210.8708 193.8345
211.3308 193.4445
212.8808 192.4045
214.0908 191.8645
214.7808 191.6745
215.5308 191.5945
220.3108 192.1345
221.1108 192.1445
221.7808 191.9645
222.2808 191.6145
222.6808 191.1745
223.0008 190.6545
223.2408 190.0845
224.0108 187.6045
224.2908 187.0645
224.6508 186.5745
225.1008 186.1845
225.6708 185.8745
226.3308 185.6445
227.0608 185.5245
232.8808 185.9845
235.7308 185.6545
240.7308 184.1345
241.5108 184.2045
242.2708 184.5145
243.2508 185.4145
245.3808 187.0145
245.9708 187.7045
246.3008 188.4545
246.5608 189.8645
246.8108 190.5345
247.3608 191.0045
248.3108 191.3845
251.7808 191.6845
257.1608 192.7545
257.9108 192.7745
258.6608 192.6945
259.3108 192.5045
260.9908 191.5645
261.6208 191.3345
262.3208 191.1745
263.8008 191.0845
264.5608 191.1945
268.0008 192.2845
274.3008 195.1745
277.0008 196.9345
277.9808 197.7945
278.6408 198.5445
278.9908 199.0545
279.5008 199.5445
280.2308 199.8845
281.4808 200.0545
282.4108 200.0145
286.2108 199.3345
286.9608 199.3545
289.2908 200.2945
308.8808 211.4345
310.9108 214.0745
311.7808 214.9745
317.3708 217.8645
319.7008 219.4045
321.9608 220.5245
322.8808 220.4745
323.5708 220.2545
325.2608 219.3345
325.9208 219.1445
326.6508 219.0845
327.7708 219.6245
329.1608 220.6245
334.8008 226.0245
336.5408 227.2245
341.7508 230.0945
342.6908 223.4245
342.7908 219.1845
343.8008 213.6445
343.6408 212.4445
343.2608 210.8845
342.1108 207.9445
341.3608 206.6845
340.6708 205.8545
339.1508 204.8245
338.7508 204.3745
338.3908 203.8545
338.1008 203.2145
337.9208 202.4345
338.0708 201.1745
338.3108 200.3545

Canelones
160
304.5808  44.2645
304.5808  44.2645
306.1308  40.7345
307.2108  39.4045
308.7308  38.2245
309.9908  37.0145
310.5008  36.1245
310.7208  35.2545
310.1908  32.1845
310.1308  31.3245
310.2008  30.2845
310.5008  29.6145
310.8808  29.0845
311.6408  28.2845
313.6608  25.2845
314.5308  23.5945
314.7208  22.6445
314.7908  21.6845
314.4708  21.8545
311.9108  22.0445
305.1008  22.6145
300.8508  22.1545
295.5708  23.5545
291.4008  25.4845
286.7908  24.4045
281.9908  26.4445
275.5208  24.2045
271.8808  25.2745
265.0308  22.9045
261.9208  21.6045
255.2208  17.1145
250.1208  13.4045
246.6008  11.3145
245.8508  12.4645
245.4808  13.7045
245.1308  16.0445
245.1208  18.4245
245.2108  19.2245
245.3408  19.9045
246.4208  22.4745
246.8208  23.8345
246.8608  24.5945
246.5508  25.1945
245.9308  25.5545
244.5608  25.4945
243.7008  25.2845
242.8408  25.2045
242.1008  25.3545
241.2308  26.0445
240.8008  26.6445
240.4908  27.1745
240.2708  27.4345
239.8308  27.7345
239.2508  27.9545
238.7008  28.2945
238.2308  28.6845
237.6308  29.8245
237.4008  30.3945
236.9508  31.2545
236.3808  31.4245
235.4408  31.4445
233.4008  30.7845
232.4208  30.2245
231.7408  29.5945
231.0308  28.5045
230.6408  28.0145
230.2108  27.5845
229.7308  27.2145
229.1908  26.9245
228.1208  26.5145
227.5508  26.5945
226.6808  26.8245
225.2308  27.6145
224.5808  28.0845
224.1308  28.5545
222.9308  30.6145
222.5708  31.0945
221.7508  31.9945
221.1708  32.3645
220.4308  32.6545
219.3208  32.8345
218.4408  32.8545
216.5708  32.2945
213.1808  30.2745
212.4308  31.5045
210.8708  33.3745
207.1908  36.6145
203.8708  38.5745
203.3908  38.9645
203.0408  39.6145
202.8308  40.5145
202.6808  43.9345
202.1208  47.4145
202.2408  48.2645
202.5608  49.1045
203.3008  50.0545
203.9708  50.5245
205.2008  51.1245
205.6908  51.4645
206.1408  51.8645
206.5208  52.3545
207.2008  53.4445
207.9708  54.4145
209.7008  56.0845
209.9308  56.8645
209.9208  57.8645
209.4408  59.5545
209.0608  60.4045
208.7108  61.0145
208.6408  61.5545
208.6508  62.4645
209.3108  65.4545
209.3608  67.7945
211.1508  74.1045
212.1908  76.0145
213.2308  76.6545
214.5608  77.2045
216.2808  77.6445
219.3508  77.8645
220.8508  77.8045
221.8708  77.6345
223.0408  77.2345
227.5708  74.6945
228.7608  74.5645
230.4808  74.6845
235.5808  75.8145
236.6308  76.3045
237.4108  77.2845
238.3108  79.0145
239.6308  83.0245
239.9108  83.6345
240.5408  84.3545
241.5108  85.1745
250.6808  91.2345
251.6708  91.3345
253.0408  91.2345
255.1608  90.6045
260.5808  87.9345
261.4208  87.7745
262.6108  87.7445
264.9308  88.0545
266.1008  88.3745
266.9808  88.7145
273.9508  93.0045
276.7808  93.9645
289.6208  95.7845
292.4108  84.5345
293.7808  80.4745
298.0508  72.4645
298.4408  71.3145
298.5908  70.2645
298.5108  69.4645
297.2808  63.2845
297.2108  62.1945
297.3008  59.4745
297.5308  58.9645
298.0908  57.9945
302.3308  52.7945
304.0208  49.5545
304.5908  47.7345

Treinta_y_Tres
249
472.7808 273.1645
472.7808 273.1645
489.9008 274.5345
493.5608 273.8545
496.0208 273.7545
507.0608 275.0845
507.5708 274.9545
508.0408 274.7145
508.5108 274.3645
508.9208 273.9245
509.6208 272.9645
510.3108 272.6345
511.3408 272.4645
513.2908 272.5945
514.4108 272.5045
515.2008 272.2645
516.5508 271.0945
517.2008 270.7345
518.0208 270.4645
519.3608 270.2945
520.2508 270.3545
521.0708 270.6245
522.7608 271.6545
523.7908 271.8645
524.6208 271.9445
527.1808 271.6345
539.5408 269.0345
539.5908 269.0245
537.4408 266.2745
530.5708 261.2245
527.6908 258.1245
526.8508 255.9145
526.5908 251.3745
525.9008 249.1345
524.7708 247.7945
512.2708 239.4245
508.7608 236.3345
505.8708 232.4245
505.8608 232.4145
505.8608 232.3945
504.9308 229.2645
504.8608 229.2545
495.1408 226.9745
487.6708 223.7445
479.5008 221.3845
478.9308 220.8745
477.8408 219.5445
477.3508 218.1345
477.0408 216.7245
476.5008 215.4245
475.4208 214.2845
472.9608 213.2145
471.5608 212.3845
469.7108 210.3545
466.4908 205.8345
464.0908 204.2345
460.5908 203.2145
459.5008 202.1445
456.9008 196.6945
454.8308 194.2645
452.4108 192.2645
449.9108 190.7445
444.5008 189.3645
443.2908 188.2445
442.8508 187.4845
440.3108 188.7245
437.6108 190.4845
433.9008 191.9945
431.7108 193.2445
430.8208 194.0145
429.2308 195.7545
427.7008 198.3845
426.6608 200.6645
426.3308 201.1645
425.8608 201.5445
425.2808 201.8045
424.3308 201.9145
423.1608 201.8645
420.1608 201.1345
419.3608 200.7845
416.0408 198.1545
415.5008 197.8645
414.3408 197.3545
413.7808 197.0445
413.3208 196.6345
412.9708 196.1245
412.7508 195.4745
412.4508 194.0845
411.9108 192.9045
411.5608 192.4045
411.1808 191.9445
410.7208 191.5445
410.2208 191.2145
406.1408 189.5345
405.2008 189.4745
404.0008 189.6145
397.0208 191.8245
396.4708 192.1345
395.1308 193.3245
394.5208 193.5845
393.8508 193.7945
385.5108 195.1345
382.4208 196.0045
378.8908 198.4045
376.0708 201.4645
375.4808 201.8745
374.6708 202.2045
373.3608 202.5245
371.8008 203.1145
371.0208 203.2645
370.0008 203.1745
367.3808 202.1645
362.7808 199.8045
361.9708 199.6045
360.9508 199.5445
359.1708 199.8245
358.2708 200.2045
357.5808 200.6445
357.1308 201.0445
356.5608 201.3445
354.5408 201.9445
353.5608 202.4945
353.2508 202.6045
352.7108 202.5745
347.3708 201.6345
345.3708 200.7445
340.3608 197.7545
338.3108 200.3545
338.0708 201.1745
337.9208 202.4345
338.1008 203.2145
338.3908 203.8545
338.7508 204.3745
339.1508 204.8245
340.6708 205.8545
341.3608 206.6845
342.1108 207.9445
343.2608 210.8845
343.6408 212.4445
343.8008 213.6445
342.7908 219.1845
342.6908 223.4245
341.7508 230.0945
342.5608 232.6745
343.4408 233.7745
349.1908 237.5145
350.1008 238.2945
350.8308 239.1145
351.1608 239.6045
352.1208 241.5145
352.1408 243.7345
351.9808 244.5745
350.4908 247.1745
350.2708 248.2145
350.3408 249.1045
350.7008 249.8445
351.2308 250.7145
351.8708 251.4745
352.4108 251.9045
354.6908 253.2345
355.3208 253.7245
356.1308 254.5645
357.3408 255.4445
360.8508 256.8745
361.3808 257.1845
362.2708 257.9545
363.8608 259.7345
365.6208 261.2545
371.6508 264.3545
372.9508 264.6845
375.8408 264.9845
379.1608 264.9545
380.7908 265.3045
385.5508 267.2745
386.4808 267.4345
387.8608 267.3945
389.2608 267.0645
391.1208 266.3145
391.9708 266.1745
392.9608 266.1345
394.5208 266.4445
395.3508 266.8045
395.9508 267.2945
396.6708 268.2745
397.3808 269.5045
397.9008 270.2045
398.4708 270.5045
399.1108 270.5045
399.8708 270.3245
400.7808 270.2245
402.2608 270.4645
403.0308 270.8645
403.5708 271.3745
403.8308 271.9745
404.3508 273.5445
404.9508 274.5445
405.6108 274.9045
406.3508 274.9745
407.8008 274.7545
413.5508 275.1445
415.6808 275.8145
420.7708 278.6945
422.2908 279.3145
423.3108 279.4145
423.8008 279.0545
424.6608 278.2345
425.1408 277.8745
425.7108 277.5945
426.3708 277.3945
430.2608 276.8745
432.3708 276.1545
435.2408 275.8145
435.8408 275.5445
436.8208 274.8445
437.3508 274.5245
438.0308 274.3345
438.7608 274.2245
439.5308 274.1945
441.7008 274.3545
442.3908 274.3245
443.0108 274.1345
443.5708 273.8645
449.1308 270.0645
449.5908 269.6745
450.2708 269.3545
451.1008 269.1445
452.5208 269.2445
453.1108 269.7245
453.3608 270.3745
453.2108 271.0045
452.9508 271.5845
452.3508 272.6345
452.1108 273.1945
451.9808 273.7845
452.0708 274.4145
452.3608 274.9445
452.7308 275.4045
454.9508 277.3845
455.6208 278.1845
456.1408 278.6045
458.9908 280.2645
460.1608 280.5545
461.0908 280.5945
461.7208 280.3445
462.7808 279.7245
469.2908 274.4045
470.3508 273.7345
470.9308 273.4545
471.7508 273.2645

Tacuarembó
285
291.3208 389.6645
291.3208 389.6645
292.0308 389.6945
292.6908 389.8145
294.3708 390.5345
295.0408 390.6545
295.7908 390.6345
298.6108 389.9745
301.4708 389.6345
310.4508 390.2545
313.0108 390.8945
314.5108 390.9745
317.4808 390.6545
327.4908 388.1345
333.8308 387.6245
338.0608 388.1145
341.2508 387.9745
342.8408 387.6345
346.7408 385.8645
348.8108 385.1845
356.7008 384.4845
357.9508 384.1945
362.4108 382.5345
364.7208 381.3445
365.1608 380.9645
365.5508 380.5345
367.5908 377.6245
367.9908 377.1945
370.7808 374.9445
372.3208 373.1945
374.1008 370.0345
378.3708 365.1245
380.0508 362.6845
383.8308 358.9445
385.1308 356.9545
386.3908 354.1545
387.0708 353.0245
388.5908 351.3545
386.3808 350.7445
384.8508 350.5645
380.7308 353.0245
378.2108 353.8945
377.0908 352.6345
376.7708 349.8445
375.9508 348.2045
373.5808 345.5245
372.7208 343.7445
372.3408 342.5345
372.1808 341.3845
372.5408 340.0645
373.2208 338.7245
373.6408 337.3645
373.2308 336.0345
371.7808 333.5945
369.6008 328.6045
367.9108 326.3945
366.9108 325.6645
364.7608 324.6445
363.7108 323.9145
362.7708 322.6545
362.0608 321.2845
361.2108 320.2045
357.5608 319.1045
355.9908 317.5045
353.9108 313.9545
351.7408 311.4745
349.0408 309.3845
345.8808 307.9245
342.2808 307.3845
338.7808 308.1245
332.1008 310.7845
328.5608 310.5645
319.4508 306.3145
316.2708 305.7245
315.4508 305.8945
315.0008 306.3345
314.5808 306.8745
310.9808 308.9745
310.2408 309.1045
309.6308 309.0045
309.0008 309.0945
308.2408 309.8045
307.8408 310.4645
307.6408 311.1145
307.4808 313.0445
307.4708 313.0445
306.5608 313.8945
304.7808 314.4045
303.1708 313.5745
302.2408 312.2945
302.0008 310.6045
301.4708 308.8245
301.0608 306.7845
299.6908 305.1845
297.5508 304.5045
295.2308 304.2845
292.6008 304.5645
290.2608 305.1845
288.0708 306.1445
286.4408 305.9545
285.1408 304.2445
283.7808 300.7245
282.1108 299.9145
280.2308 299.7645
278.5508 300.9645
276.3508 302.8645
274.3408 303.0745
273.1608 302.4245
272.9408 300.9645
273.7708 298.7245
273.8308 297.0345
272.8308 295.9145
272.3008 294.4645
271.8008 292.4245
270.1408 290.8345
267.9408 289.2845
265.1708 290.2245
262.6708 293.0745
260.4608 292.9545
258.0208 291.6245
256.2508 289.6245
254.8108 287.3445
251.9308 284.4745
249.1208 281.2145
245.5508 280.5545
241.9408 280.3245
237.6608 278.7345
233.1508 278.0445
231.8008 275.5445
229.9108 272.9645
228.1008 269.7945
227.4708 266.2045
224.1608 266.0145
220.2308 266.1845
216.7708 266.9245
213.4408 267.2045
210.6208 264.9345
209.8908 263.7245
208.8108 261.5545
206.5808 261.7545
204.3708 264.0145
202.2508 265.2545
199.6408 265.4645
197.0308 265.1045
195.2608 265.1645
193.2108 265.1045
190.7208 264.6645
189.0008 263.8745
187.0408 262.3845
185.1808 261.9045
182.1208 263.7245
183.0308 267.3745
184.8108 271.0145
185.8308 275.1045
185.5708 277.5245
185.5708 279.0345
185.9508 281.3045
186.9708 283.1245
189.0108 285.5445
189.4408 287.3445
192.6808 300.9345
193.1508 306.4845
198.6208 323.0045
200.3508 325.6745
203.3708 328.4645
207.1908 331.2645
210.6308 334.4945
213.7308 338.1345
214.4808 340.2645
217.4308 353.7445
217.9208 355.1645
219.1008 357.3145
219.6308 358.5345
220.3108 361.0645
220.7408 366.1945
220.7508 366.2145
220.8108 367.0545
220.7708 372.2045
221.0108 373.4245
221.3408 374.2845
221.8008 374.6545
222.3208 374.9545
223.4108 375.3445
224.2808 375.4945
224.7308 375.6445
225.1008 376.0045
225.3408 376.6045
225.4208 377.4645
225.2008 378.2245
224.8208 378.9545
222.3708 382.0245
222.0708 382.7545
221.8208 383.7245
221.7108 386.5545
221.8708 389.1845
221.8308 389.9745
221.3908 391.1645
220.9008 392.2245
217.5408 396.2745
217.7308 399.6045
217.5308 401.2645
217.1708 402.5045
216.9308 403.8245
216.6208 408.9545
216.3908 410.3045
215.9908 411.4845
215.4008 412.5345
214.7008 413.4845
214.4208 414.0045
214.2208 414.5545
214.5108 415.7945
217.5508 424.2345
218.0408 425.0845
221.3808 428.3045
221.8508 429.0045
223.5908 432.6745
224.1308 433.4445
224.8608 433.9145
226.7708 434.5945
227.3108 434.8645
227.9408 435.3845
228.6008 436.1145
229.6108 437.5145
230.8608 438.8145
231.3408 439.1545
231.7208 439.9745
232.0308 441.1645
232.8008 445.7245
233.7308 447.7945
234.3308 450.0445
236.7808 453.8345
238.0808 455.0345
239.8108 455.7245
240.5208 455.8745
242.4608 455.8645
243.9608 455.4745
244.5208 455.1845
252.9108 448.4745
257.8108 445.6945
265.2308 442.5645
266.9608 441.2245
267.4908 440.6645
267.9008 440.1145
268.9608 437.9445
269.3808 436.7645
269.5408 436.1345
269.6308 434.6645
269.4708 432.3645
269.5508 431.6845
271.1008 427.0045
271.3008 426.5845
271.3408 426.5245
271.6908 425.7545
271.9808 425.2745
272.4208 424.7345
275.8608 421.5245
276.6108 420.9845
277.3308 420.6245
280.7108 419.5245
282.6708 418.6645
283.6108 418.0645
284.2808 417.5045
284.8508 416.4745
285.2808 415.2645
286.2008 411.3545
286.6308 410.1845
286.7808 409.5445
286.7608 408.8145
286.6408 408.1045
285.7908 405.5345
285.4508 404.1045
285.3308 402.5345
285.3708 401.7945
285.5108 401.1445
285.7608 400.5945
286.3708 399.5745
286.6008 399.0245
286.7008 398.3845
286.4708 396.2145
286.5208 395.5145
286.9508 394.3345
287.9008 392.5645
289.0008 390.9245
289.7908 390.1745
290.5908 389.7645

Rivera
210
344.1908 447.3845
344.1908 447.3845
345.5308 448.1345
346.8708 450.0145
348.8008 453.8945
350.1308 454.3445
351.9608 452.0645
353.6208 449.1845
356.2608 445.6945
359.2208 442.7145
363.3808 440.7445
364.6608 439.4045
365.8508 437.8245
367.1608 436.4645
368.5508 435.5745
371.6408 434.3445
388.6308 431.8845
392.1708 431.8945
393.7208 431.3945
395.0608 430.0445
396.8708 426.2645
398.0508 424.6445
403.4508 420.2645
404.9608 418.6645
406.1708 416.4545
406.6008 414.3445
406.7708 409.4445
407.8108 406.7745
407.7708 406.7345
407.2708 406.0745
405.8708 403.1945
405.5508 402.7045
404.8208 402.2345
403.8308 401.1145
402.9108 399.7545
402.3708 398.5945
402.2508 395.6845
404.0408 390.3445
404.5308 387.4245
404.0208 385.2745
401.5508 379.1845
400.1308 376.5645
398.8708 373.0245
395.3608 367.9945
396.9808 366.6745
398.6808 366.4045
399.9708 365.8945
400.3308 363.8745
399.7008 362.3345
397.0908 360.2945
396.0608 358.8345
397.1008 356.9245
396.7508 354.7545
395.2708 352.9545
392.9108 352.2245
390.7608 351.9345
388.5908 351.3545
387.0708 353.0245
386.3908 354.1545
385.1308 356.9545
383.8308 358.9445
380.0508 362.6845
378.3708 365.1245
374.1008 370.0345
372.3208 373.1945
370.7808 374.9445
367.9908 377.1945
367.5908 377.6245
365.5508 380.5345
365.1608 380.9645
364.7208 381.3445
362.4108 382.5345
357.9508 384.1945
356.7008 384.4845
348.8108 385.1845
346.7408 385.8645
342.8408 387.6345
341.2508 387.9745
338.0608 388.1145
333.8308 387.6245
327.4908 388.1345
317.4808 390.6545
314.5108 390.9745
313.0108 390.8945
310.4508 390.2545
301.4708 389.6345
298.6108 389.9745
295.7908 390.6345
295.0408 390.6545
294.3708 390.5345
292.6908 389.8145
292.0308 389.6945
291.3208 389.6645
290.5908 389.7645
289.7908 390.1745
289.0008 390.9245
287.9008 392.5645
286.9508 394.3345
286.5208 395.5145
286.4708 396.2145
286.7008 398.3845
286.6008 399.0245
286.3708 399.5745
285.7608 400.5945
285.5108 401.1445
285.3708 401.7945
285.3308 402.5345
285.4508 404.1045
285.7908 405.5345
286.6408 408.1045
286.7608 408.8145
286.7808 409.5445
286.6308 410.1845
286.2008 411.3545
285.2808 415.2645
284.8508 416.4745
284.2808 417.5045
283.6108 418.0645
282.6708 418.6645
280.7108 419.5245
277.3308 420.6245
276.6108 420.9845
275.8608 421.5245
272.4208 424.7345
271.9808 425.2745
271.6908 425.7545
271.3408 426.5245
271.3008 426.5845
271.1008 427.0045
269.5508 431.6845
269.4708 432.3645
269.6308 434.6645
269.5408 436.1345
269.3808 436.7645
268.9608 437.9445
267.9008 440.1145
267.4908 440.6645
266.9608 441.2245
265.2308 442.5645
257.8108 445.6945
252.9108 448.4745
244.5208 455.1845
243.9608 455.4745
242.4608 455.8645
240.5208 455.8745
239.8108 455.7245
238.0808 455.0345
236.7808 453.8345
234.3308 450.0445
233.4308 451.2545
231.8408 452.9945
231.4608 453.6245
231.2308 454.3445
231.2608 455.0745
231.3708 455.7645
231.7908 456.6045
232.5308 457.5445
233.9808 458.5445
235.3508 459.2145
242.4708 461.3045
243.7708 462.0945
244.8208 463.0945
246.0908 465.6045
246.7908 467.3545
249.5308 476.7545
252.0608 477.1245
258.8208 476.6945
262.0108 477.3545
264.4708 477.3745
265.4608 477.6345
266.2808 478.2645
266.7408 478.9145
267.1208 479.6045
267.7308 480.3745
273.3008 484.1245
274.8008 485.5545
275.6308 487.4145
276.7208 491.5245
278.0508 493.1045
280.0108 493.3345
282.5208 492.8145
284.8308 492.6345
286.1708 493.8745
286.3408 496.1445
285.9808 501.0745
286.4908 503.2045
288.0908 504.7945
290.2608 505.3045
292.4208 504.7045
295.2908 501.3445
299.0208 499.1845
300.6808 497.8045
302.9608 494.9845
307.7308 490.6945
315.3308 482.0945
316.8408 479.8245
317.3908 477.8645
317.7508 473.5745
318.4608 471.5145
319.6008 470.4045
323.0108 468.1645
324.1908 466.3145
325.5708 461.3345
326.4708 459.1645
328.0708 457.2545
329.8008 456.1845
333.8308 454.6245
335.7408 453.4345
340.6008 448.9745
342.6308 447.6845

Durazno
304
307.4708 313.0445
307.4708 313.0445
307.4808 313.0445
307.6408 311.1145
307.8408 310.4645
308.2408 309.8045
309.0008 309.0945
309.6308 309.0045
310.2408 309.1045
310.9808 308.9745
314.5808 306.8745
315.0008 306.3345
315.4508 305.8945
316.2708 305.7245
319.4508 306.3145
321.5408 302.3345
322.0108 299.6845
322.0608 298.2145
321.9608 296.7045
320.4908 290.3045
319.1108 286.4645
318.7408 285.1245
318.7208 283.6545
318.9008 282.9445
321.5408 276.7545
321.6808 276.0145
321.6708 275.3145
321.4908 274.6645
321.1208 274.2045
320.5708 273.9545
319.2208 273.6945
318.6708 273.4245
318.2208 273.0345
317.9408 272.4945
317.7708 271.8645
317.9508 270.9545
318.4208 269.9445
320.1408 267.3345
320.5408 266.5245
320.7008 265.8945
320.7608 265.1945
320.6008 262.8745
320.0208 259.9845
319.9908 259.2345
320.2308 257.9145
320.7408 256.5945
321.8708 254.6245
323.8008 252.3745
325.1508 251.1845
334.9208 244.8845
335.1908 244.5845
335.2108 244.5545
335.2308 244.5245
336.3808 242.8345
336.7808 242.4045
337.8608 242.1145
339.4808 241.9845
346.8408 242.2845
352.1208 241.5145
351.1608 239.6045
350.8308 239.1145
350.1008 238.2945
349.1908 237.5145
343.4408 233.7745
342.5608 232.6745
341.7508 230.0945
336.5408 227.2245
334.8008 226.0245
329.1608 220.6245
327.7708 219.6245
326.6508 219.0845
325.9208 219.1445
325.2608 219.3345
323.5708 220.2545
322.8808 220.4745
321.9608 220.5245
319.7008 219.4045
317.3708 217.8645
311.7808 214.9745
310.9108 214.0745
308.8808 211.4345
289.2908 200.2945
286.9608 199.3545
286.2108 199.3345
282.4108 200.0145
281.4808 200.0545
280.2308 199.8845
279.5008 199.5445
278.9908 199.0545
278.6408 198.5445
277.9808 197.7945
277.0008 196.9345
274.3008 195.1745
268.0008 192.2845
264.5608 191.1945
263.8008 191.0845
262.3208 191.1745
261.6208 191.3345
260.9908 191.5645
259.3108 192.5045
258.6608 192.6945
257.9108 192.7745
257.1608 192.7545
251.7808 191.6845
248.3108 191.3845
247.3608 191.0045
246.8108 190.5345
246.5608 189.8645
246.3008 188.4545
245.9708 187.7045
245.3808 187.0145
243.2508 185.4145
242.2708 184.5145
241.5108 184.2045
240.7308 184.1345
235.7308 185.6545
232.8808 185.9845
227.0608 185.5245
226.3308 185.6445
225.6708 185.8745
225.1008 186.1845
224.6508 186.5745
224.2908 187.0645
224.0108 187.6045
223.2408 190.0845
223.0008 190.6545
222.6808 191.1745
222.2808 191.6145
221.7808 191.9645
221.1108 192.1445
220.3108 192.1345
215.5308 191.5945
214.7808 191.6745
214.0908 191.8645
212.8808 192.4045
211.3308 193.4445
210.8708 193.8345
209.9808 194.7445
209.3708 195.1345
208.3408 195.3345
207.8008 195.0345
207.5008 194.4445
207.4508 193.7245
207.4808 192.9645
207.8308 190.0645
207.8908 186.9845
207.6408 186.1345
207.0708 185.3045
205.7408 184.2245
204.7908 183.7945
203.9608 183.5845
195.8508 183.7745
193.9008 186.0845
193.2208 187.5345
193.1208 188.2245
192.9408 191.1945
192.8408 191.8745
192.5008 193.0145
192.1808 193.7045
191.6208 194.5745
190.9508 195.3545
190.4808 196.0045
184.1408 203.0045
182.1108 206.7545
181.7508 207.2245
180.6608 207.9045
174.9708 210.1445
171.5608 210.9745
167.5608 211.1645
166.6608 211.4745
165.7208 211.9745
164.4708 213.1445
163.9208 213.9745
163.6108 214.7845
163.3108 216.8845
162.9008 218.1045
162.3308 219.1645
161.5608 220.0845
161.1008 220.4745
159.9108 220.9645
153.9908 222.3645
150.5908 222.7845
145.0408 221.9945
143.9208 222.2745
139.7308 224.6845
134.8908 229.4945
134.8908 230.2245
134.3208 233.8945
134.5708 235.3545
132.3408 236.2645
131.3608 235.7945
130.2908 235.8845
129.5708 236.5845
129.6108 237.9345
130.1308 238.4745
131.9308 238.7545
132.7308 239.2245
134.0608 240.6645
135.7808 242.1445
137.6408 243.3145
139.4108 243.7845
141.3108 243.3845
145.4908 241.6045
147.5008 241.2045
149.8308 241.2045
151.1008 241.4545
151.1108 242.3045
149.6308 244.1645
149.4508 245.3545
151.1808 245.7745
153.4408 245.9045
154.8908 246.2145
154.8008 246.7845
154.3808 247.7345
154.4008 248.7645
155.5908 249.6345
156.6508 249.5945
157.5208 248.9945
158.2208 248.2945
158.7708 247.9645
160.4608 246.4345
161.4608 246.1145
161.8908 247.5045
161.3908 249.7945
161.3208 251.0145
161.8908 252.1345
163.6508 252.6245
165.5808 252.2845
166.9008 252.7045
166.8608 254.6445
166.8508 255.4645
167.9908 258.1245
168.8908 259.0945
170.2808 260.4045
172.0808 261.2045
175.1208 261.3145
177.1408 262.2345
178.3008 263.7245
180.1708 264.3645
182.1208 263.7245
185.1808 261.9045
187.0408 262.3845
189.0008 263.8745
190.7208 264.6645
193.2108 265.1045
195.2608 265.1645
197.0308 265.1045
199.6408 265.4645
202.2508 265.2545
204.3708 264.0145
206.5808 261.7545
208.8108 261.5545
209.8908 263.7245
210.6208 264.9345
213.4408 267.2045
216.7708 266.9245
220.2308 266.1845
224.1608 266.0145
227.4708 266.2045
228.1008 269.7945
229.9108 272.9645
231.8008 275.5445
233.1508 278.0445
237.6608 278.7345
241.9408 280.3245
245.5508 280.5545
249.1208 281.2145
251.9308 284.4745
254.8108 287.3445
256.2508 289.6245
258.0208 291.6245
260.4608 292.9545
262.6708 293.0745
265.1708 290.2245
267.9408 289.2845
270.1408 290.8345
271.8008 292.4245
272.3008 294.4645
272.8308 295.9145
273.8308 297.0345
273.7708 298.7245
272.9408 300.9645
273.1608 302.4245
274.3408 303.0745
276.3508 302.8645
278.5508 300.9645
280.2308 299.7645
282.1108 299.9145
283.7808 300.7245
285.1408 304.2445
286.4408 305.9545
288.0708 306.1445
290.2608 305.1845
292.6008 304.5645
295.2308 304.2845
297.5508 304.5045
299.6908 305.1845
301.0608 306.7845
301.4708 308.8245
302.0008 310.6045
302.2408 312.2945
303.1708 313.5745
304.7808 314.4045
306.5608 313.8945

Cerro_Largo
297
440.7408 377.1245
440.7408 377.1245
441.8908 377.2345
442.8708 378.5045
444.7408 380.2645
446.6708 380.9645
448.6908 380.7445
450.6408 379.8745
452.4008 378.5545
453.0108 377.7345
453.9308 375.9545
454.8508 375.1145
455.8608 374.7245
459.2408 374.3945
461.0108 373.8545
462.4808 373.1745
465.4108 371.1545
466.6108 369.8445
467.0608 368.6045
467.3108 367.3745
467.9108 366.0745
468.9708 364.8445
470.3108 363.6645
473.1508 361.8145
479.1608 360.5345
480.6508 359.5645
481.2608 357.9045
481.4008 353.6345
484.3308 346.5545
489.5508 338.8045
490.7808 335.4145
491.4708 331.2945
491.8008 325.1845
492.2908 323.1245
493.2208 321.5245
495.8408 319.2045
496.9008 317.7345
498.6408 314.5945
500.7608 311.7045
503.1908 309.1945
509.6508 304.5645
515.7108 297.7645
521.5108 295.7945
525.9308 293.0645
527.6608 292.5245
530.9708 292.4945
534.3708 290.3945
537.6808 288.8645
539.2608 287.7045
546.0608 280.3045
546.9808 278.4745
546.6508 276.2645
545.3408 274.5245
541.6208 271.6045
539.5908 269.0245
539.5408 269.0345
527.1808 271.6345
524.6208 271.9445
523.7908 271.8645
522.7608 271.6545
521.0708 270.6245
520.2508 270.3545
519.3608 270.2945
518.0208 270.4645
517.2008 270.7345
516.5508 271.0945
515.2008 272.2645
514.4108 272.5045
513.2908 272.5945
511.3408 272.4645
510.3108 272.6345
509.6208 272.9645
508.9208 273.9245
508.5108 274.3645
508.0408 274.7145
507.5708 274.9545
507.0608 275.0845
496.0208 273.7545
493.5608 273.8545
489.9008 274.5345
472.7808 273.1645
471.7508 273.2645
470.9308 273.4545
470.3508 273.7345
469.2908 274.4045
462.7808 279.7245
461.7208 280.3445
461.0908 280.5945
460.1608 280.5545
458.9908 280.2645
456.1408 278.6045
455.6208 278.1845
454.9508 277.3845
452.7308 275.4045
452.3608 274.9445
452.0708 274.4145
451.9808 273.7845
452.1108 273.1945
452.3508 272.6345
452.9508 271.5845
453.2108 271.0045
453.3608 270.3745
453.1108 269.7245
452.5208 269.2445
451.1008 269.1445
450.2708 269.3545
449.5908 269.6745
449.1308 270.0645
443.5708 273.8645
443.0108 274.1345
442.3908 274.3245
441.7008 274.3545
439.5308 274.1945
438.7608 274.2245
438.0308 274.3345
437.3508 274.5245
436.8208 274.8445
435.8408 275.5445
435.2408 275.8145
432.3708 276.1545
430.2608 276.8745
426.3708 277.3945
425.7108 277.5945
425.1408 277.8745
424.6608 278.2345
423.8008 279.0545
423.3108 279.4145
422.2908 279.3145
420.7708 278.6945
415.6808 275.8145
413.5508 275.1445
407.8008 274.7545
406.3508 274.9745
405.6108 274.9045
404.9508 274.5445
404.3508 273.5445
403.8308 271.9745
403.5708 271.3745
403.0308 270.8645
402.2608 270.4645
400.7808 270.2245
399.8708 270.3245
399.1108 270.5045
398.4708 270.5045
397.9008 270.2045
397.3808 269.5045
396.6708 268.2745
395.9508 267.2945
395.3508 266.8045
394.5208 266.4445
392.9608 266.1345
391.9708 266.1745
391.1208 266.3145
389.2608 267.0645
387.8608 267.3945
386.4808 267.4345
385.5508 267.2745
380.7908 265.3045
379.1608 264.9545
375.8408 264.9845
372.9508 264.6845
371.6508 264.3545
365.6208 261.2545
363.8608 259.7345
362.2708 257.9545
361.3808 257.1845
360.8508 256.8745
357.3408 255.4445
356.1308 254.5645
355.3208 253.7245
354.6908 253.2345
352.4108 251.9045
351.8708 251.4745
351.2308 250.7145
350.7008 249.8445
350.3408 249.1045
350.2708 248.2145
350.4908 247.1745
351.9808 244.5745
352.1408 243.7345
352.1208 241.5145
346.8408 242.2845
339.4808 241.9845
337.8608 242.1145
336.7808 242.4045
336.3808 242.8345
335.2308 244.5245
335.2108 244.5545
335.1908 244.5845
334.9208 244.8845
325.1508 251.1845
323.8008 252.3745
321.8708 254.6245
320.7408 256.5945
320.2308 257.9145
319.9908 259.2345
320.0208 259.9845
320.6008 262.8745
320.7608 265.1945
320.7008 265.8945
320.5408 266.5245
320.1408 267.3345
318.4208 269.9445
317.9508 270.9545
317.7708 271.8645
317.9408 272.4945
318.2208 273.0345
318.6708 273.4245
319.2208 273.6945
320.5708 273.9545
321.1208 274.2045
321.4908 274.6645
321.6708 275.3145
321.6808 276.0145
321.5408 276.7545
318.9008 282.9445
318.7208 283.6545
318.7408 285.1245
319.1108 286.4645
320.4908 290.3045
321.9608 296.7045
322.0608 298.2145
322.0108 299.6845
321.5408 302.3345
319.4508 306.3145
328.5608 310.5645
332.1008 310.7845
338.7808 308.1245
342.2808 307.3845
345.8808 307.9245
349.0408 309.3845
351.7408 311.4745
353.9108 313.9545
355.9908 317.5045
357.5608 319.1045
361.2108 320.2045
362.0608 321.2845
362.7708 322.6545
363.7108 323.9145
364.7608 324.6445
366.9108 325.6645
367.9108 326.3945
369.6008 328.6045
371.7808 333.5945
373.2308 336.0345
373.6408 337.3645
373.2208 338.7245
372.5408 340.0645
372.1808 341.3845
372.3408 342.5345
372.7208 343.7445
373.5808 345.5245
375.9508 348.2045
376.7708 349.8445
377.0908 352.6345
378.2108 353.8945
380.7308 353.0245
384.8508 350.5645
386.3808 350.7445
388.5908 351.3545
390.7608 351.9345
392.9108 352.2245
395.2708 352.9545
396.7508 354.7545
397.1008 356.9245
396.0608 358.8345
397.0908 360.2945
399.7008 362.3345
400.3308 363.8745
399.9708 365.8945
398.6808 366.4045
396.9808 366.6745
395.3608 367.9945
398.8708 373.0245
400.1308 376.5645
401.5508 379.1845
404.0208 385.2745
404.5308 387.4245
404.0408 390.3445
402.2508 395.6845
402.3708 398.5945
402.9108 399.7545
403.8308 401.1145
404.8208 402.2345
405.5508 402.7045
405.8708 403.1945
407.2708 406.0745
407.7708 406.7345
407.8108 406.7745
408.1708 405.8545
410.9608 403.1545
414.3308 400.6945
417.4308 397.7645
420.5608 394.1045
427.6108 387.5745
433.3008 383.5545
438.3508 378.8145

Soriano
210
103.9408 232.9145
103.9408 232.9145
105.1208 233.2445
107.2408 234.8045
108.4608 235.3545
109.6008 235.4345
110.6608 235.2545
114.8508 233.8445
116.6508 232.8745
117.8808 231.3945
119.0208 226.5845
120.5708 227.0145
122.2508 228.8345
123.3008 230.4145
123.9108 227.1545
124.4708 225.8445
125.6908 225.3145
126.8208 225.5145
131.4208 227.5645
133.9908 229.1645
134.8908 229.4945
133.4908 225.6345
132.8208 224.5045
125.5008 215.1245
124.1508 213.9545
113.3908 201.0645
112.2708 199.0845
112.2308 197.9645
112.3408 197.1645
112.5708 196.5145
112.8808 196.0045
113.2908 195.5445
115.9108 193.7945
116.3708 193.4045
116.7708 192.9445
117.0808 192.4145
117.3308 191.8545
118.4808 186.5845
118.6908 185.9845
118.9708 185.4445
120.6408 183.2545
120.6608 183.2045
120.6708 183.1845
120.7908 182.8545
121.0208 181.2745
121.0708 179.8245
121.2108 178.8745
121.4208 178.1345
121.7608 177.6245
122.1508 177.1645
122.5708 176.7445
124.6808 173.8345
125.5708 173.0145
126.6008 172.3045
127.2108 172.0445
130.0408 171.2945
130.6408 170.9345
131.1508 170.4745
131.4708 169.6645
131.4708 168.9345
131.2908 168.2745
131.0708 167.6845
130.7908 167.1345
130.5708 166.4845
130.3908 165.7745
128.8508 153.6845
128.8108 152.1445
128.9208 151.7345
129.0908 151.2945
133.3708 143.8945
134.5808 140.9845
134.7708 140.2745
135.0608 138.4545
135.4708 137.0245
135.7308 136.3145
135.9708 135.4545
136.4308 132.3545
136.8108 131.0845
137.0408 130.4945
137.3308 129.9645
139.1408 127.4745
139.9608 126.1045
129.2608 127.7845
120.7808 127.7745
117.8808 128.1645
117.3208 128.4745
115.3808 129.9845
113.6308 131.6445
111.6908 132.8145
109.4808 133.8445
107.5908 134.3745
 89.9008 129.5445
 83.7008 128.9345
 80.8108 129.1745
 66.8108 134.0345
 65.8108 134.7645
 65.3308 135.2245
 64.6608 136.0645
 64.8008 135.9145
 64.6308 136.1445
 64.4208 136.4845
 63.8708 137.0245
 63.1308 137.5945
 61.7308 138.3145
 60.7008 138.6045
 52.6808 138.8545
 49.6108 138.2945
 47.7808 138.2245
 46.7308 138.3645
 45.9308 138.5745
 45.4708 138.8245
 45.2008 139.0245
 44.8208 139.3545
 44.4808 139.7945
 43.8808 140.8445
 43.6308 141.4345
 43.2508 142.6645
 42.7408 143.8145
 42.4608 144.3345
 41.8208 145.1845
 41.2708 145.7545
 29.7008 148.7545
 27.9308 148.9645
 26.2808 148.4745
 16.7008 141.8045
  7.4608 137.9245
  6.0308 137.5045
  2.7508 136.9145
  2.7008 136.9045
  2.6908 136.9045
  0.7408 148.1045
  0.2508 158.7745
  1.6508 169.3245
  1.3108 171.8945
  0.6908 174.3145
  0.3608 176.8945
  0.8808 179.8045
  2.2808 182.2145
  5.7908 186.8745
  6.4908 189.5345
  5.8408 191.9445
  5.1608 192.5145
  5.1808 192.5245
 14.9708 198.3445
 20.5008 205.6245
 22.3908 206.8145
 27.2908 206.8145
 30.2208 206.3245
 31.3808 206.8645
 31.8508 208.9445
 31.9008 213.5745
 32.2008 214.8145
 33.3008 215.9145
 36.7508 217.7845
 37.9608 217.0345
 39.7108 215.3545
 40.2508 215.2745
 41.3108 214.3545
 42.1308 215.4145
 42.5508 217.4345
 42.4208 219.4545
 42.1308 219.6545
 40.8208 220.9145
 40.2408 221.6045
 40.2208 222.5545
 40.2908 223.6445
 40.2508 224.4745
 39.1508 226.9145
 39.1908 227.7745
 40.2508 228.6645
 41.9208 229.1145
 43.3908 228.7645
 44.8908 228.1945
 46.6208 227.9745
 48.9208 228.5345
 49.3508 229.5645
 49.1308 231.0545
 49.4908 232.9145
 50.5108 233.9145
 53.5608 234.7045
 55.0908 235.3545
 56.5508 236.6845
 57.6108 238.0445
 58.8208 239.1445
 60.7008 239.6845
 62.4808 239.3945
 65.3508 237.6645
 66.9408 237.1045
 68.1908 237.1345
 70.3408 237.7745
 71.5608 237.9345
 72.7008 237.6645
 74.1908 236.5345
 77.2708 235.7745
 81.2008 234.1645
 83.1808 234.5945
 83.9408 235.5645
 84.9608 238.2245
 85.6608 238.7745
 89.0908 239.7145
 89.8708 240.0645
 91.8508 241.4545
 94.0308 241.9545
 96.3208 241.6045
100.8208 239.2145
101.7708 238.4445
102.1608 237.5145
102.1608 236.1545
102.3108 234.6345
102.8308 233.4245

Salto
260
 91.1008 502.4145
 91.1008 502.4145
 94.7308 502.4245
 96.8308 502.1345
 97.9308 501.8245
 98.7608 501.4745
100.4408 500.1745
101.0608 499.5645
104.4408 497.1545
118.0208 489.9045
122.9108 488.3145
123.7108 487.8345
125.2408 486.5545
125.2908 486.5145
130.0108 481.7945
131.9608 480.4045
134.4408 479.0845
140.6108 477.2345
141.6408 477.1445
142.3108 477.2445
142.9208 477.4345
143.4708 477.6845
146.2408 479.8045
147.2308 480.3445
147.9108 480.6045
154.6608 481.4545
157.1208 481.3145
168.7608 479.1945
170.2208 479.1245
172.6608 479.8145
177.5908 480.2845
178.8608 480.5845
179.9808 481.0445
180.9208 481.5445
186.9408 486.6045
187.9008 487.2045
189.0708 487.6045
192.5008 488.0545
193.7008 488.4445
194.2108 488.7545
194.6508 489.1245
196.1208 490.9645
196.5608 491.3445
197.5808 491.9545
199.8908 492.9145
200.3508 493.1745
201.2308 493.9245
201.6008 494.4045
202.2108 495.4845
202.9608 497.2745
203.5508 498.3745
203.9108 498.8545
204.3008 499.2945
205.0308 499.6545
206.0508 499.8945
207.9108 500.0845
208.9308 499.9345
209.7508 499.7345
215.4508 497.6445
231.7408 494.0445
232.4108 493.7845
234.0908 492.7545
236.2008 490.9245
236.9308 490.0145
238.4708 487.5145
239.6508 486.1045
242.2708 483.8545
243.0308 482.9945
244.0608 481.5645
244.8708 480.7345
248.7008 477.7445
248.7908 477.6745
249.3708 476.7345
249.5308 476.7545
246.7908 467.3545
246.0908 465.6045
244.8208 463.0945
243.7708 462.0945
242.4708 461.3045
235.3508 459.2145
233.9808 458.5445
232.5308 457.5445
231.7908 456.6045
231.3708 455.7645
231.2608 455.0745
231.2308 454.3445
231.4608 453.6245
231.8408 452.9945
233.4308 451.2545
234.3308 450.0445
233.7308 447.7945
232.8008 445.7245
232.0308 441.1645
231.7208 439.9745
231.3408 439.1545
230.8608 438.8145
229.6108 437.5145
228.6008 436.1145
227.9408 435.3845
227.3108 434.8645
226.7708 434.5945
224.8608 433.9145
224.1308 433.4445
223.5908 432.6745
221.8508 429.0045
221.3808 428.3045
218.0408 425.0845
217.5508 424.2345
214.5108 415.7945
214.2208 414.5545
214.4208 414.0045
214.7008 413.4845
215.4008 412.5345
215.9908 411.4845
216.3908 410.3045
216.6208 408.9545
216.9308 403.8245
217.1708 402.5045
217.5308 401.2645
217.7308 399.6045
217.5408 396.2745
212.1308 394.8545
210.5908 393.6945
210.3908 393.0145
209.8308 391.9845
208.9308 390.7645
205.8008 387.4045
205.1608 386.4945
204.8708 385.1445
204.6708 384.5645
204.1508 383.5445
203.6608 382.9945
203.0908 382.5645
201.7408 382.1145
200.0508 381.8145
198.9408 381.7845
198.2808 381.8645
191.0008 384.0845
185.7108 384.2645
185.0008 384.3845
183.6908 384.8045
178.5108 388.1145
177.6608 388.3645
176.5208 388.5245
172.2408 388.5645
171.5308 388.6945
170.9008 388.9245
168.9008 390.2845
168.1708 390.6445
167.1908 390.9445
165.4508 391.2045
164.2208 391.2045
155.3508 389.2645
154.1708 389.2145
152.0508 389.7345
147.5408 391.4645
146.7608 391.4345
146.1208 391.2245
145.6808 390.8445
145.0508 390.3945
144.2608 389.9645
142.8508 389.4445
141.8608 389.2945
140.9408 389.3045
139.6208 389.6945
130.9508 390.7545
129.7608 391.0745
125.9708 394.0145
124.8508 394.6045
116.7108 396.9545
114.3908 398.0845
113.0008 399.2045
112.2508 400.0845
110.0108 403.5745
109.5208 404.0745
108.4508 404.5045
106.5608 404.9545
103.6608 405.0545
101.1808 405.4045
 98.7308 406.3645
 97.6308 406.9945
 94.1808 409.4545
 86.8508 413.2445
 71.7508 416.5545
 71.0108 416.8345
 70.4908 417.1445
 70.0208 417.5145
 69.6408 417.9745
 69.3508 418.4945
 69.1208 419.0545
 67.8108 423.2945
 67.5208 423.8145
 67.1608 424.2645
 66.2708 425.0545
 59.4808 428.8945
 56.7808 429.9345
 55.7208 430.1145
 54.9108 430.0945
 51.1208 429.1345
 50.6408 428.8345
 50.3108 428.3845
 50.2008 427.7445
 50.0908 426.5945
 50.0708 426.5345
 49.9408 426.4345
 49.4208 426.3545
 48.2708 426.3145
 46.5008 426.7845
 44.8808 426.9945
 43.3408 426.5645
 41.6608 425.7045
 41.3308 425.5245
 40.1208 426.4645
 37.6108 429.5445
 38.9108 433.2645
 40.8608 434.9045
 44.7208 437.2645
 46.3308 438.6645
 47.3308 440.9245
 47.8408 446.3845
 48.7808 448.8545
 49.4908 449.6445
 51.1808 450.9845
 51.9408 451.7645
 54.0708 456.3045
 55.0708 457.6845
 55.0808 460.7945
 54.3908 466.1245
 55.6908 471.4245
 58.2908 475.4245
 60.1808 479.5045
 59.3608 485.1045
 55.0308 491.4945
 54.3908 492.8645
 55.1808 494.9845
 57.1008 496.2845
 61.4608 497.4345
 63.8408 497.1445
 65.1108 497.6245
 65.6608 499.4345
 66.2508 502.3145
 66.3708 503.5545
 66.2608 508.5445
 65.9108 511.5045
 65.9208 511.5145
 68.3808 515.1845
 68.9108 515.6445
 69.6208 516.1445
 70.6508 516.1845
 73.4608 515.8645
 74.5708 515.5045
 75.9808 514.6745
 82.6408 509.6545
 84.3608 508.0745
 85.1308 507.2045
 86.8308 504.8345
 87.3308 504.2845
 88.0108 503.7045
 89.2408 502.9145
 90.1908 502.5845

