793 517


120
134.4101 509.7488
131.0101 503.3288
130.0101 499.8988
129.4001 496.0788
131.4201 493.2588
132.4201 490.2388
130.6101 487.6188
127.7901 482.3888
126.3801 480.1788
128.6001 481.1788
130.2101 483.1988
131.6201 484.1988
135.4401 483.5988
137.8601 482.9988
138.0601 479.7688
135.2401 479.3688
135.0401 471.1188
133.0301 472.1288
131.2201 471.7188
129.4001 469.7088
130.0101 467.2888
133.2301 464.6788
136.2501 462.8688
135.2401 459.6388
135.2401 455.6188
133.8301 452.5988
131.0101 451.5888
129.2001 452.5988
128.0001 455.4188
126.3801 455.4188
126.3801 451.9988
127.5901 450.3888
127.7901 444.1488
128.2001 440.1188
131.2201 438.3088
133.4301 440.7188
135.8501 444.9488
137.6601 448.9788
140.0701 450.3888
143.0901 448.7788
145.5101 449.5788
144.7001 452.3988
143.4901 455.0188
142.6901 459.6388
143.2901 462.2588
144.7001 463.6688
146.5101 463.8688
148.7301 463.8688
149.7301 468.0988
152.5501 474.1388
155.7701 479.5688
157.7901 485.4088
157.4301 493.1388
157.4301 493.1388
214.2101 452.1488
214.2101 452.1488
210.3201 451.7888
211.3301 449.7788
212.9401 448.3688
213.9501 446.9588
213.1401 443.1388
210.3201 438.1088
205.6901 433.4788
199.4501 428.4388
197.8401 425.0188
198.8501 423.2088
197.6401 421.3988
194.2201 421.3988
193.6201 418.7788
186.5701 415.9588
181.7401 414.3488
176.7101 413.3488
173.0801 414.5588
171.0701 413.9488
167.2501 413.1488
166.0401 414.1488
163.6201 415.5588
160.0001 413.3488
155.5701 413.5488
149.5301 414.1488
146.5101 414.5588
143.9001 416.7688
138.6601 417.5688
136.8501 419.3888
134.6401 420.3888
133.6301 424.0188
136.4501 425.8288
138.2601 428.0388
137.4601 431.6688
135.8501 432.6688
133.2301 431.4588
128.2001 429.8488
126.3801 429.0488
123.9701 429.2488
122.3601 428.8488
121.3501 426.8288
119.3401 427.4388
116.7201 429.4488
113.7001 429.6488
109.6801 431.2588
106.6601 432.6688
104.4401 435.2888
102.2301 440.5188
101.8301 445.7588
104.8501 454.2088
105.2501 456.8288
103.2401 460.4488
102.0301 463.2688
101.8301 469.3088
102.2301 473.9388
104.2401 479.3688
107.2601 484.1988
108.4701 489.8388
111.0901 492.4588
111.2901 498.2888
113.3001 501.5088
117.1301 504.9388
117.3301 509.7688
118.9401 512.9888
119.1101 516.5388

Sarvan_(Sughd_Province,_Tajikistan)
12
676.6901 225.3188
675.1801 227.0888
673.9801 227.6088
674.2501 227.9788
673.5201 227.4288
673.2501 226.9488
673.4401 226.2788
674.4501 226.2488
675.6701 225.3488
678.8501 221.0388
679.0501 221.3888
678.4101 222.9688

Andijon
182
750.3301 196.4688
750.2201 200.0788
749.9101 200.9188
745.9001 202.1988
743.6501 202.6488
743.4101 202.4788
743.0801 202.4788
733.8301 204.0488
731.5901 207.5088
730.9701 208.1588
727.9501 209.7188
723.7901 210.3188
723.5901 208.8688
720.5601 213.3488
720.5601 213.3488
722.4601 214.5588
720.2601 217.2288
722.2901 219.1288
723.4801 219.9288
732.0701 222.1188
735.7501 222.0888
736.3201 221.8288
737.0501 221.2688
740.3801 220.5288
741.8401 220.3788
746.7201 220.8188
747.2501 221.0888
747.6501 221.5388
748.9101 227.4088
748.9101 227.4088
749.1501 227.2588
749.8201 227.2688
752.6701 228.6188
753.4301 228.7988
754.6501 229.7188
755.7801 230.9588
756.4701 231.0288
756.6201 230.8488
757.9401 230.4988
758.9101 229.8188
759.8001 229.7688
760.5901 229.3688
761.4501 229.4588
762.2301 229.2888
762.8901 228.9688
763.1501 227.7988
763.0501 227.1488
762.2301 225.6288
762.2401 225.4088
762.4201 225.1888
762.5701 225.2088
763.0301 225.9288
763.2601 225.9788
763.5001 226.0088
763.9701 225.7688
764.3901 225.3788
765.7101 223.1188
766.2901 222.4288
766.4901 220.4288
767.2601 219.8788
768.4601 219.5288
769.7901 218.8788
771.3601 218.2988
771.9101 218.4988
773.7301 218.2088
774.6701 218.6088
775.5901 218.7988
776.2701 218.5888
778.4801 219.1488
779.2001 219.1288
780.0201 218.6788
781.5401 217.0088
781.9201 215.9588
782.0901 215.8088
782.7501 215.6488
783.2601 215.6888
783.9101 215.9388
784.1001 216.2388
784.7401 216.5688
785.1401 217.0488
785.7201 217.0688
786.0701 217.2788
785.9201 217.8188
785.3401 218.2188
784.9901 218.7088
785.4201 220.1288
785.6501 220.3588
786.0801 220.3488
787.0901 218.8888
787.9901 218.6888
789.1201 217.9288
790.0701 218.4488
791.5701 218.3788
792.0001 217.9988
792.2301 217.0288
791.8001 215.2888
791.3701 214.6788
790.9201 214.3688
788.0401 213.1588
786.3801 212.9188
785.7501 212.0488
784.5901 211.2488
783.1901 210.4688
782.3801 210.2988
782.3301 210.0688
781.4601 209.8688
780.1201 209.1288
779.1201 208.1688
777.5801 207.6688
776.4501 207.8188
775.6601 207.7088
775.3501 207.3488
775.3001 207.0288
775.4401 206.5888
775.8201 206.1288
775.8501 205.7888
775.1101 205.1788
775.0101 204.7588
775.1901 202.0188
775.1201 200.9488
774.4701 200.7388
773.9501 201.0388
772.9901 202.0188
771.4901 202.3588
771.1701 201.9888
771.1201 201.2288
770.2501 200.5988
770.1101 200.3588
769.9001 198.9588
769.3201 197.8888
768.6501 197.7288
768.2301 197.7688
766.8401 198.8888
765.3701 198.9588
764.6801 199.3388
763.7701 200.2088
763.2601 200.3888
762.5801 200.0988
762.3701 200.1388
761.0001 201.8088
760.4501 202.8088
759.0601 203.9788
758.6601 204.1688
757.6801 203.7388
756.5801 203.7288
756.1801 203.1888
756.3301 202.9088
757.4501 202.5288
757.7701 202.2188
758.2301 201.1888
759.2801 200.8688
759.6901 200.3088
759.6501 199.7588
759.3001 199.3588
758.2701 199.2588
758.0001 199.0688
757.8301 198.5588
757.9701 198.1088
759.0501 198.2188
759.3101 197.8488
759.5401 196.3788
760.0301 195.8488
760.2701 195.0988
759.1301 192.4288
759.4101 191.5988
759.3401 190.9588
759.1701 190.7988
758.8701 190.7388
757.3901 191.1188
756.9401 191.3888
755.3901 192.9888
754.7401 193.4488
754.4501 193.5488
753.6501 193.2488
753.3301 193.4588
752.8301 194.1688
752.5401 194.3788
751.6401 194.3688
751.3701 194.4788
751.1901 194.8788
751.5201 196.0088
751.4601 196.2588

Buxoro
168
421.2601 133.5088
417.4901 129.9188
414.1401 127.6988
413.5701 127.5888
409.1701 122.8788
408.8201 121.8488
408.9701 120.9888
409.6801 119.7888
410.5101 118.9088
411.3301 117.7388
411.5601 117.2288
411.2801 116.6188
393.1601 109.9788
387.5501 103.7488
387.5501 103.7488
385.4201 106.0488
385.0101 106.0788
383.8301 105.7788
381.7301 104.5688
380.7301 104.3088
379.6801 104.2888
378.3001 104.4688
377.4501 104.8888
374.5001 107.3188
371.6301 109.3188
364.8401 114.5388
363.0201 115.7088
358.3401 119.1488
357.0301 120.4388
355.8801 121.8288
355.5901 122.4588
355.1801 122.8288
354.4001 124.0588
350.8301 127.5188
348.8101 129.6688
344.8401 132.4788
340.4601 135.0988
336.0101 138.2488
331.7701 141.0288
321.5101 148.3288
314.5501 153.0988
300.2201 163.6288
299.0401 164.7288
298.1301 166.0188
297.9701 166.5488
297.7701 167.4488
297.8301 167.9988
297.5401 168.6988
297.4101 170.4488
296.0001 172.5188
296.0201 173.1688
296.7101 174.3588
296.7901 176.9888
296.4101 177.9988
296.2701 179.2288
295.6801 181.2688
295.6201 182.4088
295.3901 183.1788
295.4301 183.7788
295.7901 184.6888
295.7601 185.6988
295.0101 187.0388
293.8501 188.0888
293.1301 189.1488
293.0701 189.6588
293.5701 191.1988
293.8601 192.6688
293.8201 192.9788
292.5001 193.4988
291.1801 194.3388
289.8601 195.7888
288.5901 196.3588
287.2701 197.2288
286.8701 197.7888
286.8701 197.7888
293.1501 205.3988
297.7401 210.5288
298.5301 214.3288
298.5601 215.8688
297.8801 217.0188
291.9701 223.6988
288.7301 227.0288
288.7301 227.0288
299.6701 232.0888
285.8901 251.2688
285.8901 251.2688
286.4501 251.5488
290.1201 252.4688
303.6701 255.6788
304.7201 255.7588
308.0601 249.0588
309.4501 246.9988
311.6001 244.6788
313.9901 243.1288
317.5301 241.2288
319.1001 239.6488
321.1801 235.2988
322.5801 230.1488
323.1501 228.7588
324.0301 228.8488
324.4801 229.2188
326.5201 229.2688
329.6801 228.3588
335.0601 226.0488
343.5401 221.4488
353.3701 215.7488
355.4901 214.0788
356.0501 213.0288
356.3901 211.5388
355.9101 209.3088
359.3101 209.3988
361.9501 209.6288
362.5001 209.8188
367.8801 222.0088
368.9201 223.0988
371.1101 224.2688
371.9901 224.1188
373.6601 222.1888
373.7601 214.5788
389.9501 212.6888
390.1401 213.1788
390.9601 217.6688
391.5301 217.8588
396.5501 218.4388
400.3401 218.4988
402.6101 218.8788
403.7401 221.5588
404.4601 223.6588
404.9101 223.8488
405.8801 223.6288
406.6701 220.7988
408.8101 210.6788
409.9501 209.5788
410.7501 209.1588
411.7801 208.8188
420.4101 207.6288
426.3401 206.9988
434.3101 205.8588
432.9101 196.5988
428.9201 193.7888
428.7501 192.7588
427.3001 188.6288
423.9501 184.4888
423.3101 183.8788
422.3701 183.4988
418.5201 183.7288
415.6201 184.2688
413.6101 185.2588
412.7901 186.0488
410.7901 187.3488
408.7301 187.4688
407.6201 186.9888
407.2601 186.3688
407.6201 183.0488
407.1701 178.6888
405.8801 172.9788
403.3501 168.1988
401.2201 165.7288
396.8201 163.0588
395.9301 162.7288
394.5101 160.0088
398.7801 154.2188
399.9701 153.0688
407.0301 150.3988
408.1101 150.3388
411.3101 151.1188
416.2201 147.4288
420.6101 138.0388

Farg‘ona
209
673.7701 185.5188
673.8701 186.1788
673.6401 186.7288
672.9001 187.3888
669.9901 188.6988
668.3601 189.0288
667.3601 189.4288
667.0401 189.4288
666.1401 188.9988
665.7101 189.0288
665.2501 189.2388
664.9201 189.6088
664.4601 190.7188
664.1701 191.0288
663.8901 191.1288
663.7401 191.8688
662.8301 193.6388
662.7701 194.2488
662.9001 194.4488
663.7101 194.6688
664.7101 195.4788
665.9001 195.6988
667.0001 196.2688
669.0501 196.9888
669.8501 196.9888
670.3201 197.3988
670.4401 198.2088
670.8801 198.6488
671.0201 199.5388
671.2101 199.9388
671.6101 200.1588
672.2001 200.2388
672.9701 200.1688
673.4501 200.5288
674.1701 200.5488
674.6001 200.7088
675.4701 201.8188
676.5801 204.0388
676.9401 204.4188
677.5901 204.5988
678.2701 205.3288
678.7801 205.4988
678.9301 205.7788
679.3401 205.8588
679.7501 206.3588
680.7201 206.5788
681.1201 206.2988
681.4401 206.2688
681.4901 206.9288
681.3101 207.9188
681.6201 208.1488
681.9001 207.8988
682.5601 207.9388
683.0001 208.5188
683.3001 209.5188
683.8801 210.0488
683.9401 210.3088
683.9401 210.3088
684.2801 210.3988
684.5401 210.6588
689.4101 211.9088
692.7801 212.5188
699.5401 212.6188
699.5401 212.3988
699.1701 211.8788
697.8101 210.2188
698.6401 208.2488
700.5101 206.3888
706.1001 203.6588
706.5001 203.5788
707.2501 203.9988
710.2701 206.8488
711.0301 207.8388
711.7701 209.2888
713.0101 210.0888
717.1201 212.3188
720.5601 213.3488
720.5601 213.3488
723.5901 208.8688
723.7901 210.3188
727.9501 209.7188
730.9701 208.1588
731.5901 207.5088
733.8301 204.0488
743.0801 202.4788
743.4101 202.4788
743.6501 202.6488
745.9001 202.1988
749.9101 200.9188
750.2201 200.0788
750.3301 196.4688
750.3301 196.4688
749.8401 196.4288
748.7701 196.6888
748.3801 196.6088
747.8701 195.2288
747.5701 194.7288
746.9401 194.1288
746.4801 193.8888
746.1101 193.8188
745.5201 194.0188
744.6301 194.6088
744.1701 193.5688
744.6201 191.8588
744.4801 191.5188
743.8401 190.8088
743.7701 190.2388
743.4801 189.8388
742.1101 189.4288
741.0701 188.0888
740.5601 187.7088
739.7601 186.5788
738.5701 186.0588
737.6401 185.1988
737.5201 184.9388
737.7301 184.4388
738.7101 184.2088
739.6901 183.3188
739.6201 182.8288
738.5101 181.7988
738.0501 180.7188
737.7601 180.3988
737.1001 180.0688
736.4801 180.0888
735.2101 181.0088
733.1901 181.4788
732.7101 181.0888
732.5801 180.6088
732.6301 180.3388
733.3701 179.2088
733.3901 178.6788
732.6401 178.1788
732.1001 178.2088
729.6101 176.6188
728.2901 176.1988
727.3701 175.5388
727.0201 175.4788
726.7701 175.6188
726.3101 176.4688
725.8801 176.9788
725.6401 177.0488
725.2801 177.4488
725.1301 177.8088
725.3001 179.7088
725.1101 180.5188
724.4301 181.4288
723.9101 181.7888
723.1401 181.8688
721.9101 181.7488
721.8001 180.9088
722.0401 179.4788
721.8301 178.5288
721.9101 177.9688
721.7901 177.7688
721.5001 177.7988
720.6901 178.7588
719.6901 178.7588
719.1401 178.5688
718.2201 179.1488
716.4501 179.9388
716.2301 180.4788
716.4201 181.8288
716.1801 182.3488
714.8801 182.3788
713.3401 182.7788
712.7101 183.2788
711.6201 184.5088
711.2101 184.7788
710.7201 184.9288
710.2201 184.7088
709.6001 184.6488
709.4401 184.9588
709.5301 185.3488
709.2101 185.5988
707.6801 184.9588
706.9301 184.8588
706.6601 184.9588
706.5101 185.2288
706.4901 186.2288
704.9501 186.1188
703.9401 186.4588
702.9401 186.5488
702.1101 186.4388
700.7301 185.9788
699.7501 185.9988
699.1401 185.7888
696.5801 184.0088
694.6301 183.6588
692.5601 182.7588
692.1101 182.4688
691.9701 182.1988
692.2801 181.2788
692.1701 180.3088
689.7901 180.2388
687.8401 179.8888
687.5701 179.9788
685.8701 178.7188
683.4001 177.6188
681.8201 177.2888
680.4201 177.1688
677.2901 176.4788
676.4601 176.8188
675.2801 178.9588
674.9601 179.8388
674.2401 180.2288
673.7101 181.1688
673.8401 181.2788
673.9101 182.5588
674.2801 183.5488

Jizzax
244
580.6301 142.1788
580.1501 141.9288
579.9401 140.3888
579.6201 139.3688
578.8001 138.6388
577.7201 139.0188
576.5701 138.7588
573.6101 139.2288
571.7501 138.4188
571.3601 138.5388
570.5701 139.2988
570.0601 139.5388
568.6401 139.8588
566.8701 140.0688
565.6101 139.9288
564.6801 139.6688
563.9401 139.7988
562.9201 140.3888
562.1801 140.2888
559.9501 140.4488
558.9801 140.9288
558.2401 141.1188
557.1501 141.0288
556.5501 141.1788
555.4501 142.0288
554.5401 142.3988
553.1701 142.4788
552.2501 142.3788
550.3801 143.2188
549.4201 144.0988
548.0401 144.1788
545.6101 145.8288
544.9101 145.4388
543.7001 145.1188
541.7701 145.9488
541.3701 145.9588
540.4901 144.9388
539.4001 144.5588
538.7601 144.1088
537.8201 142.5788
537.2401 142.4188
535.8101 142.3888
531.8301 140.8988
531.7101 140.2188
531.9101 138.6088
531.5001 138.0988
529.2801 138.6488
528.8201 138.5388
528.4701 137.7388
528.4501 136.4288
528.7701 135.9188
528.7701 135.9188
524.2401 139.7388
523.2101 140.7888
522.5601 141.7488
522.3501 142.6988
522.3301 146.8588
522.4301 147.2288
525.6501 152.4688
526.4101 153.3788
527.1001 153.9188
529.2601 154.9488
530.8001 155.3288
532.1001 155.4788
532.0201 156.4988
530.9501 162.4588
530.7401 162.6988
518.8701 165.2288
514.0601 165.6288
511.9401 166.4288
506.1101 170.3588
505.7601 174.0688
505.8601 174.4188
507.1001 174.7088
507.3401 174.8688
507.7901 176.2088
507.8601 177.0188
506.4201 179.8288
504.5601 181.4888
503.7201 185.5888
503.6201 189.5188
503.7601 190.2888
504.5901 192.1188
504.5801 193.2188
503.6201 195.3988
499.0101 195.4988
491.2201 196.4188
491.2201 196.4188
491.9501 198.2088
496.3801 206.7988
499.5001 212.1188
499.7801 212.8588
498.2101 219.7188
497.9801 220.2488
497.7301 220.4788
493.4601 221.5288
492.5101 222.1088
491.7901 223.3788
490.6601 234.0188
497.3701 234.2388
497.6601 237.1688
497.8801 237.1288
498.4001 241.8888
498.4001 241.8888
515.8001 240.5788
520.4401 240.0588
523.1601 240.0488
524.0101 239.4888
524.8801 239.3588
526.1301 239.7688
527.4001 239.9688
542.8101 239.4988
544.2201 238.2088
545.0901 237.9788
547.1401 235.4888
550.4601 232.4088
551.9301 233.7088
552.7701 232.5188
555.8201 234.4988
557.2001 233.2088
557.7901 233.4688
558.5801 232.9988
556.1101 232.4688
554.7001 230.9888
556.0901 227.5388
554.6101 226.0688
554.6901 220.8488
550.6201 220.6988
549.8901 218.4188
551.3301 216.4188
553.7701 215.7388
559.5401 212.3388
563.1301 208.3088
566.9201 206.9688
567.3601 206.5888
567.3601 206.5888
567.1901 203.7488
566.8501 203.1388
564.9901 203.2388
562.8901 202.6988
562.4101 197.8088
562.5701 197.5388
564.6801 198.5588
565.0101 198.6588
565.1701 198.4588
565.0201 197.6888
564.2501 195.6888
559.3001 184.6488
559.1001 183.1288
559.2501 182.1688
559.5901 181.2688
560.2501 180.2988
560.5701 180.2488
567.1201 179.9388
571.6901 180.1088
575.7101 180.9288
577.9901 181.7188
585.1201 183.3588
585.4301 182.6788
584.4201 176.2688
584.4201 176.2688
582.8701 175.9888
582.7801 175.8488
579.8901 175.0088
579.6501 174.4088
580.5101 173.6088
583.1301 172.0688
584.3601 172.0988
586.5101 172.5488
587.8201 173.1088
590.6901 173.9188
591.9201 174.4688
595.3501 175.3588
597.0301 175.5688
600.1801 175.6788
601.0201 175.0288
601.4301 173.7488
601.8801 171.3688
601.5601 170.7088
600.8101 170.6488
599.2801 171.0088
598.3801 171.0188
597.6301 170.9888
596.1101 170.6388
594.9401 169.7588
594.7301 168.7188
594.5801 168.5988
594.1201 168.8588
593.8201 170.1488
593.0901 171.2488
592.4401 171.3488
591.8601 171.1488
591.6201 170.8688
591.5901 170.3388
591.9401 169.7688
592.8801 168.8288
592.9301 168.1988
592.5201 166.8488
592.5501 166.5488
594.0501 165.1488
596.6601 161.9088
597.2001 160.8088
597.2401 160.0588
597.0401 159.3688
596.3301 158.6488
595.5201 158.5488
594.9001 158.8588
594.3001 159.7988
594.2301 161.5788
592.8801 164.7888
592.1601 165.6688
591.7601 165.7388
591.2901 165.5188
591.1701 165.1188
591.2501 164.0188
592.2901 162.0388
593.1001 160.1188
593.1301 159.4288
592.7701 158.6288
592.4101 158.3588
591.4901 158.1488
591.1901 157.7588
590.9201 156.3288
590.6801 156.1088
590.2201 155.9988
589.6601 156.4188
589.3501 157.6888
588.5701 158.5788
588.1101 158.7088
586.6401 157.4788
586.1301 157.7788
584.9301 157.9288
584.8401 156.7788
585.1401 155.1088
584.8201 153.7988
584.3301 152.9488
584.0801 152.0288
583.7801 151.4688
583.1401 151.1988
582.5101 151.1588
582.0901 150.6488
582.3601 150.0088
584.2401 147.3288
583.9701 145.6088

Namangan
293
749.3101 235.7288
748.8101 236.5688
748.3501 236.8588
747.9001 236.9288
747.4501 236.6888
746.4001 237.0388
745.6401 237.0688
743.7601 235.7088
743.4101 235.6288
742.7301 235.9288
740.9901 237.0488
739.8501 237.3588
738.6301 237.4988
737.4701 236.7088
737.0101 236.9288
736.4501 236.9788
734.8301 237.6288
734.5101 238.0388
734.5301 238.9188
733.9701 238.9788
733.6001 239.1788
733.5301 239.3888
734.1701 241.3888
735.0901 242.9988
735.8701 243.7988
736.3401 244.6188
736.9001 245.9688
736.8501 246.2188
735.7701 246.7988
734.9201 247.8288
734.6401 248.4788
734.7701 249.7788
734.6301 250.1488
734.2501 250.4288
733.8401 250.1888
733.5001 249.6288
732.6901 249.4588
732.4401 249.6288
732.3801 249.8188
732.6401 251.1188
732.0201 252.1788
730.6201 253.5288
729.5701 255.7388
729.2001 255.8388
729.0601 255.7188
728.9501 254.0288
728.7801 253.7688
728.4701 253.6988
728.2601 254.1088
728.1601 254.7888
727.8501 255.0588
727.4701 255.0888
726.8401 254.6388
726.7201 254.2388
727.1301 253.5788
727.0701 253.0188
726.8001 252.8088
726.3801 253.0688
725.9701 253.7788
725.8701 254.2388
725.9601 254.6688
726.8001 255.7688
727.2601 256.5988
727.3301 257.0688
727.0901 258.4788
727.2201 258.7788
727.1601 259.5188
727.5901 260.4188
727.2401 261.0288
726.1001 261.0788
725.7401 260.9788
724.9701 260.2588
724.2101 258.8988
723.7701 258.3988
722.5101 257.9688
722.2701 257.6188
722.3201 257.1988
722.6401 256.9588
723.7801 256.8488
724.3501 256.6188
724.8501 255.8388
724.9801 255.1588
724.6401 253.9388
724.2001 253.1288
724.1601 252.7188
724.9601 251.4888
724.6701 250.8288
724.0101 250.1088
723.6501 249.4088
723.3801 248.4288
723.1601 248.4188
722.8001 248.6688
722.5401 248.4188
722.2201 247.6988
721.6201 247.2088
721.4501 246.6288
721.2801 246.5888
721.0301 245.6388
720.6501 245.3188
720.0501 245.4788
719.4401 246.1688
719.0401 246.3888
718.1601 246.4088
717.7401 246.0588
717.0701 245.9188
716.2501 246.4288
715.9301 246.3588
714.4901 244.6388
714.4401 244.2288
714.6901 243.4588
714.4301 242.6088
714.4301 242.0788
714.6101 241.7088
715.4701 241.3388
715.7701 240.6188
714.8801 238.6188
714.5601 236.6288
713.8501 235.0188
713.8201 234.6488
712.7901 233.5288
712.2601 233.4888
712.0001 233.6588
711.8501 233.9488
711.6201 235.7188
711.3901 236.2088
710.6001 237.0388
710.2101 237.2288
709.6701 237.2188
709.1601 236.9188
708.8101 236.5088
708.5801 235.0988
708.1801 234.3388
707.3801 233.5888
706.8701 233.4688
706.4901 233.5788
706.3501 233.8788
706.5701 236.2688
706.3101 237.6988
706.0501 238.1188
705.1001 238.7488
704.8001 238.7888
704.1801 238.4988
704.0501 238.0988
704.0901 237.5588
703.7801 237.3288
703.5001 237.3888
703.0701 238.4488
702.7501 238.4588
702.4001 238.1588
701.9301 237.4388
701.4501 237.4588
701.1901 237.3088
700.3601 236.4288
699.8601 236.1388
699.4601 236.1088
698.2501 236.5388
697.8401 236.9088
697.2301 237.9288
696.4301 238.1188
695.2001 238.9188
694.6101 238.8888
691.9501 237.0788
691.3901 237.2788
690.8501 238.5088
689.9301 239.3688
689.0701 239.9088
688.4901 240.7588
687.9601 241.2588
687.6901 241.2988
686.9801 240.9788
686.5101 240.2988
685.6801 238.2388
685.3801 237.7988
685.0501 237.6388
684.1901 237.9888
683.6901 238.5988
683.4701 239.4988
683.5001 240.5888
684.2401 241.5388
684.4201 242.1388
684.3201 242.4888
683.7001 243.3988
683.4501 244.1388
683.3801 245.9288
683.8001 246.8488
684.0501 248.0088
683.5601 250.0588
681.0101 254.1388
680.5901 255.3088
680.4001 255.4688
679.1901 255.8088
678.8801 255.7788
677.7401 254.9288
676.5101 254.9888
674.9901 254.5088
674.0101 253.6688
673.6001 252.9288
671.9201 251.5388
669.8401 251.5388
669.3401 252.0788
669.3401 252.0788
668.6601 250.1488
665.6901 246.0388
666.3601 238.7388
668.2701 236.1188
668.9301 234.7788
669.1701 232.4488
669.2001 230.6988
669.0501 229.8188
669.2501 229.3988
669.2501 229.3988
669.7001 229.4188
670.4301 229.0188
670.7001 228.3388
671.8001 227.4488
671.8701 226.8288
672.1901 226.5888
673.0701 225.3988
673.7501 225.3788
674.3001 224.0088
675.3101 222.7588
675.7001 221.8688
676.8101 220.2188
677.2701 219.0388
677.5401 219.0288
677.6601 218.6588
678.6301 217.8288
679.1901 216.4588
680.0201 216.1488
680.5501 215.6788
681.2801 214.6888
680.8001 214.3088
680.6301 214.3988
680.3401 214.2188
680.4201 213.8988
680.2301 213.6088
679.8601 213.5088
679.2901 213.7588
678.8201 214.9688
678.4501 213.7288
678.4901 213.0188
678.8101 212.3788
679.6401 212.6188
680.8701 212.5188
681.7201 212.0688
681.4401 211.8888
682.3401 211.8488
682.7701 211.6188
683.7701 210.7688
683.9901 210.2788
683.9901 210.2788
684.3301 210.3688
684.5901 210.6288
689.4601 211.8788
692.8401 212.4888
699.5901 212.5888
699.5901 212.3688
699.2201 211.8488
697.8601 210.1888
698.6901 208.2188
700.5701 206.3688
706.1501 203.6388
706.5501 203.5588
707.3101 203.9788
710.3301 206.8288
711.0901 207.8288
711.8401 209.2788
713.0701 210.0688
717.1801 212.2988
720.6201 213.3288
720.6201 213.3288
722.5201 214.5388
720.3201 217.2088
722.3501 219.0988
723.5501 219.8988
732.1401 222.0888
735.8101 222.0588
736.3901 221.8088
737.1201 221.2488
740.4501 220.4988
741.9101 220.3488
746.7901 220.7888
747.3201 221.0588
747.7201 221.5188
748.9801 227.3788
748.9801 227.3788
748.5601 227.6388
748.1101 228.2188
748.2701 228.5488
749.5301 228.8488
750.0601 229.2588
750.5301 230.2788
750.0801 231.0988

Namangan
12
678.8501 221.0388
675.6701 225.3488
674.4501 226.2488
673.4401 226.2788
673.2501 226.9588
673.5201 227.4288
674.2501 227.9888
673.9801 227.6088
675.1801 227.0988
676.6901 225.3288
678.4201 222.9788
679.0601 221.3988

Navoiy
222
498.4001 241.8888
497.8801 237.1288
497.6601 237.1688
497.3701 234.2388
490.6601 234.0188
491.7901 223.3788
492.5101 222.1088
493.4601 221.5288
497.7301 220.4788
497.9801 220.2488
498.2101 219.7188
499.7801 212.8588
499.5001 212.1188
496.3801 206.7988
491.9501 198.2088
491.2201 196.4188
491.2201 196.4188
489.9601 199.8888
488.1001 202.5488
487.1301 203.6688
486.5501 203.9388
484.4401 202.0188
482.0901 200.7288
480.7101 200.6188
478.8801 200.8688
477.8401 201.6588
476.8101 203.2088
475.6201 203.2988
474.5101 203.1088
473.6001 202.0288
471.4501 197.3488
470.8601 192.4388
471.1101 192.0888
471.6501 191.8888
472.0201 191.1688
471.8501 188.8988
470.9701 182.7788
470.1101 181.4388
467.8101 175.3688
468.0101 174.3888
468.8101 174.2888
470.2401 175.2088
471.0601 175.1388
471.2401 174.6888
471.1001 173.5688
470.6701 172.9488
467.1801 169.6588
465.5501 168.8988
456.6401 166.9688
455.4201 167.1688
450.0401 169.4688
447.9501 170.6088
447.4901 171.6488
446.4901 173.1988
441.0101 175.2688
440.0001 175.4388
439.4801 175.1588
439.1301 174.5888
438.9701 173.8888
439.0201 172.9188
438.6001 167.1188
436.7701 161.5788
436.0601 160.2888
435.5401 159.9888
434.9501 159.9788
432.1001 160.8588
431.1001 161.3488
422.4501 158.4288
421.9501 158.0788
421.8701 157.7088
422.2001 156.9388
423.6801 155.4088
424.6501 154.5988
425.5901 153.1488
426.9401 147.9288
426.7701 146.9588
426.2601 145.4988
425.0901 143.1588
425.0501 142.5288
425.2201 141.7188
426.0301 139.9088
428.1501 136.1088
428.1501 136.1088
427.7501 135.6788
427.2201 135.4688
424.6201 135.0688
423.2301 134.6988
422.4301 134.3188
421.2601 133.5088
421.2601 133.5088
421.2601 133.5088
421.2601 133.5088
420.9701 136.8888
420.6101 138.0388
416.2201 147.4288
411.3101 151.1188
408.1101 150.3388
407.0301 150.3988
399.9701 153.0688
398.7801 154.2188
394.5101 160.0088
395.9301 162.7288
396.8201 163.0588
401.2201 165.7288
403.3501 168.1988
405.8801 172.9788
407.1701 178.6888
407.6201 183.0488
407.2601 186.3688
407.6201 186.9888
408.7301 187.4688
410.7901 187.3488
412.7901 186.0488
413.6101 185.2588
415.6201 184.2688
418.5201 183.7288
422.3701 183.4988
423.3101 183.8788
423.9501 184.4888
427.3001 188.6288
428.7501 192.7588
428.9201 193.7888
432.9101 196.5988
434.3101 205.8588
426.3401 206.9988
420.4101 207.6288
411.7801 208.8188
410.7501 209.1588
409.9501 209.5788
408.8101 210.6788
406.6701 220.7988
405.8801 223.6288
404.9101 223.8488
404.4601 223.6588
403.7401 221.5588
402.6101 218.8788
400.3401 218.4988
396.5501 218.4388
391.5301 217.8588
390.9601 217.6688
390.1401 213.1788
389.9501 212.6888
373.7601 214.5788
373.6601 222.1888
371.9901 224.1188
371.1101 224.2688
368.9201 223.0988
367.8801 222.0088
362.5001 209.8188
361.9501 209.6288
359.3101 209.3988
355.9101 209.3088
356.3901 211.5388
356.0501 213.0288
355.4901 214.0788
353.3701 215.7488
343.5401 221.4488
335.0601 226.0488
329.6801 228.3588
326.5201 229.2688
324.4801 229.2188
324.0301 228.8488
323.1501 228.7588
322.5801 230.1488
321.1801 235.2988
319.1001 239.6488
317.5301 241.2288
313.9901 243.1288
311.6001 244.6788
309.4501 246.9988
308.0601 249.0588
304.7201 255.7588
303.6701 255.6788
290.1201 252.4688
286.4501 251.5488
285.8901 251.2688
285.8901 251.2688
264.9701 279.9388
277.8201 287.0388
271.0801 299.1888
272.3401 314.9588
300.0001 367.1688
284.5601 371.3488
278.7101 381.8388
278.7101 381.8388
321.0701 390.0888
341.5201 393.6988
345.0001 393.0188
348.0101 392.6588
357.7101 391.6088
363.6401 391.2288
366.0401 390.8088
380.2201 389.7188
393.8601 389.0488
394.0601 389.1988
394.9101 389.2388
405.4301 394.4088
412.4301 397.4688
416.8101 399.6588
418.8701 400.1688
419.9501 400.2788
421.6201 400.2088
422.4501 399.8888
423.2101 399.3088
424.2001 398.1688
429.9301 385.5488
431.9501 383.6388
435.5501 379.8988
446.4301 370.2188
447.9301 364.1488
454.5701 342.7588
467.1401 348.6788
467.4901 317.3788
467.4401 310.1688
466.8601 310.3488
464.4401 311.5788
464.1901 311.5788
464.0901 304.9788
463.1801 303.8788
462.8801 287.2388
462.9501 285.0888
487.0901 282.1688

Qashqadaryo
180
421.2601 133.5088
422.4301 134.3188
423.2301 134.6988
424.6201 135.0688
427.2201 135.4688
427.7501 135.6788
428.1501 136.1088
428.1501 136.1088
428.8401 135.9488
446.3901 135.4188
447.8801 135.5988
449.1901 136.1488
450.6201 137.2188
450.8101 137.4888
450.8501 137.8188
455.1601 136.9388
458.4601 133.1288
461.2301 128.4788
461.3201 126.9888
461.5401 126.7788
462.2601 126.5288
465.3401 125.7488
466.8701 125.7888
469.0801 127.1688
472.3501 128.8388
479.9001 130.7088
480.5301 130.5488
481.7001 129.7988
483.3501 128.3588
484.9901 127.2088
485.6801 126.8788
485.9801 126.8888
489.6201 128.4488
490.4401 129.4088
491.5401 131.1888
492.3701 132.1388
493.1801 132.4188
494.3701 132.4788
502.9401 130.9488
503.5701 130.2788
504.0601 128.9588
503.9501 127.6988
503.4901 125.9988
503.5501 125.4188
503.8801 124.9388
504.8101 124.4088
506.7001 124.2588
510.5801 124.4988
511.4001 124.7088
511.8201 125.1888
511.9301 125.5388
511.8601 127.3188
512.2901 127.7988
513.1701 127.8488
517.6301 126.5788
520.1901 125.4888
524.0301 124.2988
525.6801 123.9788
526.6801 124.2088
526.6801 124.2088
527.0601 122.6288
528.4501 120.2188
529.1801 119.4688
530.1401 118.9388
531.9001 118.5688
532.5201 118.1588
533.3701 117.8688
534.1701 117.8488
535.2001 118.0688
536.2801 117.8788
537.3001 117.4088
537.9501 115.7388
538.5201 115.5088
540.1101 115.4288
540.3901 115.1388
540.3801 114.5688
540.0301 114.0588
539.8201 111.5588
540.2601 110.2988
540.3901 108.2488
540.7801 107.6888
540.7801 107.6888
539.9801 106.8688
539.0001 106.2888
535.0101 106.0588
534.1501 105.7988
533.6401 105.5488
532.9701 104.9788
532.5201 104.1388
532.4601 103.7388
533.0001 100.5988
534.0201  98.4988
534.4001  98.0388
534.5501  97.5188
534.6801  93.3188
533.3401  89.0188
532.8001  89.1988
531.3901  90.6288
530.3901  90.9488
528.9601  91.0188
527.8201  90.6888
527.3701  90.3488
526.7801  89.7088
525.9701  88.4088
524.7801  86.1888
515.8901  77.3088
515.1701  73.9588
515.0101  72.4388
514.6401  71.0388
514.1901  70.1688
511.7701  67.7388
509.9401  66.4588
506.4001  64.6088
494.8201  52.5088
494.3901  51.2588
493.3501  46.9888
493.6201  46.0888
493.6201  46.0888
491.2301  48.8788
490.1801  49.5488
488.7001  50.1588
485.5101  50.5088
482.8801  49.6888
482.3101  49.6288
481.0501  49.9588
479.8201  51.0288
477.0301  52.6688
475.2001  54.7388
473.9101  57.0688
473.4401  57.3688
471.5401  57.4788
468.0401  58.5088
467.4101  58.9088
466.9101  59.8788
465.7401  60.2788
464.8701  60.4088
464.1101  61.2088
463.6401  61.3788
462.2701  61.3088
461.4401  61.5788
460.5401  62.1788
458.6301  64.1388
457.7301  64.3788
456.6601  64.3688
455.6901  64.0988
454.9601  62.6988
454.4001  62.7688
454.2601  62.6688
454.1001  62.0288
453.7301  61.8588
453.2001  61.8588
448.5201  62.8188
438.5901  66.7388
436.6401  67.8588
430.2301  71.9888
428.3801  73.4788
425.6801  75.9988
418.0701  83.5988
417.4901  83.9888
414.7601  85.2388
411.2601  86.5688
408.3201  87.9388
406.5901  89.1988
405.9801  89.8588
397.0001  95.4088
394.2801  97.3088
388.7401 102.4388
387.5501 103.7488
387.5501 103.7488
393.1601 109.9788
411.2801 116.6188
411.5601 117.2288
411.3301 117.7388
410.5101 118.9088
409.6801 119.7888
408.9701 120.9888
408.8201 121.8488
409.1701 122.8788
413.5701 127.5888
414.1401 127.6988

Qoraqalpog‘iston_Respublikasi
54
157.4301 493.1388
157.7801 485.4188
155.7701 479.5788
152.5501 474.1388
149.7301 468.0988
148.7201 463.8688
146.5101 463.8688
144.7001 463.6688
143.2901 462.2588
142.6901 459.6388
143.5001 455.0088
144.7101 452.3888
145.5201 449.5688
143.1001 448.7588
140.0801 450.3688
137.6601 448.9588
135.8501 444.9288
133.4301 440.6988
131.2201 438.2788
128.2001 440.0888
127.8001 444.1188
127.6001 450.3588
126.3901 451.9688
126.3901 455.4188
128.0001 455.4188
129.2101 452.5988
131.0201 451.5888
133.8401 452.5988
135.2501 455.6188
135.2501 459.6488
136.2601 462.8688
133.2301 464.6788
130.0101 467.2988
129.4101 469.7188
131.2201 471.7288
133.0301 472.1288
135.0401 471.1188
135.2401 479.3688
138.0601 479.7688
137.8601 482.9888
135.4401 483.5888
131.6201 484.1888
130.2101 483.1788
128.6001 481.1688
126.3901 480.1588
127.8001 482.3688
130.6201 487.5988
132.4301 490.2188
131.4201 493.2388
129.4101 496.0588
130.0101 499.8788
131.0201 503.2988
134.4201 509.7288
134.4201 509.7288

Qoraqalpog‘iston_Respublikasi
397
119.1101 516.5388
118.9301 512.9888
117.3201 509.7688
117.1201 504.9388
113.3001 501.5188
111.2901 498.2988
111.0901 492.4588
108.4701 489.8388
107.2601 484.1988
104.2401 479.3688
102.2301 473.9388
101.8301 469.3088
102.0301 463.2688
103.2401 460.4488
105.2501 456.8288
104.8501 454.2088
101.8301 445.7588
102.2301 440.5288
104.4401 435.2988
106.6501 432.6788
109.6701 431.2688
113.7001 429.6588
116.7201 429.4588
119.3401 427.4488
121.3501 426.8488
122.3601 428.8588
123.9701 429.2588
126.3901 429.0588
128.2001 429.8688
133.2301 431.4788
135.8501 432.6888
137.4601 431.6788
138.2701 428.0588
136.4601 425.8488
133.6301 424.0188
134.6401 420.3988
136.8501 419.3888
138.6601 417.5788
143.8901 416.7688
146.5101 414.5588
149.5301 414.1588
155.5701 413.5588
160.0001 413.3588
163.6201 415.5688
166.0401 414.1588
167.2501 413.1488
171.0701 413.9588
173.0801 414.5588
176.7001 413.3488
181.7301 414.3588
186.5601 415.9688
193.6101 418.7888
194.2101 421.4088
197.6301 421.4088
198.8401 423.2188
197.8401 425.0188
199.4501 428.4388
205.6901 433.4688
210.3201 438.0988
213.1401 443.1288
213.9501 446.9488
212.9401 448.3588
211.3301 449.7688
210.3201 451.7788
214.2001 452.1288
214.2001 452.1288
235.8801 436.4788
238.0901 429.4288
244.1601 423.2988
250.5501 415.5888
250.8401 414.9488
251.4801 414.3588
254.0101 411.3488
259.7101 404.3388
276.5401 383.4388
278.1701 381.8788
278.7201 381.8288
278.7201 381.8288
284.5701 371.3288
300.0001 367.1488
272.3401 314.9488
271.0801 299.1788
277.8201 287.0288
264.9701 279.9288
285.8901 251.2588
285.8901 251.2588
299.6801 232.0788
288.7401 227.0188
288.7401 227.0188
286.1901 225.8088
285.5401 225.9988
285.2701 226.2188
280.7101 233.6288
279.2101 236.3988
271.2101 245.2088
268.1301 247.1188
264.6101 248.9788
255.6601 251.0388
252.6201 251.0588
252.0001 250.8588
250.6101 250.0888
249.8301 249.1988
248.6601 246.8988
248.1501 245.0288
247.4301 244.2588
245.9401 244.2588
243.6901 245.6988
243.4401 246.8588
243.0701 247.7288
241.0501 249.9988
240.3401 250.6088
239.6001 250.8988
237.4401 251.2588
236.0301 251.8388
230.0701 256.3788
221.8401 263.6888
220.2701 265.1888
216.9201 269.0888
211.7501 273.9188
211.0601 274.2288
210.3901 274.8788
210.0201 275.3388
206.9401 280.7288
206.5301 283.1888
206.4901 285.8188
206.3201 286.3988
205.9301 286.8788
200.6501 287.9988
196.3901 286.6088
194.4901 285.7688
191.8201 280.5388
191.8201 280.5388
191.6001 281.0688
191.1001 281.6688
190.5501 282.0588
188.1301 282.8888
187.3201 283.3988
185.5401 285.5888
185.3701 285.5488
185.0401 285.8988
184.1601 285.6988
182.9001 286.9388
182.7101 287.7488
182.9001 288.0888
183.4601 288.5388
186.2801 288.7388
186.6301 289.1888
186.4301 289.9888
185.9201 290.7188
185.5101 291.6888
185.2901 292.6288
185.1301 294.8988
183.8701 296.5388
183.8401 297.2088
184.0201 297.6888
185.1101 298.2688
185.5301 298.0788
186.3801 297.9788
186.8401 298.0888
187.2901 298.5188
187.5401 298.9088
187.5601 299.5488
187.0701 300.7388
186.5901 301.2988
185.6001 301.8988
183.8501 302.1388
183.2701 302.3788
182.4501 303.0888
181.6201 304.2088
180.9401 305.5688
180.3101 306.1288
178.3401 306.7688
177.3001 307.6088
176.9901 307.0588
176.5301 305.6288
176.1701 305.2788
175.6701 305.2688
173.8701 305.8188
173.1901 306.1688
172.7301 306.1488
172.1901 306.3588
170.2201 306.3988
168.6501 306.0288
167.1401 306.0288
165.8001 305.8688
158.3901 305.7688
157.8201 306.2188
157.0901 307.6188
156.4401 307.9188
155.5601 308.9788
151.5201 313.0088
151.4801 313.4088
151.9401 314.6488
151.8301 315.8788
148.4201 320.3288
147.9501 320.7888
146.8401 321.4488
146.4401 321.5088
145.3501 321.2088
144.3901 320.4388
143.8201 320.1988
141.2201 320.3688
140.5201 320.5888
138.9401 321.4488
136.6701 322.1088
136.0001 322.4288
134.2701 323.9288
130.0801 328.5288
125.2701 333.8788
122.1901 337.7788
121.7101 338.2088
121.6801 337.3588
121.3701 336.1788
121.4701 335.6288
122.3601 334.7388
122.4001 334.4488
122.2301 333.9288
121.8901 333.7088
121.4701 333.7188
120.9201 334.0288
120.2901 334.0288
119.7801 333.3988
119.7801 333.2288
120.4701 332.6588
120.7301 332.2388
120.3101 330.0588
120.0001 329.5688
119.5101 329.2688
118.3601 329.6388
115.7101 329.1388
114.6401 329.0788
113.3201 329.7188
112.1101 329.9588
110.9201 330.5288
109.4301 330.9388
106.5301 331.5388
105.6301 331.5088
104.2101 330.9388
103.1701 330.3388
100.8401 328.3988
100.2201 328.3388
 99.8101 327.9888
 99.6301 327.2988
 99.9501 326.5388
101.8101 325.1888
104.1801 323.8588
105.1701 323.4788
106.5201 323.2288
106.9701 322.6888
109.6401 316.4888
110.9401 314.4388
111.5101 313.7588
111.7001 312.8188
111.6601 311.6088
112.1001 311.2088
112.6301 311.3388
115.7801 309.3588
116.7401 308.5688
116.8701 307.8588
116.3601 306.8188
115.9901 306.5588
115.5601 306.5388
113.4501 307.0388
111.5801 306.6588
111.3901 307.3288
111.5101 309.3488
111.4001 310.3988
110.5901 313.2588
109.8801 314.5988
108.9901 315.5888
107.7401 316.4288
102.8901 317.6788
102.0901 317.6288
 99.9101 316.4988
 98.6101 316.0188
 98.4201 316.1188
 98.2301 316.8388
 97.3101 317.4888
 97.0201 317.8588
 96.7501 319.0588
 95.9001 319.8088
 94.9401 319.9888
 93.5101 319.6788
 92.5201 318.9988
 91.9901 319.0088
 91.7201 318.7188
 91.3201 316.8888
 91.0301 316.1388
 90.7101 316.2688
 89.9701 317.1288
 89.5301 317.2388
 88.8601 317.0188
 88.6401 316.6288
 88.3601 315.0788
 88.7001 314.2988
 89.5901 313.4788
 90.0301 312.7588
 90.3601 311.6788
 90.3401 311.1388
 89.9701 310.0888
 90.0001 308.6788
 89.7601 307.5688
 89.8801 306.0188
 89.6801 304.4088
 89.5001 303.8088
 89.1601 303.4188
 88.6901 303.2588
 87.8401 303.2888
 86.1801 303.9788
 85.7401 303.8788
 85.4601 303.3588
 85.1201 302.1588
 85.8201 300.9588
 86.2601 299.8588
 86.0701 299.4388
 85.2001 299.3188
 82.1401 299.8388
 79.5501 298.9488
 77.7801 298.0188
 77.0401 297.8388
 76.4401 297.8588
 74.8201 298.8488
 72.9501 299.2188
 70.6601 299.3988
 65.4901 299.1188
 63.5301 298.3888
 61.0101 297.1488
 58.8201 295.5488
 57.5601 294.4588
 56.4401 292.8488
 56.0301 291.9788
 55.3501 290.3888
 54.2801 287.0588
 53.6701 286.2088
 52.5401 285.1088
 51.8301 284.6788
 50.4601 284.1688
 48.3001 283.5288
 47.5701 283.0888
 46.7101 282.2988
 45.7901 280.3788
 45.4801 278.3388
 45.0301 276.5088
 45.0801 273.7588
 45.3801 271.0788
 45.2401 268.3488
 45.8001 265.9788
 46.2001 264.9888
 46.5801 264.4888
 46.5601 264.2488
 46.9201 264.0888
 47.4501 263.0588
 47.6901 261.9088
 47.7801 261.1088
 47.5801 259.8888
 47.5801 257.5488
 48.0001 254.4088
 48.3001 253.4188
 48.6801 252.6988
 50.5301 250.0588
 51.4401 250.0388
 53.3901 250.6388
 53.8201 250.2388
 53.8601 249.7188
 53.5401 249.0088
 53.1401 248.6088
 52.6101 248.2788
 50.6301 247.5888
 49.7901 246.7988
 49.3301 245.9188
 49.2901 244.4188
 48.9701 243.7488
 48.4801 243.2088
 47.9301 242.9188
 46.6101 242.9188
 44.8101 243.3588
 40.8501 243.6988
 36.7001 244.2888
 29.9501 244.7088
 26.1801 244.7888
 20.3001 245.4688
 16.8101 245.7288
 14.9301 245.7188
  9.7501 246.1888
  0.3301 246.5788
  0.2501 479.1388
  1.7701 479.5288
  3.2001 480.1588
 33.3401 490.0088
 33.3601 490.1388
 35.0301 490.4288
 35.3701 490.7788
 36.3801 491.1188
 49.5201 495.3188
 93.1801 508.8188
 99.8301 511.0388
102.0501 511.4988

Samarqand
165
532.9201 126.0388
532.8101 125.7388
531.2101 126.0488
530.2401 125.8388
526.9101 124.6888
526.6801 124.3988
526.6801 124.2088
526.6801 124.2088
525.6801 123.9788
524.0301 124.2988
520.1901 125.4888
517.6301 126.5788
513.1701 127.8488
512.2901 127.7988
511.8601 127.3188
511.9301 125.5388
511.8201 125.1888
511.4001 124.7088
510.5801 124.4988
506.7001 124.2588
504.8101 124.4088
503.8801 124.9388
503.5501 125.4188
503.4901 125.9988
503.9501 127.6988
504.0601 128.9588
503.5701 130.2788
502.9401 130.9488
494.3701 132.4788
493.1801 132.4188
492.3701 132.1388
491.5401 131.1888
490.4401 129.4088
489.6201 128.4488
485.9801 126.8888
485.6801 126.8788
484.9901 127.2088
483.3501 128.3588
481.7001 129.7988
480.5301 130.5488
479.9001 130.7088
472.3501 128.8388
469.0801 127.1688
466.8701 125.7888
465.3401 125.7488
462.2601 126.5288
461.5401 126.7788
461.3201 126.9888
461.2301 128.4788
458.4601 133.1288
455.1601 136.9388
450.8501 137.8188
450.8101 137.4888
450.6201 137.2188
449.1901 136.1488
447.8801 135.5988
446.3901 135.4188
428.8401 135.9488
428.1501 136.1088
428.1501 136.1088
426.0301 139.9088
425.2201 141.7188
425.0501 142.5288
425.0901 143.1588
426.2601 145.4988
426.7701 146.9588
426.9401 147.9288
425.5901 153.1488
424.6501 154.5988
423.6801 155.4088
422.2001 156.9388
421.8701 157.7088
421.9501 158.0788
422.4501 158.4288
431.1001 161.3488
432.1001 160.8588
434.9501 159.9788
435.5401 159.9888
436.0601 160.2888
436.7701 161.5788
438.6001 167.1188
439.0201 172.9188
438.9701 173.8888
439.1301 174.5888
439.4801 175.1588
440.0001 175.4388
441.0101 175.2688
446.4901 173.1988
447.4901 171.6488
447.9501 170.6088
450.0401 169.4688
455.4201 167.1688
456.6401 166.9688
465.5501 168.8988
467.1801 169.6588
470.6701 172.9488
471.1001 173.5688
471.2401 174.6888
471.0601 175.1388
470.2401 175.2088
468.8101 174.2888
468.0101 174.3888
467.8101 175.3688
470.1101 181.4388
470.9701 182.7788
471.8501 188.8988
472.0201 191.1688
471.6501 191.8888
471.1101 192.0888
470.8601 192.4388
471.4501 197.3488
473.6001 202.0288
474.5101 203.1088
475.6201 203.2988
476.8101 203.2088
477.8401 201.6588
478.8801 200.8688
480.7101 200.6188
482.0901 200.7288
484.4401 202.0188
486.5501 203.9388
487.1301 203.6688
488.1001 202.5488
489.9601 199.8888
491.2201 196.4188
491.2201 196.4188
499.0101 195.4988
503.6201 195.3988
504.5801 193.2188
504.5901 192.1188
503.7601 190.2888
503.6201 189.5188
503.7201 185.5888
504.5601 181.4888
506.4201 179.8288
507.8601 177.0188
507.7901 176.2088
507.3401 174.8688
507.1001 174.7088
505.8601 174.4188
505.7601 174.0688
506.1101 170.3588
511.9401 166.4288
514.0601 165.6288
518.8701 165.2288
530.7401 162.6988
530.9501 162.4588
532.0201 156.4988
532.1001 155.4788
530.8001 155.3288
529.2601 154.9488
527.1001 153.9188
526.4101 153.3788
525.6501 152.4688
522.4301 147.2288
522.3301 146.8588
522.3501 142.6988
522.5601 141.7488
523.2101 140.7888
524.2401 139.7388
528.7701 135.9188
528.7701 135.9188
531.0001 131.2488
531.8301 128.9488
532.7701 126.9988

Sirdaryo
83
596.1301 179.0788
594.5201 178.1088
593.2301 177.7788
590.8401 178.4488
589.8601 178.0088
584.4201 176.2688
584.4201 176.2688
585.4301 182.6788
585.1201 183.3588
577.9901 181.7188
575.7101 180.9288
571.6901 180.1088
567.1201 179.9388
560.5701 180.2488
560.2501 180.2988
559.5901 181.2688
559.2501 182.1688
559.1001 183.1288
559.3001 184.6488
564.2501 195.6888
565.0201 197.6888
565.1701 198.4588
565.0101 198.6588
564.6801 198.5588
562.5701 197.5388
562.4101 197.8088
562.8901 202.6988
564.9901 203.2388
566.8501 203.1388
567.1901 203.7488
567.3601 206.5888
567.3601 206.5888
571.0101 203.4788
572.9001 203.9788
574.8101 202.4088
574.2701 201.2688
579.1401 199.8388
579.9501 200.9588
582.3501 200.7788
586.6601 202.5088
585.8201 204.5988
583.4101 205.8888
582.2801 209.1788
579.0001 213.7088
579.8701 221.1588
578.8701 223.6888
579.7301 224.5888
578.8501 225.9788
575.2301 226.2088
575.2201 227.5088
580.1401 227.1988
580.4601 226.5988
582.8201 228.0688
582.8001 227.8288
583.1101 227.7388
583.3101 226.5388
583.9801 226.2888
584.7801 226.6588
585.7201 226.4488
586.0901 226.0688
585.9501 225.7388
584.5101 225.1888
584.3201 224.8388
584.2901 224.2788
584.8301 223.2188
585.2301 223.5488
585.2301 223.5488
590.0901 218.0288
593.5601 214.5588
598.4801 210.1188
603.1901 206.2088
603.8101 206.1288
606.8401 201.8988
606.3401 197.1988
605.4801 191.8788
604.4701 186.9188
604.4901 185.8588
604.6301 185.2388
605.1301 184.1888
604.8801 179.4588
604.8801 179.4588
603.7701 179.8088
601.2001 179.8288

Surxondaryo
202
573.2701  57.4088
572.2401  53.8788
572.1001  52.6488
569.8001  50.2288
568.1601  47.1288
568.2301  45.5588
567.7601  44.4488
567.8501  43.6588
567.5001  42.7688
565.0001  41.5988
560.9501  40.8988
560.1401  39.4588
556.9801  32.7088
555.8301  31.0488
554.4601  30.0688
552.1701  27.0988
551.1201  24.6688
549.8501  22.2388
548.2601  20.7088
547.0701  16.8288
547.0201  14.2688
547.2801  10.2588
546.7201   3.5988
546.0101   1.1688
545.3301   0.7288
544.7401   1.8388
543.2401   3.0388
542.5001   3.2588
541.1201   3.1088
540.7001   3.1688
539.8401   3.9288
538.8401   4.5188
538.2301   4.4288
536.8601   3.8788
536.1901   3.3388
535.8001   2.8388
535.1001   2.7488
534.6801   3.3988
534.2601   4.7688
533.5201   5.4888
532.7001   5.8888
532.0301   5.7488
531.4601   5.3688
529.5901   3.6488
528.2401   3.1888
527.0901   2.5088
525.8301   2.3988
523.9901   1.9288
523.0301   0.8988
521.5301   0.2688
520.9901   0.4688
520.1301   1.2388
519.9601   2.7688
519.6801   3.2588
518.9101   3.6288
518.5401   4.4988
518.2701   4.7688
517.3001   5.1488
516.8501   5.4888
516.1501   5.3388
515.6901   5.4588
514.1701   6.3088
513.7101   7.0188
514.0701   8.5488
513.7501   9.3888
512.0201  10.2488
510.6601  11.6588
510.2301  11.9188
508.3001  12.6388
506.4201  12.5088
502.8401  10.9188
501.2601  11.1088
500.4401  11.0388
498.2101  10.2788
496.2601  10.7688
495.3101  10.7588
494.2101  10.3888
492.6101  10.7588
491.1601  10.5288
489.9901  10.6488
488.2001  10.5788
486.8901  10.0388
486.4901  12.0488
486.6601  12.7088
487.0901  13.3288
487.9501  13.9588
489.0801  14.5388
492.1201  15.4488
492.4201  16.1788
492.4301  16.9288
492.0001  18.0288
487.4401  23.5688
487.1801  25.0588
487.7401  30.6788
487.4501  32.2088
487.4501  32.8088
487.9001  35.9188
488.6401  37.7088
489.3701  38.8288
490.1401  39.5888
490.6801  40.8588
491.2401  41.5888
493.5201  42.9188
493.9501  43.3188
494.1901  44.1488
494.1601  45.0388
493.6201  46.0888
493.6201  46.0888
493.3501  46.9888
494.3901  51.2588
494.8201  52.5088
506.4001  64.6088
509.9401  66.4588
511.7701  67.7388
514.1901  70.1688
514.6401  71.0388
515.0101  72.4388
515.1701  73.9588
515.8901  77.3088
524.7801  86.1888
525.9701  88.4088
526.7801  89.7088
527.3701  90.3488
527.8201  90.6888
528.9601  91.0188
530.3901  90.9488
531.3901  90.6288
532.8001  89.1988
533.3401  89.0188
534.6801  93.3188
534.5501  97.5188
534.4001  98.0388
534.0201  98.4988
533.0001 100.5988
532.4601 103.7388
532.5201 104.1388
532.9701 104.9788
533.6401 105.5488
534.1501 105.7988
535.0101 106.0588
539.0001 106.2888
539.9801 106.8688
540.7801 107.6888
540.7801 107.6888
541.1701 107.1588
541.8501 106.8688
542.7601 107.1888
543.3801 106.9488
544.4201 107.6688
546.4701 107.8588
547.8201 107.0388
549.2901 106.8988
550.3401 108.2488
552.3901 108.3188
553.4301 108.8688
553.8801 108.8588
554.9901 107.6988
556.0101 107.4488
557.8501 108.4388
559.1001 108.2988
560.3401 107.4788
561.2101 105.6388
561.5201 104.6088
564.2101 102.5088
564.3001 101.7088
564.1601 100.4688
563.8101 100.2488
564.1101  98.0888
562.8501  97.4388
562.2601  96.5388
561.2301  96.2188
558.7301  95.8188
558.3801  95.2588
560.9101  91.5788
560.5501  90.9088
558.9601  90.7188
557.6901  89.4988
558.1101  88.0188
558.9801  86.0788
558.9701  85.6288
558.5001  85.0688
558.1701  79.7588
560.5901  76.5488
561.5901  75.7388
561.2201  74.6188
560.2901  73.1688
560.0401  72.1588
560.4901  72.1488
561.9701  72.7988
562.4301  72.7888
564.1001  71.8488
565.5101  69.4488
565.7201  68.6588
565.8001  67.2988
566.0201  67.0688
567.3601  66.5888
568.8101  65.8788
569.8101  65.1888
571.7801  62.6588
571.8001  62.2788
572.5201  60.9588
573.6101  59.4688

Toshkent_City
59
618.9401 250.3888
618.9901 250.9588
618.9001 251.0988
618.6601 251.0988
618.3601 250.8488
618.2301 250.4788
617.4801 250.2488
616.7701 249.4988
616.0701 249.5688
615.7101 248.9088
615.1601 249.1788
614.5901 249.0688
612.9901 249.9088
612.7901 249.8888
612.5301 249.5488
611.7101 249.1788
610.6801 249.3888
610.5701 249.5688
610.4301 249.5688
609.2301 248.2488
609.1301 247.3988
608.6801 246.1488
608.5401 245.2788
608.4201 243.8188
608.5101 243.4788
609.4401 243.2588
609.7301 243.0488
610.0601 243.2288
610.5401 242.9788
610.8601 242.1388
611.0201 242.0888
611.3801 242.3188
611.5501 242.0688
612.2401 241.9388
612.8101 241.9988
612.8201 242.4788
613.9001 243.3488
614.9901 243.2588
615.7101 243.0288
615.5501 242.6188
615.9801 241.6788
616.3501 241.4288
616.9801 241.5188
618.0301 242.5688
618.4101 243.4388
618.3401 244.6188
617.9601 245.3488
617.6701 245.6188
618.1501 246.3788
618.4901 246.6288
618.3601 246.9688
618.4101 247.4488
618.7001 248.1288
618.8501 248.2488
619.2501 248.1988
619.1601 248.8588
619.4401 249.1288
619.5601 249.6088
619.4501 249.9288

Toshkent
373
705.7401 300.7488
705.5901 301.1288
704.9401 301.6388
704.1501 302.0188
700.8201 305.0188
699.8801 305.5588
698.1301 305.7688
696.9101 306.4688
696.4501 306.4888
695.5901 306.2788
694.4501 305.7788
693.2001 304.6188
692.5201 304.5888
691.5801 304.9288
691.1601 304.8888
689.3901 302.6488
688.3701 301.9588
687.4101 301.5288
686.2301 300.6388
685.5301 300.6188
684.4701 301.6288
683.9501 301.4688
683.3701 300.9088
682.7001 300.1788
681.8601 298.7988
681.0401 298.1388
680.4901 297.2388
679.5101 296.4588
678.7601 295.3688
678.6101 294.1088
677.7001 292.3088
676.6001 289.3188
676.6501 289.1188
676.4301 288.6388
675.6901 288.3788
675.2701 288.3988
674.0401 289.5288
673.2901 289.7388
673.1401 290.3688
673.2501 291.9788
672.7001 292.8888
670.1601 294.2788
667.4701 296.6488
667.1001 296.8088
666.4101 296.6688
666.0401 296.2088
665.7401 294.0888
665.5201 293.7188
664.5501 292.8488
664.2501 292.1588
662.6701 291.1988
662.3601 290.6988
662.4901 289.5288
662.8301 288.1388
662.7501 287.0588
661.7101 286.3188
660.7501 286.0088
660.2601 285.4588
659.7201 285.4788
658.5601 284.9288
657.6701 283.6288
656.6001 282.7288
656.1601 281.9688
655.4201 279.9588
654.8301 278.9488
651.6401 277.3488
650.3001 276.3888
649.5701 274.2488
649.2501 273.9488
648.9201 273.8288
648.5601 273.9488
648.4001 274.2388
648.4501 274.7988
648.0701 275.4688
647.6801 275.5388
647.0001 275.3388
646.7401 275.0288
645.0901 271.0388
642.1601 269.8388
640.9601 270.8788
640.2201 271.2088
639.7201 271.2088
638.0501 270.1588
636.0101 269.8288
635.7601 269.9588
634.9201 269.8288
634.6101 269.6288
634.4101 269.1888
633.8801 268.6588
633.2001 268.3288
630.4601 267.6788
629.9401 267.4488
628.7201 266.3088
628.4301 265.7988
627.4801 265.0888
626.1801 263.6988
625.7801 263.1588
625.2801 261.5988
625.0501 261.3188
624.3101 260.9388
623.0901 260.5888
622.7101 260.6488
622.3801 260.5288
620.7001 259.0988
620.0301 257.9988
620.0501 257.4788
620.3801 256.9388
621.5501 256.1788
621.2101 255.1688
620.8001 254.9588
618.5901 255.3088
618.0601 255.0788
617.2301 255.0388
615.9201 254.6888
615.4501 254.7088
614.4501 255.2888
613.8901 255.4288
612.7901 255.2988
612.4301 255.4188
610.9301 255.0988
609.7801 254.4088
609.1401 252.5088
608.7001 252.0088
606.4701 250.7488
605.3301 247.9088
604.6701 247.4488
604.1601 247.5088
603.5701 248.0888
603.2801 248.2088
602.7701 248.0488
600.7901 244.9788
600.6001 242.2688
600.3701 241.8988
598.9801 240.7288
598.6801 238.9288
598.4701 238.7888
597.6201 238.9388
596.9401 238.4788
596.2901 237.6188
594.8801 236.2488
593.3501 234.2288
592.6101 233.0788
592.1301 231.9788
590.4701 229.8888
589.7501 228.2188
589.6001 226.7088
589.4301 226.3588
588.1001 225.1488
586.2701 224.4288
585.2301 223.5688
585.2301 223.5688
590.0901 218.0488
593.5601 214.5788
598.4801 210.1388
603.1901 206.2288
603.8101 206.1488
606.8401 201.9188
606.3401 197.2188
605.4801 191.8988
604.4701 186.9388
604.4801 185.8788
604.6201 185.2588
605.1201 184.1988
604.8701 179.4688
604.8701 179.4688
607.4201 179.2488
608.0601 179.2988
609.1101 178.9288
610.2001 179.0188
610.9701 179.2688
612.2701 178.9588
614.2301 178.9188
615.3501 178.2988
615.8301 178.6988
614.9901 180.8188
614.5801 181.2388
613.2001 181.5088
612.7901 181.9288
613.0301 182.7788
612.6801 183.3588
612.8601 183.9788
614.6101 183.7388
615.4401 183.7988
616.5701 184.8688
616.5801 185.7788
616.9101 186.3288
616.8901 187.5388
615.8501 188.3688
615.4301 188.8688
615.4401 189.6988
615.1501 190.5088
614.7501 190.8588
614.9901 191.7088
614.5201 191.8988
613.9101 193.9688
613.4901 194.4688
613.5001 195.2988
613.8501 195.7088
613.8901 196.4688
613.2301 197.0388
611.8901 198.8888
611.8201 199.2188
612.0901 199.8588
613.6501 200.9088
615.4701 201.1488
616.3401 200.9788
616.6401 201.0588
616.9001 201.3288
616.8701 201.5088
617.2701 202.2588
617.7501 202.4888
618.0101 203.7588
617.4501 204.9888
617.1101 206.1188
617.3201 209.6288
617.3801 209.9488
617.7101 210.3388
617.9101 211.2888
619.7501 213.8788
621.3901 214.0788
622.0501 213.7488
624.5801 213.0488
625.7901 212.8988
626.5401 212.1588
627.3901 210.4488
627.6401 209.2588
628.1901 208.4788
629.4501 207.5788
630.1801 206.6988
630.8701 206.5888
631.2701 206.3788
631.7701 205.0788
632.0701 204.6688
632.7301 204.5188
634.3501 204.6288
635.2801 205.2188
636.6801 208.2388
637.1301 208.6388
637.8401 208.8488
639.2701 208.4388
639.5701 208.4688
640.5101 209.4788
641.6201 210.1388
642.0501 210.1488
643.6401 209.1688
643.8501 209.1588
645.0301 210.2788
645.7901 210.7688
647.8201 211.0588
648.6501 211.4188
649.7101 212.3188
651.1401 212.8788
653.5201 215.1988
653.8301 215.6388
654.1101 216.5088
654.6001 217.0988
655.1901 217.2088
656.2201 216.7988
657.3601 216.6188
658.8201 217.5588
659.7001 217.9488
660.4201 218.9688
662.0601 219.9588
663.2601 219.9888
663.9401 220.2188
664.3101 220.5788
664.8201 221.5888
664.8301 221.9488
664.5401 222.8788
664.6901 223.5988
665.3701 224.4188
665.4001 225.1788
665.7001 225.7088
665.4201 226.9888
665.5301 227.4488
665.9101 227.7288
666.3101 228.6688
666.8601 229.2688
668.1601 229.7888
669.1901 229.5388
669.1901 229.5388
668.9901 229.9588
669.1401 230.8388
669.1101 232.5888
668.8701 234.9188
668.2101 236.2588
666.3001 238.8788
665.6301 246.1788
668.6001 250.2888
669.2801 252.2188
669.2801 252.2188
668.7901 253.2288
668.3101 253.7888
667.4601 254.3488
666.2501 255.7988
665.0801 255.9188
664.5801 256.4388
663.9501 257.9088
663.5501 258.1788
662.2401 258.7388
661.1701 258.9188
660.2001 258.8588
659.6801 258.5788
658.8601 258.4788
657.9201 258.7188
656.6701 258.6288
656.0401 258.9988
655.8801 259.3688
655.7101 260.6088
655.7901 262.5788
656.0701 263.3188
656.4801 263.8988
657.7501 264.4388
658.4401 264.5588
659.7201 264.4488
661.3801 265.9888
662.6801 265.9388
663.5301 266.3388
665.0401 267.7988
665.6201 268.6988
665.9201 268.9288
667.9901 270.0588
668.5301 270.2188
670.1901 271.3488
670.8601 272.6888
670.9501 274.8988
671.1901 275.3888
671.8101 275.9788
673.0501 276.5388
675.2201 278.0588
675.5501 279.2688
676.6701 280.0688
677.0401 280.4888
677.7801 282.0188
678.8301 283.0988
680.0201 283.6688
680.6701 283.7188
681.5501 283.3988
681.9601 283.4088
682.1301 283.5988
682.3001 284.4188
682.5201 284.6188
683.2001 284.1588
684.2401 283.7988
685.1201 283.7888
685.5501 283.9388
686.4401 284.8388
686.7401 285.3488
686.9001 287.1688
685.9901 288.7488
686.3301 289.6488
686.9801 290.3088
687.1001 291.0388
687.2701 291.3288
687.8701 291.6188
688.6701 291.6188
690.5401 290.5788
691.3501 290.3788
692.1201 290.3788
693.1701 290.8988
694.4601 291.9988
695.1401 292.2988
696.9001 294.1088
697.7101 294.4188
700.3901 296.9788
701.4701 297.3888
702.2901 297.4188
703.5601 297.1088
703.9601 297.7288
704.6601 298.2688
705.1101 298.4488
705.3101 298.7288
705.4101 300.2988

Toshkent
57
619.5201 249.3188
619.1601 248.8588
619.2501 248.1988
618.8601 248.2488
618.7001 248.1388
618.4101 247.4588
618.3601 246.9788
618.5001 246.6388
618.1601 246.3888
617.6801 245.6388
618.2501 244.8888
618.4201 244.3388
618.4201 243.4488
618.2701 242.8988
617.3201 241.7588
616.9901 241.5288
616.3501 241.4388
615.9901 241.6888
615.5601 242.6188
615.7201 243.0288
615.0001 243.2588
613.9201 243.3488
612.8401 242.4788
612.8201 241.9988
612.2501 241.9288
611.5601 242.0688
611.3901 242.3188
611.0301 242.0888
610.8701 242.1388
610.5401 242.9788
610.0601 243.2288
609.7301 243.0488
609.4401 243.2588
608.5101 243.4888
608.4201 243.8288
608.5401 245.2888
608.6801 246.1588
609.1301 247.4088
609.2301 248.2488
610.4301 249.5688
610.5701 249.5688
610.6701 249.3888
611.7001 249.1788
612.5301 249.5488
612.7901 249.8888
613.0001 249.9088
614.6001 249.0688
615.1701 249.1788
615.7201 248.9088
616.0801 249.5688
616.7901 249.4988
617.4901 250.2488
618.0901 250.3588
618.4701 250.9788
618.9201 251.0888
618.9601 250.3788
619.4701 249.9188

Xorazm
175
282.5401 204.5488
281.2801 207.4088
280.7601 208.1588
280.0701 208.7688
279.7701 209.5788
279.6101 212.3488
279.1501 213.0888
278.8901 214.1188
277.6701 216.1588
277.5801 217.3788
277.7401 218.5588
277.6701 220.5388
277.5201 221.0188
277.2701 223.8688
277.5001 225.4888
277.2801 225.8888
276.7701 226.0988
276.5901 226.8188
276.6101 227.4588
276.3201 228.2688
275.5801 229.2088
274.1101 229.9888
273.5401 230.0988
273.0901 230.3588
272.7901 230.9188
272.9801 231.8588
272.6101 232.9088
272.1401 233.7788
270.9201 234.5088
269.0401 236.4888
267.9101 236.8288
266.4201 237.8388
264.3901 240.2488
263.9101 240.5488
262.6401 240.6788
261.9801 240.9088
261.4901 241.2488
261.0801 241.6288
260.8001 242.5788
260.4201 243.2988
259.5701 243.9388
259.1001 243.9488
257.8001 243.3788
256.0301 243.5188
255.2901 243.7388
253.6801 244.6388
251.9201 244.9288
251.4001 244.8888
250.9301 244.5788
250.1101 243.1088
250.1701 240.4588
249.7201 239.6588
249.4401 238.0888
249.0101 237.1788
248.6601 236.7888
248.1701 236.4588
247.1201 236.2988
246.9701 236.1588
245.3001 235.9688
244.9701 236.0688
243.6501 236.0188
243.4501 236.1488
243.1701 236.0488
242.4701 236.2088
239.3701 237.6888
237.2401 239.9188
236.9001 240.0688
234.8901 239.8888
233.5701 241.4488
228.6601 241.6688
228.2401 241.4588
227.2001 241.5288
225.0201 241.2088
222.4401 241.3288
220.7601 241.0188
216.8301 241.0088
212.0701 240.7088
211.1901 240.7588
208.5901 240.3288
207.6401 240.3888
206.9201 240.6288
203.6801 242.5688
200.7701 245.1688
194.6601 249.3388
191.2901 251.2688
190.1301 252.3088
189.5601 253.5488
189.5401 254.2388
189.7001 255.0288
189.7401 258.0188
190.0201 259.8788
190.4001 260.6888
192.5401 262.6888
192.7901 263.2988
192.7901 264.4688
192.5201 265.3588
191.3901 267.3788
190.2401 268.9088
188.3901 271.7988
188.0101 273.2988
188.5301 274.5388
189.0901 276.7888
189.3301 276.9288
189.6401 276.9088
190.5401 276.4188
191.5401 276.4388
193.5201 275.7188
194.6301 275.1888
195.9101 274.1388
197.1001 274.1688
197.8801 273.5388
198.7001 273.2688
198.9601 273.6688
199.6901 273.6588
199.9501 273.8188
199.9801 274.2588
199.4601 274.9588
198.3301 275.8488
197.1701 277.1688
195.9201 277.7388
194.2701 278.1088
192.8801 278.9788
192.1201 279.8288
191.8101 280.5488
191.8101 280.5488
194.4801 285.7788
196.3801 286.6288
200.6401 288.0188
205.9201 286.8988
206.3101 286.4188
206.4701 285.8388
206.5101 283.1988
206.9201 280.7488
210.0001 275.3588
210.3801 274.8888
211.0401 274.2388
211.7401 273.9288
216.9101 269.0988
220.2601 265.1988
221.8301 263.6888
230.0601 256.3788
236.0201 251.8388
237.4301 251.2588
239.5901 250.8988
240.3301 250.6088
241.0401 249.9988
243.0501 247.7288
243.4201 246.8588
243.6801 245.6988
245.9301 244.2588
247.4201 244.2588
248.1401 245.0188
248.6501 246.8988
249.8201 249.1988
250.6001 250.0788
251.9901 250.8488
252.6101 251.0488
255.6501 251.0388
264.6001 248.9788
268.1201 247.1188
271.2001 245.2088
279.2001 236.3988
280.7001 233.6288
285.2601 226.2188
285.5301 225.9988
286.1801 225.8088
288.7301 227.0288
288.7301 227.0288
291.9701 223.6988
297.8801 217.0188
298.5601 215.8688
298.5301 214.3288
297.7401 210.5288
293.1501 205.3988
286.8701 197.7888

