698 601

Western
506
  0.2960 270.4612
  1.1940 270.0382
  3.7470 267.5502
  5.9320 266.3832
  6.7400 266.2312
  8.6840 266.8832
 10.0300 267.6142
 10.7380 268.7132
 12.2290 269.7572
 12.6620 270.7252
 13.2310 271.3392
 13.7850 271.5492
 14.3900 271.4322
 17.1450 270.0581
 19.5890 267.6351
 21.2850 266.6061
 25.1290 262.8421
 26.1090 262.4341
 28.6010 260.7831
 29.5810 260.3781
 30.2670 259.6781
 30.6640 258.7071
 31.3450 257.9991
 32.8770 257.2621
 35.1140 256.9201
 37.0610 255.6301
 37.5790 254.5611
 38.2770 253.8731
 39.8080 253.5141
 41.7220 252.4111
 42.5310 252.5541
 43.5000 253.3141
 43.7290 255.5031
 44.5450 257.5751
 45.1530 257.8071
 47.7190 257.9761
 48.3390 258.3951
 49.2750 259.5561
 49.6770 259.8111
 50.7540 259.9241
 51.6230 259.7741
 54.3180 257.9021
 57.3050 256.2771
 58.1030 255.4511
 58.7030 254.2981
 59.0400 253.1721
 59.7320 252.4541
 60.3440 252.2791
 61.1710 252.3481
 63.3260 253.5531
 64.2480 253.5111
 65.6490 252.6371
 65.9030 249.8581
 66.9390 248.4931
 67.4140 248.2461
 68.9000 247.9891
 69.7340 247.5621
 71.8640 247.5031
 72.4470 247.2741
 72.5640 246.7141
 72.3500 246.2901
 71.9240 245.6881
 70.7530 244.6391
 70.5950 243.2831
 70.8270 242.8421
 71.2900 242.6441
 72.4770 242.7671
 72.8130 241.6131
 73.3650 241.3261
 75.8240 242.0781
 77.7790 243.2191
 80.9490 243.4771
 81.7260 244.0141
 83.5270 245.7551
 84.7980 246.6471
 86.8000 247.3581
 89.3930 247.5211
 90.3780 247.9991
 91.7840 248.2871
 93.3070 249.0331
 95.9120 250.7681
 98.1590 251.1071
 99.6120 252.6541
100.8110 252.1541
102.2120 251.2121
102.9270 251.0861
105.8890 252.7361
107.6870 253.1781
108.2500 254.1231
108.5170 254.2661
109.2480 254.1061
109.6020 252.6881
110.1160 252.3351
112.2600 252.1971
113.6810 251.6941
114.7770 252.2031
116.1670 252.4111
117.2770 252.2021
118.0740 251.7371
118.6900 251.6921
120.3290 252.4851
121.5680 253.5062
123.1960 253.7421
123.6710 254.1731
124.1900 255.0741
124.5590 255.3402
124.9970 255.2781
125.7030 254.5311
126.4650 254.4811
127.5590 255.2671
128.5030 256.2542
130.1680 256.6102
132.3300 257.6131
132.8660 257.5801
134.0760 256.9931
135.3860 255.8261
136.1720 255.8071
136.5550 256.1912
136.6580 257.6092
137.1770 258.2312
137.5630 258.3832
138.0090 258.2582
138.4360 257.7232
138.6290 256.1761
139.0590 255.4151
141.7480 254.4251
144.3110 254.4451
145.1410 254.8721
146.2150 255.1001
146.7090 255.4251
147.1750 256.3221
148.2510 256.8191
148.9880 256.4121
150.4380 254.6341
151.4810 254.0931
152.0420 253.4261
152.6460 253.0491
154.0020 253.0631
154.3550 253.3481
154.6240 253.9801
154.9790 254.2231
155.5630 254.1951
156.4050 253.6511
158.1530 254.2591
159.0090 254.2172
159.3540 253.9222
159.9200 252.6552
161.2700 251.4582
161.9780 250.5782
162.2340 246.8191
162.9820 245.2601
163.9110 244.3301
164.4120 244.0941
165.9060 243.8371
166.7460 243.4101
168.5140 243.2081
169.5180 242.7261
171.4520 242.4851
172.9700 241.7311
174.1870 240.6961
175.1820 240.3901
176.3240 239.7641
177.8200 238.5421
179.9270 238.4991
181.2630 239.0981
182.0750 239.1711
182.6830 239.0031
183.4640 238.1571
184.1630 236.1821
184.1960 234.9591
183.7180 233.9791
183.3950 232.6021
182.2490 231.0721
182.0370 229.3151
181.5240 228.1261
181.3310 225.6891
180.4320 224.7531
179.0290 224.1201
177.4890 223.7911
176.7750 223.0981
176.6070 222.6141
176.6510 216.8571
178.2970 214.7551
179.5110 213.7371
180.6020 213.1091
181.2940 212.9671
183.1370 213.5731
189.0810 213.6431
192.8450 215.5271
195.0300 215.7861
197.4320 216.9091
198.1780 217.0551
199.4850 217.0021
200.9400 216.4141
201.7400 216.4731
202.3690 216.8141
202.8820 216.8241
203.2850 216.5662
204.3770 215.2622
205.1470 214.9692
207.0850 215.0092
208.4500 215.6692
208.4500 215.6692
209.1420 214.9772
209.0780 214.2562
207.0990 210.1732
206.9480 203.7242
206.6550 203.3442
205.8580 203.0042
205.1700 202.3202
204.7500 200.5382
203.8100 199.1572
203.5780 198.4362
203.6730 196.6102
205.5460 193.0282
205.6560 191.0932
205.5420 189.1542
204.7270 187.4742
204.0120 186.8112
203.2230 186.4722
202.9550 186.0842
202.9510 185.4132
203.4930 183.9292
203.4520 183.3762
203.1880 182.8852
202.5670 182.5002
201.1170 182.5122
200.3490 182.3092
197.4800 179.4872
197.3770 178.7332
197.8570 177.7762
197.9690 176.8622
197.7950 172.5632
197.7950 172.5632
199.1600 170.4632
199.2160 169.5462
197.3860 167.5292
197.1750 164.1752
196.4230 162.6642
195.8630 162.3502
194.1130 162.1882
193.2420 161.4482
193.1960 160.5232
194.4000 159.0362
194.4570 157.4072
194.2830 156.9322
193.5690 156.2062
191.9010 155.1892
191.7250 154.5662
191.8500 154.1102
192.5000 153.3982
193.2660 152.7822
194.2560 152.3992
195.0480 151.5642
195.1640 150.9222
195.0270 150.1162
193.8520 148.8122
193.6010 147.9042
193.9200 146.5032
195.3480 144.9782
196.2810 144.2812
197.5800 144.3322
198.4480 145.0782
199.5710 146.5022
200.0030 146.7082
201.1010 146.2902
201.9540 145.2982
202.0450 142.9842
201.4040 140.8292
201.2380 137.5112
200.4580 134.8662
199.6270 134.3492
199.3620 133.9842
199.2960 132.9792
199.7220 131.4502
198.6620 130.0562
198.5200 128.5452
198.7360 127.7082
201.1460 125.2442
201.6620 124.3922
202.6330 124.7212
203.5580 124.6562
203.9630 124.3742
204.3550 123.4872
202.6990 123.3482
202.4400 122.1962
201.4210 121.6562
200.0000 120.2702
199.3790 119.1092
199.0150 117.9762
197.3430 115.4892
197.1740 114.8572
197.0990 112.8572
196.8120 112.2842
195.8510 111.7002
194.4200 111.3352
193.3750 110.7882
191.3750 108.9192
189.7110 108.4962
188.6030 107.5002
187.0330 106.5112
183.8510 102.0322
182.6450 100.7262
181.6930  99.1262
180.2560  97.7612
178.7340  97.4322
178.2660  96.7472
178.2620  96.2162
178.6180  95.5032
180.5610  93.6372
181.6450  93.1562
182.9430  91.8682
183.3570  89.9272
184.1120  88.6822
184.5860  88.4912
186.1770  88.3442
187.3270  87.8232
191.0610  87.6822
192.7380  86.8972
193.4390  86.1872
193.5970  85.0682
192.9400  83.4322
192.9330  80.6942
194.1160  77.2002
194.4350  75.5191
194.8940  74.6852
194.9870  73.3902
194.8380  72.4362
194.2360  71.1632
193.2820  70.0262
191.8360  69.4242
190.1990  68.4232
188.6020  67.9822
187.5450  67.3022
187.3830  66.4672
187.9010  65.1472
188.0090  64.4222
187.7330  62.9862
187.1700  62.0432
186.5280  61.4422
184.0480  60.2712
183.3420  59.2002
183.1280  58.2652
183.1590  57.1122
183.7710  55.7792
183.9170  54.2662
183.0140  52.4002
181.9660  51.1542
181.5460  50.1772
180.0070  48.8002
179.0840  47.5342
179.0150  46.3892
179.4390  45.3282
179.1750  44.0882
179.6090  42.9872
179.6260  41.5152
179.3780  40.9292
176.9980  38.4092
176.8330  34.6652
176.5130  33.4772
175.9470  33.2702
175.2030  33.2752
175.2030  33.2752
174.8960  33.2902
174.6000  32.8732
173.8880  32.6542
172.7290  33.1592
171.8650  34.2652
171.0530  34.0882
169.9970  34.2092
169.0950  34.6742
168.3550  34.5262
167.8020  34.0091
167.3740  34.0201
166.4170  34.2421
165.6110  35.2341
164.3020  34.9271
163.7980  35.6071
163.0550  35.8031
162.3680  36.3111
161.9250  36.3231
160.5170  35.8021
160.1460  35.8561
158.4860  35.0741
157.0890  35.0171
155.2910  33.6751
154.0910  33.7921
152.7810  33.6381
151.8080  34.0281
150.5060  33.2941
150.0920  33.3211
149.5310  34.2441
149.5740  35.4921
148.1940  36.9911
146.8230  37.5411
145.1210  37.6741
142.6650  38.2861
140.1040  37.2261
140.3990  36.8551
139.6800  36.3631
136.6660  37.0671
135.2670  37.0731
134.1230  37.7051
133.5520  37.6861
 85.3610  27.6741
 85.1140  29.3421
 83.1840  31.2061
 82.6120  31.4901
 81.5560  31.4021
 79.9700  32.9391
 79.2850  32.9381
 78.5160  32.4801
 77.9440  32.9931
 76.8020  33.5181
 74.1930  33.2291
 73.3930  33.8991
 73.2920  34.6401
 72.7780  34.8961
 72.2350  35.6941
 71.5930  36.1921
 70.7930  37.5741
 70.0650  37.8581
 68.5970  38.0861
 68.2970  38.3131
 68.6250  38.7851
 67.5690  39.6951
 67.5250  40.7501
 67.3550  40.8921
 66.0860  41.0201
 65.3730  41.3901
 64.9020  41.9031
 64.1890  43.4701
 63.4310  45.9621
 62.7070  46.0621
 62.2360  46.3751
 61.4350  47.5941
 60.4840  48.3831
 60.3990  49.4501
 59.7290  49.7071
 59.5290  50.1491
 58.9030  50.7891
 58.2630  51.0161
 58.1060  51.3151
 55.1880  53.0681
 54.6470  53.5101
 54.0650  54.4061
 49.7530  55.9331
 48.3590  56.5891
 48.1040  57.2011
 48.4890  58.0551
 47.3380  59.8191
 44.1840  62.2991
 44.0570  62.5831
 44.1430  62.9671
 43.4320  63.3241
 43.1780  64.4331
 41.5440  64.8901
 41.3020  65.2611
 41.6300  65.7291
 41.5600  66.0001
 38.2540  69.1761
 37.2740  69.8461
 37.0210  70.6711
 35.0090  73.0761
 33.2510  74.5301
 31.6910  75.4851
 31.0110  76.1691
 29.8790  77.4501
 29.8680  78.6001
 28.0970  79.7271
 23.1760  85.0661
 21.4340  85.9381
 21.5060  86.4211
 21.3380  86.9031
 20.4900  87.6161
 19.0800  89.8481
 17.1400  90.5801
 16.3500  91.5481
 16.2250  92.5001
 15.9590  92.9101
 15.2520  93.3521
 13.7210  93.5021
 13.0320  94.6251
 11.6180  95.3681
 10.9130  96.1381
 10.2800  97.2461
  9.4630  98.2421
  8.0880  98.1791
  7.7780  98.4071
  8.4470  99.0411
  8.5910  99.3941
  7.9490 101.2961
  8.1910 101.5771
  8.0170 103.6031
  7.4770 105.8721
  6.7370 107.9291
  5.9750 108.4841
  5.4290 109.5491
  4.4030 110.8981
  4.7630 111.9151
  4.7380 112.6231
  3.6790 113.0541
  3.0200 113.9911
  2.1590 114.5331
  0.9920 115.6431
  0.4580 116.2691

Central
628
465.5730 363.4762
466.9430 364.7162
467.8090 366.3662
467.9600 369.6192
468.2770 370.3332
470.6250 371.5692
471.8020 371.9282
472.4560 372.3302
473.8530 372.6222
474.5120 373.0322
475.4940 373.1862
476.5650 373.1232
477.5510 372.6102
478.8190 371.1992
479.6380 369.2602
479.8660 367.3202
482.1420 364.0302
483.5200 363.0242
485.3260 362.6252
485.7940 362.1052
486.3020 360.9872
487.6610 360.2722
489.0740 360.0022
489.7260 359.5982
492.8150 358.6172
495.4280 357.5022
497.2420 357.2972
498.3560 356.7842
501.3980 356.6312
501.7810 356.3832
502.6660 355.0012
503.0490 354.7522
505.9270 354.6622
506.6530 354.4142
507.2460 353.8042
507.4020 353.3482
507.4170 350.3462
507.2730 349.5042
506.8470 348.8642
506.1790 347.1002
506.1730 346.4742
506.8080 345.1192
507.2810 344.5912
508.4060 343.8322
509.7380 343.4232
510.7320 342.6992
510.8690 341.1902
510.2260 339.2312
510.3460 338.3802
512.6780 335.8102
513.6730 335.4422
515.3760 335.5792
516.9580 337.3132
517.5660 337.5152
518.1480 337.3972
518.4300 337.0672
518.7120 336.0662
519.4920 334.5592
520.7440 333.6062
521.7350 333.2362
522.5020 332.4142
522.4410 331.5102
521.7180 330.1822
520.6510 328.9862
519.9970 327.1022
521.1420 323.3962
521.0960 322.2132
520.6700 321.3522
520.7590 320.9492
521.1150 320.5352
522.0740 319.8712
523.0670 319.4802
524.3760 318.3322
526.7880 317.0872
527.7300 316.9382
531.6220 316.8812
532.7830 316.3581
534.6970 316.1011
535.5360 315.6681
538.1840 315.4381
539.6960 313.9972
540.0880 313.0151
540.9220 311.9012
542.8380 310.2522
543.3070 310.0791
544.9960 310.0851
545.9280 310.6371
546.7420 311.9222
546.9520 314.5402
547.3650 314.9632
548.4390 315.4931
552.6910 315.8792
554.1240 315.4532
555.6430 314.6902
556.9410 313.4302
557.2050 312.6692
557.2650 309.3582
557.7530 308.3552
557.8800 307.6722
557.9180 298.3482
558.7530 296.5102
559.9770 294.6832
561.0990 293.6722
561.8940 292.5601
562.0370 291.5212
562.0640 286.5322
562.0640 286.5322
560.4220 284.8232
558.3180 284.5202
557.5000 284.0922
556.0900 283.8082
554.8360 282.9022
554.2130 282.0522
553.4900 281.4292
552.3280 281.5392
551.9130 281.3572
551.0880 280.3192
550.7100 279.3182
550.0110 278.3002
549.0880 277.3902
548.4100 277.1172
546.4540 276.9852
545.8150 276.6951
544.4530 275.1641
543.6040 274.5371
542.6870 273.2951
542.6030 272.1231
542.9370 270.8531
542.4560 269.0961
541.6770 268.2611
540.0350 267.1891
539.6170 265.5461
539.3200 265.3072
537.3620 265.1781
536.3780 264.2241
533.9740 262.8991
533.7300 262.4061
534.1450 261.3171
533.9650 260.7472
532.4150 260.2551
531.9320 259.3541
530.4480 257.9561
529.7300 256.8711
529.1130 256.4761
527.7600 256.3491
486.1370 256.4041
484.7480 256.2921
484.0610 255.9501
483.9500 255.4281
484.0960 255.1641
485.1780 254.9121
485.6100 254.5101
486.5370 250.9221
487.3160 249.0321
489.2120 248.2541
492.5580 247.2581
494.4100 245.9591
495.3170 244.4292
495.3790 242.0082
495.1820 241.3891
494.2100 240.3021
493.7190 239.2331
493.1040 238.6381
492.1170 238.2441
489.4640 236.2601
488.7570 234.7831
486.5200 232.7351
485.5720 231.1452
484.5070 229.7942
483.2560 228.9222
481.7410 228.8941
481.1260 228.6521
480.8360 228.1311
480.7570 226.8181
480.5440 226.2531
479.6070 225.8071
478.2670 224.7201
478.0450 224.0541
477.8900 222.0971
477.4400 220.9281
477.1650 219.4331
476.7220 218.6291
476.5100 216.7412
475.9700 215.1432
476.2540 214.3392
477.8410 213.2322
477.9770 212.5601
477.8550 211.5261
477.8550 211.5261
474.7360 211.3971
471.1330 209.6281
469.7340 209.2601
467.5260 208.1821
465.2890 207.4501
463.6480 207.2301
461.4080 206.5061
459.8710 205.7391
458.5180 204.7031
457.1230 204.0271
455.7210 203.6671
451.6930 201.6661
450.3390 200.6451
448.8170 199.8361
447.2440 199.1381
444.7600 198.8871
443.3710 198.2041
441.6920 197.0561
440.5930 196.9351
430.9170 196.9371
429.2110 196.3862
427.6090 196.1502
426.4390 195.6921
424.6600 195.4231
423.2600 194.7521
421.0440 193.2791
418.9910 191.5431
414.8280 189.4791
413.0120 189.2321
411.3530 188.4451
410.7690 187.7481
409.8020 185.7861
408.4330 183.7351
407.8600 183.2481
405.6380 182.5051
402.7930 182.3301
401.1210 181.7571
397.2510 181.6471
395.9310 181.1431
394.3000 180.9041
393.1630 180.4321
391.8030 180.1491
390.4550 180.2562
389.0310 179.8042
386.0020 180.4462
384.8390 180.9102
381.9900 181.1081
380.3300 181.7021
378.8840 181.5941
378.3080 181.2161
377.5460 180.2891
376.8880 178.8841
376.0980 176.4582
376.1040 175.1862
376.7120 173.3452
376.6340 170.1282
375.2930 169.1512
374.4420 167.7832
373.7130 167.2492
372.9540 167.1512
370.5810 169.0092
366.4150 171.0992
362.9390 172.1612
360.5820 173.2922
358.4870 173.9781
356.8830 174.2082
355.5510 174.7152
348.9060 174.7421
347.3960 174.2082
345.7950 173.9711
344.6410 173.5121
343.4760 173.3951
343.1330 172.8311
343.1340 172.4371
344.4500 169.7471
345.0780 169.3121
346.9910 168.6911
348.9470 168.3901
350.7690 167.4421
351.5740 166.5521
352.3600 165.0232
353.0110 163.6212
353.1660 162.3891
353.1010 157.8121
352.2780 156.2011
351.0100 155.4652
349.9720 155.3171
347.6300 155.3711
346.0250 155.9691
345.1480 155.9061
344.8230 155.3901
344.6540 153.3281
343.7780 151.6771
343.7780 151.6771
343.1490 151.4961
341.5690 150.5921
340.9680 150.6211
340.2400 150.9401
338.9340 150.4171
338.0450 150.6781
336.5940 153.0381
336.6160 153.7281
337.1900 155.4102
337.1550 156.3191
336.9560 156.8232
335.4280 158.2462
334.7580 159.3431
333.3870 159.6611
332.1660 160.2981
331.3290 161.4601
330.2250 161.5841
329.6920 161.2471
329.3490 160.4301
328.4090 159.3031
328.0000 158.3211
327.3550 157.5771
326.6130 156.9271
325.6540 156.4651
324.9830 155.7231
324.3050 155.5551
323.4090 155.9841
322.4340 155.9821
321.4480 155.1521
320.8900 153.7231
319.4460 151.9541
319.1730 151.1731
318.6590 150.4021
318.2270 149.0091
317.3260 147.7651
316.4130 146.0171
315.9640 145.6711
315.3950 145.6601
314.4780 146.4891
314.1870 147.2771
313.8950 147.4181
313.5450 150.0681
313.0240 151.5821
312.8290 153.7221
311.7250 156.7981
311.4710 159.2911
310.6620 161.3621
309.6900 161.6361
304.0540 161.6211
301.5980 162.2811
296.1670 162.3111
295.9090 162.4961
295.8080 162.9101
296.6560 164.1731
296.6590 164.4941
296.3890 164.8911
294.1710 166.0051
290.8940 168.2861
289.3160 168.7751
286.2260 170.5671
260.6120 170.6381
258.3390 171.2761
254.1690 171.3481
252.1050 171.9711
247.9340 172.0431
245.8590 172.6671
241.7440 172.7371
239.9820 173.2921
238.8200 173.4121
228.7620 173.3901
227.0600 173.0601
225.8780 173.2231
224.7430 172.8311
223.3700 172.7081
199.8950 172.7201
197.7950 172.5631
197.7950 172.5631
197.9690 176.8621
197.8570 177.7761
197.3770 178.7331
197.4800 179.4871
200.3490 182.3091
201.1170 182.5121
202.5670 182.5001
203.1880 182.8851
203.4520 183.3761
203.4930 183.9291
202.9510 185.4131
202.9550 186.0841
203.2230 186.4721
204.0120 186.8111
204.7270 187.4741
205.5420 189.1541
205.6560 191.0931
205.5460 193.0281
203.6730 196.6101
203.5780 198.4361
203.8100 199.1571
204.7500 200.5381
205.1700 202.3201
205.8580 203.0041
206.6550 203.3441
206.9480 203.7241
207.0990 210.1731
209.0780 214.2561
209.1420 214.9771
208.4500 215.6691
208.4500 215.6691
209.1970 216.1321
210.1830 216.0151
211.6680 216.4621
212.1330 216.7291
213.6330 218.3221
214.8820 218.4641
215.8290 218.3411
217.5740 217.7681
222.8940 217.7191
225.1840 217.0761
230.0210 217.0041
231.9330 216.4041
236.2470 216.3121
237.9820 215.7431
241.0940 215.6171
243.4490 214.9881
245.9530 214.9261
247.5000 214.4031
248.6370 214.2821
249.4610 212.2941
249.9440 211.7631
250.4630 211.5621
252.4450 211.3621
253.8210 210.2901
255.6190 209.8611
257.2590 208.1541
258.2320 208.0381
258.8430 208.2181
260.2090 209.6301
260.5530 211.8591
262.0460 214.3481
262.9820 215.1861
264.0520 216.8601
264.6800 217.4651
265.7620 217.9411
268.5150 220.0191
269.5580 222.9401
270.4580 223.8651
272.3160 224.6301
273.1940 224.5841
274.3500 224.1311
275.0790 224.0341
277.1800 224.6191
282.4820 224.6661
283.1170 224.8591
284.3420 225.8871
285.7290 226.1931
286.5700 226.6381
292.8740 226.7341
293.3860 226.8341
294.7360 227.5211
295.0230 227.9141
295.1280 228.6101
295.1420 236.4811
295.3430 237.1971
296.4590 239.1031
296.5260 240.7451
296.3550 242.2531
293.5910 246.5641
292.7630 247.3611
290.0360 249.0631
289.5890 249.8011
289.8890 250.2241
291.8840 250.9551
292.2980 251.3881
292.4690 257.3201
294.9880 261.7871
295.1260 262.7201
294.8580 263.2391
293.2840 264.1561
292.0290 265.1981
291.5110 266.5411
289.9460 268.8191
289.9460 268.8191
314.6120 268.8201
315.7440 268.7111
316.9210 268.2781
318.2340 268.0611
318.7240 267.4411
318.8380 264.4871
320.0000 263.0651
320.6990 260.9841
320.9240 258.7931
321.6960 257.3031
322.1310 257.0981
322.7910 257.0741
323.3920 257.2651
324.4830 258.2471
325.8710 258.8151
326.8690 260.0251
327.0080 261.3481
326.5250 262.8901
327.2430 264.4711
327.8460 264.6981
328.6620 264.6031
329.6360 263.5211
330.1580 263.2131
331.0270 263.5111
331.3750 265.0231
332.0360 266.4141
333.1450 267.7781
333.4800 269.8101
334.6420 270.5451
334.9530 272.1741
335.8120 273.2981
336.4410 273.5191
337.0790 273.3501
338.4850 272.3891
340.0200 271.6461
345.4510 271.5901
346.3850 271.2471
347.0310 270.1321
347.3320 268.8861
348.3760 266.6761
349.3830 263.3631
350.4340 261.1581
350.8600 259.7541
351.7000 258.5421
352.2200 257.3181
353.8880 256.6151
354.5830 256.6321
356.1970 257.6111
358.6610 257.9031
360.0310 258.3971
366.0570 258.5401
366.4590 258.7491
367.9880 260.2681
368.5350 260.4721
368.9980 260.4171
369.7840 259.9691
371.1370 259.7241
372.6930 259.1911
375.4060 259.1841
376.8870 259.7981
378.5300 259.8611
381.4350 259.0051
382.2310 258.5581
385.2690 258.5181
386.4460 259.0471
388.2060 259.2581
389.0470 259.6921
390.5410 259.9731
391.9130 260.4651
396.6760 260.4901
397.4970 260.7651
397.7330 261.2321
397.7780 262.5381
397.5980 263.6301
397.0930 264.6481
397.0550 266.7741
397.3190 267.8981
397.8920 268.6321
398.6240 269.3291
400.3250 270.3511
402.0940 272.0791
403.6820 273.0271
404.8700 274.1401
406.5330 275.2281
408.4490 277.9491
409.7110 278.9771
412.2440 280.2911
413.4750 280.5981
413.9960 280.9151
414.8290 282.2351
416.7580 284.2801
417.4980 285.5531
419.2460 287.6571
419.2460 287.6571
419.6860 288.0511
421.6300 288.9651
422.5440 289.6241
423.8920 290.1231
424.5790 290.0931
425.8500 289.4001
426.8930 288.1731
427.4680 287.3011
428.0420 285.7281
428.2250 285.6342
428.6980 285.8242
429.9330 287.2311
431.2530 287.8421
432.1200 288.6821
435.1670 289.7581
435.7810 290.6081
435.8980 291.8851
436.1700 292.3921
437.3310 291.6161
438.1190 291.4061
438.4770 291.6641
438.6900 292.3111
439.1020 292.7251
440.2940 292.6481
441.7260 293.1501
443.6650 293.4931
445.4360 295.3451
445.6920 295.8941
446.5840 296.0931
447.3250 297.6031
448.0860 298.0511
448.8010 298.7351
449.3580 298.8861
450.7320 298.7431
451.6830 299.5022
452.4360 299.5862
453.5850 298.7832
455.1790 298.0862
455.6560 298.0112
457.2780 298.8101
457.7230 298.2041
457.4850 297.5001
457.9940 296.4881
457.5840 295.9911
456.6830 295.4841
456.2870 295.0281
456.3110 294.4831
456.8570 293.7101
456.5550 291.9411
456.2040 291.2771
455.8320 290.9761
453.6260 290.6691
453.3640 290.4811
453.3840 290.0911
453.9310 289.3311
453.5660 288.6241
453.7230 287.7181
455.8560 285.9801
456.3340 285.9191
457.1220 286.4371
457.8360 286.3821
459.1350 285.1331
459.7840 284.8651
461.3740 285.2031
462.8990 285.9891
463.6270 286.0031
464.1050 285.8581
465.5390 284.8971
465.6790 297.6851

Eastern
482
671.4470 366.9672
671.0110 365.8042
671.1770 365.7042
671.2370 364.6052
671.4600 364.1752
672.3430 363.6552
673.0320 363.3982
673.8480 363.4452
674.0970 363.1512
674.2450 361.0212
674.0950 358.3651
674.8270 357.7312
675.1910 357.6822
675.5250 356.1242
676.5960 355.1092
677.0680 354.3872
677.2990 353.8782
677.4750 352.1112
679.1740 352.6532
680.8870 352.5582
681.4610 352.7602
682.7210 353.6832
684.0000 353.6882
684.4260 353.0572
685.6780 352.8882
686.1590 352.4842
686.3690 352.4962
686.9910 353.0852
687.0660 352.9512
687.6780 353.0542
688.3300 351.5512
688.1980 350.8432
685.9660 349.3232
685.6350 349.0042
685.5090 348.4692
684.8520 348.4372
684.3480 348.0442
684.0420 348.1482
683.7580 347.4802
683.8560 347.1332
683.6210 347.0682
684.1460 346.0942
684.0690 345.6942
683.4930 345.3192
683.0350 345.3742
682.3340 344.7282
681.4940 344.3022
680.4380 342.8162
680.3480 341.9382
679.2050 341.2692
678.1910 340.0682
677.4150 339.4422
677.0860 339.4632
676.5250 340.1452
675.8440 340.1962
675.3870 340.7432
674.4660 341.3502
673.2530 340.8552
671.8000 340.6842
671.2820 340.3812
671.3340 339.7392
669.5030 337.2962
667.9910 336.6382
667.5120 336.1662
667.1690 334.8572
666.4530 334.3182
666.1320 334.3352
666.0370 334.6982
666.2980 336.1612
665.7160 336.7792
664.7560 337.1352
663.8350 337.0442
663.3590 336.9362
662.5300 336.1752
662.0130 336.1232
660.7930 337.2352
659.5720 336.3232
659.0110 336.1602
658.0550 335.2052
657.2200 333.7182
656.8300 333.6652
656.5620 333.3612
656.0390 330.6582
655.1490 329.3942
653.5030 327.8302
653.3030 327.3852
653.0440 322.6822
653.1230 322.1372
653.3310 321.8982
654.4840 321.1062
655.6900 319.8822
656.5950 319.4282
657.2120 317.9982
656.6980 316.4942
656.7080 315.8652
656.4060 314.8062
656.3940 313.2832
656.0960 312.7122
655.6180 312.2972
655.1620 311.1692
654.8940 310.9332
654.9470 310.4862
655.3900 309.9372
655.4400 309.2382
654.4520 307.9742
654.4830 306.6192
654.1420 305.8802
654.5110 303.0402
655.4000 302.2492
656.0500 301.3072
656.6540 299.7512
655.7540 299.1292
654.5890 298.6902
654.4020 297.9232
654.0910 297.6182
653.8620 296.9062
653.7350 296.7672
652.9940 296.7872
652.4140 295.9812
651.6350 293.1482
651.7030 292.8532
651.0740 291.1102
651.0580 289.2072
650.6270 287.7832
648.6710 284.8612
648.2630 284.6822
646.4280 284.7402
646.3560 282.6672
646.1640 282.3802
646.5390 281.6732
646.4270 281.3552
646.2530 281.3612
644.8840 279.9342
644.0900 279.8542
643.5180 279.3232
642.6850 279.0602
641.7470 279.1112
640.6250 277.3562
639.2110 277.4742
638.1250 278.2332
637.5300 278.2272
637.0590 277.9922
637.2230 277.6532
636.6470 277.4762
636.6790 277.0642
637.0780 276.3722
636.6560 275.9862
636.5450 275.5802
636.2080 275.4322
636.0940 275.0842
636.2340 274.9162
637.1700 274.7972
638.0750 274.1442
638.8030 274.0542
639.4160 273.6282
641.0670 273.3482
641.4510 273.8412
643.4180 273.0442
643.6990 272.6422
643.7230 272.2492
643.4600 271.5592
644.7460 270.9452
645.9220 269.8292
646.4480 268.8272
646.0080 268.3132
644.6990 268.6382
644.1210 268.2782
643.4110 267.1212
642.6140 267.2852
642.4160 265.8992
642.0180 265.4722
641.9880 265.1872
642.3790 265.3502
643.2680 265.1412
644.0730 263.8962
644.3350 263.9852
644.6270 265.0932
645.8030 264.9712
646.6110 264.2922
647.4120 264.4382
647.5420 264.0302
647.4460 263.5432
647.9960 263.8462
649.0410 263.0652
649.4150 262.5442
649.5040 261.5202
649.9060 260.8162
650.6860 260.1232
651.8860 259.4122
652.8390 257.5682
652.7200 257.3642
653.5120 255.4942
653.7140 255.6922
654.1280 255.6512
655.6790 254.8402
655.8650 254.4342
655.8810 253.7582
655.3690 252.8492
655.4700 252.1522
655.2250 251.5512
655.2750 251.2122
655.7530 250.1922
656.6450 250.0392
656.9950 249.7002
657.0860 249.3302
657.4590 249.1722
657.5360 248.8262
658.1160 248.6782
659.4180 250.1692
659.5460 250.5281
659.3980 251.9391
660.3520 253.1552
661.8600 254.1042
663.1790 254.0952
663.5030 254.2322
664.1710 255.5311
664.7060 255.6681
666.5900 254.4621
666.9950 253.6921
666.9570 252.9811
667.4910 252.0721
668.1180 251.4702
660.7000 248.8961
652.5630 245.7202
643.4000 242.6121
632.4690 238.5981
622.9640 234.4231
619.6700 233.7121
615.2300 233.0411
610.5220 231.9681
601.8930 229.0852
599.4350 227.9462
594.6320 226.9901
592.9690 226.4761
584.8120 222.4721
581.2460 221.6441
581.1180 221.4921
580.3860 221.5012
577.2140 220.7541
574.5680 219.3692
572.5970 218.0732
568.3770 215.6972
564.6530 213.7932
561.9600 213.3562
555.8800 211.9732
552.3980 211.4322
547.7380 210.1362
547.3810 209.8462
541.1760 207.8412
540.7550 207.9182
538.9880 207.2982
537.9170 207.1732
524.4980 203.7802
516.5650 200.5752
514.3150 199.8802
509.7790 198.0002
507.6990 197.3732
504.0370 195.6062
503.8220 195.3712
498.6410 192.9982
497.0170 192.7442
496.0950 192.3522
489.8750 190.7062
489.8750 190.7062
489.2240 191.6092
489.0390 192.6352
489.0710 199.9602
488.7970 201.1962
487.9200 202.0332
487.4820 202.9902
486.7980 203.7122
484.5560 205.0342
482.5830 207.9391
481.9330 208.5141
480.8540 208.8862
480.4420 209.2161
479.9140 210.6982
479.5900 211.1291
478.9790 211.4401
477.8550 211.5261
477.8550 211.5261
477.9770 212.5601
477.8410 213.2322
476.2540 214.3392
475.9700 215.1432
476.5100 216.7412
476.7220 218.6291
477.1650 219.4331
477.4400 220.9281
477.8900 222.0971
478.0450 224.0541
478.2670 224.7201
479.6070 225.8071
480.5440 226.2531
480.7570 226.8181
480.8360 228.1311
481.1260 228.6521
481.7410 228.8941
483.2560 228.9222
484.5070 229.7942
485.5720 231.1452
486.5200 232.7351
488.7570 234.7831
489.4640 236.2601
492.1170 238.2441
493.1040 238.6381
493.7190 239.2331
494.2100 240.3021
495.1820 241.3891
495.3790 242.0082
495.3170 244.4292
494.4100 245.9591
492.5580 247.2581
489.2120 248.2541
487.3160 249.0321
486.5370 250.9221
485.6100 254.5101
485.1780 254.9121
484.0960 255.1641
483.9500 255.4281
484.0610 255.9501
484.7480 256.2921
486.1370 256.4041
527.7600 256.3491
529.1130 256.4761
529.7300 256.8711
530.4480 257.9561
531.9320 259.3541
532.4150 260.2551
533.9650 260.7472
534.1450 261.3171
533.7300 262.4061
533.9740 262.8991
536.3780 264.2241
537.3620 265.1781
539.3200 265.3072
539.6170 265.5461
540.0350 267.1891
541.6770 268.2611
542.4560 269.0961
542.9370 270.8531
542.6030 272.1231
542.6870 273.2951
543.6040 274.5371
544.4530 275.1641
545.8150 276.6951
546.4540 276.9852
548.4100 277.1172
549.0880 277.3902
550.0110 278.3002
550.7100 279.3182
551.0880 280.3192
551.9130 281.3572
552.3280 281.5392
553.4900 281.4292
554.2130 282.0522
554.8360 282.9022
556.0900 283.8082
557.5000 284.0922
558.3180 284.5202
560.4220 284.8232
562.0640 286.5322
562.0640 286.5322
563.7350 286.7902
567.4260 286.6702
568.8590 286.8581
570.6320 288.6661
572.6130 289.9231
573.5980 290.3231
574.4270 291.0471
575.0540 291.8481
575.3470 293.1991
575.7900 294.0581
576.0230 298.0541
577.5340 300.8721
578.9100 301.4791
579.7130 302.2541
581.2090 305.9681
582.2080 306.5251
584.3160 307.0751
585.5620 308.4141
586.6510 308.8421
588.3000 309.8161
589.6790 310.3211
590.2840 310.9381
590.4760 311.5941
590.3880 314.0391
590.5320 315.8461
590.7280 316.3361
592.0600 317.4441
595.8390 319.1801
597.1430 320.4511
597.3760 321.0201
597.5620 322.7721
598.2930 324.3941
599.9360 325.7922
600.7960 328.1612
601.0160 330.1682
601.5230 331.2532
601.6130 333.6002
602.1770 335.0171
602.4610 336.5001
602.9030 337.3301
603.1590 339.2291
603.5990 340.0591
603.7780 342.3571
604.3630 343.8331
604.4640 346.4691
604.9350 347.4671
605.2100 348.6701
605.4800 349.0171
606.4520 349.6091
607.0330 350.6071
607.4640 351.9761
608.3260 352.8271
608.8190 353.7621
610.4650 354.8181
611.1980 355.5181
613.6370 359.1821
616.2730 358.2211
617.3150 358.0631
619.2860 358.1391
620.6170 358.6321
622.2160 358.8531
623.1290 359.3931
624.2220 360.5721
625.4310 364.3261
626.1270 365.6711
626.8540 366.2141
629.4800 366.9631
636.1020 367.0681
640.0350 368.9261
641.6410 369.1461
642.8100 369.5991
644.4130 369.8321
645.7430 370.3231
648.2410 370.4481
649.9110 370.9991
652.2150 371.2361
656.3750 372.6031
658.5860 373.6631
661.9340 374.6321
662.9680 375.1891
663.8920 376.4611
665.2530 379.2111
666.3110 382.6481
669.4290 388.7861
669.7840 390.1731
670.4520 391.5381
671.0950 392.1641
673.1940 393.1611
674.3850 393.9631
674.3850 393.9631
674.1660 393.1351
674.4430 392.0931
674.2840 391.4371
674.4650 390.8801
674.3060 389.9111
674.6170 388.5771
674.9210 388.0361
674.6110 387.3221
674.8180 386.6531
675.1030 386.5111
675.3750 385.9981
675.5480 384.8561
674.9930 383.4581
673.9750 382.1471
673.7390 381.2961
673.8600 380.9271
674.6400 380.2661
674.9490 378.8421
674.9060 378.1541
674.6290 377.0301
674.1450 376.3371
674.2350 375.5441
673.9220 374.6461
674.1050 373.9291
673.8820 372.9491
673.5860 372.2681
673.0460 371.7651
672.3710 370.0151
671.8740 369.3971

Luapula
526
451.5250 591.0552
451.6530 589.9032
451.1370 589.4252
450.9970 588.4062
449.5800 585.5412
447.3240 583.4662
445.2240 583.1992
442.4470 581.8552
440.9150 579.7642
439.2040 576.2172
438.0310 574.9322
436.6990 572.4512
435.9620 570.2472
435.7200 568.6832
435.2660 567.5302
434.9820 565.1242
432.8360 559.5362
432.2050 558.4602
431.4720 557.7872
429.9410 557.0792
428.5290 556.8242
427.6880 556.0732
427.3620 554.4702
426.9290 553.3002
426.7060 551.3482
426.4060 550.9902
425.2430 550.7372
424.8850 550.4732
424.0160 547.4492
424.3680 546.9382
426.8990 545.8922
427.9820 545.2472
429.3020 544.1182
430.3210 543.7532
431.1510 544.0082
431.6790 544.0162
432.2520 543.7972
432.8640 543.1982
433.8260 541.6832
435.4010 541.1482
436.0180 540.3032
436.4880 540.2282
437.2540 540.4902
437.7370 540.2712
438.3400 538.3792
438.2560 537.9882
437.8490 537.6212
437.9080 535.1592
438.3910 534.2262
439.0640 531.9942
438.4300 530.8002
437.6280 530.1682
437.2420 529.5742
437.1190 526.9242
437.2630 526.0722
437.6850 525.4132
438.3350 523.6452
438.6560 522.0032
438.9390 521.6682
440.2780 520.6512
440.7300 520.4952
442.2930 520.9982
443.2130 521.0092
443.8650 520.8302
444.6820 520.0402
445.7050 517.6972
446.3170 517.1042
448.5270 516.1002
449.0810 515.0872
449.9110 514.3302
451.3110 514.0482
452.0790 513.7212
453.3070 514.0172
454.2150 513.6482
455.7400 513.3742
457.5440 512.3172
459.6280 512.0322
461.8330 510.9002
464.8830 510.8042
465.5910 510.5722
466.0910 510.0582
467.0650 508.2912
468.6960 506.8022
469.2350 504.7942
469.9890 504.1442
471.3860 503.8922
472.3550 503.0632
473.6160 500.4572
473.7230 499.8651
472.5510 497.5852
472.2460 496.2142
471.7910 495.4062
471.7050 493.2442
472.5320 490.7632
473.4280 489.7552
472.9430 488.7092
472.0440 487.9312
471.1160 486.7142
470.4050 484.7551
470.1600 481.9222
469.4290 480.4202
468.7170 479.7412
467.8860 479.5322
466.3350 479.5282
465.2410 479.6491
464.4010 480.0941
463.7140 480.2221
458.9940 480.1602
457.3100 479.3681
454.1430 476.3542
449.8370 474.2612
448.0220 473.9181
447.0100 473.3402
445.6810 471.8131
443.4570 470.5302
443.2490 469.9331
443.0940 467.6222
441.3350 465.1002
441.1810 464.6591
441.2010 463.6272
441.8560 462.0702
441.8870 461.1512
441.6670 460.6681
440.5380 459.5341
439.2640 457.5902
438.9140 455.4231
438.2100 455.0602
435.9290 454.9091
434.2950 453.2532
432.0150 452.1031
430.6620 451.1211
428.5290 450.0952
427.5780 449.2041
427.2300 447.9761
427.2640 442.4591
427.1130 441.0712
425.2820 439.0341
424.3500 438.5081
423.3480 437.6011
422.5620 436.5441
422.5010 436.1431
422.6700 435.7551
423.1070 435.3831
424.5010 434.7571
427.6060 433.8221
428.7170 433.0661
429.5650 432.2531
430.4090 430.9461
431.6390 430.1121
432.4610 428.8831
433.6180 427.9841
434.2110 427.8221
436.6790 427.7051
439.0440 426.5921
440.3690 426.4391
440.4700 428.0501
441.0580 429.2551
441.0470 430.6071
439.1320 433.5681
438.8980 435.7511
437.1090 438.5891
437.0230 439.0382
437.2280 439.6111
437.8180 440.0671
439.0690 440.6161
440.4810 440.9941
441.7080 441.8941
443.9570 443.0211
445.3170 444.0301
446.6940 444.7321
447.9590 445.3111
449.5010 445.7621
450.7250 446.6611
452.9730 447.7961
454.3340 448.8201
455.6660 449.4441
456.2080 449.3971
459.7440 447.0961
461.5740 446.7491
463.0950 446.0221
463.8290 445.3841
464.4730 444.6561
465.6810 441.8921
468.6450 439.2121
470.1070 436.8801
470.2650 434.3521
470.8120 432.8561
470.8520 431.9641
470.1980 429.7641
470.1060 425.6971
469.5310 424.4401
469.3830 422.0781
468.8150 420.3881
468.6830 417.9791
468.1460 416.4861
467.9350 414.3861
467.3750 412.8951
467.2930 411.5111
467.5450 410.8271
468.0870 410.7521
469.9040 411.6441
471.0970 414.0651
471.7200 414.6481
472.7120 415.0271
473.4220 415.7031
474.1420 417.2121
474.3590 418.4281
474.6520 418.7981
475.6570 418.9751
484.2820 418.8821
485.0880 418.5091
486.5520 417.2121
487.6280 416.5631
488.3710 415.7561
489.7620 415.1821
491.3850 413.7991
494.4710 411.8791
496.2280 410.3821
499.2750 408.4691
500.4470 406.9621
501.6680 406.2071
503.8570 404.3901
504.4540 403.2411
504.4540 403.2411
503.4330 400.8071
503.3500 397.8171
503.0440 396.8371
501.7740 395.2231
500.7590 394.4941
499.6220 393.3551
497.5690 390.1601
496.0460 388.4221
494.2230 385.7591
491.7940 383.7331
490.9640 383.4431
489.0100 383.2881
487.6630 382.8021
485.0340 382.6511
483.5110 382.1171
480.3520 381.9971
478.3090 381.3861
474.7990 381.3161
473.1060 380.7531
470.2980 380.5651
468.9470 380.0691
466.3060 379.9371
464.0470 379.0791
463.1310 376.3181
463.2420 375.5291
463.7730 374.4161
463.8330 370.3481
464.0740 369.8021
465.8160 368.1421
466.4070 367.2761
465.9680 365.9431
465.5330 363.5461
465.5330 363.5461
465.4200 363.7431
465.1120 363.7921
464.0590 363.4521
462.7490 363.5101
461.3580 362.6051
460.4280 361.6951
457.0890 360.6701
455.0820 360.7021
452.8640 361.5241
451.6090 361.5421
449.4750 360.1231
447.9220 359.7181
446.4900 358.7711
445.9580 358.1351
445.2050 356.6721
444.4920 353.7311
444.5180 353.0201
446.0030 350.3431
446.8730 349.3551
447.1270 349.1921
448.7730 349.1391
449.1700 348.8681
449.3590 347.6301
448.7280 346.3351
447.0970 344.7571
445.6340 344.6601
441.9580 346.6021
439.8690 347.9591
439.1530 348.2111
438.4830 348.2411
437.1780 347.8691
436.0190 347.9731
435.3170 348.2121
434.9510 348.4431
434.9710 349.6281
433.2430 351.1601
432.6590 351.0521
431.8310 350.5911
431.2180 350.5251
428.7170 350.7741
427.7590 350.5491
426.6130 349.8731
425.0470 349.2751
424.5030 349.3491
423.7340 350.2431
422.5560 349.8181
421.2900 349.6431
420.1280 349.9171
419.4910 350.4781
418.7950 352.0561
417.6250 353.6811
417.2680 355.8081
414.1820 360.3841
412.0580 362.3841
408.7300 364.8521
408.2180 365.4841
407.3570 367.1001
405.7010 368.7311
404.1360 369.8631
403.3060 372.1751
403.2850 373.5251
403.0020 373.7991
402.3690 374.1791
400.7180 373.7781
399.4590 374.1891
397.4050 375.4941
395.8920 376.1121
395.2410 376.8261
394.3800 378.4971
392.1090 378.6161
391.3630 379.1891
389.7440 379.4711
387.7790 380.5131
387.6490 381.7642
386.8890 383.2971
386.4660 383.6811
383.8950 383.4621
383.7190 384.0301
383.7760 384.8801
384.3240 386.4181
384.3970 387.1701
384.1760 388.0021
383.6780 388.7461
382.5120 389.5221
382.4530 389.7991
382.6000 390.1491
383.3030 390.5901
383.6540 391.3741
383.5240 391.6921
382.8910 392.1561
382.6470 392.7091
382.6840 393.0011
383.4630 393.9311
383.4390 394.6392
383.1100 395.2882
381.9850 396.1061
380.4800 398.2951
380.4570 398.9341
380.9570 401.8742
381.5070 403.2161
381.2320 404.9771
381.5440 405.5101
382.3270 406.0771
382.7350 406.7081
382.7510 407.5142
383.2270 408.2302
383.3320 408.7041
383.0500 409.9091
383.1820 410.3962
383.4010 410.5802
384.4820 410.7352
384.9930 410.9781
385.0730 411.2302
384.8110 412.0592
384.9670 412.7282
384.5120 413.4992
384.4620 413.9992
384.9070 415.9082
385.7470 416.4072
386.0080 417.5491
386.7660 418.8932
386.4530 420.3321
386.6490 421.1822
387.3490 422.6361
387.3210 424.5511
386.2770 426.6181
386.1140 427.2671
387.0410 428.4331
387.2620 430.3932
388.0040 431.7642
388.1600 432.5572
388.0380 435.1351
388.5110 435.9882
389.5140 436.5992
389.7990 437.0612
390.2010 441.6722
390.7390 443.7311
391.1720 444.4172
392.1160 445.2632
392.4490 446.1411
393.7160 447.6301
393.9570 448.1881
393.8820 449.4621
394.1070 450.1591
394.6000 450.5961
395.3170 450.7861
397.2060 450.5662
397.5310 451.0562
397.5440 452.0402
397.8550 452.5162
398.7910 452.9052
399.2740 453.9652
399.0650 454.9322
398.6960 455.4661
398.0810 455.8452
397.4320 456.5832
397.3810 458.0642
397.8550 459.6921
397.7520 460.1061
397.3400 460.7501
395.6860 462.0271
395.5380 462.6482
395.8570 464.3842
395.6610 465.4331
396.0700 466.7821
396.0580 467.5301
395.7520 468.5631
395.0810 469.8681
394.7970 471.2341
394.9320 472.3431
395.7100 474.9291
395.6740 475.4272
395.3190 476.0301
394.3260 476.7071
393.3870 478.3811
392.3190 479.4992
392.1460 479.9671
392.4470 481.0921
393.9420 482.8291
394.0280 483.5781
394.6020 484.0151
394.8040 484.3911
395.0360 488.1831
394.9610 489.4541
395.4240 490.8171
395.2060 491.5461
395.6750 492.5071
395.2670 493.9111
395.4520 494.4381
394.9930 496.4082
396.0590 499.0221
396.7210 500.0271
396.8790 501.3692
397.7470 503.3862
397.7550 504.5882
397.9440 504.9092
399.1170 505.0372
399.2890 505.4822
398.7060 506.5362
397.8960 507.1732
397.5710 508.4802
396.0620 508.7192
395.5460 509.0292
394.9370 510.0552
394.8590 510.6202
395.2590 511.5232
395.1230 512.3222
395.2520 513.8562
395.0890 514.5442
394.2550 515.8152
394.1790 516.2972
394.4970 517.1852
394.4050 517.7502
393.6180 518.6622
392.6460 519.0762
393.2740 519.4722
394.0610 519.4972
394.7190 519.8112
394.8590 520.5452
394.5120 520.7052
393.1140 520.0492
392.6590 520.0422
392.1560 520.4342
391.9540 521.0252
391.7100 524.4012
391.3990 524.8522
391.0520 525.0262
389.8760 525.2432
389.6570 526.0542
388.4800 527.2362
388.4300 527.8152
388.8630 529.2842
389.4170 530.1192
389.5710 530.8802
389.1650 532.1982
388.8990 532.4282
387.9450 532.6352
387.3860 532.1992
386.2940 530.5152
385.3960 529.6742
383.7940 528.8362
382.5960 528.6672
381.5010 529.0522
380.6800 529.5222
379.6710 530.6112
379.2900 531.2822
379.0990 532.0782
379.2260 533.8042
379.4240 535.3792
379.6890 536.1402
381.2310 539.1542
384.3470 541.9142
386.5280 543.6002
389.9400 545.7862
392.4820 547.2292
394.5000 548.6242
396.3170 549.5612
399.2040 551.7952
402.2960 554.8182
408.9800 563.1432
411.1750 566.1382
411.4260 566.7882
413.9490 570.6962
414.5580 572.1642
415.1880 575.6272
414.9200 577.7262
414.2550 579.6822
412.8760 582.4642
411.3090 584.9542

Northern
428
523.7520 598.5882
525.0270 595.1242
529.2520 589.2612
533.5150 583.9322
533.7010 583.4612
535.1970 581.5002
537.1290 579.2162
538.1750 578.2792
539.4700 577.4762
540.0320 577.3162
541.1480 576.5022
542.4890 576.0292
544.6320 575.8462
545.4180 575.9312
547.2380 577.1832
547.6750 577.9602
549.1010 578.5582
550.0410 578.4352
550.6050 577.9042
551.5510 577.7532
552.3440 576.3942
552.8880 575.9192
554.0170 576.0132
554.9950 577.0582
555.5620 577.2842
556.0640 576.7552
556.4800 577.0652
557.3350 576.8482
557.7950 577.3262
558.1410 577.4042
558.0700 578.2022
558.2050 578.4492
558.8300 578.5902
559.0010 577.8582
559.5040 577.5072
560.2240 575.9292
561.1120 575.5172
563.4370 575.5242
563.8340 575.3952
564.7430 574.4882
564.8080 574.0162
565.6690 572.7722
567.8860 572.9632
569.6300 572.2022
570.4920 571.2502
571.1800 569.0962
571.2370 568.1602
570.9970 566.6212
570.4570 565.2812
571.3420 563.5082
572.2560 563.0212
572.8710 562.3772
575.7430 561.0442
577.0120 559.1682
578.7280 558.8012
579.7090 558.9662
580.2800 558.4492
580.5490 558.7282
581.1580 558.9372
581.5940 559.6602
582.1640 560.1222
582.9520 560.4012
584.4130 560.4792
585.9390 560.3372
589.7940 559.0652
592.9300 557.6382
591.9940 554.9082
592.4280 553.4862
592.3100 552.7722
593.3430 551.6302
593.7910 550.6752
594.5300 549.9572
595.8720 549.2942
596.9740 549.7752
597.0330 550.1142
599.7130 550.7712
601.5320 550.7652
603.3580 550.2092
604.8310 550.0262
605.7000 550.1542
606.2490 549.3602
608.4170 547.6982
611.1920 546.1182
611.1920 546.1182
611.0790 542.7522
611.1900 541.5462
613.6950 535.8412
615.8160 529.5782
615.9290 527.7762
615.7980 524.8332
616.5300 523.2872
616.6690 520.7122
617.2000 519.2132
617.3510 516.6402
617.8460 515.3162
618.0350 512.5672
618.5660 511.0682
618.7000 508.4932
619.7110 506.6562
616.9280 506.6762
615.2180 505.9252
612.4500 504.0532
608.5410 500.1642
607.6260 497.6862
607.4570 494.8662
606.5200 492.2252
605.3910 491.2042
602.2910 490.0152
599.2410 487.1022
598.6390 486.2822
598.4050 483.9982
597.8130 482.2352
597.7380 476.5122
597.0890 475.1722
596.6830 474.7772
595.6400 474.2362
593.6760 473.9612
591.8550 473.0362
590.4340 471.5952
589.9210 470.6302
588.9620 469.4182
587.9400 467.3492
587.4230 466.6812
586.6190 466.0532
583.1430 464.3652
582.2930 463.1682
581.7300 462.6872
579.3360 461.9182
576.3170 461.7172
575.5030 461.1092
574.6830 460.0042
573.8350 459.4692
569.4360 457.9722
568.9880 457.9022
568.4350 458.1032
567.6400 458.9862
567.0590 459.1062
566.4470 458.9772
565.3470 458.2772
564.1580 456.5472
562.1700 455.8302
559.6810 455.5762
557.4770 454.1722
556.9990 453.6022
556.5780 452.1142
555.8230 451.0892
553.6110 450.8462
552.2750 450.3612
550.1280 450.2002
548.3250 449.3362
547.9500 448.8552
547.8090 448.3572
547.8800 445.9832
548.3010 445.5882
549.7060 445.3182
550.2480 444.5552
550.3100 443.9982
549.5960 443.2182
549.1960 443.0822
548.4270 443.1532
548.0150 442.8262
547.8380 442.3902
547.7070 440.2922
546.9920 438.7492
545.0240 436.6572
544.1850 435.2422
543.7560 434.9182
543.3300 434.9602
541.6520 436.4522
540.2780 437.1752
539.4860 437.3382
538.8320 437.2272
537.9700 436.5582
536.9940 434.9562
535.2280 433.1652
532.2470 431.4942
531.9440 430.9692
531.7760 429.6222
531.5130 429.2832
528.5850 429.0812
527.2680 428.3992
526.0770 426.3622
523.6430 422.9652
520.6010 416.9332
519.0600 415.1682
518.3440 413.9662
516.6610 413.0052
514.8000 412.7402
514.0090 412.3202
511.0110 409.3732
509.8260 407.5592
506.9610 404.7022
506.2260 404.1022
504.4540 403.2412
504.4540 403.2412
503.8570 404.3902
501.6680 406.2072
500.4470 406.9622
499.2750 408.4692
496.2280 410.3822
494.4710 411.8792
491.3850 413.7992
489.7620 415.1822
488.3710 415.7562
487.6280 416.5632
486.5520 417.2122
485.0880 418.5092
484.2820 418.8822
475.6570 418.9752
474.6520 418.7982
474.3590 418.4282
474.1420 417.2122
473.4220 415.7032
472.7120 415.0272
471.7200 414.6482
471.0970 414.0652
469.9040 411.6442
468.0870 410.7522
467.5450 410.8272
467.2930 411.5112
467.3750 412.8952
467.9350 414.3862
468.1460 416.4862
468.6830 417.9792
468.8150 420.3882
469.3830 422.0782
469.5310 424.4402
470.1060 425.6972
470.1980 429.7642
470.8520 431.9642
470.8120 432.8562
470.2650 434.3522
470.1070 436.8802
468.6450 439.2122
465.6810 441.8922
464.4730 444.6562
463.8290 445.3842
463.0950 446.0222
461.5740 446.7492
459.7440 447.0962
456.2080 449.3972
455.6660 449.4442
454.3340 448.8202
452.9730 447.7962
450.7250 446.6612
449.5010 445.7622
447.9590 445.3112
446.6940 444.7322
445.3170 444.0302
443.9570 443.0212
441.7080 441.8942
440.4810 440.9942
439.0690 440.6162
437.8180 440.0672
437.2280 439.6112
437.0230 439.0382
437.1090 438.5892
438.8980 435.7512
439.1320 433.5682
441.0470 430.6072
441.0580 429.2552
440.4700 428.0502
440.3690 426.4392
439.0440 426.5922
436.6790 427.7052
434.2110 427.8222
433.6180 427.9842
432.4610 428.8832
431.6390 430.1122
430.4090 430.9462
429.5650 432.2532
428.7170 433.0662
427.6060 433.8222
424.5010 434.7572
423.1070 435.3832
422.6700 435.7552
422.5010 436.1432
422.5620 436.5442
423.3480 437.6012
424.3500 438.5082
425.2820 439.0342
427.1130 441.0712
427.2640 442.4592
427.2300 447.9762
427.5780 449.2042
428.5290 450.0952
430.6620 451.1212
432.0150 452.1032
434.2950 453.2532
435.9290 454.9092
438.2100 455.0602
438.9140 455.4232
439.2640 457.5902
440.5380 459.5342
441.6670 460.6682
441.8870 461.1512
441.8560 462.0702
441.2010 463.6272
441.1810 464.6592
441.3350 465.1002
443.0940 467.6222
443.2490 469.9332
443.4570 470.5302
445.6810 471.8132
447.0100 473.3402
448.0220 473.9182
449.8370 474.2612
454.1430 476.3542
457.3100 479.3682
458.9940 480.1602
463.7140 480.2222
464.4010 480.0942
465.2410 479.6492
466.3350 479.5282
467.8860 479.5322
468.7170 479.7412
469.4290 480.4202
470.1600 481.9222
470.4050 484.7552
471.1160 486.7142
472.0440 487.9312
472.9430 488.7092
473.4280 489.7552
472.5320 490.7632
471.7050 493.2442
471.7910 495.4062
472.2460 496.2142
472.5510 497.5852
473.7230 499.8652
473.6160 500.4572
472.3550 503.0632
471.3860 503.8922
469.9890 504.1442
469.2350 504.7942
468.6960 506.8022
467.0650 508.2912
466.0910 510.0582
465.5910 510.5722
464.8830 510.8042
461.8330 510.9002
459.6280 512.0322
457.5440 512.3172
455.7400 513.3742
454.2150 513.6482
453.3070 514.0172
452.0790 513.7212
451.3110 514.0482
449.9110 514.3302
449.0810 515.0872
448.5270 516.1002
446.3170 517.1042
445.7050 517.6972
444.6820 520.0402
443.8650 520.8302
443.2130 521.0092
442.2930 520.9982
440.7300 520.4952
440.2780 520.6512
438.9390 521.6682
438.6560 522.0032
438.3350 523.6452
437.6850 525.4132
437.2630 526.0722
437.1190 526.9242
437.2420 529.5742
437.6280 530.1682
438.4300 530.8002
439.0640 531.9942
438.3910 534.2262
437.9080 535.1592
437.8490 537.6212
438.2560 537.9882
438.3400 538.3792
437.7370 540.2712
437.2540 540.4902
436.4880 540.2282
436.0180 540.3032
435.4010 541.1482
433.8260 541.6832
432.8640 543.1982
432.2520 543.7972
431.6790 544.0162
431.1510 544.0082
430.3210 543.7532
429.3020 544.1182
427.9820 545.2472
426.8990 545.8922
424.3680 546.9382
424.0160 547.4492
424.8850 550.4732
425.2430 550.7372
426.4060 550.9902
426.7060 551.3482
426.9290 553.3002
427.3620 554.4702
427.6880 556.0732
428.5290 556.8242
429.9410 557.0792
431.4720 557.7872
432.2050 558.4602
432.8360 559.5362
434.9820 565.1242
435.2660 567.5302
435.7200 568.6832
435.9620 570.2472
436.6990 572.4512
438.0310 574.9322
439.2040 576.2172
440.9150 579.7642
442.4470 581.8552
445.2240 583.1992
447.3240 583.4662
449.5800 585.5412
450.9970 588.4062
451.1370 589.4252
451.6530 589.9032
451.5250 591.0552
451.5250 591.0552
468.6240 593.3222
476.9200 594.7922
484.2670 595.0392
498.7150 596.8962
503.1390 597.6842
503.5780 597.5942
508.6590 598.2902
509.9420 598.6402
511.4520 598.5322
512.5140 598.8032

North-Western
756
123.9000 440.0672
125.0680 439.3272
126.4270 439.3802
127.1750 438.5342
127.0500 437.7442
126.6740 436.9532
126.8130 436.5232
128.0320 435.4952
128.1290 435.0102
127.9340 433.9421
127.2380 432.1952
127.8620 431.4322
129.2210 430.9172
129.4570 430.9582
130.0820 431.6652
130.5670 431.8732
134.5630 430.8991
136.2970 431.0642
138.5170 430.4532
142.0000 428.3701
142.2500 428.0522
142.7490 426.7882
142.4710 423.0282
142.7210 422.4861
143.3180 421.8901
143.1510 417.5022
142.8590 416.3782
141.8450 414.9481
141.2480 413.1421
140.2610 411.5182
139.5800 411.1992
137.6220 411.1851
137.0520 411.0332
136.7180 410.8392
136.6350 410.1441
137.4400 409.3801
138.4400 409.0322
139.9820 408.8792
141.1220 409.1842
141.6780 409.1702
142.2330 408.9331
143.1360 408.1002
143.8450 407.8362
145.3870 406.6971
145.4710 405.4051
145.9710 404.9181
147.5270 405.8221
148.5980 405.9191
149.9870 405.6691
150.5850 405.7392
151.5850 406.5871
152.2380 406.6842
154.1980 406.0882
154.6980 406.5602
154.7660 407.7422
155.1000 408.3672
157.2250 409.2571
157.8490 409.9111
159.1120 412.0232
160.3750 412.6912
161.0830 413.4972
161.8040 413.8312
162.0270 413.6792
163.0830 413.7912
163.2900 414.1382
163.0950 414.8052
163.4140 415.1662
163.7060 415.2912
164.4140 415.1812
165.5110 415.5572
166.9830 415.2672
167.6500 415.3932
168.2050 415.7272
170.2600 415.9532
170.7320 416.4532
171.1190 417.5512
171.4790 417.8152
173.4100 417.3462
174.8670 418.1682
175.7970 418.2392
176.6170 417.9772
178.1570 418.5212
182.1700 418.5442
183.2120 418.2552
185.3910 418.5522
187.1940 419.2782
190.3740 419.5082
192.4690 419.9032
195.2970 421.4532
197.1130 422.0832
197.8360 422.0572
198.6700 421.7272
199.5710 421.9522
199.9740 421.8142
199.9350 421.2182
198.8140 420.0062
198.7190 419.2282
198.0700 418.1852
198.0990 417.7962
198.9630 416.7862
198.9920 416.5502
198.6610 416.0212
198.1620 415.7552
196.7880 415.4322
196.6230 414.9732
196.8460 414.5152
197.6120 413.8792
197.7950 413.2132
197.5610 412.6012
196.9230 412.1962
196.1870 412.1522
195.7020 411.8592
195.5920 411.2892
196.3900 409.4442
196.8780 408.9872
197.0320 408.5292
196.7710 407.8062
197.2180 406.8632
197.1400 405.2792
197.4200 404.6402
198.4510 403.8512
198.4800 403.5042
197.5780 403.0012
196.5640 402.8452
196.2590 402.4412
196.6500 402.0532
197.2620 401.8742
197.5000 401.4442
197.4760 400.3742
197.1870 399.4702
197.3270 399.0392
198.4410 398.3202
198.6510 397.9042
198.6840 396.6112
199.0760 395.7782
200.7620 394.7552
201.8190 394.5222
204.4820 392.8072
206.5830 392.4951
207.4610 392.1092
208.0330 391.5272
208.4680 390.6112
208.5310 388.7202
208.2000 387.9402
207.8540 387.5912
207.8420 386.9932
208.1080 386.5622
208.6520 386.2172
209.1390 386.1352
209.8750 386.6112
210.7370 386.7252
212.5420 387.7062
213.4190 387.6402
213.8200 388.0462
214.3860 389.1612
215.3170 389.3182
216.8480 389.0882
217.4850 389.6332
217.7640 389.6202
218.0440 389.3572
219.3780 386.4292
220.6060 385.8362
221.1800 384.9202
221.8360 384.3672
228.0880 383.6192
229.6290 384.4052
230.4180 385.1882
230.9730 385.4282
231.4750 385.2912
231.8800 384.9732
232.0490 384.5292
232.5340 382.4592
233.0110 381.6132
233.7670 380.8092
234.6460 380.4522
236.1900 380.6282
237.1260 380.0902
237.8250 379.3852
238.0520 378.6762
237.3090 377.2802
237.4910 377.0032
237.9800 376.8102
239.2460 376.8882
242.7130 376.6712
246.7640 376.8482
248.7380 377.1402
249.4920 376.8802
250.0210 376.9112
250.5600 377.5272
251.2270 377.6012
253.5720 376.6422
255.7180 376.3912
257.2000 375.4412
258.2600 375.2672
262.9450 378.0572
264.1120 378.3852
265.0730 378.3502
266.4950 378.0552
267.5850 377.5062
268.9450 376.2352
269.6720 375.7952
270.3410 375.6482
271.9100 374.4762
272.5660 374.2862
273.3730 374.4042
274.2180 374.9542
274.4400 374.9412
274.9590 374.5702
275.8230 374.4372
276.4800 374.0812
278.0950 374.0942
279.7970 373.6902
280.7600 372.6732
281.3900 372.6842
282.8310 373.9242
283.5610 374.8072
284.7530 375.4302
286.1480 375.2192
287.2150 374.0732
287.9160 373.6192
289.6070 374.3862
291.2390 374.1502
292.0270 374.7422
292.7120 375.9452
295.4080 378.0992
295.9830 379.0932
296.4580 380.4742
296.9980 380.6882
297.3520 381.5552
297.9320 382.0332
298.2660 382.0462
298.6250 382.4822
298.6750 383.2682
298.0990 384.3042
298.5040 385.3902
298.6640 387.2902
298.9580 388.1512
299.5940 388.7822
300.0830 389.9832
300.7740 390.4342
301.0210 390.8822
301.0710 391.4532
300.8520 392.5492
299.6530 394.2762
299.6470 396.3752
299.8660 396.7252
300.8210 397.2342
303.4920 397.0652
304.1170 397.1692
305.2940 397.6952
307.5350 397.4112
309.1930 398.4142
310.1020 399.3272
310.4360 399.3162
310.6470 399.0402
311.4460 395.6572
311.6570 394.0322
311.7600 386.6612
312.0030 386.1212
312.8600 385.2672
314.3220 385.1162
315.4960 384.7242
317.1500 383.5032
317.9190 383.1632
319.0990 382.1322
320.1620 381.6992
321.0330 380.9422
321.8290 380.7012
322.4120 379.5522
324.0740 378.9852
324.9850 378.4252
325.7740 377.5842
326.0870 376.9612
326.3110 375.6552
325.8470 372.2392
326.0270 371.1272
326.4150 370.0592
327.4510 369.5282
327.8030 369.1692
328.4120 367.1011
328.4640 364.9152
328.8540 363.6931
329.5340 362.6842
331.8160 360.5082
332.4750 360.1822
334.2630 359.8722
334.2630 359.8722
333.1990 358.2022
329.7170 356.1772
328.4190 355.5982
327.9200 355.5332
327.0030 356.0481
325.8140 356.3461
325.3710 356.8411
325.0430 357.7202
324.6550 358.0272
322.9570 358.1611
321.8000 357.8362
320.1250 356.2612
319.2100 355.7992
318.5650 354.8511
316.4710 353.9141
315.0830 352.6042
310.0110 352.6582
307.5960 353.3002
306.6980 353.2141
305.1740 352.6791
302.3070 352.6301
301.6120 351.9451
301.7370 350.8162
302.1920 349.5422
302.1970 348.1681
301.9760 347.5572
301.1080 346.2902
300.9820 345.6981
302.2480 342.8842
302.2740 341.9781
301.9460 341.7171
300.5510 341.5051
298.7400 340.7291
296.9000 338.7311
295.8790 337.0461
294.8630 335.8401
292.9190 334.9501
291.5090 334.6781
290.6180 333.9961
289.9160 333.1171
289.6480 330.2461
288.8100 328.9271
288.7690 328.3081
289.9170 326.2441
291.0450 325.5681
292.2350 324.4411
292.5510 323.5611
292.3710 322.6271
290.6700 319.8951
290.7190 319.2101
296.5810 315.8281
298.5550 315.3521
299.8900 314.0011
300.5010 313.0011
302.9230 312.8391
303.3660 312.6321
303.5810 312.0031
303.0540 310.5391
302.7500 309.0551
302.3030 308.2371
302.1140 305.7561
301.3220 304.0971
300.5170 303.2961
298.5270 302.0471
297.5370 301.6471
296.4440 300.8041
295.4420 299.1951
295.3420 297.9281
296.4240 295.7431
296.6310 294.8831
296.6160 292.8051
296.3670 291.9881
295.7830 291.0101
295.1320 290.4351
293.5870 289.7361
292.8320 287.9251
291.5940 286.8911
290.6660 286.7201
288.9800 286.9731
288.9320 283.9141
288.4610 282.9271
288.1900 281.7001
287.9430 281.3291
286.4460 280.3141
285.5990 278.2291
285.4690 273.3321
285.6880 271.7522
287.0540 270.3491
288.3220 269.6601
289.2970 269.3631
289.9460 268.8191
289.9460 268.8191
291.5110 266.5411
292.0290 265.1981
293.2840 264.1561
294.8580 263.2391
295.1260 262.7201
294.9880 261.7871
292.4690 257.3201
292.2980 251.3881
291.8840 250.9551
289.8890 250.2241
289.5890 249.8011
290.0360 249.0631
292.7630 247.3611
293.5910 246.5641
296.3550 242.2531
296.5260 240.7451
296.4590 239.1031
295.3430 237.1971
295.1420 236.4811
295.1280 228.6101
295.0230 227.9141
294.7360 227.5211
293.3860 226.8341
292.8740 226.7341
286.5700 226.6381
285.7290 226.1931
284.3420 225.8871
283.1170 224.8591
282.4820 224.6661
277.1800 224.6191
275.0790 224.0341
274.3500 224.1311
273.1940 224.5841
272.3160 224.6301
270.4580 223.8651
269.5580 222.9401
268.5150 220.0191
265.7620 217.9411
264.6800 217.4651
264.0520 216.8601
262.9820 215.1861
262.0460 214.3481
260.5530 211.8591
260.2090 209.6301
258.8430 208.2181
258.2320 208.0381
257.2590 208.1541
255.6190 209.8611
253.8210 210.2901
252.4450 211.3621
250.4630 211.5621
249.9440 211.7631
249.4610 212.2941
248.6370 214.2821
247.5000 214.4031
245.9530 214.9261
243.4490 214.9881
241.0940 215.6171
237.9820 215.7431
236.2470 216.3121
231.9330 216.4041
230.0210 217.0041
225.1840 217.0761
222.8940 217.7191
217.5740 217.7681
215.8290 218.3411
214.8820 218.4641
213.6330 218.3221
212.1330 216.7291
211.6680 216.4621
210.1830 216.0151
209.1970 216.1321
208.4500 215.6691
208.4500 215.6691
207.0850 215.0091
205.1470 214.9691
204.3770 215.2621
203.2850 216.5661
202.8820 216.8241
202.3690 216.8141
201.7400 216.4731
200.9400 216.4141
199.4850 217.0021
198.1780 217.0551
197.4320 216.9091
195.0300 215.7861
192.8450 215.5271
189.0810 213.6431
183.1370 213.5731
181.2940 212.9671
180.6020 213.1091
179.5110 213.7371
178.2970 214.7551
176.6510 216.8571
176.6070 222.6141
176.7750 223.0981
177.4890 223.7911
179.0290 224.1201
180.4320 224.7531
181.3310 225.6891
181.5240 228.1261
182.0370 229.3151
182.2490 231.0721
183.3950 232.6021
183.7180 233.9791
184.1960 234.9591
184.1630 236.1821
183.4640 238.1571
182.6830 239.0031
182.0750 239.1711
181.2630 239.0981
179.9270 238.4991
177.8200 238.5421
176.3240 239.7641
175.1820 240.3901
174.1870 240.6961
172.9700 241.7311
171.4520 242.4851
169.5180 242.7261
168.5140 243.2081
166.7460 243.4101
165.9060 243.8371
164.4120 244.0941
163.9110 244.3301
162.9820 245.2601
162.2340 246.8191
161.9780 250.5781
161.2700 251.4581
159.9200 252.6551
159.3540 253.9221
159.0090 254.2171
158.1530 254.2591
156.4050 253.6511
155.5630 254.1951
154.9790 254.2231
154.6240 253.9801
154.3550 253.3481
154.0020 253.0631
152.6460 253.0491
152.0420 253.4261
151.4810 254.0931
150.4380 254.6341
148.9880 256.4121
148.2510 256.8191
147.1750 256.3221
146.7090 255.4251
146.2150 255.1001
145.1410 254.8721
144.3110 254.4451
141.7480 254.4251
139.0590 255.4151
138.6290 256.1761
138.4360 257.7231
138.0090 258.2581
137.5630 258.3831
137.1770 258.2311
136.6580 257.6091
136.5550 256.1911
136.1720 255.8071
135.3860 255.8261
134.0760 256.9931
132.8660 257.5801
132.3300 257.6131
130.1680 256.6101
128.5030 256.2541
127.5590 255.2671
126.4650 254.4811
125.7030 254.5311
124.9970 255.2781
124.5590 255.3401
124.1900 255.0741
123.6710 254.1731
123.1960 253.7421
121.5680 253.5061
120.3290 252.4851
118.6900 251.6921
118.0740 251.7371
117.2770 252.2021
116.1670 252.4111
114.7770 252.2031
113.6810 251.6941
112.2600 252.1971
110.1160 252.3351
109.6020 252.6881
109.2480 254.1061
108.5170 254.2661
108.2500 254.1231
107.6870 253.1781
105.8890 252.7361
102.9270 251.0861
102.2120 251.2121
100.8110 252.1541
 99.6120 252.6541
 98.1590 251.1071
 95.9120 250.7681
 93.3070 249.0331
 91.7840 248.2871
 90.3780 247.9991
 89.3930 247.5211
 86.8000 247.3581
 84.7980 246.6471
 83.5270 245.7551
 81.7260 244.0141
 80.9490 243.4771
 77.7790 243.2191
 75.8240 242.0781
 73.3650 241.3261
 72.8130 241.6131
 72.4770 242.7671
 71.2900 242.6441
 70.8270 242.8421
 70.5950 243.2831
 70.7530 244.6391
 71.9240 245.6881
 72.3500 246.2901
 72.5640 246.7141
 72.4470 247.2741
 71.8640 247.5031
 69.7340 247.5621
 68.9000 247.9891
 67.4140 248.2461
 66.9390 248.4931
 65.9030 249.8581
 65.6490 252.6371
 64.2480 253.5111
 63.3260 253.5531
 61.1710 252.3481
 60.3440 252.2791
 59.7320 252.4541
 59.0400 253.1721
 58.7030 254.2981
 58.1030 255.4511
 57.3050 256.2771
 54.3180 257.9021
 51.6230 259.7741
 50.7540 259.9241
 49.6770 259.8111
 49.2750 259.5561
 48.3390 258.3951
 47.7190 257.9761
 45.1530 257.8071
 44.5450 257.5751
 43.7290 255.5031
 43.5000 253.3141
 42.5310 252.5541
 41.7220 252.4111
 39.8080 253.5141
 38.2770 253.8731
 37.5790 254.5611
 37.0610 255.6301
 35.1140 256.9201
 32.8770 257.2621
 31.3450 257.9991
 30.6640 258.7071
 30.2670 259.6781
 29.5810 260.3781
 28.6010 260.7831
 26.1090 262.4341
 25.1290 262.8421
 21.2850 266.6061
 19.5890 267.6351
 17.1450 270.0581
 14.3900 271.4321
 13.7850 271.5491
 13.2310 271.3391
 12.6620 270.7251
 12.2290 269.7571
 10.7380 268.7131
 10.0300 267.6141
  8.6840 266.8831
  6.7400 266.2311
  5.9320 266.3831
  3.7470 267.5501
  1.1940 270.0381
  0.2960 270.4611
  0.2960 270.4611
  0.2640 312.2911
 26.1080 312.3341
121.8330 313.1511
121.3580 313.8511
121.1790 315.3461
120.9420 315.8221
120.0770 316.5351
118.0830 318.7601
117.7190 318.9971
117.0070 319.0401
115.3190 320.1751
115.0130 321.0001
113.7720 321.9661
113.6890 322.6781
114.0260 323.9901
114.2560 327.5501
114.4820 328.4851
115.2660 329.8511
115.4490 330.5491
115.1300 332.3641
115.2860 333.1601
116.7540 335.4871
117.0640 336.2961
117.1780 338.0961
116.7910 340.1471
116.9730 340.5231
117.4890 340.9551
117.7290 342.0431
118.9150 342.5151
119.1820 343.5611
120.1730 344.1031
120.6070 345.4551
120.9990 345.9841
122.6460 347.4041
123.5950 347.8351
123.9590 348.7551
124.0040 351.9061
123.8520 352.4221
122.6120 353.3851
123.5200 354.2761
123.7990 354.8331
123.2570 356.5061
123.5230 357.1471
122.6180 357.9711
121.8390 359.0441
120.6700 359.6181
120.2800 360.1611
119.6140 362.1971
118.5860 363.8841
118.4220 366.4751
118.7770 370.4571
118.6060 376.5141
118.8320 379.1301
119.5880 382.4541
120.6330 383.2311
120.8990 383.9551
119.9580 387.3651
119.4580 387.9631
119.3190 388.4651
119.1560 390.7041
118.4070 391.9981
118.2280 393.3061
117.7140 394.0441
118.0350 394.4601
118.5910 394.6401
118.8840 395.1821
119.1790 396.9891
119.6400 398.3781
121.0200 400.6001
121.6060 402.0031
121.0120 405.2831
121.0270 406.0471
121.2780 406.7841
121.6690 407.4221
122.1970 407.8241
123.6570 408.3781
124.1020 408.8221
124.3250 409.6271
124.2850 410.4331
123.0250 414.6991
121.6400 417.0051
121.5020 417.7691
121.6630 423.4191
121.5250 424.5991
121.3180 425.2931
121.0270 425.5571
120.0840 425.8501
119.8200 426.0311
119.7650 426.3081
119.8910 427.0021
120.5450 427.8621
120.5730 428.6521
120.1180 430.6371
120.9580 435.4761
120.3340 436.0051
120.6410 436.7811
120.3640 437.3081
118.8960 438.4201
118.6320 438.8501
118.6330 439.4321
119.4120 440.4851

Southern
482
197.7950 172.5632
199.8950 172.7202
223.3700 172.7082
224.7430 172.8311
225.8780 173.2231
227.0600 173.0601
228.7620 173.3901
238.8200 173.4121
239.9820 173.2921
241.7440 172.7371
245.8590 172.6671
247.9340 172.0431
252.1050 171.9711
254.1690 171.3481
258.3390 171.2761
260.6120 170.6381
286.2260 170.5671
289.3160 168.7751
290.8940 168.2861
294.1710 166.0051
296.3890 164.8911
296.6590 164.4942
296.6560 164.1731
295.8080 162.9102
295.9090 162.4962
296.1670 162.3112
301.5980 162.2812
304.0540 161.6212
309.6900 161.6362
310.6620 161.3621
311.4710 159.2911
311.7250 156.7981
312.8290 153.7221
313.0240 151.5821
313.5450 150.0681
313.8950 147.4181
314.1870 147.2771
314.4780 146.4891
315.3950 145.6601
315.9640 145.6711
316.4130 146.0171
317.3260 147.7651
318.2270 149.0091
318.6590 150.4021
319.1730 151.1731
319.4460 151.9541
320.8900 153.7231
321.4480 155.1521
322.4340 155.9821
323.4090 155.9841
324.3050 155.5551
324.9830 155.7231
325.6540 156.4652
326.6130 156.9271
327.3550 157.5771
328.0000 158.3212
328.4090 159.3032
329.3490 160.4302
329.6920 161.2472
330.2250 161.5842
331.3290 161.4602
332.1660 160.2982
333.3870 159.6612
334.7580 159.3432
335.4280 158.2462
336.9560 156.8232
337.1550 156.3192
337.1900 155.4102
336.6160 153.7282
336.5940 153.0382
338.0450 150.6782
338.9340 150.4172
340.2400 150.9402
340.9680 150.6212
341.5690 150.5922
343.1490 151.4962
343.7780 151.6771
343.7780 151.6771
344.5920 151.2761
346.6910 150.9611
347.3750 150.2651
347.8080 149.3301
348.4230 149.0751
349.8550 149.1451
350.6900 149.6151
352.1810 149.9151
353.5250 150.4242
355.1460 150.3121
356.5200 149.3692
357.7760 148.8852
358.3100 148.3742
359.3960 146.1112
359.7180 145.7572
362.4670 145.4642
366.3570 143.7052
367.9810 143.3431
368.8440 141.7951
370.8870 140.0802
371.7020 140.0281
372.2900 140.2702
372.6640 141.0922
373.3380 141.9832
374.3650 142.7612
375.3490 142.7722
376.2880 142.2922
376.7400 142.2352
377.8510 142.7292
379.4660 142.7772
380.6260 142.2482
382.8190 141.9612
383.3780 141.5232
384.8870 139.5922
385.5410 139.3662
387.0200 139.3062
388.6440 138.1732
389.6210 137.7472
392.1310 135.9662
397.8130 135.7372
399.3110 134.9372
400.0030 134.1382
401.0850 133.4012
401.7850 132.6132
402.2370 132.4212
404.4500 132.4112
406.1730 132.9912
408.7270 133.1872
409.5420 133.6382
410.5330 133.7452
411.6390 133.4242
412.0970 132.3622
412.0970 132.3622
410.7520 129.8542
410.5090 129.0882
409.0040 126.7202
408.1780 126.0022
408.0500 125.5742
408.9120 124.7102
408.3690 123.9582
408.2370 123.2202
408.3820 122.6162
408.9470 122.2092
409.1810 121.4952
407.9010 119.0092
407.8670 116.9152
407.5400 116.0422
407.5040 115.3612
407.7730 114.4642
408.8340 114.0302
408.9200 113.5522
408.7640 113.0652
407.1410 111.0912
406.7160 109.2652
406.9860 108.7922
407.7420 108.6032
408.0070 108.2862
407.8240 106.8782
408.3400 105.7752
407.9890 105.2412
408.0020 104.3482
407.7440 103.5482
406.7740 102.3702
406.5640 101.8112
406.5920  99.5162
405.5470  98.0112
404.2630  97.3622
403.1480  96.2512
402.3120  95.8732
401.5910  94.8932
396.0240  93.8542
373.8280  84.7942
365.8530  78.2012
347.6050  69.6482
335.7790  52.0892
335.5700  51.4002
335.5220  50.0462
334.9560  46.3122
334.4230  45.4582
330.5680  41.0202
316.7050  30.1462
311.1740  22.5272
306.9410  17.5802
306.7420  16.9472
306.9920  16.0822
307.0850  14.6552
303.3460  11.4912
300.4270   7.4322
298.8510   8.1232
296.8710   7.1892
295.8220   7.3802
294.6140   7.0652
291.7790   5.9412
290.8740   6.1062
289.9940   5.6292
288.2000   6.0312
287.8940   5.6672
287.8730   4.7232
287.7220   4.4322
287.2930   4.4232
286.0240   3.5642
284.7290   3.9072
283.0500   3.4701
282.2740   3.0091
279.7230   0.2862
278.9700   0.5262
277.3710   1.4292
275.5520   1.4182
274.4630   1.9502
274.1350   3.4722
273.3280   3.7452
272.9640   4.0662
272.6830   5.1472
272.4890   5.5292
272.0670   5.8352
269.8350   5.8742
269.2320   6.0052
268.4340   6.5172
267.5030   6.5982
267.0770   7.0902
265.8270   7.1962
264.7690   8.0082
263.8940   8.1652
263.3110   8.8122
262.7930   9.0182
261.2090   8.8212
259.3820   9.4642
258.4430   9.1492
257.7690   9.3392
257.1430   9.0992
256.8420   9.1392
256.1260  10.0982
255.8380  10.2522
254.0370  10.2232
253.6250  10.0462
253.1210  10.3092
252.5510  11.0442
251.9320  11.3212
252.0480  12.1802
250.9800  11.9062
249.9190  11.1762
248.5970  10.6082
247.2460  10.4902
246.2280   9.8712
244.7900   9.5442
244.4230   9.2652
244.2320   8.7482
244.8740   8.0882
244.3720   7.4062
244.0370   6.1842
242.9720   6.5372
242.1300   6.4222
241.3080   6.8072
240.7530   6.3112
239.4470   6.5932
238.2960   6.0772
238.1120   5.9172
237.9930   5.2712
237.0690   4.8582
236.2910   5.2772
235.8350   5.1412
235.0010   5.4602
233.6020   5.2262
233.2500   5.8652
232.0430   6.2502
231.6150   6.1862
231.2510   6.6822
230.5630   6.7882
230.2820   7.4422
230.4300   8.1582
229.6410   8.3632
229.5220   8.7042
229.6750   9.0502
230.2690   9.5572
229.5980  10.5632
229.1950  11.8162
228.3340  12.1342
227.2290  12.1042
226.6870  12.3122
226.5030  12.8422
224.7770  14.3432
223.6740  14.4682
221.8590  15.3242
221.1180  15.2122
220.9850  16.3672
220.7800  16.7072
219.8360  16.7342
219.0250  16.5362
218.1860  15.5812
217.3630  15.0712
216.4380  14.7742
215.2790  14.8332
214.4700  14.3512
213.8790  14.7732
213.1660  14.6942
212.6340  14.9882
211.8910  14.9792
211.4090  14.6172
210.9040  13.7402
210.5360  13.4502
209.6950  13.2692
209.3220  13.3652
207.5800  14.5182
206.3060  14.7332
205.8920  14.7152
205.3670  14.3382
204.8950  14.3612
204.5630  14.7152
203.5210  14.6182
202.1390  14.2322
201.6810  14.3002
200.8680  15.1822
200.4130  15.2872
199.4720  15.0342
197.5690  16.1352
197.1110  16.1292
195.1210  17.7502
195.2130  18.0742
195.0240  18.3572
194.5400  18.2362
192.5510  19.5102
190.5290  19.3482
189.9260  19.7292
189.2740  20.7232
188.4690  21.3722
188.3370  21.6992
188.4130  22.8132
187.6940  23.3642
186.6680  23.1692
186.9030  23.9282
186.6160  24.1682
186.2590  24.1802
185.6640  23.6172
184.8950  23.4682
184.7360  23.6242
185.1280  24.5262
185.2500  25.3122
185.0460  25.7952
185.2250  26.4962
184.9080  26.8802
184.4270  26.3762
184.1130  26.4162
182.5500  28.9042
182.3490  29.0162
181.9400  28.6402
181.6540  28.7232
181.4350  29.0762
181.6210  30.2062
181.1300  30.6702
180.1040  30.6302
179.2670  30.1782
177.9450  32.1872
177.2960  32.7512
176.5460  31.9902
176.0190  31.9572
175.7320  32.1692
175.2030  33.2752
175.2030  33.2752
175.9470  33.2702
176.5130  33.4772
176.8330  34.6652
176.9980  38.4092
179.3780  40.9292
179.6260  41.5152
179.6090  42.9872
179.1750  44.0882
179.4390  45.3282
179.0150  46.3892
179.0840  47.5342
180.0070  48.8002
181.5460  50.1772
181.9660  51.1542
183.0140  52.4002
183.9170  54.2662
183.7710  55.7792
183.1590  57.1122
183.1280  58.2652
183.3420  59.2002
184.0480  60.2712
186.5280  61.4422
187.1700  62.0432
187.7330  62.9862
188.0090  64.4222
187.9010  65.1472
187.3830  66.4672
187.5450  67.3022
188.6020  67.9822
190.1990  68.4232
191.8360  69.4242
193.2820  70.0262
194.2360  71.1632
194.8380  72.4362
194.9870  73.3902
194.8940  74.6852
194.4350  75.5192
194.1160  77.2002
192.9330  80.6942
192.9400  83.4322
193.5970  85.0682
193.4390  86.1872
192.7380  86.8972
191.0610  87.6822
187.3270  87.8232
186.1770  88.3442
184.5860  88.4912
184.1120  88.6822
183.3570  89.9272
182.9430  91.8682
181.6450  93.1562
180.5610  93.6372
178.6180  95.5032
178.2620  96.2162
178.2660  96.7472
178.7340  97.4322
180.2560  97.7612
181.6930  99.1262
182.6450 100.7262
183.8510 102.0322
187.0330 106.5112
188.6030 107.5002
189.7110 108.4962
191.3750 108.9192
193.3750 110.7882
194.4200 111.3352
195.8510 111.7002
196.8120 112.2842
197.0990 112.8572
197.1740 114.8572
197.3430 115.4892
199.0150 117.9762
199.3790 119.1092
200.0000 120.2702
201.4210 121.6562
202.4400 122.1962
202.6990 123.3482
204.3550 123.4872
203.9630 124.3742
203.5580 124.6562
202.6330 124.7212
201.6620 124.3922
201.1460 125.2442
198.7360 127.7082
198.5200 128.5452
198.6620 130.0562
199.7220 131.4502
199.2960 132.9792
199.3620 133.9842
199.6270 134.3492
200.4580 134.8662
201.2380 137.5112
201.4040 140.8292
202.0450 142.9842
201.9540 145.2982
201.1010 146.2902
200.0030 146.7082
199.5710 146.5022
198.4480 145.0782
197.5800 144.3322
196.2810 144.2812
195.3480 144.9782
193.9200 146.5032
193.6010 147.9042
193.8520 148.8122
195.0270 150.1162
195.1640 150.9222
195.0480 151.5642
194.2560 152.3992
193.2660 152.7822
192.5000 153.3982
191.8500 154.1102
191.7250 154.5662
191.9010 155.1892
193.5690 156.2062
194.2830 156.9322
194.4570 157.4072
194.4000 159.0362
193.1960 160.5232
193.2420 161.4482
194.1130 162.1882
195.8630 162.3502
196.4230 162.6642
197.1750 164.1752
197.3860 167.5292
199.2160 169.5462

Copperbelt
315
336.7470 355.9802
337.2780 355.8332
338.6700 356.0732
339.6060 355.9022
340.5780 356.1792
343.3440 355.6962
343.7460 355.8692
344.3780 356.6292
346.8770 357.4952
347.0250 357.8602
346.6480 359.0542
346.9380 359.2942
349.7500 358.4372
352.8550 358.6572
353.2930 358.2312
353.7760 356.4522
354.9750 354.1962
354.6890 352.6182
354.7800 352.0052
355.0900 351.7862
355.4930 351.8472
357.1280 352.7042
358.5030 352.0392
361.3760 352.0352
362.2700 351.8512
362.9160 351.4842
364.4230 348.2692
364.7590 347.1722
365.1680 346.8432
366.4450 347.2922
366.3640 348.1412
366.5250 348.5902
367.6110 349.7762
368.1370 350.0342
368.5560 350.0262
369.0170 348.9172
370.4720 348.6022
370.8930 348.3982
371.3760 347.7642
371.7690 347.6162
372.2000 347.6502
373.1970 348.2072
373.5590 348.2122
374.4730 347.7372
376.5220 347.8352
377.2240 347.4832
381.8090 342.8762
384.0690 341.9462
384.5090 341.4642
384.5420 341.1022
384.1470 339.4782
384.2930 339.0902
386.9430 337.2732
388.5140 335.7612
388.8860 335.1802
388.5800 333.2082
388.3550 332.3952
388.0810 332.0562
387.5530 331.8522
386.2010 331.7632
385.3970 331.3602
384.9290 330.8792
384.8110 330.3742
385.4910 328.7232
386.3460 327.5632
389.2520 324.6742
389.8430 323.4262
390.1720 321.3072
391.5640 320.0182
391.8700 319.0721
392.3110 319.0821
393.0380 320.0241
393.7880 322.1441
395.0810 323.4911
395.5530 323.6651
397.0080 323.4641
397.5030 323.0951
398.1460 322.1971
399.3420 321.6291
401.0280 320.0771
401.4430 319.4961
401.5560 318.5201
401.8600 317.8541
402.5420 317.1241
402.7920 316.3181
403.3140 316.0051
403.8830 316.2511
404.8390 315.8611
405.0150 315.3751
404.8850 314.7441
405.1730 314.1901
406.5370 312.8421
407.0410 311.9131
407.4340 310.9551
407.4910 309.1401
408.1860 308.5361
408.3030 308.2021
408.1580 307.6541
407.2520 307.4861
408.1960 306.1591
408.3820 305.0301
408.2200 303.7541
408.8190 303.0651
409.2060 303.4071
409.5690 303.4271
409.8100 303.1791
409.9160 302.6911
410.5180 302.6451
411.1980 302.9771
411.5930 302.7321
413.8570 296.0421
414.0990 294.0731
414.3630 293.3781
415.4540 291.7301
415.5060 290.2761
415.9070 289.7091
416.2710 289.7151
416.9070 290.1871
417.2890 289.9841
417.2880 289.1721
416.8050 288.7441
417.2720 287.6041
417.5570 287.2871
418.5390 287.1781
419.2460 287.6571
419.2460 287.6571
417.4980 285.5531
416.7580 284.2801
414.8290 282.2351
413.9960 280.9151
413.4750 280.5981
412.2440 280.2911
409.7110 278.9771
408.4490 277.9491
406.5330 275.2281
404.8700 274.1401
403.6820 273.0271
402.0940 272.0791
400.3250 270.3511
398.6240 269.3291
397.8920 268.6321
397.3190 267.8981
397.0550 266.7741
397.0930 264.6481
397.5980 263.6301
397.7780 262.5381
397.7330 261.2321
397.4970 260.7651
396.6760 260.4901
391.9130 260.4651
390.5410 259.9731
389.0470 259.6921
388.2060 259.2581
386.4460 259.0471
385.2690 258.5181
382.2310 258.5581
381.4350 259.0051
378.5300 259.8611
376.8870 259.7981
375.4060 259.1841
372.6930 259.1911
371.1370 259.7241
369.7840 259.9691
368.9980 260.4171
368.5350 260.4721
367.9880 260.2681
366.4590 258.7491
366.0570 258.5401
360.0310 258.3971
358.6610 257.9031
356.1970 257.6111
354.5830 256.6321
353.8880 256.6151
352.2200 257.3181
351.7000 258.5421
350.8600 259.7541
350.4340 261.1581
349.3830 263.3631
348.3760 266.6761
347.3320 268.8861
347.0310 270.1321
346.3850 271.2471
345.4510 271.5901
340.0200 271.6461
338.4850 272.3891
337.0790 273.3501
336.4410 273.5191
335.8120 273.2981
334.9530 272.1741
334.6420 270.5451
333.4800 269.8101
333.1450 267.7781
332.0360 266.4141
331.3750 265.0231
331.0270 263.5111
330.1580 263.2131
329.6360 263.5211
328.6620 264.6031
327.8460 264.6981
327.2430 264.4711
326.5250 262.8901
327.0080 261.3481
326.8690 260.0251
325.8710 258.8151
324.4830 258.2471
323.3920 257.2651
322.7910 257.0741
322.1310 257.0981
321.6960 257.3031
320.9240 258.7931
320.6990 260.9841
320.0000 263.0651
318.8380 264.4871
318.7240 267.4411
318.2340 268.0611
316.9210 268.2781
315.7440 268.7111
314.6120 268.8201
289.9460 268.8191
289.9460 268.8191
289.2970 269.3631
288.3220 269.6601
287.0540 270.3491
285.6880 271.7521
285.4690 273.3321
285.5990 278.2291
286.4460 280.3141
287.9430 281.3291
288.1900 281.7001
288.4610 282.9271
288.9320 283.9141
288.9800 286.9731
290.6660 286.7201
291.5940 286.8911
292.8320 287.9251
293.5870 289.7361
295.1320 290.4351
295.7830 291.0101
296.3670 291.9881
296.6160 292.8051
296.6310 294.8831
296.4240 295.7431
295.3420 297.9281
295.4420 299.1951
296.4440 300.8041
297.5370 301.6471
298.5270 302.0471
300.5170 303.2961
301.3220 304.0971
302.1140 305.7561
302.3030 308.2371
302.7500 309.0551
303.0540 310.5391
303.5810 312.0031
303.3660 312.6321
302.9230 312.8391
300.5010 313.0011
299.8900 314.0011
298.5550 315.3521
296.5810 315.8281
290.7190 319.2101
290.6700 319.8951
292.3710 322.6271
292.5510 323.5611
292.2350 324.4411
291.0450 325.5681
289.9170 326.2441
288.7690 328.3081
288.8100 328.9271
289.6480 330.2461
289.9160 333.1171
290.6180 333.9961
291.5090 334.6781
292.9190 334.9501
294.8630 335.8401
295.8790 337.0461
296.9000 338.7311
298.7400 340.7291
300.5510 341.5051
301.9460 341.7171
302.2740 341.9781
302.2480 342.8841
300.9820 345.6981
301.1080 346.2901
301.9760 347.5571
302.1970 348.1681
302.1920 349.5421
301.7370 350.8161
301.6120 351.9451
302.3070 352.6301
305.1740 352.6791
306.6980 353.2141
307.5960 353.3001
310.0110 352.6581
315.0830 352.6041
316.4710 353.9141
318.5650 354.8511
319.2100 355.7991
320.1250 356.2611
321.8000 357.8361
322.9570 358.1611
324.6550 358.0271
325.0430 357.7201
325.3710 356.8411
325.8140 356.3461
327.0030 356.0481
327.9200 355.5331
328.4190 355.5981
329.7170 356.1771
333.1990 358.2021
334.2630 359.8721
334.2630 359.8721
334.7110 359.6501
335.0800 359.1241
335.5650 356.8871

Lusaka
248
477.8550 211.5262
478.9790 211.4402
479.5900 211.1292
479.9140 210.6982
480.4420 209.2162
480.8540 208.8862
481.9330 208.5142
482.5830 207.9392
484.5560 205.0342
486.7980 203.7122
487.4820 202.9902
487.9200 202.0332
488.7970 201.1962
489.0710 199.9602
489.0390 192.6352
489.2240 191.6092
489.8750 190.7062
489.8750 190.7062
490.8800 188.1932
490.7760 187.8442
490.3180 187.4432
490.0650 186.7012
490.2930 186.0212
490.1130 184.6162
490.7860 183.6042
490.5900 182.1572
491.5430 181.0272
491.7000 180.3202
492.2480 179.4512
492.4020 178.6032
492.1700 177.3952
492.7640 176.7372
493.5820 175.1302
495.8780 173.4272
497.2030 171.7822
498.1920 171.1022
499.3070 169.5182
499.5360 168.0342
499.9010 167.1402
499.6620 164.6772
500.8350 161.5262
500.7420 161.0482
499.1690 158.1972
498.6980 157.0632
498.7170 156.5691
500.1620 155.2041
501.2430 153.2521
501.8410 152.6231
501.5240 152.3151
500.1390 151.4231
498.3180 150.6362
495.8530 150.9332
494.0030 150.8952
493.2050 151.3191
492.6810 152.0481
492.4140 152.1091
489.8200 149.9121
489.3700 149.9901
489.0430 150.6601
487.9200 151.8231
486.8580 152.4491
484.3880 152.4801
482.6580 152.0601
480.4680 152.0301
478.7530 151.5971
476.9200 151.4841
474.9600 151.0881
473.0300 152.2771
471.0670 152.3371
469.6010 152.9571
467.4800 153.1271
464.7990 153.0601
463.5490 152.7682
459.9810 151.1182
454.8240 149.9202
453.6940 149.9552
451.7230 151.1322
450.8340 151.1722
449.8080 150.8842
447.9540 148.8742
447.1570 148.4642
443.2080 148.2362
442.4080 147.9812
441.1580 146.8152
438.9240 146.9452
438.1390 146.6352
436.9980 145.7532
435.5360 145.3742
433.2020 143.9632
431.8810 143.6012
430.8780 143.6402
430.0660 143.2022
429.0000 141.9702
421.2110 136.4831
419.9250 134.8231
419.3950 133.5991
418.8960 132.9831
418.2660 132.6771
416.5150 132.9181
415.7080 132.7621
413.4850 132.8251
412.7580 132.7001
412.0970 132.3621
412.0970 132.3621
411.6390 133.4241
410.5330 133.7451
409.5420 133.6381
408.7270 133.1871
406.1730 132.9911
404.4500 132.4111
402.2370 132.4211
401.7850 132.6131
401.0850 133.4011
400.0030 134.1381
399.3110 134.9371
397.8130 135.7371
392.1310 135.9661
389.6210 137.7471
388.6440 138.1731
387.0200 139.3061
385.5410 139.3661
384.8870 139.5921
383.3780 141.5231
382.8190 141.9611
380.6260 142.2481
379.4660 142.7771
377.8510 142.7291
376.7400 142.2351
376.2880 142.2921
375.3490 142.7721
374.3650 142.7611
373.3380 141.9831
372.6640 141.0921
372.2900 140.2701
371.7020 140.0281
370.8870 140.0801
368.8440 141.7951
367.9810 143.3431
366.3570 143.7051
362.4670 145.4641
359.7180 145.7571
359.3960 146.1111
358.3100 148.3741
357.7760 148.8851
356.5200 149.3691
355.1460 150.3121
353.5250 150.4241
352.1810 149.9151
350.6900 149.6151
349.8550 149.1451
348.4230 149.0751
347.8080 149.3301
347.3750 150.2651
346.6910 150.9611
344.5920 151.2761
343.7780 151.6771
343.7780 151.6771
344.6540 153.3281
344.8230 155.3901
345.1480 155.9061
346.0250 155.9691
347.6300 155.3711
349.9720 155.3171
351.0100 155.4651
352.2780 156.2011
353.1010 157.8121
353.1660 162.3891
353.0110 163.6211
352.3600 165.0231
351.5740 166.5521
350.7690 167.4421
348.9470 168.3901
346.9910 168.6911
345.0780 169.3121
344.4500 169.7471
343.1340 172.4371
343.1330 172.8311
343.4760 173.3951
344.6410 173.5121
345.7950 173.9711
347.3960 174.2081
348.9060 174.7421
355.5510 174.7151
356.8830 174.2081
358.4870 173.9781
360.5820 173.2921
362.9390 172.1611
366.4150 171.0991
370.5810 169.0091
372.9540 167.1511
373.7130 167.2491
374.4420 167.7831
375.2930 169.1511
376.6340 170.1281
376.7120 173.3451
376.1040 175.1861
376.0980 176.4581
376.8880 178.8841
377.5460 180.2891
378.3080 181.2161
378.8840 181.5941
380.3300 181.7021
381.9900 181.1081
384.8390 180.9101
386.0020 180.4461
389.0310 179.8041
390.4550 180.2561
391.8030 180.1491
393.1630 180.4321
394.3000 180.9041
395.9310 181.1431
397.2510 181.6471
401.1210 181.7571
402.7930 182.3301
405.6380 182.5051
407.8600 183.2481
408.4330 183.7351
409.8020 185.7861
410.7690 187.7481
411.3530 188.4451
413.0120 189.2321
414.8280 189.4791
418.9910 191.5431
421.0440 193.2791
423.2600 194.7521
424.6600 195.4231
426.4390 195.6921
427.6090 196.1501
429.2110 196.3861
430.9170 196.9371
440.5930 196.9351
441.6920 197.0561
443.3710 198.2041
444.7600 198.8871
447.2440 199.1381
448.8170 199.8361
450.3390 200.6451
451.6930 201.6661
455.7210 203.6671
457.1230 204.0271
458.5180 204.7031
459.8710 205.7391
461.4080 206.5061
463.6480 207.2301
465.2890 207.4501
467.5260 208.1821
469.7340 209.2601
471.1330 209.6281

Muchinga
641
621.8320 546.7242
622.7470 545.9362
623.5430 545.8362
625.4880 544.6742
625.0840 543.5152
627.9890 539.4832
628.3070 538.5972
630.2740 539.0752
630.9090 539.0832
632.9700 538.3882
634.6170 537.5182
635.4980 537.3722
638.2980 537.5132
640.5140 536.9972
641.4170 536.0792
641.8630 535.1382
641.8590 534.7882
642.7840 534.7582
643.1820 534.5342
643.7330 534.1602
644.3160 533.2972
645.4140 532.5982
647.7630 531.4342
649.2560 531.9182
649.2890 530.8142
649.4650 530.5102
649.9340 530.4232
650.3680 531.1372
651.2000 530.0402
652.8940 529.7812
652.0910 528.7482
652.3060 528.3222
652.5510 524.6652
652.9080 524.4282
654.1960 524.9832
655.3210 524.1872
656.4460 524.3272
656.9770 523.9622
657.2080 524.0552
657.3400 523.9122
657.2730 523.5262
657.4910 523.1512
657.3640 522.3782
656.3270 520.4002
656.3750 519.3502
655.9800 518.0522
656.4200 517.3292
656.3880 516.9672
656.7470 516.7642
656.8140 516.0132
657.1510 515.4912
657.9060 515.4012
658.1570 515.7012
658.1960 516.2252
658.4900 516.3662
659.0910 516.3382
659.4500 516.1032
659.4970 515.5852
660.5860 513.9502
660.8000 513.0932
661.2110 512.6762
661.7100 512.7272
662.2720 514.2002
662.2920 514.9862
662.7340 515.0792
662.5910 515.8572
662.2040 516.0642
662.0360 516.5322
662.5030 517.8812
662.9160 518.2072
663.1650 517.8222
664.0360 517.3922
664.5580 517.3962
664.7030 517.0522
664.8570 517.0442
665.4750 517.3762
665.7270 517.9852
667.1040 518.0512
667.1230 517.7912
667.6970 517.2612
668.5820 516.7412
668.7700 516.4712
668.5580 515.7442
669.0330 515.2282
669.3060 514.3532
669.0290 512.7842
669.1800 510.7852
669.7540 509.9492
671.3480 508.5982
671.7760 507.9572
672.0930 507.8792
672.3770 507.5112
672.8360 507.4932
672.9080 506.4212
673.2390 506.0352
673.3060 505.4772
673.7430 504.7682
674.7340 504.6172
675.0930 504.2792
676.4420 503.9772
677.2440 501.9322
677.5430 501.7592
677.5030 500.9022
678.2110 499.0372
677.0060 498.3992
676.7010 497.9352
676.2990 496.7422
676.2220 495.5552
675.0960 492.4712
675.1050 491.7142
674.2840 490.2842
674.6460 490.1512
674.6790 489.9122
675.4030 489.0502
675.7950 489.0252
676.3280 488.4452
676.2110 487.5002
676.5110 487.3732
676.8080 487.9582
677.1560 487.6482
677.7910 487.6452
678.3650 487.8842
678.9580 487.5792
679.0190 487.3212
679.6700 487.1982
679.7590 486.8092
680.3760 486.1562
681.0560 485.7622
682.5570 484.0282
682.6500 483.7122
683.8250 483.3842
685.2290 483.2322
685.5630 482.8342
686.0230 482.7942
686.1280 481.9192
686.5490 481.3622
687.5880 480.9242
687.7690 479.6822
688.2100 480.0152
688.9380 479.9592
689.1660 479.7622
688.9910 478.8872
688.4660 477.8092
688.3180 476.1512
687.7050 475.4212
688.0060 474.2902
687.6770 473.7872
688.4230 472.7882
688.3190 471.4882
688.8000 470.8762
689.2210 469.4072
689.7170 468.6422
689.6820 467.6002
690.4800 467.6852
690.5900 467.4532
691.6710 466.7652
691.5430 467.1892
692.5300 466.8412
693.1740 465.5502
693.2410 465.0242
692.6540 464.1832
692.9010 463.7802
693.4150 463.9022
693.7860 463.4982
694.1970 462.5402
695.4960 461.9382
696.1120 460.5922
696.0920 459.5122
696.2700 459.1372
696.6170 459.0792
697.6720 459.5722
697.7110 459.2402
697.4600 458.6182
696.6240 457.8332
696.4550 457.3492
695.2170 456.4142
694.1620 455.9212
692.8070 454.1422
692.3640 454.0892
691.5470 454.3162
691.2410 454.0682
689.6050 451.4462
689.0190 450.8952
688.4170 449.7212
688.0960 449.4872
687.6960 449.6562
687.3770 449.5752
687.4800 448.3272
687.3190 448.0972
687.1310 447.9042
686.8020 447.9822
686.2850 447.3142
685.6250 447.2832
685.1250 446.4392
683.9000 446.1652
683.5120 445.8792
683.3160 445.0352
683.0000 444.6452
682.6320 444.4482
682.0360 444.4382
680.4580 444.8922
678.8220 444.9302
678.0830 444.2282
677.3450 443.9282
675.5980 443.9672
674.1950 441.4952
672.7090 441.1032
672.6010 441.6182
672.0050 441.7192
671.4910 441.5422
670.4010 440.3022
670.3160 440.0252
670.6160 439.2192
670.9060 439.1472
671.2830 439.4922
671.8360 439.2932
672.1590 439.7212
673.5090 438.3942
674.1280 437.4752
674.3190 437.0442
674.0080 434.1612
674.1680 433.0372
674.6460 431.9242
674.7510 430.9532
675.2890 430.4082
675.4210 429.5612
677.4630 427.6192
678.0810 426.4632
677.8400 425.8402
677.9340 425.2852
678.2230 424.8672
679.0300 425.0002
679.8180 424.5092
679.8560 423.9122
679.5730 423.0812
679.1100 422.3902
679.0350 421.3912
678.4580 420.1742
678.4260 419.7161
678.1700 419.3472
677.7810 419.3262
677.3350 418.7672
676.6790 418.4242
676.6420 417.6052
676.2550 417.2082
676.1910 416.5832
675.7090 415.8852
675.7310 415.2732
675.1650 414.9112
674.9080 414.0612
674.3620 413.9942
674.0120 413.6412
673.9640 413.3662
674.6260 411.8552
674.2900 411.4542
673.7280 411.3482
673.2200 411.4752
672.7830 411.2052
672.6600 410.4292
673.0590 409.8202
672.9000 408.2622
673.3890 407.5562
672.4820 407.2972
671.9310 407.4492
671.5170 407.7842
671.4350 408.1142
670.9980 408.2462
670.5330 408.6612
670.5220 409.0502
670.1430 409.6762
669.5970 409.3912
669.0500 408.0172
669.3370 407.1862
670.3380 405.8692
670.2640 405.1062
669.9060 404.7902
669.7770 404.1442
670.3280 403.3302
670.6280 403.2832
670.7000 402.7122
670.4860 401.7282
669.6330 400.9442
669.2070 400.8492
669.0180 400.6312
668.6680 398.1162
669.6440 398.2522
671.4760 398.9512
672.0600 398.5022
672.5060 398.8832
672.8330 398.8092
673.1510 398.1902
673.9370 397.9382
674.3790 397.2202
674.6650 395.5602
674.3660 394.5912
674.3850 393.9632
674.3850 393.9632
673.1940 393.1612
671.0950 392.1642
670.4520 391.5382
669.7840 390.1732
669.4290 388.7862
666.3110 382.6482
665.2530 379.2112
663.8920 376.4612
662.9680 375.1892
661.9340 374.6322
658.5860 373.6632
656.3750 372.6032
652.2150 371.2362
649.9110 370.9992
648.2410 370.4482
645.7430 370.3232
644.4130 369.8322
642.8100 369.5992
641.6410 369.1462
640.0350 368.9262
636.1020 367.0682
629.4800 366.9632
626.8540 366.2142
626.1270 365.6712
625.4310 364.3262
624.2220 360.5722
623.1290 359.3932
622.2160 358.8532
620.6170 358.6322
619.2860 358.1392
617.3150 358.0632
616.2730 358.2212
613.6370 359.1822
611.1980 355.5182
610.4650 354.8182
608.8190 353.7622
608.3260 352.8272
607.4640 351.9762
607.0330 350.6072
606.4520 349.6092
605.4800 349.0172
605.2100 348.6702
604.9350 347.4672
604.4640 346.4692
604.3630 343.8332
603.7780 342.3572
603.5990 340.0592
603.1590 339.2292
602.9030 337.3302
602.4610 336.5002
602.1770 335.0172
601.6130 333.6002
601.5230 331.2532
601.0160 330.1682
600.7960 328.1612
599.9360 325.7922
598.2930 324.3942
597.5620 322.7722
597.3760 321.0202
597.1430 320.4512
595.8390 319.1802
592.0600 317.4442
590.7280 316.3362
590.5320 315.8462
590.3880 314.0392
590.4760 311.5942
590.2840 310.9382
589.6790 310.3212
588.3000 309.8162
586.6510 308.8422
585.5620 308.4142
584.3160 307.0752
582.2080 306.5252
581.2090 305.9682
579.7130 302.2542
578.9100 301.4792
577.5340 300.8722
576.0230 298.0542
575.7900 294.0582
575.3470 293.1992
575.0540 291.8482
574.4270 291.0472
573.5980 290.3232
572.6130 289.9232
570.6320 288.6662
568.8590 286.8582
567.4260 286.6702
563.7350 286.7902
562.0640 286.5322
562.0640 286.5322
562.0370 291.5212
561.8940 292.5602
561.0990 293.6722
559.9770 294.6832
558.7530 296.5102
557.9180 298.3482
557.8800 307.6722
557.7530 308.3552
557.2650 309.3582
557.2050 312.6692
556.9410 313.4302
555.6430 314.6902
554.1240 315.4532
552.6910 315.8792
548.4390 315.4932
547.3650 314.9632
546.9520 314.5402
546.7420 311.9222
545.9280 310.6372
544.9960 310.0852
543.3070 310.0792
542.8380 310.2522
540.9220 311.9012
540.0880 313.0152
539.6960 313.9972
538.1840 315.4382
535.5360 315.6682
534.6970 316.1012
532.7830 316.3582
531.6220 316.8812
527.7300 316.9382
526.7880 317.0872
524.3760 318.3322
523.0670 319.4802
522.0740 319.8712
521.1150 320.5352
520.7590 320.9492
520.6700 321.3522
521.0960 322.2132
521.1420 323.3962
519.9970 327.1022
520.6510 328.9862
521.7180 330.1822
522.4410 331.5102
522.5020 332.4142
521.7350 333.2362
520.7440 333.6062
519.4920 334.5592
518.7120 336.0662
518.4300 337.0672
518.1480 337.3972
517.5660 337.5152
516.9580 337.3132
515.3760 335.5792
513.6730 335.4422
512.6780 335.8102
510.3460 338.3802
510.2260 339.2312
510.8690 341.1902
510.7320 342.6992
509.7380 343.4232
508.4060 343.8322
507.2810 344.5912
506.8080 345.1192
506.1730 346.4742
506.1790 347.1002
506.8470 348.8642
507.2730 349.5042
507.4170 350.3462
507.4020 353.3482
507.2460 353.8042
506.6530 354.4142
505.9270 354.6622
503.0490 354.7522
502.6660 355.0012
501.7810 356.3832
501.3980 356.6312
498.3560 356.7842
497.2420 357.2972
495.4280 357.5022
492.8150 358.6172
489.7260 359.5982
489.0740 360.0022
487.6610 360.2722
486.3020 360.9872
485.7940 362.1052
485.3260 362.6252
483.5200 363.0242
482.1420 364.0302
479.8660 367.3202
479.6380 369.2602
478.8190 371.1992
477.5510 372.6102
476.5650 373.1232
475.4940 373.1862
474.5120 373.0322
473.8530 372.6222
472.4560 372.3302
471.8020 371.9282
470.6250 371.5692
468.2770 370.3332
467.9600 369.6192
467.8090 366.3662
466.9430 364.7162
465.5730 363.4762
465.5730 363.4762
465.5330 363.5462
465.5330 363.5462
465.9680 365.9432
466.4070 367.2762
465.8160 368.1422
464.0740 369.8022
463.8330 370.3482
463.7730 374.4162
463.2420 375.5292
463.1310 376.3182
464.0470 379.0792
466.3060 379.9372
468.9470 380.0692
470.2980 380.5652
473.1060 380.7532
474.7990 381.3162
478.3090 381.3862
480.3520 381.9972
483.5110 382.1172
485.0340 382.6512
487.6630 382.8022
489.0100 383.2882
490.9640 383.4432
491.7940 383.7332
494.2230 385.7592
496.0460 388.4222
497.5690 390.1602
499.6220 393.3552
500.7590 394.4942
501.7740 395.2232
503.0440 396.8372
503.3500 397.8172
503.4330 400.8072
504.4540 403.2412
504.4540 403.2412
506.2260 404.1022
506.9610 404.7022
509.8260 407.5592
511.0110 409.3732
514.0090 412.3202
514.8000 412.7402
516.6610 413.0052
518.3440 413.9662
519.0600 415.1682
520.6010 416.9332
523.6430 422.9652
526.0770 426.3622
527.2680 428.3992
528.5850 429.0812
531.5130 429.2832
531.7760 429.6222
531.9440 430.9692
532.2470 431.4942
535.2280 433.1652
536.9940 434.9562
537.9700 436.5582
538.8320 437.2272
539.4860 437.3382
540.2780 437.1752
541.6520 436.4522
543.3300 434.9602
543.7560 434.9182
544.1850 435.2422
545.0240 436.6572
546.9920 438.7492
547.7070 440.2922
547.8380 442.3902
548.0150 442.8262
548.4270 443.1532
549.1960 443.0822
549.5960 443.2182
550.3100 443.9982
550.2480 444.5552
549.7060 445.3182
548.3010 445.5882
547.8800 445.9832
547.8090 448.3572
547.9500 448.8552
548.3250 449.3362
550.1280 450.2002
552.2750 450.3612
553.6110 450.8462
555.8230 451.0892
556.5780 452.1142
556.9990 453.6022
557.4770 454.1722
559.6810 455.5762
562.1700 455.8302
564.1580 456.5472
565.3470 458.2772
566.4470 458.9772
567.0590 459.1062
567.6400 458.9862
568.4350 458.1032
568.9880 457.9022
569.4360 457.9722
573.8350 459.4692
574.6830 460.0042
575.5030 461.1092
576.3170 461.7172
579.3360 461.9182
581.7300 462.6872
582.2930 463.1682
583.1430 464.3652
586.6190 466.0532
587.4230 466.6812
587.9400 467.3492
588.9620 469.4182
589.9210 470.6302
590.4340 471.5952
591.8550 473.0362
593.6760 473.9612
595.6400 474.2362
596.6830 474.7772
597.0890 475.1722
597.7380 476.5122
597.8130 482.2352
598.4050 483.9982
598.6390 486.2822
599.2410 487.1022
602.2910 490.0152
605.3910 491.2042
606.5200 492.2252
607.4570 494.8662
607.6260 497.6862
608.5410 500.1642
612.4500 504.0532
615.2180 505.9252
616.9280 506.6762
619.7110 506.6562
618.7000 508.4932
618.5660 511.0682
618.0350 512.5672
617.8460 515.3162
617.3510 516.6402
617.2000 519.2132
616.6690 520.7122
616.5300 523.2872
615.7980 524.8332
615.9290 527.7762
615.8160 529.5782
613.6950 535.8412
611.1900 541.5462
611.0790 542.7522
611.1920 546.1182
611.1920 546.1182
611.9760 545.8482
614.4900 546.0522

