1000 796

Montezuma
13
170.9233 196.3485
165.1508 191.2812
135.0738 152.2712
134.0682 150.8607
122.8236 132.3678
105.0490 100.3448
103.2859  95.5126
 15.1704 107.2927
 26.7024 188.9957
 46.6580 211.4066
126.4803 200.8280
141.5515 199.1694
153.0312 198.5295

La_Plata
9
170.9233 196.3485
235.2566 188.4080
222.2489  80.6243
103.2859  95.5126
105.0490 100.3448
122.8236 132.3678
134.0682 150.8607
135.0738 152.2712
165.1508 191.2812

Prowers
9
867.4363 234.5488
958.8559 228.7241
958.7906 227.6662
953.4883 138.8455
952.5480 122.8993
859.2608 129.0767
861.3765 159.4411
862.3168 159.4411
862.5519 161.8572

Bent
8
867.4363 234.5488
862.5519 161.8572
862.3168 159.4411
861.3765 159.4411
859.2608 129.0767
815.8757 132.1980
772.5558 135.4891
781.3190 240.7392

Kiowa
13
815.5230 297.1843
829.9412 296.5444
888.6849 291.9864
920.8776 290.1711
962.4997 287.4155
958.8559 228.7241
867.4363 234.5488
781.3190 240.7392
768.0110 241.6795
770.9625 284.2941
776.5522 285.0516
804.2131 282.9359
814.3999 282.4135

Cheyenne
12
967.0315 360.5642
963.4400 301.3504
962.4997 287.4155
920.8776 290.1711
888.6849 291.9864
829.9412 296.5444
815.5230 297.1843
822.2358 369.0532
836.7063 368.3479
880.1436 365.0568
908.1050 363.5941
927.1856 362.9934

Kit_Carson
13
830.0588 458.4224
875.3245 455.4708
972.2685 449.9204
972.2163 448.9409
967.8542 375.1783
967.0315 360.5642
927.1856 362.9934
908.1050 363.5941
880.1436 365.0568
836.7063 368.3479
822.2358 369.0532
823.3459 384.0068
826.4150 411.0278

Yuma
10
903.4034 601.6116
981.3974 596.6097
980.3918 581.2512
976.6828 522.6381
972.2685 449.9204
875.3245 455.4708
879.1511 506.0128
880.4963 528.9853
885.9814 588.0162
888.8024 602.6303

Washington
12
765.1900 537.6310
795.0320 535.2671
797.0432 563.2415
799.7989 594.1936
801.6795 608.7946
888.8024 602.6303
885.9814 588.0162
880.4963 528.9853
879.1511 506.0128
875.3245 455.4708
830.0588 458.4224
759.0127 464.0512

Phillips
5
984.8060 649.0715
984.2183 640.2299
981.3974 596.6097
903.4034 601.6116
908.8755 654.0734

Sedgwick
5
915.6536 696.6750
987.4572 691.8689
984.8060 649.0715
908.8755 654.0734
911.5789 696.9100

Logan
11
795.4499 705.5035
819.6369 703.6359
911.5789 696.9100
908.8755 654.0734
903.4034 601.6116
888.8024 602.6303
801.6795 608.7946
788.0841 624.7016
790.6830 654.8831
791.4405 654.8309
795.3324 701.5594

Morgan
10
765.1900 537.6310
708.3923 542.3456
716.3328 630.8137
757.5369 627.2744
773.5484 625.6419
788.0841 624.7016
801.6795 608.7946
799.7989 594.1936
797.0432 563.2415
795.0320 535.2671

Baca
12
815.8757 132.1980
859.2608 129.0767
952.5480 122.8993
949.7270  79.6970
945.4303  12.5820
903.7038  15.5205
834.4730  21.2277
817.5734  22.5337
806.3941  23.3564
807.8699  44.5397
811.6965  87.9117
812.7543  87.8595

Otero
11
781.3190 240.7392
772.5558 135.4891
686.2557 142.6068
687.1960 157.9783
693.4909 227.6140
696.6775 226.3733
709.0975 222.6643
722.5754 219.4907
750.5368 217.2444
765.7255 226.1251
768.0110 241.6795

Crowley
9
699.4462 291.1767
770.9625 284.2941
768.0110 241.6795
765.7255 226.1251
750.5368 217.2444
722.5754 219.4907
709.0975 222.6643
696.6775 226.3733
693.4909 227.6140

Lincoln
15
830.0588 458.4224
826.4150 411.0278
823.3459 384.0068
822.2358 369.0532
815.5230 297.1843
814.3999 282.4135
804.2131 282.9359
776.5522 285.0516
770.9625 284.2941
699.4462 291.1767
704.2131 349.8028
747.7680 345.8587
751.9472 389.8838
758.0723 464.1688
759.0127 464.0512

Elbert
7
704.2131 349.8028
708.4445 393.6712
629.4580 400.8411
636.5234 474.5514
758.0723 464.1688
751.9472 389.8838
747.7680 345.8587

Elbert
17
610.3550 506.8319
621.2172 505.7388
629.6931 504.9030
663.4792 501.4290
734.1726 495.8524
761.4810 493.4233
759.0127 464.0515
758.0723 464.1690
636.5234 474.5517
586.6606 479.2402
586.9609 488.6695
587.1307 490.1322
587.1307 490.3673
587.2613 490.3673
608.8494 490.2497
611.2133 495.4868
610.2729 504.2500

Arapahoe
20
735.1783 710.4401
795.4499 705.5035
795.3324 701.5594
791.4405 654.8309
790.6830 654.8831
788.0841 624.7016
773.5484 625.6419
757.5369 627.2744
716.3328 630.8137
708.3923 542.3456
602.7118 551.9021
603.2276 556.0443
597.8452 556.5236
597.1047 552.3600
593.2025 552.6368
597.0814 596.9623
598.3220 611.6808
612.3876 610.3748
613.9679 625.2109
623.0445 719.9347

Weld
18
599.7302 552.0312
708.3923 542.3456
765.1900 537.6310
761.4810 493.4230
734.1726 495.8522
663.4792 501.4288
629.6931 504.9027
621.2172 505.7386
610.3714 506.9414
622.6551 519.1143
632.2439 518.9053
633.2496 527.8652
626.1046 528.6737
609.9481 516.5777
589.7162 517.3874
591.7274 538.1658
595.6625 540.0340
596.9058 548.8997

Adams
13
589.7166 517.3880
609.8912 516.4477
626.1943 528.6246
633.2379 527.7456
632.0756 518.9894
622.6455 519.2245
610.4075 507.0797
610.2729 504.2499
611.2133 495.4866
608.8494 490.2496
587.2613 490.3671
587.7837 496.5445
588.0188 498.9736

Douglas
5
586.6606 479.2399
636.5234 474.5514
629.4580 400.8411
581.6064 405.3729
543.4583 409.0166

El_Paso
11
704.2131 349.8028
699.4462 291.1767
583.7221 301.0762
585.7202 323.0822
587.1307 333.3212
588.4890 347.9222
578.0149 361.1519
580.8358 388.3558
581.6064 405.3729
629.4580 400.8411
708.4445 393.6712

Teller
13
543.2885 409.0166
543.4583 409.0166
581.6064 405.3729
580.8358 388.3558
578.0149 361.1519
588.4890 347.9222
587.1307 333.3212
585.7202 323.0822
563.8840 324.7800
546.9322 326.4386
547.3371 330.5002
541.8649 335.3324
536.2231 335.9723

Pueblo
11
583.7221 301.0762
699.4462 291.1767
693.4909 227.6140
687.1960 157.9783
650.2364 175.2828
612.6237 192.8223
567.5277 193.9977
562.1209 198.1769
559.8746 200.3056
565.4773 258.1612
579.7127 256.8683

Las_Animas
19
650.2364 175.2828
687.1960 157.9783
686.2557 142.6068
772.5558 135.4891
815.8757 132.1980
812.7543  87.8595
811.6965  87.9117
807.8699  44.5397
806.3941  23.3564
683.6698  32.4853
587.2613  40.5433
551.5815  43.8214
531.0383  46.1330
536.0402  96.4660
541.1597  96.4660
591.4927 110.6491
597.1999 115.1809
621.0996 142.4240
636.9936 165.9188

Huerfano
24
503.9650 202.4213
511.0304 200.6452
511.7357 200.7627
527.0941 204.7721
547.6374 214.5410
559.8746 200.3056
562.1209 198.1769
567.5277 193.9977
612.6237 192.8223
650.2364 175.2828
636.9936 165.9188
621.0996 142.4240
597.1999 115.1809
591.4927 110.6491
541.1597  96.4660
536.0402  96.4660
540.5720 116.2910
535.6876 150.3252
523.3329 159.1537
522.5101 159.3235
513.1461 157.6257
503.2467 154.0342
496.9518 148.8494
503.6124 177.8164

Costilla
19
459.1694 115.0111
496.9518 148.8494
503.2467 154.0342
513.1461 157.6257
522.5101 159.3235
523.3329 159.1537
535.6876 150.3252
540.5720 116.2910
536.0402  96.4660
531.0383  46.1330
522.3273  46.9688
456.1656  53.6686
450.9808  59.4411
450.2233  61.2564
450.0405  62.7975
450.8763  66.2061
454.5723  72.5663
457.2234  80.9116
460.3448 101.2198

Conejos
16
420.7862 126.4908
459.1694 115.0111
460.3448 101.2198
457.2234  80.9116
454.5723  72.5663
450.8763  66.2061
450.0405  62.7975
450.2233  61.2564
450.9808  59.4411
456.1656  53.6686
417.8999  57.6127
355.5126  64.0251
354.2197  67.8517
336.8499 104.1191
333.1409 106.7050
336.4973 136.1944

Alamosa
5
503.6124 177.8164
496.9518 148.8494
459.1694 115.0111
420.7862 126.4908
427.0811 185.1822

Rio_Grande
9
342.6747 209.2256
356.6227 207.5408
355.0947 192.9398
427.0811 185.1822
420.7862 126.4908
336.4973 136.1944
332.2006 136.7821
334.4338 156.6854
339.1485 180.4545

Custer
14
467.9326 269.1054
500.5433 265.6445
527.3945 262.0400
565.4773 258.1612
559.8746 200.3056
547.6374 214.5410
527.0941 204.7721
511.7357 200.7627
511.0304 200.6452
503.9650 202.4213
500.5433 207.5408
488.4890 227.3136
481.6586 247.2692
479.8824 250.9782

Fremont
23
536.2231 335.9723
541.8649 335.3324
547.3371 330.5002
546.9322 326.4386
563.8840 324.7800
585.7202 323.0822
579.7127 256.8683
565.4773 258.1612
527.3945 262.0400
500.5433 265.6445
467.9326 269.1054
443.2754 302.6564
457.8634 312.7779
461.7030 320.4832
463.2310 326.8565
463.2833 327.6793
462.6433 330.0823
458.8168 340.3866
458.3988 340.9090
456.0480 342.5546
452.9790 343.7952
483.2389 340.8568
520.7340 337.5657

Saguache
21
412.0752 301.9381
443.2754 302.6564
467.9326 269.1054
479.8824 250.9782
481.6586 247.2692
488.4890 227.3136
500.5433 207.5408
503.9650 202.4213
503.6124 177.8164
427.0811 185.1822
355.0947 192.9398
356.6227 207.5408
342.6747 209.2256
341.7996 216.1343
320.3160 233.3734
318.9056 234.4966
309.4240 236.9649
305.3624 234.9014
304.7747 234.2484
308.4837 266.4543
314.0211 313.4309

Chaffee
33
380.9403 413.8488
430.8554 408.0763
431.5607 404.8374
438.9134 387.6114
444.2157 385.4826
444.8687 385.4173
445.5609 386.1748
445.9266 386.9453
446.8016 387.1412
449.8707 386.6972
456.9884 379.9321
459.1694 375.5179
460.9978 359.3366
456.4660 347.3998
452.9790 343.7952
456.0480 342.5546
458.3988 340.9090
458.8168 340.3866
462.6433 330.0823
463.2833 327.6793
463.2310 326.8565
461.7030 320.4832
457.8634 312.7779
443.2754 302.6564
412.0752 301.9381
402.5937 315.0895
392.5375 343.0900
391.8323 349.2674
396.3510 369.5886
397.5395 372.1092
398.7149 372.8144
399.0675 388.8912
377.0484 404.0669

Gunnison
33
279.6343 459.5325
280.7575 449.5808
283.2258 444.8662
291.2315 434.6141
317.3645 431.5711
319.1406 431.3230
327.0811 421.9721
326.9635 418.7332
329.2621 414.7891
337.0328 407.6714
347.2065 403.9624
350.5106 403.6620
352.9790 404.9027
358.0462 411.0278
358.7384 413.7443
364.8635 415.2593
365.7516 415.1417
377.0484 404.0669
399.0675 388.8912
398.7149 372.8144
397.5395 372.1092
396.3510 369.5886
391.8323 349.2674
392.5375 343.0900
402.5937 315.0895
412.0752 301.9381
314.0211 313.4309
308.4837 266.4543
234.3685 275.3481
228.8964 302.4866
246.5012 300.3056
253.9193 362.1183
265.1508 454.6872

Pitkin
22
317.9522 473.7025
406.1329 462.9934
380.9403 413.8488
377.0484 404.0669
365.7516 415.1417
364.8635 415.2593
358.7384 413.7443
358.0462 411.0278
352.9790 404.9027
350.5106 403.6620
347.2065 403.9624
337.0328 407.6714
329.2621 414.7891
326.9635 418.7332
327.0811 421.9721
319.1406 431.3230
317.3645 431.5711
291.2315 434.6141
283.2258 444.8662
280.7575 449.5808
279.6343 459.5325
277.1660 478.5869

Lake
11
434.6820 462.8758
443.8631 461.8702
441.3295 459.2321
436.3928 450.7040
435.4525 445.6367
434.7995 433.9219
434.6820 421.7892
432.6185 411.4980
430.8554 408.0763
380.9403 413.8488
406.1329 462.9934

Park
30
541.7474 483.6542
534.5644 409.9047
543.2885 409.0166
536.2231 335.9723
520.7340 337.5657
483.2389 340.8568
452.9790 343.7952
456.4660 347.3998
460.9978 359.3366
459.1694 375.5179
456.9884 379.9321
449.8707 386.6972
446.8016 387.1412
445.9266 386.9453
445.5609 386.1748
444.8687 385.4173
444.2157 385.4826
438.9134 387.6114
431.5607 404.8374
430.8554 408.0763
432.6185 411.4980
434.6820 421.7892
434.7995 433.9219
435.4525 445.6367
436.3928 450.7040
441.3295 459.2321
443.8631 461.8702
458.8168 457.9914
481.3582 480.7680
486.4255 489.0741

Park
18
591.7278 538.1664
590.7222 527.7772
589.7166 517.3880
588.0188 498.9735
587.7837 496.5444
587.2613 490.3670
587.1307 490.3670
587.1307 490.1319
586.9609 488.6692
586.6606 479.2399
543.4583 409.0166
543.2885 409.0166
534.5644 409.9047
541.7474 483.6542
544.8687 514.2014
547.7027 542.2411
584.0742 538.7153
583.6549 537.1714

Gilpin
10
512.4931 549.1237
534.8648 546.8121
542.9881 546.7599
547.9901 545.9371
547.7027 542.2411
544.8687 514.2014
526.2714 521.8545
522.8497 526.3994
516.6201 532.8641
509.2543 535.6981

Clear_Creek
20
509.2543 535.6981
516.6201 532.8641
522.8497 526.3994
526.2714 521.8545
544.8687 514.2014
541.7474 483.6542
486.4255 489.0741
494.0133 495.1470
494.1308 496.0742
493.5432 499.4437
492.3155 500.6713
489.2464 500.4885
477.7667 506.5613
475.9514 508.6640
476.6436 512.9738
479.1772 517.3227
491.1924 526.2166
498.8977 527.0393
501.7840 528.2670
508.2617 533.5693

Summit
26
415.5492 558.1220
420.5511 557.4821
441.2772 549.9334
453.5797 539.8120
458.1638 533.2820
459.5220 525.8639
459.9399 519.0858
463.4139 512.7387
467.1751 511.4458
473.7704 511.5633
476.6436 512.9738
475.9514 508.6640
477.7667 506.5613
489.2464 500.4885
492.3155 500.6713
493.5432 499.4437
494.1308 496.0742
494.0133 495.1470
486.4255 489.0741
481.3582 480.7680
458.8168 457.9914
443.8631 461.8702
434.6820 462.8758
430.9730 487.4285
415.2618 544.3568
414.6088 549.3457

Eagle
10
391.0618 560.8254
415.5492 558.1220
414.6088 549.3457
415.2618 544.3568
430.9730 487.4285
434.6820 462.8758
406.1329 462.9934
317.9522 473.7025
328.8442 567.0028
339.3313 565.6968

Eagle
13
512.4931 549.1237
521.0343 604.1583
533.9767 603.0221
552.8745 600.5015
597.0824 596.9623
593.2036 552.6368
592.1157 543.1253
587.6130 543.5941
584.2496 538.8023
547.7030 542.2405
547.9903 545.9364
542.9884 546.7592
534.8651 546.8114

Grand
31
391.0618 560.8254
392.5375 573.4805
398.2447 631.1663
397.7093 648.9409
401.6664 637.9444
402.6590 636.5862
422.3142 629.3379
448.8651 622.6381
454.1674 622.4553
482.1288 623.8135
491.5450 630.8790
499.3679 644.9445
521.0343 604.1583
512.4931 549.1237
509.2543 535.6981
508.2617 533.5693
501.7840 528.2670
498.8977 527.0393
491.1924 526.2166
479.1772 517.3227
476.6436 512.9738
473.7704 511.5633
467.1751 511.4458
463.4139 512.7387
459.9399 519.0858
459.5220 525.8639
458.1638 533.2820
453.5797 539.8120
441.2772 549.9334
420.5511 557.4821
415.5492 558.1220

Larimer
16
466.1695 735.7634
581.0709 723.9964
623.0456 719.9347
613.9689 625.2109
612.3887 610.3748
598.3231 611.6808
597.0824 596.9623
552.8745 600.5015
533.9767 603.0221
521.0343 604.1583
499.3679 644.9445
493.0208 659.9635
488.1886 681.7866
482.3638 697.2104
480.8881 700.0836
468.6378 720.5747

Jackson
36
382.5336 745.8718
449.8054 737.7093
466.1695 735.7634
468.6378 720.5747
480.8881 700.0836
482.3638 697.2104
488.1886 681.7866
493.0208 659.9635
499.3679 644.9445
491.5450 630.8790
482.1288 623.8135
454.1674 622.4553
448.8651 622.6381
422.3142 629.3379
402.6590 636.5862
401.6664 637.9444
397.7093 648.9409
396.4163 654.3477
394.0655 672.2920
394.1178 678.4302
402.7765 704.0277
403.9519 704.6285
406.1329 706.7442
406.5509 708.9774
406.4333 711.3935
403.7821 718.7463
402.2411 720.9926
399.9556 723.3564
391.1793 728.2278
390.2390 728.6457
389.5337 728.1102
387.5878 727.0655
381.6455 732.6943
380.0522 738.4145
379.9477 741.0657
381.9459 745.3624

Routt
35
324.7172 752.6760
382.5336 745.8718
381.9459 745.3624
379.9477 741.0657
380.0522 738.4145
381.6455 732.6943
387.5878 727.0655
389.5337 728.1102
390.2390 728.6457
391.1793 728.2278
399.9556 723.3564
402.2411 720.9926
403.7821 718.7463
406.4333 711.3935
406.5509 708.9774
406.1329 706.7442
403.9519 704.6285
402.7765 704.0277
394.1178 678.4302
394.0655 672.2920
396.4163 654.3477
397.7093 648.9409
398.2447 631.1663
392.5375 573.4805
391.0618 560.8254
339.3313 565.6968
341.9694 594.9119
344.5684 617.4533
293.5823 623.2258
295.4107 641.9930
301.4183 676.7194
309.7114 684.9733
313.8905 685.1430
317.0772 684.7904
319.0100 700.5799

Moffat
17
249.3222 761.7788
324.7172 752.6760
319.0100 700.5799
317.0772 684.7904
313.8905 685.1430
309.7114 684.9733
301.4183 676.7194
295.4107 641.9930
293.5823 623.2258
293.5301 622.7034
292.5245 622.8079
258.0332 627.5879
206.5247 633.7521
 89.3379 649.5416
 99.6421 721.9329
107.5304 780.2717
207.6479 766.7938

Rio_Blanco
21
293.5823 623.2258
344.5684 617.4533
341.9694 594.9119
306.4203 598.9605
304.3045 583.7195
302.6590 569.3666
286.4647 556.5156
248.7345 561.1258
221.7788 563.9598
219.0100 541.9277
183.3433 546.6423
154.3241 547.7524
139.3705 544.7094
 95.8156 550.5864
 95.3454 552.4148
 76.2126 555.0007
 89.3379 649.5416
206.5247 633.7521
258.0332 627.5879
292.5245 622.8079
293.5301 622.7034

Garfield
20
341.9694 594.9119
339.3313 565.6968
328.8442 567.0028
317.9522 473.7025
277.1660 478.5869
 69.3823 505.6210
 72.4513 527.6270
 76.2126 555.0007
 95.3454 552.4148
 95.8156 550.5864
139.3705 544.7094
154.3241 547.7524
183.3433 546.6423
219.0100 541.9277
221.7788 563.9598
248.7345 561.1258
286.4647 556.5156
302.6590 569.3666
304.3045 583.7195
306.4203 598.9605

Delta
9
265.1508 454.6872
253.9193 362.1183
140.1933 376.4059
143.7195 403.5445
199.8772 435.8026
215.3010 436.6776
239.6709 437.7616
245.9658 444.0956
250.2625 446.8643

Mesa
17
 69.3823 505.6210
277.1660 478.5869
279.6343 459.5325
265.1508 454.6872
250.2625 446.8643
245.9658 444.0956
239.6709 437.7616
215.3010 436.6776
199.8772 435.8026
143.7195 403.5445
140.1933 376.4059
136.4320 348.0920
 48.1337 359.9765
 53.2532 396.9492
 58.3205 427.9144
 59.2608 434.3921
 63.7273 464.9524

Montrose
19
140.1933 376.4059
253.9193 362.1183
246.5012 300.3056
228.8964 302.4866
229.9543 306.4307
229.4319 307.5408
164.7982 315.6249
164.6284 313.7835
169.0949 301.9381
178.8638 300.7105
182.3377 299.1172
186.6344 294.8205
187.7576 293.4100
186.6997 285.8221
185.1064 282.3482
182.6381 282.6616
 42.3612 301.2982
 48.1337 359.9765
136.4320 348.0920

San_Juan
19
207.1777 237.3175
208.8233 235.9593
211.8271 234.4313
212.4801 234.4313
216.8943 235.7895
218.8925 236.7298
220.6556 238.3231
220.7209 238.7280
220.3030 240.1385
220.3030 241.0265
221.0735 245.7934
230.6073 244.6180
235.2566 188.4080
170.9233 196.3485
172.5036 201.0109
177.2182 206.8356
184.4534 208.1808
187.8098 214.1884
188.3975 217.4142

Dolores
24
188.3975 217.4142
187.8098 214.1884
184.4534 208.1808
177.2182 206.8356
172.5036 201.0109
170.9233 196.3485
153.0312 198.5295
141.5515 199.1694
126.4803 200.8280
 46.6580 211.4066
 26.7024 188.9957
 36.0533 255.6145
 65.0333 251.5659
 65.5557 252.9764
 68.7293 253.5641
139.1354 244.0826
141.1336 240.7392
141.8388 238.0228
141.8388 234.9667
143.7195 230.9051
164.3934 231.9629
170.1528 233.6738
173.3917 232.4331
181.8153 225.6550

San_Miguel
28
 42.3612 301.2982
182.6381 282.6616
182.5206 281.4079
183.7613 276.2753
188.5151 260.3422
189.5729 257.6910
190.3435 256.8683
194.5226 254.0995
198.8716 252.7413
202.3456 250.3383
206.7598 245.5061
208.4184 241.3792
207.7132 238.2056
207.1777 237.3175
188.3975 217.4142
181.8153 225.6550
173.3917 232.4331
170.1528 233.6738
164.3934 231.9629
143.7195 230.9051
141.8388 234.9667
141.8388 238.0228
141.1336 240.7392
139.1354 244.0826
 68.7293 253.5641
 65.5557 252.9764
 65.0333 251.5659
 36.0533 255.6145

Ouray
37
228.8964 302.4866
234.3685 275.3481
230.6073 244.6180
221.0735 245.7934
220.3030 241.0265
220.3030 240.1385
220.7209 238.7280
220.6556 238.3231
218.8925 236.7298
216.8943 235.7895
212.4801 234.4313
211.8271 234.4313
208.8233 235.9593
207.1777 237.3175
207.7132 238.2056
208.4184 241.3792
206.7598 245.5061
202.3456 250.3383
198.8716 252.7413
194.5226 254.0995
190.3435 256.8683
189.5729 257.6910
188.5151 260.3422
183.7613 276.2753
182.5206 281.4079
182.6381 282.6616
185.1064 282.3482
186.6997 285.8221
187.7576 293.4100
186.6344 294.8205
182.3377 299.1172
178.8638 300.7105
169.0949 301.9381
164.6284 313.7835
164.7982 315.6249
229.4319 307.5408
229.9543 306.4307

Hinsdale
11
234.3685 275.3481
308.4837 266.4543
304.7747 234.2484
295.4107 235.2018
286.3994 233.4387
281.4105 196.0611
281.2276 175.3481
277.4664 146.3158
230.8424 151.8402
235.2566 188.4080
230.6073 244.6180

Mineral
17
304.7747 234.2484
305.3624 234.9014
309.4240 236.9649
318.9056 234.4966
320.3160 233.3734
341.7996 216.1343
342.6747 209.2256
339.1485 180.4545
334.4338 156.6854
332.2006 136.7821
332.0830 135.4238
276.8134 141.1441
277.4664 146.3158
281.2276 175.3481
281.4105 196.0611
286.3994 233.4387
295.4107 235.2018

Archuleta
15
230.8424 151.8402
277.4664 146.3158
276.8134 141.1441
332.0830 135.4238
332.2006 136.7821
336.4973 136.1944
333.1409 106.7050
336.8499 104.1191
354.2197  67.8517
355.5126  64.0251
336.7977  66.0363
303.2336  69.7323
286.0598  73.0365
230.3069  79.6317
222.2489  80.6243

Broomfield
14
583.6543 537.2395
584.2237 538.7393
587.6377 543.5484
592.2398 543.0312
593.2232 552.5987
597.1536 552.3388
597.8758 556.4776
603.0999 556.0127
602.6859 551.8236
599.6863 552.0822
599.2214 548.6690
596.8424 548.9275
595.6017 540.0323
588.6717 536.7742

