1000 573

Accomack
39
933.1307 394.4884
976.6018 409.2747
972.4938 397.6256
963.1532 382.2711
959.8503 381.6199
958.8795 380.9333
958.5717 380.5545
958.1929 380.1401
957.4470 379.2286
956.9735 378.4709
956.4881 377.7251
956.0501 377.0384
954.4045 373.6171
952.2736 367.9820
948.7457 351.8579
948.3314 348.9219
945.2770 314.9217
945.7624 313.5958
939.6774 310.8729
929.2240 310.0679
928.4190 310.6125
927.9336 311.7371
928.0993 312.1041
928.7978 312.5895
929.7567 314.1877
929.1293 320.3793
922.3932 323.1021
910.8506 319.6689
910.1640 320.9593
910.0219 321.7644
910.7559 327.6244
911.8332 331.4246
919.7887 355.1135
925.3291 363.2702
927.2470 365.8392
927.8034 366.9520
929.8159 372.9423
929.9106 374.8009
929.2240 386.8526

Northampton
31
910.8506 319.6689
922.3932 323.1021
929.1293 320.3793
929.7567 314.1877
928.7978 312.5895
928.0993 312.1041
927.9336 311.7371
928.4190 310.6125
929.2240 310.0679
939.6774 310.8729
945.7624 313.5958
946.3425 312.4830
946.4017 309.9732
938.3870 270.1721
937.1795 267.9228
935.8417 265.5669
935.8062 265.4130
930.5618 257.3036
930.3842 256.9840
929.5200 255.8238
928.5729 254.9714
927.8981 254.9714
920.6292 255.5989
913.0526 266.0049
909.9035 273.5224
909.1696 278.3288
908.7907 282.8038
908.8381 284.9939
909.4182 301.2245
909.9509 311.7371
910.3297 315.2058

Buchanan
24
198.1834 188.6402
203.5699 185.4319
201.9007 184.6861
196.5142 179.8323
196.1945 178.8142
197.0469 176.5294
207.3464 161.9088
217.3855 153.1601
217.4328 153.1601
218.8180 152.4498
232.3849 147.5487
230.0172 140.9901
218.1787 133.3543
215.1362 129.6843
204.3631 124.9726
203.0372 123.9663
202.2322 121.4566
202.0191 119.3730
202.0664 115.9161
201.0010 114.0930
196.4668 110.8374
188.7244 109.7719
187.8247 109.9377
163.1177 146.4950

Tazewell
19
274.9444 169.1658
293.6729 156.0842
290.5357 145.9623
277.1464 125.8960
273.6777 117.9405
264.5975 115.2769
257.4589 112.2344
243.2527 105.9363
233.8174 103.8527
215.1362 129.6843
218.1787 133.3543
230.0172 140.9901
232.3849 147.5487
240.3759 142.8014
254.3572 145.5716
254.7360 145.7847
259.9687 150.5912
260.0634 150.6977
270.5168 160.2632

Smyth
11
281.9410 110.2455
300.5630  83.6798
262.1588  58.3928
260.6553  57.4220
247.4198  79.6192
227.7324  98.3478
233.8174 103.8527
243.2527 105.9363
257.4589 112.2344
264.5975 115.2769
273.6777 117.9405

Bristol
8
198.1242  41.9609
186.3804  40.3627
192.4062  52.4617
196.3958  54.8649
199.5093  55.0780
201.5337  54.1190
202.4926  51.1357
202.2322  47.8328

Washington
20
227.7324  98.3478
247.4198  79.6192
260.6553  57.4220
262.1588  58.3928
257.8259  53.5390
236.1140  50.6030
224.5241  49.2179
223.6718  45.6427
198.1242  41.9609
202.2322  47.8328
202.4926  51.1357
201.5337  54.1190
199.5093  55.0780
196.3958  54.8649
192.4062  52.4617
186.3804  40.3627
180.3072  39.4511
173.1923  56.1434
196.7273  77.7606
214.4495  86.4619

Russell
17
215.1362 129.6843
233.8174 103.8527
227.7324  98.3478
214.4495  86.4619
196.7273  77.7606
173.1923  56.1434
160.5606  80.2703
167.9241  96.0037
187.8247 109.9377
188.7244 109.7719
196.4668 110.8374
201.0010 114.0930
202.0664 115.9161
202.0191 119.3730
202.2322 121.4566
203.0372 123.9663
204.3631 124.9726

Norton
11
133.7108  92.9612
133.8766  94.0267
136.2324  92.8547
137.3452  91.7537
137.5702  88.5455
134.8355  82.6617
130.6210  81.4305
126.9984  84.5914
127.4364  87.2669
129.4963  91.0434
132.2310  92.7600

Wise
17
135.9128 127.1746
138.4107 115.7622
147.6921 103.9119
150.0953 101.3903
164.1358  93.1270
165.9471  93.9794
167.9241  96.0037
160.5606  80.2703
143.5960  78.7669
135.1670  77.3344
133.1781  76.6833
120.4280  67.6150
118.4036  64.0516
118.4036  62.3942
102.5045  75.7480
102.9899  87.3143
134.5750 126.2630

Wise
11
133.7108  92.9612
132.2310  92.7600
129.4963  91.0434
127.4364  87.2669
126.9984  84.5914
130.6210  81.4305
134.8355  82.6617
137.5702  88.5455
137.3452  91.7537
136.2324  92.8547
133.8766  94.0267

Dickenson
11
163.1177 146.4950
187.8247 109.9377
167.9241  96.0037
165.9471  93.9794
164.1358  93.1270
150.0953 101.3903
147.6921 103.9119
138.4107 115.7622
135.9128 127.1746
140.6008 130.5367
158.6309 140.7060

Scott
14
118.4036  62.3942
118.4036  64.0516
120.4280  67.6150
133.1781  76.6833
135.1670  77.3344
143.5960  78.7669
160.5606  80.2703
173.1923  56.1434
180.3072  39.4511
142.3648  33.7923
115.6807  30.0040
 97.0588  27.4469
 99.8290  40.5166
104.5881  44.8376

Lee
11
118.4036  62.3942
104.5881  44.8376
 99.8290  40.5166
 97.0588  27.4469
 38.2095  20.0241
 13.6208  17.3012
 38.2095  30.4894
 50.4742  37.0479
 75.8204  51.3962
 99.9947  71.3559
102.5045  75.7480

Bland
12
293.6729 156.0842
321.5408 169.5328
339.9971 149.7861
334.8828 137.4149
320.9015 130.7853
310.8151 126.9496
298.2189 127.6481
291.5183 122.0958
281.9410 110.2455
273.6777 117.9405
277.1464 125.8960
290.5357 145.9623

Grayson
17
325.8027  94.4055
340.2694  78.1276
339.4525  77.0621
339.0263  74.4576
339.2039  72.8002
339.9379  71.4151
343.1461  67.5203
345.5493  68.1003
346.6740  69.4381
346.5083  71.4151
356.3816  60.7368
348.6392  59.9318
294.0044  53.3140
254.6768  49.3600
257.8259  53.5390
262.1588  58.3928
300.5630  83.6798

Galax
16
340.2694  78.1276
340.3167  78.1868
341.3940  79.1457
342.6726  80.9096
346.5556  81.9159
350.2492  81.2885
348.6984  76.8490
346.3899  72.8002
346.5083  71.4151
346.6740  69.4381
345.5493  68.1003
343.1461  67.5203
339.9379  71.4151
339.2039  72.8002
339.0263  74.4576
339.4525  77.0621

Wythe
9
360.2173 111.2162
325.8027  94.4055
300.5630  83.6798
281.9410 110.2455
291.5183 122.0958
298.2189 127.6481
310.8151 126.9496
320.9015 130.7853
334.8828 137.4149

Giles
11
332.6809 192.3812
344.5312 185.5977
359.3649 196.7377
360.5961 197.7085
372.6004 207.2030
378.3184 198.9870
386.0489 183.4076
367.1073 169.3671
339.9971 149.7861
321.5408 169.5328
332.5388 192.5942

Radford
16
374.7313 145.0389
374.0328 144.4588
371.5467 147.1698
370.5168 149.0995
370.0314 150.8516
370.4694 152.5682
372.8845 155.1253
375.4298 156.8419
376.6018 157.0432
377.6673 157.2089
378.6143 157.5167
379.6443 158.3336
382.1422 157.6943
383.2195 154.8057
382.2606 152.9825
377.7146 147.3474

Pulaski
15
367.1073 169.3671
376.6018 157.0432
375.4298 156.8419
372.8845 155.1253
370.4694 152.5682
370.0314 150.8516
370.5168 149.0995
371.5467 147.1698
374.0328 144.4588
374.7313 145.0389
381.0767 131.0694
371.6414 121.3027
360.2173 111.2162
334.8828 137.4149
339.9971 149.7861

Falls_Church
5
726.5722 488.0246
719.4217 484.5559
715.3611 489.8477
719.4217 493.1506
720.2741 492.5587

Arlington
10
729.7094 499.7092
734.1488 496.0866
739.4880 493.7426
742.6252 487.6457
733.5687 486.2725
732.3375 483.8574
726.5722 488.0246
720.2741 492.5587
719.4217 493.1506
719.1494 493.3519

Carroll
24
371.6414 121.3027
397.5205  90.7830
393.7203  81.3358
391.8024  79.7968
390.0977  78.9799
389.1388  79.1457
385.0308  81.4305
383.6457  81.3358
382.9946  81.0043
381.3609  74.8838
380.8163  72.0899
383.5510  65.0105
356.3816  60.7368
346.5083  71.4151
346.3899  72.8002
348.6984  76.8490
350.2492  81.2885
346.5556  81.9159
342.6726  80.9096
341.3940  79.1457
340.3167  78.1868
340.2694  78.1276
325.8027  94.4055
360.2173 111.2162

Henry
16
491.6959  80.6492
454.1796  74.3392
451.0306  73.8065
449.6928  83.9995
447.5027  90.7238
446.6030  92.3220
444.7917  94.2872
441.6426 100.1117
440.0563 108.3868
440.0563 108.9196
441.3822 110.4704
446.0110 112.2344
453.9073 118.3075
474.7313 116.8159
480.9702 119.0060
492.3352 129.8264

Henry
9
466.7166 104.2789
466.1839 103.7580
463.6860  97.9926
465.9708  95.7906
473.5593  91.8958
476.1638  93.3401
476.7438  96.0629
473.8197 103.9119
467.5927 105.1312

Patrick
23
420.8305 120.1188
446.0110 112.2344
441.3822 110.4704
440.0563 108.9196
440.0563 108.3868
441.6426 100.1117
444.7917  94.2872
446.6030  92.3220
447.5027  90.7238
449.6928  83.9995
451.0306  73.8065
404.4105  67.2480
383.5510  65.0105
380.8163  72.0899
381.3609  74.8838
382.9946  81.0043
383.6457  81.3358
385.0308  81.4305
389.1388  79.1457
390.0977  78.9799
391.8024  79.7968
393.7203  81.3358
397.5205  90.7830

Floyd
11
427.2470 160.3579
420.8305 120.1188
397.5205  90.7830
371.6414 121.3027
381.0767 131.0694
389.4584 133.7213
398.4202 137.8411
403.8067 141.0375
404.1263 141.9609
409.7970 150.5320
421.5290 157.9074

Montgomery
22
405.7245 190.7119
409.9035 182.9340
416.9356 175.7125
421.2093 160.4645
421.5290 157.9074
409.7970 150.5320
404.1263 141.9609
403.8067 141.0375
398.4202 137.8411
389.4584 133.7213
381.0767 131.0694
374.7313 145.0389
377.7146 147.3474
382.2606 152.9825
383.2195 154.8057
382.1422 157.6943
379.6443 158.3336
378.6143 157.5167
377.6673 157.2089
376.6018 157.0432
367.1073 169.3671
386.0489 183.4076

Salem
6
435.4037 191.1973
435.0841 190.4988
434.9775 183.4667
435.9838 181.7028
428.0994 181.9277
427.3890 189.7056

Franklin_Co.
14
458.0271 181.5963
492.9745 159.0202
492.3352 129.8264
480.9702 119.0060
474.7313 116.8159
453.9073 118.3075
446.0110 112.2344
420.8305 120.1188
427.2470 160.3579
436.5284 168.9409
443.8801 166.2299
446.5438 165.7918
447.5027 166.3246
451.6817 171.0836

Roanoke_Co.
17
426.0039 206.8715
455.7897 194.2398
458.0271 181.5963
451.6817 171.0836
447.5027 166.3246
446.5438 165.7918
443.8801 166.2299
436.5284 168.9409
427.2470 160.3579
421.5290 157.9074
421.2093 160.4645
416.9356 175.7125
409.9035 182.9340
405.7245 190.7119
406.8610 192.6416
412.1410 197.7085
419.6111 200.8457

Roanoke_Co.
15
435.4037 191.1973
427.3890 189.7056
428.0994 181.9277
435.9838 181.7028
436.3626 181.0043
445.1587 177.3817
446.2478 177.3226
448.3669 179.3588
450.6399 183.2537
452.7472 190.9250
452.1552 192.7363
451.6225 193.2335
448.6865 194.8317
440.8376 196.0511
435.6642 191.7300

Bedford_Co.
21
496.3248 249.4073
530.1593 231.8153
521.0909 229.0687
524.6662 213.5484
510.6257 164.2647
492.9745 159.0202
458.0271 181.5963
455.7897 194.2398
461.7563 201.8046
459.9923 210.5770
470.1379 222.8417
471.3573 224.0610
473.4527 224.7122
474.3525 224.4399
476.0690 223.1495
478.2592 220.9238
482.3079 220.6515
482.8880 220.8646
483.4800 221.3500
489.5531 231.2825
491.3289 235.3787

Bedford_Co.
9
490.0859 207.1556
488.2746 207.1556
488.1207 204.2670
490.7962 201.3784
492.5956 200.6444
497.6152 201.3311
499.2252 207.8423
495.8986 209.9850
490.4055 208.8604

Alleghany
22
414.6981 287.6102
420.7240 289.9069
428.6794 290.3331
428.9517 290.2265
434.9775 282.6617
435.9365 282.0224
460.1581 278.6011
464.3726 283.5615
464.4791 266.6442
446.6385 269.4618
443.7736 266.0523
444.0932 265.3656
443.5131 263.1755
442.0688 260.5000
437.9608 254.2138
428.7268 244.1273
426.5367 242.0911
424.0979 242.7304
413.2065 231.8626
405.4759 233.6739
403.3332 235.1064
392.8087 243.3342

Alleghany
8
423.7783 267.3427
423.5770 259.1741
425.2108 257.6232
427.3417 256.2381
431.2839 259.3990
430.3842 266.7507
429.8041 268.0293
425.5304 268.9290

Craig
20
426.5367 242.0911
425.4238 240.4929
426.3236 238.4093
435.2972 227.4824
428.5729 210.5178
426.0039 206.8715
419.6111 200.8457
412.1410 197.7085
406.8610 192.6416
405.7245 190.7119
386.0489 183.4076
378.3184 198.9870
381.7871 201.9230
395.4369 213.9865
392.7140 219.0415
396.4550 226.7839
403.3332 235.1064
405.4759 233.6739
413.2065 231.8626
424.0979 242.7304

Botetourt
28
464.4791 266.6442
491.3289 235.3787
489.5531 231.2825
483.4800 221.3500
482.8880 220.8646
482.3079 220.6515
478.2592 220.9238
476.0690 223.1495
474.3525 224.4399
473.4527 224.7122
471.3573 224.0610
470.1379 222.8417
459.9923 210.5770
461.7563 201.8046
455.7897 194.2398
426.0039 206.8715
428.5729 210.5178
435.2972 227.4824
426.3236 238.4093
425.4238 240.4929
426.5367 242.0911
428.7268 244.1273
437.9608 254.2138
442.0688 260.5000
443.5131 263.1755
444.0932 265.3656
443.7736 266.0523
446.6385 269.4618

Amherst
21
522.6300 283.1353
526.5367 285.4201
534.6816 281.9632
535.1906 281.5252
547.4553 270.4207
550.5925 266.9638
561.7444 250.0111
565.5446 250.1058
550.9240 229.8856
543.9748 223.1495
530.1593 231.8153
496.3248 249.4073
497.7217 249.4073
500.3262 251.5501
504.0790 255.2911
506.0442 257.9547
508.5658 269.7932
510.1403 275.0732
511.2768 277.5830
513.8931 281.9041
515.0533 283.1826

Rockbridge
18
478.5196 319.5742
497.8283 309.5352
518.2023 299.7210
521.9907 296.7851
522.6300 283.1353
515.0533 283.1826
513.8931 281.9041
511.2768 277.5830
510.1403 275.0732
508.5658 269.7932
506.0442 257.9547
504.0790 255.2911
500.3262 251.5501
497.7217 249.4073
496.3248 249.4073
491.3289 235.3787
464.4791 266.6442
464.3726 283.5615

Rockbridge
8
492.7140 276.5649
493.1284 279.6666
488.6534 280.6847
485.5044 279.7613
483.6931 277.1686
484.9716 272.9896
487.1026 271.1784
489.0204 272.4569

Rockbridge
12
496.6562 272.9423
494.7384 271.9834
494.4661 270.6456
495.5316 264.5606
497.4021 262.2758
499.2252 262.0035
501.0838 264.0279
501.6758 265.1525
503.6055 271.6637
503.2740 276.1979
499.3673 275.9256
496.6562 273.1554

Bath
15
437.1558 340.2798
443.0277 337.5451
448.5800 335.4615
466.1839 334.9880
472.4938 333.2359
478.5196 319.5742
464.3726 283.5615
460.1581 278.6011
435.9365 282.0224
434.9775 282.6617
428.9517 290.2265
428.6794 290.3331
420.7240 289.9069
414.6981 287.6102
422.9614 306.4453

Highland
22
489.7189 372.4451
488.7008 370.9534
482.5566 352.6629
482.0238 350.4609
482.4619 348.8627
480.3783 342.3042
472.4938 333.2359
466.1839 334.9880
448.5800 335.4615
443.0277 337.5451
437.1558 340.2798
434.2791 346.0925
434.2791 346.2583
434.3383 346.7910
441.6426 358.1441
444.7917 369.3552
445.3836 380.1401
445.5849 392.7837
457.3879 389.9543
459.7911 388.8888
462.0286 386.6513
469.2737 375.9138

Greene
5
586.0371 391.4933
588.3811 400.3603
613.5616 373.1435
606.3165 358.2033
569.3211 365.8865

Rockingham
13
509.9983 430.7143
531.8167 434.9288
562.6915 415.8333
559.5543 400.6208
568.9659 395.7788
577.8685 392.1799
579.7272 391.6116
586.0371 391.4933
569.3211 365.8865
561.2117 353.2430
540.7192 364.9868
522.5826 372.6108
497.9940 384.3901

Rockingham
10
539.2868 393.2098
538.6948 392.6771
535.8654 387.1248
535.3327 384.5677
536.3508 377.8908
536.8243 377.4646
539.7603 378.3288
546.1649 383.9758
546.1176 386.3198
544.3536 389.1137

Augusta
26
489.7189 372.4451
497.9940 384.3901
522.5826 372.6108
540.7192 364.9868
561.2117 353.2430
560.4659 348.9693
559.7792 341.2387
561.1643 335.3787
561.1643 333.9817
559.5543 331.1523
555.0675 327.2574
545.9637 308.5762
541.9623 302.0651
532.7756 302.5149
530.7630 302.0177
529.2003 301.1653
521.9907 296.7851
518.2023 299.7210
497.8283 309.5352
478.5196 319.5742
472.4938 333.2359
480.3783 342.3042
482.4619 348.8627
482.0238 350.4609
482.5566 352.6629
488.7008 370.9534

Augusta
13
527.8152 345.3941
521.1383 342.6830
520.3451 340.1733
520.0136 337.4978
521.1975 335.4260
524.0151 334.0409
528.3480 333.9344
530.5854 336.2666
531.3905 338.3620
531.5444 341.4992
530.4315 343.8550
529.3542 345.3941
528.0165 345.7847

Augusta
13
544.8864 334.3606
543.7144 334.5263
541.0033 331.8508
539.1210 328.9740
539.1210 328.2637
539.8668 326.4524
543.9275 324.7003
549.1009 326.1209
549.7402 327.7310
550.2137 331.0931
550.1664 331.9573
548.4735 334.8341
545.3481 334.6802

Nelson
17
555.0675 327.2574
586.8303 283.8811
570.4457 252.6156
565.5446 250.1058
561.7444 250.0111
550.5925 266.9638
547.4553 270.4207
535.1906 281.5252
534.6816 281.9632
526.5367 285.4201
522.6300 283.1353
521.9907 296.7851
529.2003 301.1653
530.7630 302.0177
532.7756 302.5149
541.9623 302.0651
545.9637 308.5762

Buckingham
15
635.6642 286.3317
636.1377 277.7961
628.2296 255.2200
619.0074 228.2874
602.0309 234.2540
570.4457 252.6156
586.8303 283.8811
587.2091 284.8874
589.9320 288.0483
595.4605 289.6465
601.8178 290.5107
602.5637 290.9842
603.1556 291.5169
603.3213 292.0852
602.9898 296.8443

Appomattox
6
602.0309 234.2540
595.8986 209.7601
580.1652 200.0525
550.9240 229.8856
565.5446 250.1058
570.4457 252.6156

Campbell
12
543.9748 223.1495
550.9240 229.8856
580.1652 200.0525
575.6902 170.6101
552.2499 172.5161
548.8878 175.2508
531.0708 179.8915
520.7713 177.6422
517.8945 174.0670
510.6257 164.2647
524.6662 213.5484
532.0297 209.2866

Halifax
12
552.2499 172.5161
575.6902 170.6101
597.7691 163.7201
608.3764 147.3829
608.8618 132.7150
608.9920 132.3954
612.8632 128.0743
615.2190 127.1154
609.2879 101.6626
601.8770 100.2183
560.8921  92.8073
551.2437  91.1026

Pittsylvania
22
510.6257 164.2647
517.8945 174.0670
520.7713 177.6422
531.0708 179.8915
548.8878 175.2508
552.2499 172.5161
551.2437  91.1026
536.3508  88.3679
539.9260  93.3401
540.2930  94.1451
539.8668  95.4237
533.1544 102.4676
517.7762 100.0644
514.6271  96.1103
513.6208  94.4647
513.5735  93.9794
517.7762  91.4222
521.0909  85.6569
516.2372  84.7571
491.6959  80.6492
492.3352 129.8264
492.9745 159.0202

Martinsville
9
466.7166 104.2789
467.5927 105.1312
473.8197 103.9119
476.7438  96.0629
476.1638  93.3401
473.5593  91.8958
465.9708  95.7906
463.6860  97.9926
466.1839 103.7580

Danville
11
536.3508  88.3679
521.0909  85.6569
517.7762  91.4222
513.5735  93.9794
513.6208  94.4647
514.6271  96.1103
517.7762 100.0644
533.1544 102.4676
539.8668  95.4237
540.2930  94.1451
539.9260  93.3401

Lynchburg
5
543.9748 223.1495
532.0297 209.2866
524.6662 213.5484
521.0909 229.0687
530.1593 231.8153

Bedford
9
490.0859 207.1556
490.4055 208.8604
495.8986 209.9850
499.2252 207.8423
497.6152 201.3311
492.5956 200.6444
490.7962 201.3784
488.1207 204.2670
488.2746 207.1556

Roanoke
15
435.4037 191.1973
435.6642 191.7300
440.8376 196.0511
448.6865 194.8317
451.6225 193.2335
452.1552 192.7363
452.7472 190.9250
450.6399 183.2537
448.3669 179.3588
446.2478 177.3226
445.1587 177.3817
436.3626 181.0043
435.9838 181.7028
434.9775 183.4667
435.0841 190.4988

Buena_Vista
12
496.6562 272.9423
496.6562 273.1554
499.3673 275.9256
503.2740 276.1979
503.6055 271.6637
501.6758 265.1525
501.0838 264.0279
499.2252 262.0035
497.4021 262.2758
495.5316 264.5606
494.4661 270.6456
494.7384 271.9834

Covington
8
423.7783 267.3427
425.5304 268.9290
429.8041 268.0293
430.3842 266.7507
431.2839 259.3990
427.3417 256.2381
425.2108 257.6232
423.5770 259.1741

Lexington
8
492.7140 276.5649
489.0204 272.4569
487.1026 271.1784
484.9716 272.9896
483.6931 277.1686
485.5044 279.7613
488.6534 280.6847
493.1284 279.6666

Waynesboro
13
544.8864 334.3606
545.3481 334.6802
548.4735 334.8341
550.1664 331.9573
550.2137 331.0931
549.7402 327.7310
549.1009 326.1209
543.9275 324.7003
539.8668 326.4524
539.1210 328.2637
539.1210 328.9740
541.0033 331.8508
543.7144 334.5263

Staunton
13
527.8152 345.3941
528.0165 345.7847
529.3542 345.3941
530.4315 343.8550
531.5444 341.4992
531.3905 338.3620
530.5854 336.2666
528.3480 333.9344
524.0151 334.0409
521.1975 335.4260
520.0136 337.4978
520.3451 340.1733
521.1383 342.6830

Charlottesville
12
595.7447 338.8355
598.3610 339.1078
601.1312 337.9239
601.8770 336.0535
601.0720 331.4246
599.5804 329.2818
594.7858 327.9086
593.3415 327.9559
592.3233 329.6015
592.1102 330.8800
592.4891 333.8278
593.1757 336.0535

Harrisonburg
10
539.2868 393.2098
544.3536 389.1137
546.1176 386.3198
546.1649 383.9758
539.7603 378.3288
536.8243 377.4646
536.3508 377.8908
535.3327 384.5677
535.8654 387.1248
538.6948 392.6771

Albermarle
20
569.3211 365.8865
606.3165 358.2033
626.7261 354.0007
618.7943 332.5848
602.9898 296.8443
603.3213 292.0852
603.1556 291.5169
602.5637 290.9842
601.8178 290.5107
595.4605 289.6465
589.9320 288.0483
587.2091 284.8874
586.8303 283.8811
555.0675 327.2574
559.5543 331.1523
561.1643 333.9817
561.1643 335.3787
559.7792 341.2387
560.4659 348.9693
561.2117 353.2430

Albermarle
12
595.7447 338.8355
593.1757 336.0535
592.4891 333.8278
592.1102 330.8800
592.3233 329.6015
593.3415 327.9559
594.7858 327.9086
599.5804 329.2818
601.0720 331.4246
601.8770 336.0535
601.1312 337.9239
598.3610 339.1078

Fluvanna
5
618.7943 332.5848
650.2611 322.7233
643.4894 296.8443
635.6642 286.3317
602.9898 296.8443

Cumberland
8
635.6642 286.3317
643.4894 296.8443
656.3461 285.0531
655.1267 253.0773
645.3954 237.6753
619.0074 228.2874
628.2296 255.2200
636.1377 277.7961

Prince_Edward
7
645.3954 237.6753
647.9170 226.8904
652.0250 200.1117
628.9280 189.3860
595.8986 209.7601
602.0309 234.2540
619.0074 228.2874

Charlotte
11
580.1652 200.0525
595.8986 209.7601
628.9280 189.3860
628.3361 159.8371
615.2190 127.1154
612.8632 128.0743
608.9920 132.3954
608.8618 132.7150
608.3764 147.3829
597.7691 163.7201
575.6902 170.6101

Mecklenburg
7
687.0907 153.1601
691.5657 117.4078
658.3823 111.0505
642.4832 107.8541
609.2879 101.6626
615.2190 127.1154
628.3361 159.8371

Colonial_Heights
15
745.4073 235.4852
743.2763 239.4274
742.7318 241.8780
743.5841 243.3342
745.6204 245.7255
748.2367 246.0925
749.7283 244.8732
749.9414 243.2750
749.6810 242.4107
750.3795 238.3028
750.2611 238.0423
749.3495 237.4031
748.8641 237.5096
747.7158 236.9769
746.2596 236.0653

Lunenburg
5
652.0250 200.1117
682.8170 190.7119
687.0907 153.1601
628.3361 159.8371
628.9280 189.3860

Hopewell
8
753.6232 249.9519
759.5425 251.2186
760.1344 251.2778
763.6504 249.4073
764.8816 248.0814
764.0766 245.0863
759.2820 241.2032
756.2514 243.4289

Alexandria
7
742.6252 487.6457
743.4776 480.0691
743.5368 479.3943
736.2324 476.0677
729.5673 477.4054
732.3375 483.8574
733.5687 486.2725

Page
14
586.0371 455.4805
599.8526 446.9331
597.3784 425.8013
588.3811 400.3603
586.0371 391.4933
579.7272 391.6116
577.8685 392.1799
568.9659 395.7788
559.5543 400.6208
562.6915 415.8333
566.4443 429.3292
569.7591 438.0660
574.7076 437.0124
578.2237 441.5939

Shenandoah
20
589.3755 483.9284
586.0371 455.4805
578.2237 441.5939
574.7076 437.0124
569.7591 438.0660
566.4443 429.3292
562.6915 415.8333
531.8167 434.9288
536.3508 450.3544
537.9017 455.1608
538.1739 455.5870
538.6948 456.4276
544.7798 462.1929
545.2534 461.3997
545.7388 460.6539
546.1176 460.5947
557.3168 471.1547
561.0578 479.4298
561.2709 480.4953
561.3656 486.3198

Clarke
5
614.5206 528.8793
641.9978 513.4774
629.9462 492.5587
626.0986 486.4145
607.3109 491.7655

Winchester
8
599.1542 517.7511
601.6639 517.5735
606.6243 515.1229
601.6639 503.1187
597.7691 506.1612
596.1709 512.3527
596.3840 514.8151
597.3784 517.9642

Frederick
13
572.5293 552.4735
588.2746 543.7722
614.5206 528.8793
607.3109 491.7655
589.3755 483.9284
561.3656 486.3198
564.6330 491.9194
565.9589 493.1980
569.5460 496.7377
571.3455 500.0288
573.1213 504.1841
573.5474 506.6466
573.8671 535.7693

Frederick
8
599.1542 517.7511
597.3784 517.9642
596.3840 514.8151
596.1709 512.3527
597.7691 506.1612
601.6639 503.1187
606.6243 515.1229
601.6639 517.5735

Warren
6
607.3109 491.7655
626.0986 486.4145
614.8402 465.8747
599.8526 446.9331
586.0371 455.4805
589.3755 483.9284

Rappahannock
13
599.8526 446.9331
614.8402 465.8747
620.5109 461.6602
630.2066 452.0118
632.6098 447.7381
633.3083 447.0514
634.9065 445.9268
639.9616 444.4825
642.2701 445.0626
631.4852 431.9455
619.2678 413.3827
612.5554 413.8089
597.3784 425.8013

Madison
5
597.3784 425.8013
612.5554 413.8089
634.9539 383.4431
613.5616 373.1435
588.3811 400.3603

Orange
11
613.5616 373.1435
634.9539 383.4431
645.5730 391.4459
654.5466 397.3652
660.8921 399.5671
671.7835 402.3847
677.3713 400.6800
679.2536 399.7092
656.8314 357.2444
626.7261 354.0007
606.3165 358.2033

Louisa
9
626.7261 354.0007
656.8314 357.2444
691.3526 346.7910
686.6645 302.1834
668.5753 313.1222
665.4854 316.3778
656.0856 321.8117
650.2611 322.7233
618.7943 332.5848

Goochland
18
706.9794 302.3965
708.4237 280.2348
701.1667 283.0287
686.8184 285.4201
672.0913 284.9939
671.9848 284.2481
671.6059 283.4431
670.7062 282.6972
668.7292 282.1763
667.7702 282.1172
657.6246 283.9403
656.3461 285.0531
643.4894 296.8443
650.2611 322.7233
656.0856 321.8117
665.4854 316.3778
668.5753 313.1222
686.6645 302.1834

Powhatan
22
708.4237 280.2348
688.9494 253.8349
686.4988 257.8955
682.6039 261.0919
682.0712 261.4589
678.8629 261.8970
671.2508 261.2103
666.3496 257.8955
662.0522 254.0480
658.9742 252.1183
656.3461 251.8697
655.1267 253.0773
656.3461 285.0531
657.6246 283.9403
667.7702 282.1172
668.7292 282.1763
670.7062 282.6972
671.6059 283.4431
671.9848 284.2481
672.0913 284.9939
686.8184 285.4201
701.1667 283.0287

Amelia
28
655.1267 253.0773
656.3461 251.8697
658.9742 252.1183
662.0522 254.0480
666.3496 257.8955
671.2508 261.2103
678.8629 261.8970
682.0712 261.4589
682.6039 261.0919
686.4988 257.8955
688.9494 253.8349
686.8184 253.4679
686.6053 253.1956
687.1973 248.0222
687.8365 245.4059
704.0435 233.7213
704.8603 233.4490
706.2928 233.5082
706.9321 233.8752
707.0860 234.2067
706.9794 236.2902
709.1222 239.0604
709.7141 239.3209
714.8284 239.1670
717.6104 235.4142
702.5045 221.1369
647.9170 226.8904
645.3954 237.6753

Nottoway
5
652.0250 200.1117
647.9170 226.8904
702.5045 221.1369
697.3310 188.1548
682.8170 190.7119

Brunswick
8
682.8170 190.7119
697.3310 188.1548
727.6968 179.2996
733.2965 152.0236
724.9148 123.9071
709.0748 120.8765
691.5657 117.4078
687.0907 153.1601

Dinwiddie
10
717.6104 235.4142
742.9449 233.7213
742.2582 229.2463
746.1531 226.7839
750.2137 227.0562
755.6002 200.2183
732.8111 177.6895
727.6968 179.2996
697.3310 188.1548
702.5045 221.1369

Emporia
10
750.5334 154.5452
751.8119 150.0466
751.6462 147.9867
746.7805 144.8258
743.9156 145.2046
741.9859 150.2123
741.8320 151.2423
742.6252 153.2667
748.1183 155.6581
749.5152 155.5515

Greensville
8
760.3475 156.4039
781.2070 135.0117
724.9148 123.9071
733.2965 152.0236
727.6968 179.2996
732.8111 177.6895
741.1928 174.2209
752.8182 157.0432

Greensville
10
750.5334 154.5452
749.5152 155.5515
748.1183 155.6581
742.6252 153.2667
741.8320 151.2423
741.9859 150.2123
743.9156 145.2046
746.7805 144.8258
751.6462 147.9867
751.8119 150.0466

Poquoson
8
871.1205 241.5584
868.8712 250.2123
869.2027 252.7221
868.9778 254.7938
868.8712 255.3976
875.9151 256.1789
881.8936 250.4965
883.3971 245.9978

Franklin
9
820.5937 168.5147
824.2163 159.9318
824.1571 159.6595
817.4684 157.8482
814.4969 161.5181
813.4788 165.3183
813.5972 167.5558
815.1954 168.4081
817.7643 168.3016

Southampton
16
820.5937 168.5147
817.7643 168.3016
815.1954 168.4081
813.5972 167.5558
813.4788 165.3183
814.4969 161.5181
817.4684 157.8482
824.1571 159.6595
824.2163 159.9318
825.7672 159.5529
826.4538 143.9853
796.8930 138.4330
781.2070 135.0117
760.3475 156.4039
809.9154 203.5212
820.6411 213.8207

Hampton
6
871.1205 241.5584
883.3971 245.9978
891.0685 233.7805
886.2739 225.5527
874.5419 222.2497
866.6337 238.8355

Williamsburg
15
836.0548 256.8774
836.2206 256.1789
834.9420 255.1727
832.7519 254.4268
828.7031 253.9533
826.1342 254.0954
824.8082 255.2200
823.8967 256.4512
822.6181 263.7082
825.1279 266.0523
826.1342 264.7264
826.7734 263.9687
830.3487 263.7556
831.7456 264.1344
834.9420 261.4234

Newport_News
9
844.4365 252.9825
866.6337 238.8355
874.5419 222.2497
873.6303 219.5387
872.7187 219.5387
871.3336 220.1662
844.2234 238.0423
843.2053 239.0131
842.3529 247.6552

Portsmouth
5
875.8086 209.8193
882.9709 214.6139
892.5128 201.3311
880.8873 196.8443
875.5955 204.7998

York
20
826.1342 264.7264
831.3668 276.3518
854.5703 259.2925
854.2033 258.0968
855.6358 257.0313
858.5244 256.1789
867.4388 259.4937
868.0188 259.2214
868.8712 255.3976
868.9778 254.7938
869.2027 252.7221
868.8712 250.2123
871.1205 241.5584
866.6337 238.8355
844.4365 252.9825
836.0548 256.8774
834.9420 261.4234
831.7456 264.1344
830.3487 263.7556
826.7734 263.9687

James_City
19
818.8179 287.4090
823.4113 282.7564
831.3668 276.3518
826.1342 264.7264
825.1279 266.0523
822.6181 263.7082
823.8967 256.4512
824.8082 255.2200
826.1342 254.0954
828.7031 253.9533
832.7519 254.4268
834.9420 255.1727
836.2206 256.1789
836.0548 256.8774
844.4365 252.9825
842.3529 247.6552
828.7031 249.8335
809.7023 247.2172
802.4453 270.0063

Surry
14
809.7023 247.2172
828.7031 249.8335
838.0437 239.4866
820.6411 213.8207
809.9154 203.5212
806.7071 211.6424
795.2948 219.5742
794.8686 219.0060
791.6604 219.0060
781.9054 222.5694
781.3135 222.9482
780.8873 223.5283
780.8400 223.9663
798.3255 248.9338

Sussex
14
780.8400 223.9663
780.8873 223.5283
781.3135 222.9482
781.9054 222.5694
791.6604 219.0060
794.8686 219.0060
795.2948 219.5742
806.7071 211.6424
809.9154 203.5212
760.3475 156.4039
752.8182 157.0432
741.1928 174.2209
732.8111 177.6895
755.6002 200.2183

Prince_George
17
759.5425 251.2186
760.8802 252.7221
798.3255 248.9338
780.8400 223.9663
755.6002 200.2183
750.2137 227.0562
755.1741 225.7776
757.2931 232.0639
756.5592 235.8167
750.5807 238.7408
753.6232 249.9519
756.2514 243.4289
759.2820 241.2032
764.0766 245.0863
764.8816 248.0814
763.6504 249.4073
760.1344 251.2778

Petersburg
15
750.3795 238.3028
750.5807 238.7408
756.5592 235.8167
757.2931 232.0639
755.1741 225.7776
750.2137 227.0562
746.1531 226.7839
742.2582 229.2463
742.9449 233.7213
745.4073 235.4852
746.2596 236.0653
747.7158 236.9769
748.8641 237.5096
749.3495 237.4031
750.2611 238.0423

Henrico
18
706.9794 302.3965
718.8298 302.3373
736.7060 292.4759
742.9449 290.2265
756.8196 286.3790
759.3294 286.1659
766.7403 280.5190
761.4485 262.2758
739.3815 268.2424
740.8731 277.6422
740.2812 282.5552
736.3390 288.4744
732.8703 290.7001
731.5917 291.0789
728.9754 289.8595
722.0972 286.5092
715.4676 280.5663
708.4237 280.2348

Chesterfield
36
708.4237 280.2348
715.4676 280.5663
719.6348 273.7473
726.9984 265.0342
739.3815 268.2424
761.4485 262.2758
760.8802 252.7221
759.5425 251.2186
753.6232 249.9519
750.5807 238.7408
750.3795 238.3028
749.6810 242.4107
749.9414 243.2750
749.7283 244.8732
748.2367 246.0925
745.6204 245.7255
743.5841 243.3342
742.7318 241.8780
743.2763 239.4274
745.4073 235.4852
742.9449 233.7213
717.6104 235.4142
714.8284 239.1670
709.7141 239.3209
709.1222 239.0604
706.9794 236.2902
707.0860 234.2067
706.9321 233.8752
706.2928 233.5082
704.8603 233.4490
704.0435 233.7213
687.8365 245.4059
687.1973 248.0222
686.6053 253.1956
686.8184 253.4679
688.9494 253.8349

Charles_City
6
766.7403 280.5190
802.4453 270.0063
809.7023 247.2172
798.3255 248.9338
760.8802 252.7221
761.4485 262.2758

New_Kent
8
768.9896 302.3965
778.0106 299.7802
802.4453 299.7210
811.3597 293.8018
818.8179 287.4090
802.4453 270.0063
766.7403 280.5190
759.3294 286.1659

Richmond
11
739.3815 268.2424
726.9984 265.0342
719.6348 273.7473
715.4676 280.5663
722.0972 286.5092
728.9754 289.8595
731.5917 291.0789
732.8703 290.7001
736.3390 288.4744
740.2812 282.5552
740.8731 277.6422

Fredericksburg
9
711.2650 394.0622
706.8374 392.4640
700.7997 395.8854
700.0421 399.2357
702.0783 400.7391
703.5699 401.7336
706.5651 401.2127
708.8026 400.7391
710.8388 398.7029

Fairfax
9
704.6946 483.9640
708.6960 485.7752
712.4251 485.1952
713.2302 484.0231
713.8576 479.4890
711.0400 477.7251
706.9321 477.0266
703.2621 479.5955
703.2621 481.4660

Manassas
11
690.6068 467.1533
693.2231 466.0523
694.2885 465.1407
695.2475 464.3239
695.3540 459.6950
689.5413 453.8231
686.3922 455.2082
685.4925 457.7653
685.7411 459.4109
688.0970 464.7027
690.5002 467.2124

Loudoun
22
649.0535 544.4233
653.6350 544.9560
681.9646 535.0235
677.2766 527.6126
676.7912 526.3340
676.7438 525.6356
676.4597 523.7177
676.3177 522.3326
676.3532 522.2142
677.1700 519.6097
677.8448 518.7100
677.9159 518.7100
678.6617 518.1773
686.2265 513.0986
686.4514 513.0038
690.6541 512.7316
696.3721 513.0038
701.9244 513.6313
684.2139 476.9792
667.5571 488.7230
629.9462 492.5587
641.9978 513.4774

Fauquier
22
629.9462 492.5587
667.5571 488.7230
663.4492 472.3267
663.8280 470.6811
688.8428 438.7171
693.3770 433.1649
685.5991 408.6828
674.7431 407.8896
673.1568 408.0909
671.2981 408.7420
670.2208 409.8075
660.1462 422.8653
652.8774 434.2895
642.2701 445.0626
639.9616 444.4825
634.9065 445.9268
633.3083 447.0514
632.6098 447.7381
630.2066 452.0118
620.5109 461.6602
614.8402 465.8747
626.0986 486.4145

Culpeper
19
642.2701 445.0626
652.8774 434.2895
660.1462 422.8653
670.2208 409.8075
671.2981 408.7420
673.1568 408.0909
674.7431 407.8896
685.5991 408.6828
688.7955 402.7043
679.2536 399.7092
677.3713 400.6800
671.7835 402.3847
660.8921 399.5671
654.5466 397.3652
645.5730 391.4459
634.9539 383.4431
612.5554 413.8089
619.2678 413.3827
631.4852 431.9455

Spotsylvania
9
688.7955 402.7043
700.7997 395.8854
706.8374 392.4640
711.2650 394.0622
721.3869 390.1200
697.1653 345.2993
691.3526 346.7910
656.8314 357.2444
679.2536 399.7092

Hanover
14
691.3526 346.7910
697.1653 345.2993
738.0437 321.6578
742.3884 313.8089
746.8989 311.8437
762.1114 306.0665
768.9896 302.3965
759.3294 286.1659
756.8196 286.3790
742.9449 290.2265
736.7060 292.4759
718.8298 302.3373
706.9794 302.3965
686.6645 302.1834

King_William
17
754.1559 340.9664
755.4345 342.0911
758.2521 340.2206
769.7828 323.8953
791.5065 316.4844
808.7434 304.5275
811.8924 299.7210
812.0937 299.1883
811.8924 294.6541
811.3597 293.8018
802.4453 299.7210
778.0106 299.7802
768.9896 302.3965
762.1114 306.0665
746.8989 311.8437
742.3884 313.8089
738.0437 321.6578

King_and_Queen
30
754.1559 340.9664
764.9882 354.6399
773.0976 342.8843
778.0106 336.7993
786.4869 331.7324
791.5065 332.7032
797.0706 334.9406
801.6047 335.3787
803.1793 334.4079
808.6368 328.9148
809.6431 326.6182
824.9503 310.0679
825.4357 298.5490
825.9092 297.2705
829.0109 294.0149
829.6147 292.5706
829.6147 291.8366
829.3306 290.5580
828.3716 288.4744
823.4113 282.7564
818.8179 287.4090
811.3597 293.8018
811.8924 294.6541
812.0937 299.1883
811.8924 299.7210
808.7434 304.5275
791.5065 316.4844
769.7828 323.8953
758.2521 340.2206
755.4345 342.0911

Middlesex
13
816.3792 334.4079
833.0123 318.5680
837.6175 314.8151
838.7777 314.3890
852.6051 315.0993
867.8649 312.4830
868.2319 311.9502
867.9123 310.8137
865.1066 307.9370
862.9046 307.3569
853.1852 301.9704
824.9503 310.0679
809.6431 326.6182

Gloucester
22
853.1852 301.9704
860.2409 285.5858
859.3767 285.5858
857.4470 281.6910
856.9143 279.5008
858.5244 277.9618
865.5683 272.0307
870.6352 268.5028
871.1679 267.9228
869.7828 267.0704
862.4311 262.8559
854.5703 259.2925
831.3668 276.3518
823.4113 282.7564
828.3716 288.4744
829.3306 290.5580
829.6147 291.8366
829.6147 292.5706
829.0109 294.0149
825.9092 297.2705
825.4357 298.5490
824.9503 310.0679

Lancaster
9
820.4753 338.8355
834.7171 349.1350
861.4485 329.5068
867.0599 323.3152
868.5042 321.4921
868.5516 320.7936
858.9979 318.2957
842.2937 323.5875
835.6760 327.3166

Richmond_Co.
11
777.1582 374.6944
776.9451 375.8782
782.6986 383.2892
783.2314 383.0169
792.7850 375.0140
799.5685 367.8754
802.1375 367.4492
815.9412 365.3064
834.7171 349.1350
820.4753 338.8355
802.6465 348.3774

Essex
15
759.9687 384.5085
777.1582 374.6944
802.6465 348.3774
816.3792 334.4079
809.6431 326.6182
808.6368 328.9148
803.1793 334.4079
801.6047 335.3787
797.0706 334.9406
791.5065 332.7032
786.4869 331.7324
778.0106 336.7993
773.0976 342.8843
764.9882 354.6399
754.0020 381.4660

Caroline
7
726.5248 390.9132
754.0020 381.4660
764.9882 354.6399
754.1559 340.9664
738.0437 321.6578
697.1653 345.2993
721.3869 390.1200

Fairfax_Co.
15
701.9244 513.6313
729.7094 499.7092
719.1494 493.3519
719.4217 493.1506
715.3611 489.8477
719.4217 484.5559
726.5722 488.0246
732.3375 483.8574
729.5673 477.4054
736.2324 476.0677
743.5368 479.3943
740.6600 466.0878
737.6175 454.3085
727.1523 452.7103
684.2139 476.9792

Fairfax_Co.
9
704.6946 483.9640
703.2621 481.4660
703.2621 479.5955
706.9321 477.0266
711.0400 477.7251
713.8576 479.4890
713.2302 484.0231
712.4251 485.1952
708.6960 485.7752

Prince_William
8
667.5571 488.7230
684.2139 476.9792
727.1523 452.7103
721.4343 430.3946
693.3770 433.1649
688.8428 438.7171
663.8280 470.6811
663.4492 472.3267

Prince_William
17
690.6068 467.1533
690.5002 467.2124
688.0970 464.7027
685.7411 459.4109
685.4925 457.7653
686.3922 455.2082
689.5413 453.8231
695.3540 459.6950
695.2475 464.3239
694.2885 465.1407
695.8867 465.9339
698.0295 467.8517
698.0295 468.8580
697.1653 469.4026
694.0873 470.4207
692.3707 470.2550
691.6841 469.0829

Prince_William
7
697.9230 464.0752
700.1604 463.2110
701.1667 465.5551
700.5274 467.1059
698.9884 467.5913
696.8457 465.2946
697.0706 464.2173

Stafford
15
688.7955 402.7043
685.5991 408.6828
693.3770 433.1649
721.4343 430.3946
728.1704 407.2385
726.5248 390.9132
721.3869 390.1200
711.2650 394.0622
710.8388 398.7029
708.8026 400.7391
706.5651 401.2127
703.5699 401.7336
702.0783 400.7391
700.0421 399.2357
700.7997 395.8854

King_George
5
728.1704 407.2385
763.9227 403.6041
759.9687 384.5085
754.0020 381.4660
726.5248 390.9132

Westmoreland
21
763.9227 403.6041
770.0077 394.7489
781.4201 390.5580
785.9542 390.0608
797.3192 391.3867
810.7086 393.5295
812.2712 393.3164
812.6974 393.2098
823.1508 384.1415
824.2755 383.2300
826.6669 379.4890
827.2588 378.3643
815.9412 365.3064
802.1375 367.4492
799.5685 367.8754
792.7850 375.0140
783.2314 383.0169
782.6986 383.2892
776.9451 375.8782
777.1582 374.6944
759.9687 384.5085

Northumberland
15
827.2588 378.3643
829.2832 376.8253
841.4532 370.6338
844.6023 370.0419
848.4971 369.8406
849.4560 369.6749
850.5215 369.4618
850.7820 369.4144
860.8210 366.0049
864.9172 363.3768
864.9763 354.5807
863.5439 331.5785
861.4485 329.5068
834.7171 349.1350
815.9412 365.3064

Mathews
13
853.1852 301.9704
862.9046 307.3569
870.0551 305.8534
870.7891 305.5929
871.8072 304.8590
874.5419 301.2837
877.1108 296.4181
879.1707 290.0726
879.8692 287.5155
879.8692 285.6924
877.6199 276.4110
873.5830 278.5064
860.2409 285.5858

Norfolk
5
901.5929 220.3319
904.4105 209.1800
899.4975 205.6640
892.5128 201.3311
882.9709 214.6139

Isle_of_Wight
8
820.5937 168.5147
820.6411 213.8207
838.0437 239.4866
866.3615 211.7253
861.1407 209.6654
860.6671 209.3931
825.7672 159.5529
824.2163 159.9318

Suffolk
10
875.8086 209.8193
875.5955 204.7998
877.1108 155.4450
871.1205 154.1664
826.6669 144.0326
826.4538 143.9853
825.7672 159.5529
860.6671 209.3931
861.1407 209.6654
866.3615 211.7253

Chesapeake
7
892.5128 201.3311
899.4975 205.6640
921.0436 164.7264
898.3255 159.9318
877.1108 155.4450
875.5955 204.7998
880.8873 196.8443

Virginia_Beach
11
901.5929 220.3319
919.4099 224.3333
921.8013 224.6530
922.6063 224.5346
924.1453 223.8124
925.0568 222.2497
949.5389 176.0440
951.4804 171.2375
921.0436 164.7264
899.4975 205.6640
904.4105 209.1800

Virginia_Beach
19
694.0224 470.5450
692.3114 470.2680
691.4791 468.6495
690.6007 467.1234
693.2366 466.0603
694.3932 464.9972
695.0869 465.5063
695.8268 465.9230
696.2435 466.1077
696.9373 465.0907
696.9846 464.2585
698.3720 463.9341
700.3142 463.1480
701.1465 465.5065
700.4527 467.1712
698.8805 467.5880
698.0944 467.9573
698.0944 468.8357
697.2160 469.3448

