1000 612

Kauai
16
145.8783 589.9566
164.7627 589.9566
172.8929 584.5508
175.5600 576.4637
175.5600 571.0435
170.1542 557.5649
170.1542 541.3475
159.3569 530.5646
151.2841 525.1301
124.2838 527.8545
113.4722 538.6374
 97.2692 544.0576
 91.8634 549.4490
 91.8634 557.5649
 99.9792 568.3621
126.9939 589.9566

Kauai
9
 18.9497 503.5213
 16.2540 506.2600
 18.9497 522.4487
 35.1527 533.2603
 37.8628 541.3475
 45.9643 541.3475
 43.2686 522.4487
 29.7613 517.0429
 21.6598 503.5213

Honolulu
28
467.2721 438.7521
456.4461 430.6076
456.4461 433.3177
440.2431 427.9262
426.7358 436.0277
399.7355 433.3177
388.9239 430.6076
383.5324 444.1436
375.4166 449.5350
372.7352 457.6222
364.6193 465.7381
364.6193 473.8396
356.5178 479.2167
383.5324 484.6512
397.0398 503.5213
405.1413 508.9414
413.2285 506.2600
426.7358 481.9555
429.4315 481.9555
432.1272 476.5353
429.4315 471.1439
432.1272 463.0567
442.9388 454.9265
445.6345 463.0567
451.0403 463.0567
451.0403 454.9265
456.4461 452.2164
459.1419 441.4192

Maui
17
588.7662 417.1290
591.4906 417.1290
596.8964 414.4476
599.5778 414.4476
596.8964 419.8390
621.1723 425.2305
631.9838 422.5204
626.5781 411.7088
610.3750 400.9259
602.2735 400.9259
569.8961 406.3030
532.0842 403.6216
529.3598 403.6216
537.4900 425.2305
540.1857 425.2305
577.9976 422.5204
586.0991 419.8390

Maui
23
653.5783 398.2302
661.6799 395.5201
675.1872 373.9113
702.1875 387.4043
718.3905 384.7085
718.3905 382.0128
739.9993 368.4912
758.8981 363.0997
761.5938 357.7083
761.5938 346.9253
750.7966 336.1138
737.2893 330.7080
710.2890 319.8820
691.3759 319.8820
685.9701 322.6064
680.5786 354.9982
672.4914 357.7083
667.0857 352.3311
650.8826 360.4183
640.0854 371.2299
637.3753 382.0128
642.7811 392.8244
645.4768 398.2302

Maui
10
583.3891 373.9113
602.2735 373.9113
613.0851 365.8098
618.4765 357.7083
615.7665 346.9253
591.4906 338.7951
588.7662 349.6067
586.0991 357.7083
575.3019 368.4912
575.3019 371.2299

Maui
6
664.3899 319.8820
667.0857 317.2007
669.7814 306.4034
648.1725 300.9976
640.0854 303.7220
645.4768 311.7805

Hawaii
37
848.0435  28.2417
842.6520  22.8359
831.8405  30.9374
804.8402  41.7346
799.4057  49.8505
796.7100  55.2419
799.4057  98.4596
780.5069 144.3873
769.6953 155.1703
761.5938 165.9675
764.3039 174.0977
780.5069 190.2864
799.4057 214.5766
799.4057 225.3739
785.9127 244.2870
783.2027 255.0842
785.9127 265.9101
791.3042 268.6059
807.5216 265.9101
812.9130 257.8086
837.2319 246.9827
866.9566 241.5912
899.3627 228.0696
920.9715 214.5766
931.7688 201.0836
934.4645 179.4605
947.9575 182.1705
953.3633 174.0977
953.3633 163.2718
966.8706 152.4745
985.7693 144.3873
980.3635 133.5758
950.6675 106.5755
926.3630  93.0395
904.7541  90.3438
880.4496  71.4593
866.9566  63.3721

Kalawao
7
586.0991 419.8390
577.9976 422.5204
596.8964 419.8390
599.5778 414.4476
596.8964 414.4476
591.4906 417.1290
588.7662 417.1290

