477 800

Harrison
9
386.7920  98.3031
395.1622  56.5000
385.0431  53.9431
363.7315  48.4192
337.5835  40.8932
329.2132  46.6583
326.1136  89.2816
339.6459  90.2103
340.2610  94.8778

Jackson
11
386.0683 107.3367
448.9780 112.2093
455.8769  55.6316
455.7683  53.3521
446.1919  47.2011
445.1185  46.8151
411.5168  48.0091
409.0082  48.5639
399.9384  53.6778
395.1622  56.5000
386.7920  98.3031

Grenada
12
215.7201 589.8333
235.8256 590.9550
236.1512 586.3477
269.7409 588.5669
271.8033 558.9936
235.8256 556.4487
191.8998 553.6747
190.4404 560.5736
189.6203 574.2748
203.4903 575.2638
216.4799 578.2428
216.1543 582.7536

Yalobusha
7
266.2673 634.5069
269.7409 588.5669
236.1512 586.3477
235.8256 590.9550
215.7201 589.8333
212.4154 631.2987
238.9856 637.4377

Clay
10
371.2817 587.1076
372.9099 566.7849
401.0842 568.8956
401.8561 567.9669
399.7213 564.1074
381.2440 540.0821
380.4721 549.2604
340.2610 546.0643
335.8588 545.4613
331.8304 572.9119

Webster
7
311.6163 571.3319
331.8304 572.9119
335.8588 545.4613
327.2593 540.2871
290.3530 526.2241
274.2155 525.0180
271.3209 565.9045

Chickasaw
8
354.8065 627.2101
368.2905 628.1991
371.2817 587.1076
331.8304 572.9119
311.6163 571.3319
311.0012 582.7536
317.6950 583.3084
314.5954 624.1225

Calhoun
8
266.2673 634.5069
300.0258 636.7261
314.5954 624.1225
317.6950 583.3084
311.0012 582.7536
311.6163 571.3319
271.3209 565.9045
269.7409 588.5669

Pontotoc
5
351.3450 672.4385
354.8065 627.2101
314.5954 624.1225
300.0258 636.7261
297.5171 670.8223

Lee
6
360.8490 695.7763
386.0683 690.8796
390.5429 632.2274
368.2905 628.1991
354.8065 627.2101
351.3450 672.4385

Union
7
315.1381 706.3658
359.9323 709.4775
360.8490 695.7763
351.3450 672.4385
297.5171 670.8223
296.2146 688.9137
295.3582 702.5666

Lafayette
10
235.2226 693.9310
241.9164 694.3532
255.0869 695.4507
266.3156 695.9814
282.8511 692.1701
296.2146 688.9137
297.5171 670.8223
300.0258 636.7261
266.2673 634.5069
238.9856 637.4377

Tate
9
172.6747 716.5935
185.0612 718.6438
208.8092 726.4231
232.6777 727.9548
233.7029 714.4225
240.5535 713.3250
241.9164 694.3532
235.2226 693.9310
174.5683 690.0595

Panola
8
174.5683 690.0595
235.2226 693.9310
238.9856 637.4377
212.4154 631.2987
186.3638 629.0192
185.4351 645.5427
177.3302 654.3954
174.9421 683.2692

Quitman
12
174.9421 683.2692
177.3302 654.3954
185.4351 645.5427
186.3638 629.0192
187.1840 615.4266
180.2731 614.9924
146.8402 612.9903
145.1517 642.5516
151.7973 642.8169
150.2052 668.1569
162.6762 669.0253
161.5184 682.2922

Tallahatchie
15
186.3638 629.0192
212.4154 631.2987
215.7201 589.8333
216.1543 582.7536
216.4799 578.2428
203.4903 575.2638
189.6203 574.2748
190.4404 560.5736
185.3748 570.6806
183.6984 573.8888
149.1318 572.1641
147.6483 599.3976
146.8402 612.9903
180.2731 614.9924
187.1840 615.4266

Leflore
13
149.1318 572.1641
183.6984 573.8888
185.3748 570.6806
190.4404 560.5736
191.8998 553.6747
195.2889 551.5520
195.6025 549.9238
197.4960 519.9163
193.2144 513.0174
188.4986 512.7883
189.3067 499.7504
169.2856 493.7682
153.3652 496.9764

Sunflower
10
147.6483 599.3976
149.1318 572.1641
153.3652 496.9764
140.0861 496.1563
140.7012 487.0262
119.8841 485.7839
111.5500 525.8985
110.8022 539.4308
124.2863 540.1786
121.2349 598.1312

Humphreys
22
153.3652 496.9764
169.2856 493.7682
171.0344 467.6202
166.8493 459.9012
166.0894 459.3584
164.6180 459.6358
161.1445 461.7947
159.5162 463.9778
158.9614 463.8210
158.6479 463.3144
158.1895 460.7213
158.7926 455.5593
159.0821 454.7391
165.3778 449.5167
167.8262 447.9609
156.7905 447.0804
157.5021 433.6928
130.6424 432.0164
123.2612 458.7554
119.8841 485.7839
140.7012 487.0262
140.0861 496.1563

Holmes
17
169.2856 493.7682
189.3067 499.7504
245.3899 484.6984
220.7133 430.7017
167.8262 447.9609
165.3778 449.5167
159.0821 454.7391
158.7926 455.5593
158.1895 460.7213
158.6479 463.3144
158.9614 463.8210
159.5162 463.9778
161.1445 461.7947
164.6180 459.6358
166.0894 459.3584
166.8493 459.9012
171.0344 467.6202

Carroll
13
191.8998 553.6747
235.8256 556.4487
238.7082 515.8397
247.8503 514.2114
256.7513 514.9110
258.1142 496.6508
245.3899 484.6984
189.3067 499.7504
188.4986 512.7883
193.2144 513.0174
197.4960 519.9163
195.6025 549.9238
195.2889 551.5520

Montgomery
9
271.8033 558.9936
274.2155 525.0180
290.3530 526.2241
282.8511 498.3996
258.1142 496.6508
256.7513 514.9110
247.8503 514.2114
238.7082 515.8397
235.8256 556.4487

Choctaw
8
327.2593 540.2871
330.0454 501.7646
327.3679 501.5354
314.8849 486.8211
315.8015 473.1079
302.3656 472.0827
282.8511 498.3996
290.3530 526.2241

Oktibbeha
8
335.8588 545.4613
340.2610 546.0643
380.4721 549.2604
381.2440 540.0821
384.1989 505.9980
365.5768 504.4904
330.0454 501.7646
327.2593 540.2871

Lowndes
6
399.7213 564.1074
432.5993 581.6199
431.9118 548.5127
431.2002 509.9298
384.1989 505.9980
381.2440 540.0821

Monroe
10
433.9742 635.3150
433.8536 630.8645
432.5993 581.6199
399.7213 564.1074
401.8561 567.9669
401.0842 568.8956
372.9099 566.7849
371.2817 587.1076
368.2905 628.1991
390.5429 632.2274

Itawamba
5
435.2768 694.5099
433.9742 635.3150
390.5429 632.2274
386.0683 690.8796
413.2054 692.7852

Prentiss
6
404.8351 737.9533
413.2054 692.7852
386.0683 690.8796
360.8490 695.7763
359.9323 709.4775
360.1977 734.6366

Tishomingo
7
402.1093 775.3904
422.7576 777.0910
437.0136 762.0390
435.7110 713.1561
435.2768 694.5099
413.2054 692.7852
404.8351 737.9533

Alcorn
6
399.9866 775.2457
402.1093 775.3904
404.8351 737.9533
360.1977 734.6366
344.1205 770.7831
348.7398 771.1691

Tippah
8
319.5886 768.8775
344.1205 770.7831
360.1977 734.6366
359.9323 709.4775
315.1381 706.3658
312.6898 740.2328
319.3715 740.7153
321.1203 747.6865

Benton
11
296.7694 767.2010
319.5886 768.8775
321.1203 747.6865
319.3715 740.7153
312.6898 740.2328
315.1381 706.3658
295.3582 702.5666
288.6644 702.0721
285.6251 742.8983
280.5716 750.3399
277.2548 765.8261

Marshall
15
240.3967 763.4380
277.2548 765.8261
280.5716 750.3399
285.6251 742.8983
288.6644 702.0721
295.3582 702.5666
296.2146 688.9137
282.8511 692.1701
266.3156 695.9814
255.0869 695.4507
241.9164 694.3532
240.5535 713.3250
233.7029 714.4225
232.6777 727.9548
230.2896 762.6903

DeSoto
7
230.2896 762.6903
232.6777 727.9548
208.8092 726.4231
185.0612 718.6438
172.6747 716.5935
159.5524 737.1814
156.3563 758.1674

Tunica
10
159.5524 737.1814
172.6747 716.5935
174.5683 690.0595
174.9421 683.2692
161.5184 682.2922
162.6762 669.0253
150.2052 668.1569
127.5428 682.7264
125.8060 700.8299
145.3688 731.9832

Coahoma
21
127.5428 682.7264
150.2052 668.1569
151.7973 642.8169
145.1517 642.5516
146.8402 612.9903
147.6483 599.3976
121.2349 598.1312
119.7756 618.6348
 99.3323 617.8267
 84.9195 616.9583
 84.4853 618.4780
 86.3307 622.3254
 92.1078 634.2295
104.2894 656.0839
110.9590 657.3865
117.6528 658.7614
123.1888 661.4148
127.5910 665.2743
127.8684 665.4914
127.9890 665.7688
128.9057 668.7599

Bolivar
23
 84.9195 616.9583
 99.3323 617.8267
119.7756 618.6348
121.2349 598.1312
124.2863 540.1786
110.8022 539.4308
111.5500 525.8985
 53.2838 522.7988
 51.4988 527.7317
 61.0028 531.5550
 63.2823 533.5089
 63.6200 535.1854
 63.6200 535.3422
 59.9776 538.2850
 56.1302 541.1676
 55.3583 542.5425
 55.1894 542.8561
 55.9010 546.3899
 66.2251 590.8585
 91.3480 603.5104
 92.1078 608.7328
 90.7450 612.1098
 84.9798 616.7292

Washington
19
 53.2838 522.7988
111.5500 525.8985
119.8841 485.7839
123.2612 458.7554
 96.4377 443.4742
 64.8743 442.4008
 68.6735 446.6945
 68.7820 446.8030
 72.8586 463.7245
 72.8586 463.8572
 72.4847 475.6768
 69.1077 479.2589
 64.7055 487.2433
 58.1805 505.9015
 64.8743 507.8554
 66.4422 510.9550
 65.4171 514.5853
 60.0379 518.2157
 53.4526 522.7023

Sharkey
19
123.2612 458.7554
130.6424 432.0164
117.9785 417.7242
118.1956 414.3471
120.6439 413.7441
124.1778 410.9339
127.6996 407.4001
131.7762 395.1100
131.6194 393.0958
130.3650 391.7932
124.2863 390.9731
 92.7591 389.3449
 91.4565 416.6990
 92.2164 418.9785
 92.8677 419.0750
 93.7843 419.7745
 94.3874 420.7756
 96.6066 432.8848
 96.4377 443.4742

Issaquena
28
 96.4377 443.4742
 96.6066 432.8848
 94.3874 420.7756
 93.7843 419.7745
 92.8677 419.0750
 92.2164 418.9785
 91.4565 416.6990
 92.7591 389.3449
124.2863 390.9731
125.0341 384.2431
119.1846 377.0066
108.0765 355.7070
 94.9301 351.6184
 93.5672 375.7522
 76.2839 375.0527
 72.1470 376.3432
 71.8214 376.6206
 70.5791 377.7061
 70.3017 377.9232
 70.1570 378.2127
 69.7469 378.6951
 69.6022 378.9604
 68.8303 380.8178
 58.3976 428.0966
 58.1805 429.3509
 59.5434 434.2959
 63.8250 441.2068
 64.8743 442.4008

Yazoo
21
167.8262 447.9609
220.7133 430.7017
212.4516 409.5107
211.1490 407.4483
203.7074 402.1174
165.4864 380.4198
160.6500 379.2861
147.7207 368.1418
125.0341 384.2431
124.2863 390.9731
130.3650 391.7932
131.6194 393.0958
131.7762 395.1100
127.6996 407.4001
124.1778 410.9339
120.6439 413.7441
118.1956 414.3471
117.9785 417.7242
130.6424 432.0164
157.5021 433.6928
156.7905 447.0804

Attala
9
282.8511 498.3996
302.3656 472.0827
304.1024 444.4632
272.9611 442.1234
250.8294 440.5555
251.3118 433.4878
220.7133 430.7017
245.3899 484.6984
258.1142 496.6508

Winston
9
330.0454 501.7646
365.5768 504.4904
369.8826 448.3710
356.6759 447.4543
304.1024 444.4632
302.3656 472.0827
315.8015 473.1079
314.8849 486.8211
327.3679 501.5354

Noxubee
6
384.1989 505.9980
431.2002 509.9298
430.2836 463.2782
430.1027 453.5451
369.8826 448.3710
365.5768 504.4904

Kemper
5
369.8826 448.3710
430.1027 453.5451
429.1861 398.5353
360.7404 393.0476
356.6759 447.4543

Neshoba
4
304.1024 444.4632
356.6759 447.4543
360.7404 393.0476
308.2393 389.1881

Leake
8
304.1024 444.4632
308.2393 389.1881
307.5759 389.1157
254.4718 385.5939
253.8205 394.5069
251.3118 433.4878
250.8294 440.5555
272.9611 442.1234

Madison
21
220.7133 430.7017
251.3118 433.4878
253.8205 394.5069
247.2955 386.6191
244.4130 386.5106
237.6227 385.7025
219.3504 368.9016
212.2345 360.9776
211.7520 359.8198
211.6917 357.8177
212.4516 355.1522
195.8678 354.2235
189.1378 354.8748
188.3780 367.3699
183.5778 367.1166
161.4701 365.8623
160.6500 379.2861
165.4864 380.4198
203.7074 402.1174
211.1490 407.4483
212.4516 409.5107

Rankin
14
247.2955 386.6191
258.0659 330.3067
259.9112 303.1335
194.2396 299.3705
190.8746 308.9951
195.6025 331.0183
203.5386 342.4883
212.4516 355.1522
211.6917 357.8177
211.7520 359.8198
212.2345 360.9776
219.3504 368.9016
237.6227 385.7025
244.4130 386.5106

Hinds
14
147.7207 368.1418
160.6500 379.2861
161.4701 365.8623
183.5778 367.1166
188.3780 367.3699
189.1378 354.8748
195.8678 354.2235
212.4516 355.1522
203.5386 342.4883
195.6025 331.0183
190.8746 308.9951
194.2396 299.3705
130.2082 295.4145
127.3498 322.8531

Warren
23
 76.2839 375.0527
 93.5672 375.7522
 94.9301 351.6184
108.0765 355.7070
119.1846 377.0066
125.0341 384.2431
147.7207 368.1418
127.3498 322.8531
124.1778 319.0539
117.7131 311.3952
104.0602 299.3343
100.4660 299.8168
 89.0564 303.3627
 75.7894 318.8609
 90.9500 320.7424
 90.0334 343.1878
 75.5241 358.6257
 75.4155 358.9031
 74.8607 359.7715
 74.4869 360.3143
 74.4869 360.4831
 74.2577 362.9797
 77.2126 372.9300

Jefferson
11
 62.0400 263.9356
 92.9642 264.3095
115.8075 260.0158
116.1332 258.1825
116.1814 256.4337
117.2186 253.7200
130.0997 254.4798
130.7992 240.8389
131.4626 227.2463
 76.5131 224.1346
 46.9880 244.0351

Claiborne
14
127.3498 322.8531
130.2082 295.4145
130.0997 254.4798
117.2186 253.7200
116.1814 256.4337
116.1332 258.1825
115.8075 260.0158
 92.9642 264.3095
 62.0400 263.9356
 89.0564 303.3627
100.4660 299.8168
104.0602 299.3343
117.7131 311.3952
124.1778 319.0539

Copiah
6
194.2396 299.3705
211.2575 254.0336
195.4336 247.5689
130.7992 240.8389
130.0997 254.4798
130.2082 295.4145

Simpson
6
259.9112 303.1335
272.7923 262.3556
259.4167 260.5103
230.6635 256.6508
211.2575 254.0336
194.2396 299.3705

Smith
6
258.0659 330.3067
311.4475 334.1542
316.8267 268.7237
305.7306 267.1438
272.7923 262.3556
259.9112 303.1335

Scott
6
253.8205 394.5069
254.4718 385.5939
307.5759 389.1157
311.4475 334.1542
258.0659 330.3067
247.2955 386.6191

Newton
5
308.2393 389.1881
360.7404 393.0476
364.9256 338.1825
311.4475 334.1542
307.5759 389.1157

Lauderdale
5
360.7404 393.0476
429.1861 398.5353
428.2574 356.2859
427.9438 343.5737
364.9256 338.1825

Clarke
4
427.9438 343.5737
427.0633 291.4344
369.9911 276.4307
364.9256 338.1825

Jasper
5
364.9256 338.1825
369.9911 276.4307
365.6854 275.7914
316.8267 268.7237
311.4475 334.1542

Jones
6
365.6854 275.7914
370.1600 215.0286
343.4210 213.1591
309.9640 210.7711
305.7306 267.1438
316.8267 268.7237

Covington
12
305.7306 267.1438
309.9640 210.7711
303.0049 210.2886
285.1306 209.0223
284.3225 221.4209
281.9224 225.2321
277.1945 228.0061
272.4184 228.6092
268.8725 230.3459
261.0450 234.8567
259.4167 260.5103
272.7923 262.3556

Jefferson_Davis
15
230.6635 256.6508
259.4167 260.5103
261.0450 234.8567
268.8725 230.3459
272.4184 228.6092
277.1945 228.0061
281.9224 225.2321
284.3225 221.4209
285.1306 209.0223
276.2176 208.4433
253.7240 207.0081
254.3150 200.1695
236.3683 199.0841
235.0658 219.5635
231.9179 235.8336

Lawrence
8
211.2575 254.0336
230.6635 256.6508
231.9179 235.8336
235.0658 219.5635
236.3683 199.0841
226.1407 189.9419
199.0760 190.4846
195.4336 247.5689

Lincoln
8
195.4336 247.5689
199.0760 190.4846
196.8568 190.3399
158.7926 187.9880
147.4915 187.2885
145.2120 228.0664
131.4626 227.2463
130.7992 240.8389

Franklin
7
 76.5131 224.1346
131.4626 227.2463
145.2120 228.0664
147.4915 187.2885
101.1776 184.6713
 86.5719 179.6178
 78.0207 183.1637

Adams
19
 46.9880 244.0351
 76.5131 224.1346
 78.0207 183.1637
 77.3694 183.7667
 68.0222 186.9025
 62.5948 185.9256
 58.2891 184.4059
 40.4630 177.0608
 23.5054 161.2972
 22.2511 158.5353
 20.2972 150.4304
 23.5054 167.1830
 28.4504 207.7197
 28.4986 207.8282
 28.9931 208.8775
 29.3188 209.5167
 43.5024 238.0046
 43.5989 238.1252
 45.6854 241.6952

Wilkinson
13
 78.0207 183.1637
 86.5719 179.6178
 93.7843 129.7700
 78.3343 129.0102
 17.0769 126.1276
 20.2972 150.4304
 22.2511 158.5353
 23.5054 161.2972
 40.4630 177.0608
 58.2891 184.4059
 62.5948 185.9256
 68.0222 186.9025
 77.3694 183.7667

Amite
8
158.7926 187.9880
161.9525 133.6175
159.4077 133.5330
124.9376 131.5189
 93.7843 129.7700
 86.5719 179.6178
101.1776 184.6713
147.4915 187.2885

Pike
5
158.7926 187.9880
196.8568 190.3399
200.2821 136.0296
188.5951 135.3180
161.9525 133.6175

Walthall
10
199.0760 190.4846
226.1407 189.9419
227.1297 174.0818
229.4213 165.1085
234.5833 158.7403
244.3044 152.6013
254.0376 151.0334
256.5945 139.7685
200.2821 136.0296
196.8568 190.3399

Marion
13
276.2176 208.4433
280.7284 141.4691
270.8867 140.7455
256.5945 139.7685
254.0376 151.0334
244.3044 152.6013
234.5833 158.7403
229.4213 165.1085
227.1297 174.0818
226.1407 189.9419
236.3683 199.0841
254.3150 200.1695
253.7240 207.0081

Lamar
7
303.0049 210.2886
304.0542 196.6960
317.6950 197.6729
321.1806 145.4854
280.7284 141.4691
276.2176 208.4433
285.1306 209.0223

Forrest
10
343.4210 213.1591
346.9427 165.2170
349.2705 145.9196
350.3680 131.8445
323.3516 129.9630
321.1806 145.4854
317.6950 197.6729
304.0542 196.6960
303.0049 210.2886
309.9640 210.7711

Wayne
7
427.0633 291.4344
430.2112 260.9445
435.3854 220.3957
383.6441 216.0417
370.1600 215.0286
365.6854 275.7914
369.9911 276.4307

Greene
5
383.6441 216.0417
435.3854 220.3957
441.6812 170.7289
443.9848 152.7702
389.7228 148.5247

Perry
8
370.1600 215.0286
383.6441 216.0417
389.7228 148.5247
383.9577 134.5100
350.3680 131.8445
349.2705 145.9196
346.9427 165.2170
343.4210 213.1591

Stone
8
383.9577 134.5100
386.0683 107.3367
386.7920  98.3031
340.2610  94.8778
339.6459  90.2103
326.1136  89.2816
323.3516 129.9630
350.3680 131.8445

Pearl_River
20
321.1806 145.4854
323.3516 129.9630
326.1136  89.2816
307.6362  88.0272
299.4228  82.8652
300.4479  67.0413
287.3016  57.2116
281.4279  56.8257
259.0911  87.5930
260.5746  98.7011
262.1907 106.9026
264.2049 116.8407
265.9538 124.1135
266.2673 124.4512
267.3528 124.6080
268.1850 124.7165
269.5238 127.7076
271.1641 135.9211
270.8867 140.7455
280.7284 141.4691

Hancock
23
281.4279  56.8257
287.3016  57.2116
300.4479  67.0413
299.4228  82.8652
307.6362  88.0272
326.1136  89.2816
329.2132  46.6583
306.6593  15.1794
300.4479  14.8055
300.1947  14.7452
299.8690  14.9743
299.3866  15.3000
299.0489  15.5171
298.0599  16.6628
295.1411  20.0761
293.8386  22.5847
289.5811  30.6656
289.4725  31.4978
289.8102  32.8003
291.0525  35.9482
290.8475  38.8308
282.5254  55.7402
281.6571  56.6206

George
5
389.7228 148.5247
443.9848 152.7702
448.9780 112.2093
386.0683 107.3367
383.9577 134.5100

