439 800

Essex
28
313.6769 733.4409
391.8331 755.1385
386.9540 745.1104
386.6617 673.9468
388.3705 669.1127
395.9928 661.6028
405.3014 650.1582
410.3829 643.8625
411.2822 642.4235
416.5436 633.9244
413.8230 608.6967
411.4846 602.1987
411.4846 602.1087
410.4728 600.3774
400.4447 582.7496
399.6128 581.4455
398.4211 579.7141
395.5880 576.0492
395.0709 575.2622
388.5729 570.4955
384.2333 570.9002
370.6527 553.2723
347.8534 571.9120
338.2300 630.6866
347.0439 654.4078
322.7156 663.7164
314.5987 666.8642
314.9135 703.2442

Orleans
15
313.6769 733.4409
314.9135 703.2442
314.5987 666.8642
322.7156 663.7164
315.5206 645.7737
310.1468 641.5241
289.2362 649.3488
281.1642 611.5298
274.4863 583.3791
249.1462 589.4499
245.4138 593.0924
227.8759 614.6776
226.5268 627.2465
194.4189 634.7338
182.6594 700.7034

Bennington
14
253.4183 192.0807
247.0102 192.5978
248.2244 175.6669
253.3059 149.3151
226.5268 144.4584
227.5386 138.3876
237.4767  90.4505
255.5543  93.8907
266.8865  40.2875
247.6173  36.2403
197.3643  25.3803
181.8500  80.9171
160.1749 186.8193
240.2199 202.4236

Grand_Isle
8
 55.6892 669.6973
 68.3480 586.0098
 52.5414 534.4078
 49.1912 537.2408
 43.1204 548.5955
 32.8000 609.1014
 25.3801 656.6337
 25.6949 661.6028

Washington
18
242.7606 564.5146
290.7876 552.2605
291.5970 551.6310
293.1260 548.7979
292.8112 544.1436
277.6341 482.7158
266.0771 484.8519
236.1951 459.1071
233.2272 436.9373
227.5386 412.8114
214.6999 414.5427
162.6932 441.1869
166.1558 476.4426
162.6932 477.2521
168.7865 515.1610
172.2266 530.4505
206.2682 522.9632
237.1844 538.9722

Caledonia
29
322.7156 663.7164
347.0439 654.4078
338.2300 630.6866
347.8534 571.9120
370.6527 553.2723
356.4649 544.3460
342.4346 535.6220
341.3778 534.6102
340.7482 534.1155
333.9579 521.8614
333.2609 518.9159
333.2609 517.0947
339.9163 493.8907
343.6937 488.8091
347.1339 486.0660
318.3536 489.5287
291.7994 480.1076
277.6341 482.7158
292.8112 544.1436
293.1260 548.7979
291.5970 551.6310
290.7876 552.2605
242.7606 564.5146
249.1462 589.4499
274.4863 583.3791
281.1642 611.5298
289.2362 649.3488
310.1468 641.5241
315.5206 645.7737

Lamoille
13
194.4189 634.7338
226.5268 627.2465
227.8759 614.6776
245.4138 593.0924
249.1462 589.4499
242.7606 564.5146
237.1844 538.9722
206.2682 522.9632
172.2266 530.4505
135.6443 575.6669
144.7505 601.2993
160.2873 627.6512
186.2120 638.6911

Franklin
8
182.6594 700.7034
194.4189 634.7338
186.2120 638.6911
160.2873 627.6512
144.7505 601.2993
135.6443 575.6669
 68.3480 586.0098
 55.6892 669.6973

Chittenden,VT
19
 68.3480 586.0098
135.6443 575.6669
172.2266 530.4505
168.7865 515.1610
162.6932 477.2521
166.1558 476.4426
162.6932 441.1869
153.4745 465.3128
141.3104 472.8002
 91.7769 453.3510
 80.8270 452.1369
 74.0366 487.3926
 75.1608 499.5568
 74.8461 502.7046
 74.7336 502.8845
 70.9787 513.0250
 68.0782 519.3207
 58.4323 530.9677
 52.5414 534.4078

Addison
25
 80.8270 452.1369
 91.7769 453.3510
141.3104 472.8002
153.4745 465.3128
162.6932 441.1869
214.6999 414.5427
209.4160 392.9575
205.1665 380.1638
196.3300 371.7546
179.3992 357.4769
182.9742 349.7647
184.9079 346.3246
168.9888 348.4606
143.7612 341.0632
131.5071 336.4089
138.8820 317.0497
108.3705 305.6950
100.8607 320.2875
 97.3306 326.6731
 73.1597 383.7389
 72.7100 384.7282
 72.7100 384.8181
 72.2154 394.4640
 72.2154 403.9075
 72.3278 427.8985

Rutland
20
108.3705 305.6950
138.8820 317.0497
131.5071 336.4089
143.7612 341.0632
168.9888 348.4606
184.9079 346.3246
199.8376 359.5006
217.5554 355.3409
221.1755 351.4061
247.4374 318.7586
252.2041 257.4432
243.2553 226.9317
240.2199 202.4236
160.1749 186.8193
147.8983 243.8850
113.0473 251.5748
106.1670 254.4303
105.3576 255.5096
103.3115 272.4404
104.4582 284.1998

Windham
20
253.4183 192.0807
283.0979 189.5624
309.4498 200.1976
334.3626 205.6613
335.1721 184.2785
341.9849 173.6433
342.4346 171.9120
347.9658 140.9058
334.7674  95.7119
335.6892  92.7889
341.6926  79.9053
364.8742  61.2656
266.8865  40.2875
255.5543  93.8907
237.4767  90.4505
227.5386 138.3876
226.5268 144.4584
253.3059 149.3151
248.2244 175.6669
247.0102 192.5978

Windsor
27
209.4160 392.9575
210.6302 388.4831
213.3733 384.1211
229.8995 382.7046
253.6881 379.8715
314.4863 372.8789
341.5577 369.1239
328.6965 314.5090
320.8944 288.5618
330.9450 242.3561
335.2845 231.0014
334.3626 205.6613
309.4498 200.1976
283.0979 189.5624
253.4183 192.0807
240.2199 202.4236
243.2553 226.9317
252.2041 257.4432
247.4374 318.7586
221.1755 351.4061
217.5554 355.3409
199.8376 359.5006
184.9079 346.3246
182.9742 349.7647
179.3992 357.4769
196.3300 371.7546
205.1665 380.1638

Orange
16
347.1339 486.0660
341.5577 369.1239
314.4863 372.8789
253.6881 379.8715
229.8995 382.7046
213.3733 384.1211
210.6302 388.4831
209.4160 392.9575
214.6999 414.5427
227.5386 412.8114
233.2272 436.9373
236.1951 459.1071
266.0771 484.8519
277.6341 482.7158
291.7994 480.1076
318.3536 489.5287

