1000 652

Sheridan
11
975.0556 491.3305
971.5212 448.9640
969.1802 420.6346
923.4433 424.6153
924.3906 434.7173
915.1084 445.7211
898.1927 447.3152
899.1401 457.3352
894.0117 457.8727
895.4054 488.1332
896.3983 498.3536

Roosevelt
25
898.1927 447.3152
915.1084 445.7211
924.3906 434.7173
923.4433 424.6153
969.1802 420.6346
965.5274 374.9796
950.4609 380.1992
934.9390 389.2263
901.6907 397.5976
897.0450 395.7120
894.9499 392.9246
892.4085 390.9935
890.7233 390.1372
881.0767 390.1736
875.2013 391.3214
870.7287 394.5642
863.9971 395.8760
858.1217 396.1219
843.7566 396.3314
839.8579 396.2039
835.5857 393.8628
823.2702 390.0917
825.8207 414.2673
828.8905 413.9394
832.9987 453.7645

Gallatin
41
378.5170 234.5351
400.9710 230.9188
399.5318 225.1709
396.7808 208.7472
396.1705 202.6714
394.8497 194.2090
393.1372 183.9066
389.1474 161.2886
383.2720 157.4263
377.8156 155.3312
376.4219 145.2748
374.7823 135.1363
364.9262 136.6940
360.9820 116.5355
359.5427 107.7543
357.9486  96.1766
350.8071  57.3717
347.7646  34.9541
341.0785  41.1574
340.1312  43.9539
336.4784  54.5023
329.7377  67.7196
325.7934  71.6184
328.8814  90.1736
337.5442 141.0481
339.9217 144.3274
344.8042 174.5059
329.7377 177.0110
324.1629 184.7719
320.9565 190.4834
317.1397 194.5825
314.1428 196.7960
310.9364 198.6907
323.4159 200.8222
340.9510 211.9536
345.7515 216.3442
346.8537 224.1051
349.7322 228.8237
355.1977 235.8013
358.8049 237.1130
370.6285 235.8468

Madison
50
278.7903 198.2352
279.2458 198.0713
280.8490 198.1532
283.5088 200.1299
285.8954 204.5570
286.3418 206.8160
287.2891 207.6814
289.3022 208.3737
294.5946 208.7107
301.6178 206.9436
310.6905 200.5763
311.0639 199.9660
310.9364 198.6907
314.1428 196.7960
317.1397 194.5825
320.9565 190.4834
324.1629 184.7719
329.7377 177.0110
344.8042 174.5059
339.9217 144.3274
337.5442 141.0481
328.8814  90.1736
325.7934  71.6184
316.4383  68.0931
291.6797  72.1558
293.0825  80.5271
283.1445  82.1667
269.7632  84.7993
262.2846  91.2030
262.0842 101.5054
263.8058 111.6530
252.0641 113.7025
243.7748 125.6537
249.0308 155.9051
249.3496 161.1246
247.0086 167.3644
244.5127 168.1022
242.2900 167.6103
240.9419 166.8725
239.4207 167.0729
236.9976 168.8401
232.8894 174.1416
232.6890 174.7519
232.7255 180.7002
236.0047 191.0572
243.9388 194.0906
247.8739 195.8122
249.8870 197.2879
250.8708 198.2352
256.6642 201.3961

Broadwater
20
327.2782 287.5684
339.4298 287.1130
342.4631 305.1035
345.6331 308.9567
346.0794 309.2117
347.4367 309.4577
354.2139 306.0509
374.2904 265.3239
377.9796 241.4216
378.5170 234.5351
370.6285 235.8468
358.8049 237.1130
355.1977 235.8013
349.7322 228.8237
346.8537 224.1051
345.7515 216.3442
340.9510 211.9536
323.4159 200.8222
327.5241 225.8268
317.5041 227.5484

Jefferson
35
282.4431 277.6395
285.5311 276.4462
288.5644 277.1476
293.8659 279.7710
294.0663 280.0625
293.8204 281.9481
307.9395 290.8568
327.2782 287.5684
317.5041 227.5484
327.5241 225.8268
323.4159 200.8222
310.9364 198.6907
311.0639 199.9660
310.6905 200.5763
301.6178 206.9436
294.5946 208.7107
289.3022 208.3737
287.2891 207.6814
286.3418 206.8160
285.8954 204.5570
283.5088 200.1299
280.8490 198.1532
279.2458 198.0713
278.7903 198.2352
264.8716 209.7674
262.5396 215.1144
263.3139 239.6180
263.3503 241.8771
259.0873 252.4254
256.1632 253.4092
259.4152 263.1924
259.4607 266.1438
259.7796 267.9109
262.7765 270.4068
275.3835 274.3511

Silver_Bow
25
256.1632 253.4092
259.0873 252.4254
263.3503 241.8771
263.3139 239.6180
262.5396 215.1144
264.8716 209.7674
278.7903 198.2352
256.6642 201.3961
250.8708 198.2352
249.8870 197.2879
247.8739 195.8122
243.9388 194.0906
236.0047 191.0572
232.5615 202.5894
229.7650 208.1368
226.8956 210.9242
213.7967 217.7379
208.5863 224.0232
213.8787 224.5515
217.4950 226.3187
222.2591 229.3156
223.2064 230.2174
231.3318 242.2870
239.1292 251.3232
249.1037 251.4052

Deer_Lodge
30
259.4152 263.1924
256.1632 253.4092
249.1037 251.4052
239.1292 251.3232
231.3318 242.2870
223.2064 230.2174
222.2591 229.3156
217.4950 226.3187
213.8787 224.5515
208.5863 224.0232
208.6682 225.3804
207.8940 226.6010
207.3201 226.8470
201.6087 228.2498
198.5298 227.5848
186.9885 222.0465
185.5948 220.3613
179.6830 223.7681
179.1456 229.9714
177.0960 238.7617
176.6861 239.4905
176.3582 239.5360
175.4564 239.4176
175.3744 239.5816
182.3520 243.1979
189.3296 244.9924
198.3203 258.7107
200.1694 268.7308
220.0820 265.1600
220.9838 270.1609

Beaverhead
82
175.4564 239.4176
176.3582 239.5360
176.6861 239.4905
177.0960 238.7617
179.1456 229.9714
179.6830 223.7681
185.5948 220.3613
186.9885 222.0465
198.5298 227.5848
201.6087 228.2498
207.3201 226.8470
207.8940 226.6010
208.6682 225.3804
208.5863 224.0232
213.7967 217.7379
226.8956 210.9242
229.7650 208.1368
232.5615 202.5894
236.0047 191.0572
232.7255 180.7002
232.6890 174.7519
232.8894 174.1416
236.9976 168.8401
239.4207 167.0729
240.9419 166.8725
242.2900 167.6103
244.5127 168.1022
247.0086 167.3644
249.3496 161.1246
249.0308 155.9051
243.7748 125.6537
252.0641 113.7025
263.8058 111.6530
262.0842 101.5054
262.2846  91.2030
269.7632  84.7993
283.1445  82.1667
293.0825  80.5271
291.6797  72.1558
316.4383  68.0931
302.2372  51.7878
291.5613  52.0793
275.0100  56.7978
252.1461  59.1389
239.6666  54.4568
210.3079  61.7623
204.7695  60.4506
201.5267  57.0073
200.3334  55.1582
199.3496  50.7676
199.3041  50.4761
198.4842  49.2008
196.7991  48.2626
194.6675  49.0368
187.9814  56.5154
185.7132  59.7947
184.7386  65.3422
184.8570  79.9988
185.1849  80.2447
185.6768  81.1465
185.6768  82.0483
183.2902  92.2687
181.4957  97.8982
179.9289 100.3212
176.4402 104.2199
173.5252 106.5154
170.7287 105.8231
157.1015 124.7883
144.2485 172.5748
144.1301 181.7750
144.3396 188.7526
145.4054 190.6838
145.4782 194.1726
144.5400 203.4912
144.0845 204.9669
136.1232 216.2166
134.4380 217.9838
136.1232 217.8563
138.8377 218.3117
164.8260 229.8075
169.9545 232.5129
172.8694 234.5715

Ravalli
37
166.1377 327.3116
161.6196 312.5001
162.8493 293.5258
163.1317 281.9481
158.9506 271.2722
159.4425 255.5954
165.3999 244.4640
170.3644 240.3558
175.3744 239.5816
175.4564 239.4176
172.8694 234.5715
169.9545 232.5129
164.8260 229.8075
138.8377 218.3117
136.1232 217.8563
134.4380 217.9838
127.2144 213.8392
117.0760 204.9669
100.9801 197.5794
 97.6098 198.1077
 97.6098 198.1532
 96.8719 201.0226
 90.8417 210.5508
 89.8123 211.0062
 86.5695 211.8260
 82.9532 212.3179
 82.7072 212.6094
 82.7892 213.0193
 84.2285 220.9807
 87.0978 236.7031
110.0073 293.8537
117.1944 309.8220
121.9949 320.8714
124.8369 328.9148
125.3288 331.5018
125.0373 332.8590
124.5910 333.3054

Granite
27
211.6287 339.1808
221.6852 325.3076
224.0262 322.7934
228.6172 323.9503
229.8561 324.5242
230.6759 324.2782
225.5019 294.7555
220.9838 270.1609
220.0820 265.1600
200.1694 268.7308
198.3203 258.7107
189.3296 244.9924
182.3520 243.1979
175.3744 239.5816
170.3644 240.3558
165.3999 244.4640
159.4425 255.5954
158.9506 271.2722
163.1317 281.9481
162.8493 293.5258
161.6196 312.5001
166.1377 327.3116
168.8067 326.4917
178.8632 324.6061
195.7697 332.3216
196.8901 338.3974
202.5925 340.8204

Lewis_and_Clark
63
260.2350 463.4566
261.3463 441.1665
260.5629 432.5857
260.8909 431.4744
263.5598 425.4351
266.1468 421.3724
269.0162 419.7692
269.6356 419.6508
278.9087 420.8805
287.9450 422.7661
288.3549 422.6841
297.3092 415.2966
297.9650 412.8736
297.5551 412.2997
297.4731 409.6763
297.5915 409.4212
306.4638 403.0995
311.7562 401.1319
320.0182 399.9842
325.1011 400.2301
318.9433 362.9556
326.3764 355.6409
329.4097 353.0540
331.1405 352.8536
331.4228 353.2635
337.9905 352.1977
333.8003 327.3935
344.3214 325.5899
354.2139 306.0509
347.4367 309.4577
346.0794 309.2117
345.6331 308.9567
342.4631 305.1035
339.4298 287.1130
327.2782 287.5684
307.9395 290.8568
293.8204 281.9481
294.0663 280.0625
293.8659 279.7710
288.5644 277.1476
285.5311 276.4462
282.4431 277.6395
283.5088 280.9643
286.9156 297.6340
285.8954 304.9760
280.0291 311.1793
270.0455 312.7825
272.8056 328.4229
262.2026 330.2265
261.3008 330.1081
252.0186 331.7933
258.7958 370.0151
259.0417 371.5728
239.0107 375.1436
238.3093 375.5535
244.6766 410.8605
243.2374 410.8605
241.0239 419.9787
240.2405 424.6972
241.1878 439.2718
241.3882 440.1736
252.6380 456.5974
256.8646 461.0700

Powell
34
214.9900 429.7892
240.2405 424.6972
241.0239 419.9787
243.2374 410.8605
244.6766 410.8605
238.3093 375.5535
239.0107 375.1436
259.0417 371.5728
258.7958 370.0151
252.0186 331.7933
261.3008 330.1081
262.2026 330.2265
272.8056 328.4229
270.0455 312.7825
280.0291 311.1793
285.8954 304.9760
286.9156 297.6340
283.5088 280.9643
282.4431 277.6395
275.3835 274.3511
262.7765 270.4068
259.7796 267.9109
259.4607 266.1438
259.4152 263.1924
220.9838 270.1609
225.5019 294.7555
230.6759 324.2782
229.8561 324.5242
228.6172 323.9503
224.0262 322.7934
221.6852 325.3076
211.6287 339.1808
218.9707 379.1243
206.0357 381.4289

Lake
43
201.8182 432.2123
177.0960 436.9763
179.7194 397.7251
179.8834 397.0237
177.9523 387.0492
168.1508 383.7244
148.0652 387.5867
149.0946 392.5967
151.6815 412.7916
144.9499 414.1033
143.0188 414.9687
142.3629 415.7065
140.6413 418.9129
142.6544 424.5333
144.5036 427.4482
144.9135 427.5757
145.5693 427.2022
147.4913 430.0352
147.7828 441.8224
147.3365 442.4783
145.6058 443.2525
140.6777 444.1999
127.2964 446.8324
128.8996 463.7025
129.9198 468.6670
139.8579 466.6994
141.7890 476.4735
141.6706 479.9623
142.6089 486.6120
177.9978 479.7984
178.4533 482.9501
178.2893 483.8155
177.9158 484.3074
177.3511 484.3985
177.2235 487.1403
178.7357 488.5431
180.7943 489.8548
191.8710 487.6413
205.2979 466.5810
205.4618 465.9616
206.7827 445.7211
206.7007 442.8426
206.3272 441.0390

Missoula
42
201.8182 432.2123
214.9900 429.7892
206.0357 381.4289
218.9707 379.1243
211.6287 339.1808
202.5925 340.8204
196.8901 338.3974
195.7697 332.3216
178.8632 324.6061
168.8067 326.4917
166.1377 327.3116
124.5910 333.3054
124.2175 333.6788
122.7783 334.8721
118.5516 335.4460
116.4565 335.0361
115.1813 334.5442
113.3321 334.0523
104.5874 335.8924
104.4234 336.0199
 99.9872 347.1421
100.6067 350.3485
111.6560 360.7694
120.2368 377.6941
116.5385 385.3276
102.2554 408.8109
102.8657 412.0538
111.7380 410.9880
116.2106 409.0569
121.9585 405.8596
131.3135 398.9184
133.9096 396.2859
135.3853 392.2232
139.5300 388.0330
140.7233 387.2132
142.4085 386.5938
148.0652 387.5867
168.1508 383.7244
177.9523 387.0492
179.8834 397.0237
179.7194 397.7251
177.0960 436.9763

Mineral
41
 35.2487 457.0073
 38.0816 452.0793
 39.8852 449.9933
 43.7475 448.6725
 46.9539 447.6067
 57.6207 445.7575
 60.3352 446.4589
 60.9911 446.3770
 69.7723 444.7738
 72.2408 443.5440
 87.9996 432.4582
 91.4520 429.4613
 91.7799 426.8288
 90.3498 419.8147
 99.3405 412.7461
102.8657 412.0538
102.2554 408.8109
116.5385 385.3276
120.2368 377.6941
111.6560 360.7694
100.6067 350.3485
 99.9872 347.1421
 96.4620 347.1877
 95.9337 347.3516
 94.7859 347.6796
 82.9532 363.4839
 82.5888 364.4768
 82.5888 364.5497
 81.0220 376.4189
 78.9725 380.1992
 75.1922 387.2587
 68.5061 402.8627
 61.3645 418.9494
 60.0073 419.9423
 53.7675 422.4382
 49.4589 424.5333
 48.1017 425.7266
 46.3800 427.2022
 33.8094 444.5734
 33.7275 447.4792
 33.7275 447.5611

Sanders
71
 27.4057 540.3923
 35.6586 534.8539
 40.2131 536.2112
 49.2858 540.1919
 55.6987 527.0929
 60.1712 503.1542
 64.4434 497.2423
 65.2633 496.5865
 79.5464 490.7931
 87.5533 492.6058
 91.4064 497.0784
 92.2354 503.3637
103.4032 501.0591
104.7513 499.0550
101.7180 484.1890
111.7380 482.1758
118.4697 481.0281
131.8510 478.4775
129.9198 468.6670
128.8996 463.7025
127.2964 446.8324
140.6777 444.1999
145.6058 443.2525
147.3365 442.4783
147.7828 441.8224
147.4913 430.0352
145.5693 427.2022
144.9135 427.5757
144.5036 427.4482
142.6544 424.5333
140.6413 418.9129
142.3629 415.7065
143.0188 414.9687
144.9499 414.1033
151.6815 412.7916
149.0946 392.5967
148.0652 387.5867
142.4085 386.5938
140.7233 387.2132
139.5300 388.0330
135.3853 392.2232
133.9096 396.2859
131.3135 398.9184
121.9585 405.8596
116.2106 409.0569
111.7380 410.9880
102.8657 412.0538
 99.3405 412.7461
 90.3498 419.8147
 91.7799 426.8288
 91.4520 429.4613
 87.9996 432.4582
 72.2408 443.5440
 69.7723 444.7738
 60.9911 446.3770
 60.3352 446.4589
 57.6207 445.7575
 46.9539 447.6067
 43.7475 448.6725
 39.8852 449.9933
 38.0816 452.0793
 35.2487 457.0073
 37.5077 462.1449
 40.1767 468.9129
 40.2131 475.4897
 40.2131 475.9361
 40.1767 476.0636
 40.0492 476.3460
 39.9308 476.7559
 24.1264 508.9476
 21.7034 513.2562

Lincoln
29
 34.4289 573.0303
 46.5440 629.7255
107.6754 616.7176
141.5795 609.9404
147.8193 608.7107
147.7009 592.5329
151.1077 578.9421
151.1077 578.6142
146.9266 568.4301
127.6608 572.2560
127.3784 565.5972
128.6901 561.9445
120.8927 522.3289
109.3150 524.6699
107.5114 524.9978
105.4527 515.1053
103.4032 501.0591
 92.2354 503.3637
 91.4064 497.0784
 87.5533 492.6058
 79.5464 490.7931
 65.2633 496.5865
 64.4434 497.2423
 60.1712 503.1542
 55.6987 527.0929
 49.2858 540.1919
 40.2131 536.2112
 35.6586 534.8539
 27.4057 540.3923

Flathead
63
198.4478 598.6542
199.8779 578.5777
203.1299 576.2822
219.8725 564.2855
235.1029 538.2972
234.6930 536.4571
234.1647 535.2183
232.2336 528.5322
237.2891 513.7936
239.2111 509.4759
246.0339 497.2879
245.2960 492.4418
245.4964 491.7860
252.6835 486.8579
253.1754 486.5300
253.7493 486.3205
260.6449 484.1890
261.4283 484.3529
260.2350 463.4566
256.8646 461.0700
252.6380 456.5974
241.3882 440.1736
241.1878 439.2718
240.2405 424.6972
214.9900 429.7892
201.8182 432.2123
206.3272 441.0390
206.7007 442.8426
206.7827 445.7211
205.4618 465.9616
205.2979 466.5810
191.8710 487.6413
180.7943 489.8548
178.7357 488.5431
177.2235 487.1403
177.3511 484.3985
177.9158 484.3074
178.2893 483.8155
178.4533 482.9501
177.9978 479.7984
142.6089 486.6120
141.6706 479.9623
141.7890 476.4735
139.8579 466.6994
129.9198 468.6670
131.8510 478.4775
118.4697 481.0281
111.7380 482.1758
101.7180 484.1890
104.7513 499.0550
103.4032 501.0591
105.4527 515.1053
107.5114 524.9978
109.3150 524.6699
120.8927 522.3289
128.6901 561.9445
127.3784 565.5972
127.6608 572.2560
146.9266 568.4301
151.1077 578.6142
151.1077 578.9421
147.7009 592.5329
147.8193 608.7107

Glacier
21
333.2720 512.4728
331.1405 513.3382
328.2255 514.0760
302.8931 518.4666
299.3952 498.9275
299.0672 498.6451
239.2111 509.4759
237.2891 513.7936
232.2336 528.5322
234.1647 535.2183
234.6930 536.4571
235.1029 538.2972
219.8725 564.2855
203.1299 576.2822
199.8779 578.5777
198.4478 598.6542
205.9993 597.1786
227.3055 592.9428
271.6852 584.8175
279.9016 583.3782
342.8366 572.2104

Liberty
13
414.0700 560.2593
454.8333 553.8191
452.7382 544.2545
446.5804 504.3474
443.5471 487.8873
439.8943 464.5588
434.3104 465.4241
432.7528 455.4952
387.1343 462.6732
388.7830 472.6932
399.2858 471.0080
405.6896 510.8696
412.5487 550.6582

Toole
16
333.2720 512.4728
342.8366 572.2104
369.0344 567.7378
376.1396 566.5081
395.7151 563.2653
414.0700 560.2593
412.5487 550.6582
405.6896 510.8696
399.2858 471.0080
388.7830 472.6932
368.6245 476.0181
371.1660 490.9570
361.6014 495.9306
354.2503 498.9275
346.6989 500.3668
333.8914 511.1246

Pondera
27
239.2111 509.4759
299.0672 498.6451
299.3952 498.9275
302.8931 518.4666
328.2255 514.0760
331.1405 513.3382
333.2720 512.4728
333.8914 511.1246
346.6989 500.3668
354.2503 498.9275
361.6014 495.9306
371.1660 490.9570
368.6245 476.0181
388.7830 472.6932
387.1343 462.6732
384.4653 446.0035
339.2658 453.2361
340.0856 457.9547
326.9503 472.6112
261.4283 484.3529
260.6449 484.1890
253.7493 486.3205
253.1754 486.5300
252.6835 486.8579
245.4964 491.7860
245.2960 492.4418
246.0339 497.2879

Teton
30
261.4283 484.3529
326.9503 472.6112
340.0856 457.9547
339.2658 453.2361
384.4653 446.0035
378.9634 412.7461
358.6409 416.0800
357.0013 406.0964
336.8063 409.5123
333.1900 397.6431
325.1011 400.2301
320.0182 399.9842
311.7562 401.1319
306.4638 403.0995
297.5915 409.4212
297.4731 409.6763
297.5551 412.2997
297.9650 412.8736
297.3092 415.2966
288.3549 422.6841
287.9450 422.7661
278.9087 420.8805
269.6356 419.6508
269.0162 419.7692
266.1468 421.3724
263.5598 425.4351
260.8909 431.4744
260.5629 432.5857
261.3463 441.1665
260.2350 463.4566

Cascade
37
325.1011 400.2301
333.1900 397.6431
336.8063 409.5123
357.0013 406.0964
358.6409 416.0800
378.9634 412.7461
413.0862 407.3352
410.3808 403.9284
408.6956 402.2432
405.9446 398.0986
405.4527 396.6958
405.8171 395.7575
424.8643 375.5990
434.5928 370.5890
433.6090 363.9758
423.4706 365.5790
420.8471 359.8767
419.8178 353.2179
418.2966 335.2365
428.3986 333.6333
426.0576 313.6843
424.4999 303.6643
422.9331 302.3070
415.2633 310.5690
404.9973 323.6588
404.1774 324.3602
393.1372 333.1869
355.4436 334.0523
353.7584 324.0323
344.3214 325.5899
333.8003 327.3935
337.9905 352.1977
331.4228 353.2635
331.1405 352.8536
329.4097 353.0540
326.3764 355.6409
318.9433 362.9556

Meagher
24
344.3214 325.5899
353.7584 324.0323
355.4436 334.0523
393.1372 333.1869
404.1774 324.3602
404.9973 323.6588
415.2633 310.5690
422.9331 302.3070
422.8147 299.6836
423.1426 298.3719
423.7985 296.9782
424.6183 295.8669
436.5695 283.3418
443.8750 283.2234
451.3081 284.5806
447.9377 262.4090
444.5764 244.5916
442.0259 227.9128
441.4156 223.7317
400.9710 230.9188
378.5170 234.5351
377.9796 241.4216
374.2904 265.3239
354.2139 306.0509

Park
34
400.9710 230.9188
441.4156 223.7317
439.6484 217.9838
433.5271 177.5484
439.3569 176.6830
436.4055 155.4588
432.3429 129.0514
431.0220 126.1456
427.9887 105.6956
441.4975 103.5641
463.2137  99.8293
460.3808  80.6091
441.6615  83.5240
434.7568  84.5989
425.4837  85.0452
398.1836  88.7435
397.9741  88.7800
385.6130  90.7111
382.0058  91.9499
371.7854  94.0359
357.9486  96.1766
359.5427 107.7543
360.9820 116.5355
364.9262 136.6940
374.7823 135.1363
376.4219 145.2748
377.8156 155.3312
383.2720 157.4263
389.1474 161.2886
393.1372 183.9066
394.8497 194.2090
396.1705 202.6714
396.7808 208.7472
399.5318 225.1709

Hill
17
454.8333 553.8191
551.9366 539.5269
548.9397 524.4695
547.0086 514.1124
543.6017 489.9368
538.0179 458.5285
534.2011 440.4651
529.1456 440.9206
519.0071 442.3507
520.5283 452.5803
512.6489 463.7025
451.6360 472.9392
450.0783 462.9647
439.8943 464.5588
443.5471 487.8873
446.5804 504.3474
452.7382 544.2545

Chouteau
32
439.8943 464.5588
450.0783 462.9647
451.6360 472.9392
512.6489 463.7025
520.5283 452.5803
519.0071 442.3507
529.1456 440.9206
534.2011 440.4651
527.3055 394.8102
524.0991 396.2859
516.2106 395.8760
507.1835 394.1543
502.5833 390.3012
502.6289 387.6231
499.8779 376.1729
499.6320 375.6355
497.5005 374.0323
472.4504 364.8867
468.4241 365.4515
434.5928 370.5890
424.8643 375.5990
405.8171 395.7575
405.4527 396.6958
405.9446 398.0986
408.6956 402.2432
410.3808 403.9284
413.0862 407.3352
378.9634 412.7461
384.4653 446.0035
387.1343 462.6732
432.7528 455.4952
434.3104 465.4241

Judith_Basin
32
434.5928 370.5890
468.4241 365.4515
467.4039 358.8109
473.2702 351.4599
482.3429 342.9155
492.2809 339.7546
500.7342 333.3965
495.9792 299.8931
493.3467 276.3187
487.4349 277.1476
483.9096 279.6526
478.8541 283.6333
478.1162 284.5806
476.4310 285.7739
469.6174 286.4207
465.5547 286.3843
451.3081 284.5806
443.8750 283.2234
436.5695 283.3418
424.6183 295.8669
423.7985 296.9782
423.1426 298.3719
422.8147 299.6836
422.9331 302.3070
424.4999 303.6643
426.0576 313.6843
428.3986 333.6333
418.2966 335.2365
419.8178 353.2179
420.8471 359.8767
423.4706 365.5790
433.6090 363.9758

Wheatland
16
493.3467 276.3187
521.9676 272.2196
519.7905 256.7431
513.0588 217.3735
492.7364 220.2884
442.0259 227.9128
444.5764 244.5916
447.9377 262.4090
451.3081 284.5806
465.5547 286.3843
469.6174 286.4207
476.4310 285.7739
478.1162 284.5806
478.8541 283.6333
483.9096 279.6526
487.4349 277.1476

Sweet_Grass
24
442.0259 227.9128
492.7364 220.2884
491.2971 210.1864
493.8021 199.5105
508.9871 197.2514
507.5934 190.8933
502.9568 188.0148
495.4418 178.6142
492.7728 168.5941
490.0219 148.3536
479.9654 149.7929
469.1255 146.2585
458.3312 142.6878
455.3343 122.4837
444.6129 124.0869
441.4975 103.5641
427.9887 105.6956
431.0220 126.1456
432.3429 129.0514
436.4055 155.4588
439.3569 176.6830
433.5271 177.5484
439.6484 217.9838
441.4156 223.7317

Carbon
38
548.7757 140.3467
552.7564 142.6513
554.1501 142.8882
553.7038 139.8913
552.8384 138.2516
552.1825 137.2223
551.8546 137.1494
554.1137 129.2154
558.2948 121.6639
562.6489 121.0900
559.1146 117.8927
556.3636 108.3281
554.3141  93.0066
601.3627  87.1403
600.6704  85.6191
588.0270  62.6641
557.3565  66.8178
531.8601  70.1882
520.9747  71.6639
519.2986  71.9007
504.0226  74.6972
460.3808  80.6091
463.2137  99.8293
472.0404  98.5085
475.5292 109.1480
483.2538 116.6630
489.7304 122.6112
493.5926 125.4897
504.4325 129.1425
517.8958 127.2114
524.0171 133.3236
524.5455 137.1859
527.3420 140.0188
537.8539 142.4874
538.7101 142.2414
541.1787 140.5107
543.0643 140.1008
544.6675 139.8913

Stillwater
35
550.4154 201.8515
548.9761 192.2414
547.8284 181.7750
544.7950 149.3739
546.0248 145.8031
548.7757 140.3467
544.6675 139.8913
543.0643 140.1008
541.1787 140.5107
538.7101 142.2414
537.8539 142.4874
527.3420 140.0188
524.5455 137.1859
524.0171 133.3236
517.8958 127.2114
504.4325 129.1425
493.5926 125.4897
489.7304 122.6112
483.2538 116.6630
475.5292 109.1480
472.0404  98.5085
463.2137  99.8293
441.4975 103.5641
444.6129 124.0869
455.3343 122.4837
458.3312 142.6878
469.1255 146.2585
479.9654 149.7929
490.0219 148.3536
492.7728 168.5941
495.4418 178.6142
502.9568 188.0148
507.5934 190.8933
508.9871 197.2514
510.5994 207.3899

Golden_Valley
16
553.3758 274.5606
551.3627 259.6125
552.3010 254.3566
557.6025 243.1068
564.4161 217.0456
562.1206 200.2848
550.4154 201.8515
510.5994 207.3899
508.9871 197.2514
493.8021 199.5105
491.2971 210.1864
492.7364 220.2884
513.0588 217.3735
519.7905 256.7431
521.9676 272.2196
522.9149 278.8692

Fergus
49
527.3055 394.8102
535.9683 391.3578
545.3325 394.4458
547.4549 395.8760
571.2753 396.2039
572.5870 395.9579
575.5019 394.0724
578.4168 387.1312
581.9876 384.8357
583.7548 383.1869
586.0503 379.9077
586.1687 379.1243
585.8863 378.5140
587.7355 375.1800
594.0117 371.4908
618.7338 361.9627
619.5901 361.8443
620.8654 362.2086
621.9311 363.5659
619.0162 343.0795
617.6681 332.4855
615.8553 331.8752
595.7424 334.3802
584.7841 331.5837
582.0696 321.8096
580.7123 311.8352
590.9328 310.4415
586.7061 280.1809
583.7548 270.2884
553.3758 274.5606
522.9149 278.8692
521.9676 272.2196
493.3467 276.3187
495.9792 299.8931
500.7342 333.3965
492.2809 339.7546
482.3429 342.9155
473.2702 351.4599
467.4039 358.8109
468.4241 365.4515
472.4504 364.8867
497.5005 374.0323
499.6320 375.6355
499.8779 376.1729
502.6289 387.6231
502.5833 390.3012
507.1835 394.1543
516.2106 395.8760
524.0991 396.2859

Blaine
34
534.2011 440.4651
538.0179 458.5285
543.6017 489.9368
547.0086 514.1124
548.9397 524.4695
551.9366 539.5269
560.1075 538.3791
585.1849 534.7628
589.8306 534.0705
590.2769 534.0250
625.3015 529.3065
629.6101 528.7326
649.1128 526.1911
648.7029 522.9483
647.6371 516.3351
643.4833 496.7960
631.0949 462.8827
630.4300 463.2926
627.6061 463.9485
626.9412 462.2633
621.9767 438.2881
618.2784 410.2502
599.8051 406.2239
598.7393 406.6338
581.6141 408.8474
580.5939 402.8627
578.4168 387.1312
575.5019 394.0724
572.5870 395.9579
571.2753 396.2039
547.4549 395.8760
545.3325 394.4458
535.9683 391.3578
527.3055 394.8102

Phillips
58
578.4168 387.1312
580.5939 402.8627
581.6141 408.8474
598.7393 406.6338
599.8051 406.2239
618.2784 410.2502
621.9767 438.2881
626.9412 462.2633
627.6061 463.9485
630.4300 463.2926
631.0949 462.8827
643.4833 496.7960
647.6371 516.3351
648.7029 522.9483
649.1128 526.1911
731.2224 516.0527
727.9796 506.2786
723.7530 470.8076
715.3726 436.6029
706.8373 437.6777
702.6927 426.3369
697.2272 387.8326
694.6857 367.1367
693.7748 363.4019
692.2172 360.2046
691.8164 359.7127
691.2789 359.4577
687.3347 360.0771
680.5210 363.7299
679.5737 364.0578
676.3308 364.4768
671.4848 362.2086
667.9960 357.0346
665.1266 353.8829
655.9264 344.3092
652.5196 343.8993
652.0277 344.0632
652.5651 348.3810
651.9913 355.9324
651.5813 358.0640
648.5389 360.4870
647.8375 360.8605
637.9085 362.4181
635.3216 362.0902
631.9512 362.1722
624.2722 362.7916
622.4686 363.1560
621.9311 363.5659
620.8654 362.2086
619.5901 361.8443
618.7338 361.9627
594.0117 371.4908
587.7355 375.1800
585.8863 378.5140
586.1687 379.1243
586.0503 379.9077
583.7548 383.1869
581.9876 384.8357

Petroleum
32
621.9311 363.5659
622.4686 363.1560
624.2722 362.7916
631.9512 362.1722
635.3216 362.0902
637.9085 362.4181
647.8375 360.8605
648.5389 360.4870
651.5813 358.0640
651.9913 355.9324
652.5651 348.3810
652.0277 344.0632
646.2434 333.4329
644.4762 321.6457
641.1514 278.4957
641.1878 277.8035
641.4793 277.4300
644.1938 274.6790
644.6402 274.4331
648.4114 262.6914
612.9404 266.9636
603.9953 267.6194
583.7548 270.2884
586.7061 280.1809
590.9328 310.4415
580.7123 311.8352
582.0696 321.8096
584.7841 331.5837
595.7424 334.3802
615.8553 331.8752
617.6681 332.4855
619.0162 343.0795

Musselshell
19
553.3758 274.5606
583.7548 270.2884
603.9953 267.6194
612.9404 266.9636
648.4114 262.6914
648.3749 232.0210
646.8537 220.3249
635.0301 221.8096
627.4422 215.8523
625.5930 212.6914
624.8916 207.5539
601.3263 210.6327
594.1028 208.3008
592.4995 196.2677
562.1206 200.2848
564.4161 217.0456
557.6025 243.1068
552.3010 254.3566
551.3627 259.6125

Yellowstone
41
648.3749 232.0210
651.6178 229.9350
653.1390 228.0403
659.9526 213.5477
667.6316 192.0775
665.5821 181.8935
663.7329 176.6830
650.5065 178.3227
639.6302 172.8663
635.7679 169.9058
635.1940 166.6174
631.5868 163.9120
618.0324 165.3513
614.5892 152.1339
610.5629 121.2176
589.5026 117.1093
578.9907 118.5030
562.6489 121.0900
558.2948 121.6639
554.1137 129.2154
551.8546 137.1494
552.1825 137.2223
552.8384 138.2516
553.7038 139.8913
554.1501 142.8882
552.7564 142.6513
548.7757 140.3467
546.0248 145.8031
544.7950 149.3739
547.8284 181.7750
548.9761 192.2414
550.4154 201.8515
562.1206 200.2848
592.4995 196.2677
594.1028 208.3008
601.3263 210.6327
624.8916 207.5539
625.5930 212.6914
627.4422 215.8523
635.0301 221.8096
646.8537 220.3249

Big_Horn
41
707.9851 150.9862
707.4476 146.5045
707.6116 129.0514
712.9131 127.5757
720.7925 126.6375
722.4412 126.0181
718.2146  88.5340
715.3361  82.1303
712.7491  68.8310
732.9441  66.0345
743.1736  65.1327
753.0297  64.3493
752.0004  42.4691
700.3516  48.5085
684.5017  50.4396
680.1111  51.3414
640.9783  56.1419
615.9829  59.2573
588.0270  62.6641
600.6704  85.6191
601.3627  87.1403
554.3141  93.0066
556.3636 108.3281
559.1146 117.8927
562.6489 121.0900
578.9907 118.5030
589.5026 117.1093
610.5629 121.2176
614.5892 152.1339
618.0324 165.3513
631.5868 163.9120
635.1940 166.6174
635.7679 169.9058
639.6302 172.8663
650.5065 178.3227
663.7329 176.6830
670.7925 175.8177
669.5628 165.7612
689.7941 163.3382
693.5744 157.7907
698.7484 152.0519

Treasure
15
651.6178 229.9350
697.1907 224.4695
707.8211 212.9738
711.5558 182.0210
707.9851 150.9862
698.7484 152.0519
693.5744 157.7907
689.7941 163.3382
669.5628 165.7612
670.7925 175.8177
663.7329 176.6830
665.5821 181.8935
667.6316 192.0775
659.9526 213.5477
653.1390 228.0403

Rosebud
39
644.6402 274.4331
678.7994 270.2064
680.3935 270.6164
683.4815 270.5799
686.2234 270.2884
738.9014 264.1307
741.7708 262.6459
747.6917 261.4161
789.6848 256.9436
786.7335 255.5134
782.9167 228.6142
779.6283 215.3148
776.7134 188.1332
776.6679 185.0999
774.8278 178.4502
772.3593 175.2893
767.9322 134.6808
764.4799 135.0088
762.4668 115.9252
758.8504  94.7738
755.2068  84.2618
753.0297  64.3493
743.1736  65.1327
732.9441  66.0345
712.7491  68.8310
715.3361  82.1303
718.2146  88.5340
722.4412 126.0181
720.7925 126.6375
712.9131 127.5757
707.6116 129.0514
707.4476 146.5045
707.9851 150.9862
711.5558 182.0210
707.8211 212.9738
697.1907 224.4695
651.6178 229.9350
648.3749 232.0210
648.4114 262.6914

Garfield
49
777.1689 388.8164
781.9330 388.2789
788.4915 377.1203
784.2649 337.7871
781.5595 331.2558
779.0545 317.8290
789.2294 316.7632
787.1069 296.6047
793.7930 295.8669
789.8488 258.5923
789.6848 256.9436
747.6917 261.4161
741.7708 262.6459
738.9014 264.1307
686.2234 270.2884
683.4815 270.5799
680.3935 270.6164
678.7994 270.2064
644.6402 274.4331
644.1938 274.6790
641.4793 277.4300
641.1878 277.8035
641.1514 278.4957
644.4762 321.6457
646.2434 333.4329
652.0277 344.0632
652.5196 343.8993
655.9264 344.3092
665.1266 353.8829
667.9960 357.0346
671.4848 362.2086
676.3308 364.4768
679.5737 364.0578
680.5210 363.7299
687.3347 360.0771
691.2789 359.4577
691.8164 359.7127
692.2172 360.2046
693.7748 363.4019
694.6857 367.1367
707.5387 362.0447
724.9007 359.8767
726.0940 359.9131
733.5635 360.1591
735.5402 360.4050
736.9339 360.8149
757.1288 371.7368
770.6832 389.7637
774.7094 390.6655

Daniels
13
814.2795 506.6521
896.3983 498.3536
895.4054 488.1332
894.0117 457.8727
899.1401 457.3352
898.1927 447.3152
832.9987 453.7645
820.1093 455.1673
816.7389 462.2268
819.1620 485.6646
808.9871 486.7304
810.0893 496.7504
812.5214 499.9569

Valley
38
814.2795 506.6521
812.5214 499.9569
810.0893 496.7504
808.9871 486.7304
819.1620 485.6646
816.7389 462.2268
820.1093 455.1673
832.9987 453.7645
828.8905 413.9394
825.8207 414.2673
823.2702 390.0917
817.1944 389.9641
792.9732 395.1837
791.8255 395.7120
789.8124 397.8071
780.4482 401.0044
779.9107 400.7676
779.4279 400.2301
778.3166 398.7089
777.2053 395.8395
777.1689 388.8164
774.7094 390.6655
770.6832 389.7637
757.1288 371.7368
736.9339 360.8149
735.5402 360.4050
733.5635 360.1591
726.0940 359.9131
724.9007 359.8767
707.5387 362.0447
694.6857 367.1367
697.2272 387.8326
702.6927 426.3369
706.8373 437.6777
715.3726 436.6029
723.7530 470.8076
727.9796 506.2786
731.2224 516.0527

McCone
39
875.2013 391.3214
874.5546 383.7244
873.1153 370.0971
869.8360 368.7399
868.9707 359.7492
858.7411 360.7329
855.5803 340.6200
852.3010 330.7184
848.3203 290.3285
814.1155 293.7353
813.0953 283.5058
809.6429 283.8337
802.8657 284.5806
803.9315 294.8011
793.7930 295.8669
787.1069 296.6047
789.2294 316.7632
779.0545 317.8290
781.5595 331.2558
784.2649 337.7871
788.4915 377.1203
781.9330 388.2789
777.1689 388.8164
777.2053 395.8395
778.3166 398.7089
779.4279 400.2301
779.9107 400.7676
780.4482 401.0044
789.8124 397.8071
791.8255 395.7120
792.9732 395.1837
817.1944 389.9641
823.2702 390.0917
835.5857 393.8628
839.8579 396.2039
843.7566 396.3314
858.1217 396.1219
863.9971 395.8760
870.7287 394.5642

Prairie
30
793.7930 295.8669
803.9315 294.8011
802.8657 284.5806
809.6429 283.8337
813.0953 283.5058
814.1155 293.7353
848.3203 290.3285
854.8424 289.6635
852.4649 265.8887
862.7674 264.9140
872.3684 257.1440
873.8896 255.3859
875.3653 252.8809
875.0829 250.1299
909.2421 246.8871
907.1106 226.4006
906.7827 223.0303
896.6351 223.9776
896.1887 218.9312
886.0047 219.8330
883.8732 214.9505
875.0009 212.3999
854.3870 214.4495
837.7992 219.5870
834.9754 223.3218
830.9127 230.5544
829.5555 240.8933
827.2509 251.4052
810.2532 256.4517
789.8488 258.5923

Powder_River
16
767.9322 134.6808
866.8665 124.4604
863.1317  84.1798
861.6560  73.6770
857.4294  74.0414
853.4852  32.9046
849.2585  33.3145
786.4875  39.5998
780.5757  39.9277
771.7398  40.3376
752.0004  42.4691
753.0297  64.3493
755.2068  84.2618
758.8504  94.7738
762.4668 115.9252
764.4799 135.0088

Custer
30
789.8488 258.5923
810.2532 256.4517
827.2509 251.4052
829.5555 240.8933
830.9127 230.5544
834.9754 223.3218
837.7992 219.5870
854.3870 214.4495
875.0009 212.3999
883.8732 214.9505
886.0047 219.8330
896.1887 218.9312
894.7495 203.7007
880.7488 205.0124
879.6010 192.4874
879.6830 187.6413
880.5393 185.1363
878.5808 164.5315
874.2175 164.9414
870.4008 124.1325
866.8665 124.4604
767.9322 134.6808
772.3593 175.2893
774.8278 178.4502
776.6679 185.0999
776.7134 188.1332
779.6283 215.3148
782.9167 228.6142
786.7335 255.5134
789.6848 256.9436

Carter
18
878.5808 164.5315
899.6411 162.5183
908.6227 160.6692
913.1044 151.7605
917.2126 141.4580
924.2722 140.5107
938.1089 139.4449
937.2436 129.3065
944.6311 128.6506
938.3093  50.3485
934.7386  25.2256
853.4852  32.9046
857.4294  74.0414
861.6560  73.6770
863.1317  84.1798
866.8665 124.4604
870.4008 124.1325
874.2175 164.9414

Fallon
25
896.1887 218.9312
896.6351 223.9776
906.7827 223.0303
907.1106 226.4006
922.3775 225.0525
927.3875 222.9119
927.0960 219.5050
952.0641 217.3735
951.0803 205.6227
948.4478 175.1982
945.1685 136.0745
944.6311 128.6506
937.2436 129.3065
938.1089 139.4449
924.2722 140.5107
917.2126 141.4580
913.1044 151.7605
908.6227 160.6692
899.6411 162.5183
878.5808 164.5315
880.5393 185.1363
879.6830 187.6413
879.6010 192.4874
880.7488 205.0124
894.7495 203.7007

Wibaux
20
959.5792 305.4314
958.8778 297.5885
952.0641 217.3735
927.0960 219.5050
927.3875 222.9119
922.3775 225.0525
907.1106 226.4006
909.2421 246.8871
917.8594 246.1128
923.2793 249.0186
925.1284 250.5398
932.9714 261.7896
935.1120 265.8887
935.8863 275.2165
935.6859 282.0301
935.4764 283.7517
934.8206 286.3478
929.1091 303.0540
952.2281 300.9589
952.6744 306.0509

Dawson
29
868.9707 359.7492
867.9413 349.6471
888.3822 347.6796
887.3620 337.5411
918.0324 334.6626
923.5343 323.9867
921.6852 303.7098
929.1091 303.0540
934.8206 286.3478
935.4764 283.7517
935.6859 282.0301
935.8863 275.2165
935.1120 265.8887
932.9714 261.7896
925.1284 250.5398
923.2793 249.0186
917.8594 246.1128
909.2421 246.8871
875.0829 250.1299
875.3653 252.8809
873.8896 255.3859
872.3684 257.1440
862.7674 264.9140
852.4649 265.8887
854.8424 289.6635
848.3203 290.3285
852.3010 330.7184
855.5803 340.6200
858.7411 360.7329

Richland
24
965.5274 374.9796
959.5792 305.4314
952.6744 306.0509
952.2281 300.9589
929.1091 303.0540
921.6852 303.7098
923.5343 323.9867
918.0324 334.6626
887.3620 337.5411
888.3822 347.6796
867.9413 349.6471
868.9707 359.7492
869.8360 368.7399
873.1153 370.0971
874.5546 383.7244
875.2013 391.3214
881.0767 390.1736
890.7233 390.1372
892.4085 390.9935
894.9499 392.9246
897.0450 395.7120
901.6907 397.5976
934.9390 389.2263
950.4609 380.1992

