874 800

Chicot
26
621.3808 147.7680
623.8036 141.0727
624.0327 140.9417
632.9707 134.8521
640.2717 129.9247
641.6632 124.9974
639.5351 120.7903
630.4498 118.1384
639.3059  92.8140
645.2809  81.9771
649.8645  77.1152
650.3720  61.0727
650.3720  60.8926
644.8390  37.9256
644.6916  37.7782
639.5351  31.9505
638.1109  30.3299
620.7096  29.6587
590.6053  28.4310
586.2509  28.1854
582.9441 109.2658
581.8310 146.2947
599.9853 147.1950
600.9511 140.8435
605.7311 137.9133
618.6470 138.2570

Ashley
11
489.4553 107.0723
582.9441 109.2658
586.2509  28.1854
479.0440  23.8310
465.6206  56.1617
469.7458  66.7694
476.2611  75.2654
483.9877  81.5188
487.4745  82.4846
492.5492  86.7735
494.9065 103.0780

Pope
14
329.2097 594.8316
329.6517 566.3643
323.6603 557.7864
324.0368 539.4193
318.3564 477.1316
296.6008 474.7907
251.9435 506.2865
248.3585 508.2837
247.9656 538.6008
251.0759 538.6827
260.2922 548.4064
269.0665 566.3643
268.7882 594.2423
305.0804 594.4388

Newton
10
303.5253 677.5327
305.0804 594.4388
268.7882 594.2423
208.2030 599.9063
206.7297 612.6913
206.8115 625.0015
210.5602 634.2996
215.7986 643.5159
212.9339 676.9434
243.3165 677.0088

Madison
20
155.1479 714.1359
181.8637 714.0377
186.4309 708.8157
188.7227 700.4834
188.7227 692.5112
190.2124 689.4828
194.8615 683.0002
200.8201 676.9434
212.9339 676.9434
215.7986 643.5159
210.5602 634.2996
206.8115 625.0015
206.7297 612.6913
208.2030 599.9063
178.0986 600.2828
141.6591 597.5491
132.8029 597.5491
132.8029 612.9696
134.4236 667.8744
143.2633 698.6499

Franklin
12
141.6591 597.5491
178.0986 600.2828
177.7385 516.6160
124.0123 481.1259
115.0906 530.1212
117.7426 531.5290
120.9183 541.6947
123.2920 553.7921
123.7995 576.2517
141.6591 591.3612
144.7530 594.4388
144.8185 597.5491

Johnson
12
178.0986 600.2828
208.2030 599.9063
268.7882 594.2423
269.0665 566.3643
260.2922 548.4064
251.0759 538.6827
247.9656 538.6008
248.3585 508.2837
217.6648 525.8977
210.4129 523.0330
197.4152 518.8914
177.7385 516.6160

Logan
19
177.7385 516.6160
197.4152 518.8914
210.4129 523.0330
217.6648 525.8977
248.3585 508.2837
251.9435 506.2865
252.2545 484.0070
217.5011 476.1822
187.0202 468.5865
179.5883 465.5744
179.5883 446.8144
180.4559 441.1341
144.2292 440.9213
116.9241 441.1341
105.2850 447.1091
105.2850 456.4891
105.3505 465.7872
123.8813 465.5744
124.0123 481.1259

Yell
17
251.9435 506.2865
296.6008 474.7907
318.3564 477.1316
294.1616 456.4236
280.2799 443.5732
267.5277 431.2630
261.6836 424.7477
252.9093 412.7322
253.5805 390.6655
235.4426 383.8065
180.9142 382.8570
180.4559 441.1341
179.5883 446.8144
179.5883 465.5744
187.0202 468.5865
217.5011 476.1822
252.2545 484.0070

Perry
36
294.1616 456.4236
349.4266 457.1603
363.7995 458.5517
366.5332 459.0755
368.7432 459.8777
377.3210 466.9659
378.1232 466.1310
379.7438 461.7930
379.9730 459.8122
379.3182 454.6393
378.5652 452.7895
377.2392 450.8906
375.3239 448.8771
372.6065 446.5853
371.4115 445.1120
370.6585 442.6074
371.3133 440.0373
373.3104 436.7142
375.1111 435.1590
377.1573 433.9804
380.2513 433.0309
375.1111 429.4787
362.4735 426.3029
344.6302 422.8325
344.7612 410.5877
347.4295 410.6696
345.7270 406.8881
331.9271 410.5222
307.6669 410.5222
289.8891 409.7856
290.2492 391.4840
253.5805 390.6655
252.9093 412.7322
261.6836 424.7477
267.5277 431.2630
280.2799 443.5732

Conway
10
324.0368 539.4193
387.5032 540.0741
387.8633 521.5597
377.3210 466.9659
368.7432 459.8777
366.5332 459.0755
363.7995 458.5517
349.4266 457.1603
294.1616 456.4236
318.3564 477.1316

Faulkner
24
451.0841 522.8038
452.2791 459.8777
452.4755 448.3860
434.1739 448.0749
428.8046 429.5441
393.8220 429.1840
380.2513 433.0309
377.1573 433.9804
375.1111 435.1590
373.3104 436.7142
371.3133 440.0373
370.6585 442.6074
371.4115 445.1120
372.6065 446.5853
375.3239 448.8771
377.2392 450.8906
378.5652 452.7895
379.3182 454.6393
379.9730 459.8122
379.7438 461.7930
378.1232 466.1310
377.3210 466.9659
387.8633 521.5597
426.9711 522.0672

Van_Buren
11
395.5408 611.2835
426.1363 596.1576
426.9711 522.0672
387.8633 521.5597
387.5032 540.0741
324.0368 539.4193
323.6603 557.7864
329.6517 566.3643
329.2097 594.8316
359.6087 594.9790
359.3141 610.3831

Searcy
10
303.5253 677.5327
312.6761 677.5982
321.9742 668.5456
394.2148 669.5605
394.4277 651.0297
395.5408 611.2835
359.3141 610.3831
359.6087 594.9790
329.2097 594.8316
305.0804 594.4388

Stone
14
430.2124 685.8650
450.4129 670.4445
451.3951 669.7078
454.4727 665.9591
454.5545 664.9933
450.2820 651.1279
483.1692 634.8071
491.2232 631.9260
494.8410 597.4836
426.1363 596.1576
395.5408 611.2835
394.4277 651.0297
412.6638 651.3244
430.5071 670.2153

Cleburne
7
494.8410 597.4836
503.7626 561.5515
504.2210 544.8705
495.5122 523.7696
451.0841 522.8038
426.9711 522.0672
426.1363 596.1576

White
16
503.7626 561.5515
540.0057 562.4191
580.9306 544.9524
567.0653 527.8294
566.6233 515.1427
566.9998 513.8167
571.6489 507.3997
567.9492 474.6270
564.3315 469.7488
507.0039 454.5574
482.6617 456.7674
474.6241 459.5830
452.2791 459.8777
451.0841 522.8038
495.5122 523.7696
504.2210 544.8705

Independence
15
574.5136 640.7166
601.4422 641.9116
600.4927 638.2120
598.7903 633.1865
594.0757 622.2022
579.8502 590.3954
576.2161 563.2376
553.1999 562.5010
540.0057 562.4191
503.7626 561.5515
494.8410 597.4836
491.2232 631.9260
514.1084 648.7543
556.0810 649.6383
556.3102 640.1928

Jackson
16
601.4422 641.9116
629.7131 642.3373
630.9081 604.7846
633.3964 548.4064
634.3622 529.5810
598.1518 528.4187
596.9568 547.1623
580.3413 546.1310
580.9306 544.9524
540.0057 562.4191
553.1999 562.5010
576.2161 563.2376
579.8502 590.3954
594.0757 622.2022
598.7903 633.1865
600.4927 638.2120

Woodruff
21
580.9306 544.9524
580.3413 546.1310
596.9568 547.1623
598.1518 528.4187
634.3622 529.5810
636.1301 485.8568
619.3837 453.9518
604.2742 453.5261
596.5803 449.1062
595.1889 442.6074
595.4017 433.6203
582.6986 433.0309
582.1256 462.6115
565.6902 461.8748
564.8553 464.2157
564.3315 469.7488
567.9492 474.6270
571.6489 507.3997
566.9998 513.8167
566.6233 515.1427
567.0653 527.8294

St._Francis
10
728.5713 490.0475
746.1363 491.8973
747.6096 460.9745
747.7569 440.1028
655.6268 435.5192
638.1109 435.6829
629.0583 435.1590
629.4185 425.7299
619.3837 453.9518
636.1301 485.8568

Crittenden
21
784.8021 555.7074
796.2447 544.4449
796.8995 542.2186
803.7585 493.8126
803.6931 493.5834
803.6931 493.3870
803.6276 493.2560
803.3166 492.7813
800.7465 489.6219
782.6577 475.7238
765.4692 470.0598
763.4066 463.4791
763.7012 460.5325
768.0393 432.0487
748.7882 424.9933
747.7569 440.1028
747.6096 460.9745
746.1363 491.8973
728.5713 490.0475
725.0354 553.2028
761.8678 554.6761

Cross
8
725.0354 553.2028
728.5713 490.0475
636.1301 485.8568
634.3622 529.5810
633.3964 548.4064
648.9642 549.0776
688.5140 552.8263
706.5210 553.6448

Poinsett
10
630.9081 604.7846
662.8459 605.8323
730.6503 609.3518
758.5447 610.1703
761.8678 554.6761
725.0354 553.2028
706.5210 553.6448
688.5140 552.8263
648.9642 549.0776
633.3964 548.4064

Mississippi
14
848.4649 679.8900
857.4848 659.9677
852.8193 660.0496
849.7418 659.5257
846.0585 657.6104
845.5019 657.2339
844.4215 656.2845
829.5249 624.4776
824.8594 579.7713
784.8021 555.7074
761.8678 554.6761
758.5447 610.1703
754.4031 673.0309
810.1756 677.0088

Craighead
9
754.4031 673.0309
758.5447 610.1703
730.6503 609.3518
662.8459 605.8323
630.9081 604.7846
629.7131 642.3373
659.2936 661.5229
738.0986 665.2879
740.9306 672.1470

Izard
14
514.3213 715.0854
514.1084 648.7543
491.2232 631.9260
483.1692 634.8071
450.2820 651.1279
454.5545 664.9933
454.4727 665.9591
451.3951 669.7078
450.4129 670.4445
430.2124 685.8650
426.8893 685.8650
426.7420 694.7048
435.8273 698.4862
435.5981 713.3993

Lawrence
19
587.2822 719.5216
607.8101 701.4328
619.3182 691.3980
624.6221 698.7809
664.4011 700.4834
674.5177 700.9254
674.5832 700.1069
671.3910 692.1347
666.7420 687.6493
664.3192 685.8650
657.6894 667.3506
659.2936 661.5229
629.7131 642.3373
601.4422 641.9116
574.5136 640.7166
573.8588 669.0367
572.4674 701.1382
572.2382 713.0228
575.2011 716.1985

Sharp
19
559.8461 769.0899
559.9116 767.0273
570.2574 756.5505
576.3798 753.6039
583.1569 744.1584
586.6929 733.1578
587.2822 719.5216
575.2011 716.1985
572.2382 713.0228
572.4674 701.1382
573.8588 669.0367
574.5136 640.7166
556.3102 640.1928
556.0810 649.6383
514.1084 648.7543
514.3213 715.0854
535.5858 715.3146
553.2818 740.4588
552.6270 768.8771

Greene
16
663.5826 725.3984
678.8721 726.5280
733.8915 727.8539
745.9889 722.3209
746.3655 716.0348
767.0080 717.5245
740.9306 672.1470
738.0986 665.2879
659.2936 661.5229
657.6894 667.3506
664.3192 685.8650
666.7420 687.6493
671.3910 692.1347
674.5832 700.1069
674.5177 700.9254
664.4011 700.4834

Clay
16
699.6620 776.7510
759.4942 780.1560
763.9959 780.4506
770.6421 780.6634
785.6861 759.4152
787.3231 757.2217
788.4199 740.4588
786.6356 735.5969
785.4569 733.7471
767.0080 717.5245
746.3655 716.0348
745.9889 722.3209
733.8915 727.8539
678.8721 726.5280
663.5826 725.3984
664.5975 774.8521

Randolph
14
664.5975 774.8521
663.5826 725.3984
664.4011 700.4834
624.6221 698.7809
619.3182 691.3980
607.8101 701.4328
587.2822 719.5216
586.6929 733.1578
583.1569 744.1584
576.3798 753.6039
570.2574 756.5505
559.9116 767.0273
559.8461 769.0899
607.0735 771.5945

Fulton
8
552.6270 768.8771
553.2818 740.4588
535.5858 715.3146
514.3213 715.0854
435.5981 713.3993
434.6978 763.8351
439.7233 764.1461
515.1889 767.5347

Baxter
17
370.8877 761.1996
434.6978 763.8351
435.5981 713.3993
435.8273 698.4862
426.7420 694.7048
426.8893 685.8650
430.2124 685.8650
430.5071 670.2153
412.6638 651.3244
394.4277 651.0297
394.2148 669.5605
394.1166 681.9526
389.8604 691.8564
380.8406 710.3381
373.0321 719.5707
370.2329 721.5842
371.0350 738.3143

Marion
12
329.9464 759.7917
370.8877 761.1996
371.0350 738.3143
370.2329 721.5842
373.0321 719.5707
380.8406 710.3381
389.8604 691.8564
394.1166 681.9526
394.2148 669.5605
321.9742 668.5456
312.6761 677.5982
316.1301 759.3497

Boone
5
316.1301 759.3497
312.6761 677.5982
303.5253 677.5327
243.3165 677.0088
241.7778 757.1398

Carroll
14
241.7778 757.1398
243.3165 677.0088
212.9339 676.9434
200.8201 676.9434
194.8615 683.0002
190.2124 689.4828
188.7227 692.5112
188.7227 700.4834
186.4309 708.8157
181.8637 714.0377
155.1479 714.1359
145.6370 754.7825
193.1590 755.9612
238.5201 757.0743

Benton
12
110.1469 754.0459
145.6370 754.7825
155.1479 714.1359
143.2633 698.6499
122.3098 698.7809
104.1719 694.6393
 68.0270 692.7895
 60.4968 677.3854
 58.7289 668.1527
 31.4238 668.3000
 29.4266 680.9376
 19.0153 752.5890

Washington
13
 31.4238 668.3000
 58.7289 668.1527
 60.4968 677.3854
 68.0270 692.7895
104.1719 694.6393
122.3098 698.7809
143.2633 698.6499
134.4236 667.8744
132.8029 612.9696
132.8029 597.5491
105.2850 597.7782
 84.2496 595.1754
 42.5717 595.5683

Crawford
39
132.8029 597.5491
144.8185 597.5491
144.7530 594.4388
141.6591 591.3612
123.7995 576.2517
123.2920 553.7921
120.9183 541.6947
117.7426 531.5290
115.0906 530.1212
104.9740 531.1361
103.5171 530.9233
102.4694 530.3340
100.9961 529.0899
100.2758 527.4692
101.0780 525.7013
103.5826 523.4750
104.3192 522.1490
104.9740 519.8736
104.8430 518.3184
104.3192 516.9761
103.0587 515.8793
 92.2873 511.0174
 89.4880 510.1171
 77.6853 509.2331
 73.3309 510.6409
 69.3530 515.5847
 68.7636 518.4658
 69.4348 521.2650
 69.4348 522.0672
 68.4690 524.2116
 62.8541 528.5660
 60.0548 529.8102
 57.7630 530.2521
 57.3210 530.0393
 54.2108 518.9732
 46.4841 569.9657
 42.5717 595.5683
 84.2496 595.1754
105.2850 597.7782

Sebastian
41
 54.2108 518.9732
 57.3210 530.0393
 57.7630 530.2521
 60.0548 529.8102
 62.8541 528.5660
 68.4690 524.2116
 69.4348 522.0672
 69.4348 521.2650
 68.7636 518.4658
 69.3530 515.5847
 73.3309 510.6409
 77.6853 509.2331
 89.4880 510.1171
 92.2873 511.0174
103.0587 515.8793
104.3192 516.9761
104.8430 518.3184
104.9740 519.8736
104.3192 522.1490
103.5826 523.4750
101.0780 525.7013
100.2758 527.4692
100.9961 529.0899
102.4694 530.3340
103.5171 530.9233
104.9740 531.1361
115.0906 530.1212
124.0123 481.1259
123.8813 465.5744
105.3505 465.7872
105.2850 456.4891
102.1747 456.4236
 91.2560 451.8237
 86.5251 448.8116
 86.5251 447.2564
 90.3884 447.1910
 90.3884 428.3000
 84.5443 425.8773
 56.1424 419.7385
 53.1140 420.3278
 54.1453 515.2736

Scott
24
105.2850 456.4891
105.2850 447.1091
116.9241 441.1341
144.2292 440.9213
180.4559 441.1341
180.9142 382.8570
174.9228 382.9061
160.4845 375.1795
152.3487 365.3575
143.3616 364.9974
143.3616 368.0913
128.0884 370.3831
 76.4412 370.4649
 68.5345 374.5902
 52.6720 376.7346
 53.1140 420.3278
 56.1424 419.7385
 84.5443 425.8773
 90.3884 428.3000
 90.3884 447.1910
 86.5251 447.2564
 86.5251 448.8116
 91.2560 451.8237
102.1747 456.4236

Montgomery
9
235.4426 383.8065
235.2134 310.1744
235.3607 297.9951
143.9345 297.9951
143.3616 364.9974
152.3487 365.3575
160.4845 375.1795
174.9228 382.9061
180.9142 382.8570

Garland
13
290.2492 391.4840
308.4690 392.1388
308.9928 373.5425
320.1899 363.4586
337.5420 354.4388
340.6196 348.4637
340.7178 336.0717
319.6824 335.9080
314.3785 323.5977
314.7387 310.9110
235.2134 310.1744
235.4426 383.8065
253.5805 390.6655

Saline
21
347.4295 410.6696
362.7682 399.5216
380.9224 382.0385
406.2304 364.5390
433.9939 356.0103
435.4508 337.3976
408.1457 336.8083
382.3303 327.1337
371.5588 318.8013
362.9319 317.8519
340.7178 336.0717
340.6196 348.4637
337.5420 354.4388
320.1899 363.4586
308.9928 373.5425
308.4690 392.1388
290.2492 391.4840
289.8891 409.7856
307.6669 410.5222
331.9271 410.5222
345.7270 406.8881

Pulaski
20
452.4755 448.3860
461.1352 448.5824
462.4612 389.2740
471.6775 366.0942
472.7743 338.0524
442.0315 337.5613
435.4508 337.3976
433.9939 356.0103
406.2304 364.5390
380.9224 382.0385
362.7682 399.5216
347.4295 410.6696
344.7612 410.5877
344.6302 422.8325
362.4735 426.3029
375.1111 429.4787
380.2513 433.0309
393.8220 429.1840
428.8046 429.5441
434.1739 448.0749

Lonoke
16
452.2791 459.8777
474.6241 459.5830
482.6617 456.7674
507.0039 454.5574
507.8224 431.4594
526.7952 431.9178
539.1217 370.0066
540.6605 356.4359
540.5787 353.1946
533.7197 339.1001
529.0051 339.1001
472.7743 338.0524
471.6775 366.0942
462.4612 389.2740
461.1352 448.5824
452.4755 448.3860

Prairie
16
507.0039 454.5574
564.3315 469.7488
564.8553 464.2157
565.6902 461.8748
582.1256 462.6115
582.6986 433.0309
584.7776 358.8750
547.3067 357.9910
547.9452 339.5421
542.8705 339.1001
533.7197 339.1001
540.5787 353.1946
540.6605 356.4359
539.1217 370.0066
526.7952 431.9178
507.8224 431.4594

Monroe
22
582.6986 433.0309
595.4017 433.6203
595.1889 442.6074
596.5803 449.1062
604.2742 453.5261
619.3837 453.9518
629.4185 425.7299
630.3843 397.6063
639.6006 397.9010
640.1244 379.1574
641.5159 342.0467
650.9450 342.2759
651.0923 338.9528
652.0745 313.9395
642.7600 313.5793
641.5159 313.4811
636.0483 315.5601
633.3309 317.4590
617.6157 334.4510
605.3546 352.0160
599.6906 359.2352
584.7776 358.8750

Lee
10
629.4185 425.7299
629.0583 435.1590
638.1109 435.6829
655.6268 435.5192
747.7569 440.1028
748.7882 424.9933
722.2361 382.7097
640.1244 379.1574
639.6006 397.9010
630.3843 397.6063

Phillips
22
722.2361 382.7097
724.5934 358.1384
726.4432 339.1820
725.1991 335.1222
725.0354 334.7457
724.6589 334.4510
718.6839 329.2126
711.1700 325.6113
702.0847 323.7451
693.0321 321.9771
676.4985 292.3148
668.6573 276.1576
666.1526 270.9356
666.7420 268.8730
666.8238 268.5619
634.4440 266.9413
642.7600 313.5793
652.0745 313.9395
651.0923 338.9528
650.9450 342.2759
641.5159 342.0467
640.1244 379.1574

Jefferson
20
472.7743 338.0524
529.0051 339.1001
530.2492 286.2742
550.9245 286.1105
560.0098 285.6849
561.7614 284.4244
578.0004 265.5335
580.2922 257.4795
578.9499 256.2354
578.0004 255.7934
568.1948 253.8781
555.1152 258.1506
528.1866 271.2302
524.2087 256.3172
489.6026 254.6311
489.8318 248.4269
441.1966 246.0696
440.5418 268.6274
443.3575 281.8543
442.0315 337.5613

Grant
13
442.0315 337.5613
443.3575 281.8543
440.5418 268.6274
441.1966 246.0696
423.3534 244.7928
407.1307 258.1506
395.0988 261.7029
363.2101 261.7029
362.9319 317.8519
371.5588 318.8013
382.3303 327.1337
408.1457 336.8083
435.4508 337.3976

Hot_Spring
12
340.7178 336.0717
362.9319 317.8519
363.2101 261.7029
327.0489 261.7684
309.3530 261.8503
302.3466 272.4089
244.6589 285.6849
235.3607 297.9951
235.2134 310.1744
314.7387 310.9110
314.3785 323.5977
319.6824 335.9080

Dallas
16
327.0489 261.7684
363.2101 261.7029
395.0988 261.7029
407.1307 258.1506
423.3534 244.7928
399.8952 242.4355
399.8297 225.3943
402.9891 224.8050
409.2588 219.1410
413.3186 213.2969
425.1213 192.4907
425.8416 188.6438
382.3957 188.5783
328.1784 188.3655
324.2496 206.0614
327.0489 225.1161

Cleveland
13
441.1966 246.0696
489.8318 248.4269
488.4240 190.5100
489.2425 171.9792
427.1839 170.2112
425.8416 188.6438
425.1213 192.4907
413.3186 213.2969
409.2588 219.1410
402.9891 224.8050
399.8297 225.3943
399.8952 242.4355
423.3534 244.7928

Lincoln
14
578.0004 255.7934
582.7804 242.0753
582.8459 238.7031
575.5613 233.5302
561.0902 233.0719
561.1721 201.4287
561.4667 191.9669
488.4240 190.5100
489.8318 248.4269
489.6026 254.6311
524.2087 256.3172
528.1866 271.2302
555.1152 258.1506
568.1948 253.8781

Arkansas
32
529.0051 339.1001
542.8705 339.1001
547.9452 339.5421
547.3067 357.9910
584.7776 358.8750
599.6906 359.2352
605.3546 352.0160
617.6157 334.4510
633.3309 317.4590
636.0483 315.5601
641.5159 313.4811
642.7600 313.5793
634.4440 266.9413
625.8662 261.1136
623.1488 258.5272
621.7246 256.2354
621.5281 251.4390
622.0356 248.2796
625.6697 244.6454
633.7074 232.2534
630.5971 228.1118
609.3489 234.3978
598.9540 240.7494
582.7804 242.0753
578.0004 255.7934
578.9499 256.2354
580.2922 257.4795
578.0004 265.5335
561.7614 284.4244
560.0098 285.6849
550.9245 286.1105
530.2492 286.2742

Desha
37
666.8238 268.5619
674.6487 262.2922
676.4985 257.7087
675.4672 250.6205
641.3685 233.4484
627.3558 173.0923
626.3900 168.2959
626.6192 167.8703
627.6669 166.0041
632.8889 162.0917
637.8326 158.0974
637.8326 157.8846
637.3743 155.6092
634.2803 152.9573
621.3808 147.7680
618.6470 138.2570
605.7311 137.9133
600.9511 140.8435
599.9853 147.1950
581.8310 146.2947
561.4667 191.9669
561.1721 201.4287
561.0902 233.0719
575.5613 233.5302
582.8459 238.7031
582.7804 242.0753
598.9540 240.7494
609.3489 234.3978
630.5971 228.1118
633.7074 232.2534
625.6697 244.6454
622.0356 248.2796
621.5281 251.4390
621.7246 256.2354
623.1488 258.5272
625.8662 261.1136
634.4440 266.9413

Drew
12
488.4240 190.5100
561.4667 191.9669
581.8310 146.2947
582.9441 109.2658
489.4553 107.0723
487.5236 109.7897
484.6589 118.2693
484.4952 119.3006
485.0354 134.2791
485.1664 134.6557
490.6994 134.9503
489.2425 171.9792

Bradley
29
427.1839 170.2112
489.2425 171.9792
490.6994 134.9503
485.1664 134.6557
485.0354 134.2791
484.4952 119.3006
484.6589 118.2693
487.5236 109.7897
489.4553 107.0723
494.9065 103.0780
492.5492  86.7735
487.4745  82.4846
483.9877  81.5188
476.2611  75.2654
469.7458  66.7694
465.6206  56.1617
450.1183  67.9481
427.1185  79.8327
426.6601  82.1081
427.1185  83.4504
422.1747  86.6098
421.1271  93.1905
421.8801  99.7713
423.3534 100.6389
424.0900 100.3606
427.0366 107.8089
431.0145 119.6608
432.3405 126.2415
429.1156 155.8220

Calhoun
30
382.3957 188.5783
425.8416 188.6438
427.1839 170.2112
429.1156 155.8220
432.3405 126.2415
431.0145 119.6608
427.0366 107.8089
424.0900 100.3606
423.3534 100.6389
421.8801  99.7713
421.1271  93.1905
422.1747  86.6098
427.1185  83.4504
421.9456  78.9487
414.2681  77.3280
410.8795  77.4754
405.5592  81.6006
405.8048  82.1899
404.1678  88.7543
391.0391  95.8261
388.5345  96.4973
363.8813 109.2004
352.8316 121.8216
351.3419 125.4394
350.7526 132.9532
358.4137 155.2327
359.6087 156.1985
371.2642 158.1957
372.0663 158.8341
377.7467 167.7721

Ouachita
15
328.1784 188.3655
382.3957 188.5783
377.7467 167.7721
372.0663 158.8341
371.2642 158.1957
359.6087 156.1985
358.4137 155.2327
350.7526 132.9532
351.3419 125.4394
352.8316 121.8216
363.8813 109.2004
388.5345  96.4973
316.2938  96.1208
291.6570 111.4758
291.6570 180.2460

Nevada
11
243.6276 216.9966
256.2324 198.9078
283.4557 187.3342
287.1389 185.2716
291.6570 180.2460
291.6570 111.4758
248.0475 108.3982
227.2412 114.5042
227.3231 156.2640
229.1565 188.5783
229.1565 216.6200

Hempstead
9
165.1172 226.0491
229.1565 216.6200
229.1565 188.5783
227.3231 156.2640
227.2412 114.5042
185.1704 114.7334
166.5251 141.4328
142.9032 170.8005
164.8881 170.6696

Clark
17
223.1979 297.9951
235.3607 297.9951
244.6589 285.6849
302.3466 272.4089
309.3530 261.8503
327.0489 261.7684
327.0489 225.1161
324.2496 206.0614
328.1784 188.3655
291.6570 180.2460
287.1389 185.2716
283.4557 187.3342
256.2324 198.9078
243.6276 216.9966
233.4455 235.9530
230.8426 243.1066
223.3288 279.4152

Pike
11
143.9345 297.9951
223.1979 297.9951
223.3288 279.4152
230.8426 243.1066
233.4455 235.9530
243.6276 216.9966
229.1565 216.6200
165.1172 226.0491
164.6752 263.1762
146.3900 263.3399
144.0982 279.5626

Howard
18
143.9345 297.9951
144.0982 279.5626
146.3900 263.3399
164.6752 263.1762
165.1172 226.0491
164.8881 170.6696
142.9032 170.8005
142.6085 170.8005
123.1447 205.7668
122.4080 207.9112
119.0031 230.3381
117.7426 240.4383
117.2187 256.4645
117.8899 262.8816
115.9746 263.7819
 91.1086 263.4872
 88.6859 279.7754
 88.5877 298.0770

Polk
11
 52.6720 376.7346
 68.5345 374.5902
 76.4412 370.4649
128.0884 370.3831
143.3616 368.0913
143.3616 364.9974
143.9345 297.9951
 88.5877 298.0770
 88.6859 279.7754
 91.1086 263.4872
 51.7880 262.2922

Sevier
13
 91.1086 263.4872
115.9746 263.7819
117.8899 262.8816
117.2187 256.4645
117.7426 240.4383
119.0031 230.3381
122.4080 207.9112
123.1447 205.7668
142.6085 170.8005
128.1539 171.0133
 82.2525 184.6004
 51.4115 209.4009
 51.7880 262.2922

Little_River
20
 51.4115 209.4009
 82.2525 184.6004
128.1539 171.0133
142.6085 170.8005
142.9032 170.8005
166.5251 141.4328
128.7432 128.3860
124.5361 131.8564
121.2949 133.1824
104.3192 136.5873
 94.4972 135.1631
 91.9271 134.8521
 91.0432 134.0500
 74.0675 125.4394
 64.6220 130.5959
 62.0520 132.2820
 54.8819 136.8656
 53.7197 138.4207
 52.3773 141.4983
 50.9859 145.1161

Miller
15
166.5251 141.4328
185.1704 114.7334
183.9263 101.1627
196.0401  83.2212
196.0401  82.1081
193.1590  72.7445
179.9484  49.4336
178.6879  47.8130
177.4438  46.6344
175.3812  46.3233
165.4937  28.7747
173.0894  16.3008
171.3869  16.3008
131.1168  15.4169
128.7432 128.3860

Lafayette
17
185.1704 114.7334
227.2412 114.5042
248.0475 108.3982
246.1322 105.9591
228.7145  68.7666
228.5017  17.4795
223.0996  17.4140
173.0894  16.3008
165.4937  28.7747
175.3812  46.3233
177.4438  46.6344
178.6879  47.8130
179.9484  49.4336
193.1590  72.7445
196.0401  82.1081
196.0401  83.2212
183.9263 101.1627

Columbia
8
248.0475 108.3982
291.6570 111.4758
316.2938  96.1208
316.9486  19.8531
272.9134  18.6581
228.5017  17.4795
228.7145  68.7666
246.1322 105.9591

Union
17
316.2938  96.1208
388.5345  96.4973
391.0391  95.8261
404.1678  88.7543
405.8048  82.1899
405.5592  81.6006
410.8795  77.4754
414.2681  77.3280
421.9456  78.9487
427.1185  83.4504
426.6601  82.1081
427.1185  79.8327
450.1183  67.9481
465.6206  56.1617
479.0440  23.8310
363.4229  20.7207
316.9486  19.8531

