534 800

Elko
24
447.5005 705.4495
456.5103 704.0289
467.4040 701.8363
486.4736 697.5205
502.1309 694.4246
519.4557 691.0121
500.6331 593.1932
483.6171 506.2833
468.3768 509.2016
422.7871 518.8137
406.0181 522.2184
389.0793 525.8702
374.3949 529.2827
351.2179 534.1466
338.9268 536.6867
338.6875 580.5778
338.7261 590.2439
338.9268 593.0233
345.7132 624.7546
314.4374 631.6182
282.9454 638.5975
304.9334 736.3238
333.0515 729.8849
341.4051 727.9702

White_Pine
20
351.2179 534.1466
374.3949 529.2827
389.0793 525.8702
406.0181 522.2184
422.7871 518.8137
468.3768 509.2016
483.6171 506.2833
479.5792 485.4997
472.6539 449.7305
456.0934 364.4497
384.0610 378.6786
325.7093 440.4427
331.4148 467.3410
332.1405 469.4950
335.2442 471.7880
337.0894 473.5715
339.0040 475.8336
341.7139 481.3615
348.5003 506.6307
351.3183 531.7147

Clark
54
278.3131 212.6257
288.4424 210.3713
290.5964 211.0507
348.0525 199.1920
360.5752 196.6519
366.2806 194.5288
421.2584 183.6738
418.1316 167.2754
417.7456 165.2758
414.5802 147.2098
412.6655 137.1808
409.2916 119.6784
399.2009 106.0440
398.1200 104.8241
397.9811 104.7315
397.7031 104.5771
397.6337 104.5385
392.8006 104.6465
391.2333 104.8241
390.8164 104.9245
389.8050 105.6965
389.1102 106.4223
387.2650 109.3483
386.7091 111.0160
386.6396 111.8498
386.6010 112.0582
386.4621 112.8226
385.4893 115.2623
383.1268 118.6052
382.0459 119.6166
371.9166 122.6045
367.3306 123.5464
362.4513 123.5464
353.5418 121.4541
352.7466 121.0372
351.6657 120.0644
351.5962 119.4313
350.5848 109.6880
348.4308  81.1607
347.4580  63.7201
348.5003  51.4059
349.2260  45.5691
349.3341  42.6430
348.7782  30.4986
348.6779  28.2750
348.2532  26.2908
347.5275  23.9206
340.0772  11.4674
329.1913  27.6728
299.6757  71.8343
297.6298  74.8685
292.1251  83.0754
276.1590 107.0553
260.5018 130.3636

Lincoln
17
384.0610 378.6786
456.0934 364.4497
454.0706 354.1428
446.0722 312.3207
435.5646 258.7635
424.2540 199.1920
421.2584 183.6738
366.2806 194.5288
360.5752 196.6519
348.0525 199.1920
290.5964 211.0507
288.4424 210.3713
278.3131 212.6257
279.7722 220.3771
284.2270 241.3306
303.5128 331.1434
371.5692 317.0148

Esmeralda
8
176.5721 402.8515
205.7634 347.5649
182.8720 246.6577
142.8489 306.7465
107.3885 359.6784
108.4308 359.1534
113.2716 358.0108
141.4901 378.1536

Nye
24
177.1974 464.5462
184.3312 464.9399
205.9023 464.6620
219.0890 464.1061
273.7194 451.6761
325.7093 440.4427
384.0610 378.6786
371.5692 317.0148
303.5128 331.1434
284.2270 241.3306
279.7722 220.3771
278.3131 212.6257
260.5018 130.3636
259.5985 131.6915
248.1799 148.8079
245.4314 152.9152
224.1382 184.8936
197.8653 224.2142
192.8855 231.7649
184.3621 244.4342
182.8720 246.6577
205.7634 347.5649
148.8709 455.3047
150.7470 463.2028

Eureka
25
314.4374 631.6182
345.7132 624.7546
338.9268 593.0233
338.7261 590.2439
338.6875 580.5778
338.9268 536.6867
351.2179 534.1466
351.3183 531.7147
348.5003 506.6307
341.7139 481.3615
339.0040 475.8336
337.0894 473.5715
335.2442 471.7880
332.1405 469.4950
331.4148 467.3410
325.7093 440.4427
273.7194 451.6761
275.1476 456.8643
279.4248 474.7141
286.9060 507.8428
294.1478 540.7554
293.7001 540.9330
293.4916 541.0719
300.9033 572.6720
312.5227 626.5072

Lander
32
282.9454 638.5975
314.4374 631.6182
312.5227 626.5072
300.9033 572.6720
293.4916 541.0719
293.7001 540.9330
294.1478 540.7554
286.9060 507.8428
279.4248 474.7141
275.1476 456.8643
273.7194 451.6761
219.0890 464.1061
205.9023 464.6620
184.3312 464.9399
183.5978 467.5803
184.0147 470.3288
191.1870 490.0548
191.8047 491.5834
192.8161 492.7415
202.6983 499.4584
207.7784 501.8517
214.1092 503.0870
214.6728 502.9403
215.1978 503.1102
216.2015 504.0829
216.9349 505.6502
219.1276 514.3898
224.9720 543.2028
222.2930 549.6340
251.8008 596.8913
258.3401 607.3989
275.0782 603.6776

Mineral
18
110.8705 480.5354
177.1974 464.5462
150.7470 463.2028
148.8709 455.3047
176.5721 402.8515
141.4901 378.1536
113.2716 358.0108
108.4308 359.1534
107.3885 359.6784
 64.8716 423.6429
 83.6557 419.0028
 86.0953 428.6766
 92.0479 453.1430
 92.6346 461.9366
 86.0645 463.5425
 88.2571 472.4906
 92.5343 477.6711
 97.7147 483.6622

Douglas
20
 18.8033 507.5649
 27.8826 505.2719
 36.5837 501.6433
 36.7921 500.0837
 51.7545 496.3547
 69.5348 491.6606
 67.3422 482.6045
 64.3775 482.6045
 60.3783 483.5850
 58.2552 481.1530
 55.0589 474.4516
 54.3254 471.5796
 54.7114 462.4694
 55.4063 459.2653
 57.0044 453.4209
 56.1397 443.7857
 54.8813 438.5203
 40.0270 460.7554
 21.6908 488.2559
 17.7533 503.1796

Carson_City
12
 20.0540 512.7531
 43.8178 515.4630
 45.0685 510.8693
 47.1917 508.8542
 53.6306 507.2484
 53.6692 506.7311
 52.0633 496.7407
 51.7545 496.3547
 36.7921 500.0837
 36.5837 501.6433
 27.8826 505.2719
 18.8033 507.5649

Lyon_NV
42
 91.7313 542.7087
100.0849 547.9664
102.1386 548.7693
 99.4596 541.4194
 94.4798 530.4485
 91.3144 517.7946
 98.4482 505.4109
102.9029 498.3080
106.4157 493.1275
111.7429 484.1794
110.8705 480.5354
 97.7147 483.6622
 92.5343 477.6711
 88.2571 472.4906
 86.0645 463.5425
 92.6346 461.9366
 92.0479 453.1430
 86.0953 428.6766
 83.6557 419.0028
 64.8716 423.6429
 54.8813 438.5203
 56.1397 443.7857
 57.0044 453.4209
 55.4063 459.2653
 54.7114 462.4694
 54.3254 471.5796
 55.0589 474.4516
 58.2552 481.1530
 60.3783 483.5850
 64.3775 482.6045
 67.3422 482.6045
 69.5348 491.6606
 51.7545 496.3547
 52.0633 496.7407
 53.6692 506.7311
 53.6306 507.2484
 47.1917 508.8542
 45.0685 510.8693
 43.8178 515.4630
 49.0755 515.7718
 63.3044 519.5008
 84.7056 543.5039

Churchill
36
222.2930 549.6340
224.9720 543.2028
219.1276 514.3898
216.9349 505.6502
216.2015 504.0829
215.1978 503.1102
214.6728 502.9403
214.1092 503.0870
207.7784 501.8517
202.6983 499.4584
192.8161 492.7415
191.8047 491.5834
191.1870 490.0548
184.0147 470.3288
183.5978 467.5803
184.3312 464.9399
177.1974 464.5462
110.8705 480.5354
111.7429 484.1794
106.4157 493.1275
102.9029 498.3080
 98.4482 505.4109
 91.3144 517.7946
 94.4798 530.4485
 99.4596 541.4194
102.1386 548.7693
100.0849 547.9664
 91.7313 542.7087
 93.6151 547.3410
 95.8772 557.8100
 95.2133 561.3923
 97.1974 575.0422
 98.2088 579.2499
143.7522 567.9007
169.9942 562.0254
192.5072 556.7369

Pershing
17
251.8008 596.8913
222.2930 549.6340
192.5072 556.7369
169.9942 562.0254
143.7522 567.9007
 98.2088 579.2499
 89.7857 581.2727
102.5169 631.7571
104.4007 631.3402
115.3947 674.3126
153.3565 664.9554
150.8550 654.7180
234.1208 635.1001
230.1911 618.1536
254.6497 612.4404
255.2442 612.1933
255.2133 611.5757

Storey
12
 84.7056 543.5039
 63.3044 519.5008
 49.0755 515.7718
 43.8178 515.4630
 49.8398 522.2879
 52.9666 533.5290
 52.0247 536.2698
 52.3026 541.1723
 63.9297 542.6083
 69.6738 542.0216
 77.3943 541.8054
 80.9844 542.3613

Washoe
43
136.9658 775.7448
139.5136 775.0885
135.9930 761.7938
129.4846 735.8683
126.8442 718.3968
124.1961 707.8197
122.3509 703.3649
120.5443 701.4194
115.7807 682.4501
113.9355 674.6601
115.3947 674.3126
104.4007 631.3402
102.5169 631.7571
 89.7857 581.2727
 98.2088 579.2499
 97.1974 575.0422
 95.2133 561.3923
 95.8772 557.8100
 93.6151 547.3410
 91.7313 542.7087
 84.7056 543.5039
 80.9844 542.3613
 77.3943 541.8054
 69.6738 542.0216
 63.9297 542.6083
 52.3026 541.1723
 52.0247 536.2698
 52.9666 533.5290
 49.8398 522.2879
 43.8178 515.4630
 20.0540 512.7531
 23.7753 527.3989
 27.1492 539.8907
 34.2521 566.7890
 35.7807 572.4636
 43.2928 600.6435
 48.1644 619.1650
 48.2030 619.2653
 49.6313 624.8704
 54.1170 642.2262
 63.0573 677.8255
 70.9940 708.7230
 91.3530 787.3641

Humboldt
24
139.5136 775.0885
178.5871 765.2371
220.2393 755.6637
304.3775 736.5323
304.9334 736.3238
275.0782 603.6776
258.3401 607.3989
251.8008 596.8913
255.2133 611.5757
255.2442 612.1933
254.6497 612.4404
230.1911 618.1536
234.1208 635.1001
150.8550 654.7180
153.3565 664.9554
115.3947 674.3126
113.9355 674.6601
115.7807 682.4501
120.5443 701.4194
122.3509 703.3649
124.1961 707.8197
126.8442 718.3968
129.4846 735.8683
135.9930 761.7938

