1000 659

North_Slope
86
417.5139 624.5248
423.5467 630.5508
428.0611 633.5604
429.5590 630.5508
426.5563 629.0460
429.5590 629.0460
444.6343 633.5604
458.1979 650.1473
470.2499 644.1144
470.2499 641.0912
465.7287 636.5837
465.7287 632.0488
470.2499 633.5604
473.2663 641.0912
476.2759 644.1144
480.7971 639.6001
482.3018 633.5604
486.8231 632.0488
488.3210 635.0652
495.8518 636.5837
507.9106 636.5837
509.4085 635.0652
506.3990 630.5508
506.3990 629.0460
515.4482 627.5344
513.9298 623.0201
519.9626 623.0201
527.4934 627.5344
544.0666 629.0460
554.6137 626.0296
559.1555 626.0296
563.6562 624.5248
565.1815 623.0201
571.2075 623.0201
578.7382 624.5248
587.7875 624.5248
598.3347 621.5016
601.3443 623.0201
607.3771 627.5344
608.8750 629.0460
611.8915 632.0488
622.4455 630.5508
646.5495 623.0201
654.0802 598.9024
658.6014 583.8340
596.8231 568.7656
599.8395 552.1993
587.7875 549.1828
556.1391 543.1363
554.6137 543.1363
483.8135 535.6124
467.2334 535.6124
467.2334 538.6288
455.1883 538.6288
455.1883 541.6452
443.1295 541.6452
431.0775 540.1404
422.0282 540.1404
422.0282 543.1363
417.5139 543.1363
417.5139 541.6452
403.9571 541.6452
400.9407 543.1363
399.4291 543.1363
399.4291 541.6452
393.4099 541.6452
391.8915 544.6548
384.3607 544.6548
384.3607 541.6452
381.3374 541.6452
360.2362 543.1363
360.2362 537.1309
349.6890 537.1309
340.6534 541.6452
336.1322 547.6781
339.1418 556.7068
340.6534 567.2677
351.2006 565.7492
364.7711 567.2677
369.2786 568.7656
378.3210 579.3196
382.8559 592.8764
391.8915 606.4332
397.9243 612.4729
402.4386 610.9475
408.4715 613.9708

Northwest_Arctic
89
497.3497 491.9188
494.3470 491.9188
488.3210 488.9092
489.8326 485.8928
480.7971 485.8928
480.7971 476.8573
474.7642 475.3456
474.7642 478.3552
471.7547 481.3579
465.7287 481.3579
465.7287 475.3456
459.6958 475.3456
459.6958 481.3579
447.6507 481.3579
447.6507 467.8012
432.5823 467.8012
432.5823 461.7820
423.5467 461.7820
423.5467 446.7136
420.5303 446.7136
420.5303 443.6904
417.5139 443.6904
364.7711 445.2020
364.7711 451.2348
363.2526 451.2348
361.7547 452.7396
361.7547 457.2540
358.7382 458.7656
358.7382 470.8176
357.2198 485.8928
363.2526 485.8928
366.2690 484.3880
363.2526 473.8408
364.7711 467.8012
391.8915 464.8053
399.4291 472.3292
403.9571 472.3292
402.4386 475.3456
397.9243 478.3552
393.4099 481.3579
387.3566 488.9092
384.3607 490.4072
382.8559 494.9284
384.3607 496.4400
387.3566 496.4400
391.8915 485.8928
397.9243 479.8668
400.9407 481.3579
397.9243 482.8696
393.4099 488.9092
396.4195 497.9448
397.9243 496.4400
397.9243 497.9448
393.4099 500.9544
385.8723 499.4564
379.8326 499.4564
369.2786 503.9708
364.7711 520.5440
349.6890 537.1309
360.2362 537.1309
360.2362 543.1363
381.3374 541.6452
384.3607 541.6452
384.3607 544.6548
391.8915 544.6548
393.4099 541.6452
399.4291 541.6452
399.4291 543.1363
400.9407 543.1363
403.9571 541.6452
417.5139 541.6452
417.5139 543.1363
422.0282 543.1363
422.0282 540.1404
431.0775 540.1404
443.1295 541.6452
455.1883 541.6452
455.1883 538.6288
467.2334 538.6288
467.2334 535.6124
479.2923 535.6124
479.2923 528.0816
482.3018 528.0816
482.3018 525.0652
488.3210 519.0324
488.3210 510.0036
494.3470 510.0036
497.3497 506.9872
498.8682 497.9448

Ketchikan_Gateway
9
950.9475 223.6972
956.9666 231.2211
969.0324 220.6808
972.0419 211.6452
970.5302 207.1172
964.5042 205.6124
953.9570 208.6288
953.9570 211.6452
955.4687 214.6548

Ketchikan_Gateway
4
955.4687 208.6288
959.9830 205.6124
961.4947 199.5796
956.9666 204.1076

Prince_of_Wales-Outer_Ketchikan
31
943.4098 214.6548
947.9311 213.1432
947.9311 219.1760
946.4263 220.6808
946.4263 226.7136
947.9311 229.7232
952.4523 232.7328
956.9666 238.7724
958.4782 241.7752
953.9570 244.7848
959.9830 246.2964
969.0324 241.7752
973.5466 241.7752
975.0378 244.7848
979.5795 241.7752
979.5795 232.7328
990.1062 219.1760
990.1062 207.1172
987.0966 196.5700
982.5754 195.0652
979.5795 196.5700
972.0419 207.1172
973.5466 213.1432
967.5207 223.6972
956.9666 231.2211
950.9475 223.6972
947.9311 222.1924
950.9475 220.6808
950.9475 210.1268
946.4263 210.1268
941.8983 214.6548

Prince_of_Wales-Outer_Ketchikan
30
910.2635 223.6972
917.7806 226.7136
938.8887 214.6548
947.9311 204.1076
953.9570 201.0980
961.4947 187.5344
961.4947 183.0064
956.9666 181.5084
947.9311 189.0392
934.3675 193.5536
941.8983 183.0064
944.9215 186.0228
947.9311 184.5112
950.9475 176.9804
946.4263 176.9804
928.3415 189.0392
926.8367 192.0488
932.8627 198.0816
928.3415 202.5960
923.8271 202.5960
916.2895 205.6124
917.7806 207.1172
920.7971 207.1172
922.3155 208.6288
917.7806 214.6548
916.2895 210.1268
913.2731 208.6288
911.7683 210.1268
913.2731 214.6548
910.2635 222.1924

Prince_of_Wales-Outer_Ketchikan
3
911.7683 208.6288
911.7683 205.6124
910.2635 207.1172

Prince_of_Wales-Outer_Ketchikan
5
962.9995 199.5796
961.4947 205.6124
967.5207 204.1076
969.0324 199.5796
964.5042 196.5700

Prince_of_Wales-Outer_Ketchikan
5
919.2854 198.0816
925.3251 201.0980
928.3415 199.5796
925.3251 192.0488
919.2854 193.5536

Prince_of_Wales-Outer_Ketchikan
4
972.0419 199.5796
973.5466 198.0816
973.5466 195.0652
969.0324 195.0652

Wrangell-Petersburg
37
946.4263 220.6808
947.9311 219.1760
947.9311 213.1432
943.4098 214.6548
944.9215 219.1760
941.8983 231.2211
940.4003 225.2088
941.8983 222.1924
940.4003 219.1760
932.8627 220.6808
928.3415 223.6972
928.3415 226.7136
931.3579 232.7328
928.3415 243.2868
919.2854 246.2964
914.7642 249.3196
913.2731 252.3292
905.7287 250.8176
901.2211 250.8176
902.7122 253.8340
907.2334 253.8340
908.7451 259.8668
911.7683 264.3812
917.7806 265.8860
922.3155 261.3648
922.3155 256.8436
928.3415 258.3552
929.8463 252.3292
934.3675 250.8176
938.8887 246.2964
941.8983 247.8012
953.9570 244.7848
958.4782 241.7752
956.9666 238.7724
952.4523 232.7328
947.9311 229.7232
946.4263 226.7136

Wrangell-Petersburg
20
898.2047 240.2704
893.6767 243.2868
895.1815 246.2964
905.7287 246.2964
910.2635 249.3196
926.8367 240.2704
922.3155 234.2376
917.7806 234.2376
917.7806 237.2608
910.2635 241.7752
910.2635 238.7724
916.2895 235.7560
917.7806 232.7328
916.2895 229.7232
911.7683 229.7232
911.7683 228.2116
908.7451 226.7136
904.2307 235.7560
902.7122 237.2608
899.7095 238.7724

Wrangell-Petersburg
19
899.7095 225.2088
892.1787 229.7232
889.1623 234.2376
890.6603 238.7724
893.6767 240.2704
898.2047 237.2608
902.7122 237.2608
905.7287 231.2211
902.7122 229.7232
902.7122 226.7136
904.2307 222.1924
907.2334 222.1924
907.2334 213.1432
904.2307 216.1664
905.7287 208.6288
902.7122 210.1268
899.7095 217.6575
899.7095 222.1924
902.7122 222.1924

Wrangell-Petersburg
5
920.7971 231.2211
925.3251 234.2376
928.3415 228.2116
925.3251 226.7136
920.7971 226.7136

Wrangell-Petersburg
4
893.6767 211.6452
892.1787 214.6548
893.6767 214.6548
893.6767 210.1268

Wrangell-Petersburg
4
904.2307 205.6124
907.2334 205.6124
905.7287 202.5960
902.7122 204.1076

Sitka
14
856.0022 259.8668
863.5330 256.8436
869.5659 259.8668
874.0802 252.3292
874.0802 250.8176
869.5659 249.3196
859.0118 253.8340
857.5003 252.3292
862.0282 246.2964
860.5166 241.7752
857.5003 241.7752
843.9435 253.8340
849.9695 255.3320
849.9695 261.3648

Sitka
22
893.6767 211.6452
893.6767 210.1268
890.6603 211.6452
883.1226 219.1760
883.1226 223.6972
880.1131 220.6808
878.6014 223.6972
874.0802 225.2088
871.0707 234.2376
868.0473 237.2608
868.0473 240.2704
865.0378 238.7724
860.5166 241.7752
863.5330 250.8176
869.5659 247.8012
875.5919 249.3196
877.0966 246.2964
874.0802 244.7848
877.0966 244.7848
887.6575 228.2116
893.6767 214.6548
892.1787 214.6548

Sitka
5
859.0118 240.2704
860.5166 241.7752
866.5425 235.7560
866.5425 231.2211
863.5330 229.7232

Sitka
27
851.4742 299.0392
849.9694 297.5344
845.4482 305.0652
840.9338 308.0816
840.9338 306.5700
848.4714 294.5180
854.4906 285.4756
862.0282 273.4236
856.0022 273.4236
851.4742 277.9380
849.9694 279.4428
852.9858 282.4592
849.9694 285.4756
842.4386 286.9872
843.9434 294.5180
837.9174 299.0392
824.3538 299.0392
824.3538 311.0980
830.3798 318.6288
842.4386 309.5796
846.9530 311.0980
848.4714 309.5796
854.4906 309.5796
857.5002 306.5700
859.0118 308.0816
862.0282 303.5604
863.5330 303.5604

Juneau
15
890.6603 273.4236
890.6603 270.4072
887.6575 270.4072
877.0966 279.4428
869.5659 276.4469
857.5002 283.9640
849.9694 297.5344
851.4742 299.0392
863.5330 303.5604
866.5425 300.5508
871.0707 299.0392
886.1391 293.0064
886.1391 289.9968
893.6767 285.4756
890.6603 274.9352

Juneau
8
871.0707 271.9120
868.0473 271.9120
866.5425 276.4469
868.0473 274.9352
869.5659 276.4469
877.0966 277.9380
872.5754 274.9352
871.0707 273.4236

Juneau
6
842.4386 309.5796
830.3798 318.6288
833.4030 323.1432
839.4222 321.6452
843.9434 318.6288
846.9530 311.0980

Juneau
26
849.9694 279.4428
851.4742 277.9380
843.9434 273.4236
840.9338 282.4592
836.4058 286.9872
836.4058 283.9640
834.9010 283.9640
821.3443 286.9872
821.3443 285.4756
827.3702 285.4756
836.4058 282.4592
842.4386 273.4236
833.4030 264.3812
827.3702 267.3908
824.3538 267.3908
819.8326 268.8956
804.7711 274.9352
810.7971 280.9544
819.8326 294.5180
824.3538 296.0228
824.3538 299.0392
837.9174 299.0392
843.9434 294.5180
842.4386 286.9872
849.9694 285.4756
852.9858 282.4592

Juneau
12
907.2334 253.8340
902.7122 253.8340
901.2212 250.8176
899.7096 258.3552
892.1788 265.8860
892.1788 268.8956
890.6603 273.4236
890.6603 274.9352
893.6767 285.4756
917.7806 265.8860
911.7684 264.3812
908.7451 259.8668

Juneau
23
872.5754 274.9352
877.0966 277.9380
877.0966 276.4469
889.1624 264.3812
886.1391 264.3812
881.6179 270.4072
880.1131 268.8956
890.6603 258.3552
892.1788 255.3320
889.1624 250.8176
889.1624 246.2964
884.6274 238.7724
880.1131 244.7848
880.1131 253.8340
872.5754 259.8668
866.5425 271.9120
860.5166 279.4428
860.5166 280.9544
862.0282 280.9544
866.5425 276.4469
868.0473 271.9120
871.0707 271.9120
871.0707 273.4236

Juneau
14
856.0022 259.8668
849.9694 261.3648
849.9694 255.3320
843.9434 253.8340
839.4222 255.3320
837.9174 259.8668
839.4222 267.3908
845.4482 268.8956
848.4714 271.9120
865.0378 268.8956
866.5425 265.8860
868.0473 261.3648
866.5425 259.8668
863.5330 258.3552

Yakutat
33
738.4646 309.5796
745.9885 309.5796
747.5070 312.6028
756.5495 311.0980
759.5659 317.1103
768.6014 320.1336
770.1131 311.0980
773.1226 309.5796
780.6603 308.0816
783.6698 303.5604
806.2759 291.5084
810.7971 280.9544
804.7711 274.9352
804.7711 277.9380
800.2431 280.9544
767.1036 288.4920
765.5919 289.9968
765.5919 293.0064
768.6014 293.0064
768.6014 296.0228
764.0871 303.5604
762.5754 299.0392
756.5495 293.0064
742.9722 291.5084
733.9434 296.0228
714.3607 294.5180
693.2662 286.9872
700.8107 306.5700
720.3867 312.6028
723.3962 312.6028
723.3962 309.5796
733.9434 312.6028
736.9599 312.6028

Aleutians_West
4
227.6507 172.4592
224.6411 169.4428
223.1295 170.9612
223.1295 172.4592

Aleutians_West
4
235.1883 148.3484
236.6931 148.3484
235.1883 146.8436
232.1719 149.8600

Aleutians_West
15
286.3990  51.9120
292.4318  45.8860
290.9202  42.8696
278.8682  33.8340
274.3470  32.3224
269.8326  32.3224
257.7738  27.8012
253.2526  30.8176
269.8326  36.8504
271.3306  48.9024
272.8422  50.4072
281.8778  51.9120
281.8778  48.9024
283.3894  47.3908
284.9010  48.9024

Aleutians_West
12
233.6767  27.8012
242.7259  33.8340
244.2102  36.8504
247.2266  38.3552
251.7478  39.8532
256.2690  38.3552
253.2526  32.3224
247.2266  30.8176
239.7027  23.2868
230.6603  18.7588
226.1459  17.2540
233.6767  24.7916

Aleutians_West
4
 16.6657  27.8012
 18.1910  26.2964
 16.6657  24.7916
 15.1609  26.2964

Aleutians_West
6
 31.7478  26.2964
 34.7574  26.2964
 37.7738  20.2636
 33.2594  17.2540
 30.2430  18.7588
 28.7314  26.2964

Aleutians_West
3
214.0939  26.2964
214.0939  23.2868
212.5823  24.7916

Aleutians_West
4
206.5563  23.2868
208.0474  23.2868
206.5563  21.7752
205.0310  23.2868

Aleutians_West
10
113.1158  18.7588
111.6110  20.2636
117.6438  23.2868
120.6466  18.7588
116.1322  12.7328
107.0898  12.7328
 90.5166  15.7560
105.5850  14.2376
113.1158  17.2540
114.6274  18.7588

Aleutians_West
6
 73.9366  21.7752
 76.9462  21.7752
 76.9462  18.7588
 75.4482  17.2540
 72.4318  18.7588
 72.4318  21.7752

Aleutians_West
6
 51.3306  21.7752
 54.3470  20.2636
 49.8258  14.2376
 46.8162  14.2376
 42.2950  17.2540
 49.8258  18.7588

Aleutians_West
5
212.5823  21.7752
214.0939  20.2636
212.5823  18.7588
206.5563  20.2636
208.0474  21.7752

Aleutians_West
9
 64.9010  15.7560
 69.4154  14.2376
 67.9106  11.2280
 52.8422   9.7300
 60.3798  20.2636
 64.9010  20.2636
 64.9010  18.7588
 63.3894  18.7588
 61.8778  15.7560

Aleutians_West
4
203.5262  18.7588
205.0310  18.7588
205.0310  17.2540
203.5262  17.2540

Aleutians_West
5
192.9790  18.7588
194.4975  17.2540
192.9790  14.2376
188.4715  14.2376
188.4715  17.2540

Aleutians_West
3
 81.4674  15.7560
 82.9790  14.2376
 81.4674  14.2376

Aleutians_West
5
 70.9270  14.2376
 75.4482  14.2376
 76.9462  12.7328
 72.4318  11.2280
 69.4154  12.7328

Aleutians_West
3
  9.1486  14.2376
  9.1486  12.7328
  7.6233  11.2280

Aleutians_West
4
179.4154  14.2376
180.9270  12.7328
179.4154  11.2280
177.9106  12.7328

Aleutians_West
5
153.7998  14.2376
155.3114  12.7328
155.3114  11.2280
149.2786  11.2280
150.7902  12.7328

Aleutians_West
7
126.6726  11.2280
129.6958   9.7300
140.2430   6.7068
128.1842   6.7068
122.1650   8.2184
117.6438  12.7328
122.1650  11.2280

Aleutians_West
3
  6.1254  12.7328
  6.1254   9.7300
  4.6137   9.7300

Aleutians_East
69
425.0447 104.6411
425.0447 101.6384
423.5467 104.6411
423.5467 107.6644
420.5303 109.1760
419.0187 106.1596
416.0091 106.1596
414.4906 103.1432
406.9598  97.1103
393.4099  92.5960
387.3566  94.1008
390.3867 101.6384
385.8723 101.6384
378.3210  83.5604
372.3018  80.5440
367.7670  82.0488
367.7670  89.5796
364.7711  91.0912
363.2526  88.0816
364.7711  85.0652
366.2690  79.0324
360.2362  77.5276
357.2198  85.0652
352.6986  83.5604
355.7218  77.5276
355.7218  68.4920
351.2006  69.9968
345.1678  68.4920
334.6206  68.4920
331.6042  66.9735
327.0898  62.4592
319.5522  62.4592
318.0474  66.9735
318.0474  69.9968
322.5686  71.5084
325.5782  76.0228
342.1514  83.5604
346.6726  83.5604
348.1842  76.0228
351.2006  76.0228
351.2006  85.0652
360.2362  88.0816
373.8203 103.1432
382.8559 110.6808
391.8915 113.6972
396.4195 112.1924
400.9407 110.6808
399.4291 110.6808
399.4291 107.6644
400.9407 104.6411
403.9571 106.1596
405.4619 109.1760
405.4619 113.6972
409.9763 124.2444
419.0187 131.7683
437.0966 143.8340
438.6083 142.3155
438.6083 140.8244
435.5987 137.8012
431.0775 137.8012
431.0775 134.7848
425.0447 134.7848
425.0447 131.7683
419.0187 131.7683
419.0187 125.7560
420.5303 125.7560
420.5303 113.6972
419.0187 110.6808
425.0447 110.6808

Aleutians_East
5
411.4879  95.6192
414.4906  95.6192
414.4906  92.5960
411.4879  92.5960
409.9763  94.1008

Aleutians_East
8
406.9598  91.0912
409.9763  91.0912
409.9763  88.0816
406.9598  83.5604
400.9407  85.0652
399.4291  91.0912
400.9407  92.5960
403.9571  92.5960

Aleutians_East
6
419.0187  89.5796
420.5303  83.5604
412.9927  74.5180
412.9927  83.5604
414.4906  85.0652
417.5139  83.5604

Aleutians_East
3
426.5563  88.0816
426.5563  80.5440
423.5467  80.5440

Aleutians_East
5
384.3607  83.5604
385.8723  82.0488
382.8559  82.0488
379.8326  85.0652
381.3374  86.5700

Aleutians_East
4
429.5590  82.0488
431.0775  79.0324
428.0611  77.5276
428.0611  82.0488

Aleutians_East
4
372.3018  79.0324
372.3018  76.0228
370.8039  74.5180
367.7670  77.5276

Aleutians_East
3
431.0775  77.5276
432.5823  76.0228
431.0775  74.5180

Aleutians_East
5
360.2362  62.4592
364.7711  60.9612
364.7711  59.4428
360.2362  59.4428
358.7382  60.9612

Aleutians_East
6
304.4838  59.4428
305.9886  59.4428
305.9886  56.4332
302.9790  53.4168
301.4674  57.9380
302.9790  59.4428

Aleutians_East
5
299.9694  54.9216
298.4578  51.9120
293.9366  51.9120
292.4318  54.9216
295.4482  57.9380

Aleutians_East
4
315.0310  53.4168
316.5426  53.4168
316.5426  51.9120
310.5166  51.9120

Aleutians_East
3
309.0050  51.9120
310.5166  50.4072
305.9886  51.9120

Kodiak_Island
42
482.3018 163.4305
485.3046 167.9380
489.8326 170.9612
491.3306 172.4592
492.8422 170.9612
494.3470 172.4592
497.3497 176.9804
503.3826 181.5084
501.8778 193.5536
507.9106 196.5700
515.4482 199.5796
519.9626 202.5960
519.9626 210.1268
524.4906 210.1268
528.9982 211.6452
527.4934 214.6548
535.0241 214.6548
533.5194 219.1760
536.5495 219.1760
535.0241 214.6548
532.0146 211.6452
528.9982 210.1268
525.9886 205.6124
524.4906 195.0652
521.4674 190.5440
516.9462 187.5344
513.9298 189.0392
509.4085 187.5344
506.3990 184.5112
503.3826 176.9804
500.3798 176.9804
495.8518 170.9612
492.8422 169.4428
491.3306 170.9612
491.3306 167.9380
482.3018 161.9120
482.3018 160.4140
485.3046 161.9120
485.3046 155.8792
477.7943 155.8792
477.7943 158.9024
480.7971 160.4140

Kodiak_Island
15
547.0830 190.5440
545.5782 189.0392
538.0474 192.0488
544.0666 201.0980
550.1131 211.6452
554.6137 213.1432
553.1295 207.1172
553.1295 204.1076
559.1555 205.6124
562.1650 204.1076
563.6562 199.5796
562.1650 196.5700
550.1131 192.0488
545.5782 195.0652
544.0666 193.5536

Kodiak_Island
33
528.9982 172.4592
530.5098 167.9380
533.5194 166.4332
530.5098 169.4428
528.9982 181.5084
532.0146 184.5112
541.0570 186.0228
544.0666 187.5344
548.6083 187.5344
547.0830 183.0064
548.6083 181.5084
554.6137 187.5344
557.6370 189.0392
556.1391 183.0064
559.1555 178.4852
562.1650 178.4852
559.1555 172.4592
551.5973 164.9216
544.0666 155.8792
542.5618 154.3744
541.0570 157.3908
542.5618 160.4140
541.0570 160.4140
536.5495 149.8600
532.0146 145.3320
527.4934 143.8340
524.4906 148.3484
519.9626 155.8792
518.4510 160.4140
515.4482 163.4305
516.9462 170.9612
521.4674 175.4756
528.9982 176.9804

Kodiak_Island
5
527.4934 139.3060
533.5194 137.8012
532.0146 136.3032
525.9886 136.3032
524.4906 137.8012

Kodiak_Island
4
521.4674 139.3060
524.4906 137.8012
516.9462 131.7683
516.9462 134.7848

Kodiak_Island
5
501.8778 113.6972
504.8942 112.1924
504.8942 106.1596
498.8682 107.6644
498.8682 110.6808

Bristol_Bay
5
471.7547 216.1664
483.8135 216.1664
483.8135 207.1172
467.2334 205.6124
470.2499 210.1268

Dillingham
48
468.7451 216.1664
468.7451 214.6548
450.6671 205.6124
447.6507 207.1172
441.6247 216.1664
440.1131 214.6548
438.6083 208.6288
441.6247 201.0980
437.0966 198.0816
434.0939 198.0816
425.0447 214.6548
422.0282 216.1664
420.5303 211.6452
419.0187 211.6452
411.4879 217.6575
412.9927 219.1760
411.4879 220.6808
399.4291 213.1432
399.4291 219.1760
402.4386 219.1760
405.4619 228.2116
408.4715 231.2211
409.9763 240.2704
412.9927 246.2964
417.5139 246.2964
417.5139 252.3292
422.0282 261.3648
425.0447 267.3908
428.0611 267.3908
435.5987 285.4756
453.6767 285.4756
453.6767 282.4592
456.6931 282.4592
459.6958 285.4756
459.6958 289.9968
465.7287 289.9968
465.7287 286.9872
485.3046 286.9872
485.3046 283.9640
486.8231 273.4236
488.3210 244.7848
485.3046 244.7848
485.3046 240.2704
479.2923 240.2704
476.2759 237.2608
474.7642 231.2211
470.2499 231.2211
465.7287 228.2116

Dillingham
3
393.4099 210.1268
393.4099 213.1432
397.9243 213.1432

Lake_and_Peninsula
89
482.3018 163.4305
480.7971 160.4140
477.7943 158.9024
477.7943 155.8792
485.3046 155.8792
468.7451 143.8340
465.7287 145.3320
464.2239 139.3060
455.1883 136.3032
455.1883 134.7848
456.6931 134.7848
458.1979 131.7683
449.1555 131.7683
446.1459 127.2471
452.1650 121.2280
446.1459 113.6972
426.5563 109.1760
426.5563 104.6411
425.0447 101.6384
425.0447 110.6808
419.0187 110.6808
420.5303 113.6972
420.5303 125.7560
419.0187 125.7560
419.0187 131.7683
425.0447 131.7683
425.0447 134.7848
431.0775 134.7848
431.0775 137.8012
435.5987 137.8012
438.6083 140.8244
438.6083 142.3155
443.1295 142.3155
441.6247 148.3484
444.6343 154.3744
459.6958 169.4428
462.7191 198.0816
467.2334 205.6124
483.8135 207.1172
483.8135 216.1664
471.7547 216.1664
470.2499 217.6575
468.7451 214.6548
468.7451 216.1664
465.7287 228.2116
470.2499 231.2211
474.7642 231.2211
476.2759 237.2608
479.2923 240.2704
485.3046 240.2704
485.3046 244.7848
488.3210 244.7848
486.8231 273.4236
485.3046 283.9640
485.3046 286.9872
509.4085 288.4920
518.4510 289.9968
527.4934 289.9968
530.5098 274.9352
527.4934 274.9352
528.9982 262.8764
525.9886 262.8764
527.4934 259.8668
527.4934 250.8176
525.9886 250.8176
525.9886 247.8012
522.9790 247.8012
522.9790 244.7848
521.4674 241.7752
519.9626 240.2704
516.9462 237.2608
515.4482 231.2211
510.9202 231.2211
510.9202 225.2088
512.4250 223.6972
512.4250 220.6808
513.9298 210.1268
519.9626 210.1268
519.9626 202.5960
515.4482 199.5796
507.9106 196.5700
501.8778 193.5536
503.3826 181.5084
497.3497 176.9804
494.3470 172.4592
492.8422 170.9612
491.3306 172.4592
489.8326 170.9612
485.3046 167.9380

Lake_and_Peninsula
4
471.7547 134.7848
474.7642 133.2868
468.7451 133.2868
470.2499 134.7848

Kenai_Peninsula
51
515.4482 231.2211
516.9462 237.2608
519.9626 240.2704
521.4674 241.7752
522.9790 244.7848
522.9790 247.8012
525.9886 247.8012
525.9886 250.8176
527.4934 250.8176
527.4934 259.8668
525.9886 262.8764
528.9982 262.8764
527.4934 274.9352
530.5098 274.9352
527.4934 289.9968
527.4934 291.5084
525.9886 305.0652
525.9886 308.0816
527.4934 308.0816
533.5194 309.5796
539.5453 309.5796
542.5618 311.0980
560.6671 312.6028
560.6671 306.5700
565.1815 306.5700
568.2047 305.0652
565.1815 302.0488
557.6370 296.0228
551.5973 285.4756
545.5782 268.8956
545.5782 261.3648
538.0474 249.3196
530.5098 244.7848
525.9886 238.7724
521.4674 235.7560
519.9626 226.7136
521.4674 223.6972
522.9790 225.2088
528.9982 226.7136
536.5495 220.6808
536.5495 219.1760
533.5194 219.1760
535.0241 214.6548
527.4934 214.6548
528.9982 211.6452
524.4906 210.1268
513.9298 210.1268
512.4250 220.6808
512.4250 223.6972
510.9202 225.2088
510.9202 231.2211

Kenai_Peninsula
37
559.1555 240.2704
569.6821 247.8012
572.7191 253.8340
569.6821 253.8340
565.1815 249.3196
562.1650 250.8176
559.1555 253.8340
560.6671 262.8764
563.6562 270.4072
565.1815 276.4469
565.1815 282.4592
562.1650 288.4920
568.2047 291.5084
577.2334 300.5508
580.2567 297.5344
584.7711 297.5344
589.2854 300.5508
593.8066 299.0392
599.8395 299.0392
601.3443 297.5344
605.8723 294.5180
608.8750 294.5180
608.8750 293.0064
610.3867 286.9872
610.3867 285.4756
611.8915 283.9640
613.4031 270.4072
613.4031 268.8956
601.3443 267.3908
595.3251 264.3812
595.3251 255.3320
584.7711 246.2964
583.2663 247.8012
580.2567 244.7848
577.2334 237.2608
563.6562 232.7328
559.1555 235.7560

Anchorage
24
589.2854 300.5508
581.7547 306.5700
583.2663 308.0816
583.2663 309.5796
584.7711 309.5796
587.7875 315.6124
589.2854 317.1103
590.8039 317.1103
592.3018 318.6288
593.8066 318.6288
595.3251 317.1103
607.3771 320.1336
607.3771 315.6124
608.8750 311.0980
608.8750 306.5700
610.3867 305.0652
610.3867 299.0392
605.8723 299.0392
605.8723 296.0228
607.3771 294.5180
605.8723 294.5180
601.3443 297.5344
599.8395 299.0392
593.8066 299.0392

Valdez-Cordova
91
610.3867 302.0488
610.3867 305.0652
608.8750 306.5700
608.8750 311.0980
607.3771 315.6124
607.3771 320.1336
619.4222 321.6452
628.4715 323.1432
626.9598 324.6616
628.4715 324.6616
631.4742 326.1596
628.4715 342.7328
628.4715 344.2444
625.4551 351.7820
632.9927 353.2868
634.4906 354.7848
632.9927 359.3128
632.9927 360.8176
628.4715 380.4072
626.9598 384.9284
632.9927 387.9448
637.5070 389.4564
639.0118 389.4564
642.0214 390.9544
646.5495 390.9544
651.0707 389.4564
652.5754 389.4564
678.1979 395.4756
681.2075 390.9544
682.7123 383.4236
682.7123 378.9024
687.2334 378.9024
688.7450 383.4236
694.7642 383.4236
702.3018 378.9024
705.3114 368.3484
708.3346 366.8436
708.3346 365.3388
709.8394 359.3128
721.8914 363.8408
736.9598 312.6028
733.9434 312.6028
723.3962 309.5796
723.3962 312.6028
720.3866 312.6028
700.8107 306.5700
693.2662 286.9872
673.6699 293.0064
673.6699 297.5344
667.6438 294.5180
670.6603 291.5084
658.6014 296.0228
645.0447 283.9640
642.0214 288.4920
643.5399 293.0064
646.5495 293.0064
652.5754 296.0228
655.5919 299.0392
655.5919 302.0488
648.0542 299.0392
642.0214 299.0392
640.5235 300.5508
646.5495 305.0652
648.0542 306.5700
642.0214 303.5604
640.5235 306.5700
639.0118 305.0652
639.0118 312.6028
629.9763 308.0816
628.4715 303.5604
617.9243 299.0392
616.4058 299.0392
617.9243 308.0816
614.9079 306.5700
613.4031 299.0392
617.9243 297.5344
622.4455 286.9872
620.9339 280.9544
626.9598 274.9352
623.9434 270.4072
613.4031 268.8956
613.4031 270.4072
611.8915 283.9640
610.3867 285.4756
610.3867 286.9872
608.8750 293.0064
608.8750 294.5180
607.3771 294.5180
605.8723 296.0228
605.8723 299.0392
610.3867 299.0392

Valdez-Cordova
3
632.9927 305.0652
632.9927 303.5604
629.9763 303.5604

Valdez-Cordova
3
628.4715 297.5344
631.4742 296.0228
628.4715 294.5180

Valdez-Cordova
4
619.4222 297.5344
622.4455 296.0228
620.9339 294.5180
619.4222 296.0228

Valdez-Cordova
4
626.9598 293.0064
626.9598 277.9380
622.4455 280.9544
623.9434 288.4920

Valdez-Cordova
9
637.5070 280.9544
634.4906 276.4469
632.9927 267.3908
626.9598 264.3812
626.9598 270.4072
634.4906 282.4592
634.4906 285.4756
636.0023 286.9872
640.5235 285.4756

Matanuska-Susitna
46
593.8066 318.6288
592.3018 318.6288
590.8039 317.1103
589.2854 317.1103
587.7875 315.6124
584.7711 309.5796
583.2663 309.5796
583.2663 308.0816
571.2075 308.0816
568.2047 305.0652
565.1815 306.5700
560.6671 306.5700
560.6671 312.6028
542.5618 311.0980
539.5453 309.5796
533.5194 309.5796
533.5194 312.6028
532.0146 314.1144
532.0146 327.6712
530.5098 329.1760
530.5098 339.7232
528.9982 354.7848
545.5782 356.3032
545.5782 359.3128
581.7547 383.4236
602.8559 386.4469
602.8559 387.9448
601.3443 390.9544
617.9243 393.9708
625.4551 395.4756
626.9598 384.9284
628.4715 380.4072
632.9927 360.8176
632.9927 359.3128
634.4906 354.7848
632.9927 353.2868
625.4551 351.7820
628.4715 344.2444
628.4715 342.7328
631.4742 326.1596
628.4715 324.6616
626.9598 324.6616
628.4715 323.1432
619.4222 321.6452
607.3771 320.1336
595.3251 317.1103

SE_Fairbanks
43
637.5070 389.4564
632.9927 387.9448
626.9598 384.9284
625.4551 395.4756
617.9243 393.9708
611.8915 421.0980
620.9339 424.1213
623.9434 428.6220
628.4715 431.6452
632.9927 431.6452
651.0707 445.2020
657.0966 445.2020
657.0966 446.7136
660.1131 451.2348
657.0966 455.7560
658.6014 458.7656
660.1131 461.7820
664.6274 464.8053
666.1391 473.8408
667.6438 473.8408
672.1650 478.3552
676.6863 479.8668
681.2075 485.8928
681.2075 490.4072
684.2238 494.9284
721.8915 363.8408
709.8395 359.3128
708.3347 365.3388
708.3347 366.8436
705.3115 368.3484
702.3018 378.9024
694.7643 383.4236
688.7451 383.4236
687.2334 378.9024
682.7123 378.9024
682.7123 383.4236
681.2075 390.9544
678.1979 395.4756
652.5754 389.4564
651.0707 389.4564
646.5495 390.9544
642.0214 390.9544
639.0118 389.4564

Fairbanks_North_Stark
29
586.2759 428.6220
586.2759 430.1268
581.7547 449.7232
583.2663 449.7232
598.3347 452.7396
599.8395 455.7560
605.8723 455.7560
608.8750 458.7656
611.8915 463.2868
614.9079 464.8053
617.9243 463.2868
617.9243 460.2636
620.9339 457.2540
622.4455 457.2540
625.4551 452.7396
626.9598 451.2348
643.5399 457.2540
651.0707 458.7656
649.5659 455.7560
651.0707 445.2020
632.9927 431.6452
628.4715 431.6452
623.9434 428.6220
620.9339 424.1213
611.8915 421.0980
601.3443 419.5796
596.8231 421.0980
595.3251 421.0980
589.2854 428.6220

Denali
23
581.7547 383.4236
545.5782 359.3128
545.5782 356.3032
528.9982 354.7848
535.0241 371.3716
535.0241 375.8928
528.9982 377.3908
527.4934 386.4469
536.5495 387.9448
539.5453 393.9708
538.0474 400.0036
542.5618 404.5180
545.5782 404.5180
550.1131 403.0132
556.1391 415.0652
578.7382 418.0816
596.8231 421.0980
601.3443 419.5796
611.8915 421.0980
617.9243 393.9708
601.3443 390.9544
602.8559 387.9448
602.8559 386.4469

Bethel
86
525.9886 305.0652
527.4934 291.5084
527.4934 289.9968
518.4510 289.9968
509.4085 288.4920
485.3046 286.9872
465.7287 286.9872
465.7287 289.9968
459.6958 289.9968
459.6958 285.4756
456.6931 282.4592
453.6767 282.4592
453.6767 285.4756
435.5987 285.4756
428.0611 267.3908
425.0447 267.3908
422.0282 261.3648
417.5139 252.3292
417.5139 246.2964
412.9927 246.2964
409.9763 240.2704
408.4715 231.2211
405.4619 228.2116
402.4386 219.1760
399.4291 219.1760
399.4291 213.1432
393.4099 213.1432
393.4099 207.1172
388.8887 205.6124
378.3210 207.1172
381.3374 208.6288
384.3607 207.1172
385.8723 213.1432
384.3607 222.1924
381.3374 228.2116
387.3566 235.7560
384.3607 244.7848
384.3607 246.2964
376.8231 261.3648
373.8203 255.3320
363.2526 249.3196
352.6986 247.8012
346.6726 250.8176
345.1678 255.3320
339.1418 264.3812
325.5782 276.4469
334.6206 282.4592
333.1158 286.9872
330.0994 286.9872
330.0994 288.4920
331.6042 289.9968
340.6534 289.9968
348.1842 291.5084
355.7218 303.5604
370.8039 306.5700
372.3018 308.0816
376.8231 309.5796
385.8723 306.5700
399.4291 309.5796
403.9571 314.1144
411.4879 318.6288
409.9763 321.6452
429.5590 321.6452
429.5590 324.6616
441.6247 324.6616
441.6247 327.6712
465.7287 329.1760
465.7287 326.1596
488.3210 326.1596
495.8518 327.6712
509.4085 327.6712
515.4482 329.1760
518.4510 329.1760
518.4510 332.1924
524.4906 333.6904
524.4906 335.2088
525.9886 336.7068
528.9982 336.7068
530.5098 339.7232
530.5098 329.1760
532.0146 327.6712
532.0146 314.1144
533.5194 312.6028
533.5194 309.5796
527.4934 308.0816
525.9886 308.0816

Bethel
8
199.0050 297.5344
200.5235 293.0064
202.0146 289.9968
208.0474 286.9872
209.5659 285.4756
203.5262 285.4756
202.0146 288.4920
197.5207 294.5180

Bethel
12
309.0050 271.9120
313.5194 273.4236
321.0570 267.3908
319.5522 258.3552
318.0474 255.3320
310.5166 252.3292
295.4482 259.8668
290.9202 264.3812
290.9202 267.3908
292.4318 268.8956
301.4674 268.8956
307.5002 273.4236

Wade_Hampton
40
409.9763 321.6452
411.4879 318.6288
403.9571 314.1144
399.4291 309.5796
385.8723 306.5700
376.8231 309.5796
372.3018 308.0816
370.8039 306.5700
355.7218 303.5604
348.1842 291.5084
340.6534 289.9968
331.6042 289.9968
331.6042 291.5084
334.6206 293.0064
336.1322 296.0228
330.0994 299.0392
328.5946 296.0228
324.0734 297.5344
316.5426 312.6028
318.0474 321.6452
334.6206 342.7328
342.1514 348.7724
340.6534 353.2868
343.6630 360.8176
349.6890 368.3484
355.7218 369.8600
366.2690 360.8176
370.8039 362.3292
378.3210 369.8600
381.3374 368.3484
387.3566 359.3128
405.4619 359.3128
403.9571 359.3128
402.4386 354.7848
400.9407 342.7328
400.9407 330.6740
403.9571 330.6740
402.4386 326.1596
402.4386 323.1432
403.9571 321.6452

Nome
67
422.0282 392.4592
422.0282 386.4469
419.0187 386.4469
419.0187 383.4236
416.0091 380.4072
409.9763 380.4072
406.9598 377.3908
406.9598 368.3484
405.4619 368.3484
405.4619 359.3128
387.3566 359.3128
381.3374 368.3484
378.3210 369.8600
382.8559 375.8928
387.3566 374.3812
393.4099 374.3812
400.9407 375.8928
405.4619 384.9284
406.9598 389.4564
402.4386 403.0132
399.4291 407.5344
399.4291 412.0556
402.4386 412.0556
406.9598 415.0652
406.9598 419.5796
400.9407 425.6192
397.9243 421.0980
385.8723 418.0816
379.8326 413.5673
355.7218 415.0652
343.6630 412.0556
327.0898 418.0816
324.0734 421.0980
322.5686 424.1213
324.0734 428.6220
322.5686 437.6712
324.0734 439.1828
325.5782 443.6904
312.0146 449.7232
302.9790 455.7560
302.9790 460.2636
330.0994 475.3456
333.1158 472.3292
340.6534 470.8176
340.6534 472.3292
336.1322 475.3456
336.1322 478.3552
357.2198 485.8928
358.7382 470.8176
358.7382 458.7656
361.7547 457.2540
361.7547 452.7396
363.2526 451.2348
364.7711 451.2348
364.7711 445.2020
417.5139 443.6904
420.5303 443.6904
420.5303 446.7136
426.5563 446.7136
426.5563 437.6712
425.0447 437.6712
425.0447 425.6192
422.0282 425.6192
422.0282 419.5796
419.0187 419.5796
419.0187 395.4756
422.0282 395.4756

Nome
3
334.6206 476.8573
333.1158 475.3456
333.1158 476.8573

Nome
4
298.4578 436.1664
301.4674 437.6712
302.9790 434.6616
299.9694 433.1432

Nome
20
239.7027 400.0036
241.1938 403.0132
241.1938 398.4920
250.2362 392.4592
257.7738 396.9872
260.7834 395.4756
263.7998 392.4592
263.7998 387.9448
271.3306 381.9120
283.3894 378.9024
280.3730 372.8764
274.3470 375.8928
269.8326 372.8764
265.3046 374.3812
256.2690 384.9284
250.2362 387.9448
247.2266 387.9448
241.1938 384.9284
236.6931 387.9448
236.6931 390.9544

Nome
4
381.3374 381.9120
381.3374 378.9024
376.8231 378.9024
378.3210 381.9120

Yukon-Koyukuk
129
527.4934 336.7068
525.9886 336.7068
524.4906 335.2088
524.4906 333.6904
518.4510 332.1924
518.4510 329.1760
515.4482 329.1760
509.4085 327.6712
495.8518 327.6712
488.3210 326.1596
465.7287 326.1596
465.7287 329.1760
441.6247 327.6712
441.6247 324.6616
429.5590 324.6616
429.5590 321.6452
403.9571 321.6452
402.4386 323.1432
402.4386 326.1596
403.9571 330.6740
400.9407 330.6740
400.9407 342.7328
402.4386 354.7848
403.9571 359.3128
405.4619 359.3128
405.4619 368.3484
406.9598 368.3484
406.9598 377.3908
409.9763 380.4072
416.0091 380.4072
419.0187 383.4236
419.0187 386.4469
422.0282 386.4469
422.0282 395.4756
419.0187 395.4756
419.0187 419.5796
422.0282 419.5796
422.0282 425.6192
425.0447 425.6192
425.0447 437.6712
426.5563 437.6712
426.5563 446.7136
423.5467 446.7136
423.5467 461.7820
432.5823 461.7820
432.5823 467.8012
447.6507 467.8012
447.6507 481.3579
459.6958 481.3579
459.6958 475.3456
465.7287 475.3456
465.7287 481.3579
471.7547 481.3579
474.7642 478.3552
474.7642 475.3456
480.7971 476.8573
480.7971 485.8928
489.8326 485.8928
488.3210 488.9092
494.3470 491.9188
497.3497 491.9188
498.8682 497.9448
497.3497 506.9872
494.3470 510.0036
488.3210 510.0036
488.3210 519.0324
482.3018 525.0652
482.3018 528.0816
479.2923 528.0816
479.2923 535.6124
483.8135 535.6124
554.6137 543.1363
556.1391 543.1363
587.7875 549.1828
599.8395 552.1993
596.8231 568.7656
658.6014 583.8340
684.2238 494.9284
681.2075 490.4072
681.2075 485.8928
676.6863 479.8668
672.1650 478.3552
667.6438 473.8408
666.1391 473.8408
664.6274 464.8053
660.1131 461.7820
658.6014 458.7656
657.0966 455.7560
660.1131 451.2348
657.0966 446.7136
657.0966 445.2020
651.0707 445.2020
649.5659 455.7560
651.0707 458.7656
643.5399 457.2540
626.9598 451.2348
625.4551 452.7396
622.4455 457.2540
620.9339 457.2540
617.9243 460.2636
617.9243 463.2868
614.9079 464.8053
611.8915 463.2868
608.8750 458.7656
605.8723 455.7560
599.8395 455.7560
598.3347 452.7396
583.2663 449.7232
581.7547 449.7232
586.2759 430.1268
586.2759 428.6220
589.2854 428.6220
595.3251 421.0980
596.8231 421.0980
578.7382 418.0816
556.1391 415.0652
550.1131 403.0132
545.5782 404.5180
542.5618 404.5180
538.0474 400.0036
539.5453 393.9708
536.5495 387.9448
527.4934 386.4469
528.9982 377.3908
535.0241 375.8928
535.0241 371.3716
528.9982 354.7848
530.5098 339.7232
528.9982 336.7068

