404 800

Coos
43
146.5424 782.3812
153.9254 761.2960
194.4998 638.9343
197.3722 629.7216
233.3509 515.3173
230.5424 501.2322
175.7977 466.1258
161.4147 475.5088
153.6488 483.9556
147.8828 485.4875
122.3935 491.5300
101.3296 495.0832
 81.6275 509.7641
 85.7339 509.3811
 91.8828 513.8918
 92.3722 514.6364
 95.0530 518.1045
 96.1807 519.7428
 96.9679 520.9769
106.4573 537.6577
107.4147 539.2960
107.4147 539.3811
109.6275 545.5301
112.2020 569.4024
107.2232 577.4450
106.3722 578.8067
101.5637 584.7641
 92.7552 595.5939
 85.5424 602.7003
 83.9254 607.2747
 84.2020 674.6152
 88.8190 684.1046
 87.2020 700.4024
 91.7977 749.9769
107.2232 770.1258
109.3509 771.6365
113.4573 769.5301
115.1807 766.1046
116.0530 765.1258
122.2020 762.0620
132.2658 761.3812
140.6913 763.1258
141.9467 764.1684

Grafton
35
 68.7764 493.0832
 81.6275 509.7641
101.3296 495.0832
122.3935 491.5300
147.8828 485.4875
153.6488 483.9556
161.4147 475.5088
170.8403 461.9130
184.6275 440.9130
192.5850 399.2960
155.4786 383.1896
166.2871 358.4449
170.6062 350.6790
177.3296 333.1258
154.4147 316.8066
147.2232 287.1896
136.1807 283.6364
120.5637 293.8917
114.9041 281.9130
109.8190 267.4449
 97.2232 266.4662
 75.2020 265.6151
 52.8615 269.0620
 29.0743 267.1471
 41.2445 318.8279
 46.5211 429.4875
 43.2658 432.0832
 39.6913 436.8917
 33.3935 458.8492
 33.3935 460.5726
 34.0530 463.3598
 40.4786 474.9556
 41.0743 475.4237
 42.0743 476.3811
 55.3509 484.6364

Strafford
23
257.2232 309.3385
261.7126 320.1896
269.4786 303.4024
291.3296 310.1045
296.7126 322.5726
300.0530 285.1683
301.5211 279.0407
303.3296 275.1896
308.9041 267.4449
312.4360 265.6151
322.0530 260.8279
345.2445 246.9981
345.8403 246.3385
353.2871 216.4236
347.2445 204.6151
345.5211 202.1258
307.2658 192.2322
312.1594 209.6151
259.9892 234.4449
261.4360 237.8917
270.9254 260.7215
261.4360 282.0194
253.6701 300.7215

Rockingham
23
380.1169 205.6790
371.8190 149.7641
357.6913 148.9130
351.8616 148.5300
350.5211 147.8492
348.9467 147.1896
348.8616 147.1896
330.3722 133.4662
316.1807 121.3811
311.4998 117.3598
308.9041 114.6577
298.0743  92.9130
275.4360  95.4024
256.3509 107.1045
249.6275 122.0619
244.8403 132.5088
250.7977 156.3811
259.9892 234.4449
312.1594 209.6151
307.2658 192.2322
345.5211 202.1258
347.2445 204.6151
353.2871 216.4236

Cheshire
22
 35.2020 143.9130
 40.8828 138.0832
 52.6701 140.0832
 53.2445 147.0832
 58.3296 150.2534
 90.9254 164.0619
 89.9466 154.4662
 90.1594 149.5939
117.4786 155.7215
121.1169 125.4024
125.4360 105.3598
136.3722 107.9556
159.0318  69.5939
167.4360  49.9556
 97.8403  34.8917
 63.3084  27.5087
 41.3722  45.1470
 35.6913  57.3385
 34.8190  60.1045
 47.3083 102.8705
 42.0743 132.2109
 41.6488 133.8492

Sullivan
23
 29.0743 267.1471
 52.8615 269.0620
 75.2020 265.6151
 97.2232 266.4662
109.8190 267.4449
 96.5211 230.4237
 94.2020 204.8066
103.5849 188.0407
110.3935 180.6577
119.0318 172.8705
117.4786 155.7215
 90.1594 149.5939
 89.9466 154.4662
 90.9254 164.0619
 58.3296 150.2534
 53.2445 147.0832
 52.6701 140.0832
 40.8828 138.0832
 35.2020 143.9130
 34.4360 164.1471
 35.3083 188.1258
 31.2020 198.8705
 21.6913 242.5939

Hillsborough
22
119.0318 172.8705
136.1807 182.8492
187.3935 180.6577
224.6913 160.7002
250.7977 156.3811
244.8403 132.5088
249.6275 122.0619
256.3509 107.1045
275.4360  95.4024
298.0743  92.9130
296.7977  90.0194
291.8403  78.2322
225.6488  62.9768
224.7977  62.7853
221.8190  62.1258
173.3084  51.2747
167.4360  49.9556
159.0318  69.5939
136.3722 107.9556
125.4360 105.3598
121.1169 125.4024
117.4786 155.7215

Belknap
17
170.6062 350.6790
187.4786 340.1258
236.2020 313.0832
257.2232 309.3385
253.6701 300.7215
261.4360 282.0194
270.9254 260.7215
261.4360 237.8917
235.6275 248.6364
189.6913 266.6790
180.6913 259.2747
178.2020 259.5726
161.1169 273.1896
157.7552 276.3598
147.2232 287.1896
154.4147 316.8066
177.3296 333.1258

Merrimack
22
147.2232 287.1896
157.7552 276.3598
161.1169 273.1896
178.2020 259.5726
180.6913 259.2747
189.6913 266.6790
235.6275 248.6364
261.4360 237.8917
259.9892 234.4449
250.7977 156.3811
224.6913 160.7002
187.3935 180.6577
136.1807 182.8492
119.0318 172.8705
110.3935 180.6577
103.5849 188.0407
 94.2020 204.8066
 96.5211 230.4237
109.8190 267.4449
114.9041 281.9130
120.5637 293.8917
136.1807 283.6364

Carroll
18
233.3509 515.3173
272.5424 385.5726
296.7126 322.5726
291.3296 310.1045
269.4786 303.4024
261.7126 320.1896
257.2232 309.3385
236.2020 313.0832
187.4786 340.1258
170.6062 350.6790
166.2871 358.4449
155.4786 383.1896
192.5850 399.2960
184.6275 440.9130
170.8403 461.9130
161.4147 475.5088
175.7977 466.1258
230.5424 501.2322

