1000 771

Clinton
21
677.0243 752.9830
676.8459 750.1673
681.0503 723.2339
686.8982 688.9493
690.3381 682.5154
692.2364 680.9101
695.5744 678.9608
681.7383 674.0302
682.1842 670.9725
680.0183 664.9463
672.0300 659.3150
661.8122 652.9447
652.9066 651.0592
634.9298 644.5615
630.9038 656.2827
626.7122 667.4179
617.9340 687.8027
603.0021 724.3806
600.1355 732.0758
617.2460 737.0191
645.4407 744.1920

Essex
36
634.9298 644.5615
652.9066 651.0592
661.8122 652.9447
672.0300 659.3150
680.0183 664.9463
682.1842 670.9725
681.7383 674.0302
695.5744 678.9608
701.0401 672.3612
702.6836 668.7939
704.8113 663.0479
704.8750 662.9460
705.0534 661.1623
704.4163 654.2698
708.2640 634.2927
703.4481 620.5585
703.3844 606.9644
703.3844 601.6134
703.6647 596.1477
703.6647 596.0967
703.9195 595.5362
717.6155 563.2008
719.6157 559.5825
713.0289 557.1618
643.9500 530.6999
643.8354 536.9045
643.1474 539.3124
630.1011 541.8351
625.8713 539.9367
624.4953 539.0321
623.3869 537.1338
604.9005 552.1803
612.5448 561.4681
603.9832 585.0125
624.9667 592.7715
609.3214 634.7513

Orleans
6
206.1618 334.2035
198.3391 332.4198
157.6333 324.5972
151.2631 323.0556
144.1921 362.5128
199.2692 371.8643

Genesee
8
206.1618 334.2035
220.9789 312.6084
219.5902 291.3063
159.3023 280.7445
152.6518 316.5707
151.2631 323.0556
157.6333 324.5972
198.3391 332.4198

Wyoming
14
159.3023 280.7445
219.5902 291.3063
225.5146 259.7227
223.3232 251.2248
218.9150 247.3771
217.9212 241.7968
217.1823 235.8980
217.3479 235.3756
220.2910 233.9996
188.2996 227.9097
169.4182 226.9287
162.1179 266.6153
159.1239 266.0929
156.7160 280.2731

Livingston
33
220.9789 312.6084
242.0390 316.8000
243.4149 315.6534
243.9882 314.6214
243.3130 310.0858
243.1983 309.7290
240.1534 309.0411
239.9750 308.8117
240.2680 308.4168
254.5756 311.1050
261.1114 313.0670
262.9588 311.5764
264.0418 309.8564
265.8764 305.6011
267.3033 299.3965
267.3033 299.1672
263.1117 298.3136
263.1881 283.0377
267.6091 268.5646
279.3686 270.6285
282.0186 263.5066
283.5092 255.7604
259.2768 233.1333
245.2623 231.0056
243.8863 238.0129
220.2910 233.9996
217.3479 235.3756
217.1823 235.8980
217.9212 241.7968
218.9150 247.3771
223.3232 251.2248
225.5146 259.7227
219.5902 291.3063

Schenectady
13
669.5074 402.9893
674.0303 403.6773
689.8795 399.3201
695.1540 395.5234
696.5427 391.6248
707.0536 382.7192
707.8563 382.3243
709.4106 382.4389
667.8384 364.3475
655.5439 372.7817
655.3145 373.2403
655.7222 375.4317
672.7690 393.9181

Montgomery
14
668.0295 407.2956
669.5074 402.9893
672.7690 393.9181
655.7222 375.4317
655.3145 373.2403
655.5439 372.7817
647.2753 368.4244
634.0634 363.7741
620.0616 367.2778
609.3214 367.6727
594.6189 370.0297
588.2487 399.7787
615.9847 395.6381
622.2403 397.0141

Fulton
8
585.0381 439.4526
607.8945 434.8533
643.2620 446.4598
652.7919 449.6704
668.0295 407.2956
622.2403 397.0141
615.9847 395.6381
588.2487 399.7787

Seneca
16
360.3343 346.4853
359.5953 335.7451
365.1120 307.8944
365.7999 304.7985
368.3735 296.9886
368.9596 295.7782
369.8514 294.5169
379.2794 282.8594
378.2474 269.7112
354.9323 264.0290
338.5098 298.2499
334.2036 314.1627
334.3819 314.9654
334.6622 315.3094
336.0509 315.9974
331.4007 338.7264

Ontario
29
331.4007 338.7264
336.0509 315.9974
334.6622 315.3094
334.3819 314.9654
334.2036 314.1627
338.5098 298.2499
298.4920 289.7010
296.4790 284.4774
295.9057 281.0757
295.1030 273.2785
298.1480 258.5123
283.5092 255.7604
282.0186 263.5066
279.3686 270.6285
267.6091 268.5646
263.1881 283.0377
263.1117 298.3136
267.3033 299.1672
267.3033 299.3965
265.8764 305.6011
264.0418 309.8564
262.9588 311.5764
261.1114 313.0670
272.6416 315.1947
269.4310 329.9482
282.8212 332.5855
297.2944 336.3184
310.4935 339.0194
311.4746 334.5985

Yates
13
338.5098 298.2499
354.9323 264.0290
331.7956 249.6195
327.0944 250.5368
326.2790 251.2757
324.7884 258.6907
324.3934 262.4746
324.4571 263.8506
298.1480 258.5123
295.1030 273.2785
295.9057 281.0757
296.4790 284.4774
298.4920 289.7010

Schuyler
19
354.9323 264.0290
378.2474 269.7112
381.0630 258.6907
384.6813 244.6762
384.7960 241.7968
387.6244 227.3873
396.2369 228.8780
397.3708 223.3741
395.1795 220.3801
389.9049 219.9851
383.7768 221.4630
382.2734 227.8460
369.6985 225.2724
355.1107 221.2464
355.3910 219.8068
340.8796 215.7935
339.6055 215.5642
335.1846 234.3946
331.7956 249.6195

Tompkins
12
379.2794 282.8594
403.5245 288.4907
403.9832 287.1657
426.5465 292.7332
435.3884 258.1174
405.8687 230.7253
396.2369 228.8780
387.6244 227.3873
384.7960 241.7968
384.6813 244.6762
381.0630 258.6907
378.2474 269.7112

Cayuga
29
358.3213 412.5192
363.5449 393.6888
369.6985 387.3185
379.7890 389.7265
381.0121 385.0762
384.4010 372.3740
386.0063 365.4304
385.8280 365.2648
383.7003 365.2011
383.0760 364.4621
383.0123 363.5958
387.0383 348.7786
397.2689 324.0876
408.1111 326.9669
416.3924 321.6286
420.0616 317.8320
420.4566 316.3923
426.5465 292.7332
403.9832 287.1657
403.5245 288.4907
379.2794 282.8594
369.8514 294.5169
368.9596 295.7782
368.3735 296.9886
365.7999 304.7985
365.1120 307.8944
359.5953 335.7451
360.3343 346.4853
348.7404 397.9314

Onodaga
21
439.3507 389.9558
441.6313 387.7135
450.0909 376.2853
455.7095 360.6655
464.3221 329.0309
420.4566 316.3923
420.0616 317.8320
416.3924 321.6286
408.1111 326.9669
397.2689 324.0876
387.0383 348.7786
383.0123 363.5958
383.0760 364.4621
383.7003 365.2011
385.8280 365.2648
386.0063 365.4304
384.4010 372.3740
381.0121 385.0762
398.9761 389.6118
414.3029 397.3071
429.0692 393.0645

Cortland
7
464.3221 329.0309
467.3670 318.3416
481.1013 269.2525
449.8616 261.6720
435.3884 258.1174
426.5465 292.7332
420.4566 316.3923

Chenango
13
467.3670 318.3416
513.1945 331.3879
521.1828 332.4708
536.5096 336.8408
537.7072 264.3729
541.5676 245.0711
528.0117 242.1536
515.6662 239.5035
507.1046 243.6442
492.0708 243.3639
490.3381 242.2045
488.8984 244.5615
481.1013 269.2525

Madison
19
439.3507 389.9558
453.0595 388.1722
465.2011 393.5741
471.1000 392.9371
473.9156 391.4465
481.2669 387.2548
495.9184 377.5466
500.2247 362.9715
500.6834 360.6655
515.6662 352.4096
537.5416 358.6015
536.5096 336.8408
521.1828 332.4708
513.1945 331.3879
467.3670 318.3416
464.3221 329.0309
455.7095 360.6655
450.0909 376.2853
441.6313 387.7135

Oneida
21
526.9160 481.9930
541.0452 437.0446
545.6445 420.6222
539.1469 400.5814
534.4329 388.5289
541.4529 360.8948
537.5416 358.6015
515.6662 352.4096
500.6834 360.6655
500.2247 362.9715
495.9184 377.5466
481.2669 387.2548
473.9156 391.4465
471.1000 392.9371
465.2011 393.5741
453.0595 388.1722
449.8616 415.1055
446.8676 415.4495
449.8234 442.8415
457.0345 442.1536
484.6941 439.6182

Lewis
12
466.6281 570.3228
502.6836 557.9772
526.9160 481.9930
484.6941 439.6182
457.0345 442.1536
447.2626 476.9478
442.3957 492.6186
442.5613 507.9581
464.3221 527.7059
467.6091 535.4648
467.0867 545.5680
459.2131 549.3647

Herkimer
19
502.6836 557.9772
540.0132 561.8249
570.3993 470.0552
565.0483 443.9882
585.0381 439.4526
588.2487 399.7787
594.6189 370.0297
579.8017 372.6160
580.6044 361.7612
579.1775 360.0921
553.4417 368.4244
550.6388 359.5825
542.4212 357.1746
541.4529 360.8948
534.4329 388.5289
539.1469 400.5814
545.6445 420.6222
541.0452 437.0446
526.9160 481.9930

Otsego
25
609.3214 367.6727
608.6844 361.1878
609.3724 356.6522
609.9457 354.4609
617.3097 339.4271
618.8513 335.5158
616.2650 324.5462
613.3474 315.8317
597.9569 311.3980
577.2791 292.7969
566.8192 282.9231
561.8886 277.1771
550.2183 268.3352
547.1861 267.1249
537.7072 264.3729
536.5096 336.8408
537.5416 358.6015
541.4529 360.8948
542.4212 357.1746
550.6388 359.5825
553.4417 368.4244
579.1775 360.0921
580.6044 361.7612
579.8017 372.6160
594.6189 370.0297

Schoharie
21
655.5439 372.7817
667.8384 364.3475
670.1317 362.7422
671.3930 354.5883
670.4757 346.1413
669.6603 330.6999
669.5584 312.1370
670.1827 310.1367
671.2147 310.5317
650.9063 296.8102
613.3474 315.8317
616.2650 324.5462
618.8513 335.5158
617.3097 339.4271
609.9457 354.4609
609.3724 356.6522
608.6844 361.1878
609.3214 367.6727
620.0616 367.2778
634.0634 363.7741
647.2753 368.4244

Albany
11
709.4106 382.4389
724.7374 386.8599
724.4444 332.5855
671.2147 310.5317
670.1827 310.1367
669.5584 312.1370
669.6603 330.6999
670.4757 346.1413
671.3930 354.5883
670.1317 362.7422
667.8384 364.3475

Saratoga
26
646.0777 467.9912
677.1899 479.7634
678.6806 477.8651
686.0446 466.4369
688.3888 457.5441
689.5609 456.9070
697.3454 454.7921
707.1046 464.2073
714.1246 473.0492
715.0419 471.6095
724.5081 440.8285
725.0304 437.7326
725.5400 426.4700
724.9667 420.6731
723.4761 413.3856
724.7374 386.8599
709.4106 382.4389
707.8563 382.3243
707.0536 382.7192
696.5427 391.6248
695.1540 395.5234
689.8795 399.3201
674.0303 403.6773
669.5074 402.9893
668.0295 407.2956
652.7919 449.6704

Warren
19
643.9500 530.6999
713.0289 557.1618
712.7359 543.7971
711.9969 533.8595
705.3974 517.7810
703.2570 512.0860
702.0084 506.1235
701.8810 505.0278
702.2250 502.7345
714.1246 473.0492
707.1046 464.2073
697.3454 454.7921
689.5609 456.9070
688.3888 457.5441
686.0446 466.4369
678.6806 477.8651
677.1899 479.7634
646.0777 467.9912
626.3937 523.9219

Hamilton
20
603.9832 585.0125
612.5448 561.4681
604.9005 552.1803
623.3869 537.1338
624.4953 539.0321
625.8713 539.9367
630.1011 541.8351
643.1474 539.3124
643.8354 536.9045
643.9500 530.6999
626.3937 523.9219
646.0777 467.9912
652.7919 449.6704
643.2620 446.4598
607.8945 434.8533
585.0381 439.4526
565.0483 443.9882
570.3993 470.0552
540.0132 561.8249
575.6738 574.8584

Franklin
20
634.9298 644.5615
609.3214 634.7513
624.9667 592.7715
603.9832 585.0125
575.6738 574.8584
574.1067 586.5669
569.9279 599.0271
546.6765 665.5833
532.0759 708.9901
523.1831 706.9898
520.3802 715.3731
523.4124 715.5387
570.3993 724.4953
586.8090 728.1773
598.8105 731.6809
600.1355 732.0758
603.0021 724.3806
617.9340 687.8027
626.7122 667.4179
630.9038 656.2827

St._Lawrence
22
520.3802 715.3731
523.1831 706.9898
532.0759 708.9901
546.6765 665.5833
569.9279 599.0271
574.1067 586.5669
575.6738 574.8584
540.0132 561.8249
502.6836 557.9772
466.6281 570.3228
458.0665 573.5843
432.9168 582.2096
412.5957 589.8921
416.2013 602.1867
419.5393 610.4043
425.6292 620.3928
444.0010 648.8805
449.3393 656.2827
491.3064 703.9449
493.4340 705.4355
508.8245 714.3284
511.7039 714.7870

Jefferson
30
412.5957 589.8921
432.9168 582.2096
458.0665 573.5843
466.6281 570.3228
459.2131 549.3647
467.0867 545.5680
467.6091 535.4648
464.3221 527.7059
442.5613 507.9581
442.3957 492.6186
447.2626 476.9478
423.3742 474.1959
418.0996 471.7879
419.1953 467.4179
398.1862 464.8316
390.5929 484.2481
398.6959 500.9509
399.2182 501.8682
398.9761 504.3398
396.4535 510.8884
395.6509 511.9204
394.7208 512.2134
384.6813 513.0671
377.5721 516.0611
366.4242 524.0876
364.6533 528.6869
364.5769 530.5725
364.8189 534.2672
367.5709 545.9120
393.8290 573.8264

Oswego
33
398.1862 464.8316
419.1953 467.4179
418.0996 471.7879
423.3742 474.1959
447.2626 476.9478
457.0345 442.1536
449.8234 442.8415
446.8676 415.4495
449.8616 415.1055
453.0595 388.1722
439.3507 389.9558
429.0692 393.0645
414.3029 397.3071
398.9761 389.6118
381.0121 385.0762
379.7890 389.7265
369.6985 387.3185
363.5449 393.6888
358.3213 412.5192
363.8507 418.7238
378.3111 433.9997
379.0628 434.4583
383.8277 435.9489
386.9746 434.5093
388.7073 434.6239
392.6059 435.6050
399.2182 439.7456
399.9062 440.5483
400.7598 442.7269
401.1675 445.3642
401.3968 447.8995
401.0528 452.1421
399.6769 460.1304

Wayne
17
348.7404 397.9314
360.3343 346.4853
331.4007 338.7264
311.4746 334.5985
310.4935 339.0194
297.2944 336.3184
282.8212 332.5855
274.6036 371.8643
281.5599 373.8136
301.3586 378.8716
305.0406 379.6743
310.4935 379.6106
314.6852 378.8079
323.5907 380.4259
324.2787 380.6553
341.3892 390.6948
344.1539 392.7715

Monroe
25
206.1618 334.2035
199.2692 371.8643
204.1997 372.5523
223.1576 372.2083
235.3884 369.2780
241.0070 366.1184
241.8733 365.7234
251.9765 361.5828
255.3145 361.0095
257.3148 361.1878
274.6036 371.8643
282.8212 332.5855
269.4310 329.9482
272.6416 315.1947
261.1114 313.0670
254.5756 311.1050
240.2680 308.4168
239.9750 308.8117
240.1534 309.0411
243.1983 309.7290
243.3130 310.0858
243.9882 314.6214
243.4149 315.6534
242.0390 316.8000
220.9789 312.6084

Niagara
15
151.2631 323.0556
152.6518 316.5707
149.9380 315.1310
137.4779 311.0541
 96.6701 302.6708
 86.8854 300.8362
 83.0888 301.5751
 81.7255 303.9958
 76.2089 331.7318
102.3269 345.7464
124.5590 356.5376
134.3819 360.3852
141.0962 362.5128
141.8478 362.5638
144.1921 362.5128

Erie
35
152.6518 316.5707
159.3023 280.7445
156.7160 280.2731
159.1239 266.0929
162.1179 266.6153
169.4182 226.9287
154.0914 219.9214
140.8796 212.8505
127.1326 203.7283
124.2150 202.5307
121.2847 201.7790
114.2265 205.3973
 98.5302 214.2392
 88.6181 217.7428
 88.8475 221.1955
 90.3381 225.4508
 95.4980 239.0449
 98.7213 241.7459
106.6459 248.2945
109.5890 249.6704
114.5068 256.1044
115.8955 258.6907
115.8955 260.0030
111.5892 269.5328
104.8622 281.7127
103.3079 283.7257
101.4860 284.8724
 96.4153 285.7897
 91.2554 287.9683
 89.9941 289.3443
 89.0131 292.9116
 86.8854 300.8362
 96.6701 302.6708
137.4779 311.0541
149.9380 315.1310

Chautauqua
17
 98.5302 214.2392
114.2775 126.6102
 48.5876 114.9654
 46.7529 114.6214
 30.4451 111.8057
 26.6612 133.3244
 23.5016 151.5433
 22.8008 155.9005
 27.6295 159.2258
 35.3757 165.7744
 45.8356 175.6100
 55.5439 185.2928
 57.9518 188.6308
 60.0158 193.1792
 65.3540 200.0718
 77.1390 209.3596
 88.6181 217.7428

Cattaraugus
14
169.4182 226.9287
188.2996 227.9097
204.3399 143.2110
169.8005 136.8535
136.6242 130.4068
131.3370 129.4895
114.2775 126.6102
 98.5302 214.2392
114.2265 205.3973
121.2847 201.7790
124.2150 202.5307
127.1326 203.7283
140.8796 212.8505
154.0914 219.9214

Allegany
8
220.2910 233.9996
243.8863 238.0129
245.2623 231.0056
259.2768 233.1333
270.9853 155.9005
216.4306 145.6062
204.3399 143.2110
188.2996 227.9097

Steuben
16
283.5092 255.7604
298.1480 258.5123
324.4571 263.8506
324.3934 262.4746
324.7884 258.6907
326.2790 251.2757
327.0944 250.5368
331.7956 249.6195
335.1846 234.3946
339.6055 215.5642
340.8796 215.7935
355.3910 219.8068
364.4112 174.8584
287.7008 159.2768
270.9853 155.9005
259.2768 233.1333

Chemung
13
405.8687 230.7253
413.0034 184.6685
369.0105 175.8776
364.4112 174.8584
355.3910 219.8068
355.1107 221.2464
369.6985 225.2724
382.2734 227.8460
383.7768 221.4630
389.9049 219.9851
395.1795 220.3801
397.3708 223.3741
396.2369 228.8780

Tioga
12
449.8616 261.6720
450.7917 260.4616
460.6528 239.3379
460.9458 238.3059
462.2708 231.8720
462.6021 226.5974
459.2131 225.6674
466.8447 195.7527
461.9778 194.7208
413.0034 184.6685
405.8687 230.7253
435.3884 258.1174

Broome
18
481.1013 269.2525
488.8984 244.5615
490.3381 242.2045
492.0708 243.3639
507.1046 243.6442
515.6662 239.5035
528.0117 242.1536
541.5676 245.0711
555.5056 215.0418
540.8159 211.7803
466.8447 195.7527
459.2131 225.6674
462.6021 226.5974
462.2708 231.8720
460.9458 238.3059
460.6528 239.3379
450.7917 260.4616
449.8616 261.6720

Delaware
20
613.3474 315.8317
650.9063 296.8102
652.9576 296.3006
645.5553 269.5328
656.8689 266.6662
623.5653 233.1333
586.1210 196.6701
571.0745 199.1417
567.2269 207.3593
565.0483 209.4233
557.8117 214.5195
555.5056 215.0418
541.5676 245.0711
537.7072 264.3729
547.1861 267.1249
550.2183 268.3352
561.8886 277.1771
566.8192 282.9231
577.2791 292.7969
597.9569 311.3980

Sullivan
25
586.1210 196.6701
623.5653 233.1333
640.3954 228.0244
667.5454 219.3481
665.0737 211.9459
660.3725 201.1547
657.9646 195.0138
669.7240 189.5481
683.0506 183.7512
688.3888 175.8266
684.1972 172.0937
681.9039 167.1504
678.7443 158.8818
646.0777 149.6450
645.2113 148.9570
645.0967 148.5620
646.5873 142.3447
648.1926 138.7518
642.8034 138.1530
633.1461 137.6307
631.0185 138.6117
617.9340 145.4024
614.2010 148.9570
608.9265 154.1169
605.6394 161.6465

Greene
20
724.4444 332.5855
725.0814 332.5855
725.4891 332.3052
726.4191 329.6042
730.9420 306.7478
731.4007 302.6199
731.1076 300.3775
726.4574 288.7200
722.8391 277.2918
722.3294 274.8838
710.5063 279.8781
705.1680 278.1454
704.1360 265.3540
685.2547 262.9333
675.9923 261.7866
656.8689 266.6662
645.5553 269.5328
652.9576 296.3006
650.9063 296.8102
671.2147 310.5317

New_York
9
776.2599  61.4426
776.4765  60.3470
774.2469  49.2755
772.3995  47.6574
763.5067  39.7329
762.6276  43.4149
763.7870  58.8563
767.0740  73.7754
774.7565  69.9405

Ulster
25
721.9218 266.5516
724.2915 238.4079
731.0567 216.3668
733.6430 211.0923
737.7072 187.2039
726.1134 182.8976
717.3989 181.1649
709.9330 181.4070
701.0783 184.6176
688.3888 175.8266
683.0506 183.7512
669.7240 189.5481
657.9646 195.0138
660.3725 201.1547
665.0737 211.9459
667.5454 219.3481
640.3954 228.0244
623.5653 233.1333
656.8689 266.6662
675.9923 261.7866
685.2547 262.9333
704.1360 265.3540
705.1680 278.1454
710.5063 279.8781
722.3294 274.8838

Bronx
6
767.5836  79.9928
785.0890  77.9161
787.4460  65.3922
776.2599  61.4426
774.7565  69.9405
767.0740  73.7754

Kings
7
763.5067  39.7329
772.3995  47.6574
775.4955  46.8548
779.6361  37.4905
778.4385  22.8008
770.5649  23.2594
765.1757  31.3496

Rockland
9
744.4342 143.2110
748.4092 134.8787
755.7477 124.8265
762.2963 117.4243
763.0480 115.5387
767.3925  93.4594
723.9347 106.4547
721.0681 107.3211
744.4342 143.7079

Nassau
4
838.7774  44.6125
799.9062  31.2987
790.0960  65.7489
817.8830  92.9626

Orange
19
737.7072 187.2039
740.1279 162.0924
744.4342 143.7079
721.0681 107.3211
703.0913 113.4110
657.9646 129.1965
648.1926 138.7518
646.5873 142.3447
645.0967 148.5620
645.2113 148.9570
646.0777 149.6450
678.7443 158.8818
681.9039 167.1504
684.1972 172.0937
688.3888 175.8266
701.0783 184.6176
709.9330 181.4070
717.3989 181.1649
726.1134 182.8976

Queens
10
776.2599  61.4426
787.4460  65.3922
790.0960  65.7489
799.9062  31.2987
778.4385  22.8008
779.6361  37.4905
775.4955  46.8548
772.3995  47.6574
774.2469  49.2755
776.4765  60.3470

Suffolk
18
838.7774  44.6125
817.8830  92.9626
817.7429  96.1222
818.3926  97.0523
828.2156 100.7215
850.7152  97.8422
924.1641 131.8338
942.6378 153.3270
949.6068 156.9452
982.9741 145.6827
981.4835 142.0007
952.1294 116.5070
944.2049 110.4170
881.0503  64.6023
871.0490  58.5760
863.9781  54.3717
860.4872  52.5243
857.9009  51.2885

Westchester
14
744.4342 143.2110
794.9629 162.8441
796.9759 151.2503
793.0773 124.7246
792.3129 123.9729
783.3691 114.8380
796.2115  98.3136
785.0890  77.9161
767.5836  79.9928
767.3925  93.4594
763.0480 115.5387
762.2963 117.4243
755.7477 124.8265
748.4092 134.8787

Putnam
7
790.4783 189.1404
794.9629 162.8441
744.4342 143.2110
744.4342 143.7079
740.1279 162.0924
743.9246 171.4057
784.6941 187.5988

Dutchess
17
775.3298 274.3615
786.5797 211.8822
790.4783 189.1404
784.6941 187.5988
743.9246 171.4057
740.1279 162.0924
737.7072 187.2039
733.6430 211.0923
731.0567 216.3668
724.2915 238.4079
721.9218 266.5516
723.5398 267.2523
725.0814 267.1886
744.5234 262.5383
750.5751 260.8693
773.3805 261.6720
774.1832 274.0812

Columbia
19
724.4444 332.5855
773.2404 352.1166
771.4312 279.6488
774.1832 274.0812
773.3805 261.6720
750.5751 260.8693
744.5234 262.5383
725.0814 267.1886
723.5398 267.2523
721.9218 266.5516
722.3294 274.8838
722.8391 277.2918
726.4574 288.7200
731.1076 300.3775
731.4007 302.6199
730.9420 306.7478
726.4191 329.6042
725.4891 332.3052
725.0814 332.5855

Rensselaer
6
723.4761 413.3856
765.5069 423.9474
774.2979 392.4784
773.2404 352.1166
724.4444 332.5855
724.7374 386.8599

Washington
25
719.6157 559.5825
723.8710 551.3140
721.6542 539.1341
721.0044 532.4708
722.1638 522.8772
722.6225 522.2657
726.5211 520.6476
746.2688 516.2904
753.2251 483.9551
765.5069 423.9474
723.4761 413.3856
724.9667 420.6731
725.5400 426.4700
725.0304 437.7326
724.5081 440.8285
715.0419 471.6095
714.1246 473.0492
702.2250 502.7345
701.8810 505.0278
702.0084 506.1235
703.2570 512.0860
705.3974 517.7810
711.9969 533.8595
712.7359 543.7971
713.0289 557.1618

