813 800

Bowie
30
743.4625 567.1506
743.9352 565.9216
744.3912 564.8760
744.7861 564.3477
747.2220 562.7905
748.0951 562.2177
751.3040 560.4659
757.0711 563.3912
757.3714 563.6637
758.2446 563.7693
761.5814 564.2532
767.3485 563.0964
768.4496 562.6459
769.8789 561.4669
770.3071 541.2125
769.8010 542.3415
768.5497 542.9866
763.1608 543.8486
761.6815 543.5149
759.8073 542.8642
758.8508 541.1624
759.0232 539.6609
759.2289 539.0102
759.1010 538.8044
736.6165 538.9323
734.6088 539.3272
734.1083 539.7276
733.9582 540.4172
728.2467 544.6717
727.9463 571.6164

Red_River
28
703.4542 588.7120
710.4003 582.7725
720.5776 574.6251
727.9463 571.6164
728.2467 544.6717
724.5039 547.1298
705.6064 548.7759
694.8285 547.8750
694.7062 548.0585
694.3335 583.4231
695.2122 583.5232
695.6794 583.5733
697.2588 584.6021
697.5925 584.9247
697.9151 585.6532
698.0152 586.3762
697.9151 586.9991
697.9151 587.1047
697.6870 587.5830
697.6648 587.6331
697.6870 587.7054
697.6870 587.8333
697.7148 587.9334
698.9884 589.8632
699.0218 589.8632
699.0718 589.8854
699.2720 589.9855
699.6947 589.9688

Crosby
4
323.8866 589.9688
354.8188 588.4562
353.2894 557.0568
322.4351 558.6084

Lubbock
4
292.9544 591.4426
323.8866 589.9688
322.4351 558.6084
291.5307 560.1155

Hockley
4
261.6217 593.5726
292.9544 591.4426
291.5307 560.1155
260.6763 562.0898

Cochran
5
236.0840 595.3745
261.6217 593.5726
260.6763 562.0898
233.2032 564.0696
234.4323 577.1555

Floyd
5
331.3332 624.3268
356.6207 622.9476
354.8188 588.4562
323.8866 589.9688
325.8442 624.6550

Hale
5
294.9398 626.6126
300.3788 626.2622
325.8442 624.6550
323.8866 589.9688
292.9544 591.4426

Lamb
5
264.1077 628.6703
269.3687 628.2865
294.9398 626.6126
292.9544 591.4426
261.6217 593.5726

Bailey
5
264.1077 628.6703
261.6217 593.5726
236.0840 595.3745
238.8424 629.7158
238.8925 630.4666

Briscoe
6
333.1351 655.6595
355.4194 654.4860
363.9450 654.0300
362.2376 622.6751
356.6207 622.9476
331.3332 624.3268

Swisher
6
302.3308 657.5948
323.9144 656.2156
333.1351 655.6595
331.3332 624.3268
325.8442 624.6550
300.3788 626.2622

Castro
6
292.3593 658.1677
302.3308 657.5948
300.3788 626.2622
294.9398 626.6126
269.3687 628.2865
271.5265 659.5246

Parmer
5
241.3006 661.7269
271.5265 659.5246
269.3687 628.2865
264.1077 628.6703
238.8925 630.4666

Armstrong
5
326.1445 687.5649
357.3492 685.7353
355.4194 654.4860
333.1351 655.6595
323.9144 656.2156

Randall
5
294.4893 689.5503
326.1445 687.5649
323.9144 656.2156
302.3308 657.5948
292.3593 658.1677

Deaf_Smith
8
241.3006 661.7269
242.4017 676.5924
243.6530 693.0818
255.5376 692.2532
267.8894 691.6303
294.4893 689.5503
292.3593 658.1677
271.5265 659.5246

Carson
6
328.0242 719.0755
328.0242 719.3480
359.0788 717.6963
359.0510 717.2459
357.3492 685.7353
326.1445 687.5649

Potter
4
296.7917 721.0053
328.0242 719.0755
326.1445 687.5649
294.4893 689.5503

Oldham
7
296.8418 721.5337
296.7917 721.0053
294.4893 689.5503
267.8894 691.6303
255.5376 692.2532
243.6530 693.0818
246.0333 724.7092

Hutchinson
4
329.8261 750.4582
360.7583 748.7064
359.0788 717.6963
328.0242 719.3480

Moore
6
298.8216 752.3658
329.8261 750.4582
328.0242 719.3480
328.0242 719.0755
296.7917 721.0053
296.8418 721.5337

Hartley
5
248.3913 755.8750
298.8216 752.3658
296.8418 721.5337
246.0333 724.7092
246.6840 733.1124

Hansford
5
362.4879 780.7342
360.7583 748.8788
360.7583 748.7064
329.8261 750.4582
331.7058 782.4916

Sherman
5
308.3760 783.9654
331.7058 782.4916
329.8261 750.4582
298.8216 752.3658
300.9293 784.4492

Dallam
6
300.9293 784.4492
298.8216 752.3658
248.3913 755.8750
249.7483 774.8225
250.6214 786.3790
252.9794 787.7804

Hudspeth
23
113.2616 473.9591
112.3385 463.8597
110.8035 444.3561
106.7215 397.0345
106.1209 392.8024
105.5425 390.7169
104.3412 378.4152
100.2537 376.3018
 99.8755 375.9793
 96.6721 380.5896
 91.9061 385.8340
 87.2457 389.8382
 84.8654 390.0439
 83.9367 390.3665
 76.4177 395.1771
 67.4417 405.4822
 56.8918 419.2188
 48.7667 429.8243
 43.4834 436.6091
 46.3864 438.9615
 46.5143 442.9324
 44.7347 445.5351
 48.1160 480.6049

El_Paso
28
 48.1160 480.6049
 44.7347 445.5351
 46.5143 442.9324
 46.3864 438.9615
 43.4834 436.6091
 37.5161 439.2674
 35.5585 440.2518
 32.3996 442.8322
 31.5988 443.4829
 31.5766 443.5385
 31.3485 443.7888
 31.2707 443.8833
 30.7757 444.6842
 29.1407 449.7728
 24.1021 461.5073
 22.9064 463.7818
 20.8209 465.4725
 14.3809 468.4701
  9.6704 473.5086
  9.0920 474.2872
  8.9919 474.6154
 10.3934 480.8051
 10.5435 481.3279
 11.8505 484.4089
 11.8505 484.4367
 11.8727 484.4367
 12.0729 484.4089
 25.2589 483.0130

Lynn
5
322.4351 558.6084
320.5776 527.4259
312.5859 527.9487
289.5508 529.2334
291.5307 560.1155

Terry
5
260.6763 562.0898
291.5307 560.1155
289.5508 529.2334
281.6315 529.6838
258.5185 531.2354

Yoakum
4
260.6763 562.0898
258.5185 531.2354
230.4448 533.2876
233.2032 564.0696

Dawson
5
289.5508 529.2334
312.5859 527.9487
310.8563 496.5938
279.9186 498.3734
281.6315 529.6838

Gaines
6
230.4448 533.2876
258.5185 531.2354
281.6315 529.6838
279.9186 498.3734
279.4236 498.4012
228.1146 501.9383

Martin
6
279.4236 498.4012
279.9186 498.3734
310.8563 496.5938
308.5984 465.1833
303.6822 465.4336
277.3659 467.0964

Andrews
6
228.1146 501.9383
279.4236 498.4012
277.3659 467.0964
272.8056 467.3967
241.8233 469.4544
225.8066 470.7280

Midland
5
272.8056 467.3967
277.3659 467.0964
303.6822 465.4336
301.8080 434.2066
270.6979 436.1809

Ector
6
272.8056 467.3967
270.6979 436.1809
268.8181 436.2865
241.5230 438.2219
239.5932 438.3387
241.8233 469.4544

Crane
13
241.5230 438.2219
268.8181 436.2865
267.1664 395.7610
261.7997 396.1837
259.8699 403.7026
259.3193 405.0874
259.1469 405.3821
258.3628 406.1329
255.4097 408.6911
254.6089 409.3196
247.0899 413.6296
246.3113 413.6018
239.6933 412.5785

Presidio
23
171.4667 354.4235
170.9662 346.6320
169.2088 324.9984
166.5783 289.0999
165.2213 272.4047
154.7715 275.8194
151.3624 277.1263
150.9843 277.2709
150.7340 277.4767
148.5039 279.2563
144.0159 282.8100
122.4601 303.2424
121.2589 305.9230
114.3183 323.3634
114.0625 324.0975
113.8623 331.1604
114.8188 336.3491
115.2915 342.5667
114.3405 346.6988
103.1344 373.8993
 99.8755 375.9793
100.2537 376.3018
165.2769 354.9296

Culberson
10
117.5272 473.5587
167.2790 469.0985
157.1018 405.4822
104.3412 378.4152
105.5425 390.7169
106.1209 392.8024
106.7215 397.0345
110.8035 444.3561
112.3385 463.8597
113.2616 473.9591

Ward
22
239.5932 438.3387
241.5230 438.2219
239.6933 412.5785
235.3332 412.2949
232.7250 414.9032
230.9954 416.4381
229.0656 417.5948
225.2283 419.1965
221.6412 419.0130
219.3889 419.0630
217.9373 419.2188
214.8285 419.9195
198.0333 425.4808
197.2602 426.2872
196.5540 427.5441
195.9533 431.1479
196.1035 435.4412
196.4539 437.8993
196.0812 439.4176
195.0746 441.0304
190.2863 442.0981
207.4876 440.7245

Winkler
10
225.8066 470.7280
241.8233 469.4544
239.5932 438.3387
207.4876 440.7245
209.4897 465.7172
213.0489 465.4336
216.1800 465.2167
220.4455 464.8886
223.8491 464.6160
225.3339 464.5104

Loving
15
169.9596 468.8705
185.4980 467.5969
209.4897 465.7172
207.4876 440.7245
190.2863 442.0981
188.9850 444.9567
185.9763 449.3223
185.3756 449.4447
184.1744 449.1944
184.1243 449.0498
183.9742 448.9219
183.4181 448.8941
182.0945 449.1944
181.6162 449.8229
173.5244 461.4572

Reeves
28
167.2790 469.0985
169.9596 468.8705
173.5244 461.4572
181.6162 449.8229
182.0945 449.1944
183.4181 448.8941
183.9742 448.9219
184.1243 449.0498
184.1744 449.1944
185.3756 449.4447
185.9763 449.3223
188.9850 444.9567
190.2863 442.0981
195.0746 441.0304
196.0812 439.4176
196.4539 437.8993
196.1035 435.4412
195.9533 431.1479
196.5540 427.5441
197.2602 426.2872
198.0333 425.4808
214.8285 419.9195
217.9373 419.2188
219.3889 419.0630
221.6412 419.0130
225.2283 419.1965
186.7827 378.6376
157.1018 405.4822

Jeff_Davis
7
186.7827 378.6376
195.1247 370.7405
171.4667 354.4235
165.2769 354.9296
100.2537 376.3018
104.3412 378.4152
157.1018 405.4822

Brewster
23
195.1247 370.7405
245.7830 322.9407
260.5261 309.2320
257.3172 307.1743
249.4424 303.6095
238.1139 300.8844
236.6624 300.0057
236.5122 299.9056
228.0868 286.1691
223.0260 274.4402
206.0805 249.3029
203.4222 248.5966
202.9718 248.5966
195.6530 250.4263
189.4855 253.3571
169.6315 266.3929
169.0587 266.9935
166.5505 269.5740
165.2213 272.4047
166.5783 289.0999
169.2088 324.9984
170.9662 346.6320
171.4667 354.4235

Terrell
23
296.9419 336.5215
294.5616 300.0057
293.4605 300.3338
293.0044 300.4784
287.0148 301.8576
283.2331 302.4583
277.2158 302.0356
276.6151 301.7130
272.5275 302.5083
260.5261 309.2320
245.7830 322.9407
246.9398 339.4357
260.7764 338.5570
262.2780 361.0471
270.7757 361.8201
275.1859 364.3004
297.8928 362.6988
298.7938 362.7933
302.1806 362.0926
304.6388 360.1128
305.0392 355.5803
304.9391 354.9518
298.3934 339.1854

Pecos
29
239.6933 412.5785
246.3113 413.6018
247.0899 413.6296
254.6089 409.3196
255.4097 408.6911
258.3628 406.1329
259.1469 405.3821
259.3193 405.0874
259.8699 403.7026
261.7997 396.1837
270.1473 392.3964
282.2265 388.6369
286.1417 387.4134
292.3593 382.2191
297.5703 364.5451
297.8928 362.6988
275.1859 364.3004
270.7757 361.8201
262.2780 361.0471
260.7764 338.5570
246.9398 339.4357
245.7830 322.9407
195.1247 370.7405
186.7827 378.6376
225.2283 419.1965
229.0656 417.5948
230.9954 416.4381
232.7250 414.9032
235.3332 412.2949

Upton
5
268.8181 436.2865
270.6979 436.1809
301.8080 434.2066
299.2721 393.2528
267.1664 395.7610

Reagan
6
301.8080 434.2066
332.7347 432.3547
332.3343 425.5865
332.2119 423.6067
330.0041 391.4176
299.2721 393.2528

Glasscock
5
308.5984 465.1833
334.6422 463.6595
332.7347 432.3547
301.8080 434.2066
303.6822 465.4336

Howard
5
341.7830 494.7363
339.5029 463.3870
334.6422 463.6595
308.5984 465.1833
310.8563 496.5938

Borden
6
320.5776 527.4259
343.5904 526.2970
341.8108 494.9921
341.7830 494.7363
310.8563 496.5938
312.5859 527.9487

Garza
5
353.2894 557.0568
351.6600 526.3470
343.5904 526.2970
320.5776 527.4259
322.4351 558.6084

Scurry
5
351.6600 526.3470
374.5449 524.6897
372.7152 493.2069
341.8108 494.9921
343.5904 526.2970

Mitchell
6
341.8108 494.9921
372.7152 493.2069
370.8855 461.6296
361.4368 462.2080
339.5029 463.3870
341.7830 494.7363

Sterling
8
334.6422 463.6595
339.5029 463.3870
361.4368 462.2080
359.7795 434.1844
357.6551 434.9574
356.8709 424.7078
332.3343 425.5865
332.7347 432.3547

Irion
6
332.2119 423.6067
349.0795 422.6279
367.2262 421.4211
365.9248 390.0662
349.1518 390.6167
330.0041 391.4176

Crockett
20
261.7997 396.1837
267.1664 395.7610
299.2721 393.2528
330.0041 391.4176
349.1518 390.6167
347.8504 363.6442
346.2988 333.7186
296.9419 336.5215
298.3934 339.1854
304.9391 354.9518
305.0392 355.5803
304.6388 360.1128
302.1806 362.0926
298.7938 362.7933
297.8928 362.6988
297.5703 364.5451
292.3593 382.2191
286.1417 387.4134
282.2265 388.6369
270.1473 392.3964

Val_Verde
20
296.9419 336.5215
346.2988 333.7186
362.3878 332.9456
360.0576 285.4405
359.4292 272.3102
358.7284 266.9435
358.3781 265.2139
355.8755 259.3022
355.0691 258.1232
354.8188 258.0731
352.8890 258.4235
338.1959 271.5872
325.8942 286.8476
325.7441 287.2535
316.6958 297.3307
313.5870 298.4040
313.3089 298.4318
304.3607 299.0047
302.9370 299.0770
294.5616 300.0057

Zapata
22
431.6933 113.9732
437.1824 117.6548
439.4403 114.2957
463.7545 113.2168
462.7256  78.8811
448.1605  64.0378
447.2095  67.8529
446.0583  72.5133
446.0583  72.5856
444.1285  79.6819
442.5769  83.6193
439.2901  88.2575
435.6808  90.3597
431.5432  96.8053
431.2929  99.6360
431.3708  99.9141
431.6711 100.1588
432.8000 101.8161
433.2505 107.6277
432.4497 112.8943
431.7990 113.9287
431.7434 113.9454

Jim_Hogg
9
473.9818 118.9339
489.7482 118.8616
491.6502 117.6881
491.4278 112.1157
493.3297 109.9356
497.8456  97.0555
497.0392  77.7465
462.7256  78.8811
463.7545 113.2168

Starr
13
462.7256  78.8811
497.0392  77.7465
503.6071  77.5463
498.4239  66.4959
492.3509  54.7670
485.4382  40.7302
482.4017  40.3020
477.7413  42.3597
455.8351  52.2088
452.1480  54.5891
448.3885  63.1702
448.2606  63.6652
448.1605  64.0378

Willacy
4
568.1521  63.3593
570.1320  63.3093
574.1139  49.8786
573.0127  49.8786

Willacy
11
526.8146  64.8665
560.1771  63.5150
563.8143  50.0121
561.2839  46.8699
554.2877  42.2095
532.6318  46.0469
532.7319  51.3079
529.7510  52.2644
523.5612  53.3600
524.1118  56.4188
524.9627  59.5776

Hidalgo
28
503.6071  77.5463
525.2630  76.9235
526.8146  64.8665
524.9627  59.5776
524.1118  56.4188
523.5612  53.3600
529.7510  52.2644
532.7319  51.3079
532.6318  46.0469
532.2314  25.7146
531.7809  25.8147
530.5018  26.0093
524.6624  25.9481
522.7103  25.9148
522.4601  25.5922
520.3245  24.7413
512.2773  26.2929
507.5446  27.2217
506.0652  28.0225
505.1365  28.6454
498.2460  33.3392
494.9592  37.2655
493.2074  38.0997
493.0572  38.1497
485.4827  40.7302
485.4382  40.7302
492.3509  54.7670
498.4239  66.4959

Brooks
9
491.4278 112.1157
510.1250 111.4650
521.3033 111.1091
525.8636 107.3273
525.2630  76.9235
503.6071  77.5463
497.0392  77.7465
497.8456  97.0555
493.3297 109.9356

Kenedy
25
565.3158 111.5095
566.9731 111.4928
566.7729 110.8088
565.8664 106.6989
565.3436 103.2119
564.8932  98.9575
564.6930  95.1980
564.6930  91.2606
565.0934  85.3433
565.3937  82.9130
565.4437  82.6628
566.2223  78.1470
567.3513  73.0361
569.3311  65.8230
569.4312  65.5449
569.5313  65.2724
570.1320  63.3093
568.1521  63.3593
563.9144  79.0590
563.9144  87.9516
563.9644  95.5039
563.9922  98.4848
564.0923 102.9172
564.3648 106.3263
564.6707 108.0559

Kenedy
23
525.8636 107.3273
548.3259 111.8432
548.1758 111.2870
548.1980 110.0357
548.4538 109.5853
548.8487 109.2849
554.3655 108.2338
555.8171 108.3562
556.4955 108.6287
556.9238 108.9346
557.1240 109.2571
558.0972 109.7076
560.3273 110.5140
562.0346 110.5807
562.1403 110.1303
560.6054 100.1087
557.8747  91.9113
555.9950  77.9523
558.4253  74.7434
560.0047  65.8230
560.1771  63.5150
526.8146  64.8665
525.2630  76.9235

Kleberg
4
565.3158 111.5095
573.6412 132.9985
575.2985 132.5926
566.9731 111.4928

Kleberg
15
529.3005 137.6089
533.5105 134.8783
535.7406 131.9919
536.2912 131.9697
568.6749 131.5915
565.4437 120.2909
563.5140 115.6527
563.3137 115.2467
562.7854 114.6461
562.3349 114.3680
556.6234 111.4427
548.3259 111.8432
525.8636 107.3273
521.3033 111.1091
521.7816 137.7590

Jim_Wells
9
511.2540 168.0628
533.6606 167.5123
538.9773 163.0521
530.1514 155.3552
530.0513 147.6360
529.3005 137.6089
521.7816 137.7590
521.3033 111.1091
510.1250 111.4650

Nueces
4
586.7771 151.0173
575.2985 132.5926
573.6412 132.9985
586.4490 151.9238

Nueces
28
529.3005 137.6089
530.0513 147.6360
530.1514 155.3552
538.9773 163.0521
538.2766 161.3670
538.9217 158.7643
547.3471 154.3708
548.9988 153.5978
552.2856 152.8748
556.8459 152.4966
557.3965 154.3541
567.6516 154.5766
572.0617 154.3541
570.9105 154.1483
566.7229 152.2464
565.5160 151.3677
564.6707 149.6659
564.5428 147.4580
564.9933 146.3013
566.0944 144.4994
567.4514 143.3204
569.3812 142.3972
572.5623 139.9168
570.5546 135.3510
568.6749 131.5915
536.2912 131.9697
535.7406 131.9919
533.5105 134.8783

San_Patricio
15
537.9707 175.9655
555.5445 174.8032
573.2852 168.1907
581.1379 155.7278
572.0617 154.3541
567.6516 154.5766
557.3965 154.3541
556.8459 152.4966
552.2856 152.8748
548.9988 153.5978
547.3471 154.3708
538.9217 158.7643
538.2766 161.3670
538.9773 163.0521
533.6606 167.5123

Calhoun
16
600.7138 170.4653
601.5647 173.7521
615.8740 183.5567
616.6248 183.9016
619.9394 185.3308
624.8723 186.3597
625.6287 185.0528
619.5890 182.0774
618.7048 181.6770
618.6325 181.6047
614.0221 178.7629
609.3617 175.4094
605.2964 172.2227
599.4347 167.1285
599.3068 167.0062
599.1566 166.8616

Calhoun
7
616.8807 213.2766
633.0475 210.4737
633.0697 208.0656
629.1601 206.2359
622.9425 203.7055
617.8817 208.3214
617.3033 209.9898

Calhoun
21
597.0989 198.6892
596.1758 200.4966
594.6464 204.3840
599.5348 207.7931
609.0614 211.0521
612.4427 212.9318
611.5140 212.0976
614.8508 204.1671
615.0232 203.9725
617.8038 203.4553
619.5612 202.2484
626.9078 195.6304
627.4806 195.0576
628.0089 194.3291
627.9088 193.8508
615.9742 187.8668
615.4236 187.6388
610.8132 186.3374
609.2060 186.8602
608.7555 187.2884
604.6957 191.6541

Refugio
17
580.0590 202.1761
597.0989 198.6892
604.6957 191.6541
603.2943 185.2029
582.1890 182.1275
582.2891 180.6704
583.7128 178.7629
586.1486 177.3058
587.5279 177.1056
588.8515 177.0611
588.4566 175.9822
580.4093 169.9148
574.7201 167.1563
574.5199 167.1841
573.2852 168.1907
555.5445 174.8032
566.2946 190.5974

Bee
14
541.1295 210.9464
546.1459 201.8480
555.1942 196.3312
566.2946 190.5974
555.5445 174.8032
537.9707 175.9655
538.5713 176.4327
521.4813 210.9742
526.8424 212.8039
532.5873 214.7837
533.4104 214.2832
533.9109 213.4101
536.1410 212.1754
538.1264 211.3524

Live_Oak
9
521.1309 219.8501
526.8424 212.8039
521.4813 210.9742
538.5713 176.4327
537.9707 175.9655
533.6606 167.5123
511.2540 168.0628
504.9585 168.2185
505.8873 207.7653

McMullen
4
476.4900 210.3736
505.9429 209.9732
504.9585 168.2185
475.1330 168.9860

Duval
8
475.1330 168.9860
504.9585 168.2185
511.2540 168.0628
510.1250 111.4650
491.4278 112.1157
491.6502 117.6881
489.7482 118.8616
473.9818 118.9339

Webb
36
386.1514 182.2220
392.2411 182.0218
437.9387 180.6927
437.8108 168.2853
475.1330 168.9860
473.9818 118.9339
463.7545 113.2168
439.4403 114.2957
437.1824 117.6548
431.6933 113.9732
430.6144 114.0677
429.2408 114.9297
429.1129 114.9742
426.9551 117.0764
426.6825 117.3767
426.5824 117.5046
426.5324 117.5547
426.4601 117.8272
426.7548 118.2276
428.5345 120.6134
429.5411 122.9937
429.9193 124.3729
430.5922 129.7340
428.3120 136.0795
426.9829 138.4097
426.1264 139.0382
423.2957 141.0959
421.8442 141.3461
421.6718 141.2460
421.5939 140.9401
419.1136 141.0402
408.1577 151.1675
406.1779 153.5199
399.3819 167.2119
393.9985 178.1122
393.6926 178.3624

La_Salle
6
476.5345 211.0242
476.4900 210.3736
475.1330 168.9860
437.8108 168.2853
437.9387 180.6927
438.9398 211.7750

Dimmit
5
393.5925 214.1108
438.1111 211.8028
438.9398 211.7750
437.9387 180.6927
392.2411 182.0218

Maverick
11
395.1275 245.3377
393.5925 214.1108
392.2411 182.0218
386.1514 182.2220
385.9234 182.4723
383.2206 185.4532
381.2130 188.0336
378.1042 197.5880
369.0837 221.8244
361.0586 239.5984
360.1299 246.8226

Kinney
11
360.0576 285.4405
396.7291 283.6831
395.1275 245.3377
360.1299 246.8226
352.8890 258.4235
354.8188 258.0731
355.0691 258.1232
355.8755 259.3022
358.3781 265.2139
358.7284 266.9435
359.4292 272.3102

Edwards
11
398.5310 331.4106
420.9655 330.4875
420.1368 315.0158
414.6756 315.2160
407.1288 316.1169
403.4194 302.5083
402.7409 292.1642
402.8410 283.4384
396.7291 283.6831
360.0576 285.4405
362.3878 332.9456

Real
11
420.1368 315.0158
424.3523 314.8489
423.9019 305.4725
425.1532 302.9421
429.2908 302.7085
428.5122 282.6877
402.8410 283.4384
402.7409 292.1642
403.4194 302.5083
407.1288 316.1169
414.6756 315.2160

Uvalde
6
396.7291 283.6831
402.8410 283.4384
428.5122 282.6877
440.4413 282.2650
438.9398 243.9585
395.1275 245.3377

Zavala
4
438.9398 243.9585
438.1111 211.8028
393.5925 214.1108
395.1275 245.3377

Frio
5
477.2185 242.6571
476.5345 211.0242
438.9398 211.7750
438.1111 211.8028
438.9398 243.9585

Goliad
16
571.1831 224.4605
575.8435 224.4827
577.6731 223.6374
578.5796 221.8021
579.7809 218.6933
580.0590 202.1761
566.2946 190.5974
555.1942 196.3312
546.1459 201.8480
541.1295 210.9464
554.1931 221.0847
564.2202 228.9207
564.6151 228.9207
566.2724 228.2922
569.0531 226.7406
569.9095 225.9843

Victoria
18
592.1160 241.3224
594.4684 238.3971
600.7138 235.6387
601.1365 235.3384
605.6467 226.4181
612.8153 213.1042
612.4427 212.9318
609.0614 211.0521
599.5348 207.7931
594.6464 204.3840
596.1758 200.4966
597.0989 198.6892
580.0590 202.1761
579.7809 218.6933
578.5796 221.8021
577.6731 223.6374
575.8435 224.4827
571.1831 224.4605

DeWitt
11
575.8212 261.5823
592.1160 241.3224
571.1831 224.4605
569.9095 225.9843
569.0531 226.7406
566.2724 228.2922
564.6151 228.9207
564.2202 228.9207
554.1931 221.0847
543.0593 235.1104
552.1076 242.2790

Karnes
13
545.0169 250.4263
552.1076 242.2790
543.0593 235.1104
554.1931 221.0847
541.1295 210.9464
538.1264 211.3524
536.1410 212.1754
533.9109 213.4101
533.4104 214.2832
532.5873 214.7837
526.8424 212.8039
521.1309 219.8501
515.4417 226.7907

Wilson
9
538.1987 261.6324
545.0169 250.4263
515.4417 226.7907
502.2279 243.6859
519.9742 266.6988
520.3523 263.0116
520.5748 262.1107
521.1031 261.1541
522.9050 262.1552

Atascosa
9
477.5689 254.0857
502.2279 243.6859
515.4417 226.7907
521.1309 219.8501
505.8873 207.7653
505.9429 209.9732
476.4900 210.3736
476.5345 211.0242
477.2185 242.6571

Medina
15
478.3697 285.5406
477.5689 254.0857
477.2185 242.6571
438.9398 243.9585
440.4413 282.2650
467.1580 281.0860
467.5863 280.4242
467.6363 280.0794
467.4361 279.3008
466.8911 278.4777
466.9133 277.0429
467.2860 276.1920
467.5362 275.9751
467.7642 275.9417
470.5727 276.5980

Bandera
19
429.2908 302.7085
448.5164 301.8076
455.7350 300.8844
459.0162 299.1826
471.6516 292.2643
480.1494 287.6039
478.3697 285.5406
470.5727 276.5980
467.7642 275.9417
467.5362 275.9751
467.2860 276.1920
466.9133 277.0429
466.8911 278.4777
467.4361 279.3008
467.6363 280.0794
467.5863 280.4242
467.1580 281.0860
440.4413 282.2650
428.5122 282.6877

Kerr
13
448.9391 329.1805
448.6388 318.2803
472.2745 317.7742
471.6516 292.2643
459.0162 299.1826
455.7350 300.8844
448.5164 301.8076
429.2908 302.7085
425.1532 302.9421
423.9019 305.4725
424.3523 314.8489
420.1368 315.0158
420.9655 330.4875

Gillespie
6
449.3673 344.4464
470.3447 343.6512
493.3576 343.0728
492.8793 317.2292
472.2745 317.7742
448.6388 318.2803

Blanco
7
508.2731 341.6880
522.0319 337.0776
518.9731 332.1392
510.7256 309.5323
503.3068 302.5417
492.8793 317.2292
493.3576 343.0728

Kendall
6
472.2745 317.7742
492.8793 317.2292
503.3068 302.5417
488.4914 289.1555
480.1494 287.6039
471.6516 292.2643

Bexar
16
488.4914 289.1555
494.1806 289.8562
494.6867 289.8284
502.6283 288.7996
506.4656 285.7186
509.1240 277.8215
509.7468 275.8416
511.5265 274.4624
514.5630 273.4892
520.5025 269.5017
520.6026 267.3717
519.9742 266.6988
502.2279 243.6859
477.5689 254.0857
478.3697 285.5406
480.1494 287.6039

Guadalupe
15
536.7194 296.0961
551.5348 280.9303
538.1987 261.6324
522.9050 262.1552
521.1031 261.1541
520.5748 262.1107
520.3523 263.0116
519.9742 266.6988
520.6026 267.3717
520.5025 269.5017
514.5630 273.4892
511.5265 274.4624
509.7468 275.8416
509.1240 277.8215
528.8223 288.6772

Comal
10
510.7256 309.5323
527.0204 295.5956
528.8223 288.6772
509.1240 277.8215
506.4656 285.7186
502.6283 288.7996
494.6867 289.8284
494.1806 289.8562
488.4914 289.1555
503.3068 302.5417

Hays
10
518.9731 332.1392
547.1970 307.8027
543.7601 304.7217
535.5904 297.9758
535.1900 296.0738
535.7684 295.9682
536.7194 296.0961
528.8223 288.6772
527.0204 295.5956
510.7256 309.5323

Caldwell
10
547.1970 307.8027
550.9286 310.9616
571.4611 290.3846
571.3332 290.2567
551.5348 280.9303
536.7194 296.0961
535.7684 295.9682
535.1900 296.0738
535.5904 297.9758
543.7601 304.7217

Gonzales
9
571.3332 290.2567
582.0889 278.9004
578.2515 275.5636
578.3016 270.3303
575.8212 261.5823
552.1076 242.2790
545.0169 250.4263
538.1987 261.6324
551.5348 280.9303

Lavaca
11
582.0889 278.9004
598.8786 279.0505
599.4069 278.9004
600.5637 278.1997
603.9450 275.0408
618.3544 257.6727
612.1924 252.5841
594.4684 238.3971
575.8212 261.5823
578.3016 270.3303
578.2515 275.5636

Jackson
10
612.1924 252.5841
613.3214 251.4329
634.0263 231.0006
633.0475 210.4737
616.8807 213.2766
612.8153 213.1042
605.6467 226.4181
601.1365 235.3384
600.7138 235.6387
594.4684 238.3971

Matagorda
37
634.0263 231.0006
655.6766 244.0808
661.3937 250.0036
662.8730 248.5966
663.2512 248.2184
665.8316 239.6318
667.4333 233.4086
667.9616 231.6290
668.1118 231.4010
680.5192 221.6242
680.7472 221.5018
684.5567 221.1515
683.3554 220.3506
680.7194 218.6711
679.5459 217.9704
665.3311 209.6951
660.8209 207.4149
653.4521 204.2060
648.5637 201.9481
639.5376 197.3378
636.3565 195.2022
636.1285 195.0576
631.8407 192.0545
629.9609 190.6475
629.4382 189.8188
629.2880 190.3416
629.6606 190.9478
639.8601 198.6169
641.4173 211.7750
641.1170 212.0976
640.6943 212.2533
639.4097 212.0753
636.5345 211.3969
635.2998 210.9964
634.2710 210.1789
633.0697 208.0656
633.0475 210.4737

Wharton
14
647.9352 276.5980
653.0183 264.2629
656.6054 257.5949
661.0934 252.6064
663.0454 252.3561
661.3937 250.0036
655.6766 244.0808
634.0263 231.0006
613.3214 251.4329
615.5737 252.7065
631.6683 262.8114
632.6971 265.7978
635.7003 271.8820
642.5185 278.9004

Colorado
20
618.0319 302.4360
620.1396 298.5542
622.6923 296.2407
623.3207 295.6734
627.2581 292.9372
627.8810 292.6369
628.9877 292.4145
640.9669 280.5799
642.5185 278.9004
635.7003 271.8820
632.6971 265.7978
631.6683 262.8114
615.5737 252.7065
613.3214 251.4329
612.1924 252.5841
618.3544 257.6727
603.9450 275.0408
600.5637 278.1997
599.4069 278.9004
598.8786 279.0505

Bastrop
9
570.9328 334.5250
579.2025 329.7645
586.4490 324.0418
589.8358 309.1096
571.4611 290.3846
550.9286 310.9616
553.6648 313.4697
560.9335 320.8608
568.7750 335.7596

Fayette
15
604.1952 316.8065
605.8024 315.3995
607.8546 315.8222
609.9345 316.5563
610.8633 317.0290
613.2435 315.4496
614.1500 312.8190
614.7228 310.0050
614.8508 308.4089
618.0319 302.4360
598.8786 279.0505
582.0889 278.9004
571.3332 290.2567
571.4611 290.3846
589.8358 309.1096

Lee
10
582.0611 338.2845
593.9679 345.3029
601.1142 336.2268
606.7757 329.6811
613.7941 326.4777
604.1952 316.8065
589.8358 309.1096
586.4490 324.0418
579.2025 329.7645
570.9328 334.5250

Austin
19
614.8508 308.4089
617.0809 309.8382
635.2998 312.0127
636.4288 311.7846
639.2873 310.5389
642.3461 309.4544
643.7976 309.3543
644.4538 310.1329
651.4444 285.6185
647.9352 276.5980
642.5185 278.9004
640.9669 280.5799
628.9877 292.4145
627.8810 292.6369
627.2581 292.9372
623.3207 295.6734
622.6923 296.2407
620.1396 298.5542
618.0319 302.4360

Washington
32
634.9495 332.3394
635.6280 331.4384
636.3287 330.9379
636.7736 330.7878
640.1382 331.9390
641.1949 333.2181
641.6175 333.5406
642.4462 333.4405
644.1757 331.6164
643.9032 328.7801
647.6850 321.2111
644.4538 310.1329
643.7976 309.3543
642.3461 309.4544
639.2873 310.5389
636.4288 311.7846
635.2998 312.0127
617.0809 309.8382
614.8508 308.4089
614.7228 310.0050
614.1500 312.8190
613.2435 315.4496
610.8633 317.0290
609.9345 316.5563
607.8546 315.8222
605.8024 315.3995
604.1952 316.8065
613.7941 326.4777
622.9425 328.7301
624.7500 329.2361
634.1208 332.6453
634.6714 332.5618

Waller
11
647.6850 321.2111
665.6036 322.6904
665.7037 311.5622
662.3725 312.3853
659.0134 314.2650
657.7566 315.4496
655.9269 316.8065
656.7833 314.0425
664.3301 289.9508
651.4444 285.6185
644.4538 310.1329

Fort_Bend
14
651.4444 285.6185
664.3301 289.9508
689.4674 275.1632
687.1372 265.0638
679.0398 256.9664
676.9098 255.8653
671.3985 255.9431
668.9905 256.7996
666.1598 255.5928
663.0454 252.3561
661.0934 252.6064
656.6054 257.5949
653.0183 264.2629
647.9352 276.5980

Brazoria
26
689.4674 275.1632
702.4531 273.5114
701.4799 267.0436
708.6707 254.9866
712.7305 248.1239
708.1924 239.9488
708.8709 239.4204
708.4927 238.6474
692.7541 224.8831
684.5567 221.1515
680.7472 221.5018
680.5192 221.6242
668.1118 231.4010
667.9616 231.6290
667.4333 233.4086
665.8316 239.6318
663.2512 248.2184
662.8730 248.5966
661.3937 250.0036
663.0454 252.3561
666.1598 255.5928
668.9905 256.7996
671.3985 255.9431
676.9098 255.8653
679.0398 256.9664
687.1372 265.0638

Galveston
35
755.3137 274.1399
753.4562 273.2834
747.8949 270.7252
747.4667 270.5250
747.1942 270.3748
742.1834 268.0446
741.4048 267.6776
739.1525 266.4708
738.7465 266.2205
737.4674 265.4141
736.7166 264.9636
736.4941 264.7912
735.7656 264.2351
735.2373 263.8625
734.9870 263.5622
734.8090 263.4120
734.3586 262.9338
734.2084 262.7113
733.6634 261.8827
733.4076 261.5045
733.1073 260.7815
732.9794 260.4979
731.0774 259.9529
729.9985 259.8973
729.7760 260.0975
729.7260 260.9372
730.7270 262.2108
735.9936 267.8500
736.5386 268.2448
741.3269 270.5250
744.5358 271.6317
745.3422 271.7318
745.9373 271.9821
745.6147 272.7607
745.6147 273.7895

Galveston
23
714.8605 273.5615
717.7413 270.3025
728.0242 259.3022
733.0072 257.8229
729.5981 254.8364
728.5247 254.0078
722.5796 249.9258
715.1052 244.7871
714.6547 244.4923
713.8539 243.8583
711.6015 242.1344
711.2011 241.8063
710.9731 241.6283
710.0722 240.7774
709.3992 240.1490
708.8709 239.4204
708.1924 239.9488
712.7305 248.1239
708.6707 254.9866
701.4799 267.0436
702.4531 273.5114
705.4618 270.5027
711.7016 273.7172

Montgomery
21
663.9519 350.2636
678.2613 341.5879
684.9071 341.6157
688.9446 341.6380
693.1045 341.3654
705.1337 330.0314
709.5216 317.3293
703.2762 311.4120
699.2164 307.5747
697.3867 307.3689
696.2911 307.6025
695.6293 309.0318
693.8330 310.7113
689.3172 313.1360
681.4757 317.2959
678.5393 314.7433
674.1514 312.6633
670.0416 311.8347
668.6846 311.7123
665.7037 311.5622
665.6036 322.6904

Harris
27
665.7037 311.5622
668.6846 311.7123
670.0416 311.8347
674.1514 312.6633
678.5393 314.7433
681.4757 317.2959
689.3172 313.1360
693.8330 310.7113
695.6293 309.0318
696.2911 307.6025
697.3867 307.3689
699.2164 307.5747
703.2762 311.4120
709.5216 317.3293
716.9682 297.1472
720.1493 282.2428
714.8605 273.5615
711.7016 273.7172
705.4618 270.5027
702.4531 273.5114
689.4674 275.1632
664.3301 289.9508
656.7833 314.0425
655.9269 316.8065
657.7566 315.4496
659.0134 314.2650
662.3725 312.3853

Chambers
18
750.4531 297.9758
755.7141 297.9313
756.3982 275.5636
756.3426 274.6181
755.3137 274.1399
745.6147 273.7895
732.5567 275.8695
734.1361 278.8225
735.0371 283.7888
735.0593 284.4395
734.8591 285.8465
733.0072 289.5003
732.3287 290.2567
731.9783 290.3846
728.7917 288.9275
727.3179 288.1489
720.1493 282.2428
716.9682 297.1472

Hardin
27
743.3346 343.5177
772.6095 343.9682
771.0523 340.1642
770.5073 338.5069
769.8289 335.7262
770.0068 334.7252
771.1302 332.1614
771.3304 332.0947
771.9588 331.4384
770.8299 324.4478
770.1848 323.5413
770.4072 317.7464
770.0068 318.1524
765.4131 319.6818
764.5456 319.5594
760.5025 318.2525
760.3523 318.0523
760.3023 317.2514
760.4524 316.1169
760.2800 315.6665
759.4514 314.4708
759.0009 314.2205
752.7333 312.8858
751.7545 313.0693
750.0249 313.9702
740.6262 313.7700
731.8004 340.7092

Liberty
8
724.5873 340.8649
731.8004 340.7092
740.6262 313.7700
750.0249 313.9702
750.4531 297.9758
716.9682 297.1472
709.5216 317.3293
705.1337 330.0314

Jefferson
34
750.0249 313.9702
751.7545 313.0693
752.7333 312.8858
759.0009 314.2205
759.4514 314.4708
760.2800 315.6665
760.4524 316.1169
760.3023 317.2514
760.3523 318.0523
760.5025 318.2525
764.5456 319.5594
765.4131 319.6818
770.0068 318.1524
770.4072 317.7464
770.5574 316.8733
771.8587 312.3630
772.0311 312.1684
780.6624 306.5514
785.8455 305.2167
786.6464 304.8663
787.6029 303.3926
787.8309 302.8142
787.9533 302.1079
787.8476 300.4784
788.4038 284.4895
782.6144 283.5608
781.0795 283.5886
778.2265 283.6164
774.7951 282.8100
770.0791 280.9303
756.3426 274.6181
756.3982 275.5636
755.7141 297.9313
750.4531 297.9758

Orange
15
795.0384 324.2921
794.9940 310.4388
787.8476 300.4784
787.9533 302.1079
787.8309 302.8142
787.6029 303.3926
786.6464 304.8663
785.8455 305.2167
780.6624 306.5514
772.0311 312.1684
771.8587 312.3630
770.5574 316.8733
770.4072 317.7464
770.1848 323.5413
783.5654 323.8973

Travis
19
522.0319 337.0776
527.0204 351.1645
532.7597 351.3369
535.1900 349.6129
538.1264 345.3752
539.2220 340.1086
541.5077 338.1788
543.4653 337.5281
544.8890 337.5782
549.0767 339.0519
554.8438 341.8326
556.0951 341.8326
560.0270 340.5869
568.7750 335.7596
560.9335 320.8608
553.6648 313.4697
550.9286 310.9616
547.1970 307.8027
518.9731 332.1392

Kent
5
384.3218 555.5497
382.7423 524.2671
374.5449 524.6897
351.6600 526.3470
353.2894 557.0568

Kimble
7
438.7896 359.9404
438.2112 344.8246
449.3673 344.4464
448.9391 329.1805
420.9655 330.4875
398.5310 331.4106
399.8602 361.4697

Sutton
5
399.8602 361.4697
398.5310 331.4106
362.3878 332.9456
346.2988 333.7186
347.8504 363.6442

Schleicher
5
365.9248 390.0662
401.0892 388.5368
399.8602 361.4697
347.8504 363.6442
349.1518 390.6167

Menard
5
401.0892 388.5368
432.4719 387.2132
439.3402 376.4297
438.7896 359.9404
399.8602 361.4697

Mason
7
439.3402 376.4297
463.4542 375.6067
471.2456 373.9494
470.3447 343.6512
449.3673 344.4464
438.2112 344.8246
438.7896 359.9404

Llano
7
471.2456 373.9494
503.1344 373.0484
507.2164 366.6251
507.4889 347.9056
508.2731 341.6880
493.3576 343.0728
470.3447 343.6512

Burnet
9
536.1410 380.4395
541.0572 371.1187
527.0204 351.1645
522.0319 337.0776
508.2731 341.6880
507.4889 347.9056
507.2164 366.6251
503.1344 373.0484
503.7072 380.7898

Williamson
19
541.0572 371.1187
551.7072 368.7551
553.5369 368.3046
572.4399 359.5622
582.0611 338.2845
570.9328 334.5250
568.7750 335.7596
560.0270 340.5869
556.0951 341.8326
554.8438 341.8326
549.0767 339.0519
544.8890 337.5782
543.4653 337.5281
541.5077 338.1788
539.2220 340.1086
538.1264 345.3752
535.1900 349.6129
532.7597 351.3369
527.0204 351.1645

Burleson
17
615.2011 357.5601
618.5046 355.0297
618.1542 354.5737
616.4024 351.2702
616.4024 351.0700
622.1194 349.7075
627.3805 347.2549
634.0263 337.7784
634.9495 332.3394
634.6714 332.5618
634.1208 332.6453
624.7500 329.2361
622.9425 328.7301
613.7941 326.4777
606.7757 329.6811
601.1142 336.2268
593.9679 345.3029

San_Jacinto
7
694.8563 366.8364
702.7312 364.3727
706.9634 359.9626
722.6074 344.9692
724.5873 340.8649
705.1337 330.0314
693.1045 341.3654

Walker
9
688.1938 381.0123
694.8563 366.8364
693.1045 341.3654
688.9446 341.6380
684.9071 341.6157
678.2613 341.5879
663.9519 350.2636
661.9220 367.0088
676.9821 371.8194

Grimes
12
643.1247 364.0780
661.9220 367.0088
663.9519 350.2636
665.6036 322.6904
647.6850 321.2111
643.9032 328.7801
648.2355 335.2257
646.0332 336.7551
645.5772 337.5559
644.8765 338.8517
641.9957 348.5118
642.5185 355.9306

Brazos
34
643.1247 364.0780
642.5185 355.9306
641.9957 348.5118
644.8765 338.8517
645.5772 337.5559
646.0332 336.7551
648.2355 335.2257
643.9032 328.7801
644.1757 331.6164
642.4462 333.4405
641.6175 333.5406
641.1949 333.2181
640.1382 331.9390
636.7736 330.7878
636.3287 330.9379
635.6280 331.4384
634.9495 332.3394
634.0263 337.7784
627.3805 347.2549
622.1194 349.7075
616.4024 351.0700
616.4024 351.2702
618.1542 354.5737
618.5046 355.0297
625.3283 358.4833
627.0079 361.4141
628.2314 364.2504
629.6106 366.8754
631.2679 369.4614
632.0409 370.4680
633.0475 371.3411
634.8772 372.5980
637.3853 374.2553
638.6867 374.8781

Madison
8
638.6867 374.8781
642.9467 376.3575
648.4858 380.0391
654.9536 383.3481
667.9394 383.5260
676.9821 371.8194
661.9220 367.0088
643.1247 364.0780

Leon
18
669.3631 412.9511
669.9915 411.9000
671.1205 409.3696
673.8511 401.5559
672.4775 398.0634
672.2216 398.1134
671.6989 397.8131
670.3196 396.2615
667.2387 386.5180
667.3110 385.5837
667.9394 383.5260
654.9536 383.3481
648.4858 380.0391
642.9467 376.3575
638.6867 374.8781
633.9707 402.4235
639.0371 406.4388
666.4601 421.1430

Robertson
18
616.9307 392.7245
633.9707 402.4235
638.6867 374.8781
637.3853 374.2553
634.8772 372.5980
633.0475 371.3411
632.0409 370.4680
631.2679 369.4614
629.6106 366.8754
628.2314 364.2504
627.0079 361.4141
625.3283 358.4833
618.5046 355.0297
615.2011 357.5601
612.2425 365.0012
606.9536 371.7693
603.3666 382.2469
602.6380 384.5771

Milam
10
602.6380 384.5771
603.3666 382.2469
606.9536 371.7693
612.2425 365.0012
615.2011 357.5601
593.9679 345.3029
582.0611 338.2845
572.4399 359.5622
576.0492 369.3446
587.7559 376.1294

Bell
10
566.6950 400.3714
575.2428 397.3571
587.7559 376.1294
576.0492 369.3446
572.4399 359.5622
553.5369 368.3046
551.7072 368.7551
541.0572 371.1187
536.1410 380.4395
536.4691 382.8976

Coryell
5
555.6168 419.7693
566.6950 400.3714
536.4691 382.8976
520.3746 411.5775
545.8956 426.0370

Lampasas
6
514.7354 408.2907
520.3746 411.5775
536.4691 382.8976
536.1410 380.4395
503.7072 380.7898
496.5665 395.4051

Mills
14
503.4570 427.7944
514.7354 408.2907
496.5665 395.4051
496.4107 396.2615
494.0805 401.3502
486.0333 408.4131
484.0812 406.5611
472.2300 411.0213
470.6450 413.1013
470.8730 414.3804
474.0319 416.3658
484.0590 423.0783
485.4382 428.5674
491.0218 429.3182

San_Saba
13
470.8730 414.3804
470.6450 413.1013
472.2300 411.0213
484.0812 406.5611
486.0333 408.4131
494.0805 401.3502
496.4107 396.2615
496.5665 395.4051
503.7072 380.7898
503.1344 373.0484
471.2456 373.9494
463.4542 375.6067
464.7778 412.9011

McCulloch
9
457.9373 413.5796
464.7778 412.9011
463.4542 375.6067
439.3402 376.4297
432.4719 387.2132
433.6509 416.2323
437.6106 415.4593
443.1497 414.6028
454.9286 414.3081

Concho
5
426.5824 422.6056
433.6509 416.2323
432.4719 387.2132
401.0892 388.5368
402.8689 423.8291

Tom_Green
11
359.7795 434.1844
395.6280 432.2601
402.8689 423.8291
401.0892 388.5368
365.9248 390.0662
367.2262 421.4211
349.0795 422.6279
332.2119 423.6067
332.3343 425.5865
356.8709 424.7078
357.6551 434.9574

Coke
5
361.4368 462.2080
370.8855 461.6296
396.9293 460.2059
395.6280 432.2601
359.7795 434.1844

Runnels
6
401.9679 460.0001
428.4622 458.8489
426.5824 422.6056
402.8689 423.8291
395.6280 432.2601
396.9293 460.2059

Coleman
9
433.4730 458.5987
459.8449 457.5142
457.9373 413.5796
454.9286 414.3081
443.1497 414.6028
437.6106 415.4593
433.6509 416.2323
426.5824 422.6056
428.4622 458.8489

Brown
10
464.5275 457.3696
476.2898 456.8913
491.0218 429.3182
485.4382 428.5674
484.0590 423.0783
474.0319 416.3658
470.8730 414.3804
464.7778 412.9011
457.9373 413.5796
459.8449 457.5142

Comanche
8
499.2415 469.4211
512.2050 446.0690
516.8932 448.7440
519.3958 444.1837
522.4100 438.6724
503.4570 427.7944
491.0218 429.3182
476.2898 456.8913

Hamilton
7
519.3958 444.1837
531.8810 451.1298
545.8956 426.0370
520.3746 411.5775
514.7354 408.2907
503.4570 427.7944
522.4100 438.6724

Bosque
12
555.7726 464.0321
564.1424 461.7297
563.4639 457.2918
563.0357 453.5601
563.3638 450.5236
572.9905 433.1777
573.7190 432.0544
575.7434 430.7975
555.6168 419.7693
545.8956 426.0370
531.8810 451.1298
540.4789 455.9403

Falls
5
604.5956 414.4582
616.9307 392.7245
602.6380 384.5771
587.7559 376.1294
575.2428 397.3571

McLennan
7
596.7263 427.9167
604.5956 414.4582
575.2428 397.3571
566.6950 400.3714
555.6168 419.7693
575.7434 430.7975
590.4587 439.0672

Hill
12
564.1424 461.7297
587.8004 468.0196
599.1844 454.1329
609.7621 435.4134
596.7263 427.9167
590.4587 439.0672
575.7434 430.7975
573.7190 432.0544
572.9905 433.1777
563.3638 450.5236
563.0357 453.5601
563.4639 457.2918

Limestone
7
609.7621 435.4134
623.2706 433.9841
639.0371 406.4388
633.9707 402.4235
616.9307 392.7245
604.5956 414.4582
596.7263 427.9167

Freestone
10
650.2877 448.9942
649.7427 445.6407
655.1260 435.6414
659.0134 431.7262
661.0711 430.9699
665.9317 425.2361
666.4601 421.1430
639.0371 406.4388
623.2706 433.9841
650.1653 449.4725

Navarro
10
599.1844 454.1329
630.3113 472.2351
636.0061 469.6046
639.3151 466.5903
641.4674 464.0099
646.6061 457.7923
649.4145 453.6101
650.1653 449.4725
623.2706 433.9841
609.7621 435.4134

Somervell
4
535.8184 466.5347
555.8949 472.3018
555.7726 464.0321
540.4789 455.9403

Ellis
7
588.0006 488.4520
590.9370 488.3463
621.5689 487.8402
626.2015 474.4096
630.3113 472.2351
599.1844 454.1329
587.8004 468.0196

Johnson
7
556.0729 489.3251
560.0770 489.2473
588.0006 488.4520
587.8004 468.0196
564.1424 461.7297
555.7726 464.0321
555.8949 472.3018

Hood
5
529.0002 490.1037
556.0729 489.3251
555.8949 472.3018
535.8184 466.5347
528.8223 486.6890

Erath
9
528.8223 486.6890
535.8184 466.5347
540.4789 455.9403
531.8810 451.1298
519.3958 444.1837
516.8932 448.7440
512.2050 446.0690
499.2415 469.4211
504.3078 487.3953

Eastland
7
466.9133 488.6244
498.2182 487.6956
504.3078 487.3953
499.2415 469.4211
476.2898 456.8913
464.5275 457.3696
465.8066 488.6578

Callahan
6
435.8310 489.7033
465.8066 488.6578
464.5275 457.3696
459.8449 457.5142
433.4730 458.5987
434.7799 489.7533

Taylor
5
434.7799 489.7533
433.4730 458.5987
428.4622 458.8489
401.9679 460.0001
403.6697 491.6053

Nolan
5
403.6697 491.6053
401.9679 460.0001
396.9293 460.2059
370.8855 461.6296
372.7152 493.2069

Fisher
5
382.7423 524.2671
405.1768 523.0158
403.6697 491.6053
372.7152 493.2069
374.5449 524.6897

Jones
6
405.1768 523.0158
414.4754 522.6376
437.0322 521.5086
435.8310 489.7033
434.7799 489.7533
403.6697 491.6053

Shackelford
6
437.0322 521.5086
445.4799 521.2028
467.9422 520.4297
466.9133 488.6244
465.8066 488.6578
435.8310 489.7033

Stephens
5
476.6401 520.1294
499.1191 519.3063
498.2182 487.6956
466.9133 488.6244
467.9422 520.4297

Palo_Pinto
7
508.1452 522.9101
530.3294 522.0592
529.0002 490.1037
528.8223 486.6890
504.3078 487.3953
498.2182 487.6956
499.1191 519.3063

Parker
6
530.3294 522.0592
538.3767 521.7367
560.9835 520.8357
560.0770 489.2473
556.0729 489.3251
529.0002 490.1037

Tarrant
6
560.9835 520.8357
569.7037 520.4075
591.6377 519.7346
590.9370 488.3463
588.0006 488.4520
560.0770 489.2473

Dallas
6
591.6377 519.7346
602.8661 519.8291
622.5199 519.3063
622.3197 507.1715
621.5689 487.8402
590.9370 488.3463

Rockwall
4
635.6836 519.2062
635.6502 509.1346
622.3197 507.1715
622.5199 519.3063

Kaufman
6
635.6502 509.1346
648.8918 508.8788
648.9140 474.2650
626.2015 474.4096
621.5689 487.8402
622.3197 507.1715

Rains
4
661.7218 519.0283
673.5508 517.6769
675.4027 500.4033
657.4340 508.7787

Van_Zandt
8
657.4340 508.7787
675.4027 500.4033
677.8608 498.0175
677.9665 483.1131
685.3798 475.2160
686.7367 474.1816
648.9140 474.2650
648.8918 508.8788

Henderson
13
648.9140 474.2650
686.7367 474.1816
686.1862 458.3873
688.1104 454.7335
650.2877 448.9942
650.1653 449.4725
649.4145 453.6101
646.6061 457.7923
641.4674 464.0099
639.3151 466.5903
636.0061 469.6046
630.3113 472.2351
626.2015 474.4096

Anderson
21
688.1104 454.7335
687.0371 444.9789
688.0159 439.8013
690.2738 431.6762
694.5282 427.7944
695.3568 427.6164
696.7416 425.9369
697.5925 424.1572
698.4656 421.3766
698.6436 420.6703
697.7927 419.4690
684.4010 417.3835
674.7298 415.6817
669.3631 412.9511
666.4601 421.1430
665.9317 425.2361
661.0711 430.9699
659.0134 431.7262
655.1260 435.6414
649.7427 445.6407
650.2877 448.9942

Houston
20
669.3631 412.9511
674.7298 415.6817
684.4010 417.3835
697.7927 419.4690
701.7023 417.9619
707.7642 411.7499
714.3822 407.6623
717.1907 404.8760
688.1938 381.0123
676.9821 371.8194
667.9394 383.5260
667.3110 385.5837
667.2387 386.5180
670.3196 396.2615
671.6989 397.8131
672.2216 398.1134
672.4775 398.0634
673.8511 401.5559
671.1205 409.3696
669.9915 411.9000

Trinity
5
724.4371 387.7137
702.7312 364.3727
694.8563 366.8364
688.1938 381.0123
717.1907 404.8760

Polk
11
741.7552 381.6685
735.8879 378.1871
743.3346 343.5177
731.8004 340.7092
724.5873 340.8649
722.6074 344.9692
706.9634 359.9626
702.7312 364.3727
724.4371 387.7137
731.3999 384.7996
736.7444 383.6762

Newton
19
800.5887 391.2452
803.4416 391.9960
803.6697 369.2612
802.5629 364.4506
793.7649 347.8833
793.0642 345.3752
793.0642 345.3474
793.2421 345.1583
794.9717 343.0728
795.8448 338.6015
795.8226 338.2288
795.5723 337.6060
793.2088 335.6206
793.1420 335.5538
795.0384 324.2921
783.5654 323.8973
784.4941 354.3456
784.6443 374.4555
781.5299 389.4934

Jasper
33
773.7107 387.6359
781.5299 389.4934
784.6443 374.4555
784.4941 354.3456
783.5654 323.8973
770.1848 323.5413
770.8299 324.4478
771.9588 331.4384
771.3304 332.0947
771.1302 332.1614
770.0068 334.7252
769.8289 335.7262
770.5073 338.5069
771.0523 340.1642
772.6095 343.9682
771.6808 345.4753
771.0357 347.5830
771.2025 348.1336
772.5873 350.7975
772.2870 353.6727
767.9046 362.3707
767.3485 362.8434
765.9637 363.0436
765.5911 363.1214
765.4465 363.2938
761.3089 375.3564
761.7315 377.7589
761.5091 378.3317
760.7805 379.0881
757.9220 380.1892
754.2849 380.0891
748.1730 379.9167
768.2272 385.0053

Tyler
21
748.1730 379.9167
754.2849 380.0891
757.9220 380.1892
760.7805 379.0881
761.5091 378.3317
761.7315 377.7589
761.3089 375.3564
765.4465 363.2938
765.5911 363.1214
765.9637 363.0436
767.3485 362.8434
767.9046 362.3707
772.2870 353.6727
772.5873 350.7975
771.2025 348.1336
771.0357 347.5830
771.6808 345.4753
772.6095 343.9682
743.3346 343.5177
735.8879 378.1871
741.7552 381.6685

Angelina
16
722.7075 414.9810
725.3103 412.1002
736.6387 409.1917
739.3749 409.6421
741.7774 408.6355
745.0141 406.9393
745.7927 406.1051
755.9644 393.7756
768.2272 385.0053
748.1730 379.9167
741.7552 381.6685
736.7444 383.6762
731.3999 384.7996
724.4371 387.7137
717.1907 404.8760
714.3822 407.6623

Sabine
14
785.4952 420.3533
792.0854 413.4294
797.7023 405.2820
799.5320 397.3071
799.9547 394.9546
800.5887 391.2452
781.5299 389.4934
773.7107 387.6359
773.1879 389.3154
772.9655 399.3147
773.0155 407.4120
775.6182 410.2149
776.6415 411.5219
776.3968 418.9129

San_Augustine
14
776.3968 418.9129
776.6415 411.5219
775.6182 410.2149
773.0155 407.4120
772.9655 399.3147
773.1879 389.3154
773.7107 387.6359
768.2272 385.0053
755.9644 393.7756
756.2925 402.3456
756.7430 418.7182
752.4830 423.4788
751.0315 424.4854
769.8567 422.4777

Shelby
8
743.8129 447.3926
773.8886 448.3658
782.4364 438.8170
785.4952 420.3533
776.3968 418.9129
769.8567 422.4777
751.0315 424.4854
747.5445 438.1440

Nacogdoches
19
718.0972 437.8159
747.5445 438.1440
751.0315 424.4854
752.4830 423.4788
756.7430 418.7182
756.2925 402.3456
755.9644 393.7756
745.7927 406.1051
745.0141 406.9393
741.7774 408.6355
739.3749 409.6421
736.6387 409.1917
725.3103 412.1002
722.7075 414.9810
719.3930 418.2455
719.0982 418.7182
717.5967 422.8003
716.4844 426.9379
715.8337 433.3613

Cherokee
23
686.1862 458.3873
714.9383 458.7989
718.0972 437.8159
715.8337 433.3613
716.4844 426.9379
717.5967 422.8003
719.0982 418.7182
719.3930 418.2455
722.7075 414.9810
714.3822 407.6623
707.7642 411.7499
701.7023 417.9619
697.7927 419.4690
698.6436 420.6703
698.4656 421.3766
697.5925 424.1572
696.7416 425.9369
695.3568 427.6164
694.5282 427.7944
690.2738 431.6762
688.0159 439.8013
687.0371 444.9789
688.1104 454.7335

Panola
14
771.6307 477.9688
771.9366 463.8597
773.8886 448.3658
743.8129 447.3926
738.4517 447.2646
738.2460 454.9337
739.4194 463.8097
740.7486 467.1242
742.6783 470.5278
744.4913 474.9157
744.5358 477.6463
746.2654 476.1169
752.8056 473.3084
753.3116 473.2139

Rusk
15
739.2470 477.6018
744.5358 477.6463
744.4913 474.9157
742.6783 470.5278
740.7486 467.1242
739.4194 463.8097
738.2460 454.9337
738.4517 447.2646
743.8129 447.3926
747.5445 438.1440
718.0972 437.8159
714.9383 458.7989
714.7103 475.4384
725.3659 475.6664
735.3652 475.7666

Gregg
15
714.4823 487.5232
715.4611 487.6233
724.5372 491.5107
728.1187 496.4937
728.5692 496.6939
731.3999 496.3713
731.5779 496.0210
731.8004 481.6783
731.8782 479.5260
735.4653 477.7964
738.6464 477.3793
739.2470 477.6018
735.3652 475.7666
725.3659 475.6664
714.7103 475.4384

Smith
14
677.8608 498.0175
683.3054 493.1402
685.0294 492.3839
702.3475 488.0460
702.7812 488.0961
703.9324 488.6578
704.4830 489.7756
714.4823 487.5232
714.7103 475.4384
714.9383 458.7989
686.1862 458.3873
686.7367 474.1816
685.3798 475.2160
677.9665 483.1131

Wood
12
704.2606 521.6810
704.3329 513.6894
704.4830 489.7756
703.9324 488.6578
702.7812 488.0961
702.3475 488.0460
685.0294 492.3839
683.3054 493.1402
677.8608 498.0175
675.4027 500.4033
673.5508 517.6769
694.9064 517.9494

Harrison
19
731.4277 506.1204
743.2567 499.1576
750.6311 499.2243
752.6109 500.2309
759.7572 501.1541
763.9839 501.5045
767.0482 501.1319
771.1580 499.6025
771.6307 477.9688
753.3116 473.2139
752.8056 473.3084
746.2654 476.1169
744.5358 477.6463
739.2470 477.6018
738.6464 477.3793
735.4653 477.7964
731.8782 479.5260
731.8004 481.6783
731.5779 496.0210

Upshur
12
704.3329 513.6894
730.2487 514.1454
731.1274 512.3157
731.4277 506.1204
731.5779 496.0210
731.3999 496.3713
728.5692 496.6939
728.1187 496.4937
724.5372 491.5107
715.4611 487.6233
714.4823 487.5232
704.4830 489.7756

Camp
11
704.2606 521.6810
705.8122 523.2160
710.9231 526.0022
712.2522 526.2580
713.3311 526.2747
716.8626 526.2191
717.6690 525.9466
720.8501 522.0092
724.2091 519.7068
730.2487 514.1454
704.3329 513.6894

Marion
11
734.2362 512.3825
770.9078 513.1388
771.1580 499.6025
767.0482 501.1319
763.9839 501.5045
759.7572 501.1541
752.6109 500.2309
750.6311 499.2243
743.2567 499.1576
731.4277 506.1204
731.1274 512.3157

Cass
17
733.9582 540.4172
734.1083 539.7276
734.6088 539.3272
736.6165 538.9323
759.1010 538.8044
759.2289 539.0102
759.0232 539.6609
758.8508 541.1624
759.8073 542.8642
761.6815 543.5149
763.1608 543.8486
768.5497 542.9866
769.8010 542.3415
770.3071 541.2125
770.6853 523.0881
770.9078 513.1388
734.2362 512.3825

Morris
7
724.5039 547.1298
728.2467 544.6717
733.9582 540.4172
734.2362 512.3825
731.1274 512.3157
730.2487 514.1454
724.2091 519.7068

Titus
10
724.5039 547.1298
724.2091 519.7068
720.8501 522.0092
717.6690 525.9466
716.8626 526.2191
713.3311 526.2747
712.2522 526.2580
710.9231 526.0022
705.8122 523.2160
705.6064 548.7759

Franklin
6
705.6064 548.7759
705.8122 523.2160
704.2606 521.6810
694.9064 517.9494
694.7062 547.7804
694.8285 547.8750

Hopkins
10
661.7440 536.2963
666.6603 539.2104
669.3409 542.3415
676.7597 545.7283
678.1890 546.3289
681.2477 546.4290
694.7062 547.7804
694.9064 517.9494
673.5508 517.6769
661.7218 519.0283

Delta
18
661.9721 553.7422
666.6102 555.9000
667.7114 556.2003
675.9811 555.5997
677.1379 555.4217
683.6780 553.3696
684.8348 552.8691
690.8744 548.7592
694.7062 548.0585
694.8285 547.8750
694.7062 547.7804
681.2477 546.4290
678.1890 546.3289
676.7597 545.7283
669.3409 542.3415
666.6603 539.2104
661.7440 536.2963
661.8998 550.0050

Hunt
8
661.8998 550.0050
661.7440 536.2963
661.7218 519.0283
657.4340 508.7787
648.8918 508.8788
635.6502 509.1346
635.6836 519.2062
635.8782 545.8729

Collin
6
603.7670 549.9104
630.5671 549.1875
635.8782 545.8729
635.6836 519.2062
622.5199 519.3063
602.8661 519.8291

Denton
6
571.0829 552.0905
597.2547 550.7613
603.7670 549.9104
602.8661 519.8291
591.6377 519.7346
569.7037 520.4075

Wise
6
539.2220 552.8913
564.8932 552.4186
571.0829 552.0905
569.7037 520.4075
560.9835 520.8357
538.3767 521.7367

Jack
7
509.3019 555.9501
535.6405 555.3494
539.2220 552.8913
538.3767 521.7367
530.3294 522.0592
508.1452 522.9101
509.2241 550.8559

Young
5
477.4410 551.8625
509.2241 550.8559
508.1452 522.9101
499.1191 519.3063
476.6401 520.1294

Throckmorton
5
446.5588 553.0137
477.4410 551.8625
476.6401 520.1294
467.9422 520.4297
445.4799 521.2028

Haskell
5
415.6766 554.0926
446.5588 553.0137
445.4799 521.2028
437.0322 521.5086
414.4754 522.6376

Stonewall
5
384.3218 555.5497
415.6766 554.0926
414.4754 522.6376
405.1768 523.0158
382.7423 524.2671

Dickens
4
354.8188 588.4562
385.7510 587.0547
384.3218 555.5497
353.2894 557.0568

Motley
5
356.6207 622.9476
362.2376 622.6751
387.4806 621.5072
385.7510 587.0547
354.8188 588.4562

Hall
6
387.5807 652.8288
394.8994 652.4561
393.3200 621.1958
387.4806 621.5072
362.2376 622.6751
363.9450 654.0300

Donley
5
389.1824 684.2114
387.5807 652.8288
363.9450 654.0300
355.4194 654.4860
357.3492 685.7353

Gray
4
359.0510 717.2459
390.6116 715.6664
389.1824 684.2114
357.3492 685.7353

Roberts
7
360.7583 748.7064
360.7583 748.8788
391.7628 747.2271
392.1410 747.2048
390.6116 715.6664
359.0510 717.2459
359.0788 717.6963

Ochiltree
5
369.9846 780.3616
393.3200 779.1882
391.7628 747.2271
360.7583 748.8788
362.4879 780.7342

Lipscomb
5
393.3200 779.1882
424.3523 777.8034
423.1733 745.7422
392.1410 747.2048
391.7628 747.2271

Hemphill
5
423.1733 745.7422
422.6450 733.1402
421.8720 714.2372
390.6116 715.6664
392.1410 747.2048

Wheeler
4
390.6116 715.6664
421.8720 714.2372
420.5428 682.7544
389.1824 684.2114

Collingsworth
6
389.1824 684.2114
420.5428 682.7544
420.0645 671.7763
419.2137 651.2994
394.8994 652.4561
387.5807 652.8288

Childress
5
394.8994 652.4561
419.2137 651.2994
418.8132 637.9633
418.0347 619.9668
393.3200 621.1958

Cottle
9
387.4806 621.5072
393.3200 621.1958
418.0347 619.9668
417.7844 613.6713
417.1282 614.9560
415.4764 614.8003
414.8981 614.1718
413.5967 585.8312
385.7510 587.0547

King
5
385.7510 587.0547
413.5967 585.8312
416.6832 585.6755
415.6766 554.0926
384.3218 555.5497

Knox
9
447.3096 577.1054
446.5588 553.0137
415.6766 554.0926
416.6832 585.6755
426.2043 585.2751
434.2015 583.7234
443.2999 581.7158
446.3085 579.5858
447.1594 578.0342

Foard
18
417.7844 613.6713
428.5122 605.3793
443.7503 600.4631
447.2873 601.0470
447.9603 601.7478
448.1883 602.4485
447.5098 584.3463
447.3096 577.1054
447.1594 578.0342
446.3085 579.5858
443.2999 581.7158
434.2015 583.7234
426.2043 585.2751
416.6832 585.6755
413.5967 585.8312
414.8981 614.1718
415.4764 614.8003
417.1282 614.9560

Hardeman
21
427.4055 633.6810
430.4643 629.7158
431.9436 627.9640
436.0534 624.0543
437.8609 623.6261
438.3614 623.6261
440.6415 623.6484
442.9272 626.5347
443.2498 626.6571
443.9005 626.5625
446.7090 626.2344
447.6099 625.8562
449.0670 625.0053
448.1883 602.4485
447.9603 601.7478
447.2873 601.0470
443.7503 600.4631
428.5122 605.3793
417.7844 613.6713
418.0347 619.9668
418.8132 637.9633

Archer
5
478.4698 583.2952
509.8469 582.5444
509.3019 555.9501
509.2241 550.8559
477.4410 551.8625

Baylor
5
478.4698 583.2952
477.4410 551.8625
446.5588 553.0137
447.3096 577.1054
447.5098 584.3463

Wilbarger
28
464.4052 620.0224
464.3329 618.3651
464.2828 616.8079
465.3061 611.2466
465.3061 611.2243
465.3339 611.1909
466.0847 610.9685
467.2860 610.5959
469.4938 610.0954
470.5950 610.1454
472.9752 610.1899
478.4142 609.7617
478.4921 609.7617
479.3207 609.3446
478.4698 583.2952
447.5098 584.3463
448.1883 602.4485
449.0670 625.0053
450.9968 623.1756
452.9766 623.0032
453.4271 623.1979
453.4771 623.1979
453.5550 623.3258
453.5772 623.3814
456.1076 627.9139
458.6881 626.5125
461.6245 624.9330
464.4052 620.0947

Wichita
15
499.4472 606.2580
500.0479 606.2135
501.3548 605.3515
502.7062 604.2003
505.5091 599.6901
507.1942 599.0839
507.2164 599.0616
507.2665 599.1117
510.4253 601.9480
509.8469 582.5444
478.4698 583.2952
479.3207 609.3446
484.7820 606.0801
490.2210 604.7509
494.0805 604.6063

Clay
20
528.9724 596.3310
530.0013 594.2733
530.1514 594.1232
530.2515 594.1009
532.7597 593.3501
534.0388 593.3501
534.1111 593.3724
536.1688 593.8729
538.3767 592.9998
538.3989 592.9720
537.8706 589.1402
536.3412 585.8312
535.6405 555.3494
509.3019 555.9501
509.8469 582.5444
510.4253 601.9480
512.8056 604.9567
513.9568 605.6073
516.2147 605.1013
525.3909 602.2205

Montague
14
565.6217 587.1548
564.8932 552.4186
539.2220 552.8913
535.6405 555.3494
536.3412 585.8312
536.9975 585.2250
542.2307 582.8392
542.9370 582.7725
544.7889 583.3230
547.7475 585.6532
550.8563 588.8844
552.8862 591.4426
558.9258 587.4106
561.0558 585.9257

Cooke
17
597.5772 589.1402
597.2547 550.7613
571.0829 552.0905
564.8932 552.4186
565.6217 587.1548
566.7952 581.7937
566.9509 581.4210
567.0009 581.2931
567.0009 581.2653
567.3513 580.8427
567.8741 580.4923
585.1476 572.9456
585.9762 572.6675
586.9272 572.5451
587.7781 572.8176
588.3787 573.2959
588.6568 573.6685

Fannin
25
662.7729 581.0651
661.9721 553.7422
661.8998 550.0050
635.8782 545.8729
630.5671 549.1875
630.9675 572.9456
631.5404 572.1614
640.3885 574.3470
641.6175 574.6751
642.6964 575.1367
642.7687 575.2257
643.3249 575.8041
643.3972 575.8986
643.4250 575.9487
643.5751 576.4270
643.7475 576.9775
643.7976 577.1777
643.8254 577.3557
644.1980 579.0853
644.6985 580.8427
647.7072 581.5378
654.3753 582.0940
655.6544 582.1885
656.4608 582.2719
659.8921 581.5934

Grayson
24
598.1556 589.4628
601.1643 583.2785
602.1375 582.1885
602.7381 581.7714
608.3329 580.0585
611.2136 580.5424
611.2637 580.5646
617.2032 583.2452
617.0030 582.0940
617.0531 581.2097
617.1031 580.8649
617.1532 580.6925
623.2428 576.6049
623.7934 576.2267
623.8713 576.2267
626.9078 576.8051
627.6085 576.7273
628.3871 576.4770
628.3871 576.4548
630.9675 572.9456
630.5671 549.1875
603.7670 549.9104
597.2547 550.7613
597.5772 589.1402

Lamar
28
694.3335 583.4231
694.7062 548.0585
690.8744 548.7592
684.8348 552.8691
683.6780 553.3696
677.1379 555.4217
675.9811 555.5997
667.7114 556.2003
666.6102 555.9000
661.9721 553.7422
662.7729 581.0651
667.8615 582.9727
667.8838 582.9949
672.8501 585.5809
677.1879 587.8333
679.1121 587.7332
679.5626 587.5552
680.1910 585.9535
680.1744 585.4753
679.9964 584.9692
680.0131 584.6021
680.0131 584.5521
680.2467 584.1517
680.4691 583.9515
686.3363 583.1729
688.5609 582.9949
692.5762 583.1951
692.6040 583.1951

Aransas
21
573.2852 168.1907
574.5199 167.1841
574.7201 167.1563
580.4093 169.9148
588.4566 175.9822
588.8515 177.0611
587.5279 177.1056
586.1486 177.3058
583.7128 178.7629
582.2891 180.6704
582.1890 182.1275
603.2943 185.2029
602.7660 181.8995
603.5167 180.6927
603.5167 180.2922
602.6658 178.4403
602.0374 177.9620
594.0458 171.3941
592.2661 171.3718
586.7215 164.1977
581.1379 155.7278

Aransas
4
600.7138 170.4653
599.1566 166.8616
586.7771 151.0173
586.4490 151.9238

Cameron
20
532.6318  46.0469
554.2877  42.2095
561.2839  46.8699
563.8143  50.0121
564.1201  49.8564
567.1233  45.6464
566.9509  39.6291
569.2032  28.4507
574.0138  20.4480
574.1695  20.2756
573.4132  17.8230
561.5619  10.7212
555.7948  12.4841
554.8883  13.0347
553.9929  13.7299
550.2780  16.6662
544.8167  22.7559
544.5887  23.5623
537.1699  24.8581
532.2314  25.7146

Cameron
15
573.0127  49.8786
574.1139  49.8786
575.8935  42.4097
576.4497  39.6012
577.2004  34.3124
578.3294  25.3864
578.0291  25.4421
577.8511  25.4643
577.3283  26.1928
576.7500  31.0256
576.8223  33.2335
576.5219  35.8696
575.8935  39.9238
574.6422  45.7632
573.8914  48.0434

