688 800

Kent
16
431.1774 491.8560
413.6796 424.3837
377.3902 368.2135
185.9349 312.6560
176.1987 349.4901
157.1349 421.9326
364.8625 483.2773
366.7008 484.2305
371.6030 492.5369
369.7647 501.3880
371.6030 510.3071
373.5094 512.1454
393.1179 523.5156
401.6966 521.9497
409.6625 516.0943
422.2583 501.6603

Providence
15
275.1945 720.2135
355.6711 711.9071
443.0923 544.0773
422.2583 501.6603
409.6625 516.0943
401.6966 521.9497
393.1179 523.5156
373.5094 512.1454
371.6030 510.3071
369.7647 501.3880
371.6030 492.5369
366.7008 484.2305
364.8625 483.2773
157.1349 421.9326
 88.0285 662.8177

Bristol
9
431.1774 491.8560
422.2583 501.6603
443.0923 544.0773
516.4881 503.2263
543.1774 478.3752
516.4881 438.1369
506.6838 421.9326
505.6625 418.5284
457.5264 433.3028

Newport
11
543.1774 478.3752
630.8711 339.3454
607.5859 309.3199
521.0498 267.3114
495.9264 260.8433
486.3945 266.9709
486.0540 270.9199
505.3902 417.6433
505.6625 418.5284
506.6838 421.9326
516.4881 438.1369

Washington
13
185.9349 312.6560
377.3902 368.2135
413.6796 424.3837
431.1774 370.3241
440.6413 305.9156
444.7945 278.2731
445.5434 267.3114
446.1562 250.6986
444.9987 241.7794
439.3476 206.5114
429.9519 170.9029
220.3859  64.7582
202.5476  66.2561

