1000 659

Philadelphia
10
945.5599 250.5704
935.4740 235.8793
923.5719 213.7454
917.3290 204.8269
902.0704 225.2907
909.5295 235.3766
901.2110 241.7979
910.1943 255.6134
919.0965 249.6948
935.2470 267.4506

Bucks
11
887.1847 354.7215
909.6105 345.5761
921.4477 321.7557
936.6415 312.5454
937.6793 311.9617
979.8392 279.5796
945.5599 250.5704
935.2470 267.4506
849.8246 309.1240
867.6452 338.5548
885.4821 358.0132

Greene
8
 83.0336  64.3534
115.2372  82.0444
117.0534  82.2714
134.5335  82.4011
164.1589  82.3200
186.2929  30.0093
106.7080  16.7128
 91.2223  14.2156

Fayette
16
177.9582 115.3831
198.7300 119.2586
235.7659 128.4365
239.5765 129.5553
243.5168 128.5500
245.1383 127.7068
272.5260 113.3724
268.5046 102.5730
261.2077  81.4606
259.9591  71.2287
265.4399  46.7436
268.8127  44.4734
255.4999  42.0736
210.2429  34.0956
186.2929  30.0093
164.1589  82.3200

Washington
13
 90.1035 175.5096
122.8585 150.0029
159.6024 134.7280
176.4988 130.2201
177.9582 115.3831
164.1589  82.3200
134.5335  82.4011
117.0534  82.2714
115.2372  82.0444
 83.0336  64.3534
 76.3366 105.3458
 68.2614 155.1269
 65.4886 171.4233

Allegheny
14
187.3144 233.0254
187.3793 232.8957
193.7519 185.8225
194.1897 182.4498
194.0438 181.3795
185.7091 139.1872
184.2497 135.4739
176.4988 130.2201
159.6024 134.7280
122.8585 150.0029
 90.1035 175.5096
107.4539 198.8272
118.9830 209.4969
116.2750 221.9990

Beaver
8
 52.7109 249.1434
108.4592 259.1970
116.2750 221.9990
118.9830 209.4969
107.4539 198.8272
 90.1035 175.5096
 65.4886 171.4233
 59.9429 204.9729

Lawrence
7
110.5024 305.3782
108.4592 259.1970
 52.7109 249.1434
 50.8623 259.1970
 43.3222 306.0431
 83.5363 313.2913
101.0002 313.2103

Butler
7
169.6397 337.0955
187.3144 233.0254
116.2750 221.9990
108.4592 259.1970
110.5024 305.3782
121.9017 329.1337
168.9100 337.4684

Armstrong
17
247.3760 325.1285
252.5163 296.2490
257.5431 268.0992
238.9927 228.7932
230.1391 210.6482
187.3793 232.8957
187.3144 233.0254
169.6397 337.0955
173.6449 322.9881
174.1638 321.0909
177.8122 312.5454
194.6924 301.8757
197.9841 301.3731
202.6703 301.0001
205.5891 301.8757
216.8426 305.9134
233.6579 312.6914

Clarion
24
194.6438 387.5414
206.5296 389.6656
204.7783 399.9461
211.2158 401.1298
234.5984 404.1297
237.9549 383.6011
247.3760 325.1285
233.6579 312.6914
216.8426 305.9134
205.5891 301.8757
202.6703 301.0001
197.9841 301.3731
194.6924 301.8757
177.8122 312.5454
174.1638 321.0909
173.6449 322.9881
169.6397 337.0955
168.9100 337.4684
172.9152 355.3701
175.5259 360.8509
178.4608 365.2453
185.5632 371.9584
187.1847 372.2341
196.3788 377.0176

Forest
15
180.6661 435.9928
265.8777 451.0407
270.4829 422.8260
269.1695 414.7994
255.7918 412.7400
252.2569 405.6539
255.1432 388.5467
237.9549 383.6011
234.5984 404.1297
211.2158 401.1298
204.7783 399.9461
206.5296 389.6656
194.6438 387.5414
192.5844 398.7137
185.1254 411.5887

Venango
17
180.6661 435.9928
185.1254 411.5887
192.5844 398.7137
194.6438 387.5414
196.3788 377.0176
187.1847 372.2341
185.5632 371.9584
178.4608 365.2453
175.5259 360.8509
172.9152 355.3701
168.9100 337.4684
121.9017 329.1337
110.6483 395.1950
116.2102 401.1298
132.8633 422.9070
165.5372 431.7444
165.2453 433.1227

Mercer
8
 30.8526 381.6066
110.6483 395.1950
121.9017 329.1337
110.5024 305.3782
101.0002 313.2103
 83.5363 313.2913
 43.3222 306.0431
 43.0465 307.7295

Crawford
11
157.2025 480.0499
165.2453 433.1227
165.5372 431.7444
132.8633 422.9070
116.2102 401.1298
110.6483 395.1950
 30.8526 381.6066
 30.4634 383.8767
 18.5614 456.5214
111.6699 472.3800
146.4031 478.6229

Erie
14
152.1596 511.0536
157.2025 480.0499
146.4031 478.6229
111.6699 472.3800
 18.5614 456.5214
 14.2157 483.0497
 41.0845 499.9948
 76.5150 529.3770
104.5838 552.3379
119.3397 563.1535
120.2316 557.6079
124.2530 534.4199
129.0689 507.0322
149.8246 510.6158

Westmoreland
22
230.1391 210.6482
229.0527 207.9078
231.2418 201.0974
231.6309 200.7244
242.0574 196.5571
280.4878 194.2221
309.0754 196.0382
300.6110 170.7747
272.5260 113.3724
245.1383 127.7068
243.5168 128.5500
239.5765 129.5553
235.7659 128.4365
198.7300 119.2586
177.9582 115.3831
176.4988 130.2201
184.2497 135.4739
185.7091 139.1872
194.0438 181.3795
194.1897 182.4498
193.7519 185.8225
187.3793 232.8957

Indiana
12
252.5163 296.2490
316.1615 306.5620
323.5233 269.0721
309.0754 196.0382
280.4878 194.2221
242.0574 196.5571
231.6309 200.7244
231.2418 201.0974
229.0527 207.9078
230.1391 210.6482
238.9927 228.7932
257.5431 268.0992

Jefferson
14
237.9549 383.6011
255.1432 388.5467
258.1917 391.7736
275.2340 396.7517
313.3887 382.4984
318.4965 376.4177
319.5992 370.4991
310.8915 369.1208
308.2646 356.2620
308.1836 355.8080
308.3619 349.7596
316.1615 306.5620
252.5163 296.2490
247.3760 325.1285

Warren
11
235.7659 525.8744
257.4782 529.5391
259.6673 520.3288
263.8346 497.0760
263.4130 494.9031
259.2295 494.0113
265.8777 451.0407
180.6661 435.9928
165.2453 433.1227
157.2025 480.0499
152.1596 511.0536

McKean
16
350.3921 547.0030
365.7805 550.0515
381.2012 471.2125
348.8354 461.7103
337.9387 465.5858
317.1831 461.3374
309.2213 459.2456
285.4659 454.3972
265.8777 451.0407
259.2295 494.0113
263.4130 494.9031
263.8346 497.0760
259.6673 520.3288
257.4782 529.5391
264.2076 530.7066
306.4323 538.9116

Cameron
8
348.8354 461.7103
381.2012 471.2125
419.6316 447.8300
413.8752 391.4006
391.2385 390.0223
387.9144 409.3672
381.8499 425.6150
356.3593 420.8639

Elk
22
265.8777 451.0407
285.4659 454.3972
309.2213 459.2456
317.1831 461.3374
337.9387 465.5858
348.8354 461.7103
356.3593 420.8639
381.8499 425.6150
387.9144 409.3672
391.2385 390.0223
341.3764 384.4605
327.6420 381.6714
319.5992 370.4991
318.4965 376.4177
313.3887 382.4984
275.2340 396.7517
258.1917 391.7736
255.1432 388.5467
252.2569 405.6539
255.7918 412.7400
269.1695 414.7994
270.4829 422.8260

Clearfield
23
391.2385 390.0223
413.8752 391.4006
424.8529 379.9364
426.3772 355.1756
426.5880 350.1812
424.7070 337.1765
423.8800 336.2360
415.1237 332.6362
407.6647 326.0690
405.9134 324.1070
388.3036 287.5089
388.5144 286.8279
391.2385 283.4713
393.4763 282.0768
323.5233 269.0721
316.1615 306.5620
308.3619 349.7596
308.1836 355.8080
308.2646 356.2620
310.8915 369.1208
319.5992 370.4991
327.6420 381.6714
341.3764 384.4605

Blair
17
391.2385 283.4713
429.2149 291.9357
417.6047 280.9742
415.9183 277.8284
415.3345 275.4123
423.8152 252.3379
432.4417 246.7111
436.9820 239.7548
437.1280 238.3116
436.8199 236.3333
434.9227 228.5824
424.6097 196.4274
423.5395 190.7196
421.9180 184.5902
396.6220 186.3252
366.8993 191.8871
393.4763 282.0768

Cambria
10
323.5233 269.0721
393.4763 282.0768
366.8993 191.8871
364.1914 173.4016
349.9381 170.7747
329.4581 167.6938
326.3285 172.1368
320.8477 174.4232
300.6110 170.7747
309.0754 196.0382

Somerset
16
364.1914 173.4016
358.1106 135.1010
364.6940  83.5686
364.2400  77.5203
360.5267  61.2239
268.8127  44.4734
265.4399  46.7436
259.9591  71.2287
261.2077  81.4606
268.5046 102.5730
272.5260 113.3724
300.6110 170.7747
320.8477 174.4232
326.3285 172.1368
329.4581 167.6938
349.9381 170.7747

Bedford
16
366.8993 191.8871
396.6220 186.3252
421.9180 184.5902
423.5395 190.7196
424.6097 196.4274
448.9489 172.5908
446.9058 162.9427
441.8790 132.3119
436.5280  97.3841
432.1498  83.4227
427.7555  73.6286
360.5267  61.2239
364.2400  77.5203
364.6940  83.5686
358.1106 135.1010
364.1914 173.4016

Fulton
18
448.9489 172.5908
459.1808 167.6127
484.0389 165.7317
495.2275 159.2294
493.6222 157.4619
492.7304 155.9377
488.9360 145.5436
488.2711 133.7064
484.8335 113.5346
482.8714 106.1566
475.7853  88.7575
471.9747  81.9633
433.6903  74.7312
427.7555  73.6286
432.1498  83.4227
436.5280  97.3841
441.8790 132.3119
446.9058 162.9427

Huntingdon
30
429.2149 291.9357
457.6566 287.1846
492.9087 298.8759
496.8166 302.9784
495.7302 298.1462
486.8928 278.7202
482.2877 269.9315
480.3094 264.7426
479.2068 260.9482
474.4557 230.3985
482.7255 223.3124
484.4119 222.2098
488.4982 222.8097
498.8598 225.8582
500.0435 228.2905
512.2374 205.9296
495.2275 159.2294
484.0389 165.7317
459.1808 167.6127
448.9489 172.5908
424.6097 196.4274
434.9227 228.5824
436.8199 236.3333
437.1280 238.3116
436.9820 239.7548
432.4417 246.7111
423.8152 252.3379
415.3345 275.4123
415.9183 277.8284
417.6047 280.9742

Franklin
18
512.2374 205.9296
516.0642 212.2698
528.7608 195.3085
527.0744 192.6978
531.3229 185.9685
555.0783 158.8564
561.2888 147.0192
572.3963 100.9839
570.8721 100.6758
471.9747  81.9633
475.7853  88.7575
482.8714 106.1566
484.8335 113.5346
488.2711 133.7064
488.9360 145.5436
492.7304 155.9377
493.6222 157.4619
495.2275 159.2294

Mifflin
20
541.1169 336.9009
543.8249 328.8581
559.0835 307.4376
550.3921 301.5190
545.4302 297.7895
535.9118 289.6007
530.7391 284.5415
516.2102 260.4455
500.0435 228.2905
498.8598 225.8582
488.4982 222.8097
484.4119 222.2098
482.7255 223.3124
474.4557 230.3985
479.2068 260.9482
480.3094 264.7426
482.2877 269.9315
486.8928 278.7202
495.7302 298.1462
496.8166 302.9784

Potter
7
456.4891 567.4506
476.5150 473.3205
479.3527 460.1699
419.6316 447.8300
381.2012 471.2125
365.7805 550.0515
435.2145 563.1535

Clinton
16
479.3527 460.1699
480.9742 452.5000
491.7899 442.0736
510.4213 425.4691
562.6833 388.7737
565.7318 389.4386
566.8507 384.2497
538.8468 366.7209
514.0049 356.3431
499.6057 371.6017
497.2058 376.3366
491.4169 379.4175
437.9874 394.5626
424.8529 379.9364
413.8752 391.4006
419.6316 447.8300

Centre
25
424.8529 379.9364
437.9874 394.5626
491.4169 379.4175
497.2058 376.3366
499.6057 371.6017
514.0049 356.3431
538.8468 366.7209
566.8507 384.2497
559.6673 371.7476
551.7866 352.8892
541.1169 336.9009
496.8166 302.9784
492.9087 298.8759
457.6566 287.1846
429.2149 291.9357
391.2385 283.4713
388.5144 286.8279
388.3036 287.5089
405.9134 324.1070
407.6647 326.0690
415.1237 332.6362
423.8800 336.2360
424.7070 337.1765
426.5880 350.1812
426.3772 355.1756

Union
20
565.7318 389.4386
590.4602 398.4219
590.6548 411.6374
600.8218 411.5887
604.6973 402.6054
610.3726 379.7094
610.1781 377.0825
612.0104 373.3692
617.1344 366.5587
622.3720 362.6670
626.4745 361.5806
621.2856 361.8725
604.4865 358.4511
584.2660 349.8245
550.0840 332.6362
543.8249 328.8581
541.1169 336.9009
551.7866 352.8892
559.6673 371.7476
566.8507 384.2497

Montour
14
624.5773 423.5556
639.4143 423.0368
646.5815 407.4862
654.6243 404.3405
666.7534 386.6495
668.0668 383.9578
668.3587 370.3693
652.2731 381.8336
648.9165 383.7308
644.2303 383.7308
633.5930 378.6067
624.8692 375.1042
624.5124 375.5420
626.0367 397.3192

Tioga
8
559.9754 588.5792
584.9794 506.6431
584.2660 504.9080
573.7746 494.6437
538.6360 486.3414
476.5150 473.3205
456.4891 567.4506
554.1216 587.2819

Lycoming
21
584.9794 506.6431
594.5465 507.2592
611.8645 471.3747
640.4521 455.2729
647.6841 454.3324
663.8184 453.9594
639.4143 423.0368
624.5773 423.5556
600.8218 411.5887
590.6548 411.6374
590.4602 398.4219
565.7318 389.4386
562.6833 388.7737
510.4213 425.4691
491.7899 442.0736
480.9742 452.5000
479.3527 460.1699
476.5150 473.3205
538.6360 486.3414
573.7746 494.6437
584.2660 504.9080

Wyoming
13
698.1787 542.1546
698.6814 540.4196
736.1064 548.5273
758.6133 552.9865
757.5106 551.3974
753.4082 537.2738
751.4461 525.8744
756.9269 523.2476
750.8624 505.0702
748.6084 503.3676
726.0853 490.5088
684.6389 480.2120
687.0712 516.1452

Sullivan
8
594.5465 507.2592
687.0712 516.1452
684.6389 480.2120
683.3255 465.1480
663.8184 453.9594
647.6841 454.3324
640.4521 455.2729
611.8645 471.3747

Columbia
16
683.3255 465.1480
685.6118 448.3489
686.6334 443.5005
696.1194 429.7661
714.7021 394.4653
709.8051 386.1793
705.7675 378.3959
705.8486 360.7699
695.7626 353.0351
668.3587 370.3693
668.0668 383.9578
666.7534 386.6495
654.6243 404.3405
646.5815 407.4862
639.4143 423.0368
663.8184 453.9594

Northumberland
33
600.8218 411.5887
624.5773 423.5556
626.0367 397.3192
624.5124 375.5420
624.8692 375.1042
633.5930 378.6067
644.2303 383.7308
648.9165 383.7308
652.2731 381.8336
668.3587 370.3693
695.7626 353.0351
651.1867 318.4640
644.6194 316.4209
626.5556 304.4378
619.3073 301.5839
618.5776 301.2920
616.7615 301.7460
614.2157 304.5026
615.3183 306.9998
616.5507 308.4592
622.3720 318.8370
623.5557 321.5287
624.2854 324.3178
624.5773 327.9662
623.2638 333.5281
624.9502 351.9325
626.4745 361.5806
622.3720 362.6670
617.1344 366.5587
612.0104 373.3692
610.1781 377.0825
610.3726 379.7094
604.6973 402.6054

Snyder
20
626.4745 361.5806
624.9502 351.9325
623.2638 333.5281
624.5773 327.9662
624.2854 324.3178
623.5557 321.5287
622.3720 318.8370
616.5507 308.4592
615.3183 306.9998
614.7994 308.5402
613.9076 309.2699
597.8382 312.1076
586.8766 312.5454
580.7959 308.8808
559.0835 307.4376
543.8249 328.8581
550.0840 332.6362
584.2660 349.8245
604.4865 358.4511
621.2856 361.8725

Juniata
21
615.3183 306.9998
614.2157 304.5026
582.7741 284.1199
566.0399 271.2612
543.8249 250.7974
532.0526 238.8791
518.6749 217.4587
516.0642 212.2698
512.2374 205.9296
500.0435 228.2905
516.2102 260.4455
530.7391 284.5415
535.9118 289.6007
545.4302 297.7895
550.3921 301.5190
559.0835 307.4376
580.7959 308.8808
586.8766 312.5454
597.8382 312.1076
613.9076 309.2699
614.7994 308.5402

Perry
18
632.3120 243.8410
623.4909 237.9224
616.5507 235.2955
559.3916 213.8264
530.5932 192.6978
528.7608 195.3085
516.0642 212.2698
518.6749 217.4587
532.0526 238.8791
543.8249 250.7974
566.0399 271.2612
582.7741 284.1199
614.2157 304.5026
612.9509 295.0166
611.7834 252.8405
611.9293 252.1109
614.0373 248.1543
616.3885 246.9219

Cumberland
18
632.3120 243.8410
645.2032 224.4151
638.2468 214.7021
619.0154 198.6164
608.3457 183.2605
604.4054 177.2771
598.7625 172.1368
587.8171 167.6127
569.9154 159.3591
561.2888 147.0192
555.0783 158.8564
531.3229 185.9685
527.0744 192.6978
528.7608 195.3085
530.5932 192.6978
559.3916 213.8264
616.5507 235.2955
623.4909 237.9224

Adams
17
608.3457 183.2605
610.1781 183.1146
616.1129 181.3795
629.1014 175.4609
640.5818 160.8834
641.3115 157.9646
642.4790 147.9597
639.9170 138.5386
639.9170 137.6792
644.3762 115.3831
610.3726 108.5078
572.3963 100.9839
561.2888 147.0192
569.9154 159.3591
587.8171 167.6127
598.7625 172.1368
604.4054 177.2771

York
24
645.2032 224.4151
670.9207 206.8701
685.6767 196.8490
695.9248 196.4274
700.2218 197.0111
703.8703 196.1355
734.2092 170.0288
762.3428 142.5600
763.2184 141.2304
763.2184 140.2088
711.6861 129.4094
677.6501 122.3233
644.3762 115.3831
639.9170 137.6792
639.9170 138.5386
642.4790 147.9597
641.3115 157.9646
640.5818 160.8834
629.1014 175.4609
616.1129 181.3795
610.1781 183.1146
608.3457 183.2605
619.0154 198.6164
638.2468 214.7021

Dauphin
19
651.1867 318.4640
681.2823 302.5892
662.6509 281.4282
691.3683 227.3338
691.8872 227.6906
670.9207 206.8701
645.2032 224.4151
632.3120 243.8410
616.3885 246.9219
614.0373 248.1543
611.9293 252.1109
611.7834 252.8405
612.9509 295.0166
614.2157 304.5026
616.7615 301.7460
618.5776 301.2920
619.3073 301.5839
626.5556 304.4378
644.6194 316.4209

Lebanon
8
681.2823 302.5892
698.5355 293.3951
751.0732 265.6993
729.5230 248.0895
710.2267 240.3385
691.8872 227.6906
691.3683 227.3338
662.6509 281.4282

Lancaster
24
751.0732 265.6993
802.0380 238.0684
792.4547 229.8148
791.4331 196.2004
792.0169 190.8655
792.8114 187.2008
794.8546 181.5903
793.2655 170.2558
790.7683 161.0455
788.7090 155.5647
779.5149 143.7275
764.2400 140.4196
763.2184 140.2088
763.2184 141.2304
762.3428 142.5600
734.2092 170.0288
703.8703 196.1355
700.2218 197.0111
695.9248 196.4274
685.6767 196.8490
670.9207 206.8701
691.8872 227.6906
710.2267 240.3385
729.5230 248.0895

Berks
12
841.4899 313.4859
824.8367 265.5696
802.0380 238.0684
751.0732 265.6993
698.5355 293.3951
718.4965 301.8109
725.9394 303.7081
729.0852 305.3134
754.1703 322.5503
761.0942 331.0958
761.3213 337.6792
775.3475 348.7219

Schuylkill
17
714.7021 394.4653
748.6895 393.8005
793.3952 365.1804
775.3475 348.7219
761.3213 337.6792
761.0942 331.0958
754.1703 322.5503
729.0852 305.3134
725.9394 303.7081
718.4965 301.8109
698.5355 293.3951
681.2823 302.5892
651.1867 318.4640
695.7626 353.0351
705.8486 360.7699
705.7675 378.3959
709.8051 386.1793

Carbon
17
748.6895 393.8005
785.1416 422.1611
783.1633 426.2636
777.0339 431.2417
776.3042 435.6361
776.3691 437.4522
776.8231 438.3927
785.2389 448.4138
785.8713 448.9164
789.6008 450.2461
792.8114 448.4138
797.7896 446.6625
822.2747 425.7609
813.0482 414.4913
833.4633 390.9628
813.9400 380.8282
793.3952 365.1804

Luzerne
29
684.6389 480.2120
726.0853 490.5088
748.6084 503.3676
750.8624 505.0702
752.0947 501.3893
755.9053 497.2382
765.1319 493.8167
774.3908 491.8871
786.2442 476.3204
789.9575 461.8725
791.2548 459.7483
793.3952 458.6294
798.4382 458.1105
792.8114 448.4138
789.6008 450.2461
785.8713 448.9164
785.2389 448.4138
776.8231 438.3927
776.3691 437.4522
776.3042 435.6361
777.0339 431.2417
783.1633 426.2636
785.1416 422.1611
748.6895 393.8005
714.7021 394.4653
696.1194 429.7661
686.6334 443.5005
685.6118 448.3489
683.3255 465.1480

Lackawanna
19
758.6133 552.9865
797.9355 561.4671
818.4641 483.5038
815.9183 480.4391
809.7727 475.8988
798.4382 458.1105
793.3952 458.6294
791.2548 459.7483
789.9575 461.8725
786.2442 476.3204
774.3908 491.8871
765.1319 493.8167
755.9053 497.2382
752.0947 501.3893
750.8624 505.0702
756.9269 523.2476
751.4461 525.8744
753.4082 537.2738
757.5106 551.3974

Bradford
7
615.9669 599.7678
678.2987 612.5617
698.1787 542.1546
687.0712 516.1452
594.5465 507.2592
584.9794 506.6431
559.9754 588.5792

Susquehanna
8
684.4930 613.8751
778.6392 634.2740
797.9355 561.4671
758.6133 552.9865
736.1064 548.5273
698.6814 540.4196
698.1787 542.1546
678.2987 612.5617

Wayne
15
778.6392 634.2740
797.3355 638.4251
800.2705 637.7603
809.4808 631.2742
812.2536 628.6473
817.1507 618.1884
836.3010 615.0426
861.1429 570.4666
849.7273 535.9766
835.2794 501.8920
831.9066 482.2552
809.7727 475.8988
815.9183 480.4391
818.4641 483.5038
797.9355 561.4671

Pike
27
861.1429 570.4666
865.3264 560.8834
872.0396 554.3162
876.7907 549.7921
893.4438 541.1493
896.1518 539.9007
908.4430 540.5655
915.3021 541.3277
927.7393 529.1662
918.5128 522.5179
914.1346 517.7668
910.4051 510.0969
909.6105 507.7619
907.7133 499.6542
907.4215 496.8003
908.0701 496.1355
908.3620 492.6979
907.4215 486.4063
903.1082 476.2393
896.8815 467.4830
894.7573 464.4994
889.5035 461.2077
866.7696 470.7099
866.6237 492.8276
831.9066 482.2552
835.2794 501.8920
849.7273 535.9766

Monroe
15
831.9066 482.2552
866.6237 492.8276
866.7696 470.7099
889.5035 461.2077
894.7573 464.4994
896.8815 467.4830
897.7571 466.3966
880.7310 434.5983
833.4633 390.9628
813.0482 414.4913
822.2747 425.7609
797.7896 446.6625
792.8114 448.4138
798.4382 458.1105
809.7727 475.8988

Northampton
20
880.7310 434.5983
895.5681 417.1182
896.0869 415.8858
896.0059 414.6534
890.7521 398.5516
887.5577 394.1248
885.1902 393.8005
882.8552 394.0275
881.6229 393.6870
878.9635 387.4441
880.5851 374.8286
884.4443 359.9104
885.4821 358.0132
867.6452 338.5548
855.7432 348.0732
839.5278 358.0132
818.7722 370.8558
816.7129 373.4502
813.9400 380.8282
833.4633 390.9628

Lehigh
10
813.9400 380.8282
816.7129 373.4502
818.7722 370.8558
839.5278 358.0132
855.7432 348.0732
867.6452 338.5548
849.8246 309.1240
841.4899 313.4859
775.3475 348.7219
793.3952 365.1804

Delaware
5
885.0443 240.8574
902.0704 225.2907
917.3290 204.8269
888.4171 184.5902
858.6619 185.6604

Montgomery
15
849.8246 309.1240
935.2470 267.4506
919.0965 249.6948
910.1943 255.6134
901.2110 241.7979
909.5295 235.3766
902.0704 225.2907
885.0443 240.8574
867.5804 244.8788
852.1434 257.0890
850.4894 259.2780
849.9705 259.9429
833.7552 266.5749
824.8367 265.5696
841.4899 313.4859

Chester
19
824.8367 265.5696
833.7552 266.5749
849.9705 259.9429
850.4894 259.2780
852.1434 257.0890
867.5804 244.8788
885.0443 240.8574
858.6619 185.6604
833.7552 155.3377
779.5149 143.7275
788.7090 155.5647
790.7683 161.0455
793.2655 170.2558
794.8546 181.5903
792.8114 187.2008
792.0169 190.8655
791.4331 196.2004
792.4547 229.8148
802.0380 238.0684

