1000 755

Okanogan
47
530.0898 660.7587
663.6702 625.6538
729.9779 609.0104
764.4674 600.4929
760.8031 584.9265
752.2296 555.6118
745.9359 541.3740
738.6212 511.6118
738.2436 497.3041
719.3345 420.9684
718.3835 420.0873
703.3205 421.2342
703.0688 424.6887
706.2856 428.2831
708.4954 431.4999
709.2366 433.5838
703.9499 452.7447
703.0688 454.7027
701.1807 457.6538
693.6702 461.8216
691.0268 461.5698
677.3485 457.0384
664.3695 450.4090
631.3345 451.8496
623.0688 459.3601
625.5303 468.2552
615.1947 472.4789
606.1177 470.1433
600.0059 468.1293
599.3765 467.7517
599.1247 467.2482
596.7891 453.4999
596.8590 452.8705
597.8520 450.8566
585.4464 454.0733
574.7331 458.9125
551.5863 506.0733
534.3136 544.2691
530.7891 572.1293
530.3415 574.3391
525.8660 575.1643
525.7541 598.4789
527.7681 599.0524
538.4814 606.8566
538.7891 608.9405
535.3205 643.4999
533.5723 650.9964

Whatcom
26
530.0898 660.7587
533.5723 650.9964
535.3205 643.4999
538.7891 608.9405
538.4814 606.8566
527.7681 599.0524
525.7541 598.4789
513.1387 600.8146
506.4534 600.5629
466.6912 611.3461
366.0198 640.1433
325.6702 651.4300
323.0129 651.6817
322.6492 664.9125
311.4184 681.4999
300.9569 704.8146
298.9429 714.0873
299.0129 714.7167
300.1457 716.4929
303.4184 719.0664
306.8170 721.0244
309.2786 722.4090
349.9359 710.7447
385.4884 700.6048
425.4604 688.5629
498.0758 669.4020

Whatcom
6
270.8870 733.5139
271.6422 733.3181
277.2646 731.6817
277.6282 726.9545
276.6912 726.6328
270.3835 728.9125

Wahkiakum
16
 57.7681 290.1153
 62.9289 306.5629
 89.7261 298.1153
106.9289 293.1363
123.8240 288.3531
113.6143 251.4719
 94.1457 252.2831
 93.1947 252.6048
 87.9080 260.8566
 90.6632 268.9265
 89.3485 273.1503
 87.5164 276.4230
 87.0129 277.2482
 86.6352 277.4440
 85.9359 277.8775
 77.8101 278.3251

Asotin
17
851.8940 112.9684
873.4604 101.3181
870.8170  93.4440
874.7751  77.4859
874.9569  76.8566
876.1597  66.8985
876.9289  51.4020
870.9289  34.8705
871.6982  22.3950
802.5373  38.5349
807.5863  60.2691
814.9569  58.5768
822.9569  94.2552
825.4884 104.4090
828.6352 106.4230
834.3695 107.7377
849.8800 104.0314

Garfield
25
782.6772 158.9265
797.5583 167.4440
799.1947 168.0174
806.6352 167.8775
809.7821 166.6747
827.9359 159.2482
833.8101 155.6538
839.9779 150.6747
852.1597 128.1712
853.1527 120.4789
851.8940 112.9684
849.8800 104.0314
834.3695 107.7377
828.6352 106.4230
825.4884 104.4090
822.9569  94.2552
814.9569  58.5768
807.5863  60.2691
802.5373  38.5349
787.4744  42.1852
792.3975  63.6258
800.2157 101.9475
790.3136 128.8006
774.9849 132.3251
778.7751 147.8356

Columbia
21
735.6562 164.2831
737.0408 163.0384
740.9429 156.2272
742.1457 155.5279
747.5024 154.6468
748.5793 154.7027
778.6492 156.6048
782.6772 158.9265
778.7751 147.8356
774.9849 132.3251
790.3136 128.8006
800.2157 101.9475
792.3975  63.6258
787.4744  42.1852
741.6422  53.2202
739.3205  53.7936
741.2646  59.7097
748.5793  89.9055
733.2646  93.4999
721.6562 112.4090
732.6352 158.8705

Walla_Walla
26
735.6562 164.2831
732.6352 158.8705
721.6562 112.4090
733.2646  93.4999
748.5793  89.9055
741.2646  59.7097
739.3205  53.7936
618.1597  82.8426
619.8660 118.2132
621.6282 120.4789
623.0688 121.8076
628.6212 123.4440
631.7122 123.8216
644.0618 123.0663
653.3345 128.1153
669.2786 138.1992
675.5863 143.7377
679.2366 148.2132
684.0338 158.4230
684.9709 160.0034
688.6912 163.0384
695.3066 166.9265
706.3415 171.9894
706.9150 172.0454
725.8240 169.0104
734.0758 165.9335

Franklin
38
603.7261 223.1083
625.4744 217.8076
675.7681 204.8845
740.5094 189.8915
737.0408 163.0384
735.6562 164.2831
734.0758 165.9335
725.8240 169.0104
706.9150 172.0454
706.3415 171.9894
695.3066 166.9265
688.6912 163.0384
684.9709 160.0034
684.0338 158.4230
679.2366 148.2132
675.5863 143.7377
669.2786 138.1992
653.3345 128.1153
644.0618 123.0663
631.7122 123.8216
628.6212 123.4440
623.0688 121.8076
621.6282 120.4789
619.8660 118.2132
611.9219 125.6398
609.0828 127.1643
605.5583 128.2971
601.8240 130.6328
596.0338 138.9405
595.8380 139.9615
596.5373 141.4719
606.3695 176.5209
606.3695 182.2552
602.3275 188.8146
596.9150 196.4370
594.0758 202.8705
590.9289 213.3321
591.1108 215.5279

Whitman
29
812.0618 269.2482
906.3695 247.3740
901.1247 224.2971
878.0618 121.6817
873.4604 101.3181
851.8940 112.9684
853.1527 120.4789
852.1597 128.1712
839.9779 150.6747
833.8101 155.6538
827.9359 159.2482
809.7821 166.6747
806.6352 167.8775
799.1947 168.0174
797.5583 167.4440
782.6772 158.9265
778.6492 156.6048
748.5793 154.7027
747.5024 154.6468
742.1457 155.5279
740.9429 156.2272
737.0408 163.0384
740.5094 189.8915
765.1527 189.5698
769.6982 193.7237
773.1667 197.6398
778.2017 204.7027
781.6143 212.7027
795.6562 273.0943

Spokane
12
890.0898 395.8216
937.0548 384.8426
934.3415 372.9405
910.5793 266.0873
906.3695 247.3740
812.0618 269.2482
835.4464 367.7097
837.1387 365.1223
838.2856 364.4230
863.1807 355.4719
868.2157 354.5349
878.4954 398.5908

Pend_Oreille
13
975.5723 550.7027
969.4604 524.1573
937.0548 384.8426
890.0898 395.8216
893.5583 411.0803
890.6632 432.5069
907.0548 503.5559
891.7961 507.0104
895.2646 522.1433
907.6842 536.4510
916.4394 543.8356
925.8940 548.0454
929.0548 561.4160

Stevens
43
929.0548 561.4160
925.8940 548.0454
916.4394 543.8356
907.6842 536.4510
895.2646 522.1433
891.7961 507.0104
907.0548 503.5559
890.6632 432.5069
893.5583 411.0803
890.0898 395.8216
878.4954 398.5908
868.2157 354.5349
863.1807 355.4719
838.2856 364.4230
837.1387 365.1223
835.4464 367.7097
812.3136 370.6048
803.4184 372.3670
802.6632 375.9615
799.7681 385.3601
794.2716 399.1643
793.8940 399.5978
787.9080 399.5419
780.0338 396.3950
776.3835 394.4370
774.5513 418.5768
774.7331 419.3321
775.5024 419.9055
780.7331 421.9195
783.0548 421.4160
797.4884 425.0104
813.8240 450.0314
815.7122 453.6817
835.4464 518.4230
837.5863 536.5209
837.2786 541.6258
834.5653 553.7936
832.9289 555.2482
832.2996 561.9195
833.8101 572.0034
835.1947 578.0594
836.9569 580.3251
839.2226 582.4090

Lincoln
27
703.3205 421.2342
718.3835 420.0873
720.2157 414.4230
721.1527 412.8426
729.7261 406.7866
732.7052 406.6048
733.2087 407.6677
753.6842 401.1223
756.4534 395.3740
762.9569 387.6957
767.5583 384.8006
768.6912 384.4789
770.4534 384.4789
772.2856 385.6677
776.3835 394.4370
780.0338 396.3950
787.9080 399.5419
793.8940 399.5978
794.2716 399.1643
799.7681 385.3601
802.6632 375.9615
803.4184 372.3670
812.3136 370.6048
835.4464 367.7097
812.0618 269.2482
795.6562 273.0943
673.3765 302.7167

Adams
14
795.6562 273.0943
781.6143 212.7027
778.2017 204.7027
773.1667 197.6398
769.6982 193.7237
765.1527 189.5698
740.5094 189.8915
675.7681 204.8845
625.4744 217.8076
603.7261 223.1083
611.4744 253.6118
628.0478 249.4580
657.9359 241.8216
673.3765 302.7167

Grant
40
703.0688 424.6887
703.3205 421.2342
673.3765 302.7167
657.9359 241.8216
628.0478 249.4580
611.4744 253.6118
603.7261 223.1083
591.1108 215.5279
591.7401 216.1712
591.6282 217.3601
588.6492 223.2342
587.2786 224.9265
585.6982 225.8076
584.6912 225.4300
579.6422 221.5279
575.8660 218.2552
571.9499 216.0454
568.6632 214.8426
565.6562 214.7866
543.2786 217.6817
539.0408 219.0663
538.0478 219.6258
530.9849 241.5698
536.5233 247.4999
539.1108 250.7167
539.9919 253.0384
541.0688 277.1223
538.1597 298.1852
541.6282 307.6957
545.7961 314.5069
548.6212 324.7167
548.6912 325.7796
548.4954 326.6048
555.8800 343.3181
573.9080 360.2691
614.8730 350.5629
648.4115 376.4090
670.3555 409.4999
672.6212 418.5209
688.6352 428.2272

Benton
46
538.0478 219.6258
539.0408 219.0663
543.2786 217.6817
565.6562 214.7866
568.6632 214.8426
571.9499 216.0454
575.8660 218.2552
579.6422 221.5279
584.6912 225.4300
585.6982 225.8076
587.2786 224.9265
588.6492 223.2342
591.6282 217.3601
591.7401 216.1712
591.1108 215.5279
590.9289 213.3321
594.0758 202.8705
596.9150 196.4370
602.3275 188.8146
606.3695 182.2552
606.3695 176.5209
596.5373 141.4719
595.8380 139.9615
596.0338 138.9405
601.8240 130.6328
605.5583 128.2971
609.0828 127.1643
611.9219 125.6398
619.8660 118.2132
618.1597  82.8426
614.6212  79.8775
611.9219  78.6887
602.7191  76.0314
598.2436  75.3461
592.7611  75.7237
589.5443  76.5349
586.0758  78.3111
567.1667  80.8985
560.0338  81.3321
552.9150  81.7796
528.4534  78.7587
515.3485  80.0034
503.3066  81.2622
516.3555 130.8146
519.1947 142.4789
519.5024 147.4580

Klickitat
32
512.7052 116.9545
503.3066  81.2622
485.9639  81.2622
467.0548  78.9405
463.0268  77.9335
456.4674  72.9545
431.6282  74.4650
421.7961  76.1712
419.2226  77.8636
417.6982  80.0733
414.4254  86.2412
410.9010  88.7167
405.5303  90.0314
402.8870  89.1503
397.4604  86.5629
383.9779  84.6747
372.8870  82.9684
366.3275  80.9545
363.6143  84.5489
317.8520 105.9754
313.5024 106.8566
304.8730 108.1293
296.2856 115.5698
299.5723 124.8985
288.5373 128.5489
292.4534 144.6887
300.6492 173.9894
311.3625 171.0943
323.3345 167.8775
356.2436 158.9964
366.3275 155.8356
424.2576 140.0174

Clark
24
148.9849 180.7447
168.2157 190.5768
187.4324 194.6747
193.1667 193.7936
196.0059 192.4090
198.2157 190.1433
201.9359 188.3670
213.1527 192.7167
224.4394 197.2622
217.3066 171.8496
209.0548 144.6887
199.1527 109.6398
197.0688 109.5698
196.8170 109.5698
193.3485 110.4510
193.2366 110.5209
189.1247 112.5349
154.1457 134.0873
150.8031 136.6188
144.3835 143.3601
141.9219 146.5069
141.7961 150.9265
142.9989 154.1992
145.6982 158.7447

Skamania
19
327.8101 230.8006
311.3625 171.0943
300.6492 173.9894
292.4534 144.6887
288.5373 128.5489
299.5723 124.8985
296.2856 115.5698
282.7471 115.8216
272.3415 116.6328
268.9289 117.4580
260.2436 122.2412
252.8031 121.8076
247.4464 119.0384
243.9080 115.8775
199.1527 109.6398
209.0548 144.6887
217.3066 171.8496
224.4394 197.2622
241.1947 254.4929

Cowlitz
21
241.1947 254.4929
224.4394 197.2622
213.1527 192.7167
201.9359 188.3670
198.2157 190.1433
196.0059 192.4090
193.1667 193.7936
187.4324 194.6747
168.2157 190.5768
148.9849 180.7447
149.9219 183.7097
151.0548 200.8566
147.5303 220.5069
146.3275 225.2482
125.9779 250.1992
120.0478 252.6608
113.6143 251.4719
123.8240 288.3531
139.0828 284.3810
148.7331 281.5978
219.5163 260.9824

Pacific
30
 39.7401 390.2831
 68.3555 381.0663
 98.1737 372.6188
126.2856 363.9195
118.3415 334.8705
115.3765 322.1293
111.9080 309.4580
106.9289 293.1363
 89.7261 298.1153
 62.9289 306.5629
 57.7681 290.1153
 37.4045 286.8286
 33.6842 289.0384
 19.3205 308.7027
 28.9010 337.0663
 31.0408 330.7027
 33.8101 329.3181
 35.2646 329.4440
 41.6282 330.1433
 49.5723 336.3111
 50.6352 338.6468
 58.0758 363.9894
 58.6492 374.6328
 48.3695 371.3740
 46.2296 371.0524
 44.3415 372.8705
 38.6632 379.4999
 38.0338 380.5629
 37.7261 381.0104
 37.4045 381.9475

Lewis
28
126.2856 363.9195
151.3765 356.7447
149.8660 351.6957
177.4045 343.5698
264.3415 318.4090
283.2506 309.2761
307.3345 300.5768
309.2786 302.4650
314.3835 305.6817
316.0198 306.4929
318.4814 307.1223
354.9150 297.1083
359.3345 285.3181
359.8940 279.9615
345.4604 230.1573
343.5723 226.7587
343.0688 226.6328
342.1877 226.8146
327.8101 230.8006
241.1947 254.4929
219.5163 260.9824
148.7331 281.5978
139.0828 284.3810
123.8240 288.3531
106.9289 293.1363
111.9080 309.4580
115.3765 322.1293
118.3415 334.8705

Thurston
16
161.2087 408.3670
176.2716 403.8915
203.0548 409.5698
206.7191 411.0244
211.8940 414.0314
219.7122 389.3880
220.6492 378.2971
223.6143 371.4859
235.7821 347.9055
239.1807 342.8705
243.4045 339.3461
246.9429 337.7097
264.3415 318.4090
177.4045 343.5698
149.8660 351.6957
151.3765 356.7447

Pierce
45
224.7471 449.4719
258.2157 439.6258
254.5653 432.4370
266.0338 422.0454
273.0968 409.4999
302.7891 383.7796
313.0688 377.9894
327.3066 372.7447
327.6982 373.3181
331.8520 375.3321
332.7891 375.7097
333.4884 375.5838
334.9989 375.1503
351.5863 366.8845
359.7821 358.9405
374.0198 348.6048
378.2996 347.0943
376.8590 341.4160
357.5583 320.4929
356.3695 298.9964
356.1177 298.3670
354.9150 297.1083
318.4814 307.1223
316.0198 306.4929
314.3835 305.6817
309.2786 302.4650
307.3345 300.5768
283.2506 309.2761
264.3415 318.4090
246.9429 337.7097
243.4045 339.3461
239.1807 342.8705
235.7821 347.9055
223.6143 371.4859
220.6492 378.2971
219.7122 389.3880
211.8940 414.0314
211.1947 425.2622
211.3905 426.1992
212.4534 428.5349
213.5863 429.7936
216.1737 431.3740
218.5653 433.3880
220.5933 436.3531
222.4115 441.7097

Yakima
36
378.2996 347.0943
390.1597 344.2691
392.7331 342.2971
403.0828 328.8705
407.0548 322.0034
407.1807 321.4440
407.4324 317.3461
410.9010 307.6258
412.3415 305.2342
459.3066 292.7447
458.8590 276.9405
466.3695 258.5908
509.7401 246.7307
530.9849 241.5698
538.0478 219.6258
519.5024 147.4580
519.1947 142.4789
516.3555 130.8146
512.7052 116.9545
424.2576 140.0174
366.3275 155.8356
356.2436 158.9964
323.3345 167.8775
311.3625 171.0943
327.8101 230.8006
342.1877 226.8146
343.0688 226.6328
343.5723 226.7587
345.4604 230.1573
359.8940 279.9615
359.3345 285.3181
354.9150 297.1083
356.1177 298.3670
356.3695 298.9964
357.5583 320.4929
376.8590 341.4160

Kittitas
39
378.2996 347.0943
378.6912 355.2202
381.0828 396.5768
381.4604 398.7167
397.0828 411.3321
420.4115 425.3181
434.0338 426.7726
440.2716 413.2761
449.7961 394.9405
459.6282 387.6258
469.7681 379.3601
492.1457 361.2202
499.0268 353.1363
501.4184 349.0524
504.6912 345.5838
539.9359 336.6328
548.4954 326.6048
548.6912 325.7796
548.6212 324.7167
545.7961 314.5069
541.6282 307.6957
538.1597 298.1852
541.0688 277.1223
539.9919 253.0384
539.1108 250.7167
536.5233 247.4999
530.9849 241.5698
509.7401 246.7307
466.3695 258.5908
458.8590 276.9405
459.3066 292.7447
412.3415 305.2342
410.9010 307.6258
407.4324 317.3461
407.1807 321.4440
407.0548 322.0034
403.0828 328.8705
392.7331 342.2971
390.1597 344.2691

Douglas
57
703.0688 424.6887
688.6352 428.2272
672.6212 418.5209
670.3555 409.4999
648.4115 376.4090
614.8730 350.5629
573.9080 360.2691
555.8800 343.3181
548.4954 326.6048
539.9359 336.6328
541.1947 339.0803
542.7611 343.3740
544.5233 348.6747
544.4115 349.6817
540.4394 355.7936
528.2576 361.2761
526.4394 362.2831
522.9709 365.3041
522.4674 366.8146
522.0898 372.9964
522.0898 377.3601
522.9709 379.9335
526.7611 387.8076
546.4254 422.5489
548.1877 424.5069
549.3205 425.2622
551.0828 425.9475
558.7751 426.9545
560.2856 426.2691
561.8660 424.6328
562.4954 423.6258
563.3205 423.3041
575.0968 423.6258
589.6003 437.8076
598.2996 447.3181
598.2996 448.7027
597.8520 450.8566
596.8590 452.8705
596.7891 453.4999
599.1247 467.2482
599.3765 467.7517
600.0059 468.1293
606.1177 470.1433
615.1947 472.4789
625.5303 468.2552
623.0688 459.3601
631.3345 451.8496
664.3695 450.4090
677.3485 457.0384
691.0268 461.5698
693.6702 461.8216
701.1807 457.6538
703.0688 454.7027
703.9499 452.7447
709.2366 433.5838
708.4954 431.4999
706.2856 428.2831

Ferry
39
764.4674 600.4929
839.2226 582.4090
836.9569 580.3251
835.1947 578.0594
833.8101 572.0034
832.2996 561.9195
832.9289 555.2482
834.5653 553.7936
837.2786 541.6258
837.5863 536.5209
835.4464 518.4230
815.7122 453.6817
813.8240 450.0314
797.4884 425.0104
783.0548 421.4160
780.7331 421.9195
775.5024 419.9055
774.7331 419.3321
774.5513 418.5768
776.3835 394.4370
772.2856 385.6677
770.4534 384.4789
768.6912 384.4789
767.5583 384.8006
762.9569 387.6957
756.4534 395.3740
753.6842 401.1223
733.2087 407.6677
732.7052 406.6048
729.7261 406.7866
721.1527 412.8426
720.2157 414.4230
718.3835 420.0873
719.3345 420.9684
738.2436 497.3041
738.6212 511.6118
745.9359 541.3740
752.2296 555.6118
760.8031 584.9265

San_Juan
12
263.8940 628.0454
264.6492 634.3531
267.1108 640.4650
269.9499 644.1852
275.6143 644.0034
284.7611 644.2412
282.9989 640.0873
282.3555 638.5769
275.5583 625.6538
274.2296 624.8286
266.8031 626.2132
265.7261 626.6608

San_Juan
15
250.9709 668.8286
250.7191 659.4999
254.1877 649.6678
256.8310 639.8356
253.1247 636.3671
249.7122 639.0104
241.9639 647.3321
240.0618 650.2412
239.3765 652.0594
238.7471 655.1503
237.2226 666.8706
237.4744 667.9475
238.8730 669.5279
241.6422 671.5419
244.8590 670.8566

San_Juan
20
288.1038 660.4510
287.0268 660.3810
284.3136 658.4929
284.1877 657.8636
283.6842 654.3950
283.6282 652.4370
284.1317 651.6258
261.3066 649.7936
259.7961 655.9755
258.0338 665.0524
258.0338 667.9475
262.8170 671.4160
273.2926 677.9615
276.3695 678.3531
279.2087 677.7796
281.2366 676.7167
285.5163 672.8706
294.1597 663.5978
294.2157 663.3461
292.1317 661.9055

Island
39
295.5443 615.1922
296.1737 615.6957
297.3066 616.1992
298.1177 615.6258
298.5094 614.7447
299.3205 612.5349
303.7401 597.4160
304.2996 595.3321
304.0478 593.5698
303.7961 593.1782
301.2087 591.6118
300.0758 591.3601
297.6143 591.9335
296.8590 592.2412
295.6003 595.0104
294.6632 595.8356
292.8870 596.4090
290.4254 596.3391
289.2366 595.7097
285.0129 592.4929
281.8660 588.8426
281.1667 585.9335
288.9150 564.3111
291.5723 559.2761
293.0828 559.0244
295.4744 557.6957
303.2926 544.7726
305.5583 536.6468
304.3695 531.4160
302.3415 527.4999
297.9359 524.2831
293.7122 524.7866
282.2996 547.5559
279.6003 558.3950
277.1247 567.0943
269.6982 585.8636
273.0968 595.0104
290.3695 616.3251
292.8870 616.3251

Snohomish
37
318.6772 588.8985
382.0898 571.0663
412.4115 562.5489
421.2366 559.9055
479.7961 543.8356
481.1247 527.6258
479.0408 517.7936
476.9010 510.4230
466.8730 507.1503
466.1737 507.2622
457.0968 506.5069
451.9919 504.7447
442.6632 486.4650
440.9709 470.9684
441.9080 458.5349
406.3555 468.3111
402.0618 469.1363
386.8170 473.0384
328.9429 488.9964
291.0548 500.0873
291.1247 500.4650
292.5094 504.4370
309.9639 526.5629
313.7541 526.8705
317.2786 526.4230
320.1317 527.7517
320.8170 528.5768
322.8870 535.4440
322.7751 537.9754
317.9779 543.0104
312.9989 553.3461
311.8660 558.5768
311.7961 558.8985
313.1247 563.3181
314.3835 567.2202
313.3205 577.5559
313.3205 582.0314

King
37
441.9080 458.5349
444.7471 450.4090
443.4184 447.6398
436.1038 441.0244
435.7261 440.2552
435.2786 437.4999
434.0338 426.7726
420.4115 425.3181
397.0828 411.3321
381.4604 398.7167
381.0828 396.5768
378.6912 355.2202
378.2996 347.0943
374.0198 348.6048
359.7821 358.9405
351.5863 366.8845
334.9989 375.1503
333.4884 375.5838
332.7891 375.7097
331.8520 375.3321
327.6982 373.3181
327.3066 372.7447
313.0688 377.9894
302.7891 383.7796
273.0968 409.4999
266.0338 422.0454
276.6912 422.8705
278.4534 423.6817
280.4814 431.1223
280.5933 432.8286
280.6632 447.8216
285.8240 485.0803
291.0548 500.0873
328.9429 488.9964
386.8170 473.0384
402.0618 469.1363
406.3555 468.3111

Kitsap
19
247.5024 505.9475
270.0618 520.8286
275.1807 531.5978
280.1038 529.5279
281.9219 526.5629
282.2996 521.7657
279.8520 504.9265
270.2576 470.8286
267.3625 457.4020
258.2157 439.6258
224.7471 449.4719
230.7331 469.3880
213.0828 474.9964
207.8520 476.0594
202.6212 477.5838
204.3835 479.5279
213.9080 488.2412
214.6632 488.7447
217.2506 489.3740

Mason
26
147.4744 493.4020
152.0618 508.7167
217.2506 489.3740
214.6632 488.7447
213.9080 488.2412
204.3835 479.5279
202.6212 477.5838
207.8520 476.0594
213.0828 474.9964
230.7331 469.3880
222.4115 441.7097
220.5933 436.3531
218.5653 433.3880
216.1737 431.3740
213.5863 429.7936
212.4534 428.5349
211.3905 426.1992
211.1947 425.2622
211.8940 414.0314
206.7191 411.0244
203.0548 409.5698
176.2716 403.8915
161.2087 408.3670
127.6702 417.8216
127.0408 418.0733
134.0338 448.8426

Grays_Harbor
26
 48.3695 526.3670
 75.0968 518.2412
 83.6003 512.6887
147.4744 493.4020
134.0338 448.8426
127.0408 418.0733
127.6702 417.8216
161.2087 408.3670
151.3765 356.7447
126.2856 363.9195
 98.1737 372.6188
 68.3555 381.0663
 39.7401 390.2831
 41.3066 405.9055
 45.9219 408.4929
 51.1527 405.5279
 72.9569 407.5419
 75.9219 408.1712
 76.1038 408.2412
 74.8450 410.9545
 60.6073 428.2272
 56.4954 431.4999
 51.7821 433.2622
 43.0129 494.6608
 43.0688 496.8705
 44.1457 505.6258

Jefferson
35
 36.5793 595.0803
 56.8171 589.2761
 64.0059 586.7587
 93.2506 577.6817
137.1807 564.5069
155.7261 558.0034
164.6772 553.4719
230.5513 534.1852
241.7681 573.9615
257.4604 576.1712
263.6422 575.9754
266.4115 575.2202
272.9150 565.5698
267.6143 532.5489
250.7891 515.9055
247.5024 508.8426
246.8730 506.8985
247.5024 505.9475
217.2506 489.3740
152.0618 508.7167
147.4744 493.4020
 83.6003 512.6887
 75.0968 518.2412
 48.3695 526.3670
 48.7611 528.5069
 49.5024 535.8216
 50.2017 544.3391
 50.7611 564.0034
 50.5793 565.5698
 47.3625 579.8216
 46.6772 581.0803
 41.5024 590.8566
 41.3765 590.9824
 41.1947 591.2342
 39.1108 593.7517

Clallam
27
 36.5793 595.0803
 35.2646 598.5489
 35.0129 614.6188
 38.1597 645.6258
 49.1387 684.9125
 50.0758 685.5279
 51.2646 685.8496
 58.7191 683.7097
 62.8730 680.0454
 66.7191 676.6468
 71.3205 671.9755
 72.7751 670.4650
 81.7261 659.7517
117.5303 625.7797
124.9569 621.1223
137.7541 615.3741
187.5024 593.6258
212.2017 588.0174
229.4744 581.7237
241.7681 573.9615
230.5513 534.1852
164.6772 553.4719
155.7261 558.0034
137.1807 564.5069
 93.2506 577.6817
 64.0059 586.7587
 56.8171 589.2761

Skagit
25
525.7541 598.4789
525.8660 575.1643
507.8380 582.4789
496.7471 582.6608
483.1947 578.2412
481.9919 577.1782
480.3555 574.0174
473.5583 551.0104
479.7961 543.8356
421.2366 559.9055
412.4115 562.5489
382.0898 571.0663
318.6772 588.8985
316.5233 594.8286
312.4394 620.9824
316.2716 621.7377
316.5933 621.9335
328.0059 642.2971
326.4254 647.0244
323.0129 651.6817
325.6702 651.4300
366.0198 640.1433
466.6912 611.3461
506.4534 600.5629
513.1387 600.8146

Chelan
66
525.8660 575.1643
530.3415 574.3391
530.7891 572.1293
534.3136 544.2691
551.5863 506.0733
574.7331 458.9125
585.4464 454.0733
597.8520 450.8566
598.2996 448.7027
598.2996 447.3181
589.6003 437.8076
575.0968 423.6258
563.3205 423.3041
562.4954 423.6258
561.8660 424.6328
560.2856 426.2691
558.7751 426.9545
551.0828 425.9475
549.3205 425.2622
548.1877 424.5069
546.4254 422.5489
526.7611 387.8076
522.9709 379.9335
522.0898 377.3601
522.0898 372.9964
522.4674 366.8146
522.9709 365.3041
526.4394 362.2831
528.2576 361.2761
540.4394 355.7936
544.4115 349.6817
544.5233 348.6747
542.7611 343.3740
541.1947 339.0803
539.9359 336.6328
504.6912 345.5838
501.4184 349.0524
499.0268 353.1363
492.1457 361.2202
469.7681 379.3601
459.6282 387.6258
449.7961 394.9405
440.2716 413.2761
434.0338 426.7726
435.2786 437.4999
435.7261 440.2552
436.1038 441.0244
443.4184 447.6398
444.7471 450.4090
441.9080 458.5349
440.9709 470.9684
442.6632 486.4650
451.9919 504.7447
457.0968 506.5069
466.1737 507.2622
466.8730 507.1503
476.9010 510.4230
479.0408 517.7936
481.1247 527.6258
479.7961 543.8356
473.5583 551.0104
480.3555 574.0174
481.9919 577.1782
483.1947 578.2412
496.7471 582.6608
507.8380 582.4789

