1000 571

Doniphan
25
883.8025 519.8946
887.7387 519.8946
887.8020 518.3632
888.5994 517.2114
903.6608 503.5803
909.7613 499.6567
912.8368 498.5176
915.2289 497.6063
915.6846 497.4418
916.2541 497.4924
921.0003 497.9481
921.9243 498.2898
922.6584 498.9732
922.7596 499.0872
927.0376 503.9346
937.4793 490.8097
938.5045 485.9622
939.4790 481.4565
936.8591 475.6218
934.2265 475.1661
925.2150 467.1925
924.7087 466.6103
920.4181 460.3452
918.9373 458.2316
884.2075 462.8006

Brown
5
828.1260 519.6795
883.8025 519.8946
884.2075 462.8006
856.1984 462.6361
828.1260 462.5095

Stanton
6
 28.0754 172.1032
 93.9152 167.7114
 90.7763 110.6047
 86.7769 110.8325
 24.4303 114.7814
 27.1641 156.6495

Morton
5
 24.4303 114.7814
 86.7769 110.8325
 83.1824  46.2584
 22.0888  49.6251
 20.2663  49.7390

Stevens
6
 86.7769 110.8325
 90.7763 110.6047
146.7946 107.3646
149.5790 107.1874
146.3389  43.1196
 83.1824  46.2584

Grant
4
 93.9152 167.7114
149.8701 164.6358
146.7946 107.3646
 90.7763 110.6047

Haskell
6
205.8884 161.7248
203.6608 118.7682
202.9773 104.3903
149.5790 107.1874
146.7946 107.3646
149.8701 164.6358

Seward
5
202.9773 104.3903
202.3572  40.6136
162.0205  42.3222
146.3389  43.1196
149.5790 107.1874

Meade
6
259.7929 116.2495
273.7785 115.5028
272.6900  37.7152
202.3572  40.6136
202.9773 104.3903
203.6608 118.7682

Gray
7
261.5648 188.4050
259.7929 116.2495
203.6608 118.7682
205.8884 161.7248
204.9771 177.0646
206.4579 205.5800
262.3116 202.6690

Ford
6
261.5648 188.4050
345.5416 184.7725
345.7694 155.4345
344.5670 111.5286
273.7785 115.5028
259.7929 116.2495

Clark
6
344.5670 111.5286
345.6428  97.2013
343.5924  34.4624
283.9164  37.1963
272.6900  37.7152
273.7785 115.5028

Comanche
5
414.1025  95.3788
413.4823  32.0577
354.6037  34.0574
343.5924  34.4624
345.6428  97.2013

Kiowa
6
345.7694 155.4345
415.6466 152.7006
414.4442 109.5289
414.1025  95.3788
345.6428  97.2013
344.5670 111.5286

Edwards
8
346.6680 213.4524
374.5632 212.4779
374.1076 198.1632
415.9757 196.7457
416.1529 167.8759
415.6466 152.7006
345.7694 155.4345
345.5416 184.7725

Pratt
6
485.4099 165.7749
485.9795 150.6503
484.8404 107.6430
414.4442 109.5289
415.6466 152.7006
416.1529 167.8759

Barber
7
414.4442 109.5289
484.8404 107.6430
499.2689  92.9234
498.0665  29.4251
472.4622  30.2351
413.4823  32.0577
414.1025  95.3788

Harper
5
499.2689  92.9234
569.1462  91.7716
568.5766  28.0076
528.4678  28.7543
498.0665  29.4251

Kingman
6
485.9795 150.6503
570.1207 148.9543
569.3740 106.2255
569.1462  91.7716
499.2689  92.9234
484.8404 107.6430

Reno
7
556.9452 221.5527
585.0049 221.0464
584.2075 178.1404
570.1207 148.9543
485.9795 150.6503
485.4099 165.7749
486.8275 223.0462

Harvey
5
627.0502 220.3503
654.7049 205.8078
654.4898 177.0646
584.2075 178.1404
585.0049 221.0464

Sedgwick
5
584.2075 178.1404
654.4898 177.0646
653.5152 105.1244
569.3740 106.2255
570.1207 148.9543

Sumner
6
569.3740 106.2255
653.5152 105.1244
653.2874  26.7419
612.5584  27.2482
568.5766  28.0076
569.1462  91.7716

Cowley
6
653.5152 105.1244
734.1759 104.5548
734.1759  75.9762
733.7709  26.0711
704.7366  26.2356
653.2874  26.7419

Butler
7
694.5353 205.0737
735.1505 204.9092
734.3531 126.0711
734.1759 104.5548
653.5152 105.1244
654.4898 177.0646
654.7049 205.8078

Chautauqua
5
734.1759  75.9762
806.4073  75.2294
806.4452  25.8306
801.7243  25.8306
733.7709  26.0711

Elk
6
806.7870 125.3370
806.7870  89.6200
806.4073  75.2294
734.1759  75.9762
734.1759 104.5548
734.3531 126.0711

Greenwood
7
807.0274 218.6923
806.9641 197.1380
806.7870 146.8280
806.7870 125.3370
734.3531 126.0711
735.1505 204.9092
756.3123 219.0467

Montgomery
9
806.7870  89.6200
862.8685  89.3289
863.4507  89.3289
863.9569  70.0402
863.5646  36.3862
863.6025  26.0711
829.3790  25.8939
806.4452  25.8306
806.4073  75.2294

Wilson
4
806.7870 146.8280
862.5774 146.7140
862.8685  89.3289
806.7870  89.6200

Woodson
4
806.9641 197.1380
863.1596 196.9735
862.5774 146.7140
806.7870 146.8280

Labette
8
863.4507  89.3289
919.2284  89.7339
920.9371  82.4943
921.7344  26.5267
878.4488  26.1217
863.6025  26.0711
863.5646  36.3862
863.9569  70.0402

Neosho
6
918.6589 147.0431
918.7854 137.5380
919.2284  89.7339
863.4507  89.3289
862.8685  89.3289
862.5774 146.7140

Allen
4
919.5069 197.3152
918.6589 147.0431
862.5774 146.7140
863.1596 196.9735

Cherokee
5
920.9371  82.4943
979.9169  82.9500
980.6637  26.9824
930.2397  26.5774
921.7344  26.5267

Crawford
6
979.0689 138.0443
979.8663  87.2279
979.9169  82.9500
920.9371  82.4943
919.2284  89.7339
918.7854 137.5380

Bourbon
5
919.5069 197.3152
978.6766 197.8848
979.0689 138.0443
918.7854 137.5380
918.6589 147.0431

Hamilton
7
 33.2140 258.1809
 93.8013 254.5738
 96.9907 254.4219
 94.3075 206.7191
 94.7632 182.7095
 93.9152 167.7114
 28.0754 172.1032

Greeley
5
 37.7198 329.5896
 98.0159 326.2356
 93.8013 254.5738
 33.2140 258.1809
 36.8085 316.0850

Wallace
6
113.4190 397.0874
108.5083 325.7294
 98.0159 326.2356
 37.7198 329.5896
 41.2003 386.9748
 41.9977 401.1375

Sherman
6
 46.2250 472.6221
125.5694 467.8126
128.6450 467.6481
124.2658 396.5052
113.4190 397.0874
 41.9977 401.1376

Cheyenne
5
 50.5536 544.0435
129.9613 539.1201
125.5694 467.8126
 46.2250 472.6221
 46.2756 473.5714

Stafford
7
431.2649 239.1327
486.3212 237.5380
486.8275 223.0462
485.4099 165.7749
416.1529 167.8759
415.9757 196.7457
429.8473 196.2900

Kearny
9
 96.9907 254.4219
149.9840 251.6248
152.7812 251.4982
151.4649 224.0587
148.8956 179.9250
149.8701 164.6358
 93.9152 167.7114
 94.7632 182.7095
 94.3075 206.7191

Finney
11
206.0023 248.7264
261.9572 245.7395
264.1215 245.6256
262.3116 202.6690
206.4579 205.5800
204.9771 177.0646
205.8884 161.7248
149.8701 164.6358
148.8956 179.9250
151.4649 224.0587
152.7812 251.4982

Hodgeman
6
345.8706 242.2716
346.6680 213.4524
345.5416 184.7725
261.5648 188.4050
262.3116 202.6690
264.1215 245.6256

Pawnee
9
346.3389 256.6495
416.4946 254.0043
431.2649 239.1327
429.8473 196.2900
415.9757 196.7457
374.1076 198.1632
374.5632 212.4779
346.6680 213.4524
345.8706 242.2716

Coffey
8
864.2354 262.1804
864.2354 254.9282
864.4759 233.3740
863.2735 233.3740
863.1596 196.9735
806.9641 197.1380
807.0274 218.6923
808.1032 261.9906

Anderson
8
864.2354 254.9282
920.4941 255.2699
920.7725 233.7157
919.5069 211.6932
919.5069 197.3152
863.1596 196.9735
863.2735 233.3740
864.4759 233.3740

Linn
7
977.9298 255.7762
978.6133 201.7197
978.6766 197.8848
919.5069 197.3152
919.5069 211.6932
920.7725 233.7157
920.4941 255.2699

Miami
5
977.5881 313.2879
977.7653 270.3819
977.9298 255.7762
920.4941 255.2699
921.0510 312.6551

Franklin
5
864.8682 312.1994
921.0510 312.6551
920.4941 255.2699
864.2354 254.9282
864.2354 262.1804

Osage
6
864.8049 333.8169
864.8682 312.1994
864.2354 262.1804
808.1032 261.9906
808.6222 312.0855
808.5715 333.6397

Lyon
6
757.2236 312.2627
808.6222 312.0855
808.1032 261.9906
807.0274 218.6923
756.3123 219.0467
756.9325 276.4445

Chase
8
697.8894 276.9507
756.9325 276.4445
756.3123 219.0467
735.1505 204.9092
694.5353 205.0737
694.7632 232.1083
695.3327 248.3721
697.6615 248.2961

Morris
6
738.5045 333.8169
757.2236 312.2627
756.9325 276.4445
697.8894 276.9507
683.9797 291.3793
689.4600 334.2093

Marion
9
683.9797 291.3793
697.8894 276.9507
697.6615 248.2961
695.3327 248.3721
694.7632 232.1083
694.5353 205.0737
654.7049 205.8078
627.0502 220.3503
628.0754 292.0627

McPherson
5
628.0754 292.0627
627.0502 220.3503
585.0049 221.0464
556.9452 221.5527
558.0716 293.3157

Rice
5
487.3464 280.4819
557.8564 279.0011
556.9452 221.5527
486.8275 223.0462
486.3212 237.5380

Saline
5
628.9361 349.3972
628.0754 292.0627
558.0716 293.3157
558.4260 336.3356
558.7044 350.6503

Ellsworth
6
488.3083 337.9303
558.4260 336.3356
558.0716 293.3157
557.8564 279.0011
487.3464 280.4819
487.4097 309.3517

Barton
6
487.4097 309.3517
487.3464 280.4819
486.3212 237.5380
431.2649 239.1327
416.4946 254.0043
418.2665 311.2881

Rush
5
348.4399 313.6802
417.0009 311.3514
418.2665 311.2881
416.4946 254.0043
346.3389 256.6495

Ness
8
264.7543 317.3886
276.5629 316.7685
346.7313 313.7435
348.4399 313.6802
346.3389 256.6495
345.8706 242.2716
264.1215 245.6256
261.9572 245.7395

Lane
4
209.0778 320.3629
264.7543 317.3886
261.9572 245.7395
206.0023 248.7264

Scott
6
153.4646 323.3246
192.5989 321.1603
209.0778 320.3629
206.0023 248.7264
152.7812 251.4982
149.9840 251.6248

Wichita
6
108.5083 325.7294
153.4646 323.3246
149.9840 251.6248
 96.9907 254.4219
 93.8013 254.5738
 98.0159 326.2356

Logan
8
124.2658 396.5052
142.9723 395.4800
162.0711 394.1131
197.0414 392.2905
192.5989 321.1603
153.4646 323.3246
108.5083 325.7294
113.4190 397.0874

Gove
8
208.4576 391.7210
278.3855 388.2404
280.4485 388.1898
276.5629 316.7685
264.7543 317.3886
209.0778 320.3629
192.5989 321.1603
197.0414 392.2905

Trego
5
280.4485 388.1898
348.6171 385.4433
350.3258 385.3927
346.7313 313.7435
276.5629 316.7685

Ellis
6
350.3258 385.3927
418.6589 383.1145
419.9752 383.0512
417.0009 311.3514
348.4399 313.6802
346.7313 313.7435

Russell
6
419.9752 383.0512
488.7639 381.0008
488.3083 337.9303
487.4097 309.3517
418.2665 311.2881
417.0009 311.3514

Lincoln
6
559.4512 393.6068
558.7044 350.6503
558.4260 336.3356
488.3083 337.9303
488.7639 381.0008
489.1689 395.3281

Ottawa
6
559.7929 407.9215
630.0119 406.6685
629.3917 378.0265
628.9361 349.3972
558.7044 350.6503
559.4512 393.6068

Dickinson
6
680.6763 377.4570
689.4600 334.2093
683.9797 291.3793
628.0754 292.0627
628.9361 349.3972
629.3917 378.0265

Geary
9
680.6763 377.4570
681.0687 391.9488
695.0416 391.6197
694.6999 370.0908
728.8095 367.3190
738.7323 367.2051
738.7323 362.3956
738.5045 333.8169
689.4600 334.2093

Wabaunsee
16
796.8642 375.8622
808.5715 333.6397
808.6222 312.0855
757.2236 312.2627
738.5045 333.8169
738.7323 362.3956
752.9457 383.5701
753.7430 382.8234
756.9325 380.8236
758.2488 380.4946
764.8682 387.2785
773.3735 389.3289
788.3716 388.1265
791.3459 386.9241
793.1684 384.5953
796.6996 377.1659

Shawnee
6
797.3198 390.6958
853.3380 390.7464
864.6910 364.4586
864.8049 333.8169
808.5715 333.6397
796.8642 375.8622

Douglas
14
904.1164 362.7373
920.7092 352.7006
921.0510 312.6551
864.8682 312.1994
864.8049 333.8169
864.6910 364.4586
870.1840 366.4457
872.7406 366.7495
874.4999 366.4457
877.0186 365.3699
878.6133 363.5474
882.6128 361.1426
884.8404 360.5730
886.6503 360.6870

Johnson
11
939.2512 354.3586
942.6179 364.7371
943.4152 365.4205
945.0732 365.9901
947.0097 366.0534
957.7932 363.3069
977.1325 363.5980
977.5375 331.1970
977.5881 313.2879
921.0510 312.6551
920.7092 352.7006

Wyandotte
12
977.5375 382.6589
976.9553 375.0016
977.1325 363.5980
957.7932 363.3069
947.0097 366.0534
945.0732 365.9901
943.4152 365.4205
942.6179 364.7371
939.2512 354.3586
939.0740 377.0013
939.9347 389.1011
953.4013 389.1011

Leavenworth
10
904.5214 424.4637
930.9231 424.7168
953.4013 389.1011
939.9347 389.1011
939.0740 377.0013
939.2512 354.3586
920.7092 352.7006
904.1164 362.7373
903.8886 376.6596
904.7366 393.2018

Jefferson
15
855.5656 424.1726
904.5214 424.4637
904.7366 393.2018
903.8886 376.6596
904.1164 362.7373
886.6503 360.6870
884.8404 360.5730
882.6128 361.1426
878.6133 363.5474
877.0186 365.3699
874.4999 366.4457
872.7406 366.7495
870.1840 366.4457
864.6910 364.4586
853.3380 390.7464

Atchison
7
913.9886 443.3474
930.9231 424.7168
904.5214 424.4637
855.5656 424.1726
856.1984 462.6361
884.2075 462.8006
918.9373 458.2316

Jackson
6
855.5656 424.1726
853.3380 390.7464
797.3198 390.6958
797.3198 448.1949
828.1260 462.5095
856.1984 462.6361

Pottawatomie
22
797.3198 390.6958
796.8642 375.8622
796.6996 377.1659
793.1684 384.5953
791.3459 386.9241
788.3716 388.1265
773.3735 389.3289
764.8682 387.2785
758.2488 380.4946
756.9325 380.8236
753.7430 382.8234
752.9457 383.5701
743.9342 386.2533
735.6061 389.9111
723.7975 400.8464
717.5831 410.5541
711.4193 421.8944
711.4699 428.4632
713.0140 431.0325
729.1006 448.4860
771.9433 448.2455
797.3198 448.1949

Riley
17
681.0687 391.9488
681.9800 448.8783
701.0282 448.7011
729.1006 448.4860
713.0140 431.0325
711.4699 428.4632
711.4193 421.8944
717.5831 410.5541
723.7975 400.8464
735.6061 389.9111
743.9342 386.2533
752.9457 383.5701
738.7323 362.3956
738.7323 367.2051
728.8095 367.3190
694.6999 370.0908
695.0416 391.6197

Clay
6
630.0119 406.6685
630.7586 449.5744
681.9800 448.8783
681.0687 391.9488
680.6763 377.4570
629.3917 378.0265

Cloud
6
560.3625 450.8148
560.7042 465.1421
630.9231 463.8891
630.7586 449.5744
630.0119 406.6685
559.7929 407.9215

Mitchell
5
560.3625 450.8148
559.7929 407.9215
559.4512 393.6068
489.1689 395.3281
491.0042 452.5234

Osborne
9
489.1689 395.3281
488.7639 381.0008
419.9752 383.0512
418.6589 383.1145
419.4056 407.0102
420.3802 426.0078
421.4054 454.5738
488.7133 452.5867
491.0042 452.5234

Rooks
8
351.6927 456.9406
418.7222 454.7004
421.4054 454.5738
420.3802 426.0078
419.4056 407.0102
418.6589 383.1145
350.3258 385.3927
348.6171 385.4433

Graham
6
278.3855 388.2404
281.8661 459.7757
348.4905 457.0798
351.6927 456.9406
348.6171 385.4433
280.4485 388.1898

Sheridan
5
212.1028 463.2183
279.5373 459.8263
281.8661 459.7757
278.3855 388.2404
208.4576 391.7210

Thomas
8
124.2658 396.5052
128.6450 467.6481
209.5335 463.3195
212.1028 463.2183
208.4576 391.7210
197.0414 392.2905
162.0711 394.1131
142.9723 395.4800

Rawlins
7
129.9613 539.1201
140.7447 538.5505
210.9004 534.7915
213.3684 534.6143
209.5335 463.3195
128.6450 467.6481
125.5694 467.8126

Decatur
6
213.3684 534.6143
281.0181 531.3742
282.9545 531.2476
279.5373 459.8263
212.1028 463.2183
209.5335 463.3195

Phillips
6
406.9768 526.5141
420.8864 526.1217
418.7222 454.7004
351.6927 456.9406
348.4905 457.0798
351.4649 528.5138

Norton
6
351.1738 528.5138
351.4649 528.5138
348.4905 457.0798
281.8661 459.7757
279.5373 459.8263
282.9545 531.2476

Smith
6
420.8864 526.1217
463.1596 524.8054
490.7130 524.0587
488.7133 452.5867
421.4054 454.5738
418.7222 454.7004

Jewell
7
519.3423 523.3879
561.8433 522.3627
560.7042 465.1421
560.3625 450.8148
491.0042 452.5234
488.7133 452.5867
490.7130 524.0587

Republic
5
575.5378 522.0589
631.7205 521.1603
630.9231 463.8891
560.7042 465.1421
561.8433 522.3627

Washington
7
631.7205 521.1603
688.0298 520.4136
701.7749 520.2490
701.0282 448.7011
681.9800 448.8783
630.7586 449.5744
630.9231 463.8891

Marshall
6
744.2253 519.8946
772.1078 519.7301
771.9433 448.2455
729.1006 448.4860
701.0282 448.7011
701.7749 520.2490

Nemaha
6
800.4586 519.6795
828.1260 519.6795
828.1260 462.5095
797.3198 448.1949
771.9433 448.2455
772.1078 519.7301

