520 528

Hilbert_6
4098
   8.0   16.0
  16.0   16.0
  16.0   24.0
   8.0   24.0
   8.0   32.0
   8.0   40.0
  16.0   40.0
  16.0   32.0
  24.0   32.0
  24.0   40.0
  32.0   40.0
  32.0   32.0
  32.0   24.0
  24.0   24.0
  24.0   16.0
  32.0   16.0
  40.0   16.0
  40.0   24.0
  48.0   24.0
  48.0   16.0
  56.0   16.0
  64.0   16.0
  64.0   24.0
  56.0   24.0
  56.0   32.0
  64.0   32.0
  64.0   40.0
  56.0   40.0
  48.0   40.0
  48.0   32.0
  40.0   32.0
  40.0   40.0
  40.0   48.0
  40.0   56.0
  48.0   56.0
  48.0   48.0
  56.0   48.0
  64.0   48.0
  64.0   56.0
  56.0   56.0
  56.0   64.0
  64.0   64.0
  64.0   72.0
  56.0   72.0
  48.0   72.0
  48.0   64.0
  40.0   64.0
  40.0   72.0
  32.0   72.0
  24.0   72.0
  24.0   64.0
  32.0   64.0
  32.0   56.0
  32.0   48.0
  24.0   48.0
  24.0   56.0
  16.0   56.0
  16.0   48.0
   8.0   48.0
   8.0   56.0
   8.0   64.0
  16.0   64.0
  16.0   72.0
   8.0   72.0
   8.0   80.0
   8.0   88.0
  16.0   88.0
  16.0   80.0
  24.0   80.0
  32.0   80.0
  32.0   88.0
  24.0   88.0
  24.0   96.0
  32.0   96.0
  32.0  104.0
  24.0  104.0
  16.0  104.0
  16.0   96.0
   8.0   96.0
   8.0  104.0
   8.0  112.0
  16.0  112.0
  16.0  120.0
   8.0  120.0
   8.0  128.0
   8.0  136.0
  16.0  136.0
  16.0  128.0
  24.0  128.0
  24.0  136.0
  32.0  136.0
  32.0  128.0
  32.0  120.0
  24.0  120.0
  24.0  112.0
  32.0  112.0
  40.0  112.0
  48.0  112.0
  48.0  120.0
  40.0  120.0
  40.0  128.0
  40.0  136.0
  48.0  136.0
  48.0  128.0
  56.0  128.0
  56.0  136.0
  64.0  136.0
  64.0  128.0
  64.0  120.0
  56.0  120.0
  56.0  112.0
  64.0  112.0
  64.0  104.0
  64.0   96.0
  56.0   96.0
  56.0  104.0
  48.0  104.0
  40.0  104.0
  40.0   96.0
  48.0   96.0
  48.0   88.0
  40.0   88.0
  40.0   80.0
  48.0   80.0
  56.0   80.0
  56.0   88.0
  64.0   88.0
  64.0   80.0
  72.0   80.0
  72.0   88.0
  80.0   88.0
  80.0   80.0
  88.0   80.0
  96.0   80.0
  96.0   88.0
  88.0   88.0
  88.0   96.0
  96.0   96.0
  96.0  104.0
  88.0  104.0
  80.0  104.0
  80.0   96.0
  72.0   96.0
  72.0  104.0
  72.0  112.0
  80.0  112.0
  80.0  120.0
  72.0  120.0
  72.0  128.0
  72.0  136.0
  80.0  136.0
  80.0  128.0
  88.0  128.0
  88.0  136.0
  96.0  136.0
  96.0  128.0
  96.0  120.0
  88.0  120.0
  88.0  112.0
  96.0  112.0
 104.0  112.0
 112.0  112.0
 112.0  120.0
 104.0  120.0
 104.0  128.0
 104.0  136.0
 112.0  136.0
 112.0  128.0
 120.0  128.0
 120.0  136.0
 128.0  136.0
 128.0  128.0
 128.0  120.0
 120.0  120.0
 120.0  112.0
 128.0  112.0
 128.0  104.0
 128.0   96.0
 120.0   96.0
 120.0  104.0
 112.0  104.0
 104.0  104.0
 104.0   96.0
 112.0   96.0
 112.0   88.0
 104.0   88.0
 104.0   80.0
 112.0   80.0
 120.0   80.0
 120.0   88.0
 128.0   88.0
 128.0   80.0
 128.0   72.0
 120.0   72.0
 120.0   64.0
 128.0   64.0
 128.0   56.0
 128.0   48.0
 120.0   48.0
 120.0   56.0
 112.0   56.0
 112.0   48.0
 104.0   48.0
 104.0   56.0
 104.0   64.0
 112.0   64.0
 112.0   72.0
 104.0   72.0
  96.0   72.0
  96.0   64.0
  88.0   64.0
  88.0   72.0
  80.0   72.0
  72.0   72.0
  72.0   64.0
  80.0   64.0
  80.0   56.0
  72.0   56.0
  72.0   48.0
  80.0   48.0
  88.0   48.0
  88.0   56.0
  96.0   56.0
  96.0   48.0
  96.0   40.0
  96.0   32.0
  88.0   32.0
  88.0   40.0
  80.0   40.0
  72.0   40.0
  72.0   32.0
  80.0   32.0
  80.0   24.0
  72.0   24.0
  72.0   16.0
  80.0   16.0
  88.0   16.0
  88.0   24.0
  96.0   24.0
  96.0   16.0
 104.0   16.0
 112.0   16.0
 112.0   24.0
 104.0   24.0
 104.0   32.0
 104.0   40.0
 112.0   40.0
 112.0   32.0
 120.0   32.0
 120.0   40.0
 128.0   40.0
 128.0   32.0
 128.0   24.0
 120.0   24.0
 120.0   16.0
 128.0   16.0
 136.0   16.0
 136.0   24.0
 144.0   24.0
 144.0   16.0
 152.0   16.0
 160.0   16.0
 160.0   24.0
 152.0   24.0
 152.0   32.0
 160.0   32.0
 160.0   40.0
 152.0   40.0
 144.0   40.0
 144.0   32.0
 136.0   32.0
 136.0   40.0
 136.0   48.0
 144.0   48.0
 144.0   56.0
 136.0   56.0
 136.0   64.0
 136.0   72.0
 144.0   72.0
 144.0   64.0
 152.0   64.0
 152.0   72.0
 160.0   72.0
 160.0   64.0
 160.0   56.0
 152.0   56.0
 152.0   48.0
 160.0   48.0
 168.0   48.0
 176.0   48.0
 176.0   56.0
 168.0   56.0
 168.0   64.0
 168.0   72.0
 176.0   72.0
 176.0   64.0
 184.0   64.0
 184.0   72.0
 192.0   72.0
 192.0   64.0
 192.0   56.0
 184.0   56.0
 184.0   48.0
 192.0   48.0
 192.0   40.0
 192.0   32.0
 184.0   32.0
 184.0   40.0
 176.0   40.0
 168.0   40.0
 168.0   32.0
 176.0   32.0
 176.0   24.0
 168.0   24.0
 168.0   16.0
 176.0   16.0
 184.0   16.0
 184.0   24.0
 192.0   24.0
 192.0   16.0
 200.0   16.0
 208.0   16.0
 208.0   24.0
 200.0   24.0
 200.0   32.0
 200.0   40.0
 208.0   40.0
 208.0   32.0
 216.0   32.0
 216.0   40.0
 224.0   40.0
 224.0   32.0
 224.0   24.0
 216.0   24.0
 216.0   16.0
 224.0   16.0
 232.0   16.0
 232.0   24.0
 240.0   24.0
 240.0   16.0
 248.0   16.0
 256.0   16.0
 256.0   24.0
 248.0   24.0
 248.0   32.0
 256.0   32.0
 256.0   40.0
 248.0   40.0
 240.0   40.0
 240.0   32.0
 232.0   32.0
 232.0   40.0
 232.0   48.0
 232.0   56.0
 240.0   56.0
 240.0   48.0
 248.0   48.0
 256.0   48.0
 256.0   56.0
 248.0   56.0
 248.0   64.0
 256.0   64.0
 256.0   72.0
 248.0   72.0
 240.0   72.0
 240.0   64.0
 232.0   64.0
 232.0   72.0
 224.0   72.0
 216.0   72.0
 216.0   64.0
 224.0   64.0
 224.0   56.0
 224.0   48.0
 216.0   48.0
 216.0   56.0
 208.0   56.0
 208.0   48.0
 200.0   48.0
 200.0   56.0
 200.0   64.0
 208.0   64.0
 208.0   72.0
 200.0   72.0
 200.0   80.0
 208.0   80.0
 208.0   88.0
 200.0   88.0
 200.0   96.0
 200.0  104.0
 208.0  104.0
 208.0   96.0
 216.0   96.0
 216.0  104.0
 224.0  104.0
 224.0   96.0
 224.0   88.0
 216.0   88.0
 216.0   80.0
 224.0   80.0
 232.0   80.0
 232.0   88.0
 240.0   88.0
 240.0   80.0
 248.0   80.0
 256.0   80.0
 256.0   88.0
 248.0   88.0
 248.0   96.0
 256.0   96.0
 256.0  104.0
 248.0  104.0
 240.0  104.0
 240.0   96.0
 232.0   96.0
 232.0  104.0
 232.0  112.0
 232.0  120.0
 240.0  120.0
 240.0  112.0
 248.0  112.0
 256.0  112.0
 256.0  120.0
 248.0  120.0
 248.0  128.0
 256.0  128.0
 256.0  136.0
 248.0  136.0
 240.0  136.0
 240.0  128.0
 232.0  128.0
 232.0  136.0
 224.0  136.0
 216.0  136.0
 216.0  128.0
 224.0  128.0
 224.0  120.0
 224.0  112.0
 216.0  112.0
 216.0  120.0
 208.0  120.0
 208.0  112.0
 200.0  112.0
 200.0  120.0
 200.0  128.0
 208.0  128.0
 208.0  136.0
 200.0  136.0
 192.0  136.0
 192.0  128.0
 184.0  128.0
 184.0  136.0
 176.0  136.0
 168.0  136.0
 168.0  128.0
 176.0  128.0
 176.0  120.0
 168.0  120.0
 168.0  112.0
 176.0  112.0
 184.0  112.0
 184.0  120.0
 192.0  120.0
 192.0  112.0
 192.0  104.0
 184.0  104.0
 184.0   96.0
 192.0   96.0
 192.0   88.0
 192.0   80.0
 184.0   80.0
 184.0   88.0
 176.0   88.0
 176.0   80.0
 168.0   80.0
 168.0   88.0
 168.0   96.0
 176.0   96.0
 176.0  104.0
 168.0  104.0
 160.0  104.0
 152.0  104.0
 152.0   96.0
 160.0   96.0
 160.0   88.0
 160.0   80.0
 152.0   80.0
 152.0   88.0
 144.0   88.0
 144.0   80.0
 136.0   80.0
 136.0   88.0
 136.0   96.0
 144.0   96.0
 144.0  104.0
 136.0  104.0
 136.0  112.0
 136.0  120.0
 144.0  120.0
 144.0  112.0
 152.0  112.0
 160.0  112.0
 160.0  120.0
 152.0  120.0
 152.0  128.0
 160.0  128.0
 160.0  136.0
 152.0  136.0
 144.0  136.0
 144.0  128.0
 136.0  128.0
 136.0  136.0
 136.0  144.0
 136.0  152.0
 144.0  152.0
 144.0  144.0
 152.0  144.0
 160.0  144.0
 160.0  152.0
 152.0  152.0
 152.0  160.0
 160.0  160.0
 160.0  168.0
 152.0  168.0
 144.0  168.0
 144.0  160.0
 136.0  160.0
 136.0  168.0
 136.0  176.0
 144.0  176.0
 144.0  184.0
 136.0  184.0
 136.0  192.0
 136.0  200.0
 144.0  200.0
 144.0  192.0
 152.0  192.0
 152.0  200.0
 160.0  200.0
 160.0  192.0
 160.0  184.0
 152.0  184.0
 152.0  176.0
 160.0  176.0
 168.0  176.0
 176.0  176.0
 176.0  184.0
 168.0  184.0
 168.0  192.0
 168.0  200.0
 176.0  200.0
 176.0  192.0
 184.0  192.0
 184.0  200.0
 192.0  200.0
 192.0  192.0
 192.0  184.0
 184.0  184.0
 184.0  176.0
 192.0  176.0
 192.0  168.0
 192.0  160.0
 184.0  160.0
 184.0  168.0
 176.0  168.0
 168.0  168.0
 168.0  160.0
 176.0  160.0
 176.0  152.0
 168.0  152.0
 168.0  144.0
 176.0  144.0
 184.0  144.0
 184.0  152.0
 192.0  152.0
 192.0  144.0
 200.0  144.0
 208.0  144.0
 208.0  152.0
 200.0  152.0
 200.0  160.0
 200.0  168.0
 208.0  168.0
 208.0  160.0
 216.0  160.0
 216.0  168.0
 224.0  168.0
 224.0  160.0
 224.0  152.0
 216.0  152.0
 216.0  144.0
 224.0  144.0
 232.0  144.0
 232.0  152.0
 240.0  152.0
 240.0  144.0
 248.0  144.0
 256.0  144.0
 256.0  152.0
 248.0  152.0
 248.0  160.0
 256.0  160.0
 256.0  168.0
 248.0  168.0
 240.0  168.0
 240.0  160.0
 232.0  160.0
 232.0  168.0
 232.0  176.0
 232.0  184.0
 240.0  184.0
 240.0  176.0
 248.0  176.0
 256.0  176.0
 256.0  184.0
 248.0  184.0
 248.0  192.0
 256.0  192.0
 256.0  200.0
 248.0  200.0
 240.0  200.0
 240.0  192.0
 232.0  192.0
 232.0  200.0
 224.0  200.0
 216.0  200.0
 216.0  192.0
 224.0  192.0
 224.0  184.0
 224.0  176.0
 216.0  176.0
 216.0  184.0
 208.0  184.0
 208.0  176.0
 200.0  176.0
 200.0  184.0
 200.0  192.0
 208.0  192.0
 208.0  200.0
 200.0  200.0
 200.0  208.0
 208.0  208.0
 208.0  216.0
 200.0  216.0
 200.0  224.0
 200.0  232.0
 208.0  232.0
 208.0  224.0
 216.0  224.0
 216.0  232.0
 224.0  232.0
 224.0  224.0
 224.0  216.0
 216.0  216.0
 216.0  208.0
 224.0  208.0
 232.0  208.0
 232.0  216.0
 240.0  216.0
 240.0  208.0
 248.0  208.0
 256.0  208.0
 256.0  216.0
 248.0  216.0
 248.0  224.0
 256.0  224.0
 256.0  232.0
 248.0  232.0
 240.0  232.0
 240.0  224.0
 232.0  224.0
 232.0  232.0
 232.0  240.0
 232.0  248.0
 240.0  248.0
 240.0  240.0
 248.0  240.0
 256.0  240.0
 256.0  248.0
 248.0  248.0
 248.0  256.0
 256.0  256.0
 256.0  264.0
 248.0  264.0
 240.0  264.0
 240.0  256.0
 232.0  256.0
 232.0  264.0
 224.0  264.0
 216.0  264.0
 216.0  256.0
 224.0  256.0
 224.0  248.0
 224.0  240.0
 216.0  240.0
 216.0  248.0
 208.0  248.0
 208.0  240.0
 200.0  240.0
 200.0  248.0
 200.0  256.0
 208.0  256.0
 208.0  264.0
 200.0  264.0
 192.0  264.0
 192.0  256.0
 184.0  256.0
 184.0  264.0
 176.0  264.0
 168.0  264.0
 168.0  256.0
 176.0  256.0
 176.0  248.0
 168.0  248.0
 168.0  240.0
 176.0  240.0
 184.0  240.0
 184.0  248.0
 192.0  248.0
 192.0  240.0
 192.0  232.0
 184.0  232.0
 184.0  224.0
 192.0  224.0
 192.0  216.0
 192.0  208.0
 184.0  208.0
 184.0  216.0
 176.0  216.0
 176.0  208.0
 168.0  208.0
 168.0  216.0
 168.0  224.0
 176.0  224.0
 176.0  232.0
 168.0  232.0
 160.0  232.0
 152.0  232.0
 152.0  224.0
 160.0  224.0
 160.0  216.0
 160.0  208.0
 152.0  208.0
 152.0  216.0
 144.0  216.0
 144.0  208.0
 136.0  208.0
 136.0  216.0
 136.0  224.0
 144.0  224.0
 144.0  232.0
 136.0  232.0
 136.0  240.0
 136.0  248.0
 144.0  248.0
 144.0  240.0
 152.0  240.0
 160.0  240.0
 160.0  248.0
 152.0  248.0
 152.0  256.0
 160.0  256.0
 160.0  264.0
 152.0  264.0
 144.0  264.0
 144.0  256.0
 136.0  256.0
 136.0  264.0
 128.0  264.0
 120.0  264.0
 120.0  256.0
 128.0  256.0
 128.0  248.0
 128.0  240.0
 120.0  240.0
 120.0  248.0
 112.0  248.0
 112.0  240.0
 104.0  240.0
 104.0  248.0
 104.0  256.0
 112.0  256.0
 112.0  264.0
 104.0  264.0
  96.0  264.0
  96.0  256.0
  88.0  256.0
  88.0  264.0
  80.0  264.0
  72.0  264.0
  72.0  256.0
  80.0  256.0
  80.0  248.0
  72.0  248.0
  72.0  240.0
  80.0  240.0
  88.0  240.0
  88.0  248.0
  96.0  248.0
  96.0  240.0
  96.0  232.0
  96.0  224.0
  88.0  224.0
  88.0  232.0
  80.0  232.0
  72.0  232.0
  72.0  224.0
  80.0  224.0
  80.0  216.0
  72.0  216.0
  72.0  208.0
  80.0  208.0
  88.0  208.0
  88.0  216.0
  96.0  216.0
  96.0  208.0
 104.0  208.0
 112.0  208.0
 112.0  216.0
 104.0  216.0
 104.0  224.0
 104.0  232.0
 112.0  232.0
 112.0  224.0
 120.0  224.0
 120.0  232.0
 128.0  232.0
 128.0  224.0
 128.0  216.0
 120.0  216.0
 120.0  208.0
 128.0  208.0
 128.0  200.0
 128.0  192.0
 120.0  192.0
 120.0  200.0
 112.0  200.0
 104.0  200.0
 104.0  192.0
 112.0  192.0
 112.0  184.0
 104.0  184.0
 104.0  176.0
 112.0  176.0
 120.0  176.0
 120.0  184.0
 128.0  184.0
 128.0  176.0
 128.0  168.0
 120.0  168.0
 120.0  160.0
 128.0  160.0
 128.0  152.0
 128.0  144.0
 120.0  144.0
 120.0  152.0
 112.0  152.0
 112.0  144.0
 104.0  144.0
 104.0  152.0
 104.0  160.0
 112.0  160.0
 112.0  168.0
 104.0  168.0
  96.0  168.0
  88.0  168.0
  88.0  160.0
  96.0  160.0
  96.0  152.0
  96.0  144.0
  88.0  144.0
  88.0  152.0
  80.0  152.0
  80.0  144.0
  72.0  144.0
  72.0  152.0
  72.0  160.0
  80.0  160.0
  80.0  168.0
  72.0  168.0
  72.0  176.0
  72.0  184.0
  80.0  184.0
  80.0  176.0
  88.0  176.0
  96.0  176.0
  96.0  184.0
  88.0  184.0
  88.0  192.0
  96.0  192.0
  96.0  200.0
  88.0  200.0
  80.0  200.0
  80.0  192.0
  72.0  192.0
  72.0  200.0
  64.0  200.0
  64.0  192.0
  56.0  192.0
  56.0  200.0
  48.0  200.0
  40.0  200.0
  40.0  192.0
  48.0  192.0
  48.0  184.0
  40.0  184.0
  40.0  176.0
  48.0  176.0
  56.0  176.0
  56.0  184.0
  64.0  184.0
  64.0  176.0
  64.0  168.0
  56.0  168.0
  56.0  160.0
  64.0  160.0
  64.0  152.0
  64.0  144.0
  56.0  144.0
  56.0  152.0
  48.0  152.0
  48.0  144.0
  40.0  144.0
  40.0  152.0
  40.0  160.0
  48.0  160.0
  48.0  168.0
  40.0  168.0
  32.0  168.0
  24.0  168.0
  24.0  160.0
  32.0  160.0
  32.0  152.0
  32.0  144.0
  24.0  144.0
  24.0  152.0
  16.0  152.0
  16.0  144.0
   8.0  144.0
   8.0  152.0
   8.0  160.0
  16.0  160.0
  16.0  168.0
   8.0  168.0
   8.0  176.0
   8.0  184.0
  16.0  184.0
  16.0  176.0
  24.0  176.0
  32.0  176.0
  32.0  184.0
  24.0  184.0
  24.0  192.0
  32.0  192.0
  32.0  200.0
  24.0  200.0
  16.0  200.0
  16.0  192.0
   8.0  192.0
   8.0  200.0
   8.0  208.0
  16.0  208.0
  16.0  216.0
   8.0  216.0
   8.0  224.0
   8.0  232.0
  16.0  232.0
  16.0  224.0
  24.0  224.0
  24.0  232.0
  32.0  232.0
  32.0  224.0
  32.0  216.0
  24.0  216.0
  24.0  208.0
  32.0  208.0
  40.0  208.0
  40.0  216.0
  48.0  216.0
  48.0  208.0
  56.0  208.0
  64.0  208.0
  64.0  216.0
  56.0  216.0
  56.0  224.0
  64.0  224.0
  64.0  232.0
  56.0  232.0
  48.0  232.0
  48.0  224.0
  40.0  224.0
  40.0  232.0
  40.0  240.0
  40.0  248.0
  48.0  248.0
  48.0  240.0
  56.0  240.0
  64.0  240.0
  64.0  248.0
  56.0  248.0
  56.0  256.0
  64.0  256.0
  64.0  264.0
  56.0  264.0
  48.0  264.0
  48.0  256.0
  40.0  256.0
  40.0  264.0
  32.0  264.0
  24.0  264.0
  24.0  256.0
  32.0  256.0
  32.0  248.0
  32.0  240.0
  24.0  240.0
  24.0  248.0
  16.0  248.0
  16.0  240.0
   8.0  240.0
   8.0  248.0
   8.0  256.0
  16.0  256.0
  16.0  264.0
   8.0  264.0
   8.0  272.0
   8.0  280.0
  16.0  280.0
  16.0  272.0
  24.0  272.0
  32.0  272.0
  32.0  280.0
  24.0  280.0
  24.0  288.0
  32.0  288.0
  32.0  296.0
  24.0  296.0
  16.0  296.0
  16.0  288.0
   8.0  288.0
   8.0  296.0
   8.0  304.0
  16.0  304.0
  16.0  312.0
   8.0  312.0
   8.0  320.0
   8.0  328.0
  16.0  328.0
  16.0  320.0
  24.0  320.0
  24.0  328.0
  32.0  328.0
  32.0  320.0
  32.0  312.0
  24.0  312.0
  24.0  304.0
  32.0  304.0
  40.0  304.0
  48.0  304.0
  48.0  312.0
  40.0  312.0
  40.0  320.0
  40.0  328.0
  48.0  328.0
  48.0  320.0
  56.0  320.0
  56.0  328.0
  64.0  328.0
  64.0  320.0
  64.0  312.0
  56.0  312.0
  56.0  304.0
  64.0  304.0
  64.0  296.0
  64.0  288.0
  56.0  288.0
  56.0  296.0
  48.0  296.0
  40.0  296.0
  40.0  288.0
  48.0  288.0
  48.0  280.0
  40.0  280.0
  40.0  272.0
  48.0  272.0
  56.0  272.0
  56.0  280.0
  64.0  280.0
  64.0  272.0
  72.0  272.0
  80.0  272.0
  80.0  280.0
  72.0  280.0
  72.0  288.0
  72.0  296.0
  80.0  296.0
  80.0  288.0
  88.0  288.0
  88.0  296.0
  96.0  296.0
  96.0  288.0
  96.0  280.0
  88.0  280.0
  88.0  272.0
  96.0  272.0
 104.0  272.0
 104.0  280.0
 112.0  280.0
 112.0  272.0
 120.0  272.0
 128.0  272.0
 128.0  280.0
 120.0  280.0
 120.0  288.0
 128.0  288.0
 128.0  296.0
 120.0  296.0
 112.0  296.0
 112.0  288.0
 104.0  288.0
 104.0  296.0
 104.0  304.0
 104.0  312.0
 112.0  312.0
 112.0  304.0
 120.0  304.0
 128.0  304.0
 128.0  312.0
 120.0  312.0
 120.0  320.0
 128.0  320.0
 128.0  328.0
 120.0  328.0
 112.0  328.0
 112.0  320.0
 104.0  320.0
 104.0  328.0
  96.0  328.0
  88.0  328.0
  88.0  320.0
  96.0  320.0
  96.0  312.0
  96.0  304.0
  88.0  304.0
  88.0  312.0
  80.0  312.0
  80.0  304.0
  72.0  304.0
  72.0  312.0
  72.0  320.0
  80.0  320.0
  80.0  328.0
  72.0  328.0
  72.0  336.0
  80.0  336.0
  80.0  344.0
  72.0  344.0
  72.0  352.0
  72.0  360.0
  80.0  360.0
  80.0  352.0
  88.0  352.0
  88.0  360.0
  96.0  360.0
  96.0  352.0
  96.0  344.0
  88.0  344.0
  88.0  336.0
  96.0  336.0
 104.0  336.0
 104.0  344.0
 112.0  344.0
 112.0  336.0
 120.0  336.0
 128.0  336.0
 128.0  344.0
 120.0  344.0
 120.0  352.0
 128.0  352.0
 128.0  360.0
 120.0  360.0
 112.0  360.0
 112.0  352.0
 104.0  352.0
 104.0  360.0
 104.0  368.0
 104.0  376.0
 112.0  376.0
 112.0  368.0
 120.0  368.0
 128.0  368.0
 128.0  376.0
 120.0  376.0
 120.0  384.0
 128.0  384.0
 128.0  392.0
 120.0  392.0
 112.0  392.0
 112.0  384.0
 104.0  384.0
 104.0  392.0
  96.0  392.0
  88.0  392.0
  88.0  384.0
  96.0  384.0
  96.0  376.0
  96.0  368.0
  88.0  368.0
  88.0  376.0
  80.0  376.0
  80.0  368.0
  72.0  368.0
  72.0  376.0
  72.0  384.0
  80.0  384.0
  80.0  392.0
  72.0  392.0
  64.0  392.0
  64.0  384.0
  56.0  384.0
  56.0  392.0
  48.0  392.0
  40.0  392.0
  40.0  384.0
  48.0  384.0
  48.0  376.0
  40.0  376.0
  40.0  368.0
  48.0  368.0
  56.0  368.0
  56.0  376.0
  64.0  376.0
  64.0  368.0
  64.0  360.0
  56.0  360.0
  56.0  352.0
  64.0  352.0
  64.0  344.0
  64.0  336.0
  56.0  336.0
  56.0  344.0
  48.0  344.0
  48.0  336.0
  40.0  336.0
  40.0  344.0
  40.0  352.0
  48.0  352.0
  48.0  360.0
  40.0  360.0
  32.0  360.0
  24.0  360.0
  24.0  352.0
  32.0  352.0
  32.0  344.0
  32.0  336.0
  24.0  336.0
  24.0  344.0
  16.0  344.0
  16.0  336.0
   8.0  336.0
   8.0  344.0
   8.0  352.0
  16.0  352.0
  16.0  360.0
   8.0  360.0
   8.0  368.0
   8.0  376.0
  16.0  376.0
  16.0  368.0
  24.0  368.0
  32.0  368.0
  32.0  376.0
  24.0  376.0
  24.0  384.0
  32.0  384.0
  32.0  392.0
  24.0  392.0
  16.0  392.0
  16.0  384.0
   8.0  384.0
   8.0  392.0
   8.0  400.0
  16.0  400.0
  16.0  408.0
   8.0  408.0
   8.0  416.0
   8.0  424.0
  16.0  424.0
  16.0  416.0
  24.0  416.0
  24.0  424.0
  32.0  424.0
  32.0  416.0
  32.0  408.0
  24.0  408.0
  24.0  400.0
  32.0  400.0
  40.0  400.0
  40.0  408.0
  48.0  408.0
  48.0  400.0
  56.0  400.0
  64.0  400.0
  64.0  408.0
  56.0  408.0
  56.0  416.0
  64.0  416.0
  64.0  424.0
  56.0  424.0
  48.0  424.0
  48.0  416.0
  40.0  416.0
  40.0  424.0
  40.0  432.0
  40.0  440.0
  48.0  440.0
  48.0  432.0
  56.0  432.0
  64.0  432.0
  64.0  440.0
  56.0  440.0
  56.0  448.0
  64.0  448.0
  64.0  456.0
  56.0  456.0
  48.0  456.0
  48.0  448.0
  40.0  448.0
  40.0  456.0
  32.0  456.0
  24.0  456.0
  24.0  448.0
  32.0  448.0
  32.0  440.0
  32.0  432.0
  24.0  432.0
  24.0  440.0
  16.0  440.0
  16.0  432.0
   8.0  432.0
   8.0  440.0
   8.0  448.0
  16.0  448.0
  16.0  456.0
   8.0  456.0
   8.0  464.0
   8.0  472.0
  16.0  472.0
  16.0  464.0
  24.0  464.0
  32.0  464.0
  32.0  472.0
  24.0  472.0
  24.0  480.0
  32.0  480.0
  32.0  488.0
  24.0  488.0
  16.0  488.0
  16.0  480.0
   8.0  480.0
   8.0  488.0
   8.0  496.0
  16.0  496.0
  16.0  504.0
   8.0  504.0
   8.0  512.0
   8.0  520.0
  16.0  520.0
  16.0  512.0
  24.0  512.0
  24.0  520.0
  32.0  520.0
  32.0  512.0
  32.0  504.0
  24.0  504.0
  24.0  496.0
  32.0  496.0
  40.0  496.0
  48.0  496.0
  48.0  504.0
  40.0  504.0
  40.0  512.0
  40.0  520.0
  48.0  520.0
  48.0  512.0
  56.0  512.0
  56.0  520.0
  64.0  520.0
  64.0  512.0
  64.0  504.0
  56.0  504.0
  56.0  496.0
  64.0  496.0
  64.0  488.0
  64.0  480.0
  56.0  480.0
  56.0  488.0
  48.0  488.0
  40.0  488.0
  40.0  480.0
  48.0  480.0
  48.0  472.0
  40.0  472.0
  40.0  464.0
  48.0  464.0
  56.0  464.0
  56.0  472.0
  64.0  472.0
  64.0  464.0
  72.0  464.0
  72.0  472.0
  80.0  472.0
  80.0  464.0
  88.0  464.0
  96.0  464.0
  96.0  472.0
  88.0  472.0
  88.0  480.0
  96.0  480.0
  96.0  488.0
  88.0  488.0
  80.0  488.0
  80.0  480.0
  72.0  480.0
  72.0  488.0
  72.0  496.0
  80.0  496.0
  80.0  504.0
  72.0  504.0
  72.0  512.0
  72.0  520.0
  80.0  520.0
  80.0  512.0
  88.0  512.0
  88.0  520.0
  96.0  520.0
  96.0  512.0
  96.0  504.0
  88.0  504.0
  88.0  496.0
  96.0  496.0
 104.0  496.0
 112.0  496.0
 112.0  504.0
 104.0  504.0
 104.0  512.0
 104.0  520.0
 112.0  520.0
 112.0  512.0
 120.0  512.0
 120.0  520.0
 128.0  520.0
 128.0  512.0
 128.0  504.0
 120.0  504.0
 120.0  496.0
 128.0  496.0
 128.0  488.0
 128.0  480.0
 120.0  480.0
 120.0  488.0
 112.0  488.0
 104.0  488.0
 104.0  480.0
 112.0  480.0
 112.0  472.0
 104.0  472.0
 104.0  464.0
 112.0  464.0
 120.0  464.0
 120.0  472.0
 128.0  472.0
 128.0  464.0
 128.0  456.0
 120.0  456.0
 120.0  448.0
 128.0  448.0
 128.0  440.0
 128.0  432.0
 120.0  432.0
 120.0  440.0
 112.0  440.0
 112.0  432.0
 104.0  432.0
 104.0  440.0
 104.0  448.0
 112.0  448.0
 112.0  456.0
 104.0  456.0
  96.0  456.0
  96.0  448.0
  88.0  448.0
  88.0  456.0
  80.0  456.0
  72.0  456.0
  72.0  448.0
  80.0  448.0
  80.0  440.0
  72.0  440.0
  72.0  432.0
  80.0  432.0
  88.0  432.0
  88.0  440.0
  96.0  440.0
  96.0  432.0
  96.0  424.0
  96.0  416.0
  88.0  416.0
  88.0  424.0
  80.0  424.0
  72.0  424.0
  72.0  416.0
  80.0  416.0
  80.0  408.0
  72.0  408.0
  72.0  400.0
  80.0  400.0
  88.0  400.0
  88.0  408.0
  96.0  408.0
  96.0  400.0
 104.0  400.0
 112.0  400.0
 112.0  408.0
 104.0  408.0
 104.0  416.0
 104.0  424.0
 112.0  424.0
 112.0  416.0
 120.0  416.0
 120.0  424.0
 128.0  424.0
 128.0  416.0
 128.0  408.0
 120.0  408.0
 120.0  400.0
 128.0  400.0
 136.0  400.0
 144.0  400.0
 144.0  408.0
 136.0  408.0
 136.0  416.0
 136.0  424.0
 144.0  424.0
 144.0  416.0
 152.0  416.0
 152.0  424.0
 160.0  424.0
 160.0  416.0
 160.0  408.0
 152.0  408.0
 152.0  400.0
 160.0  400.0
 168.0  400.0
 168.0  408.0
 176.0  408.0
 176.0  400.0
 184.0  400.0
 192.0  400.0
 192.0  408.0
 184.0  408.0
 184.0  416.0
 192.0  416.0
 192.0  424.0
 184.0  424.0
 176.0  424.0
 176.0  416.0
 168.0  416.0
 168.0  424.0
 168.0  432.0
 168.0  440.0
 176.0  440.0
 176.0  432.0
 184.0  432.0
 192.0  432.0
 192.0  440.0
 184.0  440.0
 184.0  448.0
 192.0  448.0
 192.0  456.0
 184.0  456.0
 176.0  456.0
 176.0  448.0
 168.0  448.0
 168.0  456.0
 160.0  456.0
 152.0  456.0
 152.0  448.0
 160.0  448.0
 160.0  440.0
 160.0  432.0
 152.0  432.0
 152.0  440.0
 144.0  440.0
 144.0  432.0
 136.0  432.0
 136.0  440.0
 136.0  448.0
 144.0  448.0
 144.0  456.0
 136.0  456.0
 136.0  464.0
 136.0  472.0
 144.0  472.0
 144.0  464.0
 152.0  464.0
 160.0  464.0
 160.0  472.0
 152.0  472.0
 152.0  480.0
 160.0  480.0
 160.0  488.0
 152.0  488.0
 144.0  488.0
 144.0  480.0
 136.0  480.0
 136.0  488.0
 136.0  496.0
 144.0  496.0
 144.0  504.0
 136.0  504.0
 136.0  512.0
 136.0  520.0
 144.0  520.0
 144.0  512.0
 152.0  512.0
 152.0  520.0
 160.0  520.0
 160.0  512.0
 160.0  504.0
 152.0  504.0
 152.0  496.0
 160.0  496.0
 168.0  496.0
 176.0  496.0
 176.0  504.0
 168.0  504.0
 168.0  512.0
 168.0  520.0
 176.0  520.0
 176.0  512.0
 184.0  512.0
 184.0  520.0
 192.0  520.0
 192.0  512.0
 192.0  504.0
 184.0  504.0
 184.0  496.0
 192.0  496.0
 192.0  488.0
 192.0  480.0
 184.0  480.0
 184.0  488.0
 176.0  488.0
 168.0  488.0
 168.0  480.0
 176.0  480.0
 176.0  472.0
 168.0  472.0
 168.0  464.0
 176.0  464.0
 184.0  464.0
 184.0  472.0
 192.0  472.0
 192.0  464.0
 200.0  464.0
 200.0  472.0
 208.0  472.0
 208.0  464.0
 216.0  464.0
 224.0  464.0
 224.0  472.0
 216.0  472.0
 216.0  480.0
 224.0  480.0
 224.0  488.0
 216.0  488.0
 208.0  488.0
 208.0  480.0
 200.0  480.0
 200.0  488.0
 200.0  496.0
 208.0  496.0
 208.0  504.0
 200.0  504.0
 200.0  512.0
 200.0  520.0
 208.0  520.0
 208.0  512.0
 216.0  512.0
 216.0  520.0
 224.0  520.0
 224.0  512.0
 224.0  504.0
 216.0  504.0
 216.0  496.0
 224.0  496.0
 232.0  496.0
 240.0  496.0
 240.0  504.0
 232.0  504.0
 232.0  512.0
 232.0  520.0
 240.0  520.0
 240.0  512.0
 248.0  512.0
 248.0  520.0
 256.0  520.0
 256.0  512.0
 256.0  504.0
 248.0  504.0
 248.0  496.0
 256.0  496.0
 256.0  488.0
 256.0  480.0
 248.0  480.0
 248.0  488.0
 240.0  488.0
 232.0  488.0
 232.0  480.0
 240.0  480.0
 240.0  472.0
 232.0  472.0
 232.0  464.0
 240.0  464.0
 248.0  464.0
 248.0  472.0
 256.0  472.0
 256.0  464.0
 256.0  456.0
 248.0  456.0
 248.0  448.0
 256.0  448.0
 256.0  440.0
 256.0  432.0
 248.0  432.0
 248.0  440.0
 240.0  440.0
 240.0  432.0
 232.0  432.0
 232.0  440.0
 232.0  448.0
 240.0  448.0
 240.0  456.0
 232.0  456.0
 224.0  456.0
 224.0  448.0
 216.0  448.0
 216.0  456.0
 208.0  456.0
 200.0  456.0
 200.0  448.0
 208.0  448.0
 208.0  440.0
 200.0  440.0
 200.0  432.0
 208.0  432.0
 216.0  432.0
 216.0  440.0
 224.0  440.0
 224.0  432.0
 224.0  424.0
 224.0  416.0
 216.0  416.0
 216.0  424.0
 208.0  424.0
 200.0  424.0
 200.0  416.0
 208.0  416.0
 208.0  408.0
 200.0  408.0
 200.0  400.0
 208.0  400.0
 216.0  400.0
 216.0  408.0
 224.0  408.0
 224.0  400.0
 232.0  400.0
 240.0  400.0
 240.0  408.0
 232.0  408.0
 232.0  416.0
 232.0  424.0
 240.0  424.0
 240.0  416.0
 248.0  416.0
 248.0  424.0
 256.0  424.0
 256.0  416.0
 256.0  408.0
 248.0  408.0
 248.0  400.0
 256.0  400.0
 256.0  392.0
 256.0  384.0
 248.0  384.0
 248.0  392.0
 240.0  392.0
 232.0  392.0
 232.0  384.0
 240.0  384.0
 240.0  376.0
 232.0  376.0
 232.0  368.0
 240.0  368.0
 248.0  368.0
 248.0  376.0
 256.0  376.0
 256.0  368.0
 256.0  360.0
 248.0  360.0
 248.0  352.0
 256.0  352.0
 256.0  344.0
 256.0  336.0
 248.0  336.0
 248.0  344.0
 240.0  344.0
 240.0  336.0
 232.0  336.0
 232.0  344.0
 232.0  352.0
 240.0  352.0
 240.0  360.0
 232.0  360.0
 224.0  360.0
 216.0  360.0
 216.0  352.0
 224.0  352.0
 224.0  344.0
 224.0  336.0
 216.0  336.0
 216.0  344.0
 208.0  344.0
 208.0  336.0
 200.0  336.0
 200.0  344.0
 200.0  352.0
 208.0  352.0
 208.0  360.0
 200.0  360.0
 200.0  368.0
 200.0  376.0
 208.0  376.0
 208.0  368.0
 216.0  368.0
 224.0  368.0
 224.0  376.0
 216.0  376.0
 216.0  384.0
 224.0  384.0
 224.0  392.0
 216.0  392.0
 208.0  392.0
 208.0  384.0
 200.0  384.0
 200.0  392.0
 192.0  392.0
 184.0  392.0
 184.0  384.0
 192.0  384.0
 192.0  376.0
 192.0  368.0
 184.0  368.0
 184.0  376.0
 176.0  376.0
 176.0  368.0
 168.0  368.0
 168.0  376.0
 168.0  384.0
 176.0  384.0
 176.0  392.0
 168.0  392.0
 160.0  392.0
 160.0  384.0
 152.0  384.0
 152.0  392.0
 144.0  392.0
 136.0  392.0
 136.0  384.0
 144.0  384.0
 144.0  376.0
 136.0  376.0
 136.0  368.0
 144.0  368.0
 152.0  368.0
 152.0  376.0
 160.0  376.0
 160.0  368.0
 160.0  360.0
 160.0  352.0
 152.0  352.0
 152.0  360.0
 144.0  360.0
 136.0  360.0
 136.0  352.0
 144.0  352.0
 144.0  344.0
 136.0  344.0
 136.0  336.0
 144.0  336.0
 152.0  336.0
 152.0  344.0
 160.0  344.0
 160.0  336.0
 168.0  336.0
 176.0  336.0
 176.0  344.0
 168.0  344.0
 168.0  352.0
 168.0  360.0
 176.0  360.0
 176.0  352.0
 184.0  352.0
 184.0  360.0
 192.0  360.0
 192.0  352.0
 192.0  344.0
 184.0  344.0
 184.0  336.0
 192.0  336.0
 192.0  328.0
 184.0  328.0
 184.0  320.0
 192.0  320.0
 192.0  312.0
 192.0  304.0
 184.0  304.0
 184.0  312.0
 176.0  312.0
 176.0  304.0
 168.0  304.0
 168.0  312.0
 168.0  320.0
 176.0  320.0
 176.0  328.0
 168.0  328.0
 160.0  328.0
 160.0  320.0
 152.0  320.0
 152.0  328.0
 144.0  328.0
 136.0  328.0
 136.0  320.0
 144.0  320.0
 144.0  312.0
 136.0  312.0
 136.0  304.0
 144.0  304.0
 152.0  304.0
 152.0  312.0
 160.0  312.0
 160.0  304.0
 160.0  296.0
 160.0  288.0
 152.0  288.0
 152.0  296.0
 144.0  296.0
 136.0  296.0
 136.0  288.0
 144.0  288.0
 144.0  280.0
 136.0  280.0
 136.0  272.0
 144.0  272.0
 152.0  272.0
 152.0  280.0
 160.0  280.0
 160.0  272.0
 168.0  272.0
 176.0  272.0
 176.0  280.0
 168.0  280.0
 168.0  288.0
 168.0  296.0
 176.0  296.0
 176.0  288.0
 184.0  288.0
 184.0  296.0
 192.0  296.0
 192.0  288.0
 192.0  280.0
 184.0  280.0
 184.0  272.0
 192.0  272.0
 200.0  272.0
 200.0  280.0
 208.0  280.0
 208.0  272.0
 216.0  272.0
 224.0  272.0
 224.0  280.0
 216.0  280.0
 216.0  288.0
 224.0  288.0
 224.0  296.0
 216.0  296.0
 208.0  296.0
 208.0  288.0
 200.0  288.0
 200.0  296.0
 200.0  304.0
 208.0  304.0
 208.0  312.0
 200.0  312.0
 200.0  320.0
 200.0  328.0
 208.0  328.0
 208.0  320.0
 216.0  320.0
 216.0  328.0
 224.0  328.0
 224.0  320.0
 224.0  312.0
 216.0  312.0
 216.0  304.0
 224.0  304.0
 232.0  304.0
 240.0  304.0
 240.0  312.0
 232.0  312.0
 232.0  320.0
 232.0  328.0
 240.0  328.0
 240.0  320.0
 248.0  320.0
 248.0  328.0
 256.0  328.0
 256.0  320.0
 256.0  312.0
 248.0  312.0
 248.0  304.0
 256.0  304.0
 256.0  296.0
 256.0  288.0
 248.0  288.0
 248.0  296.0
 240.0  296.0
 232.0  296.0
 232.0  288.0
 240.0  288.0
 240.0  280.0
 232.0  280.0
 232.0  272.0
 240.0  272.0
 248.0  272.0
 248.0  280.0
 256.0  280.0
 256.0  272.0
 264.0  272.0
 264.0  280.0
 272.0  280.0
 272.0  272.0
 280.0  272.0
 288.0  272.0
 288.0  280.0
 280.0  280.0
 280.0  288.0
 288.0  288.0
 288.0  296.0
 280.0  296.0
 272.0  296.0
 272.0  288.0
 264.0  288.0
 264.0  296.0
 264.0  304.0
 272.0  304.0
 272.0  312.0
 264.0  312.0
 264.0  320.0
 264.0  328.0
 272.0  328.0
 272.0  320.0
 280.0  320.0
 280.0  328.0
 288.0  328.0
 288.0  320.0
 288.0  312.0
 280.0  312.0
 280.0  304.0
 288.0  304.0
 296.0  304.0
 304.0  304.0
 304.0  312.0
 296.0  312.0
 296.0  320.0
 296.0  328.0
 304.0  328.0
 304.0  320.0
 312.0  320.0
 312.0  328.0
 320.0  328.0
 320.0  320.0
 320.0  312.0
 312.0  312.0
 312.0  304.0
 320.0  304.0
 320.0  296.0
 320.0  288.0
 312.0  288.0
 312.0  296.0
 304.0  296.0
 296.0  296.0
 296.0  288.0
 304.0  288.0
 304.0  280.0
 296.0  280.0
 296.0  272.0
 304.0  272.0
 312.0  272.0
 312.0  280.0
 320.0  280.0
 320.0  272.0
 328.0  272.0
 336.0  272.0
 336.0  280.0
 328.0  280.0
 328.0  288.0
 328.0  296.0
 336.0  296.0
 336.0  288.0
 344.0  288.0
 344.0  296.0
 352.0  296.0
 352.0  288.0
 352.0  280.0
 344.0  280.0
 344.0  272.0
 352.0  272.0
 360.0  272.0
 360.0  280.0
 368.0  280.0
 368.0  272.0
 376.0  272.0
 384.0  272.0
 384.0  280.0
 376.0  280.0
 376.0  288.0
 384.0  288.0
 384.0  296.0
 376.0  296.0
 368.0  296.0
 368.0  288.0
 360.0  288.0
 360.0  296.0
 360.0  304.0
 360.0  312.0
 368.0  312.0
 368.0  304.0
 376.0  304.0
 384.0  304.0
 384.0  312.0
 376.0  312.0
 376.0  320.0
 384.0  320.0
 384.0  328.0
 376.0  328.0
 368.0  328.0
 368.0  320.0
 360.0  320.0
 360.0  328.0
 352.0  328.0
 344.0  328.0
 344.0  320.0
 352.0  320.0
 352.0  312.0
 352.0  304.0
 344.0  304.0
 344.0  312.0
 336.0  312.0
 336.0  304.0
 328.0  304.0
 328.0  312.0
 328.0  320.0
 336.0  320.0
 336.0  328.0
 328.0  328.0
 328.0  336.0
 336.0  336.0
 336.0  344.0
 328.0  344.0
 328.0  352.0
 328.0  360.0
 336.0  360.0
 336.0  352.0
 344.0  352.0
 344.0  360.0
 352.0  360.0
 352.0  352.0
 352.0  344.0
 344.0  344.0
 344.0  336.0
 352.0  336.0
 360.0  336.0
 360.0  344.0
 368.0  344.0
 368.0  336.0
 376.0  336.0
 384.0  336.0
 384.0  344.0
 376.0  344.0
 376.0  352.0
 384.0  352.0
 384.0  360.0
 376.0  360.0
 368.0  360.0
 368.0  352.0
 360.0  352.0
 360.0  360.0
 360.0  368.0
 360.0  376.0
 368.0  376.0
 368.0  368.0
 376.0  368.0
 384.0  368.0
 384.0  376.0
 376.0  376.0
 376.0  384.0
 384.0  384.0
 384.0  392.0
 376.0  392.0
 368.0  392.0
 368.0  384.0
 360.0  384.0
 360.0  392.0
 352.0  392.0
 344.0  392.0
 344.0  384.0
 352.0  384.0
 352.0  376.0
 352.0  368.0
 344.0  368.0
 344.0  376.0
 336.0  376.0
 336.0  368.0
 328.0  368.0
 328.0  376.0
 328.0  384.0
 336.0  384.0
 336.0  392.0
 328.0  392.0
 320.0  392.0
 320.0  384.0
 312.0  384.0
 312.0  392.0
 304.0  392.0
 296.0  392.0
 296.0  384.0
 304.0  384.0
 304.0  376.0
 296.0  376.0
 296.0  368.0
 304.0  368.0
 312.0  368.0
 312.0  376.0
 320.0  376.0
 320.0  368.0
 320.0  360.0
 312.0  360.0
 312.0  352.0
 320.0  352.0
 320.0  344.0
 320.0  336.0
 312.0  336.0
 312.0  344.0
 304.0  344.0
 304.0  336.0
 296.0  336.0
 296.0  344.0
 296.0  352.0
 304.0  352.0
 304.0  360.0
 296.0  360.0
 288.0  360.0
 280.0  360.0
 280.0  352.0
 288.0  352.0
 288.0  344.0
 288.0  336.0
 280.0  336.0
 280.0  344.0
 272.0  344.0
 272.0  336.0
 264.0  336.0
 264.0  344.0
 264.0  352.0
 272.0  352.0
 272.0  360.0
 264.0  360.0
 264.0  368.0
 264.0  376.0
 272.0  376.0
 272.0  368.0
 280.0  368.0
 288.0  368.0
 288.0  376.0
 280.0  376.0
 280.0  384.0
 288.0  384.0
 288.0  392.0
 280.0  392.0
 272.0  392.0
 272.0  384.0
 264.0  384.0
 264.0  392.0
 264.0  400.0
 272.0  400.0
 272.0  408.0
 264.0  408.0
 264.0  416.0
 264.0  424.0
 272.0  424.0
 272.0  416.0
 280.0  416.0
 280.0  424.0
 288.0  424.0
 288.0  416.0
 288.0  408.0
 280.0  408.0
 280.0  400.0
 288.0  400.0
 296.0  400.0
 296.0  408.0
 304.0  408.0
 304.0  400.0
 312.0  400.0
 320.0  400.0
 320.0  408.0
 312.0  408.0
 312.0  416.0
 320.0  416.0
 320.0  424.0
 312.0  424.0
 304.0  424.0
 304.0  416.0
 296.0  416.0
 296.0  424.0
 296.0  432.0
 296.0  440.0
 304.0  440.0
 304.0  432.0
 312.0  432.0
 320.0  432.0
 320.0  440.0
 312.0  440.0
 312.0  448.0
 320.0  448.0
 320.0  456.0
 312.0  456.0
 304.0  456.0
 304.0  448.0
 296.0  448.0
 296.0  456.0
 288.0  456.0
 280.0  456.0
 280.0  448.0
 288.0  448.0
 288.0  440.0
 288.0  432.0
 280.0  432.0
 280.0  440.0
 272.0  440.0
 272.0  432.0
 264.0  432.0
 264.0  440.0
 264.0  448.0
 272.0  448.0
 272.0  456.0
 264.0  456.0
 264.0  464.0
 264.0  472.0
 272.0  472.0
 272.0  464.0
 280.0  464.0
 288.0  464.0
 288.0  472.0
 280.0  472.0
 280.0  480.0
 288.0  480.0
 288.0  488.0
 280.0  488.0
 272.0  488.0
 272.0  480.0
 264.0  480.0
 264.0  488.0
 264.0  496.0
 272.0  496.0
 272.0  504.0
 264.0  504.0
 264.0  512.0
 264.0  520.0
 272.0  520.0
 272.0  512.0
 280.0  512.0
 280.0  520.0
 288.0  520.0
 288.0  512.0
 288.0  504.0
 280.0  504.0
 280.0  496.0
 288.0  496.0
 296.0  496.0
 304.0  496.0
 304.0  504.0
 296.0  504.0
 296.0  512.0
 296.0  520.0
 304.0  520.0
 304.0  512.0
 312.0  512.0
 312.0  520.0
 320.0  520.0
 320.0  512.0
 320.0  504.0
 312.0  504.0
 312.0  496.0
 320.0  496.0
 320.0  488.0
 320.0  480.0
 312.0  480.0
 312.0  488.0
 304.0  488.0
 296.0  488.0
 296.0  480.0
 304.0  480.0
 304.0  472.0
 296.0  472.0
 296.0  464.0
 304.0  464.0
 312.0  464.0
 312.0  472.0
 320.0  472.0
 320.0  464.0
 328.0  464.0
 328.0  472.0
 336.0  472.0
 336.0  464.0
 344.0  464.0
 352.0  464.0
 352.0  472.0
 344.0  472.0
 344.0  480.0
 352.0  480.0
 352.0  488.0
 344.0  488.0
 336.0  488.0
 336.0  480.0
 328.0  480.0
 328.0  488.0
 328.0  496.0
 336.0  496.0
 336.0  504.0
 328.0  504.0
 328.0  512.0
 328.0  520.0
 336.0  520.0
 336.0  512.0
 344.0  512.0
 344.0  520.0
 352.0  520.0
 352.0  512.0
 352.0  504.0
 344.0  504.0
 344.0  496.0
 352.0  496.0
 360.0  496.0
 368.0  496.0
 368.0  504.0
 360.0  504.0
 360.0  512.0
 360.0  520.0
 368.0  520.0
 368.0  512.0
 376.0  512.0
 376.0  520.0
 384.0  520.0
 384.0  512.0
 384.0  504.0
 376.0  504.0
 376.0  496.0
 384.0  496.0
 384.0  488.0
 384.0  480.0
 376.0  480.0
 376.0  488.0
 368.0  488.0
 360.0  488.0
 360.0  480.0
 368.0  480.0
 368.0  472.0
 360.0  472.0
 360.0  464.0
 368.0  464.0
 376.0  464.0
 376.0  472.0
 384.0  472.0
 384.0  464.0
 384.0  456.0
 376.0  456.0
 376.0  448.0
 384.0  448.0
 384.0  440.0
 384.0  432.0
 376.0  432.0
 376.0  440.0
 368.0  440.0
 368.0  432.0
 360.0  432.0
 360.0  440.0
 360.0  448.0
 368.0  448.0
 368.0  456.0
 360.0  456.0
 352.0  456.0
 352.0  448.0
 344.0  448.0
 344.0  456.0
 336.0  456.0
 328.0  456.0
 328.0  448.0
 336.0  448.0
 336.0  440.0
 328.0  440.0
 328.0  432.0
 336.0  432.0
 344.0  432.0
 344.0  440.0
 352.0  440.0
 352.0  432.0
 352.0  424.0
 352.0  416.0
 344.0  416.0
 344.0  424.0
 336.0  424.0
 328.0  424.0
 328.0  416.0
 336.0  416.0
 336.0  408.0
 328.0  408.0
 328.0  400.0
 336.0  400.0
 344.0  400.0
 344.0  408.0
 352.0  408.0
 352.0  400.0
 360.0  400.0
 368.0  400.0
 368.0  408.0
 360.0  408.0
 360.0  416.0
 360.0  424.0
 368.0  424.0
 368.0  416.0
 376.0  416.0
 376.0  424.0
 384.0  424.0
 384.0  416.0
 384.0  408.0
 376.0  408.0
 376.0  400.0
 384.0  400.0
 392.0  400.0
 400.0  400.0
 400.0  408.0
 392.0  408.0
 392.0  416.0
 392.0  424.0
 400.0  424.0
 400.0  416.0
 408.0  416.0
 408.0  424.0
 416.0  424.0
 416.0  416.0
 416.0  408.0
 408.0  408.0
 408.0  400.0
 416.0  400.0
 424.0  400.0
 424.0  408.0
 432.0  408.0
 432.0  400.0
 440.0  400.0
 448.0  400.0
 448.0  408.0
 440.0  408.0
 440.0  416.0
 448.0  416.0
 448.0  424.0
 440.0  424.0
 432.0  424.0
 432.0  416.0
 424.0  416.0
 424.0  424.0
 424.0  432.0
 424.0  440.0
 432.0  440.0
 432.0  432.0
 440.0  432.0
 448.0  432.0
 448.0  440.0
 440.0  440.0
 440.0  448.0
 448.0  448.0
 448.0  456.0
 440.0  456.0
 432.0  456.0
 432.0  448.0
 424.0  448.0
 424.0  456.0
 416.0  456.0
 408.0  456.0
 408.0  448.0
 416.0  448.0
 416.0  440.0
 416.0  432.0
 408.0  432.0
 408.0  440.0
 400.0  440.0
 400.0  432.0
 392.0  432.0
 392.0  440.0
 392.0  448.0
 400.0  448.0
 400.0  456.0
 392.0  456.0
 392.0  464.0
 392.0  472.0
 400.0  472.0
 400.0  464.0
 408.0  464.0
 416.0  464.0
 416.0  472.0
 408.0  472.0
 408.0  480.0
 416.0  480.0
 416.0  488.0
 408.0  488.0
 400.0  488.0
 400.0  480.0
 392.0  480.0
 392.0  488.0
 392.0  496.0
 400.0  496.0
 400.0  504.0
 392.0  504.0
 392.0  512.0
 392.0  520.0
 400.0  520.0
 400.0  512.0
 408.0  512.0
 408.0  520.0
 416.0  520.0
 416.0  512.0
 416.0  504.0
 408.0  504.0
 408.0  496.0
 416.0  496.0
 424.0  496.0
 432.0  496.0
 432.0  504.0
 424.0  504.0
 424.0  512.0
 424.0  520.0
 432.0  520.0
 432.0  512.0
 440.0  512.0
 440.0  520.0
 448.0  520.0
 448.0  512.0
 448.0  504.0
 440.0  504.0
 440.0  496.0
 448.0  496.0
 448.0  488.0
 448.0  480.0
 440.0  480.0
 440.0  488.0
 432.0  488.0
 424.0  488.0
 424.0  480.0
 432.0  480.0
 432.0  472.0
 424.0  472.0
 424.0  464.0
 432.0  464.0
 440.0  464.0
 440.0  472.0
 448.0  472.0
 448.0  464.0
 456.0  464.0
 456.0  472.0
 464.0  472.0
 464.0  464.0
 472.0  464.0
 480.0  464.0
 480.0  472.0
 472.0  472.0
 472.0  480.0
 480.0  480.0
 480.0  488.0
 472.0  488.0
 464.0  488.0
 464.0  480.0
 456.0  480.0
 456.0  488.0
 456.0  496.0
 464.0  496.0
 464.0  504.0
 456.0  504.0
 456.0  512.0
 456.0  520.0
 464.0  520.0
 464.0  512.0
 472.0  512.0
 472.0  520.0
 480.0  520.0
 480.0  512.0
 480.0  504.0
 472.0  504.0
 472.0  496.0
 480.0  496.0
 488.0  496.0
 496.0  496.0
 496.0  504.0
 488.0  504.0
 488.0  512.0
 488.0  520.0
 496.0  520.0
 496.0  512.0
 504.0  512.0
 504.0  520.0
 512.0  520.0
 512.0  512.0
 512.0  504.0
 504.0  504.0
 504.0  496.0
 512.0  496.0
 512.0  488.0
 512.0  480.0
 504.0  480.0
 504.0  488.0
 496.0  488.0
 488.0  488.0
 488.0  480.0
 496.0  480.0
 496.0  472.0
 488.0  472.0
 488.0  464.0
 496.0  464.0
 504.0  464.0
 504.0  472.0
 512.0  472.0
 512.0  464.0
 512.0  456.0
 504.0  456.0
 504.0  448.0
 512.0  448.0
 512.0  440.0
 512.0  432.0
 504.0  432.0
 504.0  440.0
 496.0  440.0
 496.0  432.0
 488.0  432.0
 488.0  440.0
 488.0  448.0
 496.0  448.0
 496.0  456.0
 488.0  456.0
 480.0  456.0
 480.0  448.0
 472.0  448.0
 472.0  456.0
 464.0  456.0
 456.0  456.0
 456.0  448.0
 464.0  448.0
 464.0  440.0
 456.0  440.0
 456.0  432.0
 464.0  432.0
 472.0  432.0
 472.0  440.0
 480.0  440.0
 480.0  432.0
 480.0  424.0
 480.0  416.0
 472.0  416.0
 472.0  424.0
 464.0  424.0
 456.0  424.0
 456.0  416.0
 464.0  416.0
 464.0  408.0
 456.0  408.0
 456.0  400.0
 464.0  400.0
 472.0  400.0
 472.0  408.0
 480.0  408.0
 480.0  400.0
 488.0  400.0
 496.0  400.0
 496.0  408.0
 488.0  408.0
 488.0  416.0
 488.0  424.0
 496.0  424.0
 496.0  416.0
 504.0  416.0
 504.0  424.0
 512.0  424.0
 512.0  416.0
 512.0  408.0
 504.0  408.0
 504.0  400.0
 512.0  400.0
 512.0  392.0
 512.0  384.0
 504.0  384.0
 504.0  392.0
 496.0  392.0
 488.0  392.0
 488.0  384.0
 496.0  384.0
 496.0  376.0
 488.0  376.0
 488.0  368.0
 496.0  368.0
 504.0  368.0
 504.0  376.0
 512.0  376.0
 512.0  368.0
 512.0  360.0
 504.0  360.0
 504.0  352.0
 512.0  352.0
 512.0  344.0
 512.0  336.0
 504.0  336.0
 504.0  344.0
 496.0  344.0
 496.0  336.0
 488.0  336.0
 488.0  344.0
 488.0  352.0
 496.0  352.0
 496.0  360.0
 488.0  360.0
 480.0  360.0
 472.0  360.0
 472.0  352.0
 480.0  352.0
 480.0  344.0
 480.0  336.0
 472.0  336.0
 472.0  344.0
 464.0  344.0
 464.0  336.0
 456.0  336.0
 456.0  344.0
 456.0  352.0
 464.0  352.0
 464.0  360.0
 456.0  360.0
 456.0  368.0
 456.0  376.0
 464.0  376.0
 464.0  368.0
 472.0  368.0
 480.0  368.0
 480.0  376.0
 472.0  376.0
 472.0  384.0
 480.0  384.0
 480.0  392.0
 472.0  392.0
 464.0  392.0
 464.0  384.0
 456.0  384.0
 456.0  392.0
 448.0  392.0
 440.0  392.0
 440.0  384.0
 448.0  384.0
 448.0  376.0
 448.0  368.0
 440.0  368.0
 440.0  376.0
 432.0  376.0
 432.0  368.0
 424.0  368.0
 424.0  376.0
 424.0  384.0
 432.0  384.0
 432.0  392.0
 424.0  392.0
 416.0  392.0
 416.0  384.0
 408.0  384.0
 408.0  392.0
 400.0  392.0
 392.0  392.0
 392.0  384.0
 400.0  384.0
 400.0  376.0
 392.0  376.0
 392.0  368.0
 400.0  368.0
 408.0  368.0
 408.0  376.0
 416.0  376.0
 416.0  368.0
 416.0  360.0
 416.0  352.0
 408.0  352.0
 408.0  360.0
 400.0  360.0
 392.0  360.0
 392.0  352.0
 400.0  352.0
 400.0  344.0
 392.0  344.0
 392.0  336.0
 400.0  336.0
 408.0  336.0
 408.0  344.0
 416.0  344.0
 416.0  336.0
 424.0  336.0
 432.0  336.0
 432.0  344.0
 424.0  344.0
 424.0  352.0
 424.0  360.0
 432.0  360.0
 432.0  352.0
 440.0  352.0
 440.0  360.0
 448.0  360.0
 448.0  352.0
 448.0  344.0
 440.0  344.0
 440.0  336.0
 448.0  336.0
 448.0  328.0
 440.0  328.0
 440.0  320.0
 448.0  320.0
 448.0  312.0
 448.0  304.0
 440.0  304.0
 440.0  312.0
 432.0  312.0
 432.0  304.0
 424.0  304.0
 424.0  312.0
 424.0  320.0
 432.0  320.0
 432.0  328.0
 424.0  328.0
 416.0  328.0
 416.0  320.0
 408.0  320.0
 408.0  328.0
 400.0  328.0
 392.0  328.0
 392.0  320.0
 400.0  320.0
 400.0  312.0
 392.0  312.0
 392.0  304.0
 400.0  304.0
 408.0  304.0
 408.0  312.0
 416.0  312.0
 416.0  304.0
 416.0  296.0
 416.0  288.0
 408.0  288.0
 408.0  296.0
 400.0  296.0
 392.0  296.0
 392.0  288.0
 400.0  288.0
 400.0  280.0
 392.0  280.0
 392.0  272.0
 400.0  272.0
 408.0  272.0
 408.0  280.0
 416.0  280.0
 416.0  272.0
 424.0  272.0
 432.0  272.0
 432.0  280.0
 424.0  280.0
 424.0  288.0
 424.0  296.0
 432.0  296.0
 432.0  288.0
 440.0  288.0
 440.0  296.0
 448.0  296.0
 448.0  288.0
 448.0  280.0
 440.0  280.0
 440.0  272.0
 448.0  272.0
 456.0  272.0
 456.0  280.0
 464.0  280.0
 464.0  272.0
 472.0  272.0
 480.0  272.0
 480.0  280.0
 472.0  280.0
 472.0  288.0
 480.0  288.0
 480.0  296.0
 472.0  296.0
 464.0  296.0
 464.0  288.0
 456.0  288.0
 456.0  296.0
 456.0  304.0
 464.0  304.0
 464.0  312.0
 456.0  312.0
 456.0  320.0
 456.0  328.0
 464.0  328.0
 464.0  320.0
 472.0  320.0
 472.0  328.0
 480.0  328.0
 480.0  320.0
 480.0  312.0
 472.0  312.0
 472.0  304.0
 480.0  304.0
 488.0  304.0
 496.0  304.0
 496.0  312.0
 488.0  312.0
 488.0  320.0
 488.0  328.0
 496.0  328.0
 496.0  320.0
 504.0  320.0
 504.0  328.0
 512.0  328.0
 512.0  320.0
 512.0  312.0
 504.0  312.0
 504.0  304.0
 512.0  304.0
 512.0  296.0
 512.0  288.0
 504.0  288.0
 504.0  296.0
 496.0  296.0
 488.0  296.0
 488.0  288.0
 496.0  288.0
 496.0  280.0
 488.0  280.0
 488.0  272.0
 496.0  272.0
 504.0  272.0
 504.0  280.0
 512.0  280.0
 512.0  272.0
 512.0  264.0
 504.0  264.0
 504.0  256.0
 512.0  256.0
 512.0  248.0
 512.0  240.0
 504.0  240.0
 504.0  248.0
 496.0  248.0
 496.0  240.0
 488.0  240.0
 488.0  248.0
 488.0  256.0
 496.0  256.0
 496.0  264.0
 488.0  264.0
 480.0  264.0
 480.0  256.0
 472.0  256.0
 472.0  264.0
 464.0  264.0
 456.0  264.0
 456.0  256.0
 464.0  256.0
 464.0  248.0
 456.0  248.0
 456.0  240.0
 464.0  240.0
 472.0  240.0
 472.0  248.0
 480.0  248.0
 480.0  240.0
 480.0  232.0
 480.0  224.0
 472.0  224.0
 472.0  232.0
 464.0  232.0
 456.0  232.0
 456.0  224.0
 464.0  224.0
 464.0  216.0
 456.0  216.0
 456.0  208.0
 464.0  208.0
 472.0  208.0
 472.0  216.0
 480.0  216.0
 480.0  208.0
 488.0  208.0
 496.0  208.0
 496.0  216.0
 488.0  216.0
 488.0  224.0
 488.0  232.0
 496.0  232.0
 496.0  224.0
 504.0  224.0
 504.0  232.0
 512.0  232.0
 512.0  224.0
 512.0  216.0
 504.0  216.0
 504.0  208.0
 512.0  208.0
 512.0  200.0
 512.0  192.0
 504.0  192.0
 504.0  200.0
 496.0  200.0
 488.0  200.0
 488.0  192.0
 496.0  192.0
 496.0  184.0
 488.0  184.0
 488.0  176.0
 496.0  176.0
 504.0  176.0
 504.0  184.0
 512.0  184.0
 512.0  176.0
 512.0  168.0
 504.0  168.0
 504.0  160.0
 512.0  160.0
 512.0  152.0
 512.0  144.0
 504.0  144.0
 504.0  152.0
 496.0  152.0
 496.0  144.0
 488.0  144.0
 488.0  152.0
 488.0  160.0
 496.0  160.0
 496.0  168.0
 488.0  168.0
 480.0  168.0
 472.0  168.0
 472.0  160.0
 480.0  160.0
 480.0  152.0
 480.0  144.0
 472.0  144.0
 472.0  152.0
 464.0  152.0
 464.0  144.0
 456.0  144.0
 456.0  152.0
 456.0  160.0
 464.0  160.0
 464.0  168.0
 456.0  168.0
 456.0  176.0
 456.0  184.0
 464.0  184.0
 464.0  176.0
 472.0  176.0
 480.0  176.0
 480.0  184.0
 472.0  184.0
 472.0  192.0
 480.0  192.0
 480.0  200.0
 472.0  200.0
 464.0  200.0
 464.0  192.0
 456.0  192.0
 456.0  200.0
 448.0  200.0
 448.0  192.0
 440.0  192.0
 440.0  200.0
 432.0  200.0
 424.0  200.0
 424.0  192.0
 432.0  192.0
 432.0  184.0
 424.0  184.0
 424.0  176.0
 432.0  176.0
 440.0  176.0
 440.0  184.0
 448.0  184.0
 448.0  176.0
 448.0  168.0
 440.0  168.0
 440.0  160.0
 448.0  160.0
 448.0  152.0
 448.0  144.0
 440.0  144.0
 440.0  152.0
 432.0  152.0
 432.0  144.0
 424.0  144.0
 424.0  152.0
 424.0  160.0
 432.0  160.0
 432.0  168.0
 424.0  168.0
 416.0  168.0
 408.0  168.0
 408.0  160.0
 416.0  160.0
 416.0  152.0
 416.0  144.0
 408.0  144.0
 408.0  152.0
 400.0  152.0
 400.0  144.0
 392.0  144.0
 392.0  152.0
 392.0  160.0
 400.0  160.0
 400.0  168.0
 392.0  168.0
 392.0  176.0
 392.0  184.0
 400.0  184.0
 400.0  176.0
 408.0  176.0
 416.0  176.0
 416.0  184.0
 408.0  184.0
 408.0  192.0
 416.0  192.0
 416.0  200.0
 408.0  200.0
 400.0  200.0
 400.0  192.0
 392.0  192.0
 392.0  200.0
 392.0  208.0
 400.0  208.0
 400.0  216.0
 392.0  216.0
 392.0  224.0
 392.0  232.0
 400.0  232.0
 400.0  224.0
 408.0  224.0
 408.0  232.0
 416.0  232.0
 416.0  224.0
 416.0  216.0
 408.0  216.0
 408.0  208.0
 416.0  208.0
 424.0  208.0
 424.0  216.0
 432.0  216.0
 432.0  208.0
 440.0  208.0
 448.0  208.0
 448.0  216.0
 440.0  216.0
 440.0  224.0
 448.0  224.0
 448.0  232.0
 440.0  232.0
 432.0  232.0
 432.0  224.0
 424.0  224.0
 424.0  232.0
 424.0  240.0
 424.0  248.0
 432.0  248.0
 432.0  240.0
 440.0  240.0
 448.0  240.0
 448.0  248.0
 440.0  248.0
 440.0  256.0
 448.0  256.0
 448.0  264.0
 440.0  264.0
 432.0  264.0
 432.0  256.0
 424.0  256.0
 424.0  264.0
 416.0  264.0
 408.0  264.0
 408.0  256.0
 416.0  256.0
 416.0  248.0
 416.0  240.0
 408.0  240.0
 408.0  248.0
 400.0  248.0
 400.0  240.0
 392.0  240.0
 392.0  248.0
 392.0  256.0
 400.0  256.0
 400.0  264.0
 392.0  264.0
 384.0  264.0
 384.0  256.0
 376.0  256.0
 376.0  264.0
 368.0  264.0
 360.0  264.0
 360.0  256.0
 368.0  256.0
 368.0  248.0
 360.0  248.0
 360.0  240.0
 368.0  240.0
 376.0  240.0
 376.0  248.0
 384.0  248.0
 384.0  240.0
 384.0  232.0
 376.0  232.0
 376.0  224.0
 384.0  224.0
 384.0  216.0
 384.0  208.0
 376.0  208.0
 376.0  216.0
 368.0  216.0
 368.0  208.0
 360.0  208.0
 360.0  216.0
 360.0  224.0
 368.0  224.0
 368.0  232.0
 360.0  232.0
 352.0  232.0
 344.0  232.0
 344.0  224.0
 352.0  224.0
 352.0  216.0
 352.0  208.0
 344.0  208.0
 344.0  216.0
 336.0  216.0
 336.0  208.0
 328.0  208.0
 328.0  216.0
 328.0  224.0
 336.0  224.0
 336.0  232.0
 328.0  232.0
 328.0  240.0
 328.0  248.0
 336.0  248.0
 336.0  240.0
 344.0  240.0
 352.0  240.0
 352.0  248.0
 344.0  248.0
 344.0  256.0
 352.0  256.0
 352.0  264.0
 344.0  264.0
 336.0  264.0
 336.0  256.0
 328.0  256.0
 328.0  264.0
 320.0  264.0
 312.0  264.0
 312.0  256.0
 320.0  256.0
 320.0  248.0
 320.0  240.0
 312.0  240.0
 312.0  248.0
 304.0  248.0
 304.0  240.0
 296.0  240.0
 296.0  248.0
 296.0  256.0
 304.0  256.0
 304.0  264.0
 296.0  264.0
 288.0  264.0
 288.0  256.0
 280.0  256.0
 280.0  264.0
 272.0  264.0
 264.0  264.0
 264.0  256.0
 272.0  256.0
 272.0  248.0
 264.0  248.0
 264.0  240.0
 272.0  240.0
 280.0  240.0
 280.0  248.0
 288.0  248.0
 288.0  240.0
 288.0  232.0
 288.0  224.0
 280.0  224.0
 280.0  232.0
 272.0  232.0
 264.0  232.0
 264.0  224.0
 272.0  224.0
 272.0  216.0
 264.0  216.0
 264.0  208.0
 272.0  208.0
 280.0  208.0
 280.0  216.0
 288.0  216.0
 288.0  208.0
 296.0  208.0
 304.0  208.0
 304.0  216.0
 296.0  216.0
 296.0  224.0
 296.0  232.0
 304.0  232.0
 304.0  224.0
 312.0  224.0
 312.0  232.0
 320.0  232.0
 320.0  224.0
 320.0  216.0
 312.0  216.0
 312.0  208.0
 320.0  208.0
 320.0  200.0
 312.0  200.0
 312.0  192.0
 320.0  192.0
 320.0  184.0
 320.0  176.0
 312.0  176.0
 312.0  184.0
 304.0  184.0
 304.0  176.0
 296.0  176.0
 296.0  184.0
 296.0  192.0
 304.0  192.0
 304.0  200.0
 296.0  200.0
 288.0  200.0
 288.0  192.0
 280.0  192.0
 280.0  200.0
 272.0  200.0
 264.0  200.0
 264.0  192.0
 272.0  192.0
 272.0  184.0
 264.0  184.0
 264.0  176.0
 272.0  176.0
 280.0  176.0
 280.0  184.0
 288.0  184.0
 288.0  176.0
 288.0  168.0
 288.0  160.0
 280.0  160.0
 280.0  168.0
 272.0  168.0
 264.0  168.0
 264.0  160.0
 272.0  160.0
 272.0  152.0
 264.0  152.0
 264.0  144.0
 272.0  144.0
 280.0  144.0
 280.0  152.0
 288.0  152.0
 288.0  144.0
 296.0  144.0
 304.0  144.0
 304.0  152.0
 296.0  152.0
 296.0  160.0
 296.0  168.0
 304.0  168.0
 304.0  160.0
 312.0  160.0
 312.0  168.0
 320.0  168.0
 320.0  160.0
 320.0  152.0
 312.0  152.0
 312.0  144.0
 320.0  144.0
 328.0  144.0
 328.0  152.0
 336.0  152.0
 336.0  144.0
 344.0  144.0
 352.0  144.0
 352.0  152.0
 344.0  152.0
 344.0  160.0
 352.0  160.0
 352.0  168.0
 344.0  168.0
 336.0  168.0
 336.0  160.0
 328.0  160.0
 328.0  168.0
 328.0  176.0
 336.0  176.0
 336.0  184.0
 328.0  184.0
 328.0  192.0
 328.0  200.0
 336.0  200.0
 336.0  192.0
 344.0  192.0
 344.0  200.0
 352.0  200.0
 352.0  192.0
 352.0  184.0
 344.0  184.0
 344.0  176.0
 352.0  176.0
 360.0  176.0
 368.0  176.0
 368.0  184.0
 360.0  184.0
 360.0  192.0
 360.0  200.0
 368.0  200.0
 368.0  192.0
 376.0  192.0
 376.0  200.0
 384.0  200.0
 384.0  192.0
 384.0  184.0
 376.0  184.0
 376.0  176.0
 384.0  176.0
 384.0  168.0
 384.0  160.0
 376.0  160.0
 376.0  168.0
 368.0  168.0
 360.0  168.0
 360.0  160.0
 368.0  160.0
 368.0  152.0
 360.0  152.0
 360.0  144.0
 368.0  144.0
 376.0  144.0
 376.0  152.0
 384.0  152.0
 384.0  144.0
 384.0  136.0
 384.0  128.0
 376.0  128.0
 376.0  136.0
 368.0  136.0
 360.0  136.0
 360.0  128.0
 368.0  128.0
 368.0  120.0
 360.0  120.0
 360.0  112.0
 368.0  112.0
 376.0  112.0
 376.0  120.0
 384.0  120.0
 384.0  112.0
 384.0  104.0
 376.0  104.0
 376.0   96.0
 384.0   96.0
 384.0   88.0
 384.0   80.0
 376.0   80.0
 376.0   88.0
 368.0   88.0
 368.0   80.0
 360.0   80.0
 360.0   88.0
 360.0   96.0
 368.0   96.0
 368.0  104.0
 360.0  104.0
 352.0  104.0
 344.0  104.0
 344.0   96.0
 352.0   96.0
 352.0   88.0
 352.0   80.0
 344.0   80.0
 344.0   88.0
 336.0   88.0
 336.0   80.0
 328.0   80.0
 328.0   88.0
 328.0   96.0
 336.0   96.0
 336.0  104.0
 328.0  104.0
 328.0  112.0
 328.0  120.0
 336.0  120.0
 336.0  112.0
 344.0  112.0
 352.0  112.0
 352.0  120.0
 344.0  120.0
 344.0  128.0
 352.0  128.0
 352.0  136.0
 344.0  136.0
 336.0  136.0
 336.0  128.0
 328.0  128.0
 328.0  136.0
 320.0  136.0
 312.0  136.0
 312.0  128.0
 320.0  128.0
 320.0  120.0
 320.0  112.0
 312.0  112.0
 312.0  120.0
 304.0  120.0
 304.0  112.0
 296.0  112.0
 296.0  120.0
 296.0  128.0
 304.0  128.0
 304.0  136.0
 296.0  136.0
 288.0  136.0
 288.0  128.0
 280.0  128.0
 280.0  136.0
 272.0  136.0
 264.0  136.0
 264.0  128.0
 272.0  128.0
 272.0  120.0
 264.0  120.0
 264.0  112.0
 272.0  112.0
 280.0  112.0
 280.0  120.0
 288.0  120.0
 288.0  112.0
 288.0  104.0
 288.0   96.0
 280.0   96.0
 280.0  104.0
 272.0  104.0
 264.0  104.0
 264.0   96.0
 272.0   96.0
 272.0   88.0
 264.0   88.0
 264.0   80.0
 272.0   80.0
 280.0   80.0
 280.0   88.0
 288.0   88.0
 288.0   80.0
 296.0   80.0
 304.0   80.0
 304.0   88.0
 296.0   88.0
 296.0   96.0
 296.0  104.0
 304.0  104.0
 304.0   96.0
 312.0   96.0
 312.0  104.0
 320.0  104.0
 320.0   96.0
 320.0   88.0
 312.0   88.0
 312.0   80.0
 320.0   80.0
 320.0   72.0
 312.0   72.0
 312.0   64.0
 320.0   64.0
 320.0   56.0
 320.0   48.0
 312.0   48.0
 312.0   56.0
 304.0   56.0
 304.0   48.0
 296.0   48.0
 296.0   56.0
 296.0   64.0
 304.0   64.0
 304.0   72.0
 296.0   72.0
 288.0   72.0
 288.0   64.0
 280.0   64.0
 280.0   72.0
 272.0   72.0
 264.0   72.0
 264.0   64.0
 272.0   64.0
 272.0   56.0
 264.0   56.0
 264.0   48.0
 272.0   48.0
 280.0   48.0
 280.0   56.0
 288.0   56.0
 288.0   48.0
 288.0   40.0
 288.0   32.0
 280.0   32.0
 280.0   40.0
 272.0   40.0
 264.0   40.0
 264.0   32.0
 272.0   32.0
 272.0   24.0
 264.0   24.0
 264.0   16.0
 272.0   16.0
 280.0   16.0
 280.0   24.0
 288.0   24.0
 288.0   16.0
 296.0   16.0
 304.0   16.0
 304.0   24.0
 296.0   24.0
 296.0   32.0
 296.0   40.0
 304.0   40.0
 304.0   32.0
 312.0   32.0
 312.0   40.0
 320.0   40.0
 320.0   32.0
 320.0   24.0
 312.0   24.0
 312.0   16.0
 320.0   16.0
 328.0   16.0
 328.0   24.0
 336.0   24.0
 336.0   16.0
 344.0   16.0
 352.0   16.0
 352.0   24.0
 344.0   24.0
 344.0   32.0
 352.0   32.0
 352.0   40.0
 344.0   40.0
 336.0   40.0
 336.0   32.0
 328.0   32.0
 328.0   40.0
 328.0   48.0
 336.0   48.0
 336.0   56.0
 328.0   56.0
 328.0   64.0
 328.0   72.0
 336.0   72.0
 336.0   64.0
 344.0   64.0
 344.0   72.0
 352.0   72.0
 352.0   64.0
 352.0   56.0
 344.0   56.0
 344.0   48.0
 352.0   48.0
 360.0   48.0
 368.0   48.0
 368.0   56.0
 360.0   56.0
 360.0   64.0
 360.0   72.0
 368.0   72.0
 368.0   64.0
 376.0   64.0
 376.0   72.0
 384.0   72.0
 384.0   64.0
 384.0   56.0
 376.0   56.0
 376.0   48.0
 384.0   48.0
 384.0   40.0
 384.0   32.0
 376.0   32.0
 376.0   40.0
 368.0   40.0
 360.0   40.0
 360.0   32.0
 368.0   32.0
 368.0   24.0
 360.0   24.0
 360.0   16.0
 368.0   16.0
 376.0   16.0
 376.0   24.0
 384.0   24.0
 384.0   16.0
 392.0   16.0
 400.0   16.0
 400.0   24.0
 392.0   24.0
 392.0   32.0
 392.0   40.0
 400.0   40.0
 400.0   32.0
 408.0   32.0
 408.0   40.0
 416.0   40.0
 416.0   32.0
 416.0   24.0
 408.0   24.0
 408.0   16.0
 416.0   16.0
 424.0   16.0
 424.0   24.0
 432.0   24.0
 432.0   16.0
 440.0   16.0
 448.0   16.0
 448.0   24.0
 440.0   24.0
 440.0   32.0
 448.0   32.0
 448.0   40.0
 440.0   40.0
 432.0   40.0
 432.0   32.0
 424.0   32.0
 424.0   40.0
 424.0   48.0
 424.0   56.0
 432.0   56.0
 432.0   48.0
 440.0   48.0
 448.0   48.0
 448.0   56.0
 440.0   56.0
 440.0   64.0
 448.0   64.0
 448.0   72.0
 440.0   72.0
 432.0   72.0
 432.0   64.0
 424.0   64.0
 424.0   72.0
 416.0   72.0
 408.0   72.0
 408.0   64.0
 416.0   64.0
 416.0   56.0
 416.0   48.0
 408.0   48.0
 408.0   56.0
 400.0   56.0
 400.0   48.0
 392.0   48.0
 392.0   56.0
 392.0   64.0
 400.0   64.0
 400.0   72.0
 392.0   72.0
 392.0   80.0
 392.0   88.0
 400.0   88.0
 400.0   80.0
 408.0   80.0
 416.0   80.0
 416.0   88.0
 408.0   88.0
 408.0   96.0
 416.0   96.0
 416.0  104.0
 408.0  104.0
 400.0  104.0
 400.0   96.0
 392.0   96.0
 392.0  104.0
 392.0  112.0
 400.0  112.0
 400.0  120.0
 392.0  120.0
 392.0  128.0
 392.0  136.0
 400.0  136.0
 400.0  128.0
 408.0  128.0
 408.0  136.0
 416.0  136.0
 416.0  128.0
 416.0  120.0
 408.0  120.0
 408.0  112.0
 416.0  112.0
 424.0  112.0
 432.0  112.0
 432.0  120.0
 424.0  120.0
 424.0  128.0
 424.0  136.0
 432.0  136.0
 432.0  128.0
 440.0  128.0
 440.0  136.0
 448.0  136.0
 448.0  128.0
 448.0  120.0
 440.0  120.0
 440.0  112.0
 448.0  112.0
 448.0  104.0
 448.0   96.0
 440.0   96.0
 440.0  104.0
 432.0  104.0
 424.0  104.0
 424.0   96.0
 432.0   96.0
 432.0   88.0
 424.0   88.0
 424.0   80.0
 432.0   80.0
 440.0   80.0
 440.0   88.0
 448.0   88.0
 448.0   80.0
 456.0   80.0
 456.0   88.0
 464.0   88.0
 464.0   80.0
 472.0   80.0
 480.0   80.0
 480.0   88.0
 472.0   88.0
 472.0   96.0
 480.0   96.0
 480.0  104.0
 472.0  104.0
 464.0  104.0
 464.0   96.0
 456.0   96.0
 456.0  104.0
 456.0  112.0
 464.0  112.0
 464.0  120.0
 456.0  120.0
 456.0  128.0
 456.0  136.0
 464.0  136.0
 464.0  128.0
 472.0  128.0
 472.0  136.0
 480.0  136.0
 480.0  128.0
 480.0  120.0
 472.0  120.0
 472.0  112.0
 480.0  112.0
 488.0  112.0
 496.0  112.0
 496.0  120.0
 488.0  120.0
 488.0  128.0
 488.0  136.0
 496.0  136.0
 496.0  128.0
 504.0  128.0
 504.0  136.0
 512.0  136.0
 512.0  128.0
 512.0  120.0
 504.0  120.0
 504.0  112.0
 512.0  112.0
 512.0  104.0
 512.0   96.0
 504.0   96.0
 504.0  104.0
 496.0  104.0
 488.0  104.0
 488.0   96.0
 496.0   96.0
 496.0   88.0
 488.0   88.0
 488.0   80.0
 496.0   80.0
 504.0   80.0
 504.0   88.0
 512.0   88.0
 512.0   80.0
 512.0   72.0
 504.0   72.0
 504.0   64.0
 512.0   64.0
 512.0   56.0
 512.0   48.0
 504.0   48.0
 504.0   56.0
 496.0   56.0
 496.0   48.0
 488.0   48.0
 488.0   56.0
 488.0   64.0
 496.0   64.0
 496.0   72.0
 488.0   72.0
 480.0   72.0
 480.0   64.0
 472.0   64.0
 472.0   72.0
 464.0   72.0
 456.0   72.0
 456.0   64.0
 464.0   64.0
 464.0   56.0
 456.0   56.0
 456.0   48.0
 464.0   48.0
 472.0   48.0
 472.0   56.0
 480.0   56.0
 480.0   48.0
 480.0   40.0
 480.0   32.0
 472.0   32.0
 472.0   40.0
 464.0   40.0
 456.0   40.0
 456.0   32.0
 464.0   32.0
 464.0   24.0
 456.0   24.0
 456.0   16.0
 464.0   16.0
 472.0   16.0
 472.0   24.0
 480.0   24.0
 480.0   16.0
 488.0   16.0
 496.0   16.0
 496.0   24.0
 488.0   24.0
 488.0   32.0
 488.0   40.0
 496.0   40.0
 496.0   32.0
 504.0   32.0
 504.0   40.0
 512.0   40.0
 512.0   32.0
 512.0   24.0
 504.0   24.0
 504.0   16.0
 512.0   16.0
 512.0    8.0
   8.0    8.0
