19 21  8 15  1  7  4  4 22 15 
 5 15  6  1 12 15 22 16  3 20 
 8 14 20 20 12 20 21 20 18  9 
20 19  5 20 20  5  4 15 12 14 
14  9 15  6  1 15  7  1 14 15 
 7  1 23  3 18  3  9  3  8  4 
 9  9  1  8  5 19  9  9  4 25 
15 22  5  3  1 25 13 21  5  5 
15  4 18 19  4 14  6 19  3 18 
23  5 14 18  4 18 20  7  8 15 
14 19 19 13  5  9  3 18 16  5 
 9 19 20 11  6 15 21 12 14 21 
20 18  9 13  8  1 14 13 12 14 
 2  1 19  5 15 20  1 13  5 20 
 1 25 15 25 20 15 21  9  1 19 
13  1 19  8  7  8  9  4 20  8 
 5  5 14  8  9  8  1  5  4 19 
 1  9  9 20 25 12 14  5  5 19 
23  8 14 15  5  5  1 19 20 19 
20 12 23 20  5 15  1  4  8 15 
 5  5  9  5 13 18  6 20 14 15 
19  5  9 15 14  9  5 15 19 11 
18  1  1 21  9 21  1  5  1  1 
15  9 14 15  1 14 23 20 16  9 
 4 15  1 20 16 18 21  6 12  7 
 3 21 15  5  5 13 18 14  4  2 
19  9 20 20 19 14  5  1 14 15 
 5  9  1  1  2  9 12 15 15 14 
 5 20  5 25  8 23  9 14 20 15 
 8  1  1 18  3 20  3  5  9 15 
19  6 19  1 20 18  9  9  1  1 
 4  4 23  3  5  8  9  5 23  9 
12  9  4 20 22  5  9  7 12  5 
 8 19  9 16 18 20 15  1 21  1 
 7 15 20 20 11  5 20 20  1  2 
20 15  9  9 15  3  5  1 20  9 
 2 15 24 15 15  1 21  8  9  1 
 5 12 19 12 15  1  3  8  1  5 
20  7  9 20 16 19  5 13  6  1 
12 21  4  6  7 19  6  9 20 20 
 9  5  1  7 19  5 15 18 15 13 
 5 20 20  8  5 20  8  1  1  8 
19  7 18 15  7 20 20 13  5 21 
 8  5  5 20  5 23  3 12  5 14 
19 12 15  9 15 14  1 15  7 14 
 1  4 20  1 11  9  3 19 20  5 
 2 14  2  5  8 21 15 16 20 19 
 9  9 12  5  1 19  5  5  7 20 
14 14  3 21 20  5 13 18 14  5 
25  9  9  5 20 15  2 14  9 18 
 5 14 14 15  1  8  5  5  6  5 
 1 21  9 23  7  5 15 14  3  9 
 2 22 15 14 18 19  9 15  5  4 
14 18  5  5 25 15 21  1  9 20 
15 25  4  8  5  5 19 20  9  9 
 5  1 21  4 19 21  4 19 16 18 
16 21 20  3 15  1 20  8  8 23 
15  9 15 18 25 14  9  5  9  9 
14  4  8 19  9  1 15 25 23 16 
14 19 19 12  9  8 16 14  4  5 
18 18 23  1 23  7 15  3  8 25 
 8  7  8 20  5  5 15  9  8  5 
18  9 20  8  5  4 15 21  1 21 
 8 14 12  8 19 14  4  7 12  9 
25  5 20  6 23 22  6 20 15  8 
20  9 14  5 18 18 16 18  5 14 
 1 22  3 12  4  1 14  1  9  9 
 1 18  5 20 13 15  5  1  1 18 
 8  7  9 12  9  5 20 12 18 14 
 5  1  9 16 14  1 18  6  9  5 
19  2  5 12  5 16 20  4  5  1 
 9 19  5 24 14 23  1 20 19 19 
15 19 20  1  3  6  5  1  5  5 
15 19 13  4 16 15  2  5  9 20 
20 20  8 13 20 21  9  7 20 14 
 1  1 20 14  1  8  2 23  7 23 
14  1  7  6  9  4  5  9 12 15 
15 20 16 14 11 18 20  5  5  5 
 6  4  8 12  5  7 19  1 18  5 
11 15 14  1 21 19  5 14  1  8 
 8 14 19  1 18 19 14  8  8 14 
15 20  1 18  6 15  5  5 23  8 
15  8 20 18  6  6  5  9  5  8 
14 14 18  5 12  9  8  5 12  5 
 4 25  9  5 21  9 19  5  5 15 
 8  9  1 12 18 23 16  9 20  9 
20 20 20 25 15 15 15  4  9  1 
26 21  8 19 23 20  1  4  6  8 
20 20  1  7  1  5 15 20  8 18 
16  4  5  1 14  9 25 13 18  5 
 1  6 21  8 20 20  5  8 19 20 
 1 20  8 12 15 18 23  6 14  8 
15  6  6 20  5  5  5  5 19 22 
17 19  9 21 15  3 23  1  4 14 
 9  5 12 16  4 12 14  9 20 15 
16 15 25 20 16  1  4 15 20 20 
 5 11 15  5  5  4 15  5  1 15 
20  1 18  1  1  1 13 16 13 23 
 1 15 20 19 12  8 18 18 14  9 
 5 20 18 15  5  8 14  7 18  8 
 7 11 15  8  3  9  4  5 21 21 
 5  5 15 19  5 25 19  4  1  8 
13  1  9  5  9  8 18  1  8  5 
20  1 19  7 20  5 19 20  8  5 
14  1 18  9 12  5  1  4 21 23 
 2  8 19 14 16 21 20  4  1  5 
 9 12  1  1  9 19  1  8  7 18 
 5  5  5 20  3 20 20  1  5  8 
 1  3 15 25 12 11 14  5 14 20 
 9 19 12 25  9 12 12 15  8 20 
 4  3 14  5 20  5 19  1  5  5 
18 19 18 14  4 21  2  4  9  1 
16  6 15 20 22 23 20 14  9 23 
14 18 20 14 19 19 15 15 14  9 
 5 18 20  2 16 18 18 20  5  4 
20  5 20 16  9 20 20  4 12  1 
19  5 15 19  5 11 21 12 15  4 
 6  1  4  7  5 12  5 23  5 18 
12 14 19 16  5 18  4 19 21  4 
19 15  8 24  8 18 19 12 12  7 
 5  1 13  3  5 18  1 19  5 21 
12  6 14 14  8  9  5  9 15  8 
 8  1 20  1 14 22 14  8 13  5 
19  1 14  7 15 19 14 25 14 22 
 1 18  5 12  9  4 14  9 18 19 
 9 21 15  6  6 19  8 16 18  8 
20  5  5 14  9  1  5 11  9 14 
23 13 20  9 14  4  8  8 14 19 
 5  5  2 13  1  1 19  9  3  4 
 8 15  1  1  5  3  6  4  6  4 
22 16 23 21  9  2  3 19  5 14 
20  8 20 13 26 15  8  5  3  9 
15 14 19  5  5  1 12 25  6 12 
 9 20  9 20 16  4 15 13 14  5 
 3  3  6  5  1 19  4 18 14  9 
 5 12 20 19 20 14 15 18 14  7 
 4 21 15 23  9 12  9 15 20 20 
 5  5  8  1  9  4 15  3  5 14 
18 20 18  4 14 12 15  4 14 21 
 1  5 13  1 13 18  5  5 18 14 
 2 20 14  6 14  5  1  2 12 20 
 8  1  1  8 14 11 25  3  6  6 
 4 25 20 21  9 15  1  5  2 20 
15  1 14 23 20 14 18 20  8  9 
19 20  5  3 13 15  5  3 11 13 
12  5  5  3 14 20  4 23  5 14 
16  4  7  1 19  4 21 20  5 16 
18  5  5  7 14  6  5  5  5 18 
15  9 15 14  1  5  9  4  1 16 
 4  5 20  9 20 25  5  9  4  8 
 8  5  9  5  3  3 21 18 21  9 
 8  5  4 18 15  9  5 23 19 14 
 1 16  3 18  1 18  5  7 20  3 
 5 23 18 14 20  8 13 15  4 13 
 7  1 20  3 18  1  5 20 18 14 
 6  8  1 14  9  5 20 20  1 14 
25 25  1 19  9 22 20 25  6 14 
 3  3  8  4 14 15  6 19 13  9 
20 18  9 12 15 20  1  4  9  7 
 5  5 15  2  9 18 14  5  9 15 
15 20 14  4  5 14  1  4  9 14 
 5 19 15  1 25 14  4 25 15  3 
18 14 19 12 18  3  8  8 13 11 
12  1  8 13  9  9 18 20  2 15 
 4  4 15  3 18  5  9  1  1 23 
20 25 18 13  8 15 20 21  1  9 
14 15  4  9  6 14 20  5  5 10 
 5  8 15  8  5  5 22  3 20  8 
 5  4 18  6 14 11 15  5  1 12 
20 23 12  8 20 19 25 14  9 19 
 4  1 19  5 20  5 14  1 13  1 
20 23  1  4 19 20 14 19 20 21 
12 18 20  4  5 19  8 20 10  5 
 9  1 14  4  5 15 14 20 19 18 
 1 19 15 15 23  1 16 18  5 18 
19  7 21  1  5  5 16  8  5  1 
 9  1 15  9  8  4 12  8  7 23 
 7  9  3 14 20 20  5 20 20  2 
 5  8 14  5  8 14  3 14 16 20 
 2  5 15  2  5 18  1  8  5  5 
 5 12 23 20  1 21  2  8  5 18 
19  1 20 19  5 19  8 12 25 14 
14 20  5  4 15  8 15 20  8  9 
15  5  5 18 23 14 19 13 20  5 
23  4 21 20  5 19  5 14  5 12 
15 16 18  5  1  3 13  8 12  6 
 4 24 19  8 20  8 15  5  7 15 
 5  7 15 16 15  1 13 18 21  5 
18 12 20 23  8 23 14 15  4  5 
20 12 20 14 18  5  5 20 20  5 
 1  6 14 20  9 14 13 15 12  5 
 5 13 19  1 15 20 19  7 14 12 
 9 13  5 12  3 20 14 10 18  6 
 8  3  5  6  5  5  5  1 25  2 
12 13 14  4 14  1 15 19  9  4 
15  3  5 20 20  9 20 20 25 21 
19  1 18  9 18 20 19  1  9 19 
23 10  5  9  5  1 23  1  1  1 
 1  8  1  8  1  7 20  3  4 18 
25  5 13  5 18  8  6  5 18 18 
20 19 23 23  3  9 19  8 21  6 
24  7 20  1 12 15 21 14  5  5 
 2 14 15 15  5  2 12 14 23 15 
19 22  1 25  9  5  3  8 14 21 
11 14  5  5  8  3  8 20 13 12 
 9  8 20 16 13 21 18  9 25 25 
25 13 14  5 18  4  1 14  4  1 
 5  5 18 18 18 20  1  4  1  5 
 1  8 18 20 15 20 20  5  3 20 
14 23 12  1  1 19 19 14 20 19 
 8  9  9  6  8 19  6 20 13 15 
 9 14 14 14 15  4  6  5 14  4 
 9 20  5  6  5 18  1 20 25 18 
 3 23  6 20 12 18 19  9 20  4 
 2 20  4 19  2  5  5  4 11 16 
19 20 14  4 15  8  5 13  9  6 
12  5  8 13 15  9  7 14 14  8 
20 14 21  3  1 18 16 18 15  5 
19 19 12  8 18  6 15  5 18 20 
13 14  5  4  8 19 19  4  1  1 
20  5 14 14 12 21  9 19 13 12 
15  1 22  9 13 21  1 25 20  9 
20  5  5 18 15 12 15  8  3  9 
 9 20  8 15  5  1  1 15 19 14 
12  7 13 19 21 20 15 20  1 20 
 1 14 20 19  4 19 21 19 12  8 
25 20 15 14  9  7  3 15 15  9 
 9  1 12 15  5 18  8 15  5 18 
 1  1 20 16  2 14  5  8  1 12 
12  5 14  8  5  8  4  1 15 20 
25  1  4 15 18  1 23  5  2 14 
15 12  5 21 14  6 22 12  5 13 
 5 15 17  6 15  5 19 14  5  1 
 1 20  5 14 19 14  7  5 12  5 
 8  5  5  3 21 25 16  4 15 15 
 8 18  3 21 18  6  6 20  5 11 
12  5 15  8 23 14 15 23  8  6 
 9  1 19  8 20  8  5 23  3 20 
19  9 18 14  5 23 14  8 16 14 
 9  1 13 15  5 12 19  5 20  9 
20 18  1  8 18  9 20 18  8  8 
23  5  9  5  9 20 18 18  3  4 
 5  6 19  3  5 15  1  4 20 14 
20 13  9  9  1 14  5 25  1 20 
18  4 15  8  5 16 23 23 14  7 
 8  1 18  5  5  1  3  5 19  8 
15  5  5  4  9  3 20  4 16 14 
15  2  5 12 19  8  5  4 11 14 
14 20 12  5  1  1 20  3 14 12 
 1 25 23 16  5  7  6 25 20 14 
 3  4  1  3 14  5  5  1 20  8 
20  5  1  1 18 20 14  1 12  9 
 9  8 25 14 15 14 12  2 15 15 
 5  5 12  1  2  3  5  1 21  1 
 1 15  5 18 14  5 19 20 21 19 
 5  8 19  4 21 19  1  5  7 19 
12  1 18 14 15  6 20  1 23  8 
20  5  7 15 19  8  1  6  4  5 
14 14  5 15  5 23 15 13 14  9 
 4 14 20 21 20 20  1 15  5  5 
14  1 15  6  1  9 20 14 16 23 
 1  4 20 23 21  5 20  7 18 22 
 5 20 20  2 21  9  8 20 18 13 
14  1 20 19  1  5 19 14 23 18 
 2 15  9  9  9  9  2  1  4 23 
23  5 20  3 22  8 21  5 19 14 
 5 20 23 20 16 11 21 19 14 13 
 8  4  6 23  8  8 15 15  9 13 
16 18  9 18 15  3 12  5 15  4 
 8 20 19  5 19 15 14 19  1 16 
20 15 23 15 12 20  5  5 14  8 
15 13  5  5  9 15 21 13 18 15 
 4 20  8 22 15  3 19  5  5  4 
 7  5  3 18  4  3 15  3  3 21 
18  8  5  7  1 18 20  9 13  5 
 5 14  8  9  5 19 20 20  5  9 
21  4  9 19 15 16  3  5 18 21 
 1 15 18 20 21  9  9  1 23  1 
21  5 12 15 14  7 14  9  3  5 
 5 11  1 13  5 10 12 14  8 14 
14  5 20  8 12 20  5 19 15  8 
21 18  1 15  5 20 15  5 14  5 
25 20 20 21  5  5  1 21 15 18 
11  5 24 14 15 20  8  4  5  1 
 1 13  3 23 20  1  9 18 19 14 
18  5  4  9  8 23 13  7 15  4 
15  5 23  1 20 20  7 15 23 21 
16 13  5 20  9 19 19  6 14 20 
 2  5 19  1  9  8  2  3 16 20 
20  5  4 18 18 15 20  1 20 18 
 9 15  6 20 14 16 19 23 20 23 
20 14  4 14 18 19  9 20  8  7 
 4 13  8 15  1  4 12 18 22  4 
14 16  5 23  5  4  8 15  4 20 
 8 19 25  5  5 16  9  8 18 20 
15  9 18 11  8  1 15  5  9 23 
15  5  9  1 18  1  1 15 18 15 
12 12 16 18 15 18 15  1 25 25 
 8 15  1  8  1 23  1  8  5 16 
 6  1  5  8 23  5  5  1 18  3 
20 20  2  9 15 20  5  4  5  1 
 1 21 18  5 18  5 19 18  1 13 
14  5 18  5  1 20 12 19  8 23 
23  1 14  5  5  8  9 21 15 16 
 1 12 12 13 20  9  8  9 14  5 
 1  5  6  5 14 14 18 21  3  5 
18 14 15  9  9 13  5  4 18 11 
 8  5 19  9  5  8  9  4 20  8 
19 15 20 18 18  4 19  8 15 25 
 8  5 13 18 20 15 14 20 19  1 
23  8  3  6 18 16 19  1  9  9 
23 15 19  9 15 21 15 19  6 14 
18  3  1 16 14 23 19 15 22 25 
12 18  1  5 21  6  5  5 21 12 
12  9  1 15 12 19  6 11 19  5 
 9 19  9  1  4 12 19  5  5  8 
 5  5  8 20  5  5 16 20  5 15 
 4  9  3 25 20  8 20 20  3 20 
 4 16  7  5  2 19  5  1 15 15 
15  8  9 19  5 19  5 11 15  3 
 5  4 20 11 14  4 20 25  5 19 
23 14 21 16 14  5  8  5 19 19 
19  9 18 15 20  8 20  9  8 19 
 9 18  8  5  8  9 18  8 15  5 
25  1  9 20  3 14  8 20 22  5 
 9  1 13 15 20  4 19 14 23  7 
 9 20 19  3  4  8  6  6  3  1 
 8  5  9  5  3  8  5  5 18 12 
19 20  6 14 16 15 20 18 20 20 
 1 14 12 20 15  3  9  6  4  6 
14 14  5 14  8  5 15  7  8  1 
 1  5  4 21 21 21  8 13  1  5 
15 15  4 20 21  9 25  9 25 21 
 9 22 15 16  5 13 23 14  8 19 
 7 25 15  5  5 13 11 19 16 20 
14  4  5  5  3  3 20  1  5 20 
 2 25 15 18 19  8 12 15  4  4 
18  6  4  8  1 20 19  6 14 14 
21 25  1 18  5 23 16 20 15 20 
 5  5  9  5 20 15  9 20 13 15 
20 14 19 15 20  5 21  9  9 13 
 5  8 15 19  7 15  8  9  5 18 
23  5 15  8  5 19  1 15  5 15 
14  1 21  5 19  1  9 12 20  7 
19 14 13 20  9 19 13 14 12 20 
18  1 18 20  6  4 18 20  9  7 
 1  1  4  3 20 10  5  5  2  4 
 1  1 15 20 14  5 12  9  8 19 
 8 11  8 13 11  5 14  4 14  8 
 4 20 14  8  8 19  3 20 20  5 
15 15  4  8  8 12 18  4 23 12 
18  1  8 18 15  5  1  9  3  6 
 1  9  5 14 19 23 14 19 15  9 
16  1  6 16 16 14  9 21  9 25 
20  1  9  3 14 14  5  2  7  5 
 9 20 20  5 14  1  3 12  8 14 
13 15  2 23 19  4 13  8 18  1 
13  1  1  6 12  5  5 20  5  8 
14  1  9 18  1  5 15  5  5 20 
20 19 20 13  4 14  9  5 13  4 
 9  8 20 15 15 21  4  7  5 15 
 5 21 14 15  5 19 20  9 20  5 
 5 15 21  9 23 14 16 14 15  5 
17 15  8  9 23  4  5 15 13 20 
18  9 14  4  7  5  9 16  8  3 
15 14  1 21  1  3  2 14 21  8 
15 15  7  1  5 18  3  9  7 25 
15 18 19  5 21 16 20 15  9 21 
 7 15 12 20 19 20  1 14 18  9 
 1  8 15 18 12 15 16 15 16  6 
13  5  4  4  1 18  5 18  8  5 
 1 20  8  8  9 12 20  5 13 14 
20 14  5  5 18  9 22 13  5  9 
14 18 18 19 21  9 19  5 15  9 
18 14  5  9  1 13 16  9  1  9 
 6 20  3  5 18  6 18 25 20  2 
15  5  1 14 20 15 12 12  9 15 
 3 15 19  5 15 18  8  5 15 21 
13 12 20  9  1  1 15 16 15  9 
 9 20 22  9 18  9  9  4 19 16 
 1 19 18 20 11 18 12 22  5 21 
18 10 15 15  8  5 25  1  9  1 
20 15  1 14  1 14  1 19 19  2 
 9  4 25 21 15  9 20 14 13 18 
 8 21  7  1  5 18  3  9  1  5 
20  5  5 18  1 14 20 20  9  9 
 8 23 20  1  6 18  6 20 13  9 
18 14 15  8 20 19 18 12 14  9 
 5 25  5  9 14  5  5 13  9 18 
 9 20  2  9 19  7 20  5 15 18 
 1 20 14 15  9  5  5 15  5  5 
 8  3 20  4 23  9 14  1  5  1 
 9  4 14 12  6  2  9 16 21 20 
18 11 21  8  5 13 20 22  8  3 
20 18  3  4 11 14  5  9  9  4 
23 19  4  4 18 18 21 15  4 15 
 1 15 14 14 20 21  7 19  9 14 
 7  2 25  5 13  5  8 12  1  8 
12  4 15  5  8 13 14  1  9 24 
21 20  5  5  5  5 21 19 20  4 
 5  3  9 20  5  5  1 14  8 22 
 3 18  9  8  5 18  8 21  8 25 
18 20 23  5 20 19  8 15  4 25 
 5  8  8  8  9  4  8 18  8 20 
16  5 20  1  5 20  6 15  2 22 
 1 21 18 13 12  1 20 11  7 11 
13  1 15  6 14  8 12 21  9  6 
 9 25  5  8 15  1 21  5 25  9 
 5 18  9  3 15 22 18 24  5 12 
14 15  1  3 14 20  1  4 18 20 
14  5 14 18 23 12  1  5 23 19 
 9 22 15 18 20  3 20 20  6  1 
21 20  7 20  1  8 23 18 18  5 
21 14 15 20  4  1 15  2 25  5 
18  4 19  4  9 15 20 13 23 12 
19  5 14  9  5 13 18 14  5  1 
12  5  5 19 21  9 20 18 20  3 
 5  7  4 20 15 18 19 14  8 18 
 5  4 11 14 20 20 20  8  9 19 
 9  4  3 20  8 25 21 18  4 20 
23  5 19  7 20 12  9 14  5 16 
16  5 18  8 12  8  5 21  7 19 
 1 19  5  6 15 14  8 18 12  8 
23 19 23 18 15  2  5 15  1 15 
20 25  8 13 18  5  3  9  5  9 
16  9  2 20  8 15  5 18 14  8 
13  4  9 18 18  8  4 13  4  9 
 1 23  1  1 15 14  6 18  5 19 
19 23  5 18 19  1  5  5 18  8 
 8 12  7 18 13 12  9 12 20  5 
 5  9 20  9  5  9 22 20 15 15 
 9 16 13 20 18 19  5  9 23 23 
 3 19 12  5 19 14 21 18  7 13 
 8 20 12  9  6 16 23  8 14  4 
19 15 13 18 20 18 25 19 12  9 
 2 15 18  1  4  9  6 21  6  2 
13 15  2 20  1 16  3 15  9  1 
19  8  8  5 13  4  3 14  5  5 
15  5  9 18  1 20  5 21 12 13 
16 18  9 18 12 15 19  8  5  5 
18 20  5 15 15 20 19 18 14 12 
16 18 18  8  9 20  5 20  9 16 
 9 20  5  1  1 12 15  2  4  8 
22 18  8 23  1 20 18 22 20  9 
 5  5  9  1 15  5  1 20 20 15 
 5 14  5  9 20  1 15  1 22 19 
 1  4  8 13  7  3  8  5  5 15 
15 20 20  9 22  1 20 12 20 25 
18 19 15 14 14 14  3  5 20  5 
22  5  1 23  5  1 12 20  9  1 
 1 15 18  8 12 20  5  8  6 13 
20 13 18  8  7 13  9  5 19  5 
21  1 18  5  1  9 20 13 15 11 
19 20  6 18 20  1  7  4  5  1 
11 14  5  8 22  8  1 15 18  3 
 5 26 18  9  7  5 21  3  6 15 
 5  3  1  5 19 19 20  5  1  5 
13  9 15  1  4 21  9 16  8 18 
 5  5 20  4  3 20  9 19  5 14 
 4  1 19  7  9 18 12 16  9  6 
15 22 20  9 18  5  4 15 20  5 
15  5 19  6 18 19  8  4  6 13 
 1 11  1  5 15 20 20  5  5 13 
21  5 14 14 18 20  1 18  4  4 
 3  8 20 19 15 21 18 21 14  1 
 4  1 18  5 14  9  1 14  5  1 
23  5 12  3  1  3  1  6  6  8 
11  5 23  5  9  5  1 14  6  5 
 5 15 11  5  7 12 20  8 25 16 
 5  5 19  3  1  9 14 18 13 20 
 1 13  5 14 14  1 14  9 14 20 
 8 20 15 20 19  1  2  5 19 11 
20  9  9 21 20  8  8 13 20  1 
20 14 12 14  4  8 16 20  5  5 
14 15 14  5  4 24 15  1 20  4 
21  1  6 13  5 25 15 20  8  3 
20 20  4 14 20  3  1  5  4  5 
15 15 14  5 19  5  4 15 19 20 
20 14  7  1 19  9  8  5 18 20 
18 15  1 15  5  5  1 12  5 15 
 3  9 20 26 20  8 15 25 15 21 
16 23 15 19 23 20 18  6 19 15 
 6 20 12  9  4 13  3  9 14 19 
 3  5 20 19 15  5 13 18 12 20 
25  1  6 21  1 15  5  5 19 20 
 9  5  8  9 12 18 19 18  1 12 
13 15  4  5  9  9  4  1 12 12 
18  5 15 19 20 11 15 20  9  1 
 5 19  8 11  1 20  6  5 18 19 
13  5  1  1  8  9  4 21 20 15 
20  8  5  5 15  9  5  5 16 15 
 5 12 21 20 14  5 25  1 25 15 
 1  5  9 12 21  8  4  1 12 15 
15  1  5 10 15  5 19  3 12 15 
18 20 12  5  1  5  4  9 12 23 
21 14 18 20 23 14  8 14 19  9 
 9 20 16 15  9  4  1 14 15  1 
 8 15 11 19 25  3 18  1 15 20 
 1  5 20 21 19 23  5  1  4  5 
 1 21  9 18  4 22  1  5  9 20 
 5  9  7 12  4 18  1  2  5 15 
 5  5  5  9  1  1 23  4 13  5 
 4 20 20 12 12 18  9  9 15  1 
12 16  7  5 25 25  1 15 16  8 
20  5  1  7 15  1  1  8  4  1 
12  5 14 11 20  6 20  3 12  5 
 9 19  9  1 21  5  7  9 25  1 
18  9  3 18 13 25  5 13 12 18 
 2 13 20  5  8  5  5 20  5  4 
18  1  7 15 11 19  1 20 12 15 
15 14  9 25 15  9  8  8 20 26 
 1 25  5  1  5 12 15  1 20  5 
23 18 14 11 20  9 13 16  8 14 
20  7 15 13  3 15  1 13 15  3 
 6  3 19 20  9 14  5  4 16  5 
18  4 22  5 22  9  1 20  6 25 
19 14  1 15 20  8  5  5  9  8 
16  5 19 18 19 12 25 20 18  5 
 5 20 14  9  9 19  8  4 13  4 
 4  5 20 16 14 20  9  1  9 15 
16 14  5 19 20 15 20  4 11  6 
14 13  5 20 18  9  1  6  1 20 
20 21 20  8  3  1 13 21 15  9 
15  4  9 12  8  3 15 15 15 14 
 1 20  7 19  5 13  3  5  8 13 
 2  7 14 12  1 20  9  6 14  1 
 5  5  1 15 16  1 15  5  9 19 
 1  9  5 15  9  2 15 20 20 15 
 9 14 14  5 15 25  9 12 23  4 
 1 19 12  9 12  4 19 15  5  6 
 5 20 14 23 14  5 12 18  5 21 
19  5 16  5  1 19 23  8 14 20 
21 20  9 19 15  5 20 20  5  9 
 9 20 18  8  5 19 20 12  1 25 
 5 21  6 23  5  1 20  5 15 22 
20 15 20 13  8 21  8 19  6  1 
16 19 14 14 20  4 20  3  8 20 
 1  9  1  4  9 20 19  9 18  8 
18 20 16 16 21 18  5  5  1 15 
 1 12  5  4 21 20 20  1  1  5 
 9 14  6  4  1  8 12 20  1  4 
25 18  4  5 18 20 23  9 10 23 
14 21 14  5  9 20  4  9 19  5 
19  1  5 15 19 20 20  5  5 12 
20 12 23  1 18  1 20 11  1 13 
 6  3 18  5 15  5 14 15 12  4 
 8 25 12  4  1 19  1 12 13 15 
11 15 20 19 18  5 20 18 25 14 
22 15  4 14  8 15 20  8  2 18 
 4  5  7 20 20 20  5  8  4 12 
 5  4  4 23 14 19 19 14 23 15 
 5  5  9  9 19 12 14 18 14  5 
20 23 14 18  1 20  5 19 12 12 
18  5  3 15 19  8  5 19 15 14 
14  5  8 19  5  1  9 19  4  5 
15  5  4 14  9 21 20 21  7  5 
19  1 12 23  9  1  5 16 12 15 
15  9  6 20 13  1 14 12  5 23 
 9 11 21 18 11 12 15  5  5 15 
18  6  4 25 16  5 18 21  9 14 
20 25  5 23 13 13  5  2 20  7 
 5  5  5 19 14  4 23 21 11 18 
 6 13  5  3 14 19 20 18 20 15 
12 23 20  4  5  5 20  5  5 14 
14 19 19 20  1  8 19  4 20 21 
 5 20 15  1 25  1 21  9  1  5 
 7 19  1  5 12 18 15 14  5  2 
13  6 14  5 15 15  9 16  4  9 
 5 12  5 19  6  6  5 12 12  5 
 7  8 20 15  5  5 16 25 11 22 
16  5 12  1 15 23  8 19  1 13 
 8  9  2 20  4 18  8 15 20 20 
 5  9 21 20  8  3 20  4 20 21 
25  8 12 19  4 13 20 20 21 20 
 6 18  5 14 14 20  5  9  5 25 
15 14  1 14 14 12 21 15  9 14 
19  5 23  9  3 12  5 18 20 25 
 5  8 20  5 21  7 13 18  2  8 
 5 15 18 14  9  4  5 12  8 20 
18  5 19 15  9 24 14 18 15 14 
 1 14 13  4  1  5 14  5  4  5 
20  9  4  5 19 22 25  3 15 12 
12 20 21 14 23 18 14  9  9 19 
 2  5 15  4 15  4  7 16 25 12 
 5 12  5 19  8  8  3 22  1 18 
20  4  9  5  4 19  5 20 20  5 
 5  1  5  1  1 23  1 15 18 15 
 8  2  1  4  5  4  3 12 14  1 
14  8  3 14  8 25 23  1 15 16 
14 20  5 18 14 18  2 16  9 12 
18  9  4  4  9  9 15 20 15  9 
25  5 20  6 19 18 23  2  6 19 
 3  9  7  9 11 15  4 20 20  8 
 6 15 23 15 20 14 20 14  1 20 
23 14 18  4  7 15 20  1  5 20 
15 20  8 15 22  8  9 19  1  3 
16 15  4 22 19 15  7 21  5 20 
 1 11 12  3  8  8 20 18 18  9 
20 23  4  3 20 19 19  9  1  3 
 8  9  4 20  8 12  9 14  9 11 
 8  6 18  7  5 15 23  1 15 18 
13 13  1  8 16 18  9 15 23  5 
 1 15 14  9 20  9  5 14  3 14 
15 13  1  4  3  1 20 14  4  1 
 5  8 15  1  5 18  8 20 19 14 
 5  3 25  5 19 20 16 25 18 12 
 9  6 21  4 15  1 18 15 15 20 
20 20 26 21  1 13  3  3 19  4 
 8  3 14 19  8 14  9  5  8  1 
16  5  9 14  9 19  4  5 21 14 
15  8  1  8 14 18 14  5  3 13 
 9 18 15 16 18 14  1 20  5  5 
20  8 25 15  6  5  8 15  5 22 
 1 18 13  5 20 21 20 14  4  9 
20  7  5 15  8  5  7  1  3  9 
12 16 20  9 16 18 15 13  8 23 
 5  9 25  1  2  1 19 20 18 14 
14 18 12  7 14  4  5 20 14  9 
 9  4  9  5  9 15  5  5  1 15 
 4  9  4 15 19 18 12  9  8  8 
20  3  1 20  1 12  5  8 22  4 
 6  9  4  7 19 20 18  9  2  5 
19  2 15  4 15 12  1 15  9 12 
25 20 23  6 18 14  8 20 23 14 
 1 12 25  5  1 12  1 15 18  9 
 1 19 20 25 21 21 12 16 20  1 
19  8 20 20 16 13 15 22 15  6 
20  1 11 14  5  9  1 14  7  5 
 1 13 15 15  3  2 14  8 13  1 
 9  4  9  4  8 19 18  1 14 15 
 1  7 15 20  8  9 12  7  7  2 
21 19  8 15  4 25 16  6 20 15 
 5 19 24 18  4  9 18 22  5  9 
14 18 25  5  5  9 14 12 16 19 
 9  5  2 15 14 19  3 13  1  9 
25  2 20 14 16  1 23  3 14  8 
 5  8 13 16 14  6 12 12  5 20 
18 19 14  5 19 14 20 15 22  5 
15  4 12 18 13  5 23 21 20 14 
 9 20 13 15  1  8 25 14 26 12 
20  3 18 14 14  1  4 20  4  8 
 3 19  5  1  4  5  1  1 25  1 
 8 19 12 20 19 19  9 18 14  9 
 9 20 23 21 15  1 14  6 13 18 
20  1  5  5 14  5 19 18  5 14 
14 20 16 20 14  9 20  4  3  5 
15 23  4 21  5 11  7 19  4  5 
15 14  3 12  8 19 20  5 19 16 
14 23 23  1  2 18 20 15  9  1 
 5  5  8  1  6 15  7 14  9 18 
25 13  1 14  5  5  5 14 19 13 
 5 19 18  1 12  5  5 14 20 18 
16 16 14 14 16  7 13  3 14  8 
 3 14  8  5 19  3 25  5 15  9 
 1  1  4  9 15 18 19 18  5  9 
18  5 13 14  9 14 20  8 20 19 
 8  5 11  9  4 16  9  8 19  3 
21  7  6 15 20 14 22 12 15 15 
14  9 25 20 20 16  1  8  1 14 
25 14  5  1 14  6 20 13  2  5 
25  1 14 20 13 14 21  1  6 22 
 3 13  5  1  5 12  5  1  9  3 
23 19  5  5 20  1 14  8  8  1 
 1 20 15  8 18 23 12 20  3  1 
 8 20 19 15 14  5  1  1  8 25 
20 25  8 12  9  5 14 25  1 25 
 4  4  3 15 12  1  4 12  5 25 
 9 12  9 16  7  5 20  3 15  4 
19 20  6 18 25  1  1 18 21 20 
20 11 13 20  4  5  5 20 14  8 
15 20  3 12  5 14  1  5 15 18 
 5 18 18 14  9  5 14  9 20 18 
14 19 18 15 19 20 15  9 14  5 
 5  3 20  4 15  4  1 15  8  4 
11 14 15 20 19  5  9 18  8 19 
14 14  8 18 19 19 14 12 14  9 
19  5  5  1 14 11 14 19  9  9 
13  1  4  4 20  5 16  8 19 18 
12  1  9 14  1 20 15  8 14 19 
18 25 15 16 25 14  2 13  1  7 
15 17 18  5 21  8 23 20 16  5 
13 13  4 12 21  9  8  8  7 19 
 5  1  5 19  8  7  1 15 20 13 
20 19 15  8 12 13  1  4 18 15 
13  5  5  2  5  4  6 18 12  1 
20 19  8  4 19 15 18  1 18 18 
 8 23 19  4  7 20 19 12 13  4 
15 15  5 19 20 16  8  1 12  2 
20  1 19  5  5 21  5 22 21  5 
25 21 19 13 23 12 25  8  9  7 
 5 18 20  9 18  8 15  8 18 14 
 1  9 18 19  8  8  7 25  8 15 
 8 11  1  1 12  8 18  8 15 20 
14  8  7  5  5 18  7 23  1  5 
18 18 19  7 11  1  4  5  5  4 
 5  4  1 14 20  8 12 14 15  9 
18  1  5 15  8 19  9 14 14  8 
 3  5  8 19  5 20 23 15  1 13 
18  3  9 15 19 12 14  9  1 15 
13  1 12  5 16 19 18  9  8 20 
 2  5  5  1  5 23 14  9  8  1 
14 16 18 12  5 16  5  1  5  4 
16 20  5 20 17  9 18  6  1 25 
 5 20  9 21 18  5 12 18 18  5 
18  1 25  1  4 19  8 20 17 13 
12 25 18  5  9 15 15 15 19 16 
 3 14  5  4  1  1  5 20  8 25 
20  8  9  8  1  5  9 19  6  5 
 1  9  7 15  5 25  4  4 18  1 
 5  7 15 14  8 25 15 15 15  4 
19 18 18  3  5  4  4  5 12  9 
20 15 15 23  1 23  7  5 14  1 
 5  4  5  4  3  8  5  9 18 14 
 5  2  1 18 23  5  8 23  1  1 
 4 12  5 18 19  4  8 18 15  4 
 5 20  5  6 14 20 15  4  5  5 
15 18  1  4  4 25 18 19 22 18 
16  5 19 15  5  5 18 16  1  5 
21 20 20 11  7 14  1 14  9  8 
12 14  8  9  5  9 20 14 13  6 
13  5 14  9  9  7  6  5 18 25 
 8 18  8  5  7  9 21 14 14 21 
 5  6 20  9 23 20  5  5 19 18 
 9 12  3 18 20 18 18 19 20  9 
20  1  9  8 11  8  1  4  5 16 
 9  8  5 15  9 18  5 20 14 14 
18  4 12  9  5 19  7  1  8  8 
23 16  5  5  4  4 19 14  5 20 
 3 18 15  3 21 15 18  7  5  1 
15 13  3 15  3 14  6  5  1  8 
 1 15  4 20 13 12 19  5  9 20 
18 20  5 15  8 15 14 12 20 14 
 1 20 14 11  5 25  5  7  8  1 
15  3 20 15  9 15 14 23 14 15 
 7 19  8 12  5  5 15  7 20 12 
15 20  5 23 21  5  1 20  5 20 
20  5 19 20  1 14 14  2  5 12 
21 21  4 23 14  9  5 20 15  3 
 6  5  9 15 23 18  1 12 14 12 
11 20 23  7 15 14  3 20  8  1 
 4  9  8  8  5  8  8  5 15 13 
19 20 16  9  5 14 20  9 22  9 
15 19 19  1 15  4 20 18  9  1 
 9  1  5  4  5  5 14 20 20  9 
 1 20  5 19  1  5  4 18 19  1 
13 18 16 15 11  8 18  9  1 18 
11  8 25  1  8  5  5  9 20 14 
14  8 18  4 19 20 16 12 14 15 
 6 19 18 20 15 15  5 20  7  1 
 9 20 14  8  9  5 14  5 14  2 
15 15  5 23 24  5 21 19  5  4 
14 19  9  1  8  5 20 19 20 18 
 9  9  8  5 16 18  5 20 20 11 
25 20 15  5 13 15 23  8 23  5 
15 14  8  5  3 12 16 12  1 14 
14  8 22  2 15 20 22 15  1 20 
 1 15  8  8 20 13 22 20 14 20 
15  5  9  8  1 18 15  4 16 14 
14  6 21 23 14 13 22  8 13 19 
12  5  5 12  8  5  4 12 14 19 
21  1  1  9  4  9 20  5 20  8 
 9 19  8 22  4  5 15  8  3 19 
21  9  8 16 18  9 14 14 20  8 
14 20 18  7  9 14 15  5  8  5 
13 21  9 14 12 14  5  5  1 18 
21 13  7  1 25 20  9 13  5 14 
20 15  6  5  5  4 12  5  8  9 
 4 14 14 25 20 20 12 18 23 20 
23 20 19  8  5 15  3 13  5 12 
15  1 19 13 14 19 18  5  5  5 
 7  7  5  5 20 14  8  5 12 15 
 5  5  5 20  6  6  9 20 14  5 
 9 14 15  1 14 21  5  5 15 23 
 5  9  5  5 20 14 14 19 12 23 
 1 20 16  5 13 21  1  5  6  4 
18  1  8  9 18  5  3 15 14  4 
 8  8  5 12 13 16  1  9 20 25 
 5 14 21  2 18 15  3 20 21 21 
21  1 18 13 19  3 14 19  5  1 
21  3  5 14 25 22  5 19 15  8 
16 13 20  9  3  5 11  8 13  8 
12  4  1 16  9  1 21  5 18 20 
20  9  6  4 14  1 20 19 15  2 
19  2 18  8  9 25  5 15  5 25 
 5  5 14  8 20  8 20  5 20  1 
 8 18 21  8  8 19  4 18 21 23 
 3 18 12 20 20  5  8  9  8  1 
 5  6  5  3  6 13  5 15  5  5 
18 20  3  7 11  9 16 25  5  5 
15  5 18 12  8 18 20  1 15 15 
12  2  1  9 14  5  1 19  4 20 
 5  1 15  5  9  9  1  8  9 20 
19 14  4 11 19 15 14  9 19  4 
 9 15  1  9  7 25  9 19  1  5 
 5 20 19  5 13 18  1 20 20 20 
19  8  5  8  5 19  8  3  8  4 
18  8  5 16 20  4 20 15  1 23 
 1 19 19  9 13 14  6 15 12  9 
 5 13  5 18 21 12  8  9 13  8 
15 15  8  2  5  5  4  8  4 16 
 7 20 20 14  1  5 20 11  9 13 
12  3 12  5 20  9  9 18 14  9 
18 20  9 20  5  7 18 13  4 25 
 9  5  1  4  4 11 12  5 18  5 
12 12 14 18 12  5  9  5 12 21 
 1 23  3  5  9  7  5 14  6  9 
 5 21 15  5 13  5  5 18 12 14 
23  5  8 19  5 21  9  9 12  8 
20 19  1 14 14  9 21  5 12  8 
15  4  9  6  1  4 20 18  5  2 
 7  4  9 20  3 20 20 21  1  9 
 9 14 20  1 14 20 12  9 14 19 
 5 13 21  9 19  1 12  9  1  1 
12 22  5 18  8 14 18  7 15  4 
 5  1 12 13 14  9  5  7  9 21 
 4  2 20  6 14  8 12 19 19 19 
 3 20  4  1  3 20  7 14 15 18 
21 13  9  8  8  2 18 12 23 14 
 8  5 14  8  4  1 20  8 18  1 
 7  3 12  5  5 21 16 19  9 20 
19 22  5 14  8 15 23 16 20  3 
 1 18 12 15  7 12 23 20  5  1 
 8  6 18  5 15 15 18  7 23  4 
20 18 19  5 18  5 20  8  9 21 
 6 11  6 20 12  5 20  9 23  1 
 9 13  4 19  9 14 21 18 20 25 
 3  7 12 15  8  9  7  6 14  5 
 8  9 21 12 19  1 15 22 16  8 
21 19  8 14 20  5 15 20 19 14 
 1 15 22 12 16  6  3  7 15  1 
18 19  8 19 21  4  9 14 13 12 
 1 19 15  7 15 18 13  1  5 19 
 2  3 12  8 14 20 19 19  5  6 
20  1 14  1 15  5 14  6  4  3 
13 20 12 19  1  6 25 20  5 12 
 5  5 20  1  8 20  9 19  5  5 
 5  8  5  1 21 15  4 26 19 15 
 2 11  5  9  9 25 12  2  5 18 
12 13 15 20  3  1 15 14  5 20 
14  9 18  8  3 13 15 15 20  4 
 8  1  5 12 15  5 21  4  8  1 
 5 25  9  9  1 12 22  5  3  5 
18  5  4  8 18  5 20  1 19 12 
 5 19  5 19  3  4 11  5 15 14 
19 20 14  7  8 19 20  1  1 14 
19 15  1  9  6 19  5 18 25  9 
23  5 20 13 14 18 19 20  5 20 
 8  8 23 19 14  1 20  5 15 20 
 4 19 20 15 16  1  1  7 12 15 
 4  8 10  1 14 19  5 20  5  9 
 2 23  6  5  5  5 19 14 14 16 
20  2  5 14  4  8 21  3  8 25 
15 14 14  3  7 19 18 19  7 20 
19  8  8  1  5  8 19  9 13 18 
20  5 15 19  5 20 14 19 25  7 
15  6  5 13  5 18  5  5 14 20 
 9  8  3 14 25  1  3 11 12 18 
19  9  5  8 18 18 25 12 12 14 
19 16  7 14  5 18 25  9 14 18 
 2 12 11 21 23 12  4 18 21  6 
25 12  3 15  5  4  8 20  5  5 
 8 19 23 15 20 12  1  9 19 21 
 5 12  1  1  1 20 15 19 11  5 
20  8 20  5  5 15 12 22  9 19 
 5 12 15 12 19 20 21 19 13 20 
 5  9  1 14  4 13 20 12 12  1 
 9 19  6 16 13 21 12  6 14  5 
14 20 25  3 20  2 20  4 18  9 
 1  5  4 18  1  5 13  1 16 18 
15  5 18 14 18  5 15  8 18  4 
15  9  3  9 15 18  3  1 19  5 
 1 18 15 18 18  9  9  1 15 14 
 1 18  4 16  2  8  5 20 15  5 
 6 18  7 19 19  7  8 20 19 23 
18 21 14  4 14  2  5 12  5  4 
 1  5 20 23  2  5  9 16 19 15 
16 18 15 12 23  8 21 13 15 16 
 7 20  1 21 19 19  5  7 15  5 
20  8 20  8 15  8  8 19  1 20 
15  5 12 15 12 13 18  6 19  5 
 5 18  9 19 11  5 19 15  5  7 
15  5 11 21  5  9 14 20  4  5 
 5 25 15  3  1  1  5 22 14 15 
 5 20 15  9 15  3 19  5 14 19 
 5 14  9 14 18 14 19 19  1  5 
 5  9 25 23  3  8 14 14  9  5 
15 21  8 25 18 19 13  5 19 20 
 5 26  3 23  9 20 18  8  5 14 
15 23  2  5  5  7  1 20  5 14 
18 20 23  9  5 14 14 18  5  4 
 9 18 20  9  8  2 21  8  5  1 
 1  8 21 12 14 15  1 20  4 14 
 7 25 23 14  4  6 15  4 19  8 
 2 14  9  8 18 16  2 15 15 18 
 5  1  3 15 15 18  9  5 20 16 
21 12  5  8  8  1 14 14 20  5 
14 18  8  4 15 20 19  5 15 25 
20 20 18 23 19 14 13 20 18 23 
20 12 19  3 15  5  8 20 18  9 
18  6 19  8 18  1  1  5 19 20 
20  6 19 15  9 20 13  4 20  5 
20  5 18  3 18  1 14 14  5 18 
 1 20 16  4  9 18  5  9  5 20 
13  9 20 14 12 23  8 20  5 18 
14 19  3  9 20  5  5  5  6 20 
 8  1  8  9  3  9  2 11 11 21 
 8  9  1 20  5  5  5  8  3  5 
19  8  8  5  8 12 22  8  5  9 
23 15 12  5  5 12 20 22  3  1 
 1 12  5  5 16 14  8  8  5 18 
16 14 21 20  9  4 14 21 23  8 
 5 14 18 12  9  4  8  6 10  5 
 8  9  1  4 20  8 15 23 12  8 
 8 15  6  9  1 15  5 15  8 15 
 1 19  9 14  1 19 11 23  5 20 
19  9  5 13  1 14  1 18  8  5 
 5  9 14  8 23 16 14 12  1 21 
 1 15 18 10 20 18  8  9  5 15 
14 15 19 15  9  8 12  6  9 11 
24  5  5 14 25 18 14 19  5 15 
 1 12  6  9 18 24 22 19 18 20 
 9 20  3 14  1  1 18 19 16 19 
 8  8  1  1  5 19 20 14 23 20 
 8  5 25  1  5  4 12 14 14  5 
 3 13 13 13  9 14  8 15 10  3 
18 24 18  7  3  8 19  5  1  9 
15  5  5 14 15 14  5  7 13 19 
19  1 15  5 18 14 18 25 12  6 
 8 14  8  5  5 19 14  7 16 12 
 8  1  5 20 14 18  9  6 13 18 
 6  5 12 18  2  1  5 18 18  9 
20 19 19  9  4  1 18 19  9  9 
15 20  5 18 20 22  8 18 15  9 
15 14  5 20 12  5 20 11  1 19 
18  1 15 19  1 16 19 15 23  5 
 9 25 20  1 20 11 25  7  5  9 
 8 19 12 18 25 14 23 14  1  8 
 5  5  1 12  6 14  5  1 20  3 
 9 19 19 15  1  2  6 15  1 13 
 8  5 19 20  4 15  4 11 23  9 
12  2  3 15 13  1  2 15 18 20 
16  9 12  5 14 25 19 16 19 20 
 4  5  5 14  8  1 13 19  1  6 
 3  1 19 15 21 19  9 20  3 16 
19 15 14 11  1 20 19 21 13  9 
20 21  6  9 15  1  8  1  1  8 
 6 12 19  5 20  9 19 18 14 15 
 1 20 15 12  4  1 21 18 14 15 
 4 14 19  3  6  7 14  5 23 16 
21  4 23  9 12  7 24 20 14 12 
15  8  4  3  4  5 20 15 23  5 
 9  6 14  1  8 21  9 24  9 15 
 5 23  2  9  5 22  5  2  8 11 
 7 12 21  6  4  5 19  6  8  4 
 3  8  9 19 18  6  1 20  1  3 
 2  1  5  4  2 19 20  5  6  5 
 9  7  1 18  1 19 19 14 23  5 
 1 15 20  5  9 20 20  6 15  5 
18 20  5  9 21  9 12  8 21 20 
19  5 20  9  5 16 22  5 12  5 
20  5 20 26  4 14 20  5 20 18 
 8 25 12  5 14  8  5 13  8  1 
 4 19  7  1 15 15  2  3 16 12 
23 18 19  1  1  3 16 14 20  5 
 3  1  4 19  1  8  8  9  5 19 
 2  3  8  3  1 13  5 18  3  9 
15  8 15 15  9  3 14 19 20  5 
 5 18  5 19 23  1 20  4 25  7 
18  7  5  9 15 21  1  7 13 12 
 6 19  9 12 23 14  8 25 19 15 
15 15 23 23  9 20 15  3 25 14 
 5 20 25 15  5  3 19  3 22  5 
 2 15  5 11  5 14 20  8  9 19 
14 16  9 15 16 19 23  5 20  6 
 5 14  5  9 15  5  5  7  9 19 
15 14 19  5  1 21 23 14 19 15 
 4  3  1  7  4 15  5 12 19  4 
 1 18 14 18  6  5  5 18 20 15 
14 15  8 18 19  5 20 18 20  4 
20  8 20  8  9 12 25  1 20  7 
14 16  9  1  7 16  8 12 11  1 
 2  4  9  1  1  1  9  1 13 15 
12 20  1  3 20 19  8 13  5  4 
22 18 18 20  5  9 15 13  5 15 
 4 18 14  5 12 18 16  5 15 20 
 1  8 19  1 25  1 14  9  4 12 
20  9  8  9  5 20  1 25  2 15 
12  6 22  2 13  8 18  4 18 16 
 8  1  1 14  8  1 20 13  5 18 
 8 15  4 20  9  5 19  5  9  8 
19  7 15  4  4 20 18 14  7  4 
 5 20 20  7 21  1  5  1  7 18 
 3 18 25  3  6 14  8  8 12 21 
 7  9  9  9  1 15 12 12 14  5 
 5 14  5 14  1 22 15  3 12 14 
 3 15  5  9  9  3 15 18 12  5 
 4 16 20 13  5 14 14  5 18 19 
 5  7 12 11  4  1 12  9  5  8 
17  3 14 12 20 15 20 21  5 15 
 1  3 15 20 25 15  1 19  8 14 
