1000 619

HI
5
243.0527  76.8410
245.0755  80.5496
247.4356  80.8867
247.7727  80.0439
245.5813  76.8410

HI
7
253.6728  80.7182
260.0785  78.0210
262.2700  78.3582
263.9557  82.4039
263.2814  85.9439
258.8985  86.4496
254.6842  84.5953

HI
11
285.7016  70.2667
289.5787  64.5352
292.1073  64.8723
293.2873  65.3781
294.8045  64.0295
298.6817  64.1981
299.6931  65.7152
296.6588  67.5695
294.6359  71.4467
292.4445  75.1553
286.3758  72.1210

HI
8
306.7731  60.9952
308.1217  63.0180
313.0103  62.0066
313.6846  62.5123
320.0904  61.8380
319.7532  60.4894
317.0561  58.9723
312.5046  59.3094

HI
6
312.3360  55.6008
314.3589  51.5551
317.5618  52.7351
317.8989  54.4208
316.2132  56.6123
312.3360  56.9494

HI
9
319.5847  56.7809
321.9447  59.8152
326.8333  57.2866
331.3848  56.1066
335.9362  53.2408
335.9362  51.2180
332.2276  49.3636
327.1704  48.3522
324.6419  49.8694

HI
26
336.9477  40.5979
338.6334  41.9465
342.1734  40.2607
350.0963  36.5521
353.6364  34.3607
355.3221  31.8321
357.3450  27.2806
361.5593  24.5835
361.2221  23.2349
357.1764  19.8634
352.7935  18.3463
351.2763  19.0206
348.0735  17.1663
345.5449  13.7948
343.1848  10.7605
341.3305  10.9291
337.6219  13.6262
337.2848  18.3463
337.9591  20.8749
336.2734  26.7749
334.0819  28.6292
333.9133  31.3264
336.2734  32.3378
338.4648  35.5407
338.9705  36.5521
337.2848  38.4064

AK
298
164.8349 145.2815
164.4978  56.2751
166.1835  55.2637
169.3864  55.0951
170.9035  56.2751
173.6007  56.2751
173.7693  53.2408
181.0179  46.1608
181.5236  43.4636
185.0637  45.4865
185.7380  45.6551
186.0751  48.8579
187.5922  50.5437
188.7723  50.7122
190.7951  52.2294
193.9980  50.0379
194.6723  47.0036
196.6952  45.8236
197.8752  43.2950
201.9209  41.4407
205.4610  35.2035
208.3267  31.1578
210.6867  28.2921
212.2039  24.4149
217.4296  22.5606
222.8240  20.3692
223.8354  15.8177
224.3411  12.6148
223.3297   9.0748
221.4754   6.7148
219.7896   7.5576
218.2725  10.7605
215.4067  12.2777
213.5525  13.4577
212.7096  12.6148
214.2267   9.7491
214.3953   5.8719
213.2153   5.3662
211.1924   7.3891
209.0010   8.7376
209.5067   7.0519
210.8553   5.1976
210.0124   4.3547
210.0124   4.3547
209.1696   4.6919
208.6638   5.3662
208.1581   6.0405
206.4724   8.9062
206.4724   8.9062
205.4610  11.2662
205.4610  11.2662
205.1238   9.9176
204.4495  10.2548
203.7752  10.5919
203.1009  11.7719
203.1009  11.7719
204.9552  13.7948
203.4381  15.3120
203.4381  20.5377
202.5952  20.5377
201.7524  16.9977
200.5723  16.4920
199.5609  20.3692
198.8866  24.2463
198.0438  24.7520
198.3809  18.8520
198.3809  17.6720
196.8637  19.0206
193.1552  25.2578
190.9637  25.7635
190.2894  29.6406
188.6037  32.6750
186.9180  33.8550
186.9180  36.2150
189.1094  37.5636
188.6037  37.9007
185.9065  37.2264
182.3665  39.7550
179.6693  42.7893
174.6122  45.4865
170.3978  48.1836
171.7464  51.5551
171.7464  53.2408
169.8921  51.5551
166.8578  50.3751
162.9806  51.5551
157.0806  54.0837
151.3491  54.0837
150.6748  53.5780
143.9319  57.6237
141.7405  57.9609
138.8747  64.0295
135.1661  63.6923
131.4575  62.1752
131.9633  57.4551
133.1433  60.4894
134.1547  60.1523
132.6375  55.6008
136.0090  58.4666
136.6833  56.7809
132.6375  52.2294
131.2890  52.5665
130.7833  54.5894
129.4347  55.4323
128.0861  54.2523
125.2204  56.1066
122.0175  53.9151
120.1632  51.7237
116.6231  49.5322
111.7345  49.7008
111.2288  51.8922
115.1060  52.5665
115.1060  53.9151
112.7460  54.5894
113.7574  57.1180
116.1174  61.1637
116.1174  63.0180
116.2860  63.8609
120.8375  66.2209
121.8489  64.8723
124.7146  64.8723
123.3661  67.5695
119.4889  67.9067
114.2631  65.0409
111.7345  61.5009
109.8802  58.8037
108.7002  56.4437
104.3173  54.9266
101.1145  52.2294
100.7773  50.5437
103.1373  49.5322
103.9802  47.3408
101.1145  43.9693
 94.3716  39.5864
 86.2801  35.2035
 84.0886  34.0235
 78.5257  32.8435
 72.9628  30.4835
 74.8171  29.1349
 73.3000  27.6178
 72.7942  26.4378
 69.9285  27.4492
 66.5571  27.2806
 65.7142  24.9206
 64.7028  24.9206
 65.0399  27.4492
 61.3313  26.1006
 58.2970  25.0892
 54.7570  26.4378
 51.7227  24.4149
 48.3512  24.4149
 46.1598  23.0663
 44.4740  22.2235
 42.2826  22.5606
 39.5854  23.7406
 37.2254  23.0663
 36.2140  22.0549
 34.5282  23.2349
 34.5282  25.2578
 37.7311  26.6063
 44.3055  25.9320
 48.8569  27.6178
 51.0484  29.8092
 54.0827  30.4835
 55.9370  31.3264
 58.8027  31.1578
 60.4884  29.8092
 61.4999  30.1464
 63.8599  33.0121
 67.0628  34.0235
 70.6028  34.6978
 71.9514  35.0350
 72.6257  34.5293
 73.4685  34.5293
 74.8171  38.4064
 79.0314  39.9236
 81.0543  43.8008
 83.4143  48.5208
 85.1001  50.0379
 85.4372  52.7351
 83.7515  51.3865
 80.2114  50.7122
 79.5371  53.2408
 78.1886  53.5780
 77.1771  52.5665
 77.0086  49.5322
 75.4914  49.7008
 73.9743  55.7694
 72.6257  54.4208
 71.4457  54.9266
 71.1085  56.9494
 66.8942  56.7809
 64.7028  55.6008
 62.0056  55.9380
 63.5227  57.4551
 64.0285  60.1523
 63.3542  62.1752
 64.8713  63.1866
 66.2199  63.3552
 65.5456  65.2095
 65.5456  69.7609
 64.5342  70.7724
 63.6913  69.2552
 57.2856  69.2552
 55.7684  70.6038
 55.0941  74.6496
 52.9027  78.3582
 52.9027  79.3696
 55.0941  80.2125
 55.2627  82.4039
 56.4427  83.5839
 55.5998  84.0896
 54.2512  83.5839
 53.0712  86.4496
 54.0827  91.6754
 58.8027  95.0469
 61.4999  96.7326
 63.5227 100.6097
 66.3885 101.9583
 69.0856 100.7783
 69.4228  98.2497
 71.9514  98.5869
 75.3228 101.1155
 77.0086 100.4412
 78.0200  99.7669
 79.7057  99.7669
 82.0657 101.1155
 82.9086 105.6669
 82.9086 105.6669
 83.2458 108.7012
 83.9200 109.2070
 84.5943 109.7127
 84.9315 110.2184
 84.9315 110.2184
 83.7515 112.2413
 81.0543 111.3984
 77.6828 110.5555
 75.6600 111.0613
 71.9514 112.9156
 66.7256 113.0841
 63.0170 116.9613
 63.5227 121.0070
 64.1970 123.5356
 62.0056 125.3899
 59.9827 129.2671
 60.4884 130.1100
 67.5685 130.6157
 69.7599 130.6157
 70.7714 129.6043
 71.4457 129.6043
 71.2771 131.2900
 75.3228 131.9643
 78.0200 131.6271
 79.5371 130.4471
 78.0200 128.2557
 77.5143 126.7385
 80.3800 125.0528
 85.6058 123.1985
 87.4601 124.2099
 85.1001 128.7614
 84.0886 132.1328
 85.1001 132.9757
 81.5600 134.9986
 81.0543 136.1786
 81.5600 137.8643
 80.7172 141.9101
 77.6828 146.7987
 75.1543 151.1816
 78.1886 153.2044
 81.5600 153.2044
 83.4143 152.5301
 87.7972 152.6987
 91.6744 156.4073
 92.8544 159.6102
 96.7316 162.1388
 98.4173 161.1274
101.2830 161.8016
105.1602 163.9931
106.3402 164.1617
107.3516 163.3188
112.0717 163.4874
114.9374 166.6903
116.1174 166.6903
119.8260 164.1617
121.8489 161.9702
121.3432 160.7902
122.0175 159.6102
123.7032 161.2959
127.7489 160.9588
128.0861 157.0816
130.1090 155.5645
137.5262 154.8902
144.1005 150.5073
145.6176 151.5187
151.0120 148.8215
153.2034 149.4958
155.2263 150.3387
160.2835 148.3158

AK
11
 44.8112 115.1070
 47.0026 109.5441
 46.8340 108.5327
 43.7997 108.8698
 41.9454 113.0841
 40.0911 114.6013
 37.5625 114.6013
 37.3940 117.2985
 39.2483 119.8270
 40.4283 117.2985
 41.9454 115.7813

AK
7
 42.1140  80.2125
 45.9912  79.3696
 49.8684  78.3582
 50.7112  77.3467
 49.0255  73.4696
 45.8226  73.6381
 42.2826  77.3467

AK
6
 20.5367  94.8783
 21.7167  92.1811
 22.8967  90.4954
 21.7167  89.6525
 19.5253  92.8554
 19.5253  94.8783

AK
16
  6.2080  18.6834
  9.7480  21.0434
 13.2881  22.0549
 15.9852  21.7177
 16.4910  20.0320
 18.5138  19.5263
 20.5367  21.5492
 20.1996  23.2349
 23.0653  23.9092
 26.0996  21.2120
 24.9196  19.3577
 20.3681  18.1777
 17.5024  18.6834
 13.6252  19.8634
  9.0738  18.3463
  7.3880  18.0091

AK
4
 57.2856  23.4035
 58.9713  21.3806
 61.1627  23.0663
 59.6456  24.4149

AK
4
 60.3199  20.2006
 61.4999  22.5606
 63.6913  22.2235
 62.8484  20.2006

AK
4
 84.9315  22.2235
 86.4486  20.3692
 87.4601  21.5492
 86.6172  23.5720

AK
18
 94.0344  35.2035
 95.2144  29.1349
 98.2487  28.2921
103.4745  31.3264
108.0259  34.0235
106.3402  36.5521
106.8459  39.0807
104.6545  37.7321
101.6202  38.5750
103.3059  39.7550
105.3288  38.9121
109.3745  40.7665
109.8802  42.2836
107.3516  43.1265
108.1945  45.1493
105.3288  43.1265
100.4402  39.4179
 95.3830  36.3836

AK
4
138.2004  55.9380
140.7290  57.4551
139.7176  59.3094
137.8633  58.2980

FL
114
792.3010 160.4350
794.6636 152.8035
798.5527 142.6448
804.1156 132.8676
807.9927 126.2933
813.0499 120.5619
817.2642 116.6847
818.9499 113.6504
817.7699 112.3018
816.9271 110.9533
819.9613 103.1989
822.9956 100.1647
825.6928  94.6018
829.4014  88.5332
834.1214  79.9360
835.4700  72.0131
835.9757  59.5388
836.6500  57.6845
836.3128  54.1445
833.7842  52.7959
834.1214  50.7731
833.4471  48.7502
833.7842  46.2216
834.2900  44.1988
831.4242  40.8273
828.2214  39.3102
824.1757  39.1416
822.6585  37.4559
820.1299  36.4445
818.7813  36.9502
817.6013  37.9616
817.2642  40.9959
816.4213  44.5359
812.8813  49.9302
809.1727  52.2902
805.1270  52.6274
804.2842  51.2788
801.0813  55.8302
800.4070  59.5388
797.7099  63.7531
795.8556  64.9331
794.1698  62.7417
792.3156  63.0788
790.1241  68.3046
787.0898  72.3503
784.0555  77.9132
781.3584  81.1160
777.6498  84.9932
779.8412  87.5218
783.2127  93.2532
783.0441  94.9389
778.3241  95.9504
776.6384  95.2761
776.9755  94.6018
779.6727  93.5904
778.1555  88.8703
777.3127  88.3646
775.4584  92.5789
774.1098  97.6361
773.7726 100.5018
775.2898 105.3904
775.2898 115.3361
772.0869 119.2133
770.7384 122.4162
765.3440 123.7647
763.3212 124.4390
761.6355 127.1362
758.0955 128.8219
756.9155 132.3619
754.0497 133.3733
751.5211 137.2505
747.1383 138.7676
744.1040 140.2848
741.4068 140.2848
737.1925 139.4419
737.0240 137.4191
737.8668 136.4076
737.3611 135.2276
734.1582 135.3962
730.2811 131.6876
726.5725 129.6647
722.5268 129.6647
719.1553 128.3162
718.8182 131.1819
717.1325 133.2048
714.0982 134.3848
712.4125 135.9019
703.9839 139.9476
696.0610 141.8019
691.5096 141.1276
685.2724 140.6219
679.0352 138.4305
675.4072 137.7913
675.1591 146.1852
672.4620 148.2081
670.6077 150.0624
670.9448 153.2652
681.5649 154.6138
708.1993 157.6481
715.2793 158.3224
720.9477 158.0301
723.6449 153.9844
725.1620 152.4673
733.6064 151.9300
744.8887 152.6043
767.3208 153.9529
772.9994 154.6561
778.3253 154.4428
778.7704 151.4085
781.0989 150.5657
781.3438 155.3936
779.7503 159.7450
781.1146 161.2464
786.9067 160.7722

FL
11
805.3828  22.3693
807.9114  23.0435
809.2600  23.2964
810.7771  25.7407
813.2214  27.4264
814.5700  26.9207
816.3400  26.5836
816.7614  25.4879
813.1372  24.2236
808.7543  22.7064
806.3100  21.4421

FL
14
819.4586  27.5950
820.7229  26.4993
823.5886  28.6907
829.1515  33.0736
833.0287  37.1194
835.6416  44.0308
836.6530  45.8008
836.8216  49.3409
836.0630  48.8351
835.0516  45.8851
833.5344  41.0808
830.1630  35.6022
825.6115  31.2193
822.0715  29.1964

NH
32
918.4557 469.8386
919.3619 470.9611
920.4987 474.3929
917.8469 475.3454
917.3412 478.5483
913.2954 479.7283
912.9583 482.5940
905.3725 507.0370
900.5744 522.2017
899.6389 522.2070
898.9647 520.5213
898.2904 521.0270
897.2789 522.0384
895.7618 520.0156
895.7113 514.7684
896.0362 508.8589
898.0591 505.9931
898.0591 501.7788
894.1819 496.4996
891.4848 495.3196
891.4848 494.1396
892.6648 492.2853
892.6648 483.3510
891.8219 473.7423
891.6533 468.6852
892.6648 467.3366
892.4962 462.6166
891.9905 460.7623
893.0007 460.0227
910.5061 464.6364
912.7740 465.2646
914.6963 468.1565

MI
9
618.6457 540.4067
616.2669 539.8201
610.6621 535.7795
608.3811 534.9322
606.4911 532.7815
608.1530 531.6084
610.3037 532.5534
613.7578 534.5738
619.1345 539.9505

MI
89
630.2464 525.5800
625.3584 525.0587
620.8290 522.5495
618.4502 520.1708
617.1142 518.3459
615.2568 517.4987
613.2364 514.4682
613.0735 513.0996
608.5115 510.9163
606.0023 508.8960
599.7458 507.8858
599.0615 507.2015
599.0615 506.1913
595.3793 503.8452
592.5117 502.9979
591.7623 502.3788
595.6400 497.0347
603.8517 495.8290
612.4544 493.5480
615.4197 492.4726
628.0631 489.6376
630.2138 487.2589
633.8960 485.8251
635.9163 475.0717
637.3501 473.9964
638.5884 472.9210
641.8796 480.2203
642.8897 484.4565
644.9426 488.9859
645.7573 489.1814
646.9630 487.4870
647.6147 487.4870
652.3397 489.9961
653.8712 488.3342
654.3600 488.1713
655.7286 489.3444
656.9017 492.5378
659.4108 493.3850
666.6775 494.0693
668.6979 496.7414
674.0746 496.9369
680.1681 495.5683
682.0255 495.5683
685.3819 497.0998
687.7281 496.9369
689.9440 497.5886
693.8217 497.0998
694.6689 496.7414
696.0050 497.0998
694.6689 498.1100
693.3003 498.7617
689.9440 501.9877
689.9440 509.2218
688.4124 509.7432
687.2393 508.5375
680.8199 506.8757
678.7995 506.3543
675.7690 507.2015
675.2802 507.5274
675.2802 513.4254
673.7487 513.6210
671.0441 512.2523
666.3517 510.2320
659.4108 509.9062
655.8916 508.7331
651.6554 505.0182
649.9935 504.0081
648.7878 504.0081
647.4518 503.1608
645.7573 503.6496
644.0954 505.0182
642.5639 504.0081
638.5232 503.8452
635.6556 506.7127
634.1241 509.9062
632.6251 511.0792
629.2362 512.0894
626.8900 512.0894
625.5540 513.4254
621.8392 510.3949
620.8290 509.2218
619.9818 509.7432
620.3076 512.4153
622.8493 515.8042
623.3381 518.3459
625.7169 519.1606
627.2158 522.3866
631.0936 523.3968
631.4520 524.4069

MI
13
699.6220 501.4012
697.3410 501.1405
695.6791 500.9776
695.3206 499.8045
696.3308 499.2831
697.0151 496.6762
700.4041 496.5133
701.7401 497.7516
701.7401 497.7516
701.6536 499.2775
701.3165 499.4460
700.9793 499.6146
699.6220 501.4012

MI
100
682.6773 491.6906
679.6468 489.8332
676.6163 487.4870
676.9421 483.7722
677.9523 483.4463
680.1681 482.9249
680.6569 482.0777
677.9523 481.2304
675.2802 480.9046
673.7487 479.0472
673.4228 476.8639
673.7487 475.1694
674.0746 469.4343
670.3923 467.2510
669.7080 467.4140
669.7080 471.8131
671.0441 474.3222
671.7284 476.8639
670.8811 477.7112
668.8608 476.8639
667.8506 472.4648
664.9831 471.2917
663.1257 469.2714
662.9627 468.2612
663.6470 467.4140
662.9627 464.7093
660.6165 464.2205
660.6165 463.0474
661.4312 460.5057
660.2581 454.1189
658.5962 449.8827
659.2479 444.9948
659.7693 443.8217
658.9221 441.2800
658.5962 440.4653
658.2377 437.5978
661.9526 431.3412
664.9831 424.5959
666.5146 419.5451
665.6674 414.6572
664.6572 408.4333
662.1155 403.0240
661.7896 400.1564
658.4007 396.9304
662.9953 397.1259
685.3167 399.4721
692.9093 400.5149
693.0070 398.7552
700.1434 400.0261
710.8968 401.5902
714.9048 402.0790
715.0678 402.6981
715.2307 404.1971
717.4140 408.0748
719.4995 409.8996
719.2714 415.1786
720.9333 416.8405
722.0738 417.1989
722.3019 420.8811
723.8986 424.0420
725.0065 423.4228
725.1694 422.7385
726.0167 422.5756
728.0370 423.5858
727.7112 433.5245
724.3222 442.1272
721.9760 451.5772
719.4343 454.9335
716.7297 456.7909
715.0678 455.6178
710.9945 453.7604
708.9742 448.5467
706.1066 444.6689
704.9335 443.9846
703.4346 444.6689
703.4346 444.6689
700.7243 446.1779
700.8929 446.8522
701.0614 447.5265
701.4142 452.0660
701.4142 452.0660
704.9335 453.4346
705.7808 456.9539
706.4651 459.6585
708.9742 461.3530
708.6483 471.8131
706.9539 474.1593
705.6178 475.0065
704.7706 477.1898
705.6178 478.0370
707.3123 477.7112
707.4752 479.4056
704.9335 481.7518
703.5975 484.4565
700.8929 484.4565
696.1679 485.9554
690.4327 489.5073
687.5652 489.5073
686.9135 488.8230
685.9033 489.3444

VT
28
880.5883 457.7081
880.9185 463.2823
877.9042 474.5275
877.2299 474.8647
874.1956 476.2132
875.0385 479.2475
874.1956 481.4390
871.3801 486.2773
872.3916 490.3231
871.5487 495.7174
869.0201 502.4603
868.1801 507.5932
895.7290 514.6129
896.0509 508.8546
898.0491 505.9951
898.0491 501.7808
894.1834 496.5066
891.4863 495.3150
891.4748 494.1466
892.8407 492.5625
892.5165 484.1183
891.8810 474.4636
891.6433 468.6691
892.6548 467.3205
892.4862 462.5544
891.9805 460.7923
893.0380 460.0340
885.2825 458.4629

ME
84
962.2938 536.1515
964.3167 533.9601
966.6767 530.0829
966.6767 528.0600
964.4852 523.1715
962.4624 522.4972
958.9224 519.2943
953.8652 513.5629
953.8652 513.5629
953.1909 513.5629
952.5166 513.5629
951.8424 513.5629
951.5052 515.7543
951.5052 515.7543
949.6509 515.5857
948.6395 514.0686
946.1109 512.5514
945.0995 511.0343
946.7852 509.5171
946.2795 508.8428
945.7738 505.9771
943.7509 506.1457
943.7509 507.8314
943.4138 509.1800
941.8966 508.8428
940.0423 512.2143
937.8509 510.8657
939.1995 509.3486
939.5366 508.1686
938.6937 506.8200
939.0309 503.6171
939.1995 501.9314
937.5137 499.2342
934.4794 498.7285
934.1423 495.6942
928.5794 492.4914
927.2309 491.9857
925.5451 493.5028
922.3423 489.7942
923.3537 486.4228
921.8365 485.0742
921.6680 480.5228
920.4967 473.9958
917.9292 475.2012
917.4234 478.4040
913.3777 479.5841
913.0406 482.4498
905.4548 506.8928
900.5553 522.1584
902.0366 522.2816
903.6151 521.8542
903.6151 524.5514
904.9794 529.2400
907.6765 534.1286
909.1937 538.3429
907.1708 540.8715
907.1708 547.1087
908.0136 548.1201
908.8565 550.9858
908.6879 552.5030
908.5194 557.5601
910.3737 562.6173
913.4080 571.8887
915.5994 576.2716
916.9480 576.2716
918.2965 576.1030
918.2965 574.9230
919.6451 572.5630
922.5108 571.8887
923.3537 572.7316
923.3537 573.7430
927.5680 576.7773
929.4223 578.6316
930.9394 578.4630
937.1766 575.9345
939.1995 574.9230
948.6395 543.7372
954.8766 543.7372
955.7195 541.7144
955.8881 536.6572
958.9224 534.2972
959.7652 534.2972
959.9338 534.8029
959.4281 535.9829

ME
5
940.4672 504.7151
942.0686 506.3165
943.5015 505.2208
944.0915 502.6922
942.3215 501.7650

ME
11
947.4629 510.8680
949.3172 508.9294
949.3172 508.9294
950.6658 508.8451
950.6658 509.1822
950.6658 509.5194
950.9187 511.2894
950.9187 511.2894
951.8458 512.1323
951.0029 513.9866
948.8958 513.2280

RI
10
911.4390 431.8088
907.5852 447.4042
914.1225 449.3282
916.4073 447.3187
919.8552 442.8133
922.6580 438.2231
919.5304 436.5288
918.1819 436.6974
917.0019 434.8431
914.4733 432.8202

NY
103
865.8805 421.5374
864.7005 422.5489
862.0034 422.7174
859.6434 424.7403
857.9430 431.1315
854.3367 431.0370
851.7885 433.8610
831.5744 429.2918
786.7342 420.1888
778.8826 418.9084
778.1129 425.6532
779.6021 426.8267
780.9507 428.0067
781.9621 429.6925
783.8164 430.8725
785.8392 432.7267
786.3450 434.4125
788.5364 437.2782
789.7164 438.2896
789.5478 439.3011
788.1992 442.5039
786.3450 442.6725
784.3221 449.0782
787.3564 450.9325
791.9078 452.4497
796.1221 453.7982
799.4936 454.3040
806.0679 454.4725
808.0907 453.1239
809.7765 452.9554
811.9679 454.3040
814.6650 455.4840
820.0593 455.9897
822.2508 457.8440
824.1051 461.2154
825.7908 463.2383
827.9822 463.2383
830.0051 464.4183
830.1737 466.7783
828.6565 468.9697
828.3194 470.4869
829.4994 472.6783
829.4994 474.1954
827.6451 474.1954
825.7908 475.0383
824.9479 476.2183
824.7794 478.9155
830.8479 484.6469
831.5222 485.4897
833.0394 488.5240
836.0737 493.2441
838.9394 497.1212
841.1308 499.6498
843.6492 501.5535
846.8623 502.8527
852.5937 504.2012
855.9652 504.0327
860.6852 505.5498
868.5738 507.7095
869.1158 502.5170
871.6444 495.7741
872.4873 490.3797
871.4758 486.3340
874.1730 481.6140
875.0158 479.4226
874.1730 476.3882
877.2073 475.0397
877.8816 474.7025
881.0845 463.2396
880.5252 457.9636
880.0195 446.6693
880.8624 440.9378
881.7052 437.2292
883.2224 429.6435
883.2224 421.2149
882.0424 418.8549
883.9604 416.7769
884.7910 415.0267
882.7681 413.1724
883.1052 411.8238
884.4538 412.1610
885.9710 413.5095
888.3310 416.2067
889.5110 416.8810
891.1967 416.2067
893.5567 416.0381
901.8167 420.0838
904.8510 422.9496
906.1996 424.4667
910.5825 422.7810
907.0425 419.0724
902.9967 416.0381
895.5796 410.4753
892.8824 409.4638
886.8138 407.4410
882.5995 406.2609
881.3746 406.8167
881.1201 410.6629
881.6258 413.5286
881.4573 415.7201
878.5235 417.4917
873.8034 418.5031
869.7577 419.6831

PA
43
860.4001 384.0542
861.7645 384.3368
864.1936 385.6436
865.4573 388.2328
867.1430 390.5928
870.5144 393.7957
870.5144 394.6386
867.9859 396.3243
864.2773 398.8529
863.2658 401.5500
860.4001 401.8872
860.2315 403.0672
859.3887 405.9329
861.7487 407.1129
861.9173 409.6415
860.5687 410.9901
860.7372 412.6758
862.7601 415.8787
862.7601 419.0815
865.5731 421.8405
864.6135 422.5444
861.9815 422.7455
859.5889 424.7684
857.9727 431.1459
854.3183 431.0411
851.7581 433.8600
832.8937 429.4828
788.0534 420.3799
778.7819 418.8627
778.1347 425.6629
772.5430 420.3786
771.1944 419.8729
766.8124 416.7354
769.8476 396.7797
772.4354 386.6344
776.1599 366.5495
779.5690 367.2144
792.0232 368.7811
831.5713 376.7740
847.0835 379.7180
855.7387 381.4098
856.0172 381.6585
858.2087 383.3442

NJ
50
865.1506 421.8351
862.7287 418.9839
862.7287 415.7810
860.7059 412.5782
860.5373 410.8924
861.8859 409.5439
861.7173 407.0153
859.3573 405.8353
860.2002 402.9695
860.3687 401.7895
863.2345 401.4524
864.2459 398.7552
867.9545 396.2266
870.4831 394.5409
870.4831 393.6981
867.3723 390.8862
865.6866 388.5262
864.1694 385.6605
861.8094 384.3119
861.3272 382.6409
861.0743 381.3766
860.4391 378.6584
861.5780 376.3183
864.9495 373.2840
870.0066 370.9240
874.2209 370.2497
874.3895 368.7326
873.5466 367.7211
873.8838 364.8554
874.7266 364.8554
876.9181 367.3840
877.7609 372.4411
880.6267 376.6554
883.8295 383.3983
885.0095 389.1298
884.3352 390.3098
884.1667 400.0869
882.4809 403.6269
881.3009 402.7841
878.4352 402.4469
877.9295 402.9527
879.1095 403.9641
881.3009 405.9870
881.3667 407.1275
880.9659 410.7082
881.5638 413.5739
881.4413 415.6271
878.5137 417.4523
873.2038 418.6783
868.8895 420.1190

DE
19
860.9240 380.3138
861.3080 382.5524
861.6991 384.3158
860.0068 383.9010
858.3222 383.4135
856.0216 381.5737
857.8153 376.3153
860.1753 370.4152
862.3668 360.3009
864.0525 353.7266
869.2782 353.8952
875.6829 355.1263
873.3219 362.8284
872.3105 362.3226
868.6019 364.8512
866.7476 369.7398
864.7247 373.4484
861.4431 376.4414
860.5420 378.6292

MD
78
875.6953 355.1462
869.4298 353.8909
864.0670 353.7684
862.1447 360.9867
860.1376 370.5481
857.4550 377.0011
856.1115 381.5875
848.2846 379.8957
832.7724 376.9517
793.7198 369.0780
794.8994 363.8521
795.9109 357.9521
796.2480 358.2892
798.4395 360.8178
800.7995 363.5473
803.3281 364.1892
804.8452 365.7064
806.6995 368.4035
808.0481 367.7292
811.0824 368.0664
813.7795 370.2578
815.8722 371.7732
817.7963 372.2789
819.5110 371.1007
822.5453 369.5835
824.5681 367.7292
825.8324 366.1278
830.1310 364.3578
830.1310 361.3235
835.8625 359.9749
837.0558 359.4098
838.5281 361.5248
841.5333 359.4704
840.2005 356.8824
839.4025 352.7263
837.5482 350.0292
837.5482 347.8377
838.2225 345.9834
843.5029 344.5698
847.9984 344.6341
851.2012 343.6227
853.3926 343.2855
854.4041 345.4770
852.8869 347.6684
852.8869 349.5227
850.3584 351.7142
848.1669 357.4456
849.5155 363.0085
849.3469 365.1999
847.9984 366.5485
847.9984 366.5485
849.5155 368.2342
849.5155 368.9085
849.5155 369.5828
850.0212 371.0999
850.0212 371.0999
852.0441 372.4485
854.0669 374.1342
854.5726 373.1228
853.0555 371.4371
851.7069 367.5599
852.0441 366.3799
853.8984 366.0428
854.4041 360.3113
852.2126 359.2999
852.5498 355.5913
853.0555 355.7599
854.2355 357.7827
855.9212 355.9284
854.2355 354.5799
853.8984 351.0399
856.5955 347.4998
860.6412 346.9941
862.3270 347.8370
865.7019 343.4752
867.1183 342.9160
874.0564 345.8325
876.1499 350.0284

MD
11
859.0429 345.7315
860.2229 343.1186
860.3915 341.2643
861.5715 339.3258
861.5715 339.3258
862.4987 340.2529
862.4987 340.5901
862.4987 340.9272
861.7401 343.7929
861.7401 343.7929
860.9815 346.2372

VA
12
867.1938 340.9083
867.0437 342.9386
873.7731 345.5975
872.9697 342.2421
869.9249 338.3014
869.4890 333.5195
869.9705 329.9841
868.0643 324.7931
865.8075 322.7951
864.2743 327.6343
864.7393 333.3164
866.3941 337.6783

VA
71
870.6768 311.3970
810.0155 298.2839
770.9884 292.7792
764.0246 293.1704
761.3288 291.1616
753.6759 290.9315
744.9354 289.9121
733.5538 288.2284
744.4708 294.0795
744.4572 296.2431
746.0422 298.4810
757.0472 310.4742
761.1626 305.8053
765.1074 304.8001
767.7596 305.9892
770.0925 307.3564
772.7375 305.9554
776.8190 307.4442
778.7760 312.1954
781.4881 311.6323
784.4654 313.8546
786.3416 313.3399
789.2897 317.1737
789.6528 319.3458
788.6480 320.6759
789.6936 322.6224
795.1934 335.4244
795.8365 341.4047
797.1179 341.9506
799.3896 339.4033
803.4937 339.7173
805.5054 347.6148
808.4189 348.1996
809.5135 351.0579
812.2036 353.5051
815.0939 359.4438
815.1825 364.7280
825.4239 360.7417
826.1339 360.3867
826.2924 366.0067
826.2924 366.0067
830.1011 364.3401
830.1724 361.2763
836.2039 359.9212
838.4281 358.6947
840.1589 356.5512
839.4764 352.7465
837.4457 350.0448
837.5603 347.8977
838.1744 345.9655
843.3660 344.6429
848.0076 344.6013
851.2076 343.6017
853.2342 343.2791
853.9796 340.0586
857.3064 339.6389
858.2116 338.3876
857.7533 333.4970
859.1868 332.3473
858.6874 330.3344
859.9694 329.5108
859.7381 328.0670
856.9289 328.1660
857.0217 326.4814
859.4002 324.8726
859.5269 323.4004
861.3758 321.5386
861.8887 318.9066
859.2265 317.4662
860.8659 315.9081
866.9149 317.6660

WV
86
793.7284 369.1686
794.8879 364.0127
796.0177 357.7235
798.2391 360.4142
800.5991 363.6170
803.2460 364.2589
804.7631 365.7760
806.6174 368.4732
808.1242 367.7989
811.1585 368.1360
813.8556 370.3275
815.9483 371.8429
817.8724 372.3486
819.2321 371.2887
823.0311 369.3892
825.0540 367.5349
826.4868 366.1863
825.6926 360.3939
819.6082 363.0437
815.1814 364.7351
815.0760 359.3353
812.2109 353.5618
809.5727 351.0314
808.3296 348.1645
805.5730 347.6430
804.6368 343.8871
803.5490 339.7686
799.4111 339.4133
796.9880 341.9565
795.8710 341.3731
795.2113 335.6696
793.8033 331.9840
788.6329 320.5606
789.5679 319.3503
789.3533 317.3602
786.4245 313.3096
784.5387 313.8772
781.4437 311.6251
778.7927 312.2218
776.7080 307.4715
776.7080 307.4715
773.3093 305.9801
772.6173 306.0453
772.4500 306.0610
770.0427 307.3478
770.0427 307.3478
767.6063 305.9094
765.0934 304.8204
761.1887 305.7475
760.0193 306.9657
757.7334 310.1184
754.4564 312.1915
752.6717 315.9696
748.2036 319.5861
747.5293 321.9461
744.8322 323.4633
743.9893 325.1490
743.7364 330.6276
746.0122 330.7119
748.0350 331.5547
748.2036 334.4204
749.8893 335.9376
750.0579 341.1633
751.0693 345.2091
752.4179 345.8833
753.7665 344.7033
754.2722 342.8491
756.1265 343.8605
756.6322 345.5462
755.4522 347.4005
755.4522 349.9291
756.4636 351.2777
758.8236 354.8177
760.1722 356.3348
762.3637 355.8291
764.7237 357.5148
767.9265 361.0548
770.2866 365.1006
770.6237 371.0006
771.1294 376.2263
771.1294 381.1149
769.9494 384.3178
770.9608 385.8350
772.2992 387.1835
775.9397 366.5087
780.7687 367.2920

OH
65
766.7622 416.7588
760.4082 412.5321
756.3624 410.1721
752.8224 406.2950
748.6081 402.2493
745.2367 401.4064
742.2024 400.9007
736.4709 398.2035
734.2795 398.0350
730.7395 401.2378
725.3452 400.5635
722.6481 402.0807
720.1652 403.4893
715.0635 402.7558
704.4434 401.0701
692.7574 398.7919
694.1060 383.5362
695.9603 369.2075
698.6574 344.7646
699.2474 339.7268
703.5460 339.8614
706.0746 340.7042
709.5822 339.1368
711.7412 334.5854
717.0999 334.6032
719.0725 332.3940
720.9090 332.4620
723.5559 333.8609
726.1671 333.4735
731.8202 332.9702
733.6210 335.1940
736.0669 336.5426
738.2259 337.2525
738.9002 334.3868
740.7545 333.3754
744.3788 330.9311
746.6545 331.0154
748.0446 331.5289
748.2372 334.4085
749.8904 335.9257
749.9938 340.9233
749.9938 340.9233
751.0615 345.2080
751.0615 345.2080
752.4163 345.8350
753.7942 344.6382
754.3553 342.8686
756.1480 343.9504
756.6057 345.4736
755.4413 347.4580
755.5104 349.8714
756.2914 350.9896
758.5362 354.4374
759.6313 356.0467
761.8228 355.5410
764.1828 357.2267
767.3857 360.7667
770.2756 365.0198
770.6097 370.2915
771.1154 375.5172
770.9310 381.0510
769.9354 384.0695
770.3016 385.3102
772.1832 387.1351
769.7965 396.5692

IN
50
646.0579 305.5565
646.1260 308.5373
646.6317 313.2573
648.9917 316.2916
650.8460 320.3374
653.5432 324.7202
653.0374 330.7888
651.1832 333.6545
650.8460 337.0260
651.6889 342.7574
651.1832 350.0060
649.8346 366.6947
648.4860 382.7090
647.4740 394.9301
650.6764 394.0026
652.1935 392.9912
653.3735 393.3283
655.5650 395.3512
658.5155 397.0373
663.8261 397.2062
686.7519 399.5663
692.5660 400.1222
694.1334 383.4838
698.5665 345.0672
699.1906 339.0489
698.8032 336.6888
700.0836 334.8167
700.1842 333.3855
697.5551 331.7176
693.8643 330.1000
690.5253 329.5262
689.9013 324.4511
685.1310 320.9971
682.2150 316.8152
682.5521 314.3368
681.9460 312.7370
678.4773 312.7370
676.8240 314.4227
674.2240 313.1066
671.4264 311.5392
671.5950 308.3541
670.3501 308.0851
669.8623 309.1467
667.6027 310.7142
664.2135 309.3153
662.5958 306.1805
661.0965 307.0234
659.5794 308.6913
654.9242 308.1856
649.0922 307.1741

IL
82
646.0286 305.1695
646.0612 308.5373
646.6529 313.3819
649.0851 316.4224
651.0316 320.6724
653.3601 324.8386
652.9727 330.3155
650.8817 334.0095
650.7812 337.4993
651.5058 342.9941
650.6451 350.4794
649.5331 366.9313
648.1846 382.5907
647.2229 394.7275
646.9387 395.6883
646.0958 398.3855
644.7473 402.2626
643.0615 404.1169
641.5444 406.8141
641.3008 412.5377
593.5465 409.8284
593.7849 407.3550
596.1689 406.6398
597.1224 405.4478
597.5992 403.5406
601.6520 399.9647
602.3672 397.5807
601.6520 394.0048
599.7448 390.1904
599.0296 387.5681
596.6456 385.6609
594.7385 384.9457
589.2553 383.5153
588.5401 381.6081
587.8250 379.4626
588.5401 378.0322
590.4473 376.3634
590.2089 372.0723
588.3017 370.4035
587.5866 368.7347
587.5866 365.8739
585.6794 365.3971
584.0106 364.2052
583.7722 362.7748
584.0106 360.6292
582.2226 359.2584
581.1498 356.3381
581.6266 352.5237
584.0106 344.8950
591.6393 337.0279
597.3608 333.2136
597.1224 328.6840
598.0760 327.2536
604.7511 326.7768
607.6119 325.3465
606.8967 321.5321
604.5127 315.3338
603.7975 311.9962
606.1815 307.9435
612.8566 302.4604
617.6246 301.7452
619.7701 296.5004
621.9157 293.1629
620.9621 290.0637
622.6309 285.7726
624.5381 283.6270
626.0126 284.5453
626.9590 286.7088
629.2667 288.5307
631.4893 289.1714
634.2031 287.9412
637.9852 286.5066
639.2250 286.8176
639.4334 289.1726
638.0910 291.6875
638.4083 294.1659
640.3253 295.5709
643.4770 296.4158
644.7918 296.8940
644.1530 298.3401
643.3278 300.7952
644.8217 301.8181

CT
15
911.4372 431.8427
907.6026 447.3576
902.6820 446.3979
880.5457 441.4521
881.5886 438.0885
883.1058 430.5027
883.2901 421.1525
882.0179 418.8846
884.0208 416.8696
888.4750 420.9423
892.1836 424.3137
894.2064 426.5051
895.0493 425.8309
897.9150 427.3480
903.3093 428.5280

WI
88
641.3617 412.5457
641.2921 415.8381
640.0626 420.5581
639.3883 426.9639
638.2083 429.4925
639.2197 432.6953
640.0626 435.7296
641.5798 438.4268
640.9055 441.9668
640.2312 445.6753
640.7369 447.5296
642.7598 450.0582
642.9283 452.9240
642.0855 454.2725
642.7598 456.9697
642.2879 461.3187
645.1536 467.2187
648.1879 474.2987
648.3565 476.6587
648.0193 477.6702
647.1765 477.1645
642.7936 470.5901
639.9279 466.3758
637.9050 464.5216
637.0622 462.1616
635.0236 461.3187
633.8436 459.2958
632.3265 459.6330
632.1579 461.4873
633.5065 464.0158
635.6979 468.9044
637.5522 470.5901
638.5854 473.0488
635.9155 475.0314
633.8562 485.8416
630.1571 487.2410
628.1276 489.6480
615.4794 492.4860
612.4805 493.5413
603.9163 495.8013
595.6598 497.0096
591.7337 502.3596
590.9512 501.7819
589.7021 501.9505
589.0278 503.1305
587.6367 502.8212
586.4567 502.6527
584.6025 501.6412
583.5910 502.3155
584.2653 504.3384
586.2882 507.5413
587.4682 508.7213
585.4453 510.2384
583.2539 509.3955
580.2196 507.3727
572.4653 504.0012
569.4310 503.3270
566.3967 503.8327
565.3730 504.7485
563.1658 501.7921
562.9274 498.9313
562.9274 490.1106
561.7354 488.4418
556.2523 484.3891
553.8683 478.1908
554.3451 477.9524
556.9675 475.8068
557.6826 472.4693
555.7755 469.1317
555.7755 465.0790
556.2523 458.1655
559.3514 455.0663
562.9274 455.0663
564.8346 451.7287
568.4105 451.2519
572.4633 445.2920
579.8536 441.0009
581.9991 438.1401
582.9527 430.3922
583.6679 426.9355
586.0519 425.2667
586.2903 423.8363
584.1447 420.2603
584.3831 416.9228
587.0055 412.8700
589.6278 411.6781
592.7270 411.2013
594.1267 409.7621

NC
79
870.6794 311.4541
872.8535 306.3265
876.5621 299.5836
879.0907 297.0550
879.7650 294.6950
877.2364 294.5265
878.0792 293.8522
877.7421 289.4693
875.0450 288.1207
874.3707 285.9293
873.0221 282.8950
869.1449 281.2093
866.6164 281.5464
865.0992 281.7150
863.4135 283.0636
863.7506 281.7150
863.7506 280.7036
865.7735 280.7036
866.6164 279.3550
864.5935 272.7807
868.9764 272.7807
869.6507 271.0950
872.0107 273.4550
873.3592 273.9607
871.3364 270.2521
868.1335 265.1949
866.7849 265.1949
865.6049 265.7007
862.7392 265.0264
857.3449 262.4978
850.6020 256.9349
847.0620 252.0463
845.0392 245.3035
844.5334 242.7749
839.6448 242.2692
833.9586 240.8754
823.5869 249.4286
810.4383 257.3515
807.4040 258.1943
794.2554 256.6772
789.7961 255.8950
788.1104 259.2664
785.0130 261.4736
767.8187 260.9679
760.2329 260.1250
750.7929 255.4050
744.3871 252.7079
722.3042 250.0107
722.8257 254.2384
724.6799 255.7555
727.5457 256.4298
728.2200 260.3070
732.6028 263.1727
736.6486 264.6898
741.0315 268.3984
745.5829 270.5899
746.2572 273.7927
750.3029 277.8385
750.9772 278.0070
750.9772 278.0070
750.9772 276.8270
751.8201 276.8270
752.6629 276.8270
753.8429 276.4899
753.8429 276.4899
756.2030 280.1985
758.3944 280.8728
760.7544 280.5356
762.4401 284.2442
765.4744 286.9414
765.9801 289.1328
766.1757 292.9370
770.6350 292.9604
778.1413 293.8528
794.5722 296.2015
810.3554 298.3773
832.9211 303.2984
853.7587 307.7391
865.4135 310.2477

NC
15
875.1324 276.8278
877.8296 279.4407
881.1167 282.1379
882.7182 282.8122
882.8867 284.9193
882.2125 291.3251
880.6953 293.7694
880.0210 295.7079
880.7796 295.9608
883.6453 290.2293
884.0668 285.5936
883.8982 282.0536
880.3582 280.4521
877.4081 277.9236
876.2281 276.6593

DC
5
840.2705 356.7843
838.3328 358.6865
837.0475 359.4021
838.5522 361.5110
841.5648 359.4792

MA
7
938.0850 437.6914
940.3497 438.4066
940.8266 440.1946
941.8993 440.0754
942.9721 437.6914
941.6609 437.2146
937.6082 437.0954

MA
6
928.3107 436.8570
930.6947 439.5986
932.3634 439.5986
934.2706 438.0490
931.7675 436.9762
929.5027 435.9034

MA
47
892.0238 459.7853
910.4251 464.6243
912.7851 465.2986
914.7811 468.2139
918.6776 469.9483
921.6903 465.3468
919.1618 459.9525
918.8246 458.4353
920.8475 455.7382
922.0275 456.5810
923.8818 456.5810
926.2418 453.8839
930.2875 447.6467
933.9961 447.1410
936.3561 448.1525
938.2104 450.0067
937.3675 452.8725
935.1761 454.5582
933.6589 453.7153
932.6475 455.0639
933.1532 455.5696
935.3447 455.7382
937.1990 454.8953
939.2218 452.3667
940.2333 449.3325
940.5704 446.8039
936.1875 445.2867
932.1418 443.2639
928.0961 438.5438
926.0732 437.0267
926.0732 438.0381
928.6018 439.5553
929.1075 441.4096
928.2647 444.6124
925.2304 443.0953
924.3875 441.5781
924.8932 439.2181
922.7385 438.1749
919.8739 442.8956
916.3339 447.4471
914.1748 449.3370
907.3623 447.3806
902.0522 446.2849
880.4931 441.4964
879.7968 446.4681
880.4711 457.5095
884.9438 458.4367

TN
47
726.4629 286.4921
672.3512 281.2663
655.9179 279.4120
651.0991 278.8774
647.0654 278.9063
646.8349 274.6302
638.2996 274.3549
631.0510 273.6806
622.6143 273.8097
621.1401 266.4345
619.3713 260.7201
615.9373 257.8517
614.5309 253.2833
614.1938 250.5862
609.9795 248.2262
611.4966 244.5176
610.4852 239.9661
609.4754 239.1427
722.2581 249.9952
722.6786 254.1193
724.5667 255.6734
727.5220 256.4549
728.2227 260.3308
732.4965 263.1514
736.7165 264.7093
740.9746 268.4322
745.6004 270.5443
746.1439 273.7428
750.3823 277.8981
750.9566 278.0172
750.9566 278.0172
750.9892 276.8372
751.8321 276.8372
752.6749 276.8372
753.8550 276.4675
753.8550 276.4675
756.2150 280.2086
758.3738 280.8829
760.7462 280.5751
762.4128 284.2590
765.4944 287.0159
765.9341 289.0379
766.2563 292.9078
764.0180 293.1161
761.3051 291.0010
754.0128 290.9707
734.8686 288.4818

AR
39
619.2125 260.6330
615.0625 259.8857
609.7317 260.5468
610.1704 262.2174
613.2776 264.8938
614.2613 268.7063
612.3541 271.8055
530.5840 269.1831
532.2527 262.0312
532.2527 253.4489
533.6831 242.0058
533.9215 202.5512
536.3055 200.5248
539.4047 201.9552
542.2654 200.7632
542.9748 193.9089
600.9741 195.0983
602.1687 197.2780
601.8698 200.9793
599.9661 204.0784
601.6332 205.6271
599.9661 208.2460
600.6796 210.8631
602.1065 216.7082
604.7323 218.8590
604.0171 221.2413
607.8315 226.8427
610.6923 228.2696
610.5739 229.8270
610.2137 231.7307
613.1928 237.5688
615.6986 238.8791
616.0991 242.4533
617.9455 243.7481
614.6676 244.2531
613.2688 248.4350
616.1927 250.9133
616.7665 253.0188
618.1007 257.2384

MO
59
582.3151 359.6317
579.6875 362.8510
578.4955 365.2350
511.3869 362.7318
509.0029 362.6126
510.3140 359.9902
510.0757 357.6063
512.6980 353.5535
515.9164 349.2624
519.1347 346.4016
521.3884 346.1632
522.9491 345.2096
522.9491 342.1104
521.0419 340.4417
520.5651 338.0577
522.7107 334.4817
525.3331 331.3826
527.9554 329.4754
529.3858 317.3172
529.7134 279.7028
529.9518 274.8157
530.4285 269.2020
553.8206 270.1059
578.0188 270.8211
599.7129 271.6563
611.8659 271.8965
614.1280 268.3240
613.4146 264.8751
610.1954 262.3693
609.5985 260.4534
615.2069 259.9766
619.2684 260.6918
621.0590 266.4203
621.7383 272.5275
623.9260 275.1919
626.6330 276.7423
626.6867 279.9230
627.7461 281.9423
625.9794 284.5948
624.5916 283.5684
622.5138 285.8909
621.1738 290.8534
622.0091 293.4792
619.9818 297.0534
618.0729 301.8249
613.0683 302.6584
605.8016 308.4965
604.0093 312.7859
604.8428 316.1234
606.9901 322.4401
607.4686 325.4262
605.4362 326.5016
598.2877 327.3333
597.2158 329.1187
597.0992 333.5299
591.3777 337.1076
584.1040 345.2114
581.7200 352.8401
581.4799 357.2460

GA
70
701.0347 247.5998
701.0347 245.3241
701.2033 243.1326
701.8776 239.5926
705.4176 231.3326
707.9462 221.0497
709.4633 214.6439
711.1490 209.5868
712.6662 202.3382
714.8576 195.7638
717.5548 192.2238
718.0605 188.6838
720.0834 187.8410
720.2519 185.6495
718.3976 180.5924
717.8919 177.2209
717.7234 175.1980
719.4091 170.6466
719.7462 165.0837
718.9034 162.5551
719.5777 161.7123
721.0948 160.8694
721.3083 157.5137
723.6367 154.0210
725.9834 151.7665
734.2434 151.5979
745.5258 152.2722
767.9579 153.6208
773.6364 154.3240
778.4093 154.2951
778.5779 151.2608
781.2751 150.4179
781.6122 154.9694
779.9265 159.6894
781.1065 161.3751
787.1751 160.5323
792.3653 160.2009
791.5567 166.7690
793.9167 177.2204
795.4339 181.6033
794.9282 184.3005
798.4051 190.8117
797.8730 192.2212
795.8778 191.4865
793.1806 192.8351
792.5064 195.0265
791.1578 198.7351
788.7978 200.9265
786.1006 201.6008
784.4149 206.6580
781.3648 213.2638
776.9820 215.2867
774.7905 217.3096
773.4419 220.0067
771.2505 222.0296
768.8905 223.3782
766.5305 226.4125
763.3276 228.7725
758.6076 230.6268
758.1019 232.1439
755.5733 235.1782
755.0676 236.6954
751.5275 241.8783
747.8572 241.7749
743.9418 244.2318
742.4628 245.5804
742.1257 247.4347
743.0337 249.4575
745.3556 250.6151
744.6945 252.8020

SC
53
797.6468 192.7374
795.7938 191.7264
793.0966 193.0750
792.4223 195.2664
791.0738 198.9750
788.7137 201.1665
786.0166 201.8407
784.3309 206.8979
781.4651 213.1351
777.0823 215.1579
774.8908 217.1808
773.5422 219.8780
771.3508 221.9008
768.9908 223.2494
766.6308 226.2837
763.4279 228.6437
758.7079 230.4980
758.2022 232.0152
755.6736 235.0494
755.1679 236.5666
751.6279 241.9609
748.0878 241.7923
743.8735 244.3209
742.5250 245.6695
742.1878 247.5238
743.0307 249.5467
745.3907 250.5581
744.8580 252.9450
750.8727 255.3815
760.3779 260.1667
768.4851 261.0096
785.2884 261.4501
788.0394 259.4924
789.7903 255.9906
794.2766 256.6267
807.4252 258.1438
810.4595 257.3010
823.6082 249.3781
834.1484 240.9092
828.4955 235.2175
825.7983 228.8117
825.2926 222.2374
823.6069 221.3946
822.4269 218.5289
819.8983 217.8546
817.7069 214.1460
814.8411 211.2803
812.4811 207.7403
810.7954 206.8974
807.0868 203.3574
804.0525 203.1888
805.0640 199.8174
799.8382 194.0859

KY
88
757.0327 310.4581
754.6414 307.9537
750.9102 303.7889
745.7751 298.0906
744.5074 296.3015
744.4422 294.1101
739.8751 291.8535
733.9751 288.3134
726.4340 286.4377
672.3486 281.3294
655.9153 279.4751
651.0965 278.9405
647.0628 278.9694
646.8261 274.5687
638.2970 274.4179
631.0484 273.7436
622.7195 273.8064
623.9789 275.1830
626.5853 276.7897
626.8237 280.1272
627.7773 282.0344
626.1018 284.6819
626.9379 286.6702
629.2979 288.5245
631.4893 289.1988
634.3550 287.8502
638.0636 286.5016
639.2436 286.8388
639.4122 289.1988
638.0636 291.7274
638.4008 294.0874
640.4236 295.6045
643.1208 296.2788
644.8065 296.9531
643.9637 298.8074
643.2894 300.8303
644.8604 301.8686
644.8638 301.9073
646.1680 305.5415
646.1516 305.6828
649.3354 307.2247
654.8826 308.2362
659.5688 308.7419
661.0208 307.0449
662.6144 306.1368
664.2732 309.3779
667.5965 310.7154
669.8959 309.1679
670.3240 308.1262
671.5477 308.4014
671.3791 311.4806
674.6438 313.3046
676.8837 314.4240
678.4785 312.6922
681.9385 312.7382
682.5509 314.3767
682.1677 316.7367
684.8794 320.9061
689.8602 324.4910
690.5963 329.5336
693.6464 330.0090
697.5999 331.7250
700.1477 333.5063
699.9409 335.1382
698.7496 336.6553
699.3396 339.7782
703.7034 339.9008
706.1016 340.6785
709.5921 339.1883
711.7341 334.6368
717.0858 334.6255
719.2245 332.3229
720.9090 332.4769
723.6219 333.8098
729.0829 333.2119
731.7679 332.9851
733.5276 335.1292
736.2575 336.6161
738.2197 337.3534
738.8940 334.3955
741.0248 333.2919
743.7805 331.1204
743.9030 325.2046
744.7459 323.5650
747.4463 321.9421
748.2509 319.5495
752.5887 315.9657
754.4712 312.1875

AL
47
658.2966 138.2526
656.7423 153.1864
653.8766 172.7408
654.0451 187.4066
654.8880 219.7724
654.7194 237.1354
654.8916 243.8289
701.2779 247.6031
701.1238 245.3273
701.2923 243.1359
701.9666 239.5959
705.5067 231.3358
708.0352 221.0529
709.5524 214.6472
711.2381 209.5900
712.7553 202.3414
714.9467 195.7671
717.6438 192.2271
718.1496 188.6871
720.1724 187.8442
720.3410 185.6528
718.4867 180.5956
717.9810 177.2242
717.8124 175.2013
719.4982 170.6498
719.8353 165.0870
718.9924 162.5584
719.6667 161.7155
721.1839 160.8727
721.5260 157.8603
715.6891 158.2290
708.6090 157.5547
681.9746 154.5204
671.1179 153.0535
670.8871 150.0531
672.7414 148.1988
675.4385 146.1759
676.0442 137.9012
670.2652 135.2183
667.3995 135.5555
670.2652 137.5784
670.2652 138.5898
667.0624 144.8269
664.7024 145.5012
663.1852 140.9498
661.8366 138.0841
661.1624 138.2526

LA
111
633.9594 139.5607
630.5344 142.8622
631.5874 148.5976
630.8978 149.5289
621.2402 148.4793
595.1418 148.0008
594.4284 150.4978
595.3802 159.3150
598.8379 165.5151
604.0843 174.5777
603.4857 177.0782
604.7960 177.7882
605.2746 179.8241
602.8906 181.9679
602.7740 183.9934
600.8651 188.5247
600.7118 195.1343
542.8663 194.1709
542.8961 184.1880
543.6113 174.4137
544.3265 170.3610
546.9489 166.0698
547.9025 160.8251
552.4320 155.1036
552.6704 151.7660
553.3856 151.0508
552.6704 142.2301
549.5712 136.9854
551.2400 134.8398
550.5248 132.2175
549.8096 124.5888
548.3792 121.2512
548.5069 117.4801
553.3938 119.0653
566.0250 118.8494
576.8136 115.1408
583.5565 113.9608
587.4336 115.4780
590.8051 114.2980
594.1765 113.2865
595.0194 115.4780
591.6479 116.6580
588.9508 116.1523
586.0851 117.8380
586.0851 117.8380
586.2536 119.1866
586.9279 119.3551
587.6022 119.5237
590.1308 120.3666
590.1308 120.3666
591.9851 118.8494
593.8394 119.8609
597.2108 119.1866
598.7280 116.6580
599.0651 114.2980
603.7851 113.9608
605.6394 112.1065
604.7965 110.4208
603.4480 109.5780
605.1337 107.8923
613.8994 104.1837
617.6080 105.5322
618.6194 108.0608
621.3166 108.7351
623.1709 110.2523
624.5195 109.2408
625.3623 106.2065
623.0023 105.3637
623.6766 104.6894
627.2166 106.0380
629.5766 109.5780
630.4195 110.0837
628.2280 110.4208
629.0709 112.1065
628.9023 113.6237
631.0938 114.1294
632.2738 115.4780
632.9481 114.6351
632.9481 114.6351
632.7795 111.4323
633.6223 111.4323
634.4652 111.4323
638.0052 110.7580
638.0052 110.7580
642.2195 108.7351
643.2309 107.2180
646.2652 107.2180
647.4452 106.2065
649.8052 109.4094
649.8052 110.9265
648.4567 110.9265
644.9167 113.7923
638.8481 114.6351
635.4766 116.9951
636.6566 119.8609
639.0166 119.5237
639.1852 120.1980
637.3309 121.2094
637.3309 121.7152
640.7024 121.7152
642.5567 124.9180
641.2081 126.9409
640.8709 129.8066
639.3538 129.6380
637.3309 127.4466
636.6566 124.7494
633.4538 125.4237
632.4423 127.2780
634.2966 129.3009
636.2813 132.8938
635.1749 135.4092

MS
50
658.5598 139.3696
658.2946 138.0597
652.9003 138.0597
651.3832 138.9026
649.1918 139.2397
642.1117 137.2169
640.2574 138.0597
637.5603 133.6769
636.4106 132.8656
635.2387 135.4599
634.0467 139.5127
630.4708 142.8502
631.6628 148.6318
630.9476 149.5854
629.0404 149.3470
620.7840 148.4363
595.1881 148.0470
594.3854 150.3675
595.2961 159.1024
598.5462 165.0177
603.9967 174.5536
603.5319 177.0902
604.8217 177.7745
605.2762 179.7760
602.8596 181.9439
602.7396 184.1769
600.8254 188.4742
600.7117 194.6919
602.0960 197.2790
601.8632 200.8407
600.0180 204.0551
601.6097 205.6007
599.9719 208.2071
600.4487 209.9299
602.0936 216.7353
604.6858 218.8587
604.0167 221.3269
607.8311 226.8561
610.7840 228.2706
610.5536 230.0173
610.2531 231.7703
613.2522 237.5760
615.6982 238.8602
615.8563 239.7914
654.7963 243.8385
654.9891 237.2865
655.1576 219.9236
654.3148 187.5577
654.1462 172.8919
657.0119 153.3375

IA
54
593.5261 410.2353
593.8018 407.3300
596.1206 406.7281
597.1153 405.4504
597.6367 403.5157
601.5917 400.0135
602.3069 397.5197
601.6037 393.9488
599.9538 390.5787
599.1202 387.7197
596.8546 386.0491
595.0657 385.4523
589.2482 383.5125
587.7973 379.4993
588.5570 378.0689
590.4762 376.3144
590.1812 372.1055
588.3427 370.5019
587.5383 368.7885
587.6710 365.8935
585.7040 365.4167
584.0091 364.2646
583.7184 362.8541
584.0091 360.6488
582.3917 359.4850
579.8156 362.7522
578.4990 365.3069
509.9528 362.6845
508.9955 362.5120
506.8554 367.2210
506.6170 374.1345
504.9482 378.4257
504.2330 383.9088
501.8491 387.7231
500.8955 392.7295
498.0347 400.5966
496.8427 406.1989
495.4123 408.4637
493.7436 411.3244
495.7811 416.3753
497.2115 422.3353
494.3507 424.4809
493.8739 427.3416
494.8275 429.9640
496.6155 429.9640
582.8032 431.2877
583.6731 426.9258
586.0216 425.2981
586.2893 423.8141
584.1730 420.2799
584.3715 416.9374
586.9939 412.9768
589.6287 411.6279
592.8396 411.1033

MN
90
495.5556 484.0204
495.0788 492.8411
493.1716 500.4698
491.2644 514.5352
490.7876 524.7863
488.8805 528.3623
487.2117 533.6070
487.2117 544.3349
487.9269 548.3876
486.0281 554.0724
517.4488 554.0356
517.7859 562.6327
518.4602 562.8013
520.8202 562.2956
522.8431 561.4527
523.6859 555.7213
525.2031 549.3156
526.8888 547.6298
531.9459 547.6298
532.2831 546.1127
538.8574 545.7755
538.8574 543.5841
543.9145 543.5841
544.2517 544.9327
545.4317 546.1127
547.7917 546.7870
549.1403 545.7755
552.1746 545.7755
556.2203 543.0784
561.7832 540.5498
564.3118 540.0441
564.8175 541.0555
566.3346 541.5613
566.8403 538.5270
569.5375 537.1784
570.0432 537.6841
571.3918 537.5155
571.3918 535.3241
574.0889 534.3127
577.2918 534.3127
578.9775 535.1555
582.3489 538.5270
585.0461 539.0327
585.8890 537.1784
586.3947 535.8298
587.4061 535.8298
588.4175 536.6727
597.6890 537.0098
599.5433 533.8069
600.2176 533.8069
600.9617 534.9376
605.5914 535.3241
604.9531 532.9472
600.8460 531.0315
591.2050 526.7968
586.2261 524.7041
583.0232 522.0069
580.4947 518.2983
578.1347 514.2526
576.2804 513.4097
571.5603 508.1840
570.2118 508.0154
565.6990 505.1404
563.1308 501.7983
562.8924 498.4705
562.9908 490.0833
561.5559 488.3223
556.2571 484.4016
553.9317 478.1634
556.9262 475.8342
557.6352 472.4693
555.7006 469.0919
555.8787 465.1836
556.2633 458.1655
559.4211 455.0351
562.8924 455.0351
564.8643 451.7686
568.3880 451.2438
572.4121 445.3299
579.8024 441.0371
582.0372 438.0391
582.7370 431.3243
498.0535 430.1305
497.7012 467.3327
497.2244 470.4318
492.9332 474.0078
491.7412 475.9149
491.7412 477.5837
493.8868 479.2525
495.3172 480.6829

OK
62
396.6039 283.8150
379.2064 285.1427
378.2886 273.7220
399.6289 272.5157
433.0549 271.1564
430.6205 245.6937
430.1437 227.0988
430.3821 225.4300
434.9116 221.6156
437.0572 220.4237
437.7724 220.6621
438.4876 222.8076
439.9180 220.9004
442.0636 220.9004
442.0636 222.3308
444.9243 220.9004
444.4475 216.8477
448.7387 216.6093
451.3610 215.4173
455.6522 214.7021
458.2745 212.7950
460.6585 214.9405
464.2345 214.2253
466.8568 210.6494
467.8104 210.6494
467.8104 208.2654
470.1944 207.5502
472.5784 209.9342
474.4855 209.2190
477.1079 209.2190
478.0615 206.5966
484.6319 204.4288
486.0623 205.1440
487.9695 209.4351
489.1615 209.4351
490.3535 207.2895
494.6446 206.5743
498.4590 205.1440
501.5581 204.1904
503.4653 205.1440
504.1805 207.7663
508.7100 207.7663
510.8556 206.8127
513.7164 208.9583
514.9084 208.9583
515.6236 207.2895
519.9147 207.2895
521.5835 209.4351
523.4907 208.9583
525.6362 206.3359
528.9738 204.4288
532.3113 203.4752
534.3354 202.3084
533.9297 241.1166
532.4993 252.5597
532.3320 261.8114
530.8305 268.6286
530.0190 276.1152
529.9480 280.0946
517.2923 279.7622
468.8981 280.2390
421.9336 282.3846

TX
168
376.9179 273.6459
400.5787 272.5135
433.0007 271.3215
430.5663 246.8629
430.2569 227.9333
430.3279 225.7625
434.8575 221.7808
436.9291 220.2718
438.1639 220.8554
438.5532 222.7509
439.7423 220.8701
441.9442 220.8243
441.9414 222.3333
443.6828 221.3247
444.8701 220.8983
444.4955 216.7610
448.7585 216.6635
451.8089 215.4152
455.9327 214.8673
458.4159 212.6995
460.6308 214.8644
464.5150 214.2232
466.8308 210.8604
467.9518 210.5257
467.7844 208.4764
470.0927 207.6502
472.5225 209.7929
474.7467 209.1517
477.0714 209.1147
478.0443 206.5751
484.6430 204.3703
486.3041 205.1700
487.8573 209.5263
488.2125 209.5263
489.1578 209.4412
490.4394 207.2841
494.5373 206.5904
498.0169 205.4195
501.5890 204.1724
503.5083 205.1891
504.2526 207.8114
508.8962 207.7653
510.7823 206.7948
513.7012 208.9913
514.8520 208.9453
515.7394 207.2716
519.9675 207.2716
521.5513 209.3869
523.4985 208.9623
525.5277 206.4562
529.1988 204.3247
532.1798 203.4803
533.7581 202.6462
536.3094 200.5635
539.4826 201.9481
542.2887 200.7605
542.8766 194.3935
542.8352 184.2765
543.5504 174.3349
544.2826 170.5757
547.0723 165.9669
548.0088 160.8045
552.4050 155.0297
552.6094 151.7503
553.3877 150.9309
552.6264 142.1925
549.6315 136.9720
551.2301 134.7271
550.5730 132.2890
549.8748 124.5682
548.3062 121.0874
548.6137 117.4354
542.7066 115.7824
532.4237 111.0624
531.4123 109.0395
528.7152 107.0167
526.5237 105.4995
525.1751 104.6567
519.2751  99.0938
516.4094  96.9023
510.8465  93.5309
504.9465  91.0023
498.3722  87.4623
496.5179  85.9452
490.4493  82.2366
486.9093  81.5623
482.8636  75.8309
478.6493  75.4937
477.6379  73.4709
479.9979  71.4480
478.4807  65.7165
477.1321  60.9965
475.9521  56.9508
475.1093  52.2308
475.9521  49.7022
477.8064  42.4536
478.8179  36.0479
480.6722  33.1822
479.6607  31.6650
476.4579  29.6422
470.5578  33.6879
464.8264  34.8679
463.4778  34.3622
460.1064  35.0365
455.7235  38.2393
450.3292  39.4193
442.4063  42.9593
440.2149  47.0051
438.8663  53.7479
435.4949  55.7708
434.8206  58.1308
435.4949  58.8051
435.8320  62.3451
434.4835  63.0194
433.8092  64.0308
435.1577  68.5823
433.4720  70.9423
430.1006  72.2909
426.5606  76.8423
422.8520  83.7537
418.4691  86.4509
418.6377  88.4738
413.0748 101.2852
412.2320 105.6681
410.3777 107.6909
410.2091 109.2081
403.9719 114.7710
401.2748 117.9738
401.2748 119.1538
398.5776 121.3453
391.4976 122.5253
383.7433 123.1996
380.5404 125.5596
375.8204 123.7053
372.1118 122.1881
369.7518 118.8167
368.7404 114.9395
364.1890 108.5338
361.6604 106.0052
358.9632 107.0167
357.1089 108.1967
355.0861 108.8710
351.0404 111.2310
351.0404 111.9053
349.1861 113.9281
343.7918 116.1196
336.0375 124.2110
333.6774 129.0996
333.6774 137.5282
330.3060 144.2711
329.8003 147.1368
328.1146 148.1482
326.9346 150.3396
321.7088 152.5311
320.3603 154.2168
312.9431 162.4768
311.5945 165.8483
306.7059 168.2083
305.1888 172.7598
302.4916 175.7940
300.4688 176.2997
299.7918 181.1774
308.1357 180.4621
338.4121 177.6014
368.6885 175.9326
371.0175 196.2265
375.0702 254.1566
376.7390 273.7055

TX
17
481.4325  34.1942
480.8425  41.6114
477.9768  49.1128
477.3868  56.4457
478.9882  65.0429
482.4440  72.2073
486.0683  77.8545
489.3555  81.5631
490.0297  81.3102
485.0569  74.3987
480.5054  67.5715
478.3982  60.6601
478.0611  55.2657
478.9882  48.8600
481.6854  41.3585
482.1911  35.9642
482.3597  34.4470

NM
14
300.4719 176.2115
299.6633 181.1626
308.6767 180.6148
340.1384 177.5429
368.5723 175.7808
370.8823 195.2880
374.9046 253.5529
376.7165 273.7710
378.3554 273.6370
379.2161 285.2776
270.7652 296.3683
252.5198 170.7846
268.6414 168.7104
269.9900 179.1618

KS
20
529.5939 280.1040
516.4362 279.8908
468.3767 280.3676
421.9142 282.5132
396.2315 283.8244
400.2918 351.1809
423.3194 350.4769
465.3310 349.5995
511.5262 348.5697
516.8397 348.5697
519.1175 346.3149
521.2214 346.3372
522.9318 345.2814
522.8667 342.1435
520.9595 340.3444
520.6130 338.0168
522.5349 334.4690
525.6135 331.1374
528.0403 329.4539
529.3967 317.7325

NE
36
506.8799 367.3612
510.2487 360.0412
510.1145 357.6402
513.7217 351.9115
516.5572 348.6244
511.2918 348.6244
465.9503 349.6032
423.4197 350.5315
400.2161 351.3489
401.3347 373.5886
367.6348 376.6337
372.1643 422.5251
388.3753 421.4523
409.3542 420.2603
427.9492 419.0684
452.7425 417.8764
463.9471 418.3532
466.0927 415.9692
471.0991 412.8700
472.2910 411.9164
476.8206 413.3468
480.8733 413.8236
483.7341 414.0620
485.6413 412.6316
489.8722 410.9629
492.9713 409.2941
493.4481 407.6253
494.4017 405.4797
496.3089 405.4797
497.1410 405.4316
498.0734 400.5496
501.1185 391.7197
501.7155 387.8023
504.3469 383.8667
504.9409 378.5339
506.6168 374.1123

SD
36
496.8163 405.6052
496.7669 406.2109
493.7474 411.2635
495.6871 416.1770
497.2437 422.3152
494.3429 424.4839
493.9412 427.3446
494.7675 430.0082
498.0923 429.9923
497.9640 435.2125
497.6164 466.6768
496.9723 470.6054
492.7259 474.0787
491.7012 475.8274
491.6361 477.5050
493.7446 479.0998
495.3424 480.8367
495.5978 483.6070
434.8501 485.2758
377.7080 488.8724
372.1551 422.4582
387.3691 421.5158
408.1719 420.2586
426.6735 419.2903
451.4668 417.9310
463.9618 418.3738
466.0121 416.0326
471.4289 412.6402
472.2254 411.8865
476.9610 413.4015
483.7812 414.0427
485.5281 412.6493
489.9124 410.9849
492.9833 409.2791
493.3994 407.7319
494.4833 405.3952

ND
16
495.6259 483.9224
494.9847 492.7166
493.2361 499.8239
491.2637 513.4050
490.7870 524.8617
488.9731 528.0704
487.1414 533.4869
487.1740 544.3777
487.8240 548.3652
485.9115 554.0668
456.0447 554.6549
436.6589 555.3292
409.0131 556.6778
385.0858 558.9029
377.7936 488.8540
435.0743 485.3674

WY
4
375.7838 468.9511
264.4777 482.9835
249.7921 390.7436
367.8991 376.5773

MT
46
384.9943 558.9477
353.0086 561.8756
322.4970 565.5842
291.9855 569.7985
258.2711 575.3614
239.0539 578.9014
204.9313 586.1305
200.2607 563.8703
203.8367 556.0032
202.4063 551.2353
204.3135 546.4673
207.6511 545.0369
212.4694 533.8071
215.2797 530.4947
215.7565 529.3027
219.3325 528.1108
219.8093 525.9652
212.4190 507.6086
212.4190 504.9863
215.0414 501.6487
215.9949 501.6487
221.0013 504.7479
221.7165 505.9399
223.3852 505.2247
223.1468 499.7415
226.0076 486.6297
229.1068 484.0073
230.0603 483.2921
231.9675 480.9082
231.4907 477.3322
232.2059 473.7563
233.3979 472.8027
235.7819 475.1867
238.6426 475.1867
241.9802 473.5179
244.6026 474.4715
248.8937 474.4715
252.7081 472.8027
255.5688 473.2795
256.0456 476.3786
259.1448 477.0938
260.5752 475.6634
261.0519 472.3259
262.5388 471.4556
264.5064 482.9621
375.8158 468.9590

CO
4
396.2799 283.6657
401.3928 373.6813
283.1565 386.8658
270.4205 295.1670

ID
60
154.8267 434.3233
163.9726 471.0498
165.4029 475.4602
168.0253 481.6585
166.7141 484.0424
164.0917 483.9232
163.2574 484.9960
163.7342 486.1880
164.0917 489.4064
168.7405 495.1279
170.6477 495.6047
171.8396 496.7967
172.4356 500.1342
173.3892 500.8494
177.4420 506.9285
181.4947 511.4581
181.7331 515.3916
178.1572 518.1332
176.5560 522.7223
190.7634 588.7721
204.8589 586.1359
200.2623 563.8387
203.9749 556.0333
202.3262 551.1732
204.3803 546.3335
207.6527 545.0247
211.6520 535.0595
215.3148 530.4327
215.8438 529.2407
219.3276 528.0487
219.7122 525.8620
212.4431 507.7430
212.2709 505.0674
215.0145 501.6036
215.9583 501.6546
221.0795 504.8096
221.7859 505.9514
223.4150 505.2643
223.1247 499.6817
225.9810 486.5611
230.0664 483.2473
231.8194 480.9893
231.0722 476.7308
232.1840 473.8034
233.2910 472.6654
235.8763 475.1174
238.8462 475.0664
241.8903 473.6741
244.7891 474.3852
248.7456 474.5526
252.8946 472.8838
255.7554 473.1932
256.2734 476.3604
259.3313 477.1579
260.6454 475.5772
261.1052 472.5063
262.5904 471.2413
253.8459 415.3407
253.8459 415.3407
162.1191 432.7553

UT
9
270.5927 294.9895
183.2631 307.3693
204.7309 424.7221
253.5112 415.6031
251.9629 404.5182
249.5525 390.7824
257.6940 389.8143
274.8019 387.9324
283.3639 387.0401

AZ
45
151.1066 219.3649
148.3672 217.1143
148.0301 215.5971
148.5358 214.5857
168.2587 203.4599
180.9016 195.5371
196.2417 186.6027
213.7731 176.1513
226.5846 173.6227
252.6025 170.8021
270.5958 295.0222
183.2803 307.4490
180.0557 290.3348
178.3807 290.3189
176.5927 287.5773
173.9704 287.6965
172.6592 290.5573
169.7984 290.9149
168.8448 292.1069
167.8913 292.1069
166.9377 291.5109
164.9113 290.4381
164.7921 283.1670
164.5537 281.3790
163.9577 268.2672
162.4081 266.0024
161.8121 262.5457
164.6729 257.4201
165.9841 251.3410
166.8185 250.2682
167.8913 249.6722
167.7721 247.2883
166.1033 245.8579
162.5273 244.0699
160.5010 242.0435
158.9514 238.2292
158.3554 233.1036
155.3754 230.2429
153.2299 229.5277
153.3713 228.6623
152.8945 226.8744
153.3713 226.0400
157.1857 225.4440
156.5897 222.5832
155.0401 220.3185

NV
17
204.7891 424.8430
180.1395 290.5128
178.2290 290.1487
176.5890 287.6396
174.1146 287.6285
172.5797 290.4892
169.8493 290.8838
169.0454 292.0388
167.9632 292.0952
165.0660 290.3806
164.7425 283.3050
164.3650 277.2808
164.0015 268.3207
162.4925 266.1422
159.9493 267.2621
 87.9161 375.9182
107.7170 446.3926

OR
50
155.0801 435.3164
164.3082 471.6058
165.4039 476.0162
167.8589 481.8798
167.2171 483.0924
164.5947 483.1406
163.2583 484.8827
163.7351 486.4093
164.2600 489.7950
168.9088 495.5166
170.8160 496.6627
172.0079 497.8547
173.5575 501.5728
177.7776 507.4845
181.4957 511.5121
181.7341 515.1109
178.3255 517.6852
176.4658 522.5263
163.2606 526.2927
147.5264 529.9878
131.4346 529.8686
130.9579 531.2990
125.2363 529.1534
120.5876 529.7494
118.0844 531.4182
116.7732 530.7030
111.8861 530.9414
110.0981 532.3718
104.6150 534.5174
103.7806 534.3982
 99.2511 535.9477
 97.2247 534.0406
 90.7880 534.3982
 84.5897 538.6893
 85.3048 539.5237
 85.5432 547.6292
 83.1593 551.6819
 78.8681 552.2779
 78.1529 554.9003
 75.6984 555.3868
 69.6519 553.2400
 67.2919 546.4971
 63.9205 536.0457
 60.5491 529.3028
 55.3233 514.6370
 48.5805 500.4770
 40.1519 487.3284
 38.1290 484.2941
 37.2861 475.3598
 37.6887 462.7631

WA
74
106.4372 610.4153
110.9886 608.8981
121.1029 606.0324
130.0372 604.0095
150.9401 598.1095
174.8774 592.2095
190.7513 588.8652
176.5361 522.5609
163.5591 526.2369
147.3881 529.9603
131.5077 529.9256
131.0326 531.3278
125.1940 529.0553
120.4021 529.8236
118.1634 531.4754
116.7940 530.7893
111.8559 530.9355
110.0849 532.3428
104.5969 534.5454
103.8305 534.3922
 99.2537 535.9819
 97.2795 534.0868
 90.7457 534.3983
 84.5666 538.7004
 85.3789 539.6730
 85.5053 547.6787
 83.1257 551.6826
 78.8346 552.3156
 78.1282 554.9335
 75.7554 555.4100
 72.0485 554.1268
 69.6885 557.4837
 70.0256 560.5180
 72.8913 560.8551
 74.5771 565.0694
 71.8799 566.2494
 72.0485 570.1266
 76.5999 570.8009
 73.7342 573.6666
 72.2171 581.0837
 72.8913 584.1180
 72.8913 592.3781
 71.0371 595.7495
 73.3971 605.5267
 75.5885 605.0210
 78.1171 601.9867
 80.9828 599.2895
 84.3542 597.2666
 89.0742 595.0752
 92.2771 594.4009
 95.3114 592.8838
 98.8514 591.8723
101.2114 592.0409
101.2114 594.5695
102.5600 595.7495
104.7514 597.0981
105.0886 595.9181
105.4257 594.0638
103.0657 593.5581
102.7286 591.3666
104.5829 589.8495
105.7629 587.3209
106.4372 585.2980
107.9543 585.4666
108.1229 586.8152
107.1114 588.1638
106.6057 591.5352
107.4486 593.3895
106.7743 594.9066
106.7743 597.2666
108.6286 600.9752
107.4486 603.6724
104.9200 608.7295
105.2572 609.5724

WA
20
 96.5762 604.1807
 98.6833 604.3492
 99.1890 602.9164
100.7905 604.6021
103.2348 604.6021
104.0776 603.0007
102.4762 601.2307
103.1505 600.3878
102.3919 598.2806
100.9591 597.8592
100.9591 597.8592
100.0319 597.7749
100.0319 598.1121
100.0319 598.4492
101.5491 600.8092
101.5491 600.8092
 99.7791 601.3992
 99.4419 599.8821
 98.6833 599.2078
 97.0819 601.5678

CA
98
150.8805 219.8143
154.9891 220.3238
156.5386 222.4212
157.1065 225.4880
153.4031 226.1034
152.8669 226.8002
153.3649 228.9194
153.1988 229.5342
155.2035 230.1803
158.3764 233.1341
158.9828 238.3428
160.4217 241.8903
162.4481 244.1492
166.1174 245.8068
167.8425 247.4803
167.9142 249.6793
166.8784 250.2841
165.8115 251.4027
164.6069 257.5012
161.8069 262.5377
162.3969 266.1926
159.8739 267.2659
 87.8600 375.8982
107.5702 446.3899
 37.6225 462.7590
 36.0512 457.8234
 35.8826 450.0691
 30.4883 437.7633
 27.2854 435.0662
 26.9483 433.8862
 25.0940 433.0433
 23.5768 428.6604
 22.7340 425.2890
 25.5997 420.9061
 27.2854 416.5233
 28.4654 412.8147
 28.1283 406.0718
 26.2740 402.8689
 25.5997 396.8003
 24.5883 392.9232
 26.4426 388.8775
 29.3083 384.1575
 31.6683 379.1003
 33.0169 374.8860
 32.6797 371.5146
 32.3426 371.0088
 32.3426 368.8174
 38.2426 362.2431
 37.7369 359.7145
 37.0626 357.3545
 36.3883 355.3317
 36.5569 346.7345
 38.7483 342.8573
 40.7712 340.1602
 43.6369 339.6545
 44.6483 336.7887
 43.4683 333.0802
 41.2769 331.3944
 40.0969 331.3944
 39.2540 327.3487
 39.7598 324.3144
 43.1312 319.7630
 44.8169 314.2001
 46.3341 309.3115
 47.6826 306.1087
 51.2226 300.0401
 52.7398 297.3429
 53.2455 294.3086
 54.9312 293.2972
 54.9312 290.7686
 54.0884 288.7457
 52.2341 281.3286
 51.7284 279.3057
 54.2569 276.4400
 58.6398 275.9343
 63.3598 274.0800
 67.4055 271.8886
 70.4398 271.8886
 73.4741 268.6857
 76.1713 263.6285
 77.3513 261.2685
 81.3970 259.0771
 86.4542 258.2342
 87.9713 256.0428
 88.6456 252.6714
 87.1285 251.9971
 87.4656 250.9856
 90.8370 250.1428
 93.7028 249.9742
 96.9977 251.7332
101.0435 247.3503
101.8863 244.9903
104.5835 240.6074
104.9206 237.2360
104.9206 227.4588
105.4264 225.6045
115.8778 224.0874
136.4436 221.2217

CA
6
 58.9773 265.3999
 60.3259 263.7985
 60.1573 262.4499
 56.7858 262.5342
 56.1958 263.7985
 55.5216 265.3157

CA
7
 61.0002 265.3999
 62.2645 266.0742
 65.9730 263.8828
 69.1759 262.6185
 68.2488 261.9442
 63.5287 262.1971
 61.8430 263.8828

CA
8
 82.5774 244.7498
 84.4317 242.3055
 85.2746 241.2941
 86.8760 240.7041
 87.4660 242.2212
 86.4546 244.0755
 83.6732 246.1827
 82.5774 246.0141

CA
11
 81.0603 235.7312
 82.9146 232.4440
 84.1789 230.4211
 82.6617 230.1683
 81.3131 231.4326
 81.3131 231.4326
 80.5546 232.9497
 80.5546 233.3712
 80.5546 233.7926
 80.5546 235.6469
 80.5546 235.6469

