1000 539

Hickman
8
 75.6931  76.7900
116.0451  77.7776
119.0078  33.3613
117.5898  33.2473
116.6148  33.1967
106.7516  44.7186
101.4338  46.7191
 70.6791  54.1513

Fulton
7
 70.6791  54.1513
101.4338  46.7191
106.7516  44.7186
116.6148  33.1967
 50.1296  28.3980
 40.9374  27.0938
 51.0413  49.7451

Fulton
31
 25.0727  25.8404
 22.1732  29.9933
 21.9959  30.1706
 20.5779  33.1967
 20.5272  33.3106
 20.4006  33.9943
 20.2740  34.5134
 20.4006  35.0832
 20.5779  35.8302
 20.7425  36.4506
 20.9577  36.7419
 22.4517  38.7424
 23.2621  39.2488
 25.6551  39.5780
 29.3016  39.0083
 31.3021  38.4385
 31.6439  38.2106
 31.9225  37.9827
 32.0998  37.8687
 32.9354  36.5646
 33.0114  36.4000
 33.8091  34.5134
 34.2142  32.7408
 34.2142  32.6775
 34.2649  32.3990
 34.2649  31.7026
 34.1509  31.2595
 33.7457  29.6515
 33.5811  29.0310
 33.3786  28.6259
 32.0998  26.2202

Bell
13
797.5214 175.9163
800.9653 169.1804
809.6257 132.0951
783.3279 117.9903
750.6234 111.7102
755.4094 128.7145
764.0952 144.0222
776.2248 156.4684
781.6059 161.5329
789.5447 170.3706
790.3423 173.8019
789.7093 175.0553
786.7971 177.3471

Knox
21
748.5596 188.8057
750.1676 188.9829
761.3476 187.5522
765.5133 186.3620
767.1719 184.8806
768.9445 182.8295
769.2231 181.6773
773.0468 180.0819
778.5799 178.3093
783.9483 177.3471
786.7971 177.3471
789.7093 175.0553
790.3423 173.8019
789.5447 170.3706
781.6059 161.5329
776.2248 156.4684
764.0952 144.0222
755.4094 128.7145
744.1661 133.9184
727.8455 152.8599
722.2618 169.1298

Whitley
12
696.0526 164.1539
722.2618 169.1298
727.8455 152.8599
744.1661 133.9184
755.4094 128.7145
750.6234 111.7102
743.2671 110.9758
712.3352 107.4306
704.0547 115.1414
700.2816 119.7629
692.7607 135.9695
692.4821 138.2612

Laurel
11
708.9040 227.7902
735.2018 219.6363
733.5558 206.7849
737.4302 202.5053
744.1661 198.3397
747.7619 192.9839
748.5596 188.8057
722.2618 169.1298
696.0526 164.1539
687.9620 165.3694
692.9886 197.8839

Clay
22
753.4089 238.2359
763.9179 237.7674
783.2139 228.2460
788.3418 227.7902
791.2413 224.4856
797.5214 175.9163
786.7971 177.3471
783.9483 177.3471
778.5799 178.3093
773.0468 180.0819
769.2231 181.6773
768.9445 182.8295
767.1719 184.8806
765.5133 186.3620
761.3476 187.5522
750.1676 188.9829
748.5596 188.8057
747.7619 192.9839
744.1661 198.3397
737.4302 202.5053
733.5558 206.7849
735.2018 219.6363

Leslie
10
791.2413 224.4856
800.8387 237.3749
811.6768 231.0949
825.7817 222.2572
830.6816 217.9649
835.8728 208.8994
837.8860 202.1128
837.7087 194.9844
800.9653 169.1804
797.5214 175.9163

Harlan
11
837.7087 194.9844
845.8627 192.8193
849.7371 187.9573
868.9698 198.3397
878.9090 192.8700
878.3899 180.4998
875.7057 175.8024
849.8511 154.4552
822.7429 139.1095
809.6257 132.0951
800.9653 169.1804

Letcher
27
889.5826 243.7689
895.3942 238.6917
899.0534 238.8563
902.6239 241.7684
903.3836 241.7684
907.5999 239.0969
912.6897 234.5261
878.9090 192.8700
868.9698 198.3397
849.7371 187.9573
845.8627 192.8193
847.4201 191.5532
847.8759 191.6165
853.7001 196.2379
854.1306 196.8583
854.4725 198.6942
854.3079 206.6076
851.0032 212.9510
851.2185 214.0905
853.4469 219.8642
857.0934 226.7013
859.4104 225.0933
862.1833 225.0553
867.2099 229.0437
869.7675 231.6140
872.1732 234.7034
881.0108 240.8568

Knott
20
860.1195 275.3845
872.8569 273.4980
882.2263 268.3068
883.4039 266.4709
884.0369 261.1151
883.7584 256.6709
886.0881 249.8338
886.7718 249.1374
889.6333 247.4787
892.0896 246.3899
889.5826 243.7689
881.0108 240.8568
872.1732 234.7034
869.7675 231.6140
867.2099 229.0437
862.1833 225.0553
859.4104 225.0933
857.0934 226.7013
836.5692 258.6715
856.8148 277.6636

Perry
24
836.5692 258.6715
857.0934 226.7013
853.4469 219.8642
851.2185 214.0905
851.0032 212.9510
854.3079 206.6076
854.4725 198.6942
854.1306 196.8583
853.7001 196.2379
847.8759 191.6165
847.4201 191.5532
845.8627 192.8193
837.7087 194.9844
837.8860 202.1128
835.8728 208.8994
830.6816 217.9649
825.7817 222.2572
811.6768 231.0949
800.8387 237.3749
791.2413 224.4856
788.3418 227.7902
784.0116 239.8945
799.0154 245.1997
826.7439 258.8867

Owsley
14
776.3514 267.3319
784.0116 239.8945
788.3418 227.7902
783.2139 228.2460
763.9179 237.7674
753.4089 238.2359
737.0377 264.2045
740.0638 261.9254
743.0265 260.7099
745.5968 260.2035
755.7513 262.6598
763.2848 266.5975
764.8169 268.8259
770.8817 269.2184

Jackson
12
709.8663 268.7626
733.9610 267.9523
737.0377 264.2045
753.4089 238.2359
735.2018 219.6363
708.9040 227.7902
706.9035 235.6150
703.3836 244.1108
699.5472 249.4793
697.0909 253.8728
696.4705 258.0384
696.8630 259.9123

Estill
8
705.2448 315.7365
715.5259 314.5970
721.0210 309.2159
729.7447 303.3410
739.9372 302.6573
753.6368 299.2387
733.9610 267.9523
709.8663 268.7626

Lee
13
755.4727 299.5172
780.7450 289.8819
776.3514 267.3319
770.8817 269.2184
764.8169 268.8259
763.2848 266.5975
755.7513 262.6598
745.5968 260.2035
743.0265 260.7099
740.0638 261.9254
737.0377 264.2045
733.9610 267.9523
753.6368 299.2387

Breathitt
17
780.7450 289.8819
785.1005 287.5015
789.0255 289.6540
789.9372 290.9075
791.5831 294.3260
791.9250 296.4278
791.7731 297.4661
792.1023 299.0108
792.7860 300.1503
796.1666 302.1382
814.8675 299.6312
856.8148 277.6636
836.5692 258.6715
826.7439 258.8867
799.0154 245.1997
784.0116 239.8945
776.3514 267.3319

Floyd
28
891.0007 318.5220
901.6237 314.1412
898.1924 312.9890
896.0273 311.6722
895.4575 310.8239
897.9265 287.3116
901.6870 283.6018
903.8521 278.5119
903.9534 274.9287
901.4464 264.5970
895.4575 250.2769
893.2924 247.3648
892.0896 246.3899
889.6333 247.4787
886.7718 249.1374
886.0881 249.8338
883.7584 256.6709
884.0369 261.1151
883.4039 266.4709
882.2263 268.3068
872.8569 273.4980
860.1195 275.3845
852.9911 312.6092
857.1567 312.5332
871.9959 320.1680
876.0476 321.6494
879.8713 321.5481
890.6082 318.8766

Johnson
17
890.8868 344.9338
891.0007 318.5220
890.6082 318.8766
879.8713 321.5481
876.0476 321.6494
871.9959 320.1680
857.1567 312.5332
852.9911 312.6092
841.6464 334.7413
841.2919 352.1381
842.3808 355.6833
842.9506 356.8229
845.1410 358.6968
845.6348 358.7474
861.1071 355.5061
874.3889 348.7702
881.9858 346.0860

Magoffin
11
841.6464 334.7413
852.9911 312.6092
860.1195 275.3845
856.8148 277.6636
814.8675 299.6312
812.2466 306.4177
809.9042 315.5086
824.8067 338.0333
825.1613 338.3878
830.2258 338.3878
836.1514 337.1850

Wolfe
18
779.3902 326.8026
781.1501 324.0678
788.1772 320.8644
801.6363 316.3063
812.2466 306.4177
814.8675 299.6312
796.1666 302.1382
792.7860 300.1503
792.1023 299.0108
791.7731 297.4661
791.9250 296.4278
791.5831 294.3260
789.9372 290.9075
789.0255 289.6540
785.1005 287.5015
780.7450 289.8819
755.4727 299.5172
762.8923 318.5854

Powell
9
718.0962 330.3478
743.4191 331.4874
762.8923 318.5854
755.4727 299.5172
753.6368 299.2387
739.9372 302.6573
729.7447 303.3410
721.0210 309.2159
715.5259 314.5970

Clark
6
699.8890 358.5322
718.0962 330.3478
715.5259 314.5970
705.2448 315.7365
671.8566 318.0156
674.7941 347.4661

Montgomery
10
711.1957 372.7889
717.9822 366.2936
724.5915 365.2681
726.0222 364.0146
733.3912 357.2154
741.8364 346.9849
742.9253 344.7819
743.4191 331.4874
718.0962 330.3478
699.8890 358.5322

Menifee
6
774.8067 357.5572
783.4418 355.9113
779.3902 326.8026
762.8923 318.5854
743.4191 331.4874
742.9253 344.7819

Morgan
15
836.1134 358.5828
841.2919 352.1381
841.6464 334.7413
836.1514 337.1850
830.2258 338.3878
825.1613 338.3878
824.8067 338.0333
809.9042 315.5086
812.2466 306.4177
801.6363 316.3063
788.1772 320.8644
781.1501 324.0678
779.3902 326.8026
783.4418 355.9113
803.2317 372.1052

Elliott
10
844.6092 387.6281
836.1134 358.5828
803.2317 372.1052
803.9154 384.9439
810.6513 398.2511
813.7407 397.6180
823.4900 392.1989
828.6811 388.4385
838.4938 386.4380
842.4948 386.5013

Rowan
12
788.9116 404.0627
803.9154 384.9439
803.2317 372.1052
783.4418 355.9113
774.8067 357.5572
754.5991 377.5876
761.2337 383.0067
763.3988 385.3617
768.8685 393.6803
767.6784 396.6431
768.9445 403.8474
773.5026 412.3432

Bath
18
725.4018 391.9583
726.3641 393.0725
726.9339 393.1105
739.2661 392.4901
740.6335 391.7431
743.7609 389.3501
748.0025 381.1961
753.5355 374.6755
754.3839 375.9923
754.5991 377.5876
774.8067 357.5572
742.9253 344.7819
741.8364 346.9849
733.3912 357.2154
726.0222 364.0146
724.5915 365.2681
717.9822 366.2936
711.1957 372.7889

Nicholas
5
705.8779 413.0903
725.4018 391.9583
711.1957 372.7889
680.2512 398.6436
690.0131 414.4704

Fleming
21
746.5844 432.6648
773.5026 412.3432
768.9445 403.8474
767.6784 396.6431
768.8685 393.6803
763.3988 385.3617
761.2337 383.0067
754.5991 377.5876
754.3839 375.9923
753.5355 374.6755
748.0025 381.1961
743.7609 389.3501
740.6335 391.7431
739.2661 392.4901
726.9339 393.1105
726.3641 393.0725
725.4018 391.9583
705.8779 413.0903
711.0184 422.5483
720.7171 417.8256
737.0377 427.8661

Robertson
5
701.2058 438.1472
711.0184 422.5483
705.8779 413.0903
690.0131 414.4704
680.6057 428.9424

Bracken
6
708.5621 468.0409
701.2058 438.1472
680.6057 428.9424
674.5535 432.8927
666.3869 472.7129
689.8359 466.0404

Mason
12
743.5330 450.6947
746.5844 432.6648
737.0377 427.8661
720.7171 417.8256
711.0184 422.5483
701.2058 438.1472
708.5621 468.0409
712.8923 467.4711
714.4370 466.9013
715.2347 466.2556
726.3641 454.7337
736.2400 449.8337

Lewis
23
818.9318 475.5744
806.8275 437.1090
801.1172 416.6101
802.4973 409.9376
801.9782 408.7474
796.8883 405.8353
788.9116 404.0627
773.5026 412.3432
746.5844 432.6648
743.5330 450.6947
744.2167 456.4557
745.1917 458.0510
746.5084 458.9626
756.4350 463.3055
757.9924 463.6474
759.0686 463.5334
759.2458 463.5334
764.3611 462.2799
777.9594 459.0133
778.3013 458.8487
782.5682 456.8482
782.8721 456.7469
790.1018 451.3278

Boyd
5
880.7196 433.7411
883.4039 405.0882
859.5624 401.1505
853.6242 421.9279
869.7042 446.1239

Greenup
33
849.3446 454.0500
869.7042 446.1239
853.6242 421.9279
841.1147 424.3843
822.1225 432.8294
816.8680 434.6527
806.8275 437.1090
818.9318 475.5744
818.9318 475.6377
821.1982 476.6633
831.7579 481.4493
835.2018 482.9560
835.3537 482.9940
835.9994 482.9940
837.3036 482.4243
837.8860 481.7912
838.0506 481.5000
838.3925 480.9935
838.6077 480.6010
838.6710 480.3731
838.7217 480.1452
838.9622 479.1703
839.0635 478.0181
839.0635 477.8535
839.1268 477.7775
839.0002 475.8023
840.2030 470.6618
843.7482 459.9882
844.0395 459.3551
844.8878 457.5445
845.9134 456.3417
846.0400 456.1645
848.7748 454.3412

Carter
19
806.8275 437.1090
816.8680 434.6527
822.1225 432.8294
841.1147 424.3843
853.6242 421.9279
859.5624 401.1505
844.6092 387.6281
842.4948 386.5013
838.4938 386.4380
828.6811 388.4385
823.4900 392.1989
813.7407 397.6180
810.6513 398.2511
803.9154 384.9439
788.9116 404.0627
796.8883 405.8353
801.9782 408.7474
802.4973 409.9376
801.1172 416.6101

Lawrence
26
859.5624 401.1505
883.4039 405.0882
880.2132 391.1227
880.2132 391.0720
880.7196 389.6413
881.8718 386.7798
881.8718 386.6532
884.1635 384.6147
886.6072 384.0829
886.9491 383.9817
907.0301 364.8122
907.2073 364.5843
907.2580 364.4577
907.2580 363.5461
903.9534 357.8358
890.8868 344.9338
881.9858 346.0860
874.3889 348.7702
861.1071 355.5061
845.6348 358.7474
845.1410 358.6968
842.9506 356.8229
842.3808 355.6833
841.2919 352.1381
836.1134 358.5828
844.6092 387.6281

Martin
6
917.1846 345.6302
930.4284 327.7142
901.6237 314.1412
891.0007 318.5220
890.8868 344.9338
903.9534 357.8358

Pike
32
901.6237 314.1412
930.4284 327.7142
930.3778 327.6003
930.6183 326.8026
935.3917 319.4463
961.3730 301.9736
961.4109 301.9736
970.6791 298.6056
975.7437 299.7578
980.7196 301.2392
943.2165 256.1645
938.4178 249.9730
919.1344 239.0969
914.1205 235.5010
912.6897 234.5261
907.5999 239.0969
903.3836 241.7684
902.6239 241.7684
899.0534 238.8563
895.3942 238.6917
889.5826 243.7689
892.0896 246.3899
893.2924 247.3648
895.4575 250.2769
901.4464 264.5970
903.9534 274.9287
903.8521 278.5119
901.6870 283.6018
897.9265 287.3116
895.4575 310.8239
896.0273 311.6722
898.1924 312.9890

Harrison
7
680.6057 428.9424
690.0131 414.4704
680.2512 398.6436
650.6867 380.3225
632.0364 412.8624
641.2160 422.2698
674.5535 432.8927

Bourbon
6
650.6867 380.3225
680.2512 398.6436
711.1957 372.7889
699.8890 358.5322
674.7941 347.4661
657.3213 368.6233

Madison
7
671.8566 318.0156
705.2448 315.7365
709.8663 268.7626
696.8630 259.9123
677.6302 260.2035
650.3575 295.1364
660.2841 309.1652

Rockcastle
11
696.8630 259.9123
696.4705 258.0384
697.0909 253.8728
699.5472 249.4793
703.3836 244.1108
706.9035 235.6150
708.9040 227.7902
692.9886 197.8839
661.9934 223.3967
666.0450 249.9730
677.6302 260.2035

McCreary
12
687.9620 165.3694
696.0526 164.1539
692.4821 138.2612
692.7607 135.9695
700.2816 119.7629
704.0547 115.1414
712.3352 107.4306
707.8784 106.9242
640.8741 100.6441
651.2691 123.6499
659.4864 136.5899
661.4743 146.8710

Lincoln
10
636.1387 270.9910
666.0450 249.9730
661.9934 223.3967
635.9108 205.3035
636.5439 215.5846
633.2899 225.2199
623.3000 229.0437
615.6019 234.1842
613.6014 240.6289
613.7280 253.9867

Garrard
13
625.1866 299.6945
627.5796 301.9736
629.4662 302.6193
638.7723 297.3015
639.2788 293.4777
643.3304 288.4511
645.2803 287.7168
645.6221 287.9320
650.3575 295.1364
677.6302 260.2035
666.0450 249.9730
636.1387 270.9910
623.5786 282.5256

Jessamine
12
628.6558 331.2974
660.2841 309.1652
650.3575 295.1364
645.6221 287.9320
645.2803 287.7168
643.3304 288.4511
639.2788 293.4777
638.7723 297.3015
629.4662 302.6193
627.5796 301.9736
625.1866 299.6945
625.1359 307.3926

Fayette
6
657.3213 368.6233
674.7941 347.4661
671.8566 318.0156
660.2841 309.1652
628.6558 331.2974
630.8969 350.2643

Woodford
6
616.6781 361.6722
630.8969 350.2643
628.6558 331.2974
625.1359 307.3926
612.0567 323.7765
600.5348 346.7191

Scott
7
632.0364 412.8624
650.6867 380.3225
657.3213 368.6233
630.8969 350.2643
616.6781 361.6722
611.7022 387.0584
629.5295 409.1906

Franklin
6
595.2296 385.8682
611.7022 387.0584
616.6781 361.6722
600.5348 346.7191
580.1499 346.3772
579.5295 380.5504

Anderson
11
580.1499 346.3772
600.5348 346.7191
612.0567 323.7765
601.9655 317.7244
586.7212 307.7345
585.1385 306.8862
584.2142 306.9875
583.8090 307.4560
568.1722 306.6583
564.8675 318.5220
572.0086 330.1073

Mercer
10
612.0567 323.7765
625.1359 307.3926
625.1866 299.6945
623.5786 282.5256
588.5444 272.7636
583.8090 307.4560
584.2142 306.9875
585.1385 306.8862
586.7212 307.7345
601.9655 317.7244

Boyle
6
623.5786 282.5256
636.1387 270.9910
613.7280 253.9867
589.2281 250.6694
588.7723 264.8882
588.5444 272.7636

Casey
12
589.2281 250.6694
613.7280 253.9867
613.6014 240.6289
615.6019 234.1842
623.3000 229.0437
633.2899 225.2199
636.5439 215.5846
635.9108 205.3035
615.1461 182.6522
595.5715 191.8951
577.5923 210.4567
587.3542 228.7145

Pulaski
7
635.9108 205.3035
661.9934 223.3967
692.9886 197.8839
687.9620 165.3694
661.4743 146.8710
625.8703 164.2298
615.1461 182.6522

Wayne
16
661.4743 146.8710
659.4864 136.5899
651.2691 123.6499
640.8741 100.6441
639.9118 100.5935
616.0577  99.5046
613.3102 100.0743
611.8288 100.8720
611.2084 102.1888
607.8531 111.8875
607.4986 113.4322
607.3973 115.9391
607.7391 118.1042
602.5353 132.0951
599.0407 138.1346
625.8703 164.2298

Russell
18
595.5715 191.8951
615.1461 182.6522
625.8703 164.2298
599.0407 138.1346
592.6594 132.1584
581.9858 138.4258
577.2504 140.4137
576.5667 139.9705
576.6806 139.1602
579.6561 135.1718
577.9215 134.4881
576.8452 134.7160
575.9969 135.2225
571.1349 141.4013
576.1742 146.4658
578.2380 158.5828
582.6189 165.1288
590.7222 181.2215

Clinton
18
579.6561 135.1718
576.6806 139.1602
576.5667 139.9705
577.2504 140.4137
581.9858 138.4258
592.6594 132.1584
599.0407 138.1346
602.5353 132.0951
607.7391 118.1042
607.3973 115.9391
607.4986 113.4322
607.8531 111.8875
611.2084 102.1888
611.8288 100.8720
613.3102 100.0743
616.0577  99.5046
575.9969  96.9850
573.4900  96.5418

Cumberland
10
576.1742 146.4658
571.1349 141.4013
575.9969 135.2225
576.8452 134.7160
577.9215 134.4881
579.6561 135.1718
573.4900  96.5418
555.4474  93.2752
531.2008 123.7006
547.6353 145.4403

Adair
9
577.5923 210.4567
595.5715 191.8951
590.7222 181.2215
582.6189 165.1288
578.2380 158.5828
576.1742 146.4658
547.6353 145.4403
534.9106 172.3205
555.7260 188.4132

Taylor
13
536.2147 231.4240
536.4553 231.8672
538.9496 232.9308
550.9526 234.0576
579.5295 234.3615
587.3542 228.7145
577.5923 210.4567
555.7260 188.4132
543.7483 205.4301
536.5186 214.5970
521.5528 224.4223
521.1603 225.8530
521.0970 230.5251

Marion
13
539.5826 275.7770
544.4320 269.1678
550.0283 263.9766
559.8536 261.5076
588.7723 264.8882
589.2281 250.6694
587.3542 228.7145
579.5295 234.3615
550.9526 234.0576
538.9496 232.9308
536.4553 231.8672
536.2147 231.4240
527.4910 245.1997

Washington
8
583.8090 307.4560
588.5444 272.7636
588.7723 264.8882
559.8536 261.5076
550.0283 263.9766
544.4320 269.1678
539.5826 275.7770
568.1722 306.6583

Spencer
5
529.1496 343.6423
572.0086 330.1073
564.8675 318.5220
523.7179 317.1040
529.0357 338.7803

Shelby
12
543.0645 380.0439
579.5295 380.5504
580.1499 346.3772
572.0086 330.1073
529.1496 343.6423
521.0970 365.5339
522.5150 367.3952
523.6672 368.1675
525.8323 369.0285
530.6310 370.4592
535.3664 370.1174
538.7343 371.5988

Henry
6
553.3456 418.9652
564.9308 422.1558
595.2296 385.8682
579.5295 380.5504
543.0645 380.0439
536.6832 401.6317

Owen
9
581.3021 434.8173
598.8255 446.5291
602.2441 430.0819
623.1987 411.4190
625.6424 410.3427
629.5295 409.1906
611.7022 387.0584
595.2296 385.8682
564.9308 422.1558

Grant
10
618.5647 462.5078
629.3522 462.1027
641.2160 422.2698
632.0364 412.8624
629.5295 409.1906
625.6424 410.3427
623.1987 411.4190
602.2441 430.0819
598.8255 446.5291
613.5507 457.7598

Pendleton
6
666.3869 472.7129
674.5535 432.8927
641.2160 422.2698
629.3522 462.1027
643.2798 466.2050
665.1841 480.1959

Campbell
4
651.3198 502.9105
665.1841 480.1959
643.2798 466.2050
626.5540 512.0394

Kenton
5
626.5540 512.0394
643.2798 466.2050
629.3522 462.1027
618.5647 462.5078
612.2846 506.8355

Boone
7
612.2846 506.8355
618.5647 462.5078
613.5507 457.7598
595.5715 468.6739
593.8495 475.8023
581.2514 495.8834
587.0630 509.0006

Gallatin
5
595.5715 468.6739
613.5507 457.7598
598.8255 446.5291
581.3021 434.8173
567.9443 449.9983

Carroll
6
547.1795 435.7922
567.9443 449.9983
581.3021 434.8173
564.9308 422.1558
553.3456 418.9652
529.5421 441.9077

Trimble
5
529.5421 441.9077
553.3456 418.9652
536.6832 401.6317
521.0970 405.0882
520.7044 415.3820

Oldham
11
536.6832 401.6317
543.0645 380.0439
538.7343 371.5988
535.3664 370.1174
530.6310 370.4592
525.8323 369.0285
523.6672 368.1675
522.5150 367.3952
521.0970 365.5339
497.8126 378.7272
521.0970 405.0882

Jefferson
12
497.8126 378.7272
521.0970 365.5339
529.1496 343.6423
529.0357 338.7803
513.6140 329.7148
493.6596 329.7148
474.1230 320.2946
470.2993 317.4585
466.5388 312.1280
465.0575 313.3309
468.1975 342.0343
480.0739 361.6089

Bullitt
14
529.0357 338.7803
523.7179 317.1040
513.3355 299.6312
514.5383 298.5550
514.3611 298.2131
507.0681 289.3121
503.0038 286.3873
497.4707 284.2096
495.3056 284.3362
466.5388 312.1280
470.2993 317.4585
474.1230 320.2946
493.6596 329.7148
513.6140 329.7148

Nelson
23
564.8675 318.5220
568.1722 306.6583
539.5826 275.7770
527.4910 245.1997
523.0848 239.8439
522.5910 239.4894
516.0830 241.7684
515.7285 244.8578
515.9564 249.9351
516.1843 252.4547
518.8685 255.5314
515.9564 267.0027
514.7662 267.8383
505.8653 271.7254
504.0420 272.0672
495.3056 284.3362
497.4707 284.2096
503.0038 286.3873
507.0681 289.3121
514.3611 298.2131
514.5383 298.5550
513.3355 299.6312
523.7179 317.1040

Larue
19
504.0420 272.0672
505.8653 271.7254
514.7662 267.8383
515.9564 267.0027
518.8685 255.5314
516.1843 252.4547
515.9564 249.9351
515.7285 244.8578
516.0830 241.7684
522.5910 239.4894
523.0848 239.8439
527.4910 245.1997
536.2147 231.4240
521.0970 230.5251
512.5378 221.6874
482.0111 221.3582
482.4036 238.6917
491.0261 250.5555
496.3818 257.2914

Green
9
512.5378 221.6874
521.0970 230.5251
521.1603 225.8530
521.5528 224.4223
536.5186 214.5970
543.7483 205.4301
555.7260 188.4132
534.9106 172.3205
513.0443 181.9685

Metcalfe
10
513.0443 181.9685
534.9106 172.3205
547.6353 145.4403
531.2008 123.7006
512.3099 125.5238
507.9797 152.3407
505.7513 162.3306
503.4089 168.9525
502.2188 173.5233
505.8653 179.2210

Monroe
6
512.3099 125.5238
531.2008 123.7006
555.4474  93.2752
509.8536  88.8943
485.4297  87.4002
483.7204 102.8092

Simpson
7
399.0914 120.6238
403.5989 112.3433
427.5543 110.9758
427.4024 105.8480
428.7698  85.1845
409.2459  80.3858
383.2140  80.3858

Allen
9
455.5740 134.8426
483.7204 102.8092
485.4297  87.4002
455.7007  86.1468
428.7698  85.1845
427.4024 105.8480
440.1777 119.3071
444.0521 125.4732
451.4844 134.0830

Barren
10
505.8653 179.2210
502.2188 173.5233
503.4089 168.9525
505.7513 162.3306
507.9797 152.3407
512.3099 125.5238
483.7204 102.8092
455.5740 134.8426
460.2588 156.3544
465.8045 174.4856

Hart
7
482.0111 221.3582
512.5378 221.6874
513.0443 181.9685
505.8653 179.2210
465.8045 174.4856
449.9397 200.6821
462.0947 220.8771

Hardin
19
465.0575 313.3309
466.5388 312.1280
495.3056 284.3362
504.0420 272.0672
496.3818 257.2914
491.0261 250.5555
482.4036 238.6917
482.0111 221.3582
462.0947 220.8771
460.0435 228.9297
451.8769 238.6917
449.4206 238.9070
447.1922 237.6661
443.7103 236.2860
430.4791 241.3253
442.8620 276.5874
460.8918 281.7153
463.8673 291.5785
458.8913 311.2291

Meade
20
396.2932 312.7104
422.0339 329.2463
421.6414 324.6375
421.6414 324.3463
421.6920 323.2068
421.7427 322.4597
421.8566 322.1685
422.7683 318.9779
423.5153 317.8383
423.8065 317.3825
424.4269 316.9900
430.1879 313.1789
435.7336 311.0012
436.6452 310.8872
455.0802 309.9756
458.8913 311.2291
463.8673 291.5785
460.8918 281.7153
442.8620 276.5874
395.5462 312.6092

Hancock
12
335.3537 287.6028
355.2195 300.7707
377.9215 277.2205
376.6553 276.0050
375.8577 268.8259
385.1765 246.9723
382.9987 247.8079
358.1823 257.9751
358.1063 266.8761
352.6366 274.4729
344.8118 282.5762
334.8220 282.4116

Breckinridge
26
377.9215 277.2205
378.8964 277.1571
380.5930 277.7269
384.1382 280.4744
392.4695 299.4666
391.5072 309.2159
391.7224 311.0012
392.2416 311.7355
392.9253 312.1280
395.5462 312.6092
442.8620 276.5874
430.4791 241.3253
429.0610 240.2871
418.3747 234.4121
405.5994 239.2615
405.4727 239.8945
403.9407 241.4772
400.4588 243.1359
399.9017 243.0726
396.9769 241.4772
394.2421 238.3372
390.4183 232.5256
382.9987 247.8079
385.1765 246.9723
375.8577 268.8259
376.6553 276.0050

Grayson
20
390.4183 232.5256
394.2421 238.3372
396.9769 241.4772
399.9017 243.0726
400.4588 243.1359
403.9407 241.4772
405.4727 239.8945
405.5994 239.2615
418.3747 234.4121
429.0610 240.2871
430.4791 241.3253
443.7103 236.2860
447.1922 237.6661
449.4206 238.9070
451.8769 238.6917
460.0435 228.9297
462.0947 220.8771
449.9397 200.6821
410.2714 194.1868
390.6969 204.5565

Edmonson
5
410.2714 194.1868
449.9397 200.6821
465.8045 174.4856
460.2588 156.3544
421.6920 170.3706

Warren
13
421.6920 170.3706
460.2588 156.3544
455.5740 134.8426
451.4844 134.0830
444.0521 125.4732
440.1777 119.3071
427.4024 105.8480
427.5543 110.9758
403.5989 112.3433
399.0914 120.6238
389.1015 138.9449
393.5583 167.4205
413.0190 167.9903

Butler
10
390.6969 204.5565
410.2714 194.1868
421.6920 170.3706
413.0190 167.9903
393.5583 167.4205
389.1015 138.9449
353.6115 146.9850
356.7516 170.9404
366.2856 185.3364
374.5029 188.9829

Logan
6
353.6115 146.9850
389.1015 138.9449
399.0914 120.6238
383.2140  80.3858
344.8118  75.7771
339.3421 144.3134

Todd
5
312.5632 143.5664
339.3421 144.3134
344.8118  75.7771
337.7974  74.9667
309.2205  72.1685

Muhlenberg
10
327.8708 201.8976
356.7516 170.9404
353.6115 146.9850
339.3421 144.3134
312.5632 143.5664
301.8009 156.6203
303.9027 161.2417
295.3436 171.8014
293.7989 180.9303
303.1051 195.5415

Ohio
11
358.1823 257.9751
382.9987 247.8079
390.4183 232.5256
390.6969 204.5565
374.5029 188.9829
366.2856 185.3364
356.7516 170.9404
327.8708 201.8976
333.4672 226.3595
346.0147 238.1219
353.1051 252.7332

Daviess
14
294.6599 278.5752
299.2307 275.3845
317.8810 262.9510
327.4150 280.1706
335.3537 287.6028
334.8220 282.4116
344.8118 282.5762
352.6366 274.4729
358.1063 266.8761
358.1823 257.9751
353.1051 252.7332
346.0147 238.1219
333.4672 226.3595
284.3408 242.0470

McLean
6
284.3408 242.0470
333.4672 226.3595
327.8708 201.8976
303.1051 195.5415
290.2790 223.9158
273.7179 235.2098

Hopkins
12
290.2790 223.9158
303.1051 195.5415
293.7989 180.9303
295.3436 171.8014
303.9027 161.2417
301.8009 156.6203
293.0645 151.7203
278.3266 146.0100
257.2327 151.4418
237.3036 182.9181
260.0815 200.6821
275.8956 208.9500

Christian
11
301.8009 156.6203
312.5632 143.5664
309.2205  72.1685
269.7295  68.0536
262.8797  67.2686
263.4874  81.2468
262.5885 121.6494
252.5353 126.6634
257.2327 151.4418
278.3266 146.0100
293.0645 151.7203

Trigg
11
252.5353 126.6634
262.5885 121.6494
263.4874  81.2468
262.8797  67.2686
242.2795  64.8629
242.3302  69.8895
221.1096  70.2947
213.5001  69.8388
207.3466  80.6770
199.7118  99.9097
234.6320 118.1549

Lyon
7
191.2540 145.3896
203.2950 151.7710
210.3221 151.5431
220.4132 134.7667
234.6320 118.1549
199.7118  99.9097
187.4555 117.8257

Caldwell
8
237.3036 182.9181
257.2327 151.4418
252.5353 126.6634
234.6320 118.1549
220.4132 134.7667
210.3221 151.5431
203.2950 151.7710
238.4558 187.7294

Webster
8
273.7179 235.2098
290.2790 223.9158
275.8956 208.9500
260.0815 200.6821
237.3036 182.9181
238.4558 187.7294
220.1474 202.8092
243.3051 230.9809

Henderson
7
275.0853 283.8297
294.6599 278.5752
284.3408 242.0470
273.7179 235.2098
243.3051 230.9809
214.9308 272.1179
243.8749 274.4096

Union
21
203.5229 254.1513
214.9308 272.1179
243.3051 230.9809
220.1474 202.8092
203.3456 205.5947
193.1532 216.1544
192.1149 218.0283
189.3801 225.4479
189.3041 225.6251
188.6331 229.3223
188.5697 229.4995
188.7470 230.6390
189.4307 232.4623
189.5953 232.8168
190.6336 234.5767
192.6974 238.4638
192.7987 238.5271
198.7369 242.8447
200.2816 244.5160
201.2438 246.2759
201.8642 247.9346

Crittenden
18
220.1474 202.8092
238.4558 187.7294
203.2950 151.7710
191.2540 145.3896
166.5515 185.9695
169.7928 190.2871
171.9706 192.3002
172.0846 192.3509
172.7050 192.7560
175.7944 194.6299
176.0729 194.6806
176.8832 194.9211
179.0990 195.5415
181.7832 196.1113
199.5979 199.8844
200.9020 200.1756
203.3456 202.9611
203.3456 205.5947

Livingston
24
166.5515 185.9695
191.2540 145.3896
187.4555 117.8257
155.5994 121.9913
144.6472 130.1326
154.0547 129.1323
155.0169 129.2969
157.9924 130.6137
159.5244 134.8426
161.4110 143.9082
157.7645 152.0115
156.1691 153.5436
154.4472 154.5185
149.0281 161.0265
147.9265 164.5590
148.0025 165.6479
148.0025 165.7112
151.6617 181.7912
152.3327 183.3992
153.9914 185.5517
155.1436 186.3620
156.0552 187.0584
158.2709 188.0713
159.0686 188.4132

Calloway
5
158.7267  77.3217
207.3466  80.6770
213.5001  69.8388
218.1848  40.3377
161.5249  36.4000

Marshall
6
155.5994 121.9913
187.4555 117.8257
199.7118  99.9097
207.3466  80.6770
158.7267  77.3217
156.3844 108.8107

Graves
7
156.3844 108.8107
158.7267  77.3217
161.5249  36.4000
157.9924  36.1721
119.0078  33.3613
116.0451  77.7776
113.9306 106.1772

McCracken
7
 95.6222 150.9733
144.6472 130.1326
155.5994 121.9913
156.3844 108.8107
113.9306 106.1772
113.4748 107.4306
 94.9258 150.7454

Carlisle
11
113.9306 106.1772
116.0451  77.7776
 75.6931  76.7900
 68.2228  80.7277
 68.1595  80.7910
 68.1595  84.5514
 68.2228  84.6147
 71.8187  86.6659
 71.8946  86.7165
 76.7820 103.0371
113.4748 107.4306

Ballard
5
 94.9258 150.7454
113.4748 107.4306
 76.7820 103.0371
 72.1605 108.9880
 66.0704 122.6750

