640 800

San_Juan
30
568.4173 230.8179
563.8358 184.2462
558.8293 147.9881
551.4077  95.1143
542.2551  30.2685
441.9493  44.5209
407.3289  49.7554
390.2364  53.1242
363.4626  57.1771
294.0872  68.0607
297.3108  67.7808
305.0226  67.5943
340.7625  75.5341
344.3074  76.7469
351.7394  83.1942
372.2421 102.5878
374.0250 105.3968
385.5202 127.0708
409.2984 154.9122
430.5992 166.5422
449.0081 181.0330
462.2240 192.4142
462.8355 192.7977
472.3199 197.1926
475.3569 200.3748
476.4246 207.0915
476.2898 212.7407
471.1486 242.0851
471.0553 242.5515
469.1481 245.0703

Garfield
28
209.3916 238.9962
213.0403 238.7163
252.4183 231.8130
254.8957 231.0667
259.9436 230.0301
263.6233 229.4808
274.8905 228.2473
318.9848 220.7842
348.4225 216.2856
472.3199 197.1926
462.8355 192.7977
462.2240 192.4142
449.0081 181.0330
430.5992 166.5422
409.2984 154.9122
385.5202 127.0708
261.4362 147.0138
260.9179 146.6821
260.0265 146.6406
207.3808 155.7933
193.2217 159.1102
174.1701 162.5308
177.9534 187.2315
179.7259 197.4828
192.9522 205.5989
201.1719 205.2776
204.5303 204.7179
206.6759 216.2442

Morgan
40
388.2255 647.8275
397.0983 644.8008
404.3022 624.6090
403.6907 622.1732
402.7060 620.3074
401.4932 618.7630
398.8812 616.4826
387.9457 614.6686
371.3611 608.9677
369.4435 607.8067
367.7125 606.2001
363.1413 601.6808
362.9444 600.8308
363.0480 598.0218
363.3694 597.3273
363.9291 596.8609
368.1789 591.4398
371.1330 583.9664
371.4544 581.9555
365.9918 573.7357
364.5406 573.0827
362.8615 572.7614
361.9700 572.8961
354.1234 576.7210
345.8104 586.5888
340.3375 625.4590
339.1766 630.0923
339.8296 632.1758
342.0167 633.1501
347.6762 634.7982
350.0602 634.5183
352.7241 633.6787
353.4186 631.7611
355.1496 629.4289
358.1348 628.1125
361.0371 628.3509
377.4352 631.4294
380.8869 634.1037
384.0172 637.3170
385.0019 639.2864

Davis
16
340.3375 625.4590
345.8104 586.5888
344.1727 585.8321
341.4155 585.0444
331.9312 583.5518
327.3497 584.3395
324.8827 584.8060
324.9656 595.9695
325.3906 598.3121
320.6225 599.1102
305.4476 591.8544
291.8068 583.7798
276.0618 627.9674
301.4259 632.0306
307.7798 632.8391
323.3383 630.1338

Weber
29
380.7003 657.4569
388.2255 647.8275
385.0019 639.2864
384.0172 637.3170
380.8869 634.1037
377.4352 631.4294
361.0371 628.3509
358.1348 628.1125
355.1496 629.4289
353.4186 631.7611
352.7241 633.6787
350.0602 634.5183
347.6762 634.7982
342.0167 633.1501
339.8296 632.1758
339.1766 630.0923
340.3375 625.4590
323.3383 630.1338
307.7798 632.8391
301.4259 632.0306
276.0618 627.9674
307.2201 658.0477
327.8161 654.5131
334.9682 657.1667
343.8928 664.0389
344.4525 661.0019
344.9708 660.0794
354.5899 654.4717
356.2276 654.2644

Rich
15
438.6324 726.9361
422.7526 627.2729
398.8812 616.4826
401.4932 618.7630
402.7060 620.3074
403.6907 622.1732
404.3022 624.6090
397.0983 644.8008
388.2255 647.8275
380.7003 657.4569
391.1693 673.5129
396.4453 686.3763
396.4867 687.0190
395.6057 723.8887
393.6466 733.9431

Cache
24
329.4953 744.3085
334.8335 743.4585
393.6466 733.9431
395.6057 723.8887
396.4867 687.0190
396.4453 686.3763
391.1693 673.5129
380.7003 657.4569
356.2276 654.2644
354.5899 654.4717
344.9708 660.0794
344.4525 661.0019
343.8928 664.0389
343.5611 673.7202
343.4264 678.2291
341.6435 681.4113
341.2289 681.7845
336.2743 682.7277
335.3932 700.3800
337.2071 711.8337
338.3784 717.1512
337.3937 724.8734
335.0615 730.6054
332.0659 734.5339

Box_Elder
32
146.6915 777.1874
153.1906 775.5497
160.9957 773.6839
162.1566 773.4559
170.4696 772.0047
173.5585 771.4968
206.0229 765.9721
208.8734 765.5057
248.0234 758.8822
276.4764 754.0726
301.6539 749.7192
322.3017 746.1535
322.3536 746.1535
329.4953 744.3085
332.0659 734.5339
335.0615 730.6054
337.3937 724.8734
338.3784 717.1512
337.2071 711.8337
335.3932 700.3800
336.2743 682.7277
341.2289 681.7845
341.6435 681.4113
343.4264 678.2291
343.5611 673.7202
343.8928 664.0389
334.9682 657.1667
327.8161 654.5131
307.2201 658.0477
276.0618 627.9674
244.0535 623.1682
121.4207 645.8581

Daggett
19
615.5590 564.3965
609.2984 518.0944
601.8146 519.1724
598.5909 523.7021
599.8140 532.4297
600.2701 537.3533
597.6684 547.5735
578.5961 550.1960
565.0486 547.6668
533.1025 544.5365
529.6819 544.4432
519.6378 552.1447
517.4507 553.0361
521.0371 577.4673
521.1408 577.4673
535.4761 575.4149
549.3968 573.4559
553.2838 572.8961
599.8970 566.6769

Salt_Lake
19
291.8068 583.7798
305.4476 591.8544
320.6225 599.1102
325.3906 598.3121
324.9656 595.9695
324.8827 584.8060
327.3497 584.3395
331.9312 583.5518
341.4155 585.0444
344.1727 585.8321
345.8104 586.5888
354.1234 576.7210
358.6946 550.0509
353.9369 546.4437
343.8410 541.8726
315.4813 532.1084
311.6047 531.2688
299.4150 537.0008
293.7658 541.5409

Summit_UT
35
422.7526 627.2729
417.3315 593.5440
471.3766 584.6194
516.3209 578.1721
521.0371 577.4673
517.4507 553.0361
500.8143 555.3787
481.9389 556.5914
431.2004 554.1659
424.9915 548.7448
417.3730 540.0068
415.8389 538.7008
411.3092 537.9026
396.1240 536.7832
388.4536 541.1263
378.1297 549.6777
358.6946 550.0509
354.1234 576.7210
361.9700 572.8961
362.8615 572.7614
364.5406 573.0827
365.9918 573.7357
371.4544 581.9555
371.1330 583.9664
368.1789 591.4398
363.9291 596.8609
363.3694 597.3273
363.0480 598.0218
362.9444 600.8308
363.1413 601.6808
367.7125 606.2001
369.4435 607.8067
371.3611 608.9677
387.9457 614.6686
398.8812 616.4826

Wasatch
25
358.6946 550.0509
378.1297 549.6777
388.4536 541.1263
396.1240 536.7832
411.3092 537.9026
415.8389 538.7008
417.3730 540.0068
424.9915 548.7448
419.6637 515.8969
413.4549 469.3564
409.6197 444.9874
390.3712 448.1073
377.8083 468.9521
377.1553 470.3514
377.0102 471.4709
381.2600 480.5821
379.4461 496.6484
378.3162 499.0739
375.8907 503.0439
375.4761 503.3755
363.8876 509.8228
352.8070 516.4152
350.8065 526.5525
351.4595 531.9840
353.9369 546.4437

Utah
51
353.9369 546.4437
351.4595 531.9840
350.8065 526.5525
352.8070 516.4152
363.8876 509.8228
375.4761 503.3755
375.8907 503.0439
378.3162 499.0739
379.4461 496.6484
381.2600 480.5821
377.0102 471.4709
377.1553 470.3514
377.8083 468.9521
390.3712 448.1073
409.6197 444.9874
411.2056 432.9635
371.9623 439.2449
332.2525 445.7337
321.2756 447.4129
322.8615 452.5023
322.9651 454.9070
320.0213 463.1993
319.5031 463.9560
317.2123 466.0084
307.1683 461.0433
300.3479 453.1138
300.0680 451.5176
299.1869 450.4499
293.0092 448.2006
290.3038 447.7342
287.5881 448.5842
286.4790 449.1853
289.3709 458.4313
290.2623 460.5769
291.9415 462.5463
292.6878 463.3859
288.2411 475.0677
284.5614 480.2504
282.6852 481.2351
286.5723 491.0926
289.8892 504.2151
288.1063 512.7666
287.7332 520.6546
289.3191 540.3385
289.6508 541.2299
292.0866 542.0591
293.7658 541.5409
299.4150 537.0008
311.6047 531.2688
315.4813 532.1084
343.8410 541.8726

Tooele
19
121.4207 645.8581
244.0535 623.1682
276.0618 627.9674
291.8068 583.7798
293.7658 541.5409
292.0866 542.0591
289.6508 541.2299
289.3191 540.3385
287.7332 520.6546
288.1063 512.7666
289.8892 504.2151
286.5723 491.0926
282.6852 481.2351
275.7715 475.3890
273.0143 473.4922
263.9550 469.7917
225.7378 476.4256
 93.1543 501.2714
 98.5754 529.1750

Juab
46
282.6852 481.2351
284.5614 480.2504
288.2411 475.0677
292.6878 463.3859
291.9415 462.5463
290.2623 460.5769
289.3709 458.4313
286.4790 449.1853
287.5881 448.5842
290.3038 447.7342
293.0092 448.2006
299.1869 450.4499
300.0680 451.5176
300.3479 453.1138
307.1683 461.0433
317.2123 466.0084
319.5031 463.9560
320.0213 463.1993
322.9651 454.9070
322.8615 452.5023
321.2756 447.4129
332.2525 445.7337
330.5733 435.9591
321.9286 431.2429
319.2232 411.7249
317.2538 400.0016
312.1229 390.3100
294.3670 393.1294
283.9084 388.7759
283.3901 385.8425
277.6891 386.8687
265.5513 390.9319
267.1372 397.4310
269.8840 411.7249
270.4956 417.9752
270.2675 419.2812
268.5780 421.1159
246.7692 424.8371
239.8555 425.8736
107.4585 450.0768
 83.8565 453.2486
 93.1543 501.2714
225.7378 476.4256
263.9550 469.7917
273.0143 473.4922
275.7715 475.3890

Millard
25
 83.8565 453.2486
107.4585 450.0768
239.8555 425.8736
246.7692 424.8371
268.5780 421.1159
270.2675 419.2812
270.4956 417.9752
269.8840 411.7249
267.1372 397.4310
265.5513 390.9319
277.6891 386.8687
283.3901 385.8425
277.4611 350.0405
250.1794 316.2701
234.3307 308.0089
232.6101 308.3302
224.9915 309.3149
222.8977 308.6619
220.4204 305.1066
215.5590 296.0472
186.1732 301.2714
186.2147 301.5512
174.3463 303.9456
 58.9071 324.9148
 61.6228 338.7526

Sevier
20
349.8736 336.2131
348.2774 325.3398
342.1100 288.3250
341.3222 288.4805
337.9534 266.8998
290.5422 273.5751
260.2649 278.7163
260.4515 279.8358
254.0042 281.1418
213.7762 287.8171
215.5590 296.0472
220.4204 305.1066
222.8977 308.6619
224.9915 309.3149
232.6101 308.3302
234.3307 308.0089
250.1794 316.2701
277.4611 350.0405
294.1390 347.2522
295.4969 345.3242

Sanpete
16
371.9623 439.2449
364.5406 393.2123
359.0677 394.0934
349.8736 336.2131
295.4969 345.3242
294.1390 347.2522
277.4611 350.0405
283.3901 385.8425
283.9084 388.7759
294.3670 393.1294
312.1229 390.3100
317.2538 400.0016
319.2232 411.7249
321.9286 431.2429
330.5733 435.9591
332.2525 445.7337

Carbon
22
371.9623 439.2449
411.2056 432.9635
443.4523 427.7394
444.7583 427.3144
445.3077 426.7754
500.8661 418.2551
509.2206 416.9905
509.8736 415.1869
509.9255 414.2436
509.4590 413.8705
509.0340 413.9534
502.6386 410.2737
498.0571 406.2934
490.5837 391.8337
489.0910 387.6046
488.4380 381.5823
488.4795 374.2022
381.7783 390.7453
380.2857 400.2193
371.7342 422.9298
370.6666 424.2773
369.6300 424.7956

Duchesne
16
517.4507 553.0361
519.6378 552.1447
507.7798 470.9112
504.6391 447.9311
500.8661 418.2551
445.3077 426.7754
444.7583 427.3144
443.4523 427.7394
411.2056 432.9635
409.6197 444.9874
413.4549 469.3564
419.6637 515.8969
424.9915 548.7448
431.2004 554.1659
481.9389 556.5914
500.8143 555.3787

Uintah
30
519.6378 552.1447
529.6819 544.4432
533.1025 544.5365
565.0486 547.6668
578.5961 550.1960
597.6684 547.5735
600.2701 537.3533
599.8140 532.4297
598.5909 523.7021
601.8146 519.1724
609.2984 518.0944
601.1201 460.6391
590.7029 385.6041
587.7176 363.8783
581.4051 359.9187
488.3447 373.2278
488.4795 374.2022
488.4380 381.5823
489.0910 387.6046
490.5837 391.8337
498.0571 406.2934
502.6386 410.2737
509.0340 413.9534
509.4590 413.8705
509.9255 414.2436
509.8736 415.1869
509.2206 416.9905
500.8661 418.2551
504.6391 447.9311
507.7798 470.9112

Grand
27
587.7176 363.8783
580.7936 314.1348
577.2486 289.8798
576.5023 284.7386
572.4805 260.1623
568.4173 230.8179
469.1481 245.0703
472.8381 247.9726
474.2375 252.8754
474.2375 259.1879
473.9991 260.4007
471.2419 259.6129
468.4847 259.5093
467.6451 259.7477
467.2305 260.1208
466.9402 260.8153
464.6598 276.8402
464.8879 303.5103
467.6036 319.5455
472.9211 333.8809
474.5588 337.1045
475.0252 337.7575
480.6744 347.5735
486.8003 359.9394
488.2929 365.7544
488.3447 373.2278
581.4051 359.9187

Emery
34
369.6300 424.7956
370.6666 424.2773
371.7342 422.9298
380.2857 400.2193
381.7783 390.7453
488.4795 374.2022
488.3447 373.2278
488.2929 365.7544
486.8003 359.9394
480.6744 347.5735
475.0252 337.7575
474.5588 337.1045
472.9211 333.8809
467.6036 319.5455
464.8879 303.5103
464.6598 276.8402
466.9402 260.8153
467.2305 260.1208
467.6451 259.7477
468.4847 259.5093
471.2419 259.6129
473.9991 260.4007
474.2375 259.1879
474.2375 252.8754
472.8381 247.9726
469.1481 245.0703
337.7254 265.5315
337.9534 266.8998
341.3222 288.4805
342.1100 288.3250
348.2774 325.3398
349.8736 336.2131
359.0677 394.0934
364.5406 393.2123

Wayne
16
290.5422 273.5751
337.9534 266.8998
337.7254 265.5315
469.1481 245.0703
471.0553 242.5515
471.1486 242.0851
476.2898 212.7407
476.4246 207.0915
475.3569 200.3748
472.3199 197.1926
348.4225 216.2856
318.9848 220.7842
274.8905 228.2473
276.7562 239.2449
280.4049 264.7438
283.7114 268.6204

Piute
22
213.7762 287.8171
254.0042 281.1418
260.4515 279.8358
260.2649 278.7163
290.5422 273.5751
283.7114 268.6204
280.4049 264.7438
276.7562 239.2449
274.8905 228.2473
263.6233 229.4808
259.9436 230.0301
254.8957 231.0667
252.4183 231.8130
213.0403 238.7163
222.1514 251.1962
225.8311 254.7412
228.4018 261.0537
228.2670 262.1939
223.5404 272.0825
218.6376 275.8555
213.4134 282.2613
213.3098 283.4326

Beaver
17
 58.9071 324.9148
174.3463 303.9456
186.2147 301.5512
186.1732 301.2714
215.5590 296.0472
213.7762 287.8171
213.3098 283.4326
213.4134 282.2613
218.6376 275.8555
223.5404 272.0825
228.2670 262.1939
228.4018 261.0537
225.8311 254.7412
222.1514 251.1962
213.0403 238.7163
209.3916 238.9962
 48.1685 268.7655

Iron
17
 48.1685 268.7655
209.3916 238.9962
206.6759 216.2442
204.5303 204.7179
201.1719 205.2776
192.9522 205.5989
179.7259 197.4828
177.9534 187.2315
174.1701 162.5308
150.5681 160.7998
136.4608 163.1734
132.3043 161.7326
124.5510 162.0125
113.6155 165.1014
 92.4598 178.4520
 82.0322 187.7497
 34.0612 196.8609

Washington
10
 34.0612 196.8609
 82.0322 187.7497
 92.4598 178.4520
113.6155 165.1014
124.5510 162.0125
132.3043 161.7326
136.4608 163.1734
150.5681 160.7998
138.8449  94.5546
 18.8760 116.8816

Kane
18
150.5681 160.7998
174.1701 162.5308
193.2217 159.1102
207.3808 155.7933
260.0265 146.6406
260.9179 146.6821
261.4362 147.0138
385.5202 127.0708
374.0250 105.3968
372.2421 102.5878
351.7394  83.1942
344.3074  76.7469
340.7625  75.5341
305.0226  67.5943
297.3108  67.7808
294.0872  68.0607
176.3157  87.9104
138.8449  94.5546

