519 800

New_Castle
15
173.3037 732.6248
159.0958 682.2110
150.7406 683.8256
133.0615 657.6702
126.1998 640.1929
126.1998 637.5289
127.6125 632.6046
129.4288 628.1646
149.9737 578.3563
194.2119 517.7711
105.0898 461.3836
 93.6266 502.1101
 46.8859 676.9234
108.8839 752.4028
182.9505 749.7388

Sussex
37
199.1362 126.6510
171.4470 225.2584
226.3007 239.5874
249.0252 260.1727
250.3975 268.0031
257.0171 283.6237
288.6619 306.1868
319.0151 323.0990
322.2845 309.0930
326.6438 303.8457
362.8900 274.8649
383.3945 259.2443
397.8042 253.6338
408.5408 251.6157
416.5328 253.7953
422.1432 258.1545
423.0716 261.2625
433.2431 239.9910
457.6226 168.7902
475.4631 107.5188
479.8224  89.7186
364.3431  64.4915
358.4904  63.1192
343.1927  59.6480
336.7749  58.4371
331.2452  57.3472
329.7517  57.1051
309.4894  53.3109
301.1745  51.6560
277.5217  47.1353
265.6952  44.9154
264.2422  44.7539
236.4319  40.0314
224.2018  38.0132
219.5196  54.4411
215.1604  69.3351
209.7114  88.9517

Kent
16
105.0898 461.3836
194.2119 517.7711
228.6014 497.3876
246.0787 474.9860
249.3481 470.2635
258.9546 445.5612
260.0847 437.0042
300.0847 355.4704
319.0151 323.0990
288.6619 306.1868
257.0171 283.6237
250.3975 268.0031
249.0252 260.1727
226.3007 239.5874
171.4470 225.2584
112.3552 435.7125

