956 800

Laramie
8
740.0126 145.5345
816.3512 137.6997
815.0326 123.1437
888.5292 116.5251
886.1736  88.1814
880.5791  23.3134
770.6607  32.6205
729.5150  36.6019

Goshen
9
903.2516 289.8520
894.7126 188.9335
890.3855 138.6598
888.5292 116.5251
815.0326 123.1437
816.3512 137.6997
830.4975 295.8946
851.2112 294.0767
880.4511 291.8619

Teton
24
115.4775 728.8214
160.4127 721.7803
158.3388 708.1077
192.3282 702.9229
199.8942 696.4578
201.1488 694.7296
202.1346 690.2873
201.6225 687.9701
201.4945 672.3388
205.8984 657.2708
213.1572 635.7505
218.8157 623.5886
202.7107 514.1183
199.9454 499.9208
165.9560 505.0672
163.8309 490.8698
136.0632 495.1969
134.5654 485.9666
106.6953 490.2937
108.3212 500.8554
 95.2759 505.6433
 81.4881 507.8325
 98.5020 617.1236
111.2016 697.3156

Lincoln
19
 81.4881 507.8325
 95.2759 505.6433
108.3212 500.8554
106.6953 490.2937
134.5654 485.9666
131.8642 468.0821
121.9298 411.3691
119.9198 400.0520
113.2756 357.1140
114.7862 328.2069
142.2466 323.6494
173.2916 318.1573
169.7070 294.2303
166.9930 269.8680
157.0202 204.1551
 35.7848 223.2686
 46.8073 292.5148
 60.2623 376.3811
 73.8069 459.3639

Uinta
6
 35.7848 223.2686
157.0202 204.1551
142.7587 108.7798
 87.2490 116.7427
 20.4991 127.7653
 27.1946 169.4231

Sublette
29
202.7107 514.1183
237.7883 508.6518
242.6403 491.5739
243.9077 481.9211
243.7413 480.6025
242.2434 476.6723
241.4881 473.2157
241.2577 466.6355
242.8195 460.1705
251.1280 431.2122
275.3623 402.0620
294.9238 378.9415
301.0304 370.7354
298.6108 327.5156
294.7446 299.5944
239.6958 307.2756
209.6366 311.9996
173.2916 318.1573
142.2466 323.6494
114.7862 328.2069
113.2756 357.1140
119.9198 400.0520
121.9298 411.3691
131.8642 468.0821
134.5654 485.9666
136.0632 495.1969
163.8309 490.8698
165.9560 505.0672
199.9454 499.9208

Park
53
269.4734 761.4795
330.8080 753.1709
352.2770 749.2407
354.6326 748.9078
369.9310 746.8339
405.7640 742.0972
403.0499 720.9738
405.7000 715.9042
401.7185 680.5833
400.8608 662.7629
393.1283 604.9488
395.8296 604.6032
393.8837 589.9960
365.5399 593.8110
348.9869 581.2266
347.4250 567.0932
326.2504 569.9224
324.2917 555.4305
303.0531 558.3750
298.2012 558.6054
297.5227 561.3194
288.6252 576.0418
282.5699 581.8027
280.4319 583.4158
274.6710 586.7059
273.4548 586.7699
262.0866 582.0972
260.2431 579.7288
257.1834 573.6734
235.4327 571.5867
224.0645 593.1709
215.8072 603.1565
218.8157 623.5886
213.1572 635.7505
205.8984 657.2708
201.4945 672.3388
201.6225 687.9701
202.1346 690.2873
201.1488 694.7296
199.8942 696.4578
192.3282 702.9229
158.3388 708.1077
160.4127 721.7803
115.4775 728.8214
125.5143 783.3582
144.9606 780.3497
159.3245 777.4180
164.3942 775.6769
181.7665 772.9629
182.0610 772.9117
220.4287 767.7140
233.4612 767.0867
243.1652 765.5761

Sweetwater
25
173.2916 318.1573
209.6366 311.9996
239.6958 307.2756
294.7446 299.5944
478.2876 275.4241
476.7257 256.2082
477.0842 246.4659
469.9278 189.2023
467.7387 175.5297
416.6073 182.2252
413.4964 153.4974
412.7411 139.0183
404.3173  73.6382
363.4660  78.5542
265.3255  91.7659
245.9816  94.5824
188.4108 102.2636
183.6100 102.9549
166.4169 105.3745
148.7116 107.9093
148.5836 107.9093
142.7587 108.7798
157.0202 204.1551
166.9930 269.8680
169.7070 294.2303

Fremont
53
494.6230 480.6025
501.7153 479.7320
503.2772 474.7136
499.9870 446.3186
496.4025 417.9877
497.7979 414.9920
491.2816 360.6985
485.6744 342.0588
479.4398 304.1519
481.7441 303.8575
478.2876 275.4241
294.7446 299.5944
298.6108 327.5156
301.0304 370.7354
294.9238 378.9415
275.3623 402.0620
251.1280 431.2122
242.8195 460.1705
241.2577 466.6355
241.4881 473.2157
242.2434 476.6723
243.7413 480.6025
243.9077 481.9211
242.6403 491.5739
237.7883 508.6518
202.7107 514.1183
215.8072 603.1565
224.0645 593.1709
235.4327 571.5867
257.1834 573.6734
260.2431 579.7288
262.0866 582.0972
273.4548 586.7699
274.6710 586.7059
280.4319 583.4158
282.5699 581.8027
288.6252 576.0418
297.5227 561.3194
298.2012 558.6054
306.2280 549.2087
312.2834 537.5460
310.6063 525.6657
325.0983 522.4268
338.4764 520.5321
352.3922 516.3202
361.0464 509.4583
364.8614 502.4172
378.2908 495.7730
405.5847 484.9296
415.9672 483.5470
423.4820 483.2013
427.3994 483.8927
493.9829 475.8146

Hot_Springs
33
393.8837 589.9960
401.0272 589.1383
406.5065 573.7246
404.3173 559.1815
417.2474 548.0565
432.5331 541.4123
451.1728 538.9927
457.2282 529.3015
459.4174 523.6942
484.9830 520.5321
497.5034 504.4271
494.6230 480.6025
493.9829 475.8146
427.3994 483.8927
423.4820 483.2013
415.9672 483.5470
405.5847 484.9296
378.2908 495.7730
364.8614 502.4172
361.0464 509.4583
352.3922 516.3202
338.4764 520.5321
325.0983 522.4268
310.6063 525.6657
312.2834 537.5460
306.2280 549.2087
298.2012 558.6054
303.0531 558.3750
324.2917 555.4305
326.2504 569.9224
347.4250 567.0932
348.9869 581.2266
365.5399 593.8110

Washakie
19
393.8837 589.9960
395.8296 604.6032
533.7972 587.0644
560.6816 583.4798
562.8195 583.2493
556.1880 525.7297
552.0274 473.4974
501.7153 479.7320
494.6230 480.6025
497.5034 504.4271
484.9830 520.5321
459.4174 523.6942
457.2282 529.3015
451.1728 538.9927
432.5331 541.4123
417.2474 548.0565
404.3173 559.1815
406.5065 573.7246
401.0272 589.1383

Big_Horn
27
405.7640 742.0972
448.8685 736.2594
488.1579 731.4715
490.4623 729.5127
491.2176 728.5398
493.1123 714.5215
495.1991 695.3569
502.7523 682.0299
508.2316 677.4724
511.3425 675.9106
513.4292 676.7811
516.7193 677.4724
523.1203 673.4910
540.8896 657.4500
541.9266 654.9152
542.2722 651.3306
559.3629 630.2841
562.2434 620.6313
563.9717 609.4935
560.6816 583.4798
533.7972 587.0644
395.8296 604.6032
393.1283 604.9488
400.8608 662.7629
401.7185 680.5833
405.7000 715.9042
403.0499 720.9738

Sheridan
27
679.3181 707.8773
707.0602 704.8816
705.1143 684.3343
704.0133 664.7216
702.5154 645.5057
701.3505 634.0735
681.5073 636.1602
652.2546 638.8614
652.1906 638.1701
542.2722 651.3306
541.9266 654.9152
540.8896 657.4500
523.1203 673.4910
516.7193 677.4724
513.4292 676.7811
511.3425 675.9106
508.2316 677.4724
502.7523 682.0299
495.1991 695.3569
493.1123 714.5215
491.2176 728.5398
490.4623 729.5127
488.1579 731.4715
523.2868 727.0932
578.2844 720.3465
584.4550 719.0791
606.7305 716.3650

Johnson
25
560.6816 583.4798
563.9717 609.4935
562.2434 620.6313
559.3629 630.2841
542.2722 651.3306
652.1906 638.1701
652.2546 638.8614
681.5073 636.1602
701.3505 634.0735
699.2893 620.2345
697.2538 603.0413
693.9765 571.7659
694.0277 570.0888
694.3093 569.2311
693.1059 555.7249
689.4702 520.9930
687.5114 511.9291
683.9269 479.5656
681.8529 458.1605
674.6454 458.8390
614.0533 464.9584
551.8609 472.2300
552.0274 473.4974
556.1880 525.7297
562.8195 583.2493

Natrona
20
501.7153 479.7320
552.0274 473.4974
551.8609 472.2300
614.0533 464.9584
674.6454 458.8390
674.4149 452.0412
670.9456 418.4614
666.3369 376.2146
660.8576 327.0036
656.3000 283.7198
586.3625 291.0682
550.0687 295.5489
481.7441 303.8575
479.4398 304.1519
485.6744 342.0588
491.2816 360.6985
497.7979 414.9920
496.4025 417.9877
499.9870 446.3186
503.2772 474.7136

Carbon
23
481.7441 303.8575
550.0687 295.5489
586.3625 291.0682
656.3000 283.7198
656.5817 283.7198
645.7256 181.3034
640.1311 126.4979
638.9277 112.1212
621.7857 113.7470
607.7675 115.5393
602.8003  70.5913
600.8416  50.0441
534.8982  58.0453
478.2236  64.7152
404.3173  73.6382
412.7411 139.0183
413.4964 153.4974
416.6073 182.2252
467.7387 175.5297
469.9278 189.2023
477.0842 246.4659
476.7257 256.2082
478.2876 275.4241

Albany
27
656.5817 283.7198
719.0173 276.7939
718.5436 272.7613
715.7272 268.2037
711.0032 268.7158
709.9022 256.6691
711.5153 255.3377
723.3956 252.8669
738.5148 251.4203
740.9984 258.3974
741.5745 265.4897
743.2516 270.0985
745.9656 274.1951
751.9057 273.6830
747.5786 216.9059
745.9016 197.4724
742.2146 159.5656
740.0126 145.5345
729.5150  36.6019
616.8825  48.1365
600.8416  50.0441
602.8003  70.5913
607.7675 115.5393
621.7857 113.7470
638.9277 112.1212
640.1311 126.4979
645.7256 181.3034

Weston
8
804.1765 559.1815
884.2661 552.6653
925.0534 548.9655
924.4901 542.5132
920.3935 495.0816
915.5415 437.2036
814.8534 445.6401
793.4484 447.4836

Crook
10
816.0056 695.0112
821.9457 694.4351
936.1400 683.6430
925.0534 548.9655
884.2661 552.6653
804.1765 559.1815
803.8308 559.2455
804.2277 565.9410
812.6002 654.9152
814.0981 675.3345

Campbell
24
707.0602 704.8816
719.4782 704.3055
727.7867 703.8446
816.0056 695.0112
814.0981 675.3345
812.6002 654.9152
804.2277 565.9410
803.8308 559.2455
804.1765 559.1815
793.4484 447.4836
681.8529 458.1605
683.9269 479.5656
687.5114 511.9291
689.4702 520.9930
693.1059 555.7249
694.3093 569.2311
694.0277 570.0888
693.9765 571.7659
697.2538 603.0413
699.2893 620.2345
701.3505 634.0735
702.5154 645.5057
704.0133 664.7216
705.1143 684.3343

Converse
29
681.8529 458.1605
793.4484 447.4836
814.8534 445.6401
812.8307 421.7003
805.6743 345.7586
804.5222 327.2340
801.9361 298.4422
777.5226 300.6953
754.3893 302.4748
751.9057 273.6830
745.9656 274.1951
743.2516 270.0985
741.5745 265.4897
740.9984 258.3974
738.5148 251.4203
723.3956 252.8669
711.5153 255.3377
709.9022 256.6691
711.0032 268.7158
715.7272 268.2037
718.5436 272.7613
719.0173 276.7939
656.5817 283.7198
656.3000 283.7198
660.8576 327.0036
666.3369 376.2146
670.9456 418.4614
674.4149 452.0412
674.6454 458.8390

Niobrara
11
915.5415 437.2036
908.6796 354.1823
903.2516 289.8520
880.4511 291.8619
851.2112 294.0767
830.4975 295.8946
801.9361 298.4422
804.5222 327.2340
805.6743 345.7586
812.8307 421.7003
814.8534 445.6401

Platte
10
801.9361 298.4422
830.4975 295.8946
816.3512 137.6997
740.0126 145.5345
742.2146 159.5656
745.9016 197.4724
747.5786 216.9059
751.9057 273.6830
754.3893 302.4748
777.5226 300.6953

