1000 460

Clay
5
 80.6744 102.5843
111.9151  83.9853
104.6209  82.8196
 61.5942  76.5522
 53.9151  75.5468

Macon
8
121.7439 132.5201
153.5086  90.5308
111.9151  83.9853
 80.6744 102.5843
 82.9846 115.8356
 84.9097 120.4239
 85.6905 120.9586
109.5407 128.3276

Transylvania
12
185.8188 154.1672
200.2680 141.3009
203.3482 137.7714
204.5996 133.8249
205.3268 128.7661
207.9899 120.7126
208.8028 119.3543
210.2466 118.5950
190.4819 105.0976
175.9792 101.3864
164.2145  95.7073
168.8883 133.4399

Jackson
5
135.3375 160.0495
168.8883 133.4399
164.2145  95.7073
153.5086  90.5308
121.7439 132.5201

Haywood
7
154.5782 201.8784
165.5621 187.1404
185.8188 154.1672
168.8883 133.4399
135.3375 160.0495
124.3856 183.9960
123.9044 186.6164

Swain
25
124.3856 183.9960
135.3375 160.0495
121.7439 132.5201
109.5407 128.3276
 85.6905 120.9586
 84.9097 120.4239
 82.8883 122.7019
 82.8455 124.0388
 83.6156 126.4987
 84.2038 127.2260
 86.1824 128.4239
 88.7707 129.4934
 90.3215 130.3597
 92.6316 135.7073
 93.1557 139.1297
 93.0594 140.6271
 92.5782 143.1832
 86.2680 143.6110
 51.4659 141.5041
 81.5835 160.5843
 82.1183 160.5308
 84.1397 160.4880
 99.8937 162.1137
101.2520 162.9907
120.3856 178.1351

Graham
21
 51.4659 141.5041
 86.2680 143.6110
 92.5782 143.1832
 93.0594 140.6271
 93.1557 139.1297
 92.6316 135.7073
 90.3215 130.3597
 88.7707 129.4934
 86.1824 128.4239
 84.2038 127.2260
 83.6156 126.4987
 82.8455 124.0388
 82.8883 122.7019
 84.9097 120.4239
 82.9846 115.8356
 62.6958 111.4078
 55.0808 107.8463
 54.0006 107.8463
 49.9578 109.5255
 46.0220 117.0976
 50.5461 141.8249

Cherokee
14
 82.9846 115.8356
 80.6744 102.5843
 53.9151  75.5468
 40.0969  73.8142
 18.6316  71.3009
 18.2145 101.7714
 27.3054 109.7714
 39.1878 110.0602
 43.4124 113.5361
 46.0220 117.0976
 49.9578 109.5255
 54.0006 107.8463
 55.0808 107.8463
 62.6958 111.4078

Mitchell
10
245.3482 258.5843
260.1931 233.5041
245.3482 219.0549
242.2038 230.9051
241.0487 233.0870
234.8669 243.6752
234.3536 244.3062
216.0862 251.2902
209.2413 248.6912
228.9097 263.3436

Yancey
10
209.2413 248.6912
216.0862 251.2902
234.3536 244.3062
234.8669 243.6752
241.0487 233.0870
242.2038 230.9051
245.3482 219.0549
232.1397 200.3062
215.1664 213.8035
201.3910 234.3276

Madison
19
189.5193 241.2260
201.3910 234.3276
215.1664 213.8035
204.8028 210.0388
198.7279 206.2206
195.1664 203.6752
188.2252 198.6271
174.1504 189.4506
165.5621 187.1404
154.5782 201.8784
158.8455 223.6217
163.8295 224.8837
173.5621 233.9960
180.4926 240.8410
182.4284 242.2420
185.2306 244.2634
185.7546 244.3490
187.4124 243.3009
187.4124 243.2474

Buncombe
21
232.1397 200.3062
247.3589 177.7394
237.9151 167.8998
229.8723 171.2795
222.5889 166.1672
213.3803 161.2046
205.0381 158.1137
199.9258 158.5522
196.4605 159.3329
195.2947 159.9426
193.1343 160.3276
189.7225 158.9907
188.6530 158.1672
185.8188 154.1672
165.5621 187.1404
174.1504 189.4506
188.2252 198.6271
195.1664 203.6752
198.7279 206.2206
204.8028 210.0388
215.1664 213.8035

Henderson
21
237.9151 167.8998
239.8937 157.7287
233.2092 130.6484
210.2466 118.5950
208.8028 119.3543
207.9899 120.7126
205.3268 128.7661
204.5996 133.8249
203.3482 137.7714
200.2680 141.3009
185.8188 154.1672
188.6530 158.1672
189.7225 158.9907
193.1343 160.3276
195.2947 159.9426
196.4605 159.3329
199.9258 158.5522
205.0381 158.1137
213.3803 161.2046
222.5889 166.1672
229.8723 171.2795

Polk
11
276.3750 134.2099
248.8028 131.3650
233.2092 130.6484
239.8937 157.7287
246.4926 160.0495
250.7814 161.5896
251.7974 161.4506
255.2733 159.9426
256.9097 158.8624
274.5354 143.9960
275.6584 142.1672

Rutherford
17
298.8990 192.7340
302.3643 161.9853
298.8990 142.4987
298.8028 136.5736
286.9418 135.3650
276.3750 134.2099
275.6584 142.1672
274.5354 143.9960
256.9097 158.8624
255.2733 159.9426
251.7974 161.4506
250.7814 161.5896
246.4926 160.0495
239.8937 157.7287
237.9151 167.8998
247.3589 177.7394
284.4284 189.8249

McDowell
13
260.1931 233.5041
263.4124 240.6912
264.1931 240.2527
265.0167 239.2046
267.4659 235.2474
268.0862 233.9426
269.0167 230.8624
268.2787 225.6538
276.4712 208.9800
284.4284 189.8249
247.3589 177.7394
232.1397 200.3062
245.3482 219.0549

Avery
7
258.3108 282.8303
259.4659 286.1565
274.7493 263.7821
278.3108 243.3009
263.4124 240.6912
260.1931 233.5041
245.3482 258.5843

Watauga
18
278.9418 303.1725
288.7279 299.3116
295.1343 293.6645
299.3803 290.5736
308.5782 286.9586
303.7653 269.0014
274.7493 263.7821
259.4659 286.1565
260.2787 288.3704
265.3482 294.0495
270.8455 297.8142
270.9846 297.9212
271.5621 298.2527
272.2466 296.6698
275.1343 295.7501
276.8562 295.8356
277.0594 295.8356
279.3589 296.6057

Alexander
10
361.7653 267.9747
358.3750 230.0388
333.7012 228.5094
330.0862 256.0816
336.0648 261.0335
339.2947 262.2955
344.2573 263.8784
346.0434 263.4506
353.6477 265.2688
359.7760 267.0121

Ashe
13
279.4659 331.4506
314.9953 335.0228
315.4338 332.2848
322.6530 322.1030
326.5675 318.7768
327.6263 317.0442
330.0862 311.8998
330.7065 307.7501
308.5782 286.9586
299.3803 290.5736
295.1343 293.6645
288.7279 299.3116
278.9418 303.1725

Alleghany
16
364.3536 341.0014
360.7386 317.8677
359.7760 313.9212
354.7065 313.1083
352.5889 315.4506
352.1610 317.8142
347.3375 320.2313
346.4819 320.3704
339.4873 318.2955
330.7065 307.7501
330.0862 311.8998
327.6263 317.0442
326.5675 318.7768
322.6530 322.1030
315.4338 332.2848
314.9953 335.0228

Wilkes
21
330.7065 307.7501
339.4873 318.2955
346.4819 320.3704
347.3375 320.2313
352.1610 317.8142
352.5889 315.4506
354.7065 313.1083
359.7760 313.9212
360.7386 317.8677
374.6316 296.8517
377.6156 271.8784
361.7653 267.9747
359.7760 267.0121
353.6477 265.2688
346.0434 263.4506
344.2573 263.8784
339.2947 262.2955
336.0648 261.0335
330.0862 256.0816
303.7653 269.0014
308.5782 286.9586

Caldwell
11
274.7493 263.7821
303.7653 269.0014
330.0862 256.0816
333.7012 228.5094
331.0487 224.0602
329.7546 222.3704
327.3803 222.1886
309.7332 222.1351
288.3322 235.0976
279.2306 242.0495
278.3108 243.3009

Burke
19
278.3108 243.3009
279.2306 242.0495
288.3322 235.0976
309.7332 222.1351
327.3803 222.1886
329.7546 222.3704
331.0487 224.0602
316.4926 193.8356
316.2466 193.1725
298.8990 192.7340
284.4284 189.8249
276.4712 208.9800
268.2787 225.6538
269.0167 230.8624
268.0862 233.9426
267.4659 235.2474
265.0167 239.2046
264.1931 240.2527
263.4124 240.6912

Cleveland
8
316.2466 193.1725
328.2466 174.7019
347.9151 141.7287
343.5728 141.3009
298.8028 136.5736
298.8990 142.4987
302.3643 161.9853
298.8990 192.7340

Gaston
4
328.2466 174.7019
383.9258 180.8196
379.7225 144.6271
347.9151 141.7287

Lincoln
6
380.2252 200.8730
382.9632 192.8730
383.9258 180.8196
328.2466 174.7019
316.2466 193.1725
316.4926 193.8356

Catawba
8
333.7012 228.5094
358.3750 230.0388
372.7386 221.7073
376.7921 217.6538
382.0969 210.7554
380.2252 200.8730
316.4926 193.8356
331.0487 224.0602

Iredell
16
377.6156 271.8784
398.4284 274.6271
401.1878 247.1511
399.0594 229.3222
398.1504 221.6538
404.5140 204.2955
405.2306 201.6966
405.6691 199.2367
400.4605 198.4132
382.9632 192.8730
380.2252 200.8730
382.0969 210.7554
376.7921 217.6538
372.7386 221.7073
358.3750 230.0388
361.7653 267.9747

Mecklenburg
11
382.9632 192.8730
400.4605 198.4132
400.3643 197.4078
400.5140 196.4880
404.8028 184.2527
418.8348 167.6645
432.9525 161.6859
405.4231 128.0923
396.4605 137.2474
379.7225 144.6271
383.9258 180.8196

Rowan
11
401.1878 247.1511
430.9739 236.5415
445.3910 235.5896
462.2145 218.8517
466.7386 208.9158
454.3536 206.6698
405.6691 199.2367
405.2306 201.6966
404.5140 204.2955
398.1504 221.6538
399.0594 229.3222

Davie
11
398.4284 274.6271
420.0006 277.4827
432.7065 269.2795
434.7279 268.1672
435.3696 267.2046
436.6637 263.5896
437.2199 259.7821
436.2359 251.6431
432.0862 248.8410
430.9739 236.5415
401.1878 247.1511

Yadkin
10
420.4177 305.0014
420.0006 277.4827
398.4284 274.6271
377.6156 271.8784
374.6316 296.8517
384.0755 302.7340
400.2145 308.2313
406.7386 308.3276
416.8990 306.5950
419.2199 305.8677

Surry
13
395.8937 345.5896
414.7386 347.6110
420.0006 307.8035
420.4177 305.0014
419.2199 305.8677
416.8990 306.5950
406.7386 308.3276
400.2145 308.2313
384.0755 302.7340
374.6316 296.8517
360.7386 317.8677
364.3536 341.0014
371.3482 341.7287

Stokes
5
459.7012 354.0174
465.4445 314.7875
420.0006 307.8035
414.7386 347.6110
456.8562 353.5361

Forsyth
6
420.0006 307.8035
465.4445 314.7875
470.3536 280.8410
432.7065 269.2795
420.0006 277.4827
420.4177 305.0014

Davidson
14
432.7065 269.2795
470.3536 280.8410
471.9899 268.4559
479.4766 211.2902
466.7386 208.9158
462.2145 218.8517
445.3910 235.5896
430.9739 236.5415
432.0862 248.8410
436.2359 251.6431
437.2199 259.7821
436.6637 263.5896
435.3696 267.2046
434.7279 268.1672

Stanly
12
454.3536 206.6698
466.7386 208.9158
475.2733 204.5843
475.9471 204.1565
481.1129 195.9640
483.1771 191.6645
488.5247 166.7447
488.6851 165.9319
488.4819 164.6805
486.8883 161.4506
463.3803 164.9693
438.4391 159.3329

Cabarrus
9
454.3536 206.6698
438.4391 159.3329
432.9525 161.6859
418.8348 167.6645
404.8028 184.2527
400.5140 196.4880
400.3643 197.4078
400.4605 198.4132
405.6691 199.2367

Union
10
463.3803 164.9693
467.3161 111.8570
440.4819 107.8784
416.4177 104.3276
414.1504 104.7554
414.0969 106.0602
413.3268 120.1351
405.4231 128.0923
432.9525 161.6859
438.4391 159.3329

Anson
20
486.8883 161.4506
487.1771 160.2420
488.4819 157.3436
493.7439 155.2795
496.6744 154.9800
497.2627 155.0763
497.9364 155.6645
498.2145 156.0495
498.5568 157.4506
500.7814 159.8142
502.2145 160.6805
504.0006 160.6805
506.0327 158.1672
509.2199 153.0121
517.5407 133.1083
517.5407 132.3811
516.4498 129.7714
511.0915 118.1993
467.3161 111.8570
463.3803 164.9693

Rockingham
6
493.5942 359.7180
515.7653 363.4292
520.4498 323.2260
520.5782 322.0709
465.4445 314.7875
459.7012 354.0174

Guilford
5
465.4445 314.7875
520.5782 322.0709
527.7225 275.1083
471.9899 268.4559
470.3536 280.8410

Randolph
6
527.7225 275.1083
529.0167 267.3971
535.3803 222.2420
512.0113 217.6538
479.4766 211.2902
471.9899 268.4559

Montgomery
22
512.0113 217.6538
523.6263 188.1458
523.9578 186.4132
525.5942 183.7714
531.9151 176.3811
534.5247 174.2634
537.3696 173.0121
526.1290 172.3811
510.6530 171.1832
504.7814 167.2260
493.2627 162.1672
490.7921 161.6431
486.8883 161.4506
488.4819 164.6805
488.6851 165.9319
488.5247 166.7447
483.1771 191.6645
481.1129 195.9640
475.9471 204.1565
475.2733 204.5843
466.7386 208.9158
479.4766 211.2902

Richmond
34
486.8883 161.4506
490.7921 161.6431
493.2627 162.1672
504.7814 167.2260
510.6530 171.1832
526.1290 172.3811
537.3696 173.0121
557.4231 159.5148
551.9685 156.1458
547.9151 152.4773
546.0755 150.5094
545.4979 145.0549
545.9364 143.3757
546.9525 141.7821
545.3696 133.7714
543.6263 130.0602
537.7546 122.5415
511.0915 118.1993
516.4498 129.7714
517.5407 132.3811
517.5407 133.1083
509.2199 153.0121
506.0327 158.1672
504.0006 160.6805
502.2145 160.6805
500.7814 159.8142
498.5568 157.4506
498.2145 156.0495
497.9364 155.6645
497.2627 155.0763
496.6744 154.9800
493.7439 155.2795
488.4819 157.3436
487.1771 160.2420

Scotland
12
574.6102 133.7287
567.0167 103.0656
537.7546 122.5415
543.6263 130.0602
545.3696 133.7714
546.9525 141.7821
545.9364 143.3757
545.4979 145.0549
546.0755 150.5094
547.9151 152.4773
551.9685 156.1458
557.4231 159.5148

Caswell
8
556.1076 370.7019
561.7439 329.4399
550.4712 327.6538
520.4498 323.2260
515.7653 363.4292
520.1504 364.2420
533.9364 366.6912
547.3910 369.1618

Alamance
6
520.4498 323.2260
550.4712 327.6538
560.2573 277.6110
529.0167 267.3971
527.7225 275.1083
520.5782 322.0709

Moore
17
557.9364 226.5736
581.4124 201.0228
593.8081 187.0549
594.0969 184.5308
576.6958 186.7019
572.9311 183.4292
567.6370 177.1190
560.7386 165.5468
557.4231 159.5148
537.3696 173.0121
534.5247 174.2634
531.9151 176.3811
525.5942 183.7714
523.9578 186.4132
523.6263 188.1458
512.0113 217.6538
535.3803 222.2420

Hoke
10
557.4231 159.5148
560.7386 165.5468
567.6370 177.1190
572.9311 183.4292
576.6958 186.7019
594.0969 184.5308
606.4926 155.6645
593.6584 138.3597
587.5942 135.5682
574.6102 133.7287

Robeson
14
606.4926 155.6645
624.1824 142.1137
638.3963 124.1886
638.8241 122.1565
637.7225  97.5682
636.2359  94.6271
630.9311  89.4399
624.2252  75.0228
618.5354  65.5789
568.5461 102.0067
567.0167 103.0656
574.6102 133.7287
587.5942 135.5682
593.6584 138.3597

Columbus
21
706.7493  96.0388
718.3215  92.2099
711.6691  71.0656
698.1717  63.4506
686.1183  59.3009
684.8241  59.1939
683.9578  58.8730
681.1129  55.3971
675.9578  36.4452
674.3536  25.7073
618.5354  65.5789
624.2252  75.0228
630.9311  89.4399
636.2359  94.6271
640.9525  92.7554
641.9151  92.7554
644.2787  93.1832
656.5675  96.3704
670.5461  93.3864
686.2145  88.9586
698.5996  89.8677

Brunswick
25
718.3215  92.2099
733.6798  91.5468
742.8562  80.7019
749.5086  65.0870
751.8188  56.4987
752.3536  53.5255
754.5675  38.7126
746.5140  31.3864
737.4659  32.1565
732.6316  32.1137
728.0541  31.5361
717.0594  29.2260
705.6905  25.6538
705.3054  25.5148
705.2627  25.5148
692.1931  17.9426
688.9525  15.2902
674.3536  25.7073
675.9578  36.4452
681.1129  55.3971
683.9578  58.8730
684.8241  59.1939
686.1183  59.3009
698.1717  63.4506
711.6691  71.0656

New_Hanover
20
769.5621  92.8517
767.4873  89.7287
765.5621  85.5255
760.4498  72.8517
759.6263  69.5682
757.7012  60.0388
757.5193  58.8730
754.5675  38.7126
752.3536  53.5255
751.8188  56.4987
749.5086  65.0870
742.8562  80.7019
733.6798  91.5468
744.3963  98.1137
753.0808 102.2527
757.5621 102.3062
756.6851 100.9479
757.1664  99.8891
758.9525  98.1565
766.7172  92.8517

Bladen
25
668.6102 153.3436
702.9418 117.0976
701.4445 114.5415
701.7439 113.8784
704.4926 110.4452
706.4605 109.2367
709.8402 108.8089
713.9258 106.6378
706.7493  96.0388
698.5996  89.8677
686.2145  88.9586
670.5461  93.3864
656.5675  96.3704
644.2787  93.1832
641.9151  92.7554
640.9525  92.7554
636.2359  94.6271
637.7225  97.5682
638.8241 122.1565
638.3963 124.1886
624.1824 142.1137
630.3429 145.0121
634.9846 146.2099
664.4712 151.8570
667.5514 152.6271

Cumberland
19
645.2413 203.9640
643.2092 181.9853
643.2092 180.9693
645.9151 175.0335
649.4873 168.3811
650.3001 167.1297
668.6102 153.3436
667.5514 152.6271
664.4712 151.8570
634.9846 146.2099
630.3429 145.0121
624.1824 142.1137
606.4926 155.6645
594.0969 184.5308
593.8081 187.0549
597.2306 188.5843
617.0915 197.6966
626.8776 202.9586
630.2038 203.7180

Chatham
19
598.0113 283.1618
598.2359 279.6431
594.5782 246.1886
604.0755 244.1137
599.4873 234.6164
588.7065 243.1083
586.5675 244.5094
585.4231 245.0228
582.4284 245.8570
580.2038 245.6645
578.2252 245.0228
573.5621 237.8570
568.5889 233.5041
560.6851 227.9212
557.9364 226.5736
535.3803 222.2420
529.0167 267.3971
560.2573 277.6110
586.0434 280.3597

Harnett
11
604.0755 244.1137
628.3215 239.4399
651.8509 215.0121
645.2413 203.9640
630.2038 203.7180
626.8776 202.9586
617.0915 197.6966
597.2306 188.5843
593.8081 187.0549
581.4124 201.0228
599.4873 234.6164

Lee
12
557.9364 226.5736
560.6851 227.9212
568.5889 233.5041
573.5621 237.8570
578.2252 245.0228
580.2038 245.6645
582.4284 245.8570
585.4231 245.0228
586.5675 244.5094
588.7065 243.1083
599.4873 234.6164
581.4124 201.0228

Orange
5
561.7439 329.4399
583.8937 333.0014
586.0434 280.3597
560.2573 277.6110
550.4712 327.6538

Person
5
556.1076 370.7019
593.1343 377.3971
600.1717 335.5148
583.8937 333.0014
561.7439 329.4399

Durham
10
600.1717 335.5148
610.0541 314.0709
616.9418 307.1190
616.4605 300.7554
615.2199 297.2367
612.7386 292.9479
606.2894 284.5629
598.0113 283.1618
586.0434 280.3597
583.8937 333.0014

Pender
21
714.3215 142.9800
762.1824 151.9960
787.6905 117.3971
769.5621  92.8517
766.7172  92.8517
758.9525  98.1565
757.1664  99.8891
756.6851 100.9479
757.5621 102.3062
753.0808 102.2527
744.3963  98.1137
733.6798  91.5468
718.3215  92.2099
706.7493  96.0388
713.9258 106.6378
709.8402 108.8089
706.4605 109.2367
704.4926 110.4452
701.7439 113.8784
701.4445 114.5415
702.9418 117.0976

Sampson
17
651.8509 215.0121
678.5996 215.9212
696.6209 205.6538
699.9044 190.7554
705.8723 166.9051
704.2359 143.2260
712.2466 140.8196
712.9311 141.2046
714.3215 142.9800
702.9418 117.0976
668.6102 153.3436
650.3001 167.1297
649.4873 168.3811
645.9151 175.0335
643.2092 180.9693
643.2092 181.9853
645.2413 203.9640

Wayne
8
697.2092 261.7180
723.9044 265.0763
731.1878 237.8035
733.1664 211.0014
696.6209 205.6538
678.5996 215.9212
682.9311 222.2420
691.6584 236.9372

Johnston
12
679.4552 278.8730
684.2359 273.7714
690.0755 262.8624
697.2092 261.7180
691.6584 236.9372
682.9311 222.2420
678.5996 215.9212
651.8509 215.0121
628.3215 239.4399
643.4979 260.6912
658.9632 277.9105
670.3536 289.4827

Wake
20
610.0541 314.0709
633.3375 311.3650
639.6477 309.8677
647.5942 307.3971
662.5889 298.9693
666.4498 295.7501
670.0648 290.8730
670.3536 289.4827
658.9632 277.9105
643.4979 260.6912
628.3215 239.4399
604.0755 244.1137
594.5782 246.1886
598.2359 279.6431
598.0113 283.1618
606.2894 284.5629
612.7386 292.9479
615.2199 297.2367
616.4605 300.7554
616.9418 307.1190

Granville
12
599.8295 378.7019
629.8188 384.2955
626.1504 379.6110
625.8616 376.9051
626.7814 367.9532
630.6851 347.0335
633.3803 334.1565
634.8776 333.3436
633.3375 311.3650
610.0541 314.0709
600.1717 335.5148
593.1343 377.3971

Vance
9
629.8188 384.2955
644.1824 387.1832
653.1450 349.6324
634.8776 333.3436
633.3803 334.1565
630.6851 347.0335
626.7814 367.9532
625.8616 376.9051
626.1504 379.6110

Warren
6
674.1610 392.9265
689.9792 396.0602
691.1771 390.8944
687.4231 347.1725
653.1450 349.6324
644.1824 387.1832

Franklin
10
687.4231 347.1725
670.3536 289.4827
670.0648 290.8730
666.4498 295.7501
662.5889 298.9693
647.5942 307.3971
639.6477 309.8677
633.3375 311.3650
634.8776 333.3436
653.1450 349.6324

Nash
7
722.2252 346.8410
721.9258 340.1458
717.4124 317.3864
715.5728 305.0976
679.4552 278.8730
670.3536 289.4827
687.4231 347.1725

Northampton
16
769.3161 411.9212
779.2520 403.3329
774.8669 387.7073
772.7386 370.1244
765.8616 357.6324
765.2199 357.0121
764.1076 357.2153
754.7172 361.2046
730.5140 377.5896
728.5461 386.3169
717.5942 392.1992
691.6584 391.7607
691.1771 390.8944
689.9792 396.0602
704.2894 398.7982
755.1450 408.8303

Halifax
17
691.1771 390.8944
691.6584 391.7607
717.5942 392.1992
728.5461 386.3169
730.5140 377.5896
754.7172 361.2046
764.1076 357.2153
765.2199 357.0121
765.8616 357.6324
764.5461 344.0816
758.2894 332.9586
756.0113 332.3276
744.8776 334.8944
742.9632 339.0228
737.0274 342.2100
722.2252 346.8410
687.4231 347.1725

Edgecombe
17
758.2894 332.9586
768.9311 308.8089
764.2573 309.8142
756.1610 303.6966
753.8509 299.7501
750.6637 295.6431
738.8455 282.7768
731.0487 288.7554
726.0220 298.8837
715.5728 305.0976
717.4124 317.3864
721.9258 340.1458
722.2252 346.8410
737.0274 342.2099
742.9632 339.0228
744.8776 334.8944
756.0113 332.3276

Wilson
10
715.5728 305.0976
726.0220 298.8837
731.0487 288.7554
738.8455 282.7768
735.2413 278.5308
723.9044 265.0763
697.2092 261.7180
690.0755 262.8624
684.2359 273.7714
679.4552 278.8730

Greene
9
735.2413 278.5308
765.8616 252.5950
756.9739 244.6912
750.0755 239.2902
746.4605 237.6645
745.4659 237.4613
743.4338 239.7714
731.1878 237.8035
723.9044 265.0763

Lenoir
15
777.5193 242.6698
771.3803 225.6538
765.3161 226.4773
768.9846 216.9265
768.9311 216.0174
761.5621 201.4613
749.0808 190.0281
733.1664 211.0014
731.1878 237.8035
743.4338 239.7714
745.4659 237.4613
746.4605 237.6645
750.0755 239.2902
756.9739 244.6912
765.8616 252.5950

Jones
22
771.3803 225.6538
772.5461 225.5041
806.2894 212.0602
809.7119 210.2313
813.9044 212.7875
815.1557 212.5415
815.8402 211.7180
817.8616 205.4613
822.0541 179.5148
825.1878 176.1565
817.3268 172.0495
808.9418 183.5148
808.4070 184.1672
802.2359 188.9158
798.7600 189.3436
767.1557 189.3436
755.7225 186.3704
749.0808 190.0281
761.5621 201.4613
768.9311 216.0174
768.9846 216.9265
765.3161 226.4773

Duplin
14
696.6209 205.6538
733.1664 211.0014
749.0808 190.0281
755.7225 186.3704
760.0648 180.3490
761.2199 154.4666
761.3161 153.6003
762.1824 151.9960
714.3215 142.9800
712.9311 141.2046
712.2466 140.8196
704.2359 143.2260
705.8723 166.9051
699.9044 190.7554

Onslow
13
755.7225 186.3704
767.1557 189.3436
798.7600 189.3436
802.2359 188.9158
808.4070 184.1672
808.9418 183.5148
817.3268 172.0495
827.2092 153.3971
787.6905 117.3971
762.1824 151.9960
761.3161 153.6003
761.2199 154.4666
760.0648 180.3490

Carteret
32
868.3001 215.6752
868.7707 214.7554
870.7493 212.6484
875.2733 213.1190
896.5354 215.4292
899.8081 198.9479
922.3215 222.9051
916.7707 209.6003
894.9418 170.4666
889.3054 167.0014
885.5193 168.2955
873.9258 170.5522
868.2252 169.8784
863.4766 168.9158
858.3536 167.4292
848.8135 163.9426
839.8937 160.2420
838.9204 159.8142
838.5247 159.6217
835.6370 158.2099
833.1878 156.8089
828.9953 154.4025
827.2092 153.3971
817.3268 172.0495
825.1878 176.1565
839.7974 180.2527
860.6637 189.5468
867.1771 194.0816
869.2520 200.6805
869.7760 203.8142
868.9953 204.5308
862.0113 209.0228

Pamlico
25
863.3589 259.9212
875.5621 260.0174
877.7760 259.3436
879.4124 256.9907
880.4391 254.6271
880.8669 252.4987
879.2733 245.3222
876.1290 231.9319
874.4070 227.8677
868.3001 215.6752
862.0113 209.0228
857.1985 204.0495
855.2627 203.1404
850.9739 202.5629
841.0487 205.0121
834.8241 208.4880
832.2252 211.2367
827.1557 226.5201
828.3750 233.0870
829.8188 236.5094
834.2145 241.8035
840.7065 237.8035
863.5621 245.2260
864.5140 250.4345
864.5140 251.6859

Craven
29
797.3268 257.7607
834.2145 241.8035
829.8188 236.5094
828.3750 233.0870
827.1557 226.5201
832.2252 211.2367
834.8241 208.4880
841.0487 205.0121
850.9739 202.5629
855.2627 203.1404
857.1985 204.0495
862.0113 209.0228
868.9953 204.5308
869.7760 203.8142
869.2520 200.6805
867.1771 194.0816
860.6637 189.5468
839.7974 180.2527
825.1878 176.1565
822.0541 179.5148
817.8616 205.4613
815.8402 211.7180
815.1557 212.5415
813.9044 212.7875
809.7119 210.2313
806.2894 212.0602
772.5461 225.5041
771.3803 225.6538
777.5193 242.6698

Pitt
11
768.9311 308.8089
790.5675 300.8944
797.3268 257.7607
777.5193 242.6698
765.8616 252.5950
735.2413 278.5308
738.8455 282.7768
750.6637 295.6431
753.8509 299.7501
756.1610 303.6966
764.2573 309.8142

Martin
16
764.5461 344.0816
764.6958 343.3222
765.7012 341.7714
782.1824 328.4773
783.4979 327.7073
801.1771 321.2367
802.4391 320.9051
823.9364 323.5575
831.8937 327.9960
827.1557 304.4239
816.6102 297.0870
813.1343 294.8837
803.3589 297.9212
790.5675 300.8944
768.9311 308.8089
758.2894 332.9586

Chowan
11
826.7707 388.0923
840.0755 398.6805
839.9471 382.6484
845.3910 365.6431
845.8188 365.2046
847.0808 364.5736
849.5300 364.1992
854.0113 363.8570
863.8295 364.4345
837.5300 351.2795
827.1557 380.7768

Hertford
21
796.2145 416.9800
798.2894 413.8891
798.1397 412.5415
796.2680 407.0976
794.4819 406.2741
796.3429 398.7982
796.7493 398.3062
798.4391 397.1618
801.5193 396.2527
811.3589 394.6164
814.3429 394.6164
826.7707 388.0923
827.1557 380.7768
806.2894 376.3918
794.5782 373.4934
775.6370 370.1244
772.7386 370.1244
774.8669 387.7073
779.2520 403.3329
769.3161 411.9212
796.0220 416.9372

Bertie
17
827.1557 380.7768
837.5300 351.2795
837.0915 340.4666
831.8937 327.9961
823.9364 323.5576
802.4391 320.9051
801.1771 321.2367
783.4979 327.7073
782.1824 328.4773
765.7012 341.7715
764.6958 343.3223
764.5461 344.0816
765.8616 357.6324
772.7386 370.1244
775.6370 370.1244
794.5782 373.4934
806.2894 376.3918

Gates
16
836.3750 426.1351
842.8776 421.8463
850.7279 404.6912
840.0755 398.6805
826.7707 388.0923
814.3429 394.6164
811.3589 394.6164
801.5193 396.2527
798.4391 397.1618
796.7493 398.3062
796.3429 398.7982
794.4819 406.2741
796.2680 407.0976
798.1397 412.5415
798.2894 413.8891
796.2145 416.9800

Camden
17
841.7867 427.2901
860.9525 431.3436
881.1985 417.9426
894.3108 410.7661
894.8455 411.2367
896.3322 411.0976
898.7921 410.1351
906.9418 403.9639
918.0541 388.3918
918.1290 388.0495
900.3856 387.5789
897.0487 391.3329
888.6637 397.2153
872.3322 407.1511
850.3001 417.2688
842.8776 421.8463
836.3750 426.1351

Pasquotank
11
842.8776 421.8463
850.3001 417.2688
872.3322 407.1511
888.6637 397.2153
897.0487 391.3329
900.3856 387.5789
886.8883 375.4827
876.0006 382.5629
862.5889 390.2741
851.8509 402.7982
850.7279 404.6912

Perquimans
13
850.7279 404.6912
851.8509 402.7982
862.5889 390.2741
876.0006 382.5629
886.8883 375.4827
863.8295 364.4345
854.0113 363.8570
849.5300 364.1992
847.0808 364.5736
845.8188 365.2046
845.3910 365.6431
839.9471 382.6484
840.0755 398.6805

Beaufort
22
849.7225 309.0121
869.4979 294.3062
860.4712 285.4292
859.2199 284.7019
858.8776 284.1244
858.8776 283.5468
859.3161 281.9105
862.8348 275.3864
866.6530 270.3383
868.5247 268.1672
863.3589 259.9212
864.5140 251.6859
864.5140 250.4345
863.5621 245.2260
840.7065 237.8035
834.2145 241.8035
797.3268 257.7607
790.5675 300.8944
803.3589 297.9212
813.1343 294.8837
816.6102 297.0870
827.1557 304.4239

Washington
18
837.0915 340.4666
837.1878 340.3811
839.4124 339.4720
840.1290 339.4185
846.4926 341.1511
857.0487 345.2581
860.3856 347.5041
861.5300 349.1083
867.9044 352.3918
868.9632 351.9853
870.0648 351.0335
873.3482 347.5682
875.1343 333.0014
872.9097 325.6752
876.3856 313.4827
849.7225 309.0121
827.1557 304.4239
831.8937 327.9960

Tyrrell
17
917.2627 318.0709
876.3856 313.4827
872.9097 325.6752
875.1343 333.0014
873.3482 347.5682
881.9044 353.6966
887.7974 357.1083
891.7012 358.6484
904.1504 361.2474
908.8776 359.1297
910.2252 357.9212
912.9204 350.6484
912.6744 348.8624
912.6316 344.9586
913.7439 337.3864
915.7225 329.6324
917.5407 320.5201

Dare
24
917.2627 318.0709
917.5407 320.5201
915.7225 329.6324
913.7439 337.3864
912.6316 344.9586
912.6744 348.8624
912.9204 350.6484
917.5407 359.4292
918.3643 360.3383
922.2252 362.8837
924.3429 363.5575
926.4177 363.9532
927.6156 363.9105
932.4819 362.5629
936.3429 358.9907
944.1504 347.9853
945.4231 345.9212
950.5996 329.4399
950.7172 328.8089
950.9097 319.1725
947.3375 311.7928
945.1236 310.5843
940.8241 309.1939
937.0274 310.0602

Dare
16
947.9151 361.5896
949.8937 360.6805
951.8616 359.1297
954.4284 356.4773
956.3963 353.1083
957.8937 347.6645
957.4124 346.6378
956.9739 346.5522
951.8081 347.4720
950.8562 348.1886
942.7600 359.9960
942.1717 361.0121
942.1183 361.3008
942.9418 362.0281
944.3429 362.3062
945.9899 362.3062

Dare
37
960.8348 260.7447
962.8562 261.8570
964.4498 262.9158
973.1771 268.9479
982.5247 275.8784
982.7814 278.0923
982.2787 292.0816
981.6156 301.4292
980.4498 315.2688
979.0487 321.5362
978.0434 324.6699
976.5996 327.9319
974.8669 330.1137
973.4979 331.8463
967.9151 343.8570
968.3215 344.3383
968.9311 344.2420
969.1343 344.1886
969.3589 343.8998
972.2145 340.4239
973.3161 338.6378
976.6423 332.2848
978.6102 327.7073
981.3161 321.6324
982.1824 315.6966
982.3856 313.9212
983.3910 305.4827
984.3429 293.1404
984.8028 283.0656
984.7386 270.8196
984.1610 269.5576
982.8669 269.6110
981.0808 269.7608
978.9097 269.1297
975.7332 267.9319
973.1771 266.3383
961.7439 258.9158

Dare
13
928.4391 400.4024
934.4712 390.7126
934.5033 390.6698
937.8402 385.6431
941.2092 381.2581
947.0487 374.4131
953.2627 366.0281
961.3161 355.1725
966.6102 346.9907
966.0969 345.3971
955.1985 357.5361
936.6423 379.9639
926.2787 399.3329

Currituck
33
881.4766 435.6752
908.9739 441.5575
928.4391 400.4024
926.2787 399.3329
914.6102 423.5896
907.4231 431.4827
906.5568 431.8249
895.5728 432.3490
893.9578 431.6431
893.6049 431.1511
893.1450 430.1351
893.2092 428.4987
895.1771 425.5041
896.3322 424.1565
897.4017 423.5896
902.5996 421.2153
909.5407 413.4934
928.9739 383.6110
930.8028 379.6645
930.8990 378.1778
930.2252 378.1778
925.6905 380.0495
924.1610 381.0655
921.2520 384.0067
918.1290 388.0495
918.0541 388.3918
906.9418 403.9639
898.7921 410.1351
896.3322 411.0976
894.8455 411.2367
894.3108 410.7661
881.1985 417.9426
860.9525 431.3436

Hyde
28
917.2627 318.0709
937.0274 310.0602
934.4712 308.1351
929.6905 301.0976
929.3589 300.4132
926.3750 292.5094
926.8028 290.9265
926.7493 289.4827
926.1397 285.0442
925.9899 284.1244
925.4552 283.1190
921.3589 276.6057
914.5140 269.1297
913.8402 268.7019
885.8830 265.9960
884.8669 265.9426
875.7974 267.0656
868.5247 268.1672
866.6530 270.3383
862.8348 275.3864
859.3161 281.9105
858.8776 283.5468
858.8776 284.1244
859.2199 284.7019
860.4712 285.4292
869.4979 294.3062
849.7225 309.0121
876.3856 313.4827

Hyde
16
960.8348 260.7447
961.7439 258.9158
959.6798 257.7607
957.6905 256.1672
952.7386 252.1672
945.7439 246.1458
942.6637 243.4399
939.1878 239.3436
937.5514 236.9372
936.4391 235.9212
936.1076 236.3490
936.2145 236.8944
937.9364 241.8035
939.9151 244.6378
946.9097 250.7661
957.5086 259.2581

