906 800

New_Madrid
45
819.5421 164.6538
842.0517 167.8455
870.1212 130.0334
859.8510 107.0090
850.8677 106.1210
852.1676 108.5663
852.3735 108.9781
852.5408 109.6087
852.9526 111.2432
853.0685 111.6937
853.0685 112.4015
853.0170 112.6847
853.0170 112.7490
852.6051 114.5508
851.7943 116.4685
851.7171 116.6358
850.8677 117.9614
850.6875 118.0772
850.4044 118.3089
850.0569 118.5405
848.0234 119.1197
844.3168 119.6988
841.8844 119.3642
841.0607 118.8494
839.5421 116.8159
839.3233 116.5199
839.1560 115.8893
838.9758 115.1300
838.8471 114.5508
838.9758 114.0232
839.1045 113.3282
839.1560 113.2123
840.5974 110.1364
840.7776 109.9562
843.7248 105.7349
844.7802  78.7593
837.8175  89.4800
835.1920  90.5869
825.5781  88.8494
815.8226  85.0914
795.4751  83.8044
789.0916  83.8044
786.8136 123.9331
820.9320 125.8636
817.8690 164.5380

Pemiscot
10
844.7802  78.7593
835.3078  52.7748
823.5961  21.0373
793.4932  18.7722
789.0916  83.8044
795.4751  83.8044
815.8226  85.0914
825.5781  88.8494
835.1920  90.5869
837.8175  89.4800

Atchison
19
 17.7789 760.3809
 66.8522 759.8661
 88.3194 759.6860
 88.5511 743.1094
 91.5627 743.1094
 91.7300 727.3179
 91.5112 706.7258
 44.7544 706.9060
 44.8831 709.9176
 44.8831 710.1493
 44.9217 710.4453
 44.5871 711.3076
 35.8226 719.8404
 27.6502 740.3809
 26.9552 743.3282
 28.3966 744.6666
 31.1251 749.5444
 26.4275 753.7143
 24.7930 750.1750

Holt
24
 91.5112 706.7258
103.4417 706.6872
106.1187 701.5135
105.7840 700.8829
105.1405 695.7735
106.8265 687.3951
107.5730 686.1338
109.0916 684.9240
115.7454 646.5843
111.3954 641.6551
111.2924 641.5393
110.5459 640.8443
109.6064 640.4968
104.7802 640.0335
104.2010 639.9820
103.7377 640.1493
101.3053 641.0759
 98.1779 642.2342
 91.9745 646.2239
 76.6592 660.0849
 75.8484 661.2561
 75.7840 662.8134
 44.7544 706.4427
 44.7544 706.9060

Platte
6
102.4764 584.9755
166.2087 585.5547
166.5047 572.8005
167.0968 523.2638
142.5537 529.8147
119.6965 566.0309

Buchanan
13
165.3464 633.6499
165.5781 621.5135
166.2087 585.5547
102.4764 584.9755
107.5086 600.1107
109.0144 602.2600
113.3773 608.6306
113.8921 609.2226
123.0556 617.3307
125.7326 617.7941
128.3966 623.7271
127.4057 628.3089
126.3632 633.2381

Andrew
6
164.2010 684.9240
164.4713 670.3552
165.3464 633.6499
126.3632 633.2381
115.7454 646.5843
109.0916 684.9240

Nodaway
16
124.3941 759.4543
159.8510 759.2741
164.4713 728.4890
164.2010 684.9240
109.0916 684.9240
107.5730 686.1338
106.8265 687.3951
105.1405 695.7735
105.7840 700.8829
106.1187 701.5135
103.4417 706.6872
 91.5112 706.7258
 91.7300 727.3179
 91.5627 743.1094
 88.5511 743.1094
 88.3194 759.6859

Worth,_NO
5
179.9668 759.5186
209.9024 760.2265
212.7338 728.8880
164.4713 728.4890
159.8510 759.2741

Gentry
6
164.4713 728.4890
212.7338 728.8880
213.2615 687.3951
213.2615 670.4324
164.4713 670.3552
164.2010 684.9240

DeKalb
6
213.2615 670.4324
215.6939 629.3642
215.8098 622.1441
165.5781 621.5135
165.3464 633.6499
164.4713 670.3552

Clinton
6
215.8098 622.1441
216.1701 585.5547
216.1701 573.4311
166.5047 572.8005
166.2087 585.5547
165.5781 621.5135

Clay
16
166.5047 572.8005
216.1701 573.4311
216.6849 532.0154
212.9655 535.8378
212.2705 536.3011
210.9964 536.7645
206.5820 536.8288
205.0890 536.0824
204.3297 535.1300
203.3516 533.2381
202.7081 530.3295
201.0093 527.8455
197.2512 523.9588
184.3683 517.5753
166.5047 515.4775
167.0968 523.2638

Caldwell
8
215.6939 629.3642
229.9668 629.1197
255.7068 629.7503
272.3091 629.8275
273.0685 600.8700
273.3001 586.3140
216.1701 585.5547
215.8098 622.1441

Daviess
8
270.3400 688.0515
271.2667 659.0425
272.3091 629.8275
255.7068 629.7503
229.9668 629.1197
215.6939 629.3642
213.2615 670.4324
213.2615 687.3951

Harrison
7
267.2641 762.3500
269.8767 709.9691
270.3400 688.0515
213.2615 687.3951
212.7338 728.8880
209.9024 760.2265
237.0453 761.0759

Mercer
6
294.4713 763.4697
317.3799 764.1004
319.2332 731.1531
319.7094 711.6551
269.8767 709.9691
267.2641 762.3500

Grundy
6
319.7094 711.6551
321.4468 672.6847
321.7300 661.7323
271.2667 659.0425
270.3400 688.0515
269.8767 709.9691

Livingston
8
321.7300 661.7323
321.9616 647.0476
322.6051 617.5753
335.0247 617.9228
334.0208 603.1480
273.0685 600.8700
272.3091 629.8275
271.2667 659.0425

Carroll
16
273.0685 600.8700
334.0208 603.1480
357.2255 565.0141
351.9488 564.5637
346.5176 562.4659
334.8316 552.0283
327.5858 539.8404
326.1959 538.9781
321.0993 537.7040
319.3619 538.0000
318.5511 538.7464
310.1856 548.4890
296.5562 539.3771
288.0234 540.4324
274.6901 533.2381
273.3001 586.3140

Ray
15
273.3001 586.3140
274.6901 533.2381
265.2950 534.3964
247.4185 531.7966
240.3529 526.0952
240.6875 525.4646
240.9320 523.6628
238.2036 521.3333
236.8136 520.4195
235.0762 520.1235
233.2744 520.3037
230.6618 521.6422
216.6849 532.0154
216.1701 573.4311
216.1701 585.5547

Lafayette
19
274.6901 533.2381
288.0234 540.4324
296.5562 539.3771
310.1856 548.4890
309.2589 489.9047
309.2589 487.4594
265.9385 487.9871
265.8612 483.1094
230.1984 483.7529
230.6618 521.6422
233.2744 520.3037
235.0762 520.1235
236.8136 520.4195
238.2036 521.3333
240.9320 523.6628
240.6875 525.4646
240.3529 526.0952
247.4185 531.7966
265.2950 534.3964

Jackson
18
230.6618 521.6422
230.1984 483.7529
229.8510 469.6602
167.0968 470.9344
166.6849 503.8816
166.5047 515.4775
184.3683 517.5753
197.2512 523.9588
201.0093 527.8455
202.7081 530.3295
203.3516 533.2381
204.3297 535.1300
205.0890 536.0824
206.5820 536.8288
210.9964 536.7645
212.2705 536.3011
212.9655 535.8378
216.6849 532.0154

Johnson
7
309.2589 487.4594
309.0788 425.1557
237.7918 425.3488
229.8510 469.6602
230.1984 483.7529
265.8612 483.1094
265.9385 487.9871

Henry
6
309.0788 425.1557
309.0788 417.8584
309.0273 366.7516
240.8806 366.2883
238.0234 405.2201
237.7918 425.3488

Cass
9
167.0968 470.9344
229.8510 469.6602
237.7918 425.3488
238.0234 405.2201
219.4520 405.1042
212.2062 405.8507
204.7287 408.6950
167.3284 409.0939
167.1482 452.7233

St._Clair
12
240.8806 366.2883
309.0273 366.7516
312.1676 344.3578
311.8201 317.6911
308.4996 317.6911
304.3812 310.4324
304.2139 303.1094
297.0195 303.1866
273.1843 303.5341
273.3516 313.2123
239.8896 313.8558
240.4044 336.5972

Bates
12
167.3284 409.0939
204.7287 408.6950
212.2062 405.8507
219.4520 405.1042
238.0234 405.2201
240.8806 366.2883
240.4044 336.5972
230.6103 340.0077
221.9102 339.2741
216.7493 338.5019
168.1907 339.2741
167.4957 394.2419

Cedar
7
239.8896 313.8558
273.3516 313.2123
273.1843 303.5341
297.0195 303.1866
299.6965 260.3166
239.7223 260.4324
239.7223 270.1750

Vernon
10
240.4044 336.5972
239.8896 313.8558
239.7223 270.1750
168.7055 271.2690
168.6540 274.5251
168.2551 335.3745
168.1907 339.2741
216.7493 338.5019
221.9102 339.2741
230.6103 340.0077

Dade
6
239.7223 260.4324
299.6965 260.3166
299.6322 236.0051
299.6322 211.6551
243.7120 211.7194
239.6064 221.5650

Barton
5
239.7223 270.1750
239.7223 260.4324
239.6064 221.5650
169.4649 222.8520
168.7055 271.2690

Jasper
6
239.6064 221.5650
243.7120 211.7194
243.6605 171.2175
170.1470 171.3977
169.5163 218.5019
169.4649 222.8520

Newton
4
170.1470 171.3977
243.6605 171.2175
243.3645 121.0502
170.8033 122.9035

McDonald
5
243.3645 121.0502
243.1328  79.3385
171.4854  78.1930
171.0865 106.3655
170.8033 122.9035

Lawrence
7
299.6322 211.6551
302.6437 180.9601
302.8754 163.8558
303.1071 151.6679
243.5446 151.7838
243.6605 171.2175
243.7120 211.7194

Barry
7
243.5446 151.7838
303.1071 151.6679
303.2872 134.5508
308.4481 134.5508
308.3966  80.8443
271.0350  79.9176
243.1328  79.3385

Polk
6
304.2139 303.1094
354.5099 300.2780
357.0710 235.8378
299.6322 236.0051
299.6965 260.3166
297.0195 303.1866

Stone
9
302.8754 163.8558
338.7827 164.2548
339.0144 134.9755
344.0080 135.0270
344.0594  81.7194
308.3966  80.8443
308.4481 134.5508
303.2872 134.5508
303.1071 151.6679

Greene
8
357.0710 235.8378
371.3825 235.8893
371.6914 211.6551
373.6476 211.6551
374.1109 181.3719
302.6437 180.9601
299.6322 211.6551
299.6322 236.0051

Taney
7
396.0929 135.3230
415.1791 135.4260
415.9385  83.8558
405.0762  83.5084
346.6206  81.7709
344.0594  81.7194
344.0080 135.0270

Christian
8
374.1109 181.3719
395.5138 179.0425
396.0929 135.3230
344.0080 135.0270
339.0144 134.9755
338.7827 164.2548
302.8754 163.8558
302.6437 180.9601

Webster
10
399.7480 248.3603
421.5755 248.7207
422.0903 212.2342
423.8149 212.2342
424.0594 179.4028
395.5138 179.0425
374.1109 181.3719
373.6476 211.6551
371.6914 211.6551
371.3825 235.8893

Dallas
8
368.9501 317.4594
397.1997 317.2278
397.5987 287.9742
399.3490 288.0386
399.7480 248.3603
371.3825 235.8893
357.0710 235.8378
354.5099 300.2780

Hickory
8
312.1676 344.3578
369.0530 344.2419
368.9501 317.4594
354.5099 300.2780
304.2139 303.1094
304.3812 310.4324
308.4996 317.6911
311.8201 317.6911

Benton
9
309.0788 417.8584
337.5601 417.5753
337.6244 422.4530
351.1380 422.6075
366.4018 422.4530
366.4533 377.3179
369.0530 344.2419
312.1676 344.3578
309.0273 366.7516

Pettis
12
309.2589 489.9047
334.2525 489.3899
360.7132 489.3899
366.5176 489.0811
366.5176 449.7117
366.4018 422.4530
351.1380 422.6075
337.6244 422.4530
337.5601 417.5753
309.0788 417.8584
309.0788 425.1557
309.2589 487.4594

Saline
16
357.2255 565.0141
390.6489 539.6731
380.6103 512.3629
366.5176 489.0811
360.7132 489.3899
334.2525 489.3899
309.2589 489.9047
310.1856 548.4890
318.5511 538.7464
319.3619 538.0000
321.0993 537.7040
326.1959 538.9781
327.5858 539.8404
334.8316 552.0283
346.5176 562.4659
351.9488 564.5637

Chariton
7
386.9295 618.9009
408.4610 604.5894
408.1650 556.3140
390.6489 539.6731
357.2255 565.0141
334.0208 603.1480
335.0247 617.9228

Linn
8
385.2564 675.2973
386.3503 675.3359
386.9295 618.9009
335.0247 617.9228
322.6051 617.5753
321.9616 647.0476
321.7300 661.7323
321.4468 672.6847

Sullivan
7
319.2332 731.1531
354.4584 732.7104
383.4546 733.5856
383.6219 726.3397
385.2564 675.2973
321.4468 672.6847
319.7094 711.6551

Putnam
10
399.9797 768.2188
402.2576 760.0334
401.4340 744.2033
405.2049 727.2020
383.6219 726.3397
383.4546 733.5856
354.4584 732.7104
319.2332 731.1531
317.3799 764.1004
352.0646 765.7091

Schuyler
7
445.4623 771.1789
447.1354 729.2999
405.2049 727.2020
401.4340 744.2033
402.2576 760.0334
399.9797 768.2188
409.5549 768.7464

Adair
7
447.1354 729.2999
447.7274 721.9897
449.7480 677.6139
386.3503 675.3359
385.2564 675.2973
383.6219 726.3397
405.2049 727.2020

Macon
7
449.7480 677.6139
457.5344 663.7014
458.3452 605.6190
458.1006 605.6190
408.4610 604.5894
386.9295 618.9009
386.3503 675.3359

Randolph
6
458.1006 605.6190
458.6154 562.5302
458.7313 545.5804
443.9565 545.4131
408.1650 556.3140
408.4610 604.5894

Howard
11
408.1650 556.3140
443.9565 545.4131
429.3876 498.3089
400.2757 497.3951
392.3220 498.7207
390.9449 499.2999
384.4970 503.7658
383.4546 505.1557
380.6103 511.2432
380.6103 512.3629
390.6489 539.6731

Cooper
16
380.6103 512.3629
380.6103 511.2432
383.4546 505.1557
384.4970 503.7658
390.9449 499.2999
392.3220 498.7207
400.2757 497.3951
429.3876 498.3089
437.2769 490.4195
426.9681 462.0026
424.4584 454.5766
423.4803 450.9215
407.0710 449.4157
394.8831 449.0682
366.5176 449.7117
366.5176 489.0811

Boone
13
458.7313 545.5804
485.5395 545.5289
486.0543 516.1338
484.1495 516.0566
483.4546 514.4993
480.9706 490.3037
480.2628 465.8893
473.7120 454.4093
474.6901 445.1815
451.7171 460.3809
437.2769 490.4195
429.3876 498.3089
443.9565 545.4131

Cole
8
451.7171 460.3809
474.6901 445.1815
502.4764 434.2291
480.1470 393.8945
472.9526 391.4620
452.4893 393.7786
452.6051 407.8198
440.7647 407.8198

Moniteau
10
437.2769 490.4195
451.7171 460.3809
440.7647 407.8198
423.9307 407.7040
395.0504 434.4993
394.8831 449.0682
407.0710 449.4157
423.4803 450.9215
424.4584 454.5766
426.9681 462.0026

Morgan
9
366.5176 449.7117
394.8831 449.0682
395.0504 434.4993
423.9307 407.7040
416.0543 372.5045
407.2898 367.9742
381.5884 367.1634
366.4533 377.3179
366.4018 422.4530

Miller
19
440.7647 407.8198
452.6051 407.8198
452.4893 393.7786
472.9526 391.4620
480.1470 393.8945
480.2628 386.6358
480.8934 364.7825
482.9912 364.7825
483.4546 340.5354
454.7930 340.2394
443.1457 340.0077
435.6553 344.7181
433.2229 347.0991
429.5807 354.3578
429.3876 359.1712
428.1650 364.3192
423.2872 371.2304
416.0543 372.5045
423.9307 407.7040

Camden
25
416.0543 372.5045
423.2872 371.2304
428.1650 364.3192
429.3876 359.1712
429.5807 354.3578
433.2229 347.0991
435.6553 344.7181
443.1457 340.0077
454.7930 340.2394
455.4365 313.1609
447.8432 307.5367
438.8342 302.9549
437.6373 302.6589
435.5910 303.4569
430.7261 309.0939
428.6927 312.9807
427.7660 316.7645
428.0105 317.1120
427.8304 317.6911
397.1997 317.2278
368.9501 317.4594
369.0530 344.2419
366.4533 377.3179
381.5884 367.1634
407.2898 367.9742

Pulaski
8
483.4546 340.5354
504.7930 340.4710
506.5948 272.2085
477.8947 271.3848
477.6502 278.7078
455.7969 288.8494
455.4365 313.1609
454.7930 340.2394

Laclede
19
397.1997 317.2278
427.8304 317.6911
428.0105 317.1120
427.7660 316.7645
428.6927 312.9807
430.7261 309.0939
435.5910 303.4569
437.6373 302.6589
438.8342 302.9549
447.8432 307.5367
455.4365 313.1609
455.7969 288.8494
477.6502 278.7078
477.8947 271.3848
478.4095 249.3513
421.5755 248.7207
399.7480 248.3603
399.3490 288.0386
397.5987 287.9742

Wright
8
421.5755 248.7207
478.4095 249.3513
479.7351 212.9163
480.6103 206.8288
481.2409 180.2651
424.0594 179.4028
423.8149 212.2342
422.0903 212.2342

Douglas
7
502.5923 180.6126
501.3310 136.6486
415.1791 135.4260
396.0929 135.3230
395.5138 179.0425
424.0594 179.4028
481.2409 180.2651

Ozark
6
415.1791 135.4260
501.3310 136.6486
502.2448  87.2793
498.2937  87.0347
448.1264  84.9627
415.9385  83.8558

Howell
10
559.5549 181.8353
560.4945 155.0399
561.0093 138.1544
560.7776 107.6396
561.5755  89.9434
502.2448  87.2793
501.3310 136.6486
502.5923 180.6126
516.8136 181.0759
533.1585 180.9086

Texas
14
506.5948 272.2085
535.3593 272.8520
542.4507 273.1351
543.7377 243.9459
557.8690 244.3706
559.5549 181.8353
533.1585 180.9086
516.8136 181.0759
502.5923 180.6126
481.2409 180.2651
480.6103 206.8288
479.7351 212.9163
478.4095 249.3513
477.8947 271.3848

Phelps
11
554.4069 366.5843
566.8136 366.9961
570.3915 306.2497
534.3168 305.0399
535.3593 272.8520
506.5948 272.2085
504.7930 340.4710
515.2950 345.4002
520.8033 347.9614
536.4018 348.8880
554.9217 349.4157

Maries
13
551.4983 389.1068
554.4069 366.5843
554.9217 349.4157
536.4018 348.8880
520.8033 347.9614
515.2950 345.4002
504.7930 340.4710
483.4546 340.5354
482.9912 364.7825
480.8934 364.7825
480.2628 386.6358
502.4250 386.9446
520.5717 387.9228

Osage
15
548.0105 458.3990
548.8857 458.5148
551.4983 389.1068
520.5717 387.9228
502.4250 386.9446
480.2628 386.6358
480.1470 393.8945
502.4764 434.2291
507.5858 438.0386
517.8561 447.7812
518.7827 449.4800
519.7223 450.5225
520.8677 451.2690
537.5730 458.3990
541.7557 458.8751

Callaway
17
486.0543 516.1338
546.9681 517.9228
548.0105 458.3990
541.7557 458.8751
537.5730 458.3990
520.8677 451.2690
519.7223 450.5225
518.7827 449.4800
517.8561 447.7812
507.5858 438.0386
502.4764 434.2291
474.6901 445.1815
473.7120 454.4093
480.2628 465.8893
480.9706 490.3037
483.4546 514.4993
484.1495 516.0566

Monroe
8
532.1289 617.5238
534.1495 564.2677
458.6154 562.5302
458.1006 605.6190
458.3452 605.6190
472.6695 605.9665
472.4378 615.8378
515.3593 616.8803

Shelby
7
499.8767 664.9627
514.0852 665.3745
515.3593 616.8803
472.4378 615.8378
472.6695 605.9665
458.3452 605.6190
457.5344 663.7014

Knox
6
447.7274 721.9897
497.7403 723.6628
497.9591 716.3526
499.8767 664.9627
457.5344 663.7014
449.7480 677.6139

Scotland
6
496.3889 774.6538
497.7403 723.6628
447.7274 721.9897
447.1354 729.2999
445.4623 771.1789
466.8008 772.5688

Clark
13
524.8059 774.7310
527.4185 773.0965
537.3413 765.6062
537.6373 764.5122
537.2255 761.1403
537.6888 759.9820
550.3271 744.4350
555.5652 740.2008
563.7892 739.6087
554.5228 717.5109
497.9591 716.3526
497.7403 723.6628
496.3889 774.6538

Lewis
6
554.5228 717.5109
553.7506 709.3899
562.6309 667.0991
514.0852 665.3745
499.8767 664.9627
497.9591 716.3526

Marion
6
562.6309 667.0991
575.2821 636.4298
582.8111 624.4736
532.1289 617.5238
515.3593 616.8803
514.0852 665.3745

Ralls
9
532.1289 617.5238
582.8111 624.4736
600.7004 610.8571
597.4443 610.6769
566.0414 584.4093
569.8896 562.4659
553.0556 562.4144
534.1495 561.7838
534.1495 564.2677

Audrain
10
458.6154 562.5302
534.1495 564.2677
534.1495 561.7838
553.0556 562.4144
569.8896 562.4659
575.0504 533.2381
546.9681 517.9228
486.0543 516.1338
485.5395 545.5289
458.7313 545.5804

Montgomery
9
594.0723 533.6885
594.7673 509.1068
595.9127 484.2162
576.6077 483.5341
577.3027 460.8443
548.8857 458.5148
548.0105 458.3990
546.9681 517.9228
575.0504 533.2381

Pike
11
600.7004 610.8571
631.2667 579.1197
662.3992 551.4492
626.0929 549.5444
603.1714 548.8365
603.6347 534.0360
594.0723 533.6885
575.0504 533.2381
569.8896 562.4659
566.0414 584.4093
597.4443 610.6769

Lincoln
17
662.3992 551.4492
668.3709 531.0888
668.2679 529.0038
664.7802 523.6113
664.6515 523.0836
664.9732 521.9253
664.9732 521.8610
671.8715 503.3668
634.9732 490.7670
621.4597 490.3681
611.8201 499.8275
604.5099 509.3385
594.7673 509.1068
594.0723 533.6885
603.6347 534.0360
603.1714 548.8365
626.0929 549.5444

Warren
14
594.7673 509.1068
604.5099 509.3385
611.8201 499.8275
621.4597 490.3681
634.9732 490.7670
637.1096 436.7130
602.4764 450.6898
601.6656 452.2600
590.8806 461.0244
589.4391 461.1789
583.7506 459.3899
577.3027 460.8443
576.6077 483.5341
595.9127 484.2162

Gasconage
9
583.7506 459.3899
585.3722 427.6782
587.2255 397.9614
587.9848 377.6010
566.8136 366.9961
554.4069 366.5843
551.4983 389.1068
548.8857 458.5148
577.3027 460.8443

Crawford
8
587.9848 377.6010
623.1457 378.4247
626.6077 300.8571
620.0183 293.3925
599.5292 292.8005
599.1174 307.3565
570.3915 306.2497
566.8136 366.9961

Dent
14
620.0183 293.3925
620.7519 275.1042
600.1598 274.8726
600.7004 260.2008
614.1367 260.3166
614.7673 245.8636
557.8690 244.3706
543.7377 243.9459
542.4507 273.1351
535.3593 272.8520
534.3168 305.0399
570.3915 306.2497
599.1174 307.3565
599.5292 292.8005

Shannon
10
557.8690 244.3706
614.7673 245.8636
619.5421 245.9794
633.4031 206.5457
642.9784 193.7786
630.9578 191.6293
616.8651 190.8185
617.7918 157.0090
560.4945 155.0399
559.5549 181.8353

Oregon
9
560.4945 155.0399
617.7918 157.0090
632.4121 147.6654
633.8149  93.1351
596.6849  91.1660
591.0093  90.9987
561.5755  89.9434
560.7776 107.6396
561.0093 138.1544

Ripley
7
632.4121 147.6654
641.9359 147.9485
662.4507 147.4337
692.2190 148.8237
706.6077  97.1892
679.0401  95.6963
633.8149  93.1351

Carter
10
642.9784 193.7786
674.6515 187.8584
689.0273 167.9099
692.2190 148.8237
662.4507 147.4337
641.9359 147.9485
632.4121 147.6654
617.7918 157.0090
616.8651 190.8185
630.9578 191.6293

Reynolds
17
620.7519 275.1042
646.1186 279.0553
670.9835 280.2651
672.2576 248.8751
676.0286 224.7567
678.3580 225.0528
678.9372 217.7297
679.1045 207.5881
674.1238 199.2355
674.6515 187.8584
642.9784 193.7786
633.4031 206.5457
619.5421 245.9794
614.7673 245.8636
614.1367 260.3166
600.7004 260.2008
600.1598 274.8726

Iron
11
685.8355 303.1866
701.0350 288.7336
702.2576 234.2162
678.3580 225.0528
676.0286 224.7567
672.2576 248.8751
670.9835 280.2651
646.1186 279.0553
620.7519 275.1042
620.0183 293.3925
626.6077 300.8571

Washington
5
663.9694 380.6255
683.2872 360.3166
685.8355 303.1866
626.6077 300.8571
623.1457 378.4247

Franklin
13
637.1096 436.7130
666.1186 453.6371
667.2126 424.7696
663.9694 380.6255
623.1457 378.4247
587.9848 377.6010
587.2255 397.9614
585.3722 427.6782
583.7506 459.3899
589.4391 461.1789
590.8806 461.0244
601.6656 452.2600
602.4764 450.6898

St._Louis
8
734.0466 474.6667
736.6978 461.3076
728.1907 439.2741
722.8497 442.0412
721.2152 450.8829
719.1946 463.9202
722.3863 470.5354
727.6116 474.4736

St._Charles
41
699.0659 510.5482
721.9102 504.9884
725.2177 503.9845
728.4610 502.4273
730.9063 500.9858
743.4932 493.3797
744.0208 492.4530
744.1367 491.4749
743.6733 487.6396
743.3902 486.0695
742.1676 488.5019
740.0697 489.8533
737.8690 489.6731
734.7416 487.5753
732.5408 488.3990
724.5871 493.1609
723.3130 494.4865
714.0337 493.6757
713.8149 491.6937
712.8111 489.4414
712.0002 488.1544
710.5588 486.9446
708.6412 486.7773
704.0466 487.6396
702.6695 487.6396
701.7300 487.2278
700.8677 486.2625
697.8432 480.7413
691.3439 466.7001
691.4597 464.7954
690.6103 463.1737
688.5125 462.0026
686.5820 461.8224
675.5138 462.4788
674.5871 462.1699
672.9011 460.8957
669.1302 454.9884
666.1186 453.6371
637.1096 436.7130
634.9732 490.7670
671.8715 503.3668

St._Louis_Co.
43
743.3902 486.0695
734.0466 474.6667
727.6116 474.4736
722.3863 470.5354
719.1946 463.9202
721.2152 450.8829
722.8497 442.0412
728.1907 439.2741
727.6116 437.2278
718.6669 413.9717
717.6759 417.7426
709.5035 432.9936
685.6038 431.6679
668.6669 427.4337
667.2126 424.7696
666.1186 453.6371
669.1302 454.9884
672.9011 460.8957
674.5871 462.1699
675.5138 462.4788
686.5820 461.8224
688.5125 462.0026
690.6103 463.1737
691.4597 464.7954
691.3439 466.7001
697.8432 480.7413
700.8677 486.2625
701.7300 487.2278
702.6695 487.6396
704.0466 487.6396
708.6412 486.7773
710.5588 486.9446
712.0002 488.1544
712.8111 489.4414
713.8149 491.6937
714.0337 493.6757
723.3130 494.4865
724.5871 493.1609
732.5408 488.3990
734.7416 487.5753
737.8690 489.6731
740.0697 489.8533
742.1676 488.5019

Jefferson
21
667.2126 424.7696
668.6669 427.4337
685.6038 431.6679
709.5035 432.9936
717.6759 417.7426
718.6669 413.9717
718.3066 413.5084
717.7274 412.3501
715.8355 405.9150
715.5910 405.2201
715.4751 403.5341
715.7197 396.5714
717.4571 389.1068
718.9629 385.3874
721.3439 382.1313
721.7557 381.5521
722.0903 381.1918
733.0041 370.5740
712.6437 356.2625
683.2872 360.3166
663.9694 380.6255

St._Francois
11
683.2872 360.3166
712.6437 356.2625
725.2821 346.8674
708.6412 328.6306
719.2461 318.3861
744.3812 295.7091
750.0569 301.0888
756.0157 296.6744
751.6270 291.4749
701.0350 288.7336
685.8355 303.1866

Sainte_Genevieve
10
739.5936 365.6448
776.3246 332.1184
756.0157 296.6744
750.0569 301.0888
744.3812 295.7091
719.2461 318.3861
708.6412 328.6306
725.2821 346.8674
712.6437 356.2625
733.0041 370.5740

Madison
7
751.6270 291.4749
752.0903 284.0360
753.7634 274.7567
755.1534 236.4041
745.7068 236.3140
702.2576 234.2162
701.0350 288.7336

Wayne
12
702.2576 234.2162
745.7068 236.3140
747.3156 198.1287
762.1161 198.9395
762.4636 191.4492
744.3040 170.4067
689.0273 167.9099
674.6515 187.8584
674.1238 199.2355
679.1045 207.5881
678.9372 217.7297
678.3580 225.0528

Butler
13
744.3040 170.4067
750.7519 153.4054
755.3207 143.3153
756.2087 142.9678
757.4185 142.0927
761.7042 133.8687
763.3387 127.9485
762.9912 124.7053
761.8201 122.6718
753.6476  99.8661
706.6077  97.1892
692.2190 148.8237
689.0273 167.9099

Dunklin
15
786.8136 123.9331
789.0916  83.8044
793.4932  18.7722
749.6450  15.6448
739.0530  14.9498
759.5549  50.6255
774.0594  63.3797
774.9861  64.8340
776.3889  68.6564
775.5266  81.8353
774.2396  83.5598
762.4121 100.2651
757.1869 100.0978
753.6476  99.8661
761.8201 122.6718

Stoddard
24
793.6862 207.7040
806.9037 208.5148
809.4391 193.1351
812.1032 189.5573
814.2010 186.1853
817.0453 179.2741
819.0788 173.5984
819.5421 164.6538
817.8690 164.5380
820.9320 125.8636
786.8136 123.9331
761.8201 122.6718
762.9912 124.7053
763.3387 127.9485
761.7042 133.8687
757.4185 142.0927
756.2087 142.9678
755.3207 143.3153
750.7519 153.4054
744.3040 170.4067
762.4636 191.4492
774.6386 192.0927
782.3091 194.9498
781.4854 207.1248

Bollinger
12
789.2718 286.7130
793.6862 207.7040
781.4854 207.1248
782.3091 194.9498
774.6386 192.0927
762.4636 191.4492
762.1161 198.9395
747.3156 198.1287
745.7068 236.3140
755.1534 236.4041
753.7634 274.7567
752.0903 284.0360

Perry
8
776.3246 332.1184
811.3696 322.3887
833.8664 285.1428
833.8664 284.1519
789.2718 286.7130
752.0903 284.0360
751.6270 291.4749
756.0157 296.6744

Cape_Girardeau
25
789.2718 286.7130
833.8664 284.1519
833.9822 282.6461
834.8059 279.3256
834.8574 279.2870
838.5640 272.3758
840.9964 268.7336
844.4327 265.3616
846.0543 263.3282
848.1392 258.6306
848.1907 258.5019
848.2551 258.2316
849.0015 255.4389
849.0659 255.2587
849.0015 255.0399
848.4867 249.9305
847.9591 248.3603
847.8561 248.1930
847.7274 248.0772
847.6116 247.9099
846.1058 247.1377
841.3567 245.8636
841.5755 231.3076
806.9037 208.5148
793.6862 207.7040

Scott
13
841.5755 231.3076
844.8960 226.5585
852.9526 211.4749
857.5858 200.1107
866.3503 192.9678
842.0517 167.8455
819.5421 164.6538
819.0788 173.5984
817.0453 179.2741
814.2010 186.1853
812.1032 189.5573
809.4391 193.1351
806.9037 208.5148

Mississippi
13
866.3503 192.9678
891.5884 190.2522
896.2860 184.2033
891.3181 167.6139
891.2409 167.5624
887.5858 165.4775
887.5215 165.4131
887.5215 161.5907
887.5858 161.5264
895.1791 157.5238
890.0826 134.5122
870.1212 130.0334
842.0517 167.8455

