1000 773

Pickens
12
127.9932 675.2648
163.8911 679.4284
172.3451 668.9831
185.8498 639.3669
187.8954 633.8998
189.4523 625.9889
188.5290 624.8484
128.2466 569.7615
109.4740 620.6848
 96.8926 651.8397
100.1873 663.8419
103.4458 668.9831

Oconee
15
103.4458 668.9831
100.1873 663.8419
 96.8926 651.8397
109.4740 620.6848
128.2466 569.7615
104.0975 532.3068
 92.2582 533.9542
 80.5638 542.1004
 32.1207 571.8796
 28.3553 578.1612
 31.4690 595.7934
 44.0142 618.5667
 61.3205 632.0171
 65.4117 650.6087
 83.5327 659.3705

Beaufort
26
580.1836 182.5422
656.0526 143.5125
667.3125 127.1294
668.3082 125.1743
668.8694 122.4046
668.4530 118.8926
666.2445 106.9086
664.3799 104.8629
616.1539  54.5914
604.9845  45.5400
593.4711  36.8144
588.5833  40.7246
565.1583  59.4973
562.0808  64.4574
560.4335  69.7616
560.6688  71.0107
563.1127  81.2750
573.4675  90.2721
583.6775 101.1881
589.0721 108.2844
590.4479 114.7471
590.3755 129.7362
583.0258 157.3973
582.0482 159.6240
578.6268 164.6566
573.4132 171.1917

Hampton
23
580.1836 182.5422
573.4132 171.1917
568.5073 161.0722
564.9954 161.8868
559.1844 164.0049
557.5732 168.4038
558.2249 171.7529
557.5732 175.1200
550.4769 181.7275
542.4030 186.9592
538.4023 183.3568
495.5710 132.0353
475.1692 140.1997
466.7513 174.3054
470.4443 176.0794
478.8440 181.7275
486.9903 195.5038
488.5471 206.6189
489.1083 215.2359
492.4574 224.5588
495.0642 228.1432
497.2546 230.1888
518.8151 249.1786

Jasper
36
573.4132 171.1917
578.6268 164.6566
582.0482 159.6240
583.0258 157.3973
590.3755 129.7362
590.4479 114.7471
589.0721 108.2844
583.6775 101.1881
573.4675  90.2721
563.1127  81.2750
560.6688  71.0107
560.4335  69.7616
562.0808  64.4574
565.1583  59.4973
588.5833  40.7246
593.4711  36.8144
593.5616  25.8803
557.2655  32.7232
546.2408  36.9774
545.3357  37.8644
542.8013  47.9839
540.9548  57.3068
539.9411  61.8687
537.4067  74.2692
516.6970 116.2858
499.3183 130.6414
495.5710 132.0353
538.4023 183.3568
542.4030 186.9592
550.4769 181.7275
557.5732 175.1200
558.2249 171.7529
557.5732 168.4038
559.1844 164.0049
564.9954 161.8868
568.5073 161.0722

Marion
24
765.3936 576.4415
767.5841 581.6008
778.1742 592.6797
788.2394 597.1873
794.1047 598.3278
833.6594 602.2380
843.6340 595.9563
829.7673 551.6406
824.2821 541.9375
816.2082 530.6051
815.5565 529.1388
816.3712 522.0968
817.1134 519.5081
836.7187 490.0548
847.1460 476.0070
854.5681 467.2815
827.3958 480.0802
825.0967 484.2619
789.1445 511.1808
787.1713 513.1359
784.0576 519.0193
763.4385 563.1540
762.6239 564.8738
762.6239 565.7608

Dillon
10
767.9099 670.0331
852.5225 608.3748
843.6340 595.9563
833.6594 602.2380
794.1047 598.3278
788.2394 597.1873
778.1742 592.6797
767.5841 581.6008
765.3936 576.4415
746.3676 589.3307

Horry
26
843.6340 595.9563
852.5225 608.3748
947.0011 540.8875
971.7115 523.2554
963.7282 520.1598
948.3045 510.9274
941.0453 505.4784
931.2698 496.0831
930.3465 495.1055
926.5268 490.9600
924.7347 488.8962
921.8925 485.1490
917.9642 480.0077
916.8056 478.4509
905.2379 460.6739
898.3770 447.5313
895.9331 442.8245
854.5681 467.2815
847.1460 476.0070
836.7187 490.0548
817.1134 519.5081
816.3712 522.0968
815.5565 529.1388
816.2082 530.6051
824.2821 541.9375
829.7673 551.6406

Charleston
44
825.7665 344.8883
859.7636 326.2967
850.8027 300.1019
842.4935 298.0020
827.3234 294.7254
806.7405 273.1830
792.7289 252.7811
763.9092 220.3227
730.7991 183.9180
728.7535 183.1033
727.1242 182.1982
720.7521 178.7044
705.9077 167.9332
698.3227 160.5110
698.2321 160.6015
696.6934 161.8868
684.6912 156.6732
682.5732 153.9759
684.7817 152.0208
685.0352 151.4596
684.7817 149.7398
683.3154 149.3235
679.6586 150.2467
671.3857 161.7239
659.8904 187.3394
652.7035 199.9209
656.9577 220.3952
656.3784 231.5646
679.2966 232.4516
704.6586 230.1164
706.5594 230.3336
713.9816 247.5494
715.7919 257.9223
698.5580 277.4372
721.7477 265.9057
741.5703 257.6870
748.0873 239.9824
750.9295 238.6790
752.8303 239.3126
754.3690 240.7246
774.9338 274.8122
780.0026 291.5393
791.2626 315.8513
819.0866 341.3763

Dorchester
31
648.6304 325.0657
651.8889 322.8933
664.2169 309.1533
662.2618 304.1750
660.4516 302.0570
666.7513 297.7304
698.5580 277.4372
715.7919 257.9223
713.9816 247.5494
706.5594 230.3336
704.6586 230.1164
679.2966 232.4516
656.3784 231.5646
652.2148 272.5132
651.3096 274.8122
649.0468 276.5139
648.5580 276.5139
624.9700 274.6674
611.8998 271.6986
605.7991 272.6218
604.9121 273.1106
569.3219 293.9107
618.6702 338.4437
619.6478 337.6290
620.6434 336.2532
621.0960 334.3524
621.2227 331.8542
621.7658 330.1345
624.0649 326.6225
626.2010 325.4820
636.1395 323.1106

Berkeley
30
689.1807 388.7876
692.6927 391.6479
694.1409 392.0642
709.7455 394.0917
715.2126 393.6030
729.3328 385.3662
735.8498 380.3879
738.6920 376.2424
740.1040 375.0838
760.3248 364.1497
777.9389 358.3749
825.7665 344.8883
819.0866 341.3763
791.2626 315.8513
780.0026 291.5393
774.9338 274.8122
754.3690 240.7246
752.8303 239.3126
750.9295 238.6790
748.0873 239.9824
741.5703 257.6870
721.7477 265.9057
698.5580 277.4372
666.7513 297.7304
660.4516 302.0570
662.2618 304.1750
664.2169 309.1533
651.8889 322.8933
648.6304 325.0657
668.2177 372.6580

Georgetown
35
827.3958 480.0802
854.5681 467.2815
895.9331 442.8245
883.8585 419.6348
883.2973 418.1685
881.9758 414.7471
881.5956 413.7514
881.4870 413.3713
881.3965 413.1902
877.5044 399.3959
876.9975 397.1149
876.3458 393.8564
876.1829 393.1142
875.5312 380.8043
875.3502 374.3416
875.1329 363.6790
875.0424 363.3351
875.1329 363.2626
875.6217 360.3300
875.6941 359.5878
878.5544 352.6363
876.9251 344.4900
875.7846 342.4625
867.7651 331.2750
859.7636 326.2967
825.7665 344.8883
777.9389 358.3749
776.6355 361.6334
776.7260 365.9600
788.9635 393.2047
811.0127 433.4292
813.3480 455.6051
815.8824 462.0679
823.4856 478.0526
824.6080 479.0483

Clarendon
14
695.6977 496.8977
716.9143 485.8912
689.1807 388.7876
668.2177 372.6580
649.2821 366.4487
643.8151 365.3807
641.2988 365.6341
635.3067 367.5711
627.5044 372.7304
621.3857 378.5957
611.4110 390.5074
600.8933 409.0266
622.2727 442.0823
658.0077 464.9100

Williamsburg
30
825.0967 484.2619
827.3958 480.0802
824.6080 479.0483
823.4856 478.0526
815.8824 462.0679
813.3480 455.6051
811.0127 433.4292
788.9635 393.2047
776.7260 365.9600
776.6355 361.6334
777.9389 358.3749
760.3248 364.1497
740.1040 375.0838
738.6920 376.2424
735.8498 380.3879
729.3328 385.3662
715.2126 393.6030
709.7455 394.0917
694.1409 392.0642
692.6927 391.6479
689.1807 388.7876
716.9143 485.8912
733.6413 476.9846
748.4856 474.4683
793.6159 473.4907
803.5725 476.9846
805.1112 479.6095
814.2712 486.6334
815.6471 487.1946
819.4668 486.9592

Florence
24
741.4617 590.1634
746.3676 589.3307
765.3936 576.4415
762.6239 565.7608
762.6239 564.8738
763.4385 563.1540
784.0576 519.0193
787.1713 513.1359
789.1445 511.1808
825.0967 484.2619
819.4668 486.9592
815.6471 487.1946
814.2712 486.6334
805.1112 479.6095
803.5725 476.9846
793.6159 473.4907
748.4856 474.4683
733.6413 476.9846
716.9143 485.8912
695.6977 496.8977
686.8093 519.5081
671.6391 526.0251
710.3972 567.6435
728.3371 585.5110

Marlboro
17
670.6615 697.4407
715.7919 704.7905
765.3212 671.8252
767.9099 670.0331
746.3676 589.3307
741.4617 590.1634
741.4617 591.0686
735.7593 605.4965
732.7542 611.2170
725.5674 614.0772
724.4088 614.0048
723.8657 613.7333
723.2140 614.0772
700.4407 631.5102
700.0605 632.1076
699.5355 635.8549
699.9519 636.9954

Darlington
26
699.9519 636.9954
699.5355 635.8549
700.0605 632.1076
700.4407 631.5102
723.2140 614.0772
723.8657 613.7333
724.4088 614.0048
725.5674 614.0772
732.7542 611.2170
735.7593 605.4965
741.4617 591.0686
741.4617 590.1634
728.3371 585.5110
710.3972 567.6435
671.6391 526.0251
670.8969 525.8622
655.2379 536.9773
652.3777 540.7246
657.6818 547.7304
658.6594 557.7775
650.9114 570.3408
642.9280 578.3242
636.4653 580.2793
619.9193 583.4654
619.9193 583.9541
660.8679 620.9201

Lee
21
619.9193 583.4654
636.4653 580.2793
642.9280 578.3242
650.9114 570.3408
658.6594 557.7775
657.6818 547.7304
652.3777 540.7246
655.2379 536.9773
670.8969 525.8622
671.6391 526.0251
686.8093 519.5081
683.3878 509.5516
659.2568 493.2409
656.4508 491.5030
594.5392 518.8383
591.2807 532.2344
593.7245 535.0041
598.3046 547.3321
597.4899 554.3560
596.7477 557.3792
602.1424 564.7833

Kershaw
21
587.6782 637.8100
619.9193 583.9541
619.9193 583.4654
602.1424 564.7833
596.7477 557.3792
597.4899 554.3560
598.3046 547.3321
593.7245 535.0041
591.2807 532.2344
568.0185 512.0135
549.5718 501.7130
516.7875 523.4183
521.9287 544.7253
504.7854 586.9773
527.3958 610.1489
528.4458 610.2394
529.0070 602.7268
535.0533 600.7717
547.9425 600.5363
569.5211 608.4473
562.9497 620.7753

Sumter
12
591.2807 532.2344
594.5392 518.8383
656.4508 491.5030
659.2568 493.2409
683.3878 509.5516
686.8093 519.5081
695.6977 496.8977
658.0077 464.9100
622.2727 442.0823
600.8933 409.0266
580.7448 429.3379
568.0185 512.0135

Calhoun
21
500.8752 448.9976
510.8860 442.8970
540.5203 430.3155
555.7810 429.7000
580.7448 429.3379
600.8933 409.0266
611.4110 390.5074
609.2930 385.3662
589.5609 366.7565
583.5870 365.1453
519.2314 391.4125
501.4545 408.0671
516.9324 417.7702
522.1641 423.0744
519.4668 424.8665
514.1626 427.1475
504.2242 426.0794
501.2734 421.5175
496.4762 423.4545
496.0779 443.2228
496.3857 446.0650

Colleton
31
569.3219 293.9107
604.9121 273.1106
605.7991 272.6218
611.8998 271.6986
624.9700 274.6674
648.5580 276.5139
649.0468 276.5139
651.3096 274.8122
652.2148 272.5132
656.3784 231.5646
656.9577 220.3952
652.7035 199.9209
659.8904 187.3394
671.3857 161.7239
679.6586 150.2467
683.3154 149.3235
684.7817 149.7398
685.0352 151.4596
684.7817 152.0208
682.5732 153.9759
684.6912 156.6732
696.6934 161.8868
698.2321 160.6015
698.3227 160.5110
684.2025 145.8839
683.0620 145.8839
667.0591 146.0469
656.0526 143.5125
580.1836 182.5422
518.8151 249.1786
568.0185 292.7702

Allendale
17
518.8151 249.1786
497.2546 230.1888
495.0642 228.1432
492.4574 224.5588
489.1083 215.2359
488.5471 206.6189
486.9903 195.5038
478.8440 181.7275
470.4443 176.0794
466.7513 174.3054
429.6406 239.8195
413.6377 248.6175
425.6398 265.9057
443.5978 263.1540
461.5377 259.5697
477.1243 262.0860
494.1952 267.1366

Bamberg
12
568.0185 292.7702
518.8151 249.1786
494.1952 267.1366
487.3343 274.8847
486.4291 278.2518
480.7086 325.9708
479.0975 334.2257
476.7984 340.6703
499.7166 330.5327
520.7702 323.3640
526.8889 321.2460
546.4762 311.0360

Orangeburg
32
501.4545 408.0671
519.2314 391.4125
583.5870 365.1453
589.5609 366.7565
609.2930 385.3662
611.4110 390.5074
621.3857 378.5957
627.5044 372.7304
635.3067 367.5711
641.2988 365.6341
643.8151 365.3807
649.2821 366.4487
668.2177 372.6580
648.6304 325.0657
636.1395 323.1106
626.2010 325.4820
624.0649 326.6225
621.7658 330.1345
621.2227 331.8542
621.0960 334.3524
620.6434 336.2532
619.6478 337.6290
618.6702 338.4437
569.3219 293.9107
568.0185 292.7702
546.4762 311.0360
526.8889 321.2460
520.7702 323.3640
499.7166 330.5327
476.7984 340.6703
446.1865 347.9114
475.9114 391.0867

Barnwell
13
476.7984 340.6703
479.0975 334.2257
480.7086 325.9708
486.4291 278.2518
487.3343 274.8847
494.1952 267.1366
477.1243 262.0860
461.5377 259.5697
443.5978 263.1540
425.6398 265.9057
413.6377 248.6175
381.0707 263.8781
446.1865 347.9114

Aiken
18
394.4668 431.7094
395.2814 430.4965
403.2828 422.4227
429.4776 402.6725
433.9490 402.1113
440.8100 402.2561
445.1547 401.6768
457.1387 398.3640
475.9114 391.0867
446.1865 347.9114
381.0707 263.8781
362.9135 277.6001
350.2416 295.5400
345.6616 313.2264
332.7180 328.3242
323.5761 336.9773
321.9288 338.5342
381.3422 414.8195

Lexington
30
427.2691 512.8282
449.8795 493.7297
455.5095 493.7297
462.5877 492.9875
469.7021 488.8419
487.1532 476.2605
490.3393 472.9114
497.5261 461.9049
498.1778 460.6015
500.8752 448.9976
496.3857 446.0650
496.0779 443.2228
496.4762 423.4545
501.2734 421.5175
504.2242 426.0794
514.1626 427.1475
519.4668 424.8665
522.1641 423.0744
516.9324 417.7702
501.4545 408.0671
475.9114 391.0867
457.1387 398.3640
445.1547 401.6768
440.8100 402.2561
433.9490 402.1113
429.4776 402.6725
403.2828 422.4227
395.2814 430.4965
394.4668 431.7094
406.3241 480.8224

Richland
22
521.9287 544.7253
516.7875 523.4183
549.5718 501.7130
568.0185 512.0135
580.7448 429.3379
555.7810 429.7000
540.5203 430.3155
510.8860 442.8970
500.8752 448.9976
498.1778 460.6015
497.5261 461.9049
490.3393 472.9114
487.1532 476.2605
469.7021 488.8419
462.5877 492.9875
455.5095 493.7297
449.8795 493.7297
427.2691 512.8282
429.8759 523.1649
436.3205 522.6942
467.1677 523.4183
496.6753 536.7239

Fairfield
11
501.9251 606.7999
504.7854 586.9773
521.9287 544.7253
496.6753 536.7239
467.1677 523.4183
436.3205 522.6942
429.8759 523.1649
400.6036 579.2293
397.8882 597.2597
430.8534 600.5363
474.7528 604.0302

Newberry
24
400.6036 579.2293
429.8759 523.1649
427.2691 512.8282
406.3241 480.8224
400.6036 479.3560
392.2039 481.3112
386.6463 483.3568
374.1554 490.4531
359.5464 496.5718
354.5862 497.9476
333.1163 492.4987
327.8122 486.5429
328.5363 483.0309
311.9903 496.6623
316.8781 508.0852
332.1206 533.8636
337.2075 538.9143
348.9382 561.6153
357.6094 581.9266
382.4646 567.5711
389.1626 576.4415
392.0410 577.8535
397.6710 579.4103
400.2054 579.4646

Saluda
18
328.5363 483.0309
327.8122 486.5429
333.1163 492.4987
354.5862 497.9476
359.5464 496.5718
374.1554 490.4531
386.6463 483.3568
392.2039 481.3112
400.6036 479.3560
406.3241 480.8224
394.4668 431.7094
381.3422 414.8195
344.2857 421.5175
339.4885 424.3778
336.9722 426.5682
329.4414 445.1779
322.2546 444.4357
308.2973 438.8057

Edgefield
13
308.2973 438.8057
322.2546 444.4357
329.4414 445.1779
336.9722 426.5682
339.4885 424.3778
344.2857 421.5175
381.3422 414.8195
321.9288 338.5342
318.7608 341.4849
299.8976 349.4683
283.0801 378.7768
281.3060 427.1475
301.2010 435.7101

McCormick
24
301.2010 435.7101
281.3060 427.1475
283.0801 378.7768
299.8976 349.4683
277.5587 368.9650
269.8107 383.5740
257.8086 393.4400
252.7579 397.0425
236.1033 405.4422
235.2162 405.5146
232.5008 404.4647
231.2879 404.7905
202.4139 421.9882
194.4125 434.1533
205.1112 449.9028
213.1670 452.4371
220.2814 449.3416
222.3994 449.4864
234.7275 450.7174
244.1047 453.6681
253.5001 434.8955
268.3444 438.6428
280.2380 440.6160
300.4769 442.8245

Greenwood
24
247.7615 536.1446
251.2010 532.5602
267.6203 520.5762
295.6797 505.9672
311.9903 496.6623
328.5363 483.0309
308.2973 438.8057
301.2010 435.7101
300.4769 442.8245
280.2380 440.6160
268.3444 438.6428
253.5001 434.8955
244.1047 453.6681
250.2959 460.6015
253.9527 465.5798
256.4146 472.1873
257.2293 479.0483
256.3422 485.6558
253.8802 491.9918
249.8071 497.3865
247.0193 500.0114
243.2901 502.6906
240.5928 503.7587
233.3154 518.2047

Laurens
16
315.6471 590.0910
357.6094 581.9266
348.9382 561.6153
337.2075 538.9143
332.1206 533.8636
316.8781 508.0852
311.9903 496.6623
295.6797 505.9672
267.6203 520.5762
251.2010 532.5602
247.7615 536.1446
232.4465 551.5682
245.4081 565.7608
243.2901 577.6001
249.0830 604.6819
253.8078 626.2242

Abbeville
21
232.4465 551.5682
247.7615 536.1446
233.3154 518.2047
240.5928 503.7587
243.2901 502.6906
247.0193 500.0114
249.8071 497.3865
253.8802 491.9918
256.3422 485.6558
257.2293 479.0483
256.4146 472.1873
253.9527 465.5798
250.2959 460.6015
244.1047 453.6681
234.7275 450.7174
222.3994 449.4864
220.2814 449.3416
213.1670 452.4371
205.1112 449.9028
194.4125 434.1533
160.4697 476.0070

Anderson
18
128.2466 569.7615
188.5290 624.8484
197.3451 590.0910
197.9968 588.0454
201.2734 580.5327
209.6731 566.5935
232.4465 551.5682
160.4697 476.0070
153.2829 494.7072
133.0620 523.1649
126.7079 532.9766
126.7803 533.6102
124.8252 535.0946
120.8245 536.2351
113.9816 535.3300
106.3784 533.4473
106.2155 533.3749
104.0975 532.3068

Union
19
331.3060 668.0055
344.3582 666.2858
369.9012 665.1453
373.5761 664.0772
375.8571 662.8462
381.8310 658.3024
378.4820 653.5595
397.8882 597.2597
400.6036 579.2293
400.2054 579.4646
397.6710 579.4103
392.0410 577.8535
389.1626 576.4415
382.4646 567.5711
357.6094 581.9266
315.6471 590.0910
318.4892 615.4712
320.4624 648.4183
326.5088 659.9317

Chesterfield
7
596.5667 686.7058
670.6615 697.4407
699.9519 636.9954
660.8679 620.9201
619.9193 583.9541
587.6782 637.8100
551.1467 679.9715

Lancaster
23
476.6355 729.6819
491.8056 714.1858
505.1836 700.7173
506.4870 676.8940
506.5776 674.6855
510.4154 673.9614
551.1467 679.9715
587.6782 637.8100
562.9497 620.7753
569.5211 608.4473
547.9425 600.5363
535.0533 600.7717
529.0070 602.7268
528.4458 610.2394
527.3958 610.1489
504.7854 586.9773
501.9251 606.7999
494.9193 627.5457
495.1547 635.5291
497.8520 645.1598
493.7608 656.9085
489.6876 667.3538
487.6420 670.5399

Chester
11
487.6420 670.5399
489.6876 667.3538
493.7608 656.9085
497.8520 645.1598
495.1547 635.5291
494.9193 627.5457
501.9251 606.7999
474.7528 604.0302
430.8534 600.5363
397.8882 597.2597
378.4820 653.5595

York
12
394.4668 737.2669
448.3046 742.1728
476.6355 729.6819
487.6420 670.5399
378.4820 653.5595
381.8310 658.3024
378.3009 664.8919
372.1822 680.9672
369.1771 701.5320
369.2495 702.8354
381.6681 728.9396
387.1170 736.5428

Cherokee
16
311.3386 728.5414
387.1170 736.5428
381.6681 728.9396
369.2495 702.8354
369.1771 701.5320
372.1822 680.9672
378.3009 664.8919
381.8310 658.3024
375.8571 662.8462
373.5761 664.0772
369.9012 665.1453
344.3582 666.2858
331.3060 668.0055
321.6934 673.1467
311.5015 694.2546
291.2626 726.4958

Spartanburg
14
273.3770 724.5407
291.2626 726.4958
311.5015 694.2546
321.6934 673.1467
331.3060 668.0055
326.5088 659.9317
320.4624 648.4183
318.4892 615.4712
315.6471 590.0910
253.8078 626.2242
237.0808 639.5298
236.3567 641.3944
232.1025 677.9440
226.7079 719.7253

Greenville
22
200.3140 718.5124
226.7079 719.7253
232.1025 677.9440
236.3567 641.3944
237.0808 639.5298
253.8078 626.2242
249.0830 604.6819
243.2901 577.6001
245.4081 565.7608
232.4465 551.5682
209.6731 566.5935
201.2734 580.5327
197.9968 588.0454
197.3451 590.0910
188.5290 624.8484
189.4523 625.9889
187.8954 633.8998
185.8498 639.3669
172.3451 668.9831
163.8911 679.4284
127.9932 675.2648
161.4472 698.1105

