505 800

Fremont
27
473.2769 290.8882
476.6787 287.5257
482.4923 276.1263
485.6427 267.0288
486.4597 264.6169
492.2262 259.2668
484.4328 210.0554
458.1930 208.0678
457.9102 207.7457
457.6352 207.6750
446.0551 205.9780
436.2112 207.6121
426.7602 213.7321
416.7356 215.4369
417.4427 219.7893
404.5899 222.0597
406.0747 230.6937
414.8266 229.1696
424.9533 236.3581
429.6591 240.0741
431.1518 246.5555
432.2438 252.9662
437.5547 258.0334
444.1068 259.6597
450.4075 258.6305
452.9607 273.7852
465.2086 287.8478

Clark
26
452.9607 273.7852
450.4075 258.6305
444.1068 259.6597
437.5547 258.0334
432.2438 252.9662
431.1518 246.5555
429.6591 240.0741
424.9533 236.3581
414.8266 229.1696
406.0747 230.6937
367.4849 237.4894
365.9215 228.8554
344.4976 232.7521
349.1406 258.9133
353.3909 257.7427
362.0249 256.2265
364.6488 270.8469
364.2246 272.9053
365.0731 276.6920
366.1022 278.2868
368.8991 281.2564
373.6756 282.3877
398.9963 276.0870
409.7593 280.1251
429.4785 278.1061
443.7532 274.0366

Benewah
11
131.0909 626.4199
140.4791 624.3380
159.0984 621.3998
160.0569 623.4817
162.7516 624.3695
180.1295 620.4728
171.7469 581.9537
162.9951 583.8235
142.0347 590.0220
125.7801 602.9455
128.7262 615.9083

Kootenai
12
144.4387 686.4416
162.7830 682.8277
172.1319 681.7357
180.7738 679.8187
178.5033 669.9042
190.7590 667.2488
180.1295 620.4728
162.7516 624.3695
160.0569 623.4817
159.0984 621.3998
140.4791 624.3380
131.0909 626.4199

Bonner
21
164.1657 771.3831
180.5616 767.8085
176.9163 750.8469
173.0511 733.8853
221.9875 723.3344
215.9304 695.1855
211.0124 671.7818
210.3760 673.0938
206.8722 678.1532
200.7050 683.0398
199.9272 683.5347
197.0911 683.2912
193.0530 679.8580
192.7388 678.4361
190.7590 667.2488
178.5033 669.9042
180.7738 679.8187
172.1319 681.7357
162.7830 682.8277
144.4387 686.4416
145.9628 693.1272

Boundary
7
167.5989 786.2942
232.4363 772.2316
221.9875 723.3344
173.0511 733.8853
176.9163 750.8469
180.5616 767.8085
164.1657 771.3831

Latah
16
125.7801 602.9455
142.0347 590.0220
162.9951 583.8235
171.7469 581.9537
169.8693 573.2804
164.1657 547.0013
160.4104 543.7803
154.6754 545.0530
144.1166 547.5670
143.3781 547.5670
140.3377 546.4357
137.1795 544.4873
136.3311 543.3874
136.3703 543.0339
134.8855 540.4806
112.8252 545.3044

Nez_Perce
50
112.8252 545.3044
134.8855 540.4806
136.3703 543.0339
136.3311 543.3874
137.1795 544.4873
140.3377 546.4357
143.3781 547.5670
144.1166 547.5670
154.6754 545.0530
153.1120 537.8645
152.0199 531.5638
156.2309 531.4538
157.8257 530.9982
157.1186 527.7771
156.7258 528.0599
156.0580 528.2328
154.3218 528.5156
153.9290 528.4527
154.0390 527.0701
154.2511 525.8288
155.9481 520.2666
155.4845 517.2262
155.1389 516.3699
154.4632 515.5214
145.7900 515.5921
130.4153 518.9938
129.9989 516.8648
130.0304 516.1656
124.0125 486.3119
122.7319 485.8170
120.5400 484.1122
119.9744 483.5151
119.0866 481.8810
119.0159 480.6790
119.2359 479.2256
119.6523 478.6285
120.0137 477.6701
119.7937 476.6409
118.4110 474.9125
117.8846 474.4804
115.0171 473.7420
114.2393 473.9855
109.2506 489.5330
108.8185 496.5407
112.1889 505.8268
111.7568 514.5315
111.0811 520.1251
110.9790 520.4787
108.7557 529.4426
110.2405 533.8657

Lewis
27
168.7302 515.3800
173.0197 502.5665
160.4497 495.3780
147.3848 502.5272
145.7192 502.2444
145.4679 502.0008
131.3738 488.7159
124.0125 486.3119
130.0304 516.1656
129.9989 516.8648
130.4153 518.9938
145.7900 515.5921
154.4632 515.5214
155.1389 516.3699
155.4845 517.2262
155.9481 520.2666
154.2511 525.8288
154.0390 527.0701
153.9290 528.4527
154.3218 528.5156
156.0580 528.2328
156.7258 528.0599
157.1186 527.7771
159.7348 524.3754
167.8110 519.8816
168.5180 518.5696
168.6987 517.2262

Adams
38
108.8185 414.1446
133.1807 408.8338
133.5342 406.9954
134.2413 400.7968
134.1392 396.1617
133.1414 393.8205
132.6543 393.5063
132.4029 392.5164
143.5981 389.9631
146.5363 384.7230
142.5689 375.1305
141.0369 373.3158
140.4006 373.3158
139.3793 373.9285
135.9775 368.7513
134.9876 366.5594
132.1594 358.6953
129.7083 338.9762
129.7083 329.7687
118.4503 326.5083
111.9375 327.9303
109.5334 329.2030
103.3977 334.6552
100.7109 348.1130
100.3181 353.2431
104.1127 370.6682
 85.4148 374.9891
 87.5439 377.2517
 89.2015 379.0272
 91.5741 383.1282
 91.6448 383.1989
 91.5427 384.0159
 91.1184 385.0058
 90.8670 385.9957
 90.7963 388.0462
 92.5640 391.7308
 94.8030 393.7891
 98.2362 396.9002

Washington
40
 85.4148 374.9891
104.1127 370.6682
100.3181 353.2431
100.7109 348.1130
103.3977 334.6552
109.5334 329.2030
111.9375 327.9303
118.4503 326.5083
114.2393 319.3199
112.6445 315.2504
111.3011 308.6275
108.8971 300.6613
107.9701 298.3280
101.3473 299.8129
 69.8045 306.8913
 69.9066 307.0720
 70.0088 307.2841
 70.1502 307.5670
 70.1894 307.6062
 70.1894 307.7084
 70.2916 308.7375
 70.0480 309.5153
 69.9773 309.6567
 66.2220 317.0887
 65.4836 317.5522
 62.6789 318.5421
 62.2939 318.5421
 61.6183 318.2279
 52.8036 321.8024
 51.7430 323.6015
 51.6016 325.0549
 51.7037 325.9113
 51.8844 326.4455
 54.3277 343.1164
 55.2155 344.8919
 70.8965 366.4494
 72.5620 367.9421
 73.0570 368.1542
 74.7932 368.5392
 81.5574 370.8410

Payette
10
 69.8045 306.8913
101.3473 299.8129
 99.4303 291.2810
 89.0994 284.6975
 79.1141 286.9915
 75.2881 269.6842
 57.9023 281.1857
 60.0235 284.7289
 63.4645 291.2417
 66.2220 302.4997

Boise
32
187.4673 301.0541
191.2540 296.8039
202.8655 279.1353
203.1876 277.4697
203.5097 260.7517
203.2190 259.9111
201.1685 257.8527
195.5356 258.0334
180.5224 261.2859
163.9536 259.4475
162.4609 258.7091
154.4632 251.2299
150.9908 247.0583
147.8012 242.6666
145.7507 240.7497
143.9830 239.9327
133.9585 236.1460
128.2313 235.9338
124.1539 236.4366
123.3054 236.8216
122.8419 236.3581
114.9071 248.9988
106.0217 262.9907
106.5559 262.8493
106.6974 263.3442
114.0586 297.0160
118.3796 296.0969
125.3166 296.6311
127.9799 302.8925
170.4978 293.7557
173.9310 293.8657
177.8669 295.1777

Gem
21
129.7083 329.7687
130.0618 329.6980
126.3144 312.3828
122.0956 313.2627
118.3796 296.0969
114.0586 297.0160
106.6974 263.3442
106.5559 262.8493
106.0217 262.9907
 89.5551 266.5967
 75.2881 269.6842
 79.1141 286.9915
 89.0994 284.6975
 99.4303 291.2810
101.3473 299.8129
107.9701 298.3280
108.8971 300.6613
111.3011 308.6275
112.6445 315.2504
114.2393 319.3199
118.4503 326.5083

Canyon
19
 57.9023 281.1857
 75.2881 269.6842
 89.5551 266.5967
 85.7684 249.3916
 86.7975 245.1099
 86.0512 237.1751
 84.7785 231.4008
 81.6988 226.2314
 78.3678 215.2170
 73.7326 218.1945
 63.2838 237.6386
 63.1424 238.1650
 63.7788 242.0303
 63.8887 243.8372
 63.3545 246.9797
 62.8989 248.5038
 61.1312 250.7036
 52.4815 260.6888
 50.0775 262.2051

Ada
26
 89.5551 266.5967
106.0217 262.9907
114.9071 248.9988
122.8419 236.3581
123.3054 236.8216
118.5603 214.2664
116.8947 206.4416
112.9273 189.3307
 92.1790 193.6909
 91.0477 194.7201
 89.3429 196.7391
 87.0411 200.3844
 85.3441 203.4640
 85.3127 203.7469
 85.8783 205.7659
 86.7975 207.1486
 86.9389 208.1071
 85.5562 213.0251
 84.6685 214.1957
 84.1421 214.5885
 78.3678 215.2170
 81.6988 226.2314
 84.7785 231.4008
 86.0512 237.1751
 86.7975 245.1099
 85.7684 249.3916

Elmore
38
201.1685 257.8527
202.3391 256.3993
199.4323 248.7552
198.4738 248.1503
196.2112 244.8978
195.2214 243.0516
187.5694 224.7859
182.5728 201.5157
179.1082 184.3813
176.8456 155.1011
173.8996 140.7556
143.6295 146.9227
145.3657 155.2425
146.5363 157.7486
147.9426 162.9966
122.6691 170.1458
107.8286 173.2647
106.9409 173.6496
102.2743 178.5362
 95.5415 186.3296
 92.3912 192.7010
 92.1790 193.6909
112.9273 189.3307
116.8947 206.4416
118.5603 214.2664
123.3054 236.8216
124.1539 236.4366
128.2313 235.9338
133.9585 236.1460
143.9830 239.9327
145.7507 240.7497
147.8012 242.6666
150.9908 247.0583
154.4632 251.2299
162.4609 258.7091
163.9536 259.4475
180.5224 261.2859
195.5356 258.0334

Owyhee
39
 50.0775 262.2051
 52.4815 260.6888
 61.1312 250.7036
 62.8989 248.5038
 63.3545 246.9797
 63.8887 243.8372
 63.7788 242.0303
 63.1424 238.1650
 63.2838 237.6386
 73.7326 218.1945
 78.3678 215.2170
 84.1421 214.5885
 84.6685 214.1957
 85.5562 213.0251
 86.9389 208.1071
 86.7975 207.1486
 85.8783 205.7659
 85.3127 203.7469
 85.3441 203.4640
 87.0411 200.3844
 89.3429 196.7391
 91.0477 194.7201
 92.1790 193.6909
 92.3912 192.7010
 95.5415 186.3296
102.2743 178.5362
106.9409 173.6496
107.8286 173.2647
122.6691 170.1458
147.9426 162.9966
146.5363 157.7486
145.3657 155.2425
143.6295 146.9227
173.8996 140.7556
158.2185  63.6310
 50.2582  86.5476
 41.7577  88.4960
 13.1454  95.0481
 12.5797  95.2602

Camas
20
199.4323 248.7552
206.8329 243.5858
218.2715 240.2548
218.7979 239.5791
219.0100 238.8406
219.1907 237.3558
219.2614 232.7521
218.6958 224.8880
218.3422 217.4560
229.2153 188.4508
231.5800 187.1074
231.4386 178.8190
230.5194 174.2231
214.6263 177.2242
179.1082 184.3813
182.5728 201.5157
187.5694 224.7859
195.2214 243.0516
196.2112 244.8978
198.4738 248.1503

Gooding
13
179.1082 184.3813
214.6263 177.2242
207.7520 142.5233
202.1584 122.7334
192.4560 127.0543
187.4280 131.6974
183.5313 138.9880
185.5189 147.5198
185.4796 148.0148
182.5021 154.2526
179.9253 155.1011
177.8984 155.5253
176.8456 155.1011

Jerome
17
207.7520 142.5233
224.3915 139.2394
223.8652 136.5447
225.0358 134.8084
239.0906 130.5268
245.7134 126.2373
254.2059 124.5718
249.8850 101.6001
244.6842 101.6630
235.4060 100.7124
231.9728 104.1770
231.5800 104.9940
228.0761 108.0344
216.4253 114.3430
211.8923 116.0399
203.0776 121.7750
202.1584 122.7334

Twin_Falls
29
176.8456 155.1011
177.8984 155.5253
179.9253 155.1011
182.5021 154.2526
185.4796 148.0148
185.5189 147.5198
183.5313 138.9880
187.4280 131.6974
192.4560 127.0543
202.1584 122.7334
203.0776 121.7750
211.8923 116.0399
216.4253 114.3430
228.0761 108.0344
231.5800 104.9940
231.9728 104.1770
235.4060 100.7124
244.6842 101.6630
241.8481 101.2388
238.0300  93.8382
221.7754  94.7574
220.6755  88.8416
220.3927  86.0919
213.8092  52.4123
197.8768  55.5626
178.4719  59.9543
167.3867  62.1854
158.2185  63.6310
173.8996 140.7556

Cassia
38
249.8850 101.6001
265.6132  96.8864
266.5638  96.7371
267.0587  96.8471
270.1070  97.8056
271.1283  98.6933
272.2988 100.3903
277.7196 107.3980
278.2853 107.8616
279.4559 108.5372
282.4962 109.0321
286.0080 108.6786
290.4624 108.3565
294.2884 107.1859
296.2368 103.9649
297.3367 102.4093
301.0841 100.3510
301.5162 100.3903
302.3646 101.0974
305.3736 101.4509
318.7920  94.2310
314.2275  68.1012
308.2411  35.0657
278.5681  40.0859
276.4077  40.4394
251.8019  44.6268
249.4608  45.0117
243.1601  46.1116
242.2802  46.2844
236.3644  47.6985
231.4386  48.9398
213.8092  52.4123
220.3927  86.0919
220.6755  88.8416
221.7754  94.7574
238.0300  93.8382
241.8481 101.2388
244.6842 101.6630

Oneida
22
359.9744  78.1179
366.2122  71.5265
366.2122  64.2045
369.1112  60.8027
375.9461  53.7950
377.7530  52.5458
379.2379  50.5346
381.0448  47.1486
379.8742  40.2273
377.0067  40.7458
374.0370  23.3757
369.9911  24.0199
364.5781  25.4183
364.5389  25.4183
348.8892  28.1208
329.8065  31.4204
308.2411  35.0657
314.2275  68.1012
339.7210  63.6703
341.2844  72.4221
352.7152  70.3952
354.2393  79.1470

Power
24
327.9288 146.7028
323.3958 121.8535
337.3877 119.3709
343.7591 127.3686
346.7681 124.1161
355.4413 127.5100
356.3998 127.3372
358.4188 125.0746
360.1158 120.2194
365.4266  91.9998
365.0731  89.8315
363.6590  84.5914
359.9744  78.1179
354.2393  79.1470
352.7152  70.3952
341.2844  72.4221
339.7210  63.6703
314.2275  68.1012
318.7920  94.2310
305.3736 101.4509
302.3646 101.0974
304.8786 114.8379
305.9785 123.5112
310.8258 149.8217

Bannock
43
395.0289 125.7423
389.0424 118.7346
388.8303 118.3418
387.3455 114.8379
385.0829 103.5721
384.9022 100.7124
385.0122  99.6125
386.3870  93.8696
386.9920  93.4454
387.8719  93.5161
389.2624  94.2310
389.6474  94.7967
390.2523  95.1502
396.6944  94.0582
398.6742  84.7721
398.8156  83.2558
398.9570  69.9710
398.9256  65.4851
398.4306  62.5704
396.9772  62.7825
394.1490  46.7794
387.6990  47.8871
384.5487  50.4011
377.7530  52.5458
375.9461  53.7950
369.1112  60.8027
366.2122  64.2045
366.2122  71.5265
359.9744  78.1179
363.6590  84.5914
365.0731  89.8315
365.4266  91.9998
360.1158 120.2194
358.4188 125.0746
356.3998 127.3372
355.4413 127.5100
346.7681 124.1161
343.7591 127.3686
343.7591 128.0442
343.9398 128.5392
345.0711 130.9825
350.9790 133.0722
351.8275 133.1822

Franklin
19
398.4306  62.5704
418.7861  59.0979
418.0084  49.0498
414.7873  42.2385
413.3025  38.6403
413.0511  36.8334
413.4753  27.2409
413.7267  26.6674
418.6133  16.1636
374.0370  23.3757
377.0067  40.7458
379.8742  40.2273
381.0448  47.1486
379.2379  50.5346
377.7530  52.5458
384.5487  50.4011
387.6990  47.8871
394.1490  46.7794
396.9772  62.7825

Bear_Lake
20
460.9662  62.3190
452.7093  10.8528
418.6133  16.1636
413.7267  26.6674
413.4753  27.2409
413.0511  36.8334
413.3025  38.6403
414.7873  42.2385
418.0084  49.0498
418.7861  59.0979
418.5426  72.6657
418.6840  75.0775
421.3001  76.7745
447.8228  72.5557
448.7419  70.4738
448.7812  69.7981
448.1056  67.2763
447.5714  65.8700
446.6915  63.9924
452.7093  61.0463

Caribou
33
429.4785 119.7245
469.2781 113.2431
460.9662  62.3190
452.7093  61.0463
446.6915  63.9924
447.5714  65.8700
448.1056  67.2763
448.7812  69.7981
448.7419  70.4738
447.8228  72.5557
421.3001  76.7745
418.6840  75.0775
418.5426  72.6657
418.7861  59.0979
398.4306  62.5704
398.9256  65.4851
398.9570  69.9710
398.8156  83.2558
398.6742  84.7721
396.6944  94.0582
390.2523  95.1502
389.6474  94.7967
389.2624  94.2310
387.8719  93.5161
386.9920  93.4454
386.3870  93.8696
385.0122  99.6125
384.9022 100.7124
385.0829 103.5721
387.3455 114.8379
388.8303 118.3418
389.0424 118.7346
395.0289 125.7423

Minidoka
19
278.3246 165.0864
300.1020 160.9775
293.6521 125.8838
289.3390 126.7008
286.0080 108.6786
282.4962 109.0321
279.4559 108.5372
278.2853 107.8616
277.7196 107.3980
272.2988 100.3903
271.1283  98.6933
270.1070  97.8056
267.0587  96.8471
266.5638  96.7371
265.6132  96.8864
249.8850 101.6001
254.2059 124.5718
266.4617 122.1678
271.7725 130.0240

Lincoln
12
214.6263 177.2242
230.5194 174.2231
278.3246 165.0864
271.7725 130.0240
266.4617 122.1678
254.2059 124.5718
245.7134 126.2373
239.0906 130.5268
225.0358 134.8084
223.8652 136.5447
224.3915 139.2394
207.7520 142.5233

Bonneville
16
436.9183 181.0502
453.2043 177.8999
464.4701 176.0222
465.4914 174.2860
465.5621 173.2647
471.5486 165.6127
476.8908 161.5746
473.9919 142.9868
469.2781 113.2431
429.4785 119.7245
432.5581 137.7467
433.9801 145.9564
418.3619 157.2930
399.0277 166.6026
368.8598 171.8820
372.4029 192.0646

Bingham
24
372.4029 192.0646
368.8598 171.8820
399.0277 166.6026
418.3619 157.2930
433.9801 145.9564
432.5581 137.7467
429.4785 119.7245
395.0289 125.7423
351.8275 133.1822
350.9790 133.0722
345.0711 130.9825
343.9398 128.5392
343.7591 128.0442
343.7591 127.3686
337.3877 119.3709
323.3958 121.8535
327.9288 146.7028
331.1184 164.0886
335.4394 163.3108
337.6313 171.4578
339.1554 179.6754
347.8679 178.0727
357.9553 185.6932
359.5501 193.9423

Blaine
57
202.3391 256.3993
205.7723 258.8505
206.6522 259.3061
209.3469 260.2960
210.4075 260.4767
214.6970 259.6282
222.8674 251.2299
228.8225 244.5757
237.0008 245.1728
247.5203 242.0931
250.2778 240.0427
269.2978 219.3258
274.9542 212.3494
275.9520 211.0060
277.9710 207.0779
278.6702 205.4831
279.2752 203.0791
283.2111 204.2811
284.6960 204.2418
286.5736 203.3619
286.9271 202.7256
289.7240 193.7302
290.2582 189.5821
288.6634 188.4901
287.2100 180.7674
306.9684 177.0514
305.4443 168.7631
331.1184 164.0886
327.9288 146.7028
310.8258 149.8217
305.9785 123.5112
304.8786 114.8379
302.3646 101.0974
301.5162 100.3903
301.0841 100.3510
297.3367 102.4093
296.2368 103.9649
294.2884 107.1859
290.4624 108.3565
286.0080 108.6786
289.3390 126.7008
293.6521 125.8838
300.1020 160.9775
278.3246 165.0864
230.5194 174.2231
231.4386 178.8190
231.5800 187.1074
229.2153 188.4508
218.3422 217.4560
218.6958 224.8880
219.2614 232.7521
219.1907 237.3558
219.0100 238.8406
218.7979 239.5791
218.2715 240.2548
206.8329 243.5858
199.4323 248.7552

Valley
56
143.5981 389.9631
143.6609 390.5288
144.7922 392.7285
146.3163 394.6376
157.2993 396.1224
247.1275 377.7467
245.7448 377.0710
244.7863 376.0811
243.6236 373.2529
242.5237 367.8007
241.7774 363.1576
239.3420 353.8402
235.1939 345.8032
231.0851 340.7438
219.9685 334.2310
219.2221 334.0896
216.1818 335.1502
213.8799 338.3005
211.6802 340.2175
210.4782 340.6024
207.0136 338.9762
194.0822 327.9617
191.6389 325.0942
191.5761 322.2974
191.7489 320.5926
192.1417 318.7228
193.8387 318.1572
194.2629 318.4400
194.4750 318.3300
194.9385 317.3715
195.1821 314.1898
193.9094 308.4547
193.4851 307.7084
191.8903 305.1551
190.5783 303.6703
188.3157 301.5805
187.4673 301.0541
177.8669 295.1777
173.9310 293.8657
170.4978 293.7557
127.9799 302.8925
125.3166 296.6311
118.3796 296.0969
122.0956 313.2627
126.3144 312.3828
130.0618 329.6980
129.7083 329.7687
129.7083 338.9762
132.1594 358.6953
134.9876 366.5594
135.9775 368.7513
139.3793 373.9285
140.4006 373.3158
141.0369 373.3158
142.5689 375.1305
146.5363 384.7230

Shoshone
34
190.7590 667.2488
192.7388 678.4361
193.0530 679.8580
197.0911 683.2912
199.9272 683.5347
200.7050 683.0398
206.8722 678.1532
210.3760 673.0938
211.0124 671.7818
213.1021 668.0658
226.7327 640.3019
226.8348 639.9484
226.9448 639.7048
226.9762 639.5948
226.9762 639.2099
226.9448 633.5377
224.6429 627.7005
222.6946 623.2696
221.3826 615.1227
221.3826 615.0520
221.4533 612.5458
232.2949 597.5640
233.7797 596.2913
234.9503 595.2621
238.6663 593.4552
244.0478 591.3026
245.2184 590.4463
251.3777 576.5722
257.1442 563.1144
260.4045 557.0259
262.1722 553.7655
169.8693 573.2804
171.7469 581.9537
180.1295 620.4728

Clearwater
37
169.8693 573.2804
262.1722 553.7655
263.5234 543.5289
263.5234 543.4660
263.8377 542.6097
274.0429 528.9791
275.0328 528.6963
275.4885 528.5549
278.5288 528.5156
282.3548 518.9231
238.2735 518.1454
208.0349 517.5797
207.8935 517.5090
198.2617 506.1018
196.1405 501.9615
194.9385 500.6181
193.4851 499.3376
192.3853 499.4868
190.9711 499.9425
180.6009 504.8291
180.2081 505.1512
178.4012 507.6966
177.1599 510.4227
170.3957 514.6336
168.7302 515.3800
168.6987 517.2262
168.5180 518.5696
167.8110 519.8816
159.7348 524.3754
157.1186 527.7771
157.8257 530.9982
156.2309 531.4538
152.0199 531.5638
153.1120 537.8645
154.6754 545.0530
160.4104 543.7803
164.1657 547.0013

Idaho
99
299.7485 516.5820
300.1335 516.1970
300.3849 515.0264
299.9606 512.7953
297.5095 505.8582
293.3693 496.3286
287.1707 482.5566
267.4123 433.2667
264.9376 419.7068
263.6963 412.8405
263.6256 412.4869
263.8377 412.2355
260.7266 409.8944
253.7110 405.5106
250.1050 407.4197
249.1072 408.4095
248.5102 409.5408
247.8031 410.2872
246.8054 410.4286
246.3497 410.1143
245.7762 408.9752
245.3520 406.9247
244.8570 403.3108
244.8963 402.9259
247.4496 399.3120
251.0949 394.3940
254.1745 387.8419
247.1275 377.7467
157.2993 396.1224
146.3163 394.6376
144.7922 392.7285
143.6609 390.5288
143.5981 389.9631
132.4029 392.5164
132.6543 393.5063
133.1414 393.8205
134.1392 396.1617
134.2413 400.7968
133.5342 406.9954
133.1807 408.8338
108.8185 414.1446
111.2225 419.2119
123.4783 434.9322
130.2739 441.8771
131.9787 443.8176
132.2615 445.0981
129.8182 457.9116
129.3547 459.8600
129.3547 459.8914
127.9799 461.6355
126.7700 463.1910
126.7386 463.2225
124.1539 464.3538
117.9868 470.0260
114.7657 472.9956
114.5536 473.3884
114.2393 473.9855
115.0171 473.7420
117.8846 474.4804
118.4110 474.9125
119.7937 476.6409
120.0137 477.6701
119.6523 478.6285
119.2359 479.2256
119.0159 480.6790
119.0866 481.8810
119.9744 483.5151
120.5400 484.1122
122.7319 485.8170
124.0125 486.3119
131.3738 488.7159
145.4679 502.0008
145.7192 502.2444
147.3848 502.5272
160.4497 495.3780
173.0197 502.5665
168.7302 515.3800
170.3957 514.6336
177.1599 510.4227
178.4012 507.6966
180.2081 505.1512
180.6009 504.8291
190.9711 499.9425
192.3853 499.4868
193.4851 499.3376
194.9385 500.6181
196.1405 501.9615
198.2617 506.1018
207.8935 517.5090
208.0349 517.5797
238.2735 518.1454
282.3548 518.9231
282.4962 518.8132
290.0382 517.2262
291.6330 517.6504
292.7329 518.0747
294.5398 518.4282
298.1851 517.9333
299.4264 516.9041

Custer
90
187.4673 301.0541
188.3157 301.5805
190.5783 303.6703
191.8903 305.1551
193.4851 307.7084
193.9094 308.4547
195.1821 314.1898
194.9385 317.3715
194.4750 318.3300
194.2629 318.4400
193.8387 318.1572
192.1417 318.7228
191.7489 320.5926
191.5761 322.2974
191.6389 325.0942
194.0822 327.9617
207.0136 338.9762
210.4782 340.6024
211.6802 340.2175
213.8799 338.3005
216.1818 335.1502
219.2221 334.0896
219.9685 334.2310
231.0851 340.7438
229.3174 334.7967
229.4195 333.4847
229.9852 331.8584
241.6045 316.7352
243.6943 314.2605
244.1185 314.1191
250.5292 314.7554
252.7211 316.2088
258.2126 320.8833
258.4954 321.2682
260.1531 324.7407
261.7872 328.7788
263.9084 331.9291
266.9252 334.3017
274.1843 339.5811
275.5592 337.2792
275.1742 333.6968
275.3471 325.0942
295.2862 295.8847
305.4129 289.4741
312.9156 285.4360
313.8347 285.0824
316.3487 284.3754
316.7808 284.4775
317.8414 285.2631
318.9727 286.6380
319.6798 287.1722
320.5990 286.9915
320.9211 286.4965
321.4160 285.1924
325.0613 274.7436
326.0512 271.6561
326.3026 267.3431
325.9098 263.0614
319.0434 264.3341
312.8763 247.5139
312.3106 244.6857
311.0772 232.8935
309.3017 222.2719
301.7990 214.6906
289.6533 210.6918
282.6376 206.9365
279.5266 203.6447
279.2752 203.0791
278.6702 205.4831
277.9710 207.0779
275.9520 211.0060
274.9542 212.3494
269.2978 219.3258
250.2778 240.0427
247.5203 242.0931
237.0008 245.1728
228.8225 244.5757
222.8674 251.2299
214.6970 259.6282
210.4075 260.4767
209.3469 260.2960
206.6522 259.3061
205.7723 258.8505
202.3391 256.3993
201.1685 257.8527
203.2190 259.9111
203.5097 260.7517
203.1876 277.4697
202.8655 279.1353
191.2540 296.8039

Lemhi
100
308.2411 417.1221
309.6945 415.5980
316.5608 405.8955
316.9537 404.6228
317.7629 396.5859
317.7000 393.5770
316.7808 391.9115
316.6001 385.8936
316.7023 377.9588
327.7874 336.7450
339.5403 320.3883
341.9522 320.9854
344.4662 319.0056
347.4751 315.6432
348.8264 313.5534
350.3741 308.6983
352.4324 299.8836
352.4324 299.1058
352.0082 298.3280
351.7253 298.1159
351.6232 285.4752
352.4638 280.6908
354.4200 277.8625
360.1865 271.4126
362.0249 270.7448
363.4783 271.5540
364.1853 272.6539
364.2246 272.9053
364.6488 270.8469
362.0249 256.2265
353.3909 257.7427
349.1406 258.9133
325.9098 263.0614
326.3026 267.3431
326.0512 271.6561
325.0613 274.7436
321.4160 285.1924
320.9211 286.4965
320.5990 286.9915
319.6798 287.1722
318.9727 286.6380
317.8414 285.2631
316.7808 284.4775
316.3487 284.3754
313.8347 285.0824
312.9156 285.4360
305.4129 289.4741
295.2862 295.8847
275.3471 325.0942
275.1742 333.6968
275.5592 337.2792
274.1843 339.5811
266.9252 334.3017
263.9084 331.9291
261.7872 328.7788
260.1531 324.7407
258.4954 321.2682
258.2126 320.8833
252.7211 316.2088
250.5292 314.7554
244.1185 314.1191
243.6943 314.2605
241.6045 316.7352
229.9852 331.8584
229.4195 333.4847
229.3174 334.7967
231.0851 340.7438
235.1939 345.8032
239.3420 353.8402
241.7774 363.1576
242.5237 367.8007
243.6236 373.2529
244.7863 376.0811
245.7448 377.0710
247.1275 377.7467
254.1745 387.8419
251.0949 394.3940
247.4496 399.3120
244.8963 402.9259
244.8570 403.3108
245.3520 406.9247
245.7762 408.9752
246.3497 410.1143
246.8054 410.4286
247.8031 410.2872
248.5102 409.5408
249.1072 408.4095
250.1050 407.4197
253.7110 405.5106
260.7266 409.8944
263.8377 412.2355
266.9566 411.8113
269.7534 411.1042
270.6412 410.7114
275.8420 402.4938
276.4784 400.0191
276.4784 399.9798
279.3852 399.5241
293.2671 405.8955
302.0111 413.5475

Butte
31
349.1406 258.9133
344.4976 232.7521
365.9215 228.8554
359.5501 193.9423
357.9553 185.6932
347.8679 178.0727
339.1554 179.6754
337.6313 171.4578
335.4394 163.3108
331.1184 164.0886
305.4443 168.7631
306.9684 177.0514
287.2100 180.7674
288.6634 188.4901
290.2582 189.5821
289.7240 193.7302
286.9271 202.7256
286.5736 203.3619
284.6960 204.2418
283.2111 204.2811
279.2752 203.0791
279.5266 203.6447
282.6376 206.9365
289.6533 210.6918
301.7990 214.6906
309.3017 222.2719
311.0772 232.8935
312.3106 244.6857
312.8763 247.5139
319.0434 264.3341
325.9098 263.0614

Jefferson
15
365.9215 228.8554
367.4849 237.4894
406.0747 230.6937
404.5899 222.0597
417.4427 219.7893
416.7356 215.4369
414.0802 202.5134
413.3025 198.1218
414.1117 197.3755
415.6751 197.2655
415.9265 197.4069
437.4132 183.9256
436.9183 181.0502
372.4029 192.0646
359.5501 193.9423

Madison
15
416.7356 215.4369
426.7602 213.7321
436.2112 207.6121
446.0551 205.9780
457.6352 207.6750
457.9102 207.7457
458.1930 208.0678
453.2043 177.8999
436.9183 181.0502
437.4132 183.9256
415.9265 197.4069
415.6751 197.2655
414.1117 197.3755
413.3025 198.1218
414.0802 202.5134

Teton
8
484.4328 210.0554
476.8908 161.5746
471.5486 165.6127
465.5621 173.2647
465.4914 174.2860
464.4701 176.0222
453.2043 177.8999
458.1930 208.0678

