718 800

Houston
6
570.9066  78.6328
573.1731  62.9979
579.3609  34.0246
542.5751  32.2595
531.4130  31.7581
529.3671  76.6471

Fillmore
6
496.9138  75.2932
529.3671  76.6471
531.4130  31.7581
498.6789  30.3641
464.1998  28.9600
462.5651  72.2144

Koochiching
51
268.4771 652.1016
267.6146 695.5866
268.8281 696.0780
271.1848 696.2585
278.1449 696.1683
279.6893 695.8975
282.3469 694.4533
283.1593 692.8287
283.2094 691.9662
283.2997 689.3888
283.2997 689.3386
283.8312 688.9776
285.6063 688.5263
294.1007 688.0349
300.4690 688.1251
318.8619 686.5406
319.4135 686.0893
320.4966 684.1036
321.9408 680.0720
322.1213 678.9086
321.6700 675.5590
321.0883 674.5662
321.0883 673.9745
321.3992 673.5232
323.2144 672.2094
326.5139 672.2094
334.6874 672.4802
344.8567 674.4258
351.5058 676.7324
352.0473 677.3642
352.3582 678.8084
352.3281 679.5304
351.9069 680.3929
351.4556 682.0677
351.6061 682.6594
361.6349 687.3529
369.5878 689.6595
373.6996 689.7498
376.1366 687.5836
379.2154 687.6738
379.3960 687.6738
384.0493 688.1653
384.5407 660.9069
384.7814 638.8535
385.5336 616.4792
386.4061 610.6023
387.3889 598.8485
387.5795 593.9243
326.6844 593.2022
326.8248 586.4629
270.4628 585.2494

Lake_of_the_Woods
37
190.0416 731.9712
204.6435 732.1015
204.4730 755.8298
204.3828 764.1537
204.2925 777.4820
204.2424 781.1425
204.2424 781.2829
221.0607 779.6482
225.2127 777.1711
232.5438 771.9662
237.2372 748.0173
239.4135 732.6030
244.9193 704.3016
248.9409 700.6411
250.3349 699.3775
256.0915 696.1683
258.5686 694.8043
258.7090 694.6740
259.9325 694.5837
264.3051 694.1324
267.6146 695.5866
268.4771 652.1016
200.4013 651.0586
200.1306 673.3426
188.7779 673.2925
188.6475 695.4061
210.5204 695.5866
210.1193 722.1529
207.9932 719.9466
206.0877 718.8133
205.2352 718.4523
198.5059 717.0483
197.5130 717.0483
196.0589 717.4093
192.0774 719.8563
190.1820 723.5169
189.8209 729.7548

Roseau
19
190.0416 731.9712
189.8209 729.7548
190.1820 723.5169
192.0774 719.8563
196.0589 717.4093
197.5130 717.0483
198.5059 717.0483
205.2352 718.4523
206.0877 718.8133
207.9932 719.9466
210.1193 722.1529
210.5204 695.5866
188.6475 695.4061
188.7779 673.2925
166.2231 672.9816
 98.0671 673.7037
 98.0170 683.4718
 96.6531 695.8473
 96.7935 731.9712

Kittson
13
 25.7893 732.6932
 96.7935 731.9712
 96.6531 695.8473
 98.0170 683.4718
 98.0671 673.7037
 30.7536 674.2051
 37.0918 691.7857
 33.2909 700.4205
 31.6161 705.3948
 25.3781 725.7734
 24.8767 728.4811
 24.9770 730.3866
 25.3781 732.2821

Red_Lake
7
157.1871 595.6894
157.2372 584.4772
146.0250 573.1847
100.8251 573.1847
 89.4323 584.4270
 89.4323 599.2998
157.1370 599.3499

Pennington
10
167.1758 626.1570
168.2188 606.5807
168.3091 595.5089
157.1871 595.6894
157.1370 599.3499
 89.4323 599.2998
 87.9781 626.3375
109.3696 626.2874
115.8683 626.0166
131.6838 625.8762

Marshall
17
 30.7536 674.2051
 98.0671 673.7037
166.2231 672.9816
166.2231 656.3438
166.3635 650.8279
167.1257 650.7878
167.1758 626.1570
131.6838 625.8762
115.8683 626.0166
109.3696 626.2874
 87.9781 626.3375
 31.5258 626.6885
 31.5760 629.3161
 34.4242 640.2976
 33.8726 671.1263
 31.8467 673.6134
 31.1648 673.9745

Polk
19
 87.9781 626.3375
 89.4323 599.2998
 89.4323 584.4270
100.8251 573.1847
146.0250 573.1847
157.2372 584.4772
157.1871 595.6894
168.3091 595.5089
168.7604 564.1387
169.6730 562.0627
171.0169 562.0627
171.0169 539.8188
125.7768 539.5881
 56.3873 539.9090
 53.3586 562.1931
 41.9759 588.1878
 33.5617 618.5150
 31.5258 626.3776
 31.5258 626.6885

Norman
6
125.7768 539.5881
125.7768 494.8896
114.4743 494.8394
 58.4232 495.0701
 57.9719 506.2823
 56.3873 539.9090

Mahnomen
4
171.0169 539.8188
171.5183 494.9798
125.7768 494.8896
125.7768 539.5881

Clearwater
12
168.3091 595.5089
168.2188 606.5807
199.1778 606.7211
202.4372 587.8168
203.4300 562.2432
203.8312 528.7870
205.3756 495.3409
171.5183 494.9798
171.0169 539.8188
171.0169 562.0627
169.6730 562.0627
168.7604 564.1387

Beltrami
19
188.7779 673.2925
200.1306 673.3426
200.4013 651.0586
268.4771 652.1016
270.4628 585.2494
270.7837 564.4496
271.4556 548.2731
271.5058 533.7613
249.1716 528.9676
203.8312 528.7870
203.4300 562.2432
202.4372 587.8168
199.1778 606.7211
168.2188 606.5807
167.1758 626.1570
167.1257 650.7878
166.3635 650.8279
166.2231 656.3438
166.2231 672.9816

Cook
44
565.0798 639.7561
569.6931 643.5971
577.4654 647.3981
580.8150 647.3981
581.1259 647.3078
581.5371 646.8064
585.0171 639.0842
586.5014 634.8319
586.5014 634.7417
589.2994 629.0854
590.2121 628.2330
605.9874 631.1714
640.2359 633.8792
643.7761 634.0597
647.7174 633.3376
649.2819 632.9766
653.8049 631.1714
656.2519 627.8218
656.6932 626.7788
656.5127 625.0237
656.9239 624.1211
659.1904 622.4864
665.6088 619.4176
667.7249 619.2772
669.8911 620.3202
686.5390 623.3890
701.0407 625.2444
700.9103 624.0309
700.5894 623.6698
695.6151 619.7786
694.1709 618.6955
675.5073 607.7140
663.5830 601.1952
656.7935 597.4946
650.4151 594.7367
642.6027 592.1191
636.5854 589.9930
619.9977 583.0330
611.8142 579.5430
594.9056 568.4812
583.7435 559.2045
570.7260 546.6885
568.1587 599.2597
566.5741 623.4893

Lake
34
565.0798 639.7561
566.5741 623.4893
568.1587 599.2597
570.7260 546.6885
568.7804 545.5151
561.9207 537.8331
559.5339 535.0250
548.6325 519.9316
534.4718 502.9327
532.7569 501.0874
529.1866 498.6805
524.4430 496.1031
513.3210 484.6702
510.5631 481.6515
505.7191 475.8549
502.9311 550.4393
500.7950 577.6475
500.2534 588.5890
498.2176 637.6300
503.1217 638.4022
505.5085 637.8606
505.5988 637.7202
505.9097 637.1787
507.1733 630.9407
506.5415 628.1327
506.2306 627.3203
506.2707 627.0094
512.5588 625.1641
526.0676 621.9950
539.9977 622.9879
543.3273 623.5695
545.3731 624.3017
546.7170 625.0237
546.7772 625.0237

Itasca
35
387.5795 593.9243
387.6196 584.9686
388.1712 571.9110
389.7056 557.0383
390.9191 527.1624
391.4606 511.5675
392.9048 493.4855
393.2357 482.8249
329.3521 481.6014
328.6300 516.9029
327.7776 517.3542
321.3090 518.5777
319.5940 518.7081
319.5539 518.2167
317.3877 516.3212
316.3848 515.7696
313.9979 517.2639
306.3961 522.4187
305.3631 523.5018
304.6410 525.4474
304.6410 528.6567
304.8115 529.0177
304.5809 531.3243
301.1510 537.3316
299.7971 538.5551
297.7613 538.8660
282.0360 531.4046
279.8598 530.1409
274.3840 531.6854
271.5058 533.7613
271.4556 548.2731
270.7837 564.4496
270.4628 585.2494
326.8248 586.4629
326.6844 593.2022

Hubbard
11
203.8312 528.7870
249.1716 528.9676
249.9037 517.5748
250.9767 473.2373
251.1573 450.9031
239.8648 450.8129
206.3685 450.5922
206.1779 472.9164
205.5461 474.4107
205.3756 483.6774
205.3756 495.3409

Cass
48
249.1716 528.9676
271.5058 533.7613
274.3840 531.6854
279.8598 530.1409
282.0360 531.4046
297.7613 538.8660
299.7971 538.5551
301.1510 537.3316
304.5809 531.3243
304.8115 529.0177
304.6410 528.6567
304.6410 525.4474
305.3631 523.5018
306.3961 522.4187
313.9979 517.2639
316.3848 515.7696
317.3877 516.3212
319.5539 518.2167
319.5940 518.7081
321.3090 518.5777
327.7776 517.3542
328.6300 516.9029
329.9438 452.3072
279.4586 451.6252
279.4085 436.7524
279.5890 429.1706
281.0332 423.0129
281.8956 390.5195
281.9859 385.1842
281.5346 383.8303
280.7223 383.5996
280.5016 384.9134
279.9099 385.8661
272.9900 390.5195
269.9613 390.2989
269.3295 389.2057
267.5745 388.0825
263.3122 386.5481
262.4196 386.7687
255.1387 389.9780
252.6014 392.2846
245.5511 394.8119
241.2087 398.0211
240.2258 428.4385
239.8648 450.8129
251.1573 450.9031
250.9767 473.2373
249.9037 517.5748

Wadena
7
239.8648 450.8129
240.2258 428.4385
241.2087 398.0211
245.5511 394.8119
207.4917 394.4007
206.3685 439.3399
206.3685 450.5922

Becker
11
205.3756 495.3409
205.3756 483.6774
205.5461 474.4107
206.1779 472.9164
206.3685 450.5922
206.3685 439.3399
164.2775 438.7983
116.1491 439.0691
114.4743 494.8394
125.7768 494.8896
171.5183 494.9798

Clay
9
114.4743 494.8394
116.1491 439.0691
106.6017 427.8569
 61.7226 428.0775
 61.6725 435.3183
 63.3975 463.4291
 62.3043 466.4177
 58.5535 478.7131
 58.4232 495.0701

Wilkin
14
 61.7226 428.0775
106.6017 427.8569
106.5616 382.9277
107.9255 382.9277
107.8252 360.4631
107.7349 349.2509
 79.6241 349.4314
 81.2989 354.1349
 81.5196 354.9472
 81.7001 357.5648
 81.4293 359.8313
 77.9894 386.9493
 65.5637 416.8753
 61.7226 428.0374

Otter_Tail
10
116.1491 439.0691
164.2775 438.7983
206.3685 439.3399
207.4917 394.4007
208.6751 360.5534
152.4334 360.3728
107.8252 360.4631
107.9255 382.9277
106.5616 382.9277
106.6017 427.8569

St._Louis
57
384.0493 688.1653
393.4062 688.1251
454.7426 654.1775
456.9991 655.7521
474.9908 657.0658
477.2974 652.8638
481.2388 644.6401
481.6399 644.0083
482.3620 643.0054
498.2176 637.6300
500.2534 588.5890
500.7950 577.6475
502.9311 550.4393
505.7191 475.8549
501.6675 473.8290
498.0471 471.1614
482.9035 458.1841
480.5969 456.0579
479.9150 455.2055
480.5167 453.4003
482.7732 449.8702
486.3836 445.5778
487.3764 445.0363
486.9151 444.7153
485.6615 445.2569
480.5167 450.2813
478.1098 450.1008
471.7916 445.7984
471.2902 444.7655
471.1999 443.8127
471.5108 443.0004
471.5108 442.9101
471.9621 442.4087
472.0523 442.3184
472.1426 440.8743
470.9291 437.7052
470.5179 437.3040
470.0767 437.0332
467.3990 436.8527
464.9118 437.0734
462.8860 438.4774
461.5221 451.4046
440.8226 450.8630
393.7673 449.3687
393.2357 482.8249
392.9048 493.4855
391.4606 511.5675
390.9191 527.1624
389.7056 557.0383
388.1712 571.9110
387.6196 584.9686
387.5795 593.9243
387.3889 598.8485
386.4061 610.6023
385.5336 616.4792
384.7814 638.8535
384.5407 660.9069

Carlton
10
393.7673 449.3687
440.8226 450.8630
461.5221 451.4046
462.8860 438.4774
464.0594 406.7963
395.7530 404.6201
395.0811 424.0158
394.3590 427.0445
394.0782 431.8283
393.8174 438.2066

Pine
16
395.7530 404.6201
464.0594 406.7963
465.2729 373.2499
465.5035 367.6437
465.6840 362.5792
452.5262 354.3656
433.7221 342.0201
433.6921 341.9699
429.1991 338.0386
428.0659 336.5443
426.9427 334.5185
417.8666 316.3463
390.6483 315.5740
389.5552 347.8468
397.4679 348.1678
396.8963 370.9934

Kanabec
10
362.8985 369.4590
396.8963 370.9934
397.4679 348.1678
389.5552 347.8468
390.6483 315.5740
356.9314 315.0826
356.0689 333.2549
355.7179 347.0345
359.7294 347.1749
363.3097 350.9257

Aitkin
20
393.2357 482.8249
393.7673 449.3687
393.8174 438.2066
394.0782 431.8283
394.3590 427.0445
395.0811 424.0158
395.7530 404.6201
396.8963 370.9934
362.8985 369.4590
362.9888 372.8487
362.7180 381.3431
353.4012 381.2027
329.8535 380.1296
328.8206 380.8016
328.5397 381.0724
328.4996 381.3833
327.4667 424.0559
330.2146 433.5031
329.9438 452.3072
329.3521 481.6014

Crow_Wing
19
280.7223 383.5996
281.5346 383.8303
281.9859 385.1842
281.8956 390.5195
281.0332 423.0129
279.5890 429.1706
279.4085 436.7524
279.4586 451.6252
329.9438 452.3072
330.2146 433.5031
327.4667 424.0559
328.4996 381.3833
328.5397 381.0724
328.8206 380.8016
329.8535 380.1296
328.8206 368.9174
278.0546 367.9647
277.9142 372.2570
278.0045 379.0866

Morrison
23
252.6014 392.2846
255.1387 389.9780
262.4196 386.7687
263.3122 386.5481
267.5745 388.0825
269.3295 389.2057
269.9613 390.2989
272.9900 390.5195
279.9099 385.8661
280.5016 384.9134
280.7223 383.5996
278.0045 379.0866
277.9142 372.2570
278.0546 367.9647
328.8206 368.9174
329.3521 346.5331
329.8134 346.5331
333.2934 338.9914
334.0155 325.8837
311.7314 325.6129
280.7223 324.7605
288.1737 318.8334
254.5069 318.1515

Todd
6
245.5511 394.8119
252.6014 392.2846
254.5069 318.1515
209.6279 317.5196
208.6751 360.5534
207.4917 394.4007

Douglas
7
208.6751 360.5534
209.6279 317.5196
209.6279 315.6643
153.5667 315.4838
153.5266 337.9083
152.5337 337.9083
152.4334 360.3728

Grant
7
107.8252 360.4631
152.4334 360.3728
152.5337 337.9083
153.5266 337.9083
153.5667 315.4838
108.7378 315.4437
107.7349 349.2509

Traverse
27
 79.6241 349.4314
107.7349 349.2509
108.7378 315.4437
108.7378 292.9289
 55.8457 293.3401
 54.2211 295.4161
 53.8600 295.9175
 55.1237 300.2500
 55.4346 300.9721
 55.5750 301.1125
 55.7555 301.3431
 55.8959 301.5237
 64.1596 308.1627
 67.2886 310.1986
 70.7686 312.0940
 72.6140 313.9494
 78.9421 323.3464
 79.0826 323.6673
 79.1728 323.8478
 79.2631 324.1186
 79.3533 324.7605
 79.5740 325.9338
 79.8949 328.7319
 80.2960 332.1617
 80.3462 332.3021
 80.3462 332.5729
 80.8476 338.2192

Big_Stone
16
 55.8457 293.3401
108.7378 292.9289
109.8109 292.9289
109.7206 270.6048
121.0733 270.4644
122.2466 240.0469
115.8683 242.2633
106.6017 246.0040
105.7492 247.8694
101.8681 249.6345
 90.3850 252.0715
 88.8908 259.5329
 87.1658 263.5043
 84.1872 265.9012
 75.4621 270.1535
 62.1739 284.8858

Swift
6
154.6899 270.5546
199.5489 270.8254
200.5819 237.1486
128.3542 236.8778
122.2466 240.0469
121.0733 270.4644

Stevens
9
153.5667 315.4838
153.6569 292.9289
154.6097 292.9289
154.6899 270.5546
121.0733 270.4644
109.7206 270.6048
109.8109 292.9289
108.7378 292.9289
108.7378 315.4437

Pope
9
209.6279 315.6643
209.7984 293.2097
210.5706 293.2097
210.7511 270.8655
199.5489 270.8254
154.6899 270.5546
154.6097 292.9289
153.6569 292.9289
153.5667 315.4838

Stearns
15
254.5069 318.1515
288.1737 318.8334
299.7971 291.1238
309.4749 273.6335
290.3499 255.3710
279.1778 255.0099
273.8926 260.5258
265.2578 260.4255
244.4279 260.1146
244.2775 271.3268
210.7511 270.8655
210.5706 293.2097
209.7984 293.2097
209.6279 315.6643
209.6279 317.5196

Benton
6
288.1737 318.8334
280.7223 324.7605
311.7314 325.6129
334.0155 325.8837
335.1889 291.9862
299.7971 291.1238

Mille_Lacs
17
329.8535 380.1296
353.4012 381.2027
362.7180 381.3431
362.9888 372.8487
362.8985 369.4590
363.3097 350.9257
359.7294 347.1749
355.7179 347.0345
356.0689 333.2549
356.9314 315.0826
357.7838 292.4375
335.1889 291.9862
334.0155 325.8837
333.2934 338.9914
329.8134 346.5331
329.3521 346.5331
328.8206 368.9174

Isanti
9
390.6483 315.5740
391.2801 293.2398
402.2216 291.6252
403.0339 274.7166
389.9663 274.6163
363.8412 273.8140
358.3755 273.8140
357.7838 292.4375
356.9314 315.0826

Chisago
21
417.8666 316.3463
414.1860 305.0939
414.0656 303.0480
414.1057 302.1956
414.3364 298.7657
414.6473 296.2284
415.8708 295.2857
420.2133 294.5536
422.0185 294.8344
429.1691 290.9833
433.6319 282.5391
435.4371 273.4028
432.0072 264.6376
429.6003 261.6590
429.4800 261.5588
428.3868 260.5659
403.5354 259.8438
403.0339 274.7166
402.2216 291.6252
391.2801 293.2398
390.6483 315.5740

Ramsey
4
385.5336 225.4449
404.0769 237.4695
405.1199 207.3228
390.6082 206.5506

Anoka
8
358.3755 273.8140
363.8412 273.8140
389.9663 274.6163
403.0339 274.7166
403.5354 259.8438
404.0769 237.4695
385.5336 225.4449
358.7366 251.9311

Sherburne
12
357.7838 292.4375
358.3755 273.8140
358.7366 251.9311
357.8841 252.0213
352.2780 257.7679
344.2248 257.9885
336.5428 257.7177
335.2290 258.0386
326.0526 263.2837
309.4749 273.6335
299.7971 291.1238
335.1889 291.9862

Wright
14
290.3499 255.3710
309.4749 273.6335
326.0526 263.2837
335.2290 258.0386
336.5428 257.7177
344.2248 257.9885
352.2780 257.7679
357.8841 252.0213
346.9828 246.4654
345.7191 245.4224
337.5356 229.8376
336.3622 216.7299
313.8475 216.3187
291.5233 215.9978

Meeker
8
244.4279 260.1146
265.2578 260.4255
273.8926 260.5258
279.1778 255.0099
290.3499 255.3710
291.5233 215.9978
269.1089 204.2941
245.6414 203.9331

Kandiyohi
7
199.5489 270.8254
210.7511 270.8655
244.2775 271.3268
244.4279 260.1146
245.6414 203.9331
200.6721 203.3815
200.5819 237.1486

Chippewa
6
128.3542 236.8778
200.5819 237.1486
200.6721 203.3815
179.1101 203.1609
179.2505 185.3496
155.8232 208.9475

Washington
11
403.5354 259.8438
428.3868 260.5659
426.9928 249.3135
425.0873 232.2746
425.3681 228.0223
427.6146 223.2286
429.5802 214.1424
428.8782 204.3844
425.6790 189.1004
405.1199 207.3228
404.0769 237.4695

Dakota
14
390.6082 206.5506
405.1199 207.3228
425.6790 189.1004
432.2379 185.3095
432.5889 174.3681
427.4942 163.0656
415.8207 162.6644
404.8893 158.5927
405.0196 152.9966
382.3745 161.6716
382.3344 172.9239
378.6639 172.8337
377.4504 184.0359
377.0392 193.5332

Hennepin
12
358.7366 251.9311
385.5336 225.4449
390.6082 206.5506
377.0392 193.5332
359.4586 194.8068
359.1879 206.0592
336.5428 205.4675
336.3622 216.7299
337.5356 229.8376
345.7191 245.4224
346.9828 246.4654
357.8841 252.0213

Scott
17
359.4586 194.8068
377.0392 193.5332
377.4504 184.0359
378.6639 172.8337
382.3344 172.9239
382.3745 161.6716
360.0102 161.0297
324.3878 160.1271
337.2247 173.0142
337.6359 172.8738
340.0729 173.8767
347.8051 179.9341
350.0616 182.9628
349.4298 184.1362
349.5201 186.0316
354.1634 193.3928
357.5632 194.8068

Carver
15
313.8475 216.3187
336.3622 216.7299
336.5428 205.4675
359.1879 206.0592
359.4586 194.8068
357.5632 194.8068
354.1634 193.3928
349.5201 186.0316
349.4298 184.1362
350.0616 182.9628
347.8051 179.9341
340.0729 173.8767
337.6359 172.8738
337.2247 173.0142
314.7100 182.5015

McLeod
10
291.5233 215.9978
313.8475 216.3187
314.7100 182.5015
303.5078 182.2808
292.3357 180.8768
292.4359 170.7577
273.4012 170.3866
270.0516 170.3465
269.8711 181.6490
269.1089 204.2941

Sibley
13
314.7100 182.5015
337.2247 173.0142
324.3878 160.1271
322.8935 148.8748
258.7491 147.6513
258.1173 158.8234
257.7562 181.4284
269.8711 181.6490
270.0516 170.3465
273.4012 170.3866
292.4359 170.7577
292.3357 180.8768
303.5078 182.2808

Renville
12
269.1089 204.2941
269.8711 181.6490
257.7562 181.4284
258.1173 158.8234
258.7491 147.6513
244.2775 147.5209
236.3748 152.8061
190.5931 178.2994
179.2505 185.3496
179.1101 203.1609
200.6721 203.3815
245.6414 203.9331

Lac_qui_Parle
11
122.2466 240.0469
128.3542 236.8778
155.8232 208.9475
155.8232 203.1609
145.6239 191.9988
 90.2446 192.0890
 90.3850 252.0715
101.8681 249.6345
105.7492 247.8694
106.6017 246.0040
115.8683 242.2633

Yellow_Medicine
11
 90.2446 192.0890
145.6239 191.9988
155.8232 203.1609
155.8232 208.9475
179.2505 185.3496
190.5931 178.2994
190.6834 158.0110
169.0713 157.9609
168.2188 169.3035
123.1492 169.3035
 90.1042 169.4840

Lincoln
5
123.1492 169.3035
124.4129 113.0819
 89.7432 113.2122
 90.0240 158.1414
 90.1042 169.4840

Lyon
6
169.3822 113.0317
125.8169 113.0819
124.4129 113.0819
123.1492 169.3035
168.2188 169.3035
169.0713 157.9609

Redwood
9
236.3748 152.8061
236.6957 124.8256
214.3715 124.5147
214.3214 113.2624
181.5471 113.1621
169.3822 113.0317
169.0713 157.9609
190.6834 158.0110
190.5931 178.2994

Brown
13
244.2775 147.5209
247.2360 146.6183
251.1573 144.6727
270.7335 134.7742
271.8167 134.0020
274.0330 131.8358
282.4873 123.1508
283.0790 102.9528
237.5582 102.2307
214.3214 113.2624
214.3715 124.5147
236.6957 124.8256
236.3748 152.8061

Nicollet
20
322.8935 148.8748
320.0955 137.5723
315.6627 124.3342
315.8834 120.5333
316.9264 112.3097
316.7860 111.4071
312.8948 109.5116
312.0824 109.4113
309.3847 110.2337
306.6167 111.8182
305.4835 112.7108
286.2782 121.8471
282.4873 123.1508
274.0330 131.8358
271.8167 134.0020
270.7335 134.7742
251.1573 144.6727
247.2360 146.6183
244.2775 147.5209
258.7491 147.6513

Le_Sueur
8
324.3878 160.1271
360.0102 161.0297
361.0833 115.9702
338.5786 115.4286
315.8834 120.5333
315.6627 124.3342
320.0955 137.5723
322.8935 148.8748

Rice
7
360.0102 161.0297
382.3745 161.6716
405.0196 152.9966
405.9724 117.3241
405.4709 117.3241
372.0749 116.3312
361.0833 115.9702

Goodhue
23
432.2379 185.3095
441.7653 177.2163
442.7581 175.9526
442.9888 174.6890
449.6780 168.0399
451.1322 167.3679
455.0635 166.9066
467.4892 166.4152
469.0738 166.0542
470.1168 165.5527
471.0093 164.7805
471.3303 164.2891
478.6613 153.3476
461.2513 152.7660
450.5806 141.1426
451.3428 118.5877
439.5188 118.3169
405.9724 117.3241
405.0196 152.9966
404.8893 158.5927
415.8207 162.6644
427.4942 163.0656
432.5889 174.3681

Wabasha
9
478.6613 153.3476
493.4840 147.7014
515.0861 120.9445
495.5198 108.9600
473.2759 108.0975
472.7744 119.4000
451.3428 118.5877
450.5806 141.1426
461.2513 152.7660

Winona
7
515.0861 120.9445
544.2399 100.3352
557.3977  95.8122
570.9066  78.6328
529.3671  76.6471
496.9138  75.2932
495.5198 108.9600

Olmsted
8
439.5188 118.3169
451.3428 118.5877
472.7744 119.4000
473.2759 108.0975
495.5198 108.9600
496.9138  75.2932
462.5651  72.2144
440.0503  73.2975

Dodge
5
405.9724 117.3241
439.5188 118.3169
440.0503  73.2975
406.9251  72.1642
405.4709 117.3241

Steele
5
405.4709 117.3241
406.9251  72.1642
406.5741  72.1642
373.2884  71.1714
372.0749 116.3312

Waseca
6
361.0833 115.9702
372.0749 116.3312
373.2884  71.1714
350.7837  70.5897
339.6617  70.3189
338.5786 115.4286

Blue_Earth
15
338.5786 115.4286
339.6617  70.3189
295.0033  69.3160
283.6607  69.1456
283.0790 102.9528
282.4873 123.1508
286.2782 121.8471
305.4835 112.7108
306.6167 111.8182
309.3847 110.2337
312.0824 109.4113
312.8948 109.5116
316.7860 111.4071
316.9264 112.3097
315.8834 120.5333

Watonwan
5
237.5582 102.2307
283.0790 102.9528
283.6607  69.1456
238.4608  68.5137
238.0095  68.5137

Cottonwood
6
181.5471 113.1621
214.3214 113.2624
237.5582 102.2307
238.0095  68.5137
182.7205  67.9722
181.7778  67.9722

Murray
6
169.3822 113.0317
181.5471 113.1621
181.7778  67.9722
126.8599  68.0123
125.7266  68.0123
125.8169 113.0819

Pipestone
5
 89.7432 113.2122
124.4129 113.0819
125.8169 113.0819
125.7266  68.0123
 89.4724  68.1928

Rock
5
 89.4724  68.1928
125.7266  68.0123
126.8599  68.0123
126.7596  22.7221
 89.2919  22.8525

Nobles
6
126.8599  68.0123
181.7778  67.9722
182.7205  67.9722
182.8208  22.9026
144.7112  22.6719
126.7596  22.7221

Jackson
7
238.0095  68.5137
238.4608  68.5137
239.0023  23.3940
233.3059  23.3038
189.0587  22.9026
182.8208  22.9026
182.7205  67.9722

Martin
6
295.0033  69.3160
295.8257  24.2565
277.5130  23.9456
239.0023  23.3940
238.4608  68.5137
283.6607  69.1456

Faribault
6
350.7837  70.5897
351.8668  25.3496
321.7201  24.6677
295.8257  24.2565
295.0033  69.3160
339.6617  70.3189

Freeborn
6
406.5741  72.1642
408.0082  26.9242
366.0676  25.7107
351.8668  25.3496
350.7837  70.5897
373.2884  71.1714

Mower
8
440.0503  73.2975
462.5651  72.2144
464.1998  28.9600
454.4317  28.5990
410.3149  27.0245
408.0082  26.9242
406.5741  72.1642
406.9251  72.1642

