802 800

Berkeley
13
723.7493 632.2077
760.0877 612.1465
758.3263 602.2138
756.9399 599.2780
748.3283 586.1975
745.2621 584.1425
744.2835 581.9080
736.7809 562.5319
736.4873 561.2760
736.3405 558.0140
700.1815 578.5319
706.0531 622.4381
706.4282 623.3841

Jefferson
11
760.0877 612.1465
783.9165 579.4289
774.1958 536.7949
736.3405 558.0140
736.4873 561.2760
736.7809 562.5319
744.2835 581.9080
745.2621 584.1425
748.3283 586.1975
756.9399 599.2780
758.3263 602.2138

Cabell
14
 89.3762 304.3626
119.5169 283.6165
123.9369 262.8214
 93.0459 227.1679
 48.3568 259.5104
 74.3222 269.7857
 75.9369 270.8295
 76.8013 271.9386
 77.2580 273.1781
 77.5515 274.5808
 77.8451 276.1139
 78.5791 291.1843
 78.6443 291.6246
 78.7095 300.8234

Wayne
24
 48.3568 259.5104
 93.0459 227.1679
 91.7085 221.1333
 96.1448 203.0619
 96.8788 202.0507
102.5220 196.0813
107.1703 184.3871
 95.0521 166.2994
 80.9114 146.4503
 63.8675 162.1730
 68.1244 169.5288
 68.1244 170.7031
 68.0592 170.8662
 67.8308 171.1598
 41.9634 195.8530
 41.5230 195.9834
 38.3752 196.6684
 35.4231 199.2943
 35.4231 199.4574
 33.9389 203.1435
 33.2865 204.9865
 33.2865 205.0517
 37.3966 223.0415
 33.9389 259.9508

Mingo
22
 95.0521 166.2994
112.9114 175.5635
112.2264 172.8397
124.3609 148.1955
133.7065 130.5645
153.5556 114.6297
157.5842 116.4564
163.1785 118.9029
173.9104 119.7673
185.9797 119.0334
180.8258  94.3402
170.1754  84.8479
162.7544  89.2678
156.3446  87.3596
149.8207  85.8754
137.8818  90.2138
137.8329  90.2138
104.3650 112.7215
 98.2162 122.1975
 97.9063 123.2250
 97.9715 123.3718
 80.9114 146.4503

Logan
24
153.4088 192.3953
149.2172 187.8285
146.7870 184.1588
146.7870 183.0660
147.3742 182.2505
167.3701 177.9936
174.2039 178.7276
180.8258 176.4442
204.1326 158.8132
211.7819 152.8438
213.8370 150.7235
193.9389 142.1119
192.1611 137.0558
201.1805 130.1241
194.2162 124.5461
185.9797 119.0334
173.9104 119.7673
163.1785 118.9029
157.5842 116.4564
153.5556 114.6297
133.7065 130.5645
124.3609 148.1955
112.2264 172.8397
112.9114 175.5635

Wyoming
17
213.8370 150.7235
228.9725 153.5777
238.5791 153.1374
244.4180 146.9722
262.7177 123.1435
285.8288 102.1853
274.0368  81.9121
248.8217  87.7184
224.1937  88.9090
203.3986  86.3157
189.1275  86.7561
180.8258  94.3402
185.9797 119.0334
194.2162 124.5461
201.1805 130.1241
192.1611 137.0558
193.9389 142.1119

McDowell
23
180.8258  94.3402
189.1275  86.7561
203.3986  86.3157
224.1937  88.9090
248.8217  87.7184
274.0368  81.9121
268.5077  62.4381
262.4078  50.1730
248.0062  36.9946
247.8757  36.8479
240.6667  30.2260
240.1448  29.9325
220.8828  26.1159
209.8737  32.6562
191.1825  39.4085
189.2743  40.3871
189.2090  40.3871
175.3783  52.4401
161.1886  72.5828
160.0143  75.7306
160.4547  77.1333
167.8757  83.8203
170.1754  84.8479

Mercer
7
304.0959 121.8224
347.8553  94.7153
332.7034  62.9437
294.3100  44.4156
268.5077  62.4381
274.0368  81.9121
285.8288 102.1853

Monroe
16
369.6780 163.0701
430.8890 164.6195
445.3885 153.2841
435.9124 141.8183
430.7585 131.1516
434.5098 124.1873
415.7045 107.5675
410.9257 103.5227
403.0480 114.8417
386.5098 101.7612
384.8135 100.4238
364.3772  85.0762
348.0510  94.4218
357.9838 123.9590
369.5964 155.8611
370.7055 159.6124

Summers
24
341.7391 188.0731
369.6780 163.0701
370.7055 159.6124
369.5964 155.8611
357.9838 123.9590
348.0510  94.4218
347.8553  94.7153
304.0959 121.8224
305.9226 131.4615
306.5750 133.3698
319.1010 151.3106
324.0918 152.2566
325.7880 151.9630
331.2355 149.7612
332.8992 148.0813
332.8992 145.7164
333.9430 145.4880
336.0796 147.1190
336.2264 147.7714
335.9980 149.1741
330.4853 166.0059
324.1571 172.4809
322.1020 173.7367
320.7809 174.0140

Raleigh
27
231.9899 196.1465
244.9236 194.2383
260.4343 180.3423
261.4782 179.6735
298.2896 179.1679
320.7809 174.0140
322.1020 173.7367
324.1571 172.4809
330.4853 166.0059
335.9980 149.1741
336.2264 147.7714
336.0796 147.1190
333.9430 145.4880
332.8992 145.7164
332.8992 148.0813
331.2355 149.7612
325.7880 151.9630
324.0918 152.2566
319.1010 151.3106
306.5750 133.3698
305.9226 131.4615
304.0959 121.8224
285.8288 102.1853
262.7177 123.1435
244.4180 146.9722
238.5791 153.1374
228.9725 153.5777

Boone
19
231.9899 196.1465
228.9725 153.5777
213.8370 150.7235
211.7819 152.8438
204.1326 158.8132
180.8258 176.4442
174.2039 178.7276
167.3701 177.9936
147.3742 182.2505
146.7870 183.0660
146.7870 184.1588
149.2172 187.8285
153.4088 192.3953
163.6841 233.4146
181.2661 238.8621
185.5230 240.0201
188.8992 239.8081
216.9848 221.4432
229.0378 203.5023

Lincoln
12
123.9369 262.8214
146.7870 255.7592
163.6841 233.4146
153.4088 192.3953
112.9114 175.5635
 95.0521 166.2994
107.1703 184.3871
102.5220 196.0813
 96.8788 202.0507
 96.1448 203.0619
 91.7085 221.1333
 93.0459 227.1679

Putnam
9
172.6708 324.1955
164.7279 313.0232
146.9338 271.4167
146.7870 255.7592
123.9369 262.8214
119.5169 283.6165
113.8574 311.4085
129.8737 324.3423
158.6280 333.6715

Mason
33
130.5424 371.8203
130.3140 371.3147
131.9287 368.8193
153.9960 344.2077
158.6280 333.6715
129.8737 324.3423
113.8574 311.4085
119.5169 283.6165
 89.3762 304.3626
 92.4588 305.0313
 93.4211 305.2271
 93.7799 305.6185
 94.6932 306.3524
 95.1010 306.7928
 95.7697 307.8856
 95.9817 308.9131
 96.0633 310.1527
 96.1448 310.8866
 96.1448 311.1802
 95.9165 312.6481
 91.7085 329.7898
 91.6596 329.8550
 93.7799 363.8285
 97.4659 383.9712
 97.9715 386.9070
105.4741 399.6124
108.2631 401.0803
110.7585 400.9498
110.8400 400.9498
122.7462 394.4585
125.9267 390.5115
129.9552 384.4768
130.5424 382.8458

Jackson
20
178.3956 410.8010
194.4771 389.9896
201.1805 325.5818
172.6708 324.1955
158.6280 333.6715
153.9960 344.2077
131.9287 368.8193
130.3140 371.3147
130.5424 371.8203
135.9083 373.2230
152.9522 385.3575
153.3436 387.1190
149.4292 404.0487
147.6678 406.1037
143.9817 408.5665
142.1550 409.9039
140.3935 412.2036
139.5944 415.0742
139.5944 416.9009
149.5760 421.2393

Kanawha
20
172.6708 324.1955
201.1805 325.5818
212.3691 313.4636
252.4914 316.1873
256.8951 315.9753
244.2712 302.0793
252.1978 282.5237
259.5536 259.7388
259.4883 259.6572
244.9236 194.2383
231.9899 196.1465
229.0378 203.5023
216.9848 221.4432
188.8992 239.8081
185.5230 240.0201
181.2661 238.8621
163.6841 233.4146
146.7870 255.7592
146.9338 271.4167
164.7279 313.0232

Fayette
17
321.5964 235.1761
341.7391 188.0731
320.7809 174.0140
298.2896 179.1679
261.4782 179.6735
260.4343 180.3423
244.9236 194.2383
259.4883 259.6572
273.3028 253.8509
286.5465 249.6593
287.7208 249.6593
288.3732 250.2464
288.1938 253.1170
291.6025 256.8682
300.9970 257.4554
303.6066 256.4279
308.4343 252.4483

Clay
10
271.9002 336.4768
278.4731 349.4758
308.0755 319.6450
317.5515 318.4707
319.3130 315.3718
306.3140 299.5838
259.5536 259.7388
252.1978 282.5237
244.2712 302.0793
256.8951 315.9753

Roane
12
194.4771 389.9896
208.4710 392.7949
220.7361 389.3535
230.6851 395.0130
242.1999 381.5410
244.1897 372.1302
258.8196 341.2556
271.9002 336.4768
256.8951 315.9753
252.4914 316.1873
212.3691 313.4636
201.1805 325.5818

Calhoun
12
266.7626 421.0110
272.3568 413.0028
273.2213 411.6165
277.1846 387.6409
284.3283 361.1863
278.4731 349.4758
271.9002 336.4768
258.8196 341.2556
244.1897 372.1302
242.1999 381.5410
230.6851 395.0130
245.4455 422.1200

Wirt
7
218.6973 451.1516
245.4455 422.1200
230.6851 395.0130
220.7361 389.3535
208.4710 392.7949
194.4771 389.9896
178.3956 410.8010

Wood
14
201.8166 482.1730
225.3028 469.9732
218.6973 451.1516
178.3956 410.8010
149.5760 421.2393
146.5750 438.8703
153.1805 453.4350
174.2039 480.1995
184.4302 492.6929
186.1102 494.1445
187.5781 494.6012
189.4211 494.4544
193.5475 492.1710
194.7218 490.9151

Pleasants
8
259.5536 493.1170
248.2345 486.7398
227.4394 478.7969
226.4771 477.3127
225.8247 474.5237
225.3028 469.9732
201.8166 482.1730
234.1265 509.8835

Ritchie
11
259.5536 493.1170
280.4466 484.3096
298.8115 447.5635
266.7626 421.0110
245.4455 422.1200
218.6973 451.1516
225.3028 469.9732
225.8247 474.5237
226.4771 477.3127
227.4394 478.7969
248.2345 486.7398

Gilmer
13
298.8115 447.5635
312.7728 446.8784
338.9501 409.9855
338.4119 410.0507
336.7483 409.2515
328.8054 405.1251
324.4180 402.2057
299.9858 376.8275
284.3283 361.1863
277.1846 387.6409
273.2213 411.6165
272.3568 413.0028
266.7626 421.0110

Braxton
17
338.9501 409.9855
342.1142 403.1516
344.0225 401.0803
352.8298 402.9233
362.5505 398.5849
368.6504 385.8142
369.0745 381.8346
368.4058 379.4044
344.6260 329.7898
308.0755 319.6450
278.4731 349.4758
284.3283 361.1863
299.9858 376.8275
324.4180 402.2057
328.8054 405.1251
336.7483 409.2515
338.4119 410.0507

Nicholas
24
344.6260 329.7898
341.4455 323.6083
348.6382 307.5104
357.0378 295.6695
388.1244 281.2026
374.8971 264.2892
352.9766 237.6878
349.8941 234.5074
321.5964 235.1761
308.4343 252.4483
303.6066 256.4279
300.9970 257.4554
291.6025 256.8682
288.1938 253.1170
288.3732 250.2464
287.7208 249.6593
286.5465 249.6593
273.3028 253.8509
259.4883 259.6572
259.5536 259.7388
306.3140 299.5838
319.3130 315.3718
317.5515 318.4707
308.0755 319.6450

Greenbrier
16
401.9389 274.5808
405.2661 251.1272
423.6474 239.6613
432.6667 239.1557
439.5006 240.0854
448.8461 245.9080
472.4302 251.5675
461.0459 225.6185
430.8890 164.6195
369.6780 163.0701
341.7391 188.0731
321.5964 235.1761
349.8941 234.5074
352.9766 237.6878
374.8971 264.2892
388.1244 281.2026

Webster
13
368.4058 379.4044
379.2192 378.5889
398.4649 374.8540
419.8798 341.9896
414.7259 311.7184
402.9012 298.3932
398.9868 299.7796
401.9389 274.5808
388.1244 281.2026
357.0378 295.6695
348.6382 307.5104
341.4455 323.6083
344.6260 329.7898

Upshur
16
380.9970 459.8285
392.2998 463.6450
420.9073 432.8682
422.5383 410.1975
421.4129 389.6307
403.7004 386.2383
398.4649 374.8540
379.2192 378.5889
375.0928 386.6786
375.0439 409.6103
375.1907 411.8122
375.7615 412.4972
376.8706 412.6929
379.8879 419.1843
382.5301 428.1058
381.6657 450.8417

Lewis
20
331.5291 465.2597
380.9970 459.8285
381.6657 450.8417
382.5301 428.1058
379.8879 419.1843
376.8706 412.6929
375.7615 412.4972
375.1907 411.8122
375.0439 409.6103
375.0928 386.6786
379.2192 378.5889
368.4058 379.4044
369.0745 381.8346
368.6504 385.8142
362.5505 398.5849
352.8298 402.9233
344.0225 401.0803
342.1142 403.1516
338.9501 409.9855
312.7728 446.8784

Doddridge
6
318.2039 523.9264
330.7136 521.4309
331.5291 465.2597
312.7728 446.8784
298.8115 447.5635
280.4466 484.3096

Tyler
6
261.1683 548.3423
318.2039 523.9264
280.4466 484.3096
259.5536 493.1170
234.1265 509.8835
248.2998 532.0161

Harrison
7
337.4007 531.2169
387.3089 523.0619
397.5352 492.3178
392.2998 463.6450
380.9970 459.8285
331.5291 465.2597
330.7136 521.4309

Hancock
5
293.2335 775.1150
298.8115 741.3698
301.6005 724.9784
286.1550 721.4391
271.8349 759.5390

Brooke
4
301.6005 724.9784
309.7228 674.9070
282.4853 676.3097
286.1550 721.4391

Ohio
5
282.4853 676.3097
309.7228 674.9070
314.6158 644.9294
280.3650 642.9396
280.7891 669.7042

Marshall
5
314.6158 644.9294
324.6953 583.2454
275.6514 575.0905
273.8900 603.3881
280.3650 642.9396

Wetzel
8
340.2712 585.7571
347.1703 568.8438
337.4007 531.2169
330.7136 521.4309
318.2039 523.9264
261.1683 548.3423
275.6514 575.0905
324.6953 583.2454

Marion
8
347.1703 568.8438
355.7819 564.7826
386.5913 569.6593
399.1499 560.0201
407.1581 552.9580
426.2733 542.4381
387.3089 523.0619
337.4007 531.2169

Barbour
11
454.7829 499.6083
456.4955 475.1924
453.3151 470.1200
452.7279 468.6521
450.7544 451.2332
450.6076 445.1170
450.1673 443.4371
420.9073 432.8682
392.2998 463.6450
397.5352 492.3178
438.7014 511.6613

Taylor
5
426.2733 542.4381
433.9226 540.1058
438.7014 511.6613
397.5352 492.3178
387.3089 523.0619

Monongalia
13
444.4099 603.2413
445.3069 598.2505
443.9206 582.3158
431.4761 549.6634
433.9226 540.1058
426.2733 542.4381
407.1581 552.9580
399.1499 560.0201
386.5913 569.6593
355.7819 564.7826
347.1703 568.8438
340.2712 585.7571
420.3202 599.1312

Pocahontas
28
504.5770 386.3035
503.5984 370.5155
503.3212 353.0966
502.5057 338.2383
498.1673 322.7928
488.1041 307.1516
488.0225 306.4177
488.0225 306.1893
491.9858 298.1812
472.4302 251.5675
448.8461 245.9080
439.5006 240.0854
432.6667 239.1557
423.6474 239.6613
405.2661 251.1272
401.9389 274.5808
398.9868 299.7796
402.9012 298.3932
414.7259 311.7184
429.5026 329.3494
447.2967 332.3667
470.6035 356.0324
471.6963 372.9620
472.2182 376.6154
477.0623 397.3453
477.9430 398.0140
481.4822 397.3453
503.9899 389.3861

Preston
12
489.9308 611.2658
507.2029 503.4248
507.5128 501.0599
503.4680 504.9580
472.8869 511.4982
454.7829 499.6083
438.7014 511.6613
433.9226 540.1058
431.4761 549.6634
443.9206 582.3158
445.3069 598.2505
444.4099 603.2413

Randolph
38
536.6912 456.5991
538.2243 455.3270
523.6759 443.3555
515.6025 433.3575
512.2101 426.0833
512.2101 425.7898
515.0643 420.4238
516.3854 419.8366
518.8319 417.9284
519.2722 416.7378
518.9787 413.8672
516.3854 406.3810
508.0837 390.3647
504.5770 386.3035
503.9899 389.3861
481.4822 397.3453
477.9430 398.0140
477.0623 397.3453
472.2182 376.6154
471.6963 372.9620
470.6035 356.0324
447.2967 332.3667
429.5026 329.3494
414.7259 311.7184
419.8798 341.9896
398.4649 374.8540
403.7004 386.2383
421.4129 389.6307
422.5383 410.1975
420.9073 432.8682
450.1673 443.4371
450.6076 445.1170
450.7544 451.2332
452.7279 468.6521
453.3151 470.1200
456.4955 475.1924
466.0531 460.4809
514.2488 455.4085

Pendleton
22
538.2243 455.3270
578.0857 431.4493
592.3405 422.7724
575.8023 358.9518
564.4017 342.4952
536.2345 347.2740
526.2529 362.0670
523.1703 365.1496
519.8594 366.6175
503.5984 370.5155
504.5770 386.3035
508.0837 390.3647
516.3854 406.3810
518.9787 413.8672
519.2722 416.7378
518.8319 417.9284
516.3854 419.8366
515.0643 420.4238
512.2101 425.7898
512.2101 426.0833
515.6025 433.3575
523.6759 443.3555

Tucker
14
454.7829 499.6083
472.8869 511.4982
503.4680 504.9580
507.5128 501.0599
522.5668 503.8489
534.1142 496.1343
542.2039 480.9987
542.2692 475.3229
541.9104 469.3208
540.2794 462.1771
536.6912 456.5991
514.2488 455.4085
466.0531 460.4809
456.4955 475.1924

Grant
18
533.5271 535.0171
586.7463 524.3667
585.8492 522.1649
581.5271 505.0232
576.7320 479.6124
579.2600 472.3219
583.8757 450.6950
578.0857 431.4493
538.2243 455.3270
536.6912 456.5991
540.2794 462.1771
541.9104 469.3208
542.2692 475.3229
542.2039 480.9987
534.1142 496.1343
522.5668 503.8489
507.5128 501.0599
507.2029 503.4248

Hardy
29
586.7463 524.3667
601.1479 518.6256
625.4822 514.0099
640.0470 512.3953
650.1917 514.0099
651.5454 515.0375
657.4659 514.4503
661.8044 511.7918
667.6107 507.0946
663.1092 499.3800
662.9787 491.3555
662.6851 489.8876
657.5312 478.4870
642.1020 463.9386
641.5801 464.0201
640.9114 465.0477
640.2590 466.1404
631.8757 458.1975
631.1581 457.0395
630.7830 456.4523
628.6464 449.8305
622.3997 428.5787
592.3405 422.7724
578.0857 431.4493
583.8757 450.6950
579.2600 472.3219
576.7320 479.6124
581.5271 505.0232
585.8492 522.1649

Mineral
6
626.5913 595.8203
586.7463 524.3667
533.5271 535.0171
563.4394 571.1109
580.7931 567.2128
607.1825 603.5349

Hampshire
18
626.5913 595.8203
657.2376 597.5003
678.4894 590.5196
680.3324 567.5064
679.8920 527.3841
679.3049 523.9916
676.8584 518.2668
674.3793 513.7327
669.4374 508.8560
667.6107 507.0946
661.8044 511.7918
657.4659 514.4503
651.5454 515.0375
650.1917 514.0099
640.0470 512.3953
625.4822 514.0099
601.1479 518.6256
586.7463 524.3667

Morgan
17
674.0694 626.3198
682.5995 624.6236
684.5077 624.8520
690.1836 635.3066
694.3589 641.9121
695.4680 643.1680
696.4303 643.5268
701.8778 643.3800
707.8146 642.7276
713.7024 640.5258
721.0419 635.2087
723.7493 632.2077
706.4282 623.3841
706.0531 622.4381
700.1815 578.5319
678.4894 590.5196
657.2376 597.5003

