755 800

Door
19
651.2161 417.4514
652.3546 425.7387
661.1715 441.7837
664.0442 446.3245
695.7900 482.7832
717.8718 523.0546
724.2527 528.6148
728.1845 531.2227
730.9911 531.2889
732.2885 530.9845
733.0166 530.2696
734.1551 528.2441
734.3272 522.7634
733.9697 519.4802
727.8271 495.1877
724.2527 489.7069
713.7414 465.7718
698.1200 428.9027
695.1413 421.0788

Kewaunee
8
651.2161 417.4514
695.1413 421.0788
688.4427 408.4360
685.5832 399.0632
684.3255 391.9674
679.9171 359.9833
652.7650 357.5474
648.5287 411.6530

Pierce
16
 40.7511 412.1958
116.4884 414.2874
117.8519 384.6863
 96.7895 359.2684
 96.3659 359.9171
 95.1877 360.9365
 93.8109 361.5984
 91.7192 362.0750
 75.3168 362.7237
 70.1273 363.3326
 68.2077 364.2196
 59.3776 372.9967
 59.0732 374.6647
 57.7626 376.3328
 45.1860 387.0162
 36.5281 392.0204

Pepin
11
117.8519 384.6863
176.6836 387.0692
177.3985 372.2156
134.4927 370.3622
132.1627 369.1708
131.4081 368.4559
130.6800 365.3052
126.4437 342.1511
126.0333 337.3720
106.4668 344.8253
 96.7895 359.2684

Buffalo
12
192.1461 372.8114
194.8997 313.0927
193.7480 289.1046
193.0331 274.8468
154.5489 302.0518
126.0333 337.3720
126.4437 342.1511
130.6800 365.3052
131.4081 368.4559
132.1627 369.1708
134.4927 370.3622
177.3985 372.2156

Trempealeau
18
236.2964 375.1413
239.2750 315.4226
240.7710 315.4756
242.4390 286.8276
238.0703 287.5557
223.5213 283.3194
219.9999 278.3020
219.8410 277.7063
219.5895 274.4231
220.3705 273.1125
221.4958 272.2123
222.3960 270.3060
222.3960 269.4720
210.4020 268.8762
193.0331 274.8468
193.7480 289.1046
194.8997 313.0927
192.1461 372.8114

Jackson
17
236.2964 375.1413
265.8182 376.5711
266.5330 361.7705
282.0617 347.6980
326.5694 350.2001
341.2377 351.4577
343.5014 321.3800
344.4281 305.4541
328.2375 305.4541
285.6891 302.7137
272.7551 301.8797
266.8508 299.6689
263.5544 296.5049
264.4016 286.4172
242.4390 286.8276
240.7710 315.4756
239.2750 315.4226

Eau_Claire
7
263.4352 421.1450
265.8182 376.5711
236.2964 375.1413
192.1461 372.8114
177.3985 372.2156
176.6836 387.0692
175.3068 416.5512

Clark
9
261.7142 450.7991
335.1480 455.3929
338.5635 395.9125
341.2377 351.4577
326.5694 350.2001
282.0617 347.6980
266.5330 361.7705
265.8182 376.5711
263.4352 421.1450

Chippewa
5
185.0503 491.5471
259.1460 495.2539
263.4352 421.1450
175.3068 416.5512
170.7793 476.5082

Dunn
6
170.7793 476.5082
175.3068 416.5512
176.6836 387.0692
117.8519 384.6863
116.4884 414.2874
111.6563 474.2444

St._Croix
8
111.6563 474.2444
116.4884 414.2874
 40.7511 412.1958
 41.6778 425.0768
 39.0831 437.0708
 36.1177 443.3988
 35.7470 449.0119
 38.2623 471.5041

Polk
21
108.8365 547.6384
111.6563 474.2444
 38.2623 471.5041
 40.1025 486.3576
 41.5454 487.6682
 41.7043 487.8006
 44.8815 491.7324
 49.4091 503.3028
 47.0262 515.3631
 41.1351 526.5099
 31.6960 531.5934
 29.3131 531.2227
 23.5809 532.1892
 21.9658 533.4336
 21.5554 536.7829
 21.2509 541.3104
 21.1979 542.4357
 21.3568 545.1364
 64.0376 546.3278
 63.6272 561.0622
108.3070 562.2537

Barron
6
123.6371 548.2342
182.4159 550.4450
185.0503 491.5471
170.7793 476.5082
111.6563 474.2444
108.8365 547.6384

Rusk
5
285.4508 555.8728
287.9661 511.4842
259.1460 495.2539
185.0503 491.5471
182.4159 550.4450

Taylor
12
364.2858 516.7399
366.9203 472.1660
355.2704 471.4511
348.7041 466.0763
349.2999 456.2269
335.1480 455.3929
261.7142 450.7991
259.1460 495.2539
287.9661 511.4842
314.4563 512.8478
330.5145 514.4099
354.3172 516.2500

Price
11
326.9798 616.9153
357.6666 618.8746
358.7389 604.4447
362.3133 546.2087
364.2858 516.7399
354.3172 516.2500
330.5145 514.4099
314.4563 512.8478
287.9661 511.4842
285.4508 555.8728
282.4192 614.3470

Sawyer
7
176.9881 638.8646
251.3882 642.2140
252.5797 615.0619
252.8842 612.6128
282.4192 614.3470
285.4508 555.8728
182.4159 550.4450

Washburn
6
117.7990 636.3626
176.9881 638.8646
182.4159 550.4450
123.6371 548.2342
120.9630 606.8276
118.9242 606.7614

Burnett
19
 88.7935 635.1049
117.7990 636.3626
118.9242 606.7614
120.9630 606.8276
123.6371 548.2342
108.8365 547.6384
108.3070 562.2537
 63.6272 561.0622
 64.0376 546.3278
 21.3568 545.1364
 26.2153 559.9899
 38.1961 583.9780
 39.6788 586.6522
 41.1748 588.6247
 47.1056 593.8142
 47.1453 593.8804
 71.9674 610.1769
 89.3363 621.0192
 89.0980 627.7046

Douglas
32
 85.6427 721.2079
 88.3169 719.3545
 91.6001 719.0632
 95.1347 719.3015
 95.7172 719.6590
 96.2600 720.1885
 97.8618 724.3719
 97.7427 726.2782
 97.6236 726.3973
 97.0278 727.0593
 97.0278 727.1784
 96.6174 728.2507
 96.7366 729.5084
 97.3985 730.8719
105.7387 736.5512
108.9160 736.7895
115.7073 730.1571
117.3621 729.4422
117.9711 729.8658
121.2542 727.6550
123.0414 726.6356
124.4314 726.0399
126.6820 725.6825
141.0722 728.0654
144.5274 729.0318
172.2090 740.6684
173.8241 700.1455
174.7111 685.5832
176.9881 638.8646
117.7990 636.3626
 88.7935 635.1049
 87.1916 679.3876

Bayfield
27
247.0990 715.3565
251.3882 642.2140
176.9881 638.8646
174.7111 685.5832
173.8241 700.1455
172.2090 740.6684
173.8903 740.5360
176.9219 741.1979
223.7066 760.5393
224.7260 761.2410
229.6639 764.8815
231.1599 766.3245
234.9726 771.0904
238.4410 775.5650
239.0368 776.0416
250.3159 779.5630
252.1031 779.8675
254.2477 779.1394
260.6419 774.2014
264.5605 769.6606
265.0503 768.7604
265.0503 767.9264
260.0462 756.5943
252.6327 746.2153
244.1203 717.8056
244.1600 717.2098
245.3647 715.8463

Ashland
20
247.0990 715.3565
248.2242 715.0652
249.2436 715.0652
249.7202 715.2373
262.3762 722.9421
265.1695 725.0205
266.8508 726.8210
282.0617 723.8953
291.6596 717.6335
292.6260 703.3757
293.9896 679.0301
294.7177 659.2783
309.6904 660.1124
325.0735 646.3841
326.3311 631.6497
326.9798 616.9153
282.4192 614.3470
252.8842 612.6128
252.5797 615.0619
251.3882 642.2140

Iron
15
307.3604 715.4756
320.8372 708.1415
344.8253 678.6595
355.8000 676.3427
367.8470 673.8407
371.3949 619.7748
357.6666 618.8746
326.9798 616.9153
326.3311 631.6497
325.0735 646.3841
309.6904 660.1124
294.7177 659.2783
293.9896 679.0301
292.6260 703.3757
291.6596 717.6335

Vilas
15
367.8470 673.8407
453.4203 656.2865
459.8542 654.9758
464.8848 653.9035
473.0000 651.1632
481.4064 647.0460
488.6346 643.5246
489.6937 627.9429
476.0978 626.9897
477.2231 612.1892
462.4357 605.0933
439.7053 610.1107
358.7389 604.4447
357.6666 618.8746
371.3949 619.7748

Oneida
9
477.2231 612.1892
482.7170 538.9805
437.3621 536.1739
435.9323 551.1599
406.6356 549.1873
362.3133 546.2087
358.7389 604.4447
439.7053 610.1107
462.4357 605.0933

Lincoln
7
437.3621 536.1739
441.3072 476.8789
366.9203 472.1660
364.2858 516.7399
362.3133 546.2087
406.6356 549.1873
435.9323 551.1599

Langlade
12
437.3621 536.1739
482.7170 538.9805
497.4515 540.1190
498.2325 525.3846
528.0191 527.6484
529.9651 498.0472
535.0354 498.4046
535.8297 483.4981
494.7640 480.5062
495.9687 465.2952
466.7912 463.2697
441.3072 476.8789

Marathon
10
366.9203 472.1660
441.3072 476.8789
466.7912 463.2697
471.0275 403.9614
395.6609 399.4207
338.5635 395.9125
335.1480 455.3929
349.2999 456.2269
348.7041 466.0763
355.2704 471.4511

Wood
9
338.5635 395.9125
395.6609 399.4207
397.6864 369.8327
412.0104 370.7329
413.7314 347.4465
415.1744 325.7354
393.4634 324.5969
343.5014 321.3800
341.2377 351.4577

Adams
11
430.6899 326.4635
433.7348 281.3998
437.3621 223.3492
414.5390 221.5620
401.5653 246.4370
390.3391 258.3781
387.4928 266.1888
379.7880 296.4387
381.5752 301.7473
393.4634 324.5969
415.1744 325.7354

Juneau
11
343.5014 321.3800
393.4634 324.5969
381.5752 301.7473
379.7880 296.4387
387.4928 266.1888
390.3391 258.3781
401.5653 246.4370
414.5390 221.5620
349.6573 217.4978
348.7703 232.9603
344.4281 305.4541

Monroe
11
264.4016 286.4172
263.5544 296.5049
266.8508 299.6689
272.7551 301.8797
285.6891 302.7137
328.2375 305.4541
344.4281 305.4541
348.7703 232.9603
275.2572 227.7576
273.3906 262.4821
271.7225 286.8938

La_Crosse
17
242.4390 286.8276
264.4016 286.4172
271.7225 286.8938
273.3906 262.4821
275.2572 227.7576
231.2261 225.5600
228.2342 246.1987
210.4020 268.8762
222.3960 269.4720
222.3960 270.3060
221.4958 272.2123
220.3705 273.1125
219.5895 274.4231
219.8410 277.7063
219.9999 278.3020
223.5213 283.3194
238.0703 287.5557

Vernon
9
348.7703 232.9603
349.6573 217.4978
350.7296 202.6442
306.2881 199.9039
307.9032 177.6368
241.5388 174.1286
239.3942 187.3141
231.2261 225.5600
275.2572 227.7576

Sauk
19
349.6573 217.4978
414.5390 221.5620
420.8405 214.5721
437.6004 209.6209
438.4344 208.9193
440.3010 178.4840
438.0373 176.4453
435.0454 174.9626
433.7348 174.5522
431.9476 174.7773
430.8091 174.4198
425.8579 166.2517
425.5534 163.9217
426.5066 162.5582
412.9107 146.7250
369.3032 136.8226
369.4091 137.2595
365.4243 203.7165
350.7296 202.6442

Richland
8
350.7296 202.6442
365.4243 203.7165
369.4091 137.2595
369.3032 136.8226
339.6226 141.3634
310.5774 134.6780
307.9032 177.6368
306.2881 199.9039

Crawford
14
241.5388 174.1286
307.9032 177.6368
310.5774 134.6780
301.6282 125.9141
263.7397 101.6216
262.7336 101.2244
250.6866  99.3578
248.0389 115.5881
251.2823 128.1779
260.8140 144.2361
261.2906 146.3675
257.5441 152.3910
254.6714 156.0316
241.4197 165.3515

Iowa
6
412.9107 146.7250
416.7763  87.0725
417.2661  79.6060
343.8721  74.9063
339.6226 141.3634
369.3032 136.8226

Grant
22
310.5774 134.6780
339.6226 141.3634
343.8721  74.9063
347.0361  22.5218
320.2017  21.1979
320.6783  22.0187
320.5989  22.9851
319.2353  27.2876
311.2923  41.7308
310.3920  42.6310
308.9623  43.3326
302.7005  44.8286
286.5363  47.9264
279.9701  49.4885
276.5016  51.0904
266.4271  57.7758
264.8782  60.9927
253.4799  86.3047
250.6866  99.3578
262.7336 101.2244
263.7397 101.6216
301.6282 125.9141

Lafayette
5
343.8721  74.9063
417.2661  79.6060
420.7875  26.8110
409.6275  26.1623
347.0361  22.5218

Green
6
416.7763  87.0725
475.3167  88.9126
479.8443  29.9088
475.3697  29.6308
420.7875  26.8110
417.2661  79.6060

Marquette
7
486.2914 285.2257
487.6682 267.0228
484.7558 255.8628
479.5001 247.5094
480.9828 226.4470
437.3621 223.3492
433.7348 281.3998

Portage
8
395.6609 399.4207
471.0275 403.9614
476.2170 329.2039
430.6899 326.4635
415.1744 325.7354
413.7314 347.4465
412.0104 370.7329
397.6864 369.8327

Waupaca
8
471.0275 403.9614
545.9704 409.0318
547.0427 394.0458
531.2228 392.8014
532.7717 371.9244
535.3532 333.5593
517.4548 332.0634
476.2170 329.2039

Waushara
6
517.4548 332.0634
520.8438 287.7940
486.2914 285.2257
433.7348 281.3998
430.6899 326.4635
476.2170 329.2039

Green_Lake
11
520.8438 287.7940
521.9823 272.8080
525.3184 228.0621
510.4649 226.8706
495.6510 225.5600
495.5451 227.5855
480.9828 226.4470
479.5001 247.5094
484.7558 255.8628
487.6682 267.0228
486.2914 285.2257

Columbia
22
480.9828 226.4470
495.5451 227.5855
495.6510 225.5600
510.4649 226.8706
514.5953 167.3108
502.7204 166.0664
470.8422 163.5643
470.6701 165.7619
426.5066 162.5582
425.5534 163.9217
425.8579 166.2517
430.8091 174.4198
431.9476 174.7773
433.7348 174.5522
435.0454 174.9626
438.0373 176.4453
440.3010 178.4840
438.4344 208.9193
437.6004 209.6209
420.8405 214.5721
414.5390 221.5620
437.3621 223.3492

Dane
10
514.5953 167.3108
515.7205 152.4705
519.5200  92.4341
475.3167  88.9126
416.7763  87.0725
412.9107 146.7250
426.5066 162.5582
470.6701 165.7619
470.8422 163.5643
502.7204 166.0664

Rock
6
549.0152  93.9300
553.6619  34.1981
533.1423  32.8345
479.8443  29.9088
475.3167  88.9126
519.5200  92.4341

Kenosha
8
610.8918  58.8481
625.6262  60.0925
624.7789  70.1140
647.9198  72.0866
672.4639  73.9929
675.6940  43.7430
625.6792  40.2878
612.6657  38.9772

Racine
8
637.0113 101.0391
667.1552 103.5411
672.4639  73.9929
647.9198  72.0866
624.7789  70.1140
625.6262  60.0925
610.8918  58.8481
607.6087  98.4046

Walworth
7
578.3781  96.1938
607.6087  98.4046
610.8918  58.8481
612.6657  38.9772
562.3199  34.7938
553.6619  34.1981
549.0152  93.9300

Dodge
12
525.3184 228.0621
540.1852 229.1344
585.0371 232.2454
586.0035 221.0192
586.2947 217.3257
588.5056 187.6583
586.4139 187.4862
588.8762 157.5408
574.3139 156.6406
515.7205 152.4705
514.5953 167.3108
510.4649 226.8706

Jefferson
5
515.7205 152.4705
574.3139 156.6406
578.3781  96.1938
549.0152  93.9300
519.5200  92.4341

Waukesha
6
632.7750 160.6916
637.0113 101.0391
607.6087  98.4046
578.3781  96.1938
574.3139 156.6406
588.8762 157.5408

Milwaukee
4
654.0227 162.4258
667.1552 103.5411
637.0113 101.0391
632.7750 160.6916

Ozaukee
16
630.6303 220.7809
660.9464 223.4683
661.7804 214.8766
660.4698 209.3296
658.4311 204.6035
655.3863 199.2949
654.4463 197.2165
653.6653 194.8203
653.2416 192.9140
650.7263 172.2090
651.1632 169.7731
653.4270 163.3260
654.0227 162.4258
632.7750 160.6916
630.4582 190.5840
632.0601 203.2400

Washington
9
615.7768 219.6556
630.6303 220.7809
632.0601 203.2400
630.4582 190.5840
632.7750 160.6916
588.8762 157.5408
586.4139 187.4862
588.5056 187.6583
586.2947 217.3257

Winnebago
6
576.2732 336.9484
581.2244 276.9252
521.9823 272.8080
520.8438 287.7940
517.4548 332.0634
535.3532 333.5593

Fond_du_Lac
10
610.7726 279.1360
615.7768 219.6556
586.2947 217.3257
586.0035 221.0192
585.0371 232.2454
540.1852 229.1344
525.3184 228.0621
521.9823 272.8080
581.2244 276.9252
580.5757 284.7491

Sheboygan
9
663.5014 283.9151
669.1807 262.7865
670.0677 249.1244
669.7235 247.6947
660.9464 223.4683
630.6303 220.7809
615.7768 219.6556
610.7726 279.1360
625.5071 280.3937

Calumet
6
602.0617 338.6297
620.3176 339.9932
625.5071 280.3937
610.7726 279.1360
580.5757 284.7491
576.2732 336.9484

Manitowoc
19
652.7650 357.5474
679.9171 359.9833
685.6494 343.7000
686.0068 340.4698
685.6494 337.3720
684.9874 335.0950
682.8428 331.4015
680.2216 328.5420
675.8661 325.9737
673.5362 324.1203
670.6634 320.9034
667.4465 306.0498
666.4404 300.7412
663.5014 283.9151
625.5071 280.3937
620.3176 339.9932
639.2221 341.4892
637.9644 356.3427
645.3780 356.9384

Brown
26
589.8824 412.7385
620.4897 415.0023
619.2320 412.5003
615.7768 396.5612
615.7238 395.4888
620.6088 391.1863
624.9643 390.0611
628.2474 390.2332
629.9155 391.4246
631.2261 393.6355
632.8412 397.3422
633.0000 398.2292
632.3646 399.4207
632.6029 400.0164
636.4155 404.4380
643.0348 409.7996
648.5287 411.6530
652.7650 357.5474
645.3780 356.9384
637.9644 356.3427
639.2221 341.4892
620.3176 339.9932
602.0617 338.6297
601.4528 348.4658
597.4548 397.4614
590.9017 396.5612

Outagamie
9
547.0427 394.0458
590.9017 396.5612
597.4548 397.4614
601.4528 348.4658
602.0617 338.6297
576.2732 336.9484
535.3532 333.5593
532.7717 371.9244
531.2228 392.8014

Shawano
12
495.9687 465.2952
497.0940 450.6800
526.7482 452.9437
527.7675 438.1564
557.6600 440.3010
586.7581 442.1412
589.8824 412.7385
590.9017 396.5612
547.0427 394.0458
545.9704 409.0318
471.0275 403.9614
466.7912 463.2697

Menominee
9
495.9687 465.2952
494.7640 480.5062
535.8297 483.4981
554.7872 484.9279
556.3493 458.5039
557.6600 440.3010
527.7675 438.1564
526.7482 452.9437
497.0940 450.6800

Oconto
22
557.9644 529.7268
572.6459 530.4549
598.7786 487.3108
599.7318 472.5764
621.4296 469.1079
644.0012 466.4337
643.2201 466.2484
637.8585 463.8655
637.1304 463.2697
635.0520 459.8145
620.6750 422.2835
620.3705 416.4850
620.4897 415.0023
589.8824 412.7385
586.7581 442.1412
557.6600 440.3010
556.3493 458.5039
554.7872 484.9279
535.8297 483.4981
535.0354 498.4046
529.9651 498.0472
528.0191 527.6484

Forest
13
488.6346 643.5246
518.9375 635.7668
520.4731 630.1008
523.6504 586.2418
553.5560 588.5056
557.9644 529.7268
528.0191 527.6484
498.2325 525.3846
497.4515 540.1190
482.7170 538.9805
477.2231 612.1892
476.0978 626.9897
489.6937 627.9429

Florence
30
518.9375 635.7668
521.3866 631.4114
542.2636 633.6222
576.9881 629.2668
577.2529 629.2006
580.2183 628.7240
584.7591 626.5264
587.5656 624.6598
589.4058 623.4816
592.9140 618.4642
593.2846 617.9214
593.4567 617.3257
591.7887 614.4662
589.8824 611.7788
589.0483 611.1168
586.9567 608.4427
586.8905 608.3235
586.7184 607.7278
587.4862 606.2318
587.6053 606.1657
592.1594 602.4721
593.1655 602.2338
594.7806 601.8102
594.8997 601.7572
596.5148 601.9955
597.3356 590.4781
583.1307 590.1736
553.5560 588.5056
523.6504 586.2418
520.4731 630.1008

Marinette
24
596.5148 601.9955
624.7260 594.4099
626.9898 592.5698
627.1751 592.4374
627.4796 592.1461
631.0540 587.7377
632.2454 556.9451
642.8097 506.1623
642.8759 506.0432
643.9350 502.5350
644.4778 501.6348
653.9035 491.6662
654.0227 491.6133
657.1205 491.0837
662.5483 490.2365
644.0012 466.4337
621.4296 469.1079
599.7318 472.5764
598.7786 487.3108
572.6459 530.4549
557.9644 529.7268
553.5560 588.5056
583.1307 590.1736
597.3356 590.4781

