937 800

Bay
27
264.5776 702.8542
269.0933 657.3383
273.0845 622.9319
261.8197 626.3502
259.3725 627.3601
258.5859 627.8748
255.6143 629.9919
251.8561 633.4490
228.1610 647.1902
226.4227 648.1419
225.1894 648.8411
224.0144 649.5014
222.1207 650.4240
218.0226 652.5216
216.3038 653.3568
214.9054 654.0171
213.2350 654.7066
211.2248 655.6389
209.4380 656.2798
202.9607 658.6493
201.6886 673.6627
204.3494 676.5954
215.9542 681.6257
248.7388 684.7819
255.2550 685.4908
253.6429 701.7180
259.1103 702.3298

Jackson
13
247.4764 755.1679
299.2074 761.4607
318.1052 727.2388
312.3756 713.3228
294.7403 711.4000
287.1268 705.6996
278.9792 704.3497
264.5776 702.8542
259.1103 702.3298
256.4009 729.4626
248.1270 734.1142
237.8818 733.0946
246.4081 754.9834

Charlotte
29
684.6310 313.2742
739.6444 321.7131
744.1989 289.3266
688.8942 281.1013
689.0884 285.1217
687.8648 291.9972
685.8935 301.7665
685.5050 303.1164
683.8833 303.9127
680.3873 303.2912
679.4259 302.7279
674.1625 298.0763
673.6089 297.2120
676.1435 279.9651
675.8328 279.4310
671.0258 278.6444
669.7439 279.8000
669.4429 279.8000
668.7437 278.6056
668.0348 276.1875
666.5101 276.1098
665.9857 277.8190
665.4613 279.4310
665.1991 279.9166
665.1506 280.0040
650.7490 297.5228
664.1503 299.3970
663.1404 306.7483
662.6257 310.1666

Lee
19
668.4232 269.7199
680.8243 246.3550
682.3198 244.9566
684.4077 243.7719
691.6327 242.0239
692.7204 243.5485
694.2644 244.2866
700.0328 243.1504
700.0328 242.8979
695.0025 238.7804
693.7400 238.1589
692.8660 238.0423
691.1083 238.1589
687.6900 239.0814
681.9702 242.1501
681.4361 242.5871
680.9214 243.0630
680.0377 244.6070
668.4815 265.9132

Lee
11
688.8942 281.1013
744.1989 289.3266
749.2778 257.9598
751.1617 246.8794
742.4120 232.3905
724.3688 229.5063
721.1739 230.6716
717.6293 236.2846
711.9483 241.5383
699.5958 249.4626
687.3404 267.7583

Hendry
10
744.1989 289.3266
788.1804 295.9884
813.4002 300.0477
816.3329 324.3934
829.1127 247.9671
830.6762 238.9066
787.2676 231.2543
783.6842 251.9098
781.8391 263.4660
749.2778 257.9598

Collier
34
830.6762 238.9066
836.9399 204.8207
840.3582 183.6214
787.3162 174.9202
786.5296 176.4934
786.0052 177.0567
780.7417 179.9991
777.9061 181.1742
777.0709 181.4364
766.1654 183.7573
764.8155 183.7573
751.7347 181.3198
750.6762 180.6109
749.7536 179.4650
749.6274 178.1540
749.3166 175.7942
748.8893 174.2987
748.1028 174.3861
747.4812 175.0076
740.3533 185.0780
730.5062 201.8782
729.3118 206.4813
728.5349 209.5888
725.6410 219.7369
723.1938 226.6124
721.3098 230.4580
721.1739 230.6716
724.3688 229.5063
742.4120 232.3905
751.1617 246.8794
749.2778 257.9598
781.8391 263.4660
783.6842 251.9098
787.2676 231.2543

Monroe
11
878.9695  74.7309
877.6876  72.0117
873.1040  67.9040
868.5495  63.9710
863.0239  61.9510
862.5577  61.8248
862.5577  61.8636
862.4606  61.9510
862.9462  62.5240
868.3358  67.9040
878.0858  75.2941

Monroe
22
920.6301 139.2514
919.9309 138.7561
918.3188 135.7068
911.5308 118.2851
911.3366 117.4985
912.1426 115.7020
911.4434 113.7306
909.8216 110.4871
891.8755  86.0151
891.3220  85.3645
882.4266  76.8770
882.1547  77.1392
882.1547  77.2266
882.2033  77.7996
885.7867  83.2766
888.2824  85.4616
893.5070  91.4922
896.9156  95.6097
902.9073 104.6604
903.9076 106.5056
910.3557 120.1594
918.0081 139.8049

Monroe
12
850.2538  53.2888
845.3011  48.7731
838.6976  44.2671
835.4152  43.3057
833.5313  44.7430
833.2691  44.9858
833.0554  45.3548
842.7277  50.8221
856.1193  58.2705
856.1970  58.1443
856.8185  56.8333
856.2455  56.1244

Monroe
25
781.7517  31.2251
781.8391  32.5459
783.4220  35.7311
798.6878  43.6553
803.0190  42.9173
811.0404  41.0333
814.3227  35.9933
814.3227  35.6922
813.8372  35.2941
812.7398  34.6046
810.6810  33.2839
803.9027  29.9530
760.6204  14.0656
757.8527  13.4150
757.5516  13.5801
757.0564  15.6388
757.2894  16.4254
758.9598  18.7270
764.1649  20.0283
765.1651  20.1448
765.8158  19.4941
766.3111  19.3193
770.2926  21.1644
771.9532  22.1161
776.2843  25.7578

Monroe
24
840.3582 183.6214
848.9719 129.7442
854.0605 109.1373
855.2453 107.4378
855.3327 107.3893
848.4961 101.8734
839.3968  98.2705
830.3266  96.1341
828.5009  96.8819
823.5094  99.7661
822.5092 100.5624
817.8575 107.1174
817.5565 110.0113
817.7313 115.5272
818.2071 119.9457
818.4791 120.9945
819.2268 122.1793
819.8775 122.5289
821.3633 122.2278
821.6157 123.0533
821.5381 124.2769
813.6332 136.6197
800.6689 156.3623
787.3162 174.9202

Miami-Dade
8
920.6301 139.2514
918.0081 139.8049
919.1928 145.5927
923.4754 159.9943
924.3106 161.5286
924.8350 161.5286
925.6701 157.2363
923.6988 148.0399

Miami-Dade
45
836.9399 204.8207
847.7969 206.5298
859.0909 205.6073
886.0877 210.0258
902.2081 213.5218
905.6653 215.0562
909.2972 215.8039
913.6672 216.6294
921.8537 218.2608
921.9605 217.9404
923.0870 211.0261
924.3980 201.8782
924.6116 199.0329
924.8835 193.3519
924.2620 190.5065
923.7279 189.2247
921.4652 187.3504
920.5427 188.3312
919.0569 189.0207
917.6196 188.6129
914.3373 186.6124
913.2302 185.3791
912.9292 184.4177
907.1511 160.3924
906.6461 156.1487
907.0734 153.5947
910.2101 144.0195
910.9578 143.3203
912.1426 143.3203
912.6670 142.6988
912.4922 141.3101
910.3557 136.6197
905.6167 129.5306
905.3545 129.2392
902.3829 125.8986
896.0804 118.9843
881.4749 111.6719
878.2217 110.0987
873.8517 108.8751
866.6655 107.6029
855.3327 107.3893
855.2453 107.4378
854.0605 109.1373
848.9719 129.7442
840.3582 183.6214

Broward
14
829.1127 247.9671
894.3713 258.7464
899.7124 259.6107
919.5424 261.2713
921.8537 218.2608
913.6672 216.6294
909.2972 215.8039
905.6653 215.0562
902.2081 213.5218
886.0877 210.0258
859.0909 205.6073
847.7969 206.5298
836.9399 204.8207
830.6762 238.9066

Palm_Beach
17
816.3329 324.3934
872.0066 333.4150
873.1428 333.5898
898.9840 337.6588
905.6167 340.5332
907.5881 336.2021
909.7342 331.5990
911.6085 327.5398
914.5412 320.1496
916.3863 308.4575
917.9110 297.6102
918.4451 292.2691
919.7075 263.2426
919.5424 261.2713
899.7124 259.6107
894.3713 258.7464
829.1127 247.9671

Sarasota
15
681.5526 334.8425
684.6310 313.2742
662.6257 310.1666
663.1404 306.7483
664.1503 299.3970
650.7490 297.5228
630.9772 327.4524
629.8022 329.0839
628.1222 331.3368
627.0831 332.8032
622.0819 338.9698
619.2462 341.8442
613.2933 347.8068
656.6534 353.5850
659.6832 331.7835

DeSoto
6
733.7886 359.4116
739.6444 321.7131
684.6310 313.2742
679.2899 350.8658
701.1302 353.9346
713.1719 356.1681

Glades
9
805.0001 354.2065
816.3329 324.3934
813.4002 300.0477
788.1804 295.9884
744.1989 289.3266
739.6444 321.7131
772.5164 326.6658
770.7587 337.5228
780.0037 350.1278

Martin
10
886.3208 374.1045
905.6167 340.5332
898.9840 337.6588
873.1428 333.5898
872.0066 333.4150
816.3329 324.3934
834.5024 358.3531
863.5094 363.1310
877.9595 365.5296
876.8622 372.5799

St._Lucie
7
827.2773 401.5092
866.7918 407.9088
886.3208 374.1045
876.8622 372.5799
877.9595 365.5296
863.5094 363.1310
834.5024 358.3531

Indian_River
9
801.1933 430.5745
840.7563 436.9159
846.2237 441.9948
846.7966 442.7814
866.7918 407.9088
827.2773 401.5092
816.4980 399.8001
814.7597 410.1715
804.2523 408.3847

Okeechobee
11
774.5752 403.7428
804.2523 408.3847
814.7597 410.1715
816.4980 399.8001
827.2773 401.5092
834.5024 358.3531
816.3329 324.3934
805.0001 354.2065
795.5415 363.6456
784.5194 372.1526
772.3805 392.7110

Highlands
11
728.0493 396.9644
774.5752 403.7428
772.3805 392.7110
784.5194 372.1526
795.5415 363.6456
805.0001 354.2065
780.0037 350.1278
770.7587 337.5228
772.5164 326.6658
739.6444 321.7131
733.7886 359.4116

Hardee
6
673.8614 388.7682
728.0493 396.9644
733.7886 359.4116
713.1719 356.1681
701.1302 353.9346
679.2899 350.8658

Manatee
13
618.6247 380.5818
673.8614 388.7682
679.2899 350.8658
681.5526 334.8425
659.6832 331.7835
656.6534 353.5850
613.2933 347.8068
606.9811 353.7598
603.4366 360.2856
606.3305 361.6354
610.1081 364.0924
617.4400 375.8622
617.8770 376.7848

Pinellas
21
598.7170 444.0924
602.6500 418.6590
595.2501 416.6100
594.8617 416.2506
594.5995 415.2601
595.2501 413.8520
596.5223 413.0266
608.4766 407.8214
612.9437 409.7345
613.5070 406.5881
612.0697 401.1985
602.8345 377.5616
597.2603 385.3208
585.3642 415.2116
585.4419 415.4738
585.9663 421.9511
586.2771 427.5932
585.2283 436.4789
584.3154 438.5279
583.7425 439.3728
581.8100 441.6063

Hillsborough
16
598.7170 444.0924
658.6441 452.5507
664.1018 453.3373
669.9284 415.6486
673.8614 388.7682
618.6247 380.5818
629.7439 397.1683
629.9576 397.6539
632.4145 403.6165
632.9777 406.8115
631.1812 412.2400
629.6080 414.3279
613.0214 420.2031
609.0399 420.1545
605.7575 419.5330
602.6500 418.6590

Hernando
14
590.1809 508.4284
615.0316 512.0312
615.6143 508.4866
632.5019 511.1572
632.7252 508.7003
634.2110 506.6804
638.6296 501.7374
640.9020 500.3779
654.9733 496.8916
658.6441 491.1523
636.9204 487.9962
637.7070 482.6066
595.3861 476.3526
591.1812 475.7408

Pasco
9
658.6441 491.1523
661.5672 470.6328
658.6441 452.5507
598.7170 444.0924
581.8100 441.6063
591.1812 475.7408
595.3861 476.3526
637.7070 482.6066
636.9204 487.9962

Osceola
15
704.5970 481.5189
791.4725 495.1339
793.6187 482.7522
796.6776 462.8736
795.9785 462.7377
801.1933 430.5745
804.2523 408.3847
774.5752 403.7428
773.6138 408.1128
772.8272 411.1912
767.1268 419.6787
763.8541 424.3497
739.4696 446.6755
731.6813 452.7255
706.2479 470.7105

Polk
16
704.5970 481.5189
706.2479 470.7105
731.6813 452.7255
739.4696 446.6755
763.8541 424.3497
767.1268 419.6787
772.8272 411.1912
773.6138 408.1128
774.5752 403.7428
728.0493 396.9644
673.8614 388.7682
669.9284 415.6486
664.1018 453.3373
658.6441 452.5507
661.5672 470.6328
671.7056 476.3138

Orange
12
722.8927 539.5718
719.3773 529.4529
719.7755 526.6852
725.4662 521.6646
736.0998 519.5087
772.6912 525.6364
791.4725 495.1339
704.5970 481.5189
696.3523 534.6580
697.4108 535.6583
698.4596 535.8913
699.9940 536.0953

Seminole
15
722.8927 539.5718
726.2139 551.8952
732.1668 547.2242
746.3062 544.0292
748.6174 543.6214
749.2778 543.7088
752.8709 545.4276
753.9585 547.8748
762.0090 541.1353
765.6021 536.6197
772.6912 525.6364
736.0998 519.5087
725.4662 521.6646
719.7755 526.6852
719.3773 529.4529

Lake_FL
18
688.8262 596.3623
708.8699 576.2312
716.2406 571.3368
720.8243 568.8411
725.2428 565.4325
725.5050 565.0732
726.8257 558.6833
726.2139 551.8952
722.8927 539.5718
699.9940 536.0953
698.4596 535.8913
697.4108 535.6583
696.3523 534.6580
704.5970 481.5189
671.7056 476.3138
660.8194 552.1574
692.9534 557.0130
693.1574 569.9773

Sumter
20
621.9556 546.4667
660.8194 552.1574
671.7056 476.3138
661.5672 470.6328
658.6441 491.1523
654.9733 496.8916
640.9020 500.3779
638.6296 501.7374
634.2110 506.6804
632.7252 508.7003
632.5019 511.1572
632.9777 516.5857
633.3759 517.7219
634.7354 520.0817
636.9204 523.0533
638.9403 523.5874
639.3288 523.9758
640.4747 527.9574
640.3873 528.4818
626.5490 540.9120

Citrus
27
596.0853 553.3907
621.9556 546.4667
626.5490 540.9120
640.3873 528.4818
640.4747 527.9574
639.3288 523.9758
638.9403 523.5874
636.9204 523.0533
634.7354 520.0817
633.3759 517.7219
632.9777 516.5857
632.5019 511.1572
615.6143 508.4866
615.0316 512.0312
590.1809 508.4284
588.3844 526.9571
587.6852 530.9775
586.9374 532.5119
572.4970 543.5825
573.2253 544.8935
574.3324 546.2142
577.1778 548.9722
579.2365 549.4966
580.8971 549.4480
587.6366 547.9234
594.0751 551.7204
595.9979 553.1285

Levy
23
573.8469 615.7942
602.3004 609.7636
607.4667 576.5420
593.0748 574.3958
596.0853 553.3907
595.9979 553.1285
594.0751 551.7204
587.6366 547.9234
580.8971 549.4480
579.2365 549.4966
577.1778 548.9722
574.3324 546.2142
573.2253 544.8935
572.4970 543.5825
572.7107 547.7777
571.5842 551.1086
565.0583 561.8394
562.4266 562.9756
523.4366 573.9977
532.1863 581.7957
536.8282 590.1569
539.1880 598.0812
543.0433 614.8037

Marion
24
602.3004 609.7636
621.7323 612.5119
623.7036 610.3269
623.4803 608.9770
631.4531 605.4713
639.5036 608.8314
640.9020 609.7151
640.9894 609.9870
640.4358 613.6481
643.2229 616.9790
645.5050 618.2026
652.8563 621.0965
670.3654 620.1351
673.4244 613.2596
678.8141 606.7046
683.7085 601.5772
688.8262 596.3623
693.1574 569.9773
692.9534 557.0130
660.8194 552.1574
621.9556 546.4667
596.0853 553.3907
593.0748 574.3958
607.4667 576.5420

Volusia
34
683.7085 601.5772
709.0156 614.8037
710.9287 612.1720
713.4341 598.1200
722.4946 599.6447
722.9316 599.7418
742.2761 603.2378
739.7803 616.6391
744.3834 623.9030
752.6378 610.1521
759.3094 599.8680
764.4659 591.8564
767.5638 587.6612
776.7213 576.4449
796.9496 552.0312
771.3414 547.7777
775.1870 526.0831
772.6912 525.6364
765.6021 536.6197
762.0090 541.1353
753.9585 547.8748
752.8709 545.4276
749.2778 543.7088
748.6174 543.6214
746.3062 544.0292
732.1668 547.2242
726.2139 551.8952
726.8257 558.6833
725.5050 565.0732
725.2428 565.4325
720.8243 568.8411
716.2406 571.3368
708.8699 576.2312
688.8262 596.3623

Brevard
34
772.6912 525.6364
775.1870 526.0831
771.3414 547.7777
796.9496 552.0312
816.9447 530.8513
817.1583 530.5891
818.0129 529.7248
818.1683 529.4529
826.1411 514.9154
826.1411 513.9054
822.4606 511.5456
821.4507 510.1472
820.2756 507.8263
820.1882 507.2145
820.1299 507.0785
819.7803 505.2043
819.5279 501.7860
819.7027 498.3191
820.0523 495.2213
821.5769 488.6954
824.7330 479.1591
828.9865 469.4772
831.9581 464.0681
834.3567 460.3779
837.6002 455.4252
837.7847 455.1242
846.7966 442.7814
846.2237 441.9948
840.7563 436.9159
801.1933 430.5745
795.9785 462.7377
796.6776 462.8736
793.6187 482.7522
791.4725 495.1339

Washington
24
213.4196 714.4104
214.0702 722.7328
214.6820 725.5782
222.1693 726.2774
224.1309 724.6556
224.4514 721.0237
237.0175 722.0725
238.1537 730.6862
238.1537 731.7544
237.8818 733.0946
248.1270 734.1142
256.4009 729.4626
259.1103 702.3298
253.6429 701.7180
255.2550 685.4908
248.7388 684.7819
215.9542 681.6257
204.3494 676.5954
201.6886 673.6627
205.5730 681.0625
209.2923 699.2223
207.5929 701.1062
207.0782 704.9130
212.0503 713.5558

Holmes
13
189.2195 748.3701
246.4081 754.9834
237.8818 733.0946
238.1537 731.7544
238.1537 730.6862
237.0175 722.0725
224.4514 721.0237
224.1309 724.6556
222.1693 726.2774
214.6820 725.5782
214.0702 722.7328
213.4196 714.4104
192.7641 712.3905

Walton
13
172.9728 746.7581
189.2195 748.3701
192.7641 712.3905
213.4196 714.4104
212.0503 713.5558
207.0782 704.9130
207.5929 701.1062
209.2923 699.2223
205.5730 681.0625
201.6886 673.6627
202.9607 658.6493
158.3091 667.7971
151.4822 744.5731

Okaloosa
5
151.4822 744.5731
158.3091 667.7971
114.8908 664.5148
109.0738 740.7178
119.3482 741.4947

Santa_Rosa
15
 68.8019 737.1247
109.0738 740.7178
114.8908 664.5148
102.2955 661.2810
 84.7864 658.4357
 76.7845 663.2912
 63.2472 687.8409
 57.7313 701.0674
 56.0707 705.5636
 55.7211 707.6321
 54.4101 716.9936
 54.7500 718.8290
 56.7602 726.2385
 57.5176 727.5398
 62.3149 731.7544

Escambia
35
 22.2372 732.7061
 68.8019 737.1247
 62.3149 731.7544
 57.5176 727.5398
 56.7602 726.2385
 54.7500 718.8290
 54.4101 716.9936
 55.7211 707.6321
 56.0707 705.5636
 57.7313 701.0674
 63.2472 687.8409
 76.7845 663.2912
 84.7864 658.4357
102.2955 661.2810
 77.3865 653.5316
 76.4543 653.3082
 75.8036 653.1431
 71.9969 652.1720
 69.4720 651.6864
 65.4322 650.8998
 48.6805 646.9183
 38.8238 644.0729
 45.7381 647.1902
 47.1850 660.8828
 48.2727 688.2390
 48.0979 690.2978
 47.7094 691.7836
 46.3984 693.9297
 41.5817 696.9110
 37.9498 698.7853
 36.1532 699.0960
 35.5511 699.3194
 32.1231 701.6792
 21.2273 713.5558
 19.8192 715.9448

Calhoun
9
264.5776 702.8542
278.9792 704.3497
287.1268 705.6996
294.7403 711.4000
312.3756 713.3228
307.2579 701.6306
303.6648 678.5376
298.5859 660.5333
269.0933 657.3383

Gulf
15
269.0933 657.3383
298.5859 660.5333
311.5890 633.2742
312.8612 616.2409
306.9471 607.7923
305.3351 608.0545
295.7891 598.6833
294.7791 596.5468
284.5825 595.7117
284.2814 608.1807
283.9707 609.5403
282.3586 612.2108
276.0950 620.1060
273.5021 622.5823
273.0845 622.9319

Franklin
32
362.8053 644.2963
385.5196 640.7420
386.3062 638.5668
386.6169 637.3820
386.8791 636.4594
386.9180 636.2846
386.8209 634.8862
386.2091 633.1285
385.6458 632.7401
382.4994 631.8661
377.5079 632.5167
376.3232 632.7789
375.1676 633.5655
374.0896 635.3621
367.7871 633.0509
365.2914 631.9049
349.6662 619.8341
342.5771 613.9200
336.4106 609.3655
330.5354 605.6073
318.7752 601.8394
314.0848 600.7809
310.2003 601.3635
307.0054 600.9654
304.8981 600.3439
294.7791 596.5468
295.7891 598.6833
305.3351 608.0545
306.9471 607.7923
312.8612 616.2409
311.5890 633.2742
312.9000 638.7707

Dixie
17
540.8971 643.9079
543.0433 614.8037
539.1880 598.0812
536.8282 590.1569
532.1863 581.7957
523.4366 573.9977
521.4749 580.7857
517.6973 586.5153
515.5512 589.5354
512.9292 590.7687
510.3460 590.7687
505.2671 593.0800
496.7310 597.4597
494.2353 598.8581
493.9731 599.5573
490.5062 617.0664
497.9546 637.8190

Gilchrist
6
544.1698 652.2788
551.9678 659.0863
568.9913 648.5886
573.8469 615.7942
543.0433 614.8037
540.8971 643.9079

Alachua
24
580.9457 664.3109
593.1525 663.7768
596.1727 659.5330
597.3089 659.1251
611.0112 656.8139
617.0030 657.2509
618.2266 657.9501
618.9355 658.0861
623.9658 657.5617
625.5002 657.1635
635.0850 648.1030
636.2698 645.6461
636.0853 644.2089
640.4358 613.6481
640.9894 609.9870
640.9020 609.7151
639.5036 608.8314
631.4531 605.4713
623.4803 608.9770
623.7036 610.3269
621.7323 612.5119
602.3004 609.7636
573.8469 615.7942
568.9913 648.5886

Putnam
19
684.8058 666.7872
695.0996 640.9265
709.0156 614.8037
683.7085 601.5772
678.8141 606.7046
673.4244 613.2596
670.3654 620.1351
652.8563 621.0965
645.5050 618.2026
643.2229 616.9790
640.4358 613.6481
636.0853 644.2089
636.6582 644.2963
639.2414 645.5976
648.8359 652.4439
649.3118 654.6677
650.0498 655.5612
659.9357 662.6308
661.6060 662.8930

Flagler
10
695.0996 640.9265
727.6609 652.0846
744.3834 623.9030
739.7803 616.6391
742.2761 603.2378
722.9316 599.7418
722.4946 599.6447
713.4341 598.1200
710.9287 612.1720
709.0156 614.8037

St._Johns
15
668.8311 699.9700
674.6674 702.4172
677.1438 702.4172
684.3203 700.1448
695.5754 702.0676
692.4193 720.1885
698.5082 721.2179
711.5502 687.3650
720.7369 665.4374
720.9117 665.0295
722.2712 662.2424
723.2812 660.0574
727.6609 652.0846
695.0996 640.9265
684.8058 666.7872

Clay
15
668.8311 699.9700
684.8058 666.7872
661.6060 662.8930
659.9357 662.6308
650.0498 655.5612
649.3118 654.6677
648.8359 652.4439
639.2414 645.5976
636.6582 644.2963
628.8699 696.7751
628.0833 702.1647
638.8529 703.7379
661.2564 707.4573
664.2377 708.1176
667.5978 708.5546

Bradford
20
618.8966 695.2893
628.8699 696.7751
636.6582 644.2963
636.0853 644.2089
636.2698 645.6461
635.0850 648.1030
625.5002 657.1635
623.9658 657.5617
618.9355 658.0861
618.2266 657.9501
617.0030 657.2509
611.0112 656.8139
597.3089 659.1251
596.1727 659.5330
593.1525 663.7768
597.8430 665.9132
604.6310 669.5937
616.2164 685.9181
619.4210 692.1720
619.6347 693.5316

Union
9
618.8966 695.2893
619.6347 693.5316
619.4210 692.1720
616.2164 685.9181
604.6310 669.5937
597.8430 665.9132
593.1525 663.7768
580.9457 664.3109
585.1409 689.5597

Suwannee
24
545.5779 709.2441
551.9678 659.0863
544.1698 652.2788
537.4788 660.2225
533.3225 664.3400
531.5259 665.6510
520.5038 672.7401
515.3861 675.1484
509.9964 675.7214
509.5594 674.4881
507.8891 673.4005
504.5582 674.1579
503.1598 675.1873
499.3142 684.0827
497.8187 692.1720
497.9158 692.8421
498.3528 693.1431
504.4417 709.6811
505.3157 713.4102
505.6167 713.8860
508.8991 716.2555
512.9292 717.5665
521.5429 717.3917
526.9811 716.3429

Lafayette
20
498.3528 693.1431
497.9158 692.8421
497.8187 692.1720
499.3142 684.0827
503.1598 675.1873
504.5582 674.1579
507.8891 673.4005
509.5594 674.4881
509.9964 675.7214
515.3861 675.1484
520.5038 672.7401
531.5259 665.6510
533.3225 664.3400
537.4788 660.2225
544.1698 652.2788
540.8971 643.9079
497.9546 637.8190
494.3227 637.2849
491.1666 646.1803
485.5244 691.3854

Taylor
23
485.5244 691.3854
491.1666 646.1803
494.3227 637.2849
497.9546 637.8190
490.5062 617.0664
486.7772 617.9987
475.9882 622.3589
474.8034 623.3786
473.7934 624.5536
470.0450 629.6811
470.0838 630.2832
469.3361 632.6527
468.0639 634.5366
462.4994 641.1402
457.5662 644.5585
456.6825 645.1315
444.8155 650.2880
438.3868 652.1234
428.3261 656.6391
421.3147 660.7566
436.2406 690.3463
473.8808 695.3669
474.5509 689.9093

Wakulla
18
340.3921 678.0326
390.3363 684.5197
391.4725 681.0140
409.2826 683.1601
411.9920 661.0285
393.7837 658.4357
383.8493 653.5316
382.1498 652.6090
381.8876 648.3750
382.8879 643.8593
383.1501 643.5194
385.5196 640.7420
362.8053 644.2963
355.7454 648.4526
352.3465 650.8222
347.6949 656.8625
338.2363 673.4490
339.0229 676.4206

Liberty
14
346.2576 689.8608
340.3921 678.0326
339.0229 676.4206
338.2363 673.4490
347.6949 656.8625
352.3465 650.8222
355.7454 648.4526
362.8053 644.2963
312.9000 638.7707
311.5890 633.2742
298.5859 660.5333
303.6648 678.5376
307.2579 701.6306
312.3756 713.3228

Gadsden
12
370.1469 730.7348
380.8777 731.4825
376.4980 719.6641
371.5647 704.9615
371.0695 703.9030
369.4963 702.5046
367.3113 701.5918
352.9583 694.3279
346.2576 689.8608
312.3756 713.3228
318.1052 727.2388
318.2411 727.2388

Leon
16
410.3314 733.5316
409.0593 714.4104
406.8257 703.1164
409.2826 683.1601
391.4725 681.0140
390.3363 684.5197
340.3921 678.0326
346.2576 689.8608
352.9583 694.3279
367.3113 701.5918
369.4963 702.5046
371.0695 703.9030
371.5647 704.9615
376.4980 719.6641
380.8777 731.4825
402.1158 732.9780

Jefferson
13
438.6975 735.4641
452.9243 736.3866
453.8857 734.9008
454.8471 727.8894
451.7784 723.8205
443.2035 714.5852
437.0272 696.3769
436.2406 690.3463
421.3147 660.7566
411.9920 661.0285
406.8257 703.1164
409.0593 714.4104
410.3314 733.5316

Madison
18
480.3096 738.2706
485.4856 738.5716
490.3023 736.4255
495.3327 719.4893
498.3528 713.7112
499.0520 713.1091
504.4417 709.6811
498.3528 693.1431
485.5244 691.3854
474.5509 689.9093
473.8808 695.3669
436.2406 690.3463
437.0272 696.3769
443.2035 714.5852
451.7784 723.8205
454.8471 727.8894
453.8857 734.9008
452.9243 736.3866

Hamilton
27
504.0921 739.8535
552.2688 743.1650
549.8216 738.4454
549.7828 736.2118
550.2198 732.7450
552.3562 730.2492
558.4839 723.7816
559.1831 722.7814
560.2902 719.7904
560.3290 718.6542
557.4448 711.1669
556.7748 710.3415
551.0452 707.5349
545.9760 707.9719
545.5779 709.2441
526.9811 716.3429
521.5429 717.3917
512.9292 717.5665
508.8991 716.2555
505.6167 713.8860
505.3157 713.4102
504.4417 709.6811
499.0520 713.1091
498.3528 713.7112
495.3327 719.4893
490.3023 736.4255
485.4856 738.5716

Columbia
20
563.6502 744.0001
577.0418 744.9615
585.1409 689.5597
580.9457 664.3109
568.9913 648.5886
551.9678 659.0863
545.5779 709.2441
545.9760 707.9719
551.0452 707.5349
556.7748 710.3415
557.4448 711.1669
560.3290 718.6542
560.2902 719.7904
559.1831 722.7814
558.4839 723.7816
552.3562 730.2492
550.2198 732.7450
549.7828 736.2118
549.8216 738.4454
552.2688 743.1650

Baker
13
581.4215 745.2723
603.3977 746.6221
606.5441 729.0742
607.6026 726.2774
609.6128 723.3932
611.8367 721.6452
612.5456 721.4995
624.8010 723.8690
626.5198 712.8858
628.8699 696.7751
618.8966 695.2893
585.1409 689.5597
577.0418 744.9615

Duval
27
626.5198 712.8858
645.9420 739.9312
655.0802 752.3225
657.3623 754.5075
658.4596 755.1193
665.9857 758.3531
678.1926 757.8773
679.8143 757.6539
686.8646 751.9244
688.9233 750.5648
690.8073 748.9916
693.8274 739.1446
695.0996 731.7059
696.2746 727.2388
697.4982 723.6845
698.5082 721.2179
692.4193 720.1885
695.5754 702.0676
684.3203 700.1448
677.1438 702.4172
674.6674 702.4172
668.8311 699.9700
667.5978 708.5546
664.2377 708.1176
661.2564 707.4573
638.8529 703.7379
628.0833 702.1647

Nassau
25
682.9219 776.6197
686.8646 751.9244
679.8143 757.6539
678.1926 757.8773
665.9857 758.3531
658.4596 755.1193
657.3623 754.5075
655.0802 752.3225
645.9420 739.9312
626.5198 712.8858
624.8010 723.8690
625.3642 732.5410
625.9372 741.1062
625.8595 749.4772
624.4514 753.3228
621.1690 757.6151
619.4987 760.1497
619.0229 762.7328
619.9551 776.2604
631.6667 783.0873
636.2212 780.0186
652.9049 776.4352
665.5002 775.0368
672.1620 775.3378
681.2710 776.4352

