503 800

Aroostook
54
217.1535 609.5524
208.7431 636.8990
111.7207 609.0992
 79.0862 599.9081
 76.6436 619.0835
 76.5807 619.5871
 76.7066 619.9900
 79.6527 628.7278
 87.9247 653.0148
103.9398 699.5493
125.5073 761.9730
134.2955 762.7032
144.7456 762.9298
146.3320 762.4766
148.2458 759.8703
148.6486 759.1779
147.8554 758.1077
147.7421 757.9314
147.5155 754.1417
153.1938 735.8603
154.8432 734.3872
155.7497 733.9843
172.7217 728.4319
177.0780 732.2216
188.8879 743.4649
201.9316 755.3252
222.0260 772.8637
224.8085 774.4501
230.0840 776.0995
235.0194 776.5527
237.0087 776.1499
246.0865 773.0904
272.5265 761.7967
296.3100 746.8140
296.6499 746.0208
334.4969 625.0891
356.6940 553.3611
354.9187 550.7045
354.8054 549.1684
358.3811 533.1030
360.3074 531.5166
335.8693 517.1634
314.9187 505.0765
314.8683 504.5100
315.1453 503.6664
307.4148 499.2849
299.2435 494.7523
296.7003 495.1426
289.0452 521.1420
287.2196 528.7970
283.7069 541.2742
280.2949 552.0643
259.1302 619.6374
230.5876 613.4051

Piscataquis
22
217.1535 609.5524
223.4991 586.8518
234.8432 548.1486
249.0327 498.7687
235.3594 491.0004
241.6546 467.5065
252.6713 473.2478
274.7299 431.1955
270.3610 413.3800
239.6150 397.3145
218.4378 386.5874
202.8381 373.8206
191.9474 368.3689
184.2294 381.2490
150.8016 446.5056
146.6719 481.2427
151.2549 500.8209
141.8372 517.9566
134.2325 526.5811
118.4566 580.6573
111.7207 609.0992
208.7431 636.8990

Knox
16
328.1891 245.7501
326.6027 242.2248
325.5325 241.2553
320.8740 238.7120
319.6276 238.4225
317.5375 239.0520
308.0065 249.3132
307.7044 249.7665
307.9436 252.8386
309.1397 256.1876
315.3720 263.9056
317.6886 265.1521
318.5951 264.4722
328.5416 250.0561
329.1460 248.7467
328.6801 246.6063

Knox
24
246.0361 268.3878
247.0559 271.1074
259.9864 278.5987
285.8095 267.9346
291.5382 264.9254
290.4680 253.5688
290.3798 252.9015
290.4680 252.2090
292.2684 246.1404
293.9681 241.9982
298.1230 238.5358
286.0361 220.2040
277.1220 214.5383
266.2187 212.5994
266.9741 221.9667
271.7333 229.5713
266.6342 241.2553
259.3569 252.1083
255.6678 250.3960
251.7018 250.1064
247.9625 251.7558
244.4875 256.8172
241.9946 264.8121
243.1403 266.9022

Lincoln
31
215.4412 227.7079
227.5910 228.2619
221.9127 244.4407
221.2832 253.1282
233.5463 253.4555
234.5032 254.3620
235.6490 257.3712
234.5032 267.5317
246.0361 268.3878
243.1403 266.9022
241.9946 264.8121
244.4875 256.8172
247.9625 251.7558
251.7018 250.1064
255.6678 250.3960
259.3569 252.1083
266.6342 241.2553
271.7333 229.5713
266.9741 221.9667
266.2187 212.5994
263.2725 212.9393
261.0062 213.2289
259.2561 210.9626
258.7651 210.3960
258.6770 206.5811
259.4702 200.2859
257.4935 188.6019
256.5240 187.2421
241.5413 180.5440
237.9656 179.4108
235.2964 179.4108

Sagadahoc
18
215.4412 227.7079
235.2964 179.4108
216.9647 166.8077
214.4214 178.9450
208.5794 189.7350
206.0739 186.5622
199.5017 186.6126
194.2640 189.6847
191.7207 193.3107
188.3842 217.5348
196.9961 218.1014
200.8614 221.1231
201.1384 224.9758
201.3650 226.1090
202.3849 227.9849
203.2284 229.0551
214.2325 229.6847
215.1013 228.6019

Cumberland
37
139.1302 188.1990
139.0547 187.8590
139.3946 187.3554
143.5999 185.6557
150.0210 184.6233
185.5388 179.9270
188.5983 184.1197
191.7207 193.3107
194.2640 189.6847
199.5017 186.6126
206.0739 186.5622
208.5794 189.7350
214.4214 178.9450
216.9647 166.8077
209.4230 163.1187
203.5306 166.6944
200.6348 175.0419
199.5394 175.8225
198.5196 175.4322
187.5155 161.0287
183.0459 153.2478
179.9738 140.5943
179.9738 139.5115
182.2401 137.1319
182.8696 121.0161
174.9124 114.2046
169.8762 115.9044
156.1400 121.0791
158.4566 127.7142
144.8589 136.3891
114.3144 144.6233
115.6238 169.9302
122.8885 188.9922
124.7519 186.0460
127.8240 183.2006
128.6172 182.8102
133.0490 182.1304

York
22
114.3144 144.6233
144.8589 136.3891
158.4566 127.7142
156.1400 121.0791
169.8762 115.9044
174.9124 114.2046
174.4088 102.9110
160.7229  39.0772
159.1995  32.2028
158.6329  31.0696
155.6112  28.4634
139.7346  34.8216
135.3279  52.5238
134.9754  52.9141
121.2517  61.0979
115.5608  63.9308
113.4708  65.0136
110.1721  69.5965
109.1019  71.8754
108.2332  75.5015
106.2565  97.6356
 91.9537 134.9160

Androscoggin
19
147.6288 262.6466
158.5825 270.5408
166.1872 255.5078
176.9017 228.1612
188.3842 217.5348
191.7207 193.3107
188.5983 184.1197
185.5388 179.9270
150.0210 184.6233
143.5999 185.6557
139.3946 187.3554
139.0547 187.8590
139.1302 188.1990
137.3046 192.5175
147.7421 220.7706
148.8123 225.6053
148.8123 246.8329
145.0729 254.5887
144.4434 258.7435

Oxford
36
 47.2448 370.4212
 56.0959 349.8735
 58.5888 331.8817
 76.7066 289.2755
 91.1101 303.9056
110.0084 280.7013
138.0978 278.7120
144.3427 269.2943
147.6288 262.6466
144.4434 258.7435
145.0729 254.5887
148.8123 246.8329
148.8123 225.6053
147.7421 220.7706
137.3046 192.5175
139.1302 188.1990
133.0490 182.1304
128.6172 182.8102
127.8240 183.2006
124.7519 186.0460
122.8885 188.9922
115.6238 169.9302
114.3144 144.6233
 91.9537 134.9160
 68.7620 211.6928
 47.4714 279.3919
 45.7717 284.8436
 21.7617 357.2515
 17.3928 369.7287
 25.1737 374.0976
 40.8362 365.4228
 42.4227 364.6296
 45.7214 364.5792
 45.7717 364.5792
 47.1315 365.8257
 47.3707 366.4426

Kennebec
39
175.3279 296.0743
187.4651 298.9701
213.0113 301.0728
214.3081 302.5962
213.7289 309.6972
209.8762 312.5301
208.3528 312.9834
206.3635 315.0356
205.0541 317.7552
204.4875 319.4549
220.1501 327.3491
221.7365 327.3995
222.5423 325.9264
222.6933 323.4335
226.1305 316.6220
233.8233 317.6922
240.4208 303.2257
241.7302 288.9859
235.9260 288.4193
234.5032 267.5317
235.6490 257.3712
234.5032 254.3620
233.5463 253.4555
221.2832 253.1282
221.9127 244.4407
227.5910 228.2619
215.4412 227.7079
215.1013 228.6019
214.2325 229.6847
203.2284 229.0551
202.3849 227.9849
201.3650 226.1090
201.1384 224.9758
200.8614 221.1231
196.9961 218.1014
188.3842 217.5348
176.9017 228.1612
166.1872 255.5078
158.5825 270.5408

Waldo
36
244.1475 334.4879
250.6191 337.6733
256.9269 325.0199
292.6713 345.2780
295.9071 343.1250
295.1013 333.0148
295.3405 332.1083
296.0582 331.0885
299.0295 329.2251
302.8444 325.8634
307.0874 314.6327
307.7044 311.5103
307.8177 310.6038
306.4075 309.7602
294.2199 301.0728
289.1586 297.4971
288.7557 295.4448
290.2791 292.8386
291.3745 291.3655
292.8979 290.9626
293.8674 290.1694
296.1966 287.6261
296.9269 282.4640
296.9269 280.8147
291.5382 264.9254
285.8095 267.9346
259.9864 278.5987
247.0559 271.1074
246.0361 268.3878
234.5032 267.5317
235.9260 288.4193
241.7302 288.9859
240.4208 303.2257
233.8233 317.6922
226.1305 316.6220
222.6933 323.4335

Hancock
21
329.4985 284.4407
330.0651 284.6673
331.0345 284.3904
336.9898 282.6277
338.8155 281.3183
340.1123 279.3416
340.9559 271.1703
339.3820 266.6881
337.0402 262.7725
336.7003 262.4325
335.9071 262.3696
330.9212 265.0388
330.1784 265.9453
327.5722 273.7136
327.4085 274.3431
327.6225 275.2497
328.3654 275.5392
329.3852 276.7353
330.3547 281.7715
330.3547 282.9173
330.0651 283.9245

Hancock
27
360.5467 309.1810
366.5775 313.7766
371.6515 316.6724
378.2489 317.3019
378.3622 317.1886
380.5655 314.9223
382.8444 311.2836
383.6880 308.9544
382.7311 305.1017
382.6682 304.9254
382.2149 304.4722
378.9288 300.7328
374.2703 299.3730
372.9105 298.1140
372.2936 296.6409
372.6587 295.1175
372.9735 294.6138
373.3134 294.4879
374.4466 292.4483
372.5202 288.0290
370.1784 286.9462
361.9064 289.4895
358.8344 292.3350
356.4548 295.7344
355.8378 297.9000
356.5681 302.5458
359.4009 307.5946

Hancock
108
295.9071 343.1250
299.0925 344.5351
305.2114 347.9472
308.0065 353.1093
315.3090 358.5610
333.1372 367.7520
321.1006 391.9258
316.8451 399.8074
330.0651 406.5685
336.8891 425.9705
327.5092 443.7356
353.1057 457.1193
363.2033 438.1203
371.6011 420.2418
373.5401 412.1209
362.4730 406.3419
376.6625 380.7454
384.7708 368.4823
388.2332 359.7445
388.7368 354.7586
395.7119 342.2689
399.0736 336.3135
402.1960 331.4284
403.6691 329.8420
403.8957 327.0595
402.5863 324.6170
401.7931 324.4029
401.1762 324.9695
399.9171 326.0397
398.5070 323.9497
398.0537 320.8147
397.6508 318.6113
397.4872 315.7155
397.4242 314.8090
397.4242 313.4996
396.1274 313.3233
396.0644 313.3233
395.2083 313.6632
388.8123 320.1348
387.0371 322.4136
384.1538 328.9859
383.5243 331.2018
383.6376 332.6245
383.0081 333.6444
382.2149 334.0976
378.9791 333.6947
374.5725 332.7882
370.6316 331.9950
366.6153 330.2449
365.9858 324.5163
361.7302 320.3110
357.9278 317.6922
355.3720 315.4259
353.4456 311.6865
352.9420 311.2836
352.1866 311.1200
351.3430 311.6865
350.3232 315.6022
350.0588 317.6922
348.5605 318.7246
347.5407 318.6617
346.8734 318.1581
346.4579 317.3019
346.3572 316.1688
347.9939 312.1398
349.3663 307.2043
348.9130 306.8014
347.4777 306.5244
346.4579 307.9346
346.3068 309.4706
343.4110 311.4599
340.3389 307.7583
338.6140 303.2761
340.4522 294.1480
340.7292 293.4681
341.1825 292.7882
342.3786 291.8817
344.4308 292.3350
345.6143 291.0885
348.1702 287.5632
348.3465 286.7700
349.0767 282.8543
349.2530 281.4945
348.1324 281.4945
345.9543 282.0611
345.8536 282.3507
344.1412 283.4838
338.3622 286.2537
334.8369 287.1729
322.5989 289.5525
317.5375 287.9031
315.4979 285.1332
311.6704 284.7303
311.3430 285.4102
307.8177 300.0529
307.7044 303.2257
308.0065 303.6286
308.9130 304.7618
309.3537 309.5839
309.1397 311.3970
307.8177 310.6038
307.7044 311.5103
307.0874 314.6327
302.8444 325.8634
299.0295 329.2251
296.0582 331.0885
295.3405 332.1083
295.1013 333.0148

Washington
59
360.3074 531.5166
398.5070 529.7539
399.8164 530.6730
402.0827 531.4662
402.8129 531.3529
406.5649 528.5200
407.1315 527.5002
416.5492 497.6985
417.4557 491.9698
416.1589 484.2519
415.6930 483.4587
413.8045 481.8722
413.9429 480.1599
418.5259 475.2874
428.6990 465.0765
435.3846 461.5512
435.6112 461.4379
436.0141 461.2616
437.1976 460.9846
437.7642 461.0979
440.6096 465.2402
440.1564 467.9094
440.1564 472.3916
440.7229 473.2981
442.1331 473.5877
455.5293 472.9582
455.5923 472.9582
460.5781 469.3195
463.3732 466.8266
487.3707 437.6041
489.8636 432.7190
492.8728 425.5172
493.0994 424.3841
490.1028 417.1193
480.1689 396.6346
477.5501 391.7495
470.0084 383.4649
465.7402 382.5584
450.2036 375.1300
412.9861 334.2109
408.4913 331.8817
404.6889 330.1820
403.6691 329.8420
402.1960 331.4284
399.0736 336.3135
395.7119 342.2689
388.7368 354.7586
388.2332 359.7445
384.7708 368.4823
376.6625 380.7454
362.4730 406.3419
373.5401 412.1209
371.6011 420.2418
363.2033 438.1203
353.1057 457.1193
356.2911 458.3658
365.3562 462.9110
359.5142 475.7910
335.8693 517.1634

Penobscot
43
335.8693 517.1634
359.5142 475.7910
365.3562 462.9110
356.2911 458.3658
353.1057 457.1193
327.5092 443.7356
336.8891 425.9705
330.0651 406.5685
316.8451 399.8074
321.1006 391.9258
333.1372 367.7520
315.3090 358.5610
308.0065 353.1093
305.2114 347.9472
299.0925 344.5351
295.9071 343.1250
292.6713 345.2780
256.9269 325.0199
250.6191 337.6733
244.1475 334.4879
218.4378 386.5874
239.6150 397.3145
270.3610 413.3800
274.7299 431.1955
252.6713 473.2478
241.6546 467.5065
235.3594 491.0004
249.0327 498.7687
234.8432 548.1486
223.4991 586.8518
217.1535 609.5524
230.5876 613.4051
259.1302 619.6374
280.2949 552.0643
283.7069 541.2742
287.2196 528.7970
289.0452 521.1420
296.7003 495.1426
299.2435 494.7523
307.4148 499.2849
315.1453 503.6664
314.8683 504.5100
314.9187 505.0765

Franklin
27
 61.0188 441.5197
 76.0141 409.1747
 97.8586 364.6296
111.9851 365.1961
124.7519 368.7089
127.2448 370.0183
168.9193 306.1845
175.3279 296.0743
158.5825 270.5408
147.6288 262.6466
144.3427 269.2943
138.0978 278.7120
110.0084 280.7013
 91.1101 303.9056
 76.7066 289.2755
 58.5888 331.8817
 56.0959 349.8735
 47.2448 370.4212
 47.1315 375.8603
 47.0182 381.0853
 48.5416 413.4303
 50.1280 422.1052
 51.1605 424.1574
 52.3440 426.5370
 55.1391 431.5858
 59.4324 439.4675
 59.7849 440.0466

Somerset
55
111.7207 609.0992
118.4566 580.6573
134.2325 526.5811
141.8372 517.9566
151.2549 500.8209
146.6719 481.2427
150.8016 446.5056
184.2294 381.2490
191.9474 368.3689
202.8381 373.8206
218.4378 386.5874
244.1475 334.4879
222.6933 323.4335
222.5423 325.9264
221.7365 327.3995
220.1501 327.3491
204.4875 319.4549
205.0541 317.7552
206.3635 315.0356
208.3528 312.9834
209.8762 312.5301
213.7289 309.6972
214.3081 302.5962
213.0113 301.0728
187.4651 298.9701
175.3279 296.0743
168.9193 306.1845
127.2448 370.0183
124.7519 368.7089
111.9851 365.1961
 97.8586 364.6296
 76.0141 409.1747
 61.0188 441.5197
 61.9379 442.6529
 68.2458 450.2072
 82.8885 485.6116
 83.1529 488.2179
 82.8885 494.9790
 81.1258 496.3387
 79.3128 497.1823
 73.8611 497.1823
 71.7585 504.1197
 69.9329 511.7117
 66.4201 532.0831
 67.8429 543.0998
 69.6055 556.3198
 69.6685 556.4835
 70.9023 560.0089
 71.9977 561.7086
 72.1488 561.8219
 72.4510 561.9856
 76.0141 564.6044
 82.3093 574.3620
 81.0125 584.7492
 79.0862 599.9081

