378 800

Monmouth
26
268.2468 525.2502
306.2498 526.5417
316.8447 541.3219
316.6294 541.9677
317.3708 542.8526
318.9972 542.8526
322.1063 541.4176
328.0614 533.7644
334.4710 513.3877
336.2169 506.2128
336.3604 505.6388
338.2976 491.2173
338.8238 484.9512
339.1586 471.6777
339.8043 427.5760
309.1676 422.8645
301.4187 422.6493
282.2378 436.3533
249.4486 429.8720
222.5188 393.9737
210.5368 410.0215
201.6160 422.0992
213.5741 430.9482
227.4456 447.3309
227.4456 448.0962
226.1780 450.3444

Ocean
22
222.5188 393.9737
249.4486 429.8720
282.2378 436.3533
301.4187 422.6493
309.1676 422.8645
339.8043 427.5760
339.6847 421.8601
341.0001 396.6523
341.4067 389.6448
343.2244 368.3115
347.9837 334.0394
349.1795 322.5118
348.9882 321.2920
344.0853 297.8302
331.0031 251.8152
325.3350 237.4415
318.3036 230.1231
289.6758 243.0858
292.9045 248.6583
293.6698 256.1919
281.2572 309.9796
227.0390 387.8272

Richmond,_NY
32
283.6250 553.6149
282.6683 553.1844
280.4919 550.1470
277.0958 547.1336
276.1152 547.2293
272.6474 543.5701
270.4710 542.2547
268.8686 539.6956
263.3439 537.4475
262.0764 538.3085
261.6220 539.8152
262.0764 541.5372
263.3439 544.0484
263.0569 547.6837
263.6070 550.4819
268.2468 555.8870
269.2991 560.7180
268.5338 566.6493
269.2034 569.4475
269.0121 572.4849
270.2797 577.2203
272.2886 581.6448
275.5413 584.1082
281.4725 587.2412
288.6713 591.0200
291.1825 591.4505
293.0241 589.6089
294.7460 584.5387
299.4575 579.1575
298.8357 575.8092
290.2259 558.9004
284.7012 553.3757

Essex
5
229.1915 656.4550
266.7161 640.5028
265.0898 629.3817
275.5413 596.3055
217.6399 603.4086

Union
14
217.6399 603.4086
275.5413 596.3055
272.0973 585.6149
267.4575 585.3040
266.3813 584.9452
265.8552 584.1082
263.7027 579.5880
265.3051 568.0364
255.6190 567.7255
253.0360 567.8451
242.3694 567.5342
212.8088 556.9632
206.8776 556.0783
202.1421 579.0618

Hudson
6
300.5577 641.6747
298.3813 612.6881
295.2722 603.8391
272.0973 585.6149
275.5413 596.3055
265.0898 629.3817

Bergen
14
225.7475 731.0260
307.3260 706.6313
307.6848 681.3518
306.7281 669.6807
300.5577 641.6747
265.0898 629.3817
266.7161 640.5028
267.7924 641.5790
269.2034 652.9871
268.8686 654.6134
259.4934 671.0917
253.9927 678.4819
243.9717 685.5372
220.6773 694.2905

Middlesex
34
265.3051 568.0364
265.5203 566.3145
266.0704 562.6553
265.8552 557.6089
265.3051 556.3174
263.7984 556.3174
262.1960 556.1740
258.9433 552.4191
258.8477 550.0514
261.5263 543.9288
258.2259 536.4669
258.0824 536.1321
257.7714 532.6882
260.1392 527.8571
261.9807 526.0155
268.1272 525.2502
268.2468 525.2502
226.1780 450.3444
186.8357 480.2158
188.2468 480.6224
191.0450 483.8511
212.2827 520.9692
211.8522 528.5745
207.3320 530.1291
201.4964 534.8645
195.4695 541.3219
195.1347 543.5701
196.6414 548.0185
198.0525 549.7405
206.8776 556.0783
212.8088 556.9632
242.3694 567.5342
253.0360 567.8451
255.6190 567.7255

Somerset
30
202.1421 579.0618
206.8776 556.0783
198.0525 549.7405
196.6414 548.0185
195.1347 543.5701
195.4695 541.3219
201.4964 534.8645
207.3320 530.1291
211.8522 528.5745
212.2827 520.9692
191.0450 483.8511
188.2468 480.6224
186.8357 480.2158
185.4725 482.7748
178.5607 483.5402
163.4456 474.9064
154.1900 488.3713
152.7550 490.3085
142.6623 511.2352
146.5368 527.7375
148.1392 530.2965
150.7221 550.3384
142.0883 574.7330
140.3664 577.9617
138.8596 579.0618
174.7580 599.4385
175.4994 598.9841
177.1257 596.3055
177.5801 594.3444
189.6339 568.1560

Morris
15
163.9000 701.5133
185.7595 687.4983
200.5398 686.7330
215.4157 686.8287
229.1915 656.4550
217.6399 603.4086
202.1421 579.0618
189.6339 568.1560
177.5801 594.3444
177.1257 596.3055
175.4994 598.9841
174.7580 599.4385
138.8596 579.0618
 97.0300 591.2113
116.1152 635.0977

Passaic
16
220.3664 732.6523
225.7475 731.0260
220.6773 694.2905
243.9717 685.5372
253.9927 678.4819
259.4934 671.0917
268.8686 654.6134
269.2034 652.9871
267.7924 641.5790
266.7161 640.5028
229.1915 656.4550
215.4157 686.8287
200.5398 686.7330
185.7595 687.4983
163.9000 701.5133
186.6205 744.0843

Sussex
16
186.6205 744.0843
163.9000 701.5133
116.1152 635.0977
 57.6877 681.1366
 56.3963 682.7390
 65.5801 695.6538
 71.9419 710.6493
 73.3290 719.9288
 72.8985 724.9991
 71.9419 725.9796
 72.3723 730.1889
 75.1705 742.1470
 76.3424 745.5910
 81.8432 756.9034
 88.3006 763.9109
101.9090 773.7165

Warren
22
 57.6877 681.1366
116.1152 635.0977
 97.0300 591.2113
 94.8058 585.3040
 84.7610 566.0035
 82.9194 563.5162
 69.7894 550.3384
 47.1407 525.0589
 42.0943 516.4251
 39.5831 521.2801
 38.0525 524.0783
 32.3604 546.0813
 29.9688 564.6881
 33.8910 573.8959
 35.7087 574.3982
 39.1526 574.0633
 42.6444 574.5417
 47.3559 581.0708
 55.1048 604.8197
 55.2244 606.6373
 54.4590 608.4550
 32.5756 634.2367

Hunterdon
23
 97.0300 591.2113
138.8596 579.0618
140.3664 577.9617
142.0883 574.7330
150.7221 550.3384
148.1392 530.2965
146.5368 527.7375
142.6623 511.2352
152.7550 490.3085
154.1900 488.3713
141.8731 480.6224
135.0569 459.1934
118.8178 453.3578
116.5697 453.3578
115.0390 454.2188
 92.6294 467.8033
 75.1705 502.9363
 42.0943 516.4251
 47.1407 525.0589
 69.7894 550.3384
 82.9194 563.5162
 84.7610 566.0035
 94.8058 585.3040

Mercer
16
154.1900 488.3713
163.4456 474.9064
178.5607 483.5402
185.4725 482.7748
186.8357 480.2158
226.1780 450.3444
227.4456 448.0962
227.4456 447.3309
213.5741 430.9482
201.6160 422.0992
210.5368 410.0215
178.7520 405.5970
116.5697 453.3578
118.8178 453.3578
135.0569 459.1934
141.8731 480.6224

Camden
7
 95.7625 308.4968
113.3170 341.1426
204.8208 278.5297
180.6653 234.4281
150.8178 257.9378
117.3111 294.6971
104.7072 303.8810

Gloucester
10
 86.5547 295.3429
 95.7625 308.4968
104.7072 303.8810
117.3111 294.6971
150.8178 257.9378
180.6653 234.4281
162.2737 200.3474
140.9164 212.7599
 38.1960 255.3548
 43.9120 265.4953

Salem
11
 38.1960 255.3548
140.9164 212.7599
143.7386 185.8302
143.7386 179.4445
143.4037 177.9378
100.6175 200.6822
 77.7535 162.8705
 74.0943 138.2846
 24.4919 198.8645
 22.1481 205.9916
 29.7774 225.4834

Cumberland
15
203.9598 148.8317
201.6160 101.7405
154.6205 101.9796
138.4291 105.7106
107.3140 116.4251
 79.3559 132.0185
 77.9688 133.5252
 74.0943 138.2846
 77.7535 162.8705
100.6175 200.6822
143.4037 177.9378
143.7386 179.4445
143.7386 185.8302
140.9164 212.7599
162.2737 200.3474

Cape_May
28
203.9598 148.8317
279.1287 158.2308
269.2991 143.0200
266.3813 137.8302
263.0569 129.5551
257.7714 115.2293
251.9598  94.7091
251.9598  93.7524
252.0555  93.5611
252.3664  93.2263
243.6369  62.0634
237.2991  46.6613
229.1915  32.7420
217.2333  26.0693
214.2199  25.2083
207.1167  24.4430
206.0166  24.9931
204.5099  26.8347
204.1750  46.1112
204.6055  50.8705
205.8013  57.3279
210.3454  75.0021
210.8716  78.7569
211.0868  83.4206
210.5368  93.0110
209.2692  97.5551
203.9598 101.4296
201.6160 101.7405

Atlantic
13
318.3036 230.1231
279.1287 158.2308
203.9598 148.8317
162.2737 200.3474
180.6653 234.4281
204.8208 278.5297
208.0734 276.8077
221.2991 270.0155
238.3753 253.1784
259.7087 243.2771
265.4247 241.5551
275.7565 239.4983
289.6758 243.0858

Burlington
17
178.7520 405.5970
210.5368 410.0215
222.5188 393.9737
227.0390 387.8272
281.2572 309.9796
293.6698 256.1919
292.9045 248.6583
289.6758 243.0858
275.7565 239.4983
265.4247 241.5551
259.7087 243.2771
238.3753 253.1784
221.2991 270.0155
208.0734 276.8077
204.8208 278.5297
113.3170 341.1426
128.1930 362.8107

