1001 370

Sullivan
16
965.2882 345.5044
949.8790 327.7942
916.5714 306.7101
911.3391 306.0243
909.5471 306.5553
903.9055 310.6592
899.9785 311.4557
893.1865 309.3097
879.1820 306.5553
872.8989 305.5707
877.6887 329.7964
913.1422 335.0840
918.8170 335.9358
929.7905 337.4292
953.6621 340.8694
954.4586 344.2101

Johnson
23
965.2882 345.5044
985.5759 348.2477
982.6334 344.3429
982.0913 315.0951
982.5228 308.3030
980.1444 307.5066
979.9343 307.5066
978.1533 307.4181
975.1666 308.3694
974.4586 310.0066
973.8613 309.6637
973.7174 309.5530
968.0316 305.6592
962.7882 299.7853
961.9475 297.4955
960.7528 294.0553
958.7506 293.2920
954.9564 296.5331
947.1798 304.6305
945.4431 308.0597
954.2705 322.9712
954.2705 323.4137
949.8790 327.7942

McNairy
11
241.4055  83.8562
243.7949  28.5133
196.7927  24.7743
194.5914  60.9579
203.2639  65.2500
204.5582  70.7367
206.6599  74.5309
209.6024  78.3694
215.1887  81.1571
217.3237  82.0641
223.7064  83.0597

Chester
14
210.1998 111.2234
241.2064  89.2986
241.4055  83.8562
223.7064  83.0597
217.3237  82.0641
215.1887  81.1571
209.6024  78.3694
206.6599  74.5309
204.5582  70.7367
203.2639  65.2500
194.5914  60.9579
192.1909  71.6327
186.1511  80.0177
185.7197  86.2345

Hardeman
10
158.3524  84.6969
185.7197  86.2345
186.1511  80.0177
192.1909  71.6327
194.5914  60.9579
196.7927  24.7743
192.5560  24.4203
170.0560  22.6725
149.1268  21.1349
146.6378  78.9115

Fayette
8
113.1312  77.4292
146.6378  78.9115
149.1268  21.1349
131.2285  19.8739
 97.4232  17.6836
 96.7263  36.8871
 95.5759  55.5265
 95.0781  72.2854

Haywood
21
122.5449 137.7500
122.5891 137.2522
124.2374 135.1504
125.4874 133.8562
128.3524 131.7765
133.2639 129.4756
135.6644 129.4203
147.9763 125.5708
156.7042 122.2411
158.3524  84.6969
146.6378  78.9115
113.1312  77.4292
108.0980 102.6394
108.9940 103.0486
111.6821 104.9956
115.1223 126.0796
115.0781 127.1305
113.6290 127.1305
113.5294 129.0774
114.1710 131.5663
117.2683 138.1482

Madison
7
208.7506 140.0951
210.1998 111.2234
185.7197  86.2345
158.3524  84.6969
156.7042 122.2411
173.2197 138.4911
197.2241 139.4425

Crockett
17
139.8458 165.2168
146.2396 161.1239
147.4232 153.4137
148.5737 150.5597
150.7860 146.1681
165.6754 142.7389
173.2197 138.4911
156.7042 122.2411
147.9763 125.5708
135.6644 129.4203
133.2639 129.4756
128.3524 131.7765
125.4874 133.8562
124.2374 135.1504
122.5891 137.2522
122.5449 137.7500
123.4409 146.9756

Gibson
16
141.6489 194.8849
163.6843 199.1217
167.0250 195.2942
175.5427 187.7610
176.3945 187.3517
177.2905 187.5619
187.5117 184.5641
195.8856 178.4801
197.2241 139.4425
173.2197 138.4911
165.6754 142.7389
150.7860 146.1681
148.5737 150.5597
147.4232 153.4137
146.2396 161.1239
139.8458 165.2168

Carroll
10
213.4299 192.4955
250.0449 191.0907
257.2020 152.1194
257.4122 147.9270
212.6002 145.4823
210.8967 143.8783
209.4033 141.9425
208.7506 140.0951
197.2241 139.4425
195.8856 178.4801

Weakley
19
176.9918 240.4491
211.0515 242.9048
213.4299 192.4955
195.8856 178.4801
187.5117 184.5641
177.2905 187.5619
176.3945 187.3517
175.5427 187.7610
167.0250 195.2942
163.6843 199.1217
162.7772 225.8916
163.1422 226.3451
165.2772 226.2455
166.9144 225.8473
168.5183 224.2986
170.2551 224.0995
177.9874 227.2411
177.5891 235.8141
175.7529 240.3495

Obion
14
174.9011 240.3053
175.7529 240.3495
177.5891 235.8141
177.9874 227.2411
170.2551 224.0995
168.5183 224.2986
166.9144 225.8473
165.2772 226.2455
163.1422 226.3451
162.7772 225.8916
163.6843 199.1217
141.6489 194.8849
104.1599 193.3916
116.8148 236.1128

Lake
7
116.8148 236.1128
104.1599 193.3916
 87.6887 188.3584
 95.8303 210.6925
 94.9232 233.8783
101.0626 234.2101
108.7838 234.9734

Dyer
12
104.1599 193.3916
141.6489 194.8849
139.8458 165.2168
123.4409 146.9756
122.0139 149.5088
121.0626 150.7146
115.3768 155.8473
105.8082 155.3606
 89.3369 149.0553
 83.7175 147.6172
 77.6223 161.0796
 87.6887 188.3584

Lauderdale
31
 83.7175 147.6172
 89.3369 149.0553
105.8082 155.3606
115.3768 155.8473
121.0626 150.7146
122.0139 149.5088
123.4409 146.9756
122.5449 137.7500
117.2683 138.1482
114.1710 131.5663
113.5294 129.0774
113.6290 127.1305
115.0781 127.1305
115.1223 126.0796
111.6821 104.9956
108.9940 103.0486
108.0980 102.6394
103.0537 106.2345
 93.8281 111.1681
 77.9874 109.5752
 74.5471 108.3363
 71.8480 106.3340
 65.9188 100.8584
 63.7175  98.2146
 61.6710  93.4248
 64.8237 123.6349
 74.8900 145.1283
 75.6201 145.7699
 75.9962 146.0243
 78.4852 147.3186
 80.5648 147.6725

Tipton
17
108.0980 102.6394
113.1312  77.4292
 95.0781  72.2854
 92.8325  73.8783
 86.7484  76.4225
 85.9630  76.5332
 47.7772  72.1858
 42.3347  69.5531
 34.6024  77.1637
 61.6710  93.4248
 63.7175  98.2146
 65.9188 100.8584
 71.8480 106.3340
 74.5471 108.3363
 77.9874 109.5752
 93.8281 111.1681
103.0537 106.2345

Shelby
21
 42.3347  69.5531
 47.7772  72.1858
 85.9630  76.5332
 86.7484  76.4225
 92.8325  73.8783
 95.0781  72.2854
 95.5759  55.5265
 96.7263  36.8871
 97.4232  17.6836
 88.1533  16.9978
 20.3436  12.8495
 20.1445  14.8407
 21.5383  19.2876
 33.1533  23.1150
 45.3768  32.5066
 47.1135  34.6416
 47.3237  34.9624
 47.3679  35.0509
 47.3679  35.1836
 47.4122  35.3385
 42.7772  68.0486

Henderson
11
257.4122 147.9270
258.5626 118.0929
253.4630 106.0907
254.1268  90.9801
254.8679  91.0464
241.2064  89.2986
210.1998 111.2234
208.7506 140.0951
209.4033 141.9425
210.8967 143.8783
212.6002 145.4823

Henry
12
214.1378 243.1039
263.6400 246.5442
272.4785 227.6504
260.7086 226.5995
260.5537 226.4004
260.1002 221.6659
260.3546 219.4203
262.8546 211.3894
253.9166 195.9248
250.0449 191.0907
213.4299 192.4955
211.0515 242.9048

Benton
18
272.4785 227.6504
273.5737 226.6991
278.5073 211.1902
283.2860 200.0730
285.0338 166.6217
285.0338 163.8783
284.2816 157.8495
283.7506 156.2455
281.8922 153.4579
281.2838 149.7632
257.2020 152.1194
250.0449 191.0907
253.9166 195.9248
262.8546 211.3894
260.3546 219.4203
260.1002 221.6659
260.5537 226.4004
260.7086 226.5995

Decatur
15
257.2020 152.1194
281.2838 149.7632
277.6113 139.2433
275.7529 132.7721
277.3568  96.4668
278.4520  94.5199
279.3037  93.5354
280.1002  93.1371
281.7927  93.2699
280.1887  88.6349
254.8679  91.0464
254.1268  90.9801
253.4630 106.0907
258.5626 118.0929
257.4122 147.9270

Hardin
11
241.2064  89.2986
254.8679  91.0464
280.1887  88.6349
280.3989  86.2013
282.2905  76.7655
287.5117  58.7234
289.4697  33.7898
264.6799  30.2057
245.7418  28.6460
243.7949  28.5133
241.4055  83.8562

Lawrence
12
363.5515 103.5464
373.8281 102.8385
373.5847  99.0110
373.5294  95.3274
377.0139  57.0863
377.6776  40.6150
333.3414  37.1858
331.8480  94.0332
336.5383  94.4756
346.1621  98.4579
345.6975 103.7898
359.8126 104.8960

Wayne
9
314.4475 104.6858
331.8480  94.0332
333.3414  37.1858
289.4697  33.7898
287.5117  58.7234
282.2905  76.7655
280.3989  86.2013
280.1887  88.6349
281.7927  93.2699

Lewis
23
355.6422 133.7456
354.5803 127.6836
354.6909 124.7411
355.0891 122.9491
356.8259 121.4004
359.6135 120.8916
362.7661 118.3473
365.6422 112.5619
365.2551 107.3849
364.9121 105.6925
363.5515 103.5464
359.8126 104.8960
345.6975 103.7898
346.1621  98.4579
336.5383  94.4756
331.8480  94.0332
314.4475 104.6858
319.6909 123.3363
324.1268 126.2787
331.8922 127.4292
342.3568 126.1792
343.2197 126.3783
347.8989 128.8119

Perry
15
310.0670 155.5929
319.6909 123.3363
314.4475 104.6858
281.7927  93.2699
280.1002  93.1371
279.3037  93.5354
278.4520  94.5199
277.3568  96.4668
275.7529 132.7721
277.6113 139.2433
281.2838 149.7632
281.8922 153.4579
295.7086 151.7102
298.5515 154.0995
300.5869 154.4978

Hickman
11
367.1024 178.0818
367.2905 162.4181
355.6422 133.7456
347.8989 128.8119
343.2197 126.3783
342.3568 126.1792
331.8922 127.4292
324.1268 126.2787
319.6909 123.3363
310.0670 155.5929
328.9608 179.5309

Humphreys
17
322.9321 205.6482
328.9608 179.5309
310.0670 155.5929
300.5869 154.4978
298.5515 154.0995
295.7086 151.7102
281.8922 153.4579
283.7506 156.2455
284.2816 157.8495
285.0338 163.8783
285.0338 166.6217
283.2860 200.0730
278.5073 211.1902
291.6599 210.7367
295.7086 212.8827
300.3546 212.8274
320.4874 208.2478

Houston
17
317.5891 232.5287
326.9697 228.6460
322.9321 205.6482
320.4874 208.2478
300.3546 212.8274
295.7086 212.8827
291.6599 210.7367
278.5073 211.1902
273.5737 226.6991
285.9298 224.5973
288.1754 224.4535
291.5272 224.6416
293.7506 225.0398
296.2064 225.8031
299.2927 227.3407
301.3281 228.7787
302.8878 230.1836

Stewart
18
302.6887 270.0730
308.6732 270.7588
317.5891 232.5287
302.8878 230.1836
301.3281 228.7787
299.2927 227.3407
296.2064 225.8031
293.7506 225.0398
291.5272 224.6416
288.1754 224.4535
285.9298 224.5973
273.5737 226.6991
272.4785 227.6504
263.6400 246.5442
259.5471 272.3185
266.1953 272.7168
284.7352 272.3628
284.6909 267.9712

Montgomery
7
368.1422 276.7986
370.0449 249.9734
352.9431 229.1327
326.9697 228.6460
317.5891 232.5287
308.6732 270.7588
343.1754 274.3539

Robertson
10
407.8214 281.5331
430.5648 281.5331
427.6223 273.9557
421.3391 255.1172
418.8060 249.5199
412.2241 246.7765
394.5139 241.8539
370.0449 249.9734
368.1422 276.7986
374.2706 277.5066

Cheatham
13
370.0449 249.9734
394.5139 241.8539
383.0980 192.0420
368.4077 191.3009
369.2927 211.6880
367.6998 217.0309
365.3989 218.7124
368.4962 223.5022
368.6953 227.3407
368.3414 228.1482
365.7086 229.1327
359.8126 229.8849
352.9431 229.1327

Cheatham
5
369.1931 226.5000
368.6400 225.8031
370.0781 226.4447
369.7462 226.7433
369.5471 226.3451

Dickson
14
326.9697 228.6460
352.9431 229.1327
359.8126 229.8849
365.7086 229.1327
368.3414 228.1482
368.6953 227.3407
368.4962 223.5022
365.3989 218.7124
367.6998 217.0309
369.2927 211.6880
368.4077 191.3009
367.1024 178.0818
328.9608 179.5309
322.9321 205.6482

Williamson
11
368.4077 191.3009
383.0980 192.0420
385.3878 184.1217
386.8922 184.3208
397.2573 194.4314
413.6732 193.5907
433.8060 185.7699
429.7683 148.1150
418.8613 146.5774
367.2905 162.4181
367.1024 178.0818

Maury
15
367.2905 162.4181
418.8613 146.5774
402.2905 103.2035
373.8281 102.8385
363.5515 103.5464
364.9121 105.6925
365.2551 107.3849
365.6422 112.5619
362.7661 118.3473
359.6135 120.8916
356.8259 121.4004
355.0891 122.9491
354.6909 124.7411
354.5803 127.6836
355.6422 133.7456

Marshall
11
418.8613 146.5774
429.7683 148.1150
435.4542 145.1836
435.3546 117.1526
435.7086 112.0641
436.8480 109.1770
442.4453  99.8075
444.1710  99.5973
444.5692  99.7633
419.6467  82.6947
402.2905 103.2035

Giles
9
373.8281 102.8385
402.2905 103.2035
419.6467  82.6947
422.5006  43.7677
379.1157  40.7256
377.6776  40.6150
377.0139  57.0863
373.5294  95.3274
373.5847  99.0110

Lincoln
7
453.2529  99.1548
480.4210  69.0995
482.3347  49.6526
428.5626  44.3540
422.5006  43.7677
419.6467  82.6947
444.5692  99.7633

Moore
4
483.2086 110.5376
483.9055  99.1991
480.4210  69.0995
453.2529  99.1548

Bedford
14
481.4166 142.0309
483.2086 110.5376
453.2529  99.1548
444.5692  99.7633
444.1710  99.5973
442.4453  99.8075
436.8480 109.1770
435.7086 112.0641
435.3546 117.1526
435.4542 145.1836
435.5980 147.5177
437.2573 147.8163
446.3281 147.9823
474.7462 144.7743

Rutherford
15
443.7396 205.9026
448.7175 202.5619
466.9697 191.5442
468.8613 190.8031
476.4387 188.9557
487.1467 189.1991
484.7241 152.7500
481.4166 142.0309
474.7462 144.7743
446.3281 147.9823
437.2573 147.8163
435.5980 147.5177
435.4542 145.1836
429.7683 148.1150
433.8060 185.7699

Davidson
10
394.5139 241.8539
412.2241 246.7765
432.6998 225.6593
443.7396 205.9026
433.8060 185.7699
413.6732 193.5907
397.2573 194.4314
386.8922 184.3208
385.3878 184.1217
383.0980 192.0420

Sumner
19
447.6223 285.7256
471.1511 286.5663
470.7086 264.5420
466.5714 243.8562
465.1666 238.6570
461.2396 239.1548
459.6798 240.6261
459.3922 242.8053
458.7838 243.7455
457.5449 244.4424
456.9365 244.3871
447.6223 240.2057
435.9962 232.1305
432.6998 225.6593
412.2241 246.7765
418.8060 249.5199
421.3391 255.1172
427.6223 273.9557
430.5648 281.5331

Wilson
20
483.9608 238.2146
495.8303 209.1438
502.8546 191.7876
487.1467 189.1991
476.4387 188.9557
468.8613 190.8031
466.9697 191.5442
448.7175 202.5619
443.7396 205.9026
432.6998 225.6593
435.9962 232.1305
447.6223 240.2057
456.9365 244.3871
457.5449 244.4424
458.7838 243.7455
459.3922 242.8053
459.6798 240.6261
461.2396 239.1548
465.1666 238.6570
466.5714 243.8562

Cannon
5
502.8546 191.7876
519.4586 176.0354
510.7860 149.1659
484.7241 152.7500
487.1467 189.1991

Coffee
18
510.7860 149.1659
525.2551 131.0686
524.8900 130.8141
524.6467 130.0619
525.0449 119.4425
526.3944 112.2743
528.2307 110.6261
527.4343 106.0022
525.2551  98.3031
524.6024  97.0088
509.6577 103.3363
495.5316 104.6416
485.0560 100.9579
483.9608  99.8075
483.9055  99.1991
483.2086 110.5376
481.4166 142.0309
484.7241 152.7500

Franklin
11
483.9055  99.1991
483.9608  99.8075
485.0560 100.9579
495.5316 104.6416
509.6577 103.3363
524.6024  97.0088
530.2883  88.1814
534.9232  54.7301
483.2086  49.6969
482.3347  49.6526
480.4210  69.0995

Marion
12
530.2883  88.1814
564.9785 105.7920
566.3281 103.7898
576.1953  99.8075
579.1489  99.0663
583.8391  94.3761
585.5759  91.8761
587.3126  84.6526
587.4121  83.4579
580.2329  59.0221
564.8790  57.4292
534.9232  54.7301

Sequatchie
12
576.4940 142.9380
602.6223 115.0619
587.4121  83.4579
587.3126  84.6526
585.5759  91.8761
583.8391  94.3761
579.1489  99.0663
576.1953  99.8075
566.3281 103.7898
564.9785 105.7920
556.0626 135.5155
561.7374 136.3009

Grundy
16
556.0626 135.5155
564.9785 105.7920
530.2883  88.1814
524.6024  97.0088
525.2551  98.3031
527.4343 106.0022
528.2307 110.6261
526.3944 112.2743
525.0449 119.4425
524.6467 130.0619
524.8900 130.8141
525.2551 131.0686
530.4321 130.3163
532.2352 130.2721
539.3590 132.6172
545.1002 133.8562

Van_Buren
7
590.5095 177.0863
590.2661 176.3340
592.7551 173.5907
592.7551 173.3916
576.4940 142.9380
561.7374 136.3009
552.4232 173.1482

Warren
11
542.7993 177.3296
552.4232 173.1482
561.7374 136.3009
556.0626 135.5155
545.1002 133.8562
539.3590 132.6172
532.2352 130.2721
530.4321 130.3163
525.2551 131.0686
510.7860 149.1659
519.4586 176.0354

White
14
588.1090 203.7566
590.5095 177.0863
552.4232 173.1482
542.7993 177.3296
544.1931 204.0663
544.2374 204.9071
544.7352 205.9579
546.7816 208.0929
552.8767 213.4690
554.5139 214.2765
558.7506 215.3163
574.6577 212.8274
580.2883 210.6925
582.0360 209.3318

DeKalb
6
523.8502 218.7124
544.1931 204.0663
542.7993 177.3296
519.4586 176.0354
502.8546 191.7876
495.8303 209.1438

Putnam
26
525.3436 234.2101
541.9475 233.0265
549.1378 235.2168
552.6666 236.9203
553.4188 238.0044
556.7042 243.6460
556.7042 246.9424
566.3281 238.4579
592.1577 229.2765
601.8812 229.2765
604.1710 228.6460
598.8391 222.4071
589.3148 222.1969
588.1754 221.3562
588.1090 203.7566
582.0360 209.3318
580.2883 210.6925
574.6577 212.8274
558.7506 215.3163
554.5139 214.2765
552.8767 213.4690
546.7816 208.0929
544.7352 205.9579
544.2374 204.9071
544.1931 204.0663
523.8502 218.7124

Trousdale
4
499.9232 258.7013
483.9608 238.2146
466.5714 243.8562
470.7086 264.5420

Macon
7
497.1245 287.6615
518.4630 288.9668
517.4675 271.1570
517.2352 258.5132
499.9232 258.7013
470.7086 264.5420
471.1511 286.5663

Smith
6
499.9232 258.7013
517.2352 258.5132
525.3436 234.2101
523.8502 218.7124
495.8303 209.1438
483.9608 238.2146

Jackson
14
517.4675 271.1570
522.5006 274.3097
537.1135 272.0088
544.7905 270.1283
550.5759 265.8805
555.0670 261.3893
556.7042 246.9424
556.7042 243.6460
553.4188 238.0044
552.6666 236.9203
549.1378 235.2168
541.9475 233.0265
525.3436 234.2101
517.2352 258.5132

Overton
10
576.8037 282.3296
597.4785 266.7212
598.9387 252.0752
600.8856 246.9867
605.2661 237.1084
601.8812 229.2765
592.1577 229.2765
566.3281 238.4579
556.7042 246.9424
555.0670 261.3893

Clay
11
576.2506 296.0353
576.8037 282.3296
555.0670 261.3893
550.5759 265.8805
544.7905 270.1283
537.1135 272.0088
522.5006 274.3097
517.4675 271.1570
518.4630 288.9668
558.2971 292.7942
574.0604 295.6482

Pickett
13
611.2506 298.2367
632.0913 299.1880
639.4697 288.6570
623.9719 293.3473
619.0714 294.0995
614.6467 293.9004
607.6555 291.7101
603.3745 287.4734
600.7860 283.2256
599.5803 280.4380
597.4785 266.7212
576.8037 282.3296
576.2506 296.0353

Bledsoe
12
592.7551 173.3916
606.5051 175.5376
611.8922 174.9955
618.2307 174.9402
622.6666 175.1836
631.3944 177.2854
619.2816 156.1460
612.6444 147.6172
609.5582 135.7035
611.2506 131.0132
602.6223 115.0619
576.4940 142.9380

Fentress
19
639.4697 288.6570
645.6090 267.1194
628.1644 253.7677
627.2462 252.5840
624.1599 241.0575
625.8192 233.7234
604.1710 228.6460
601.8812 229.2765
605.2661 237.1084
600.8856 246.9867
598.9387 252.0752
597.4785 266.7212
599.5803 280.4380
600.7860 283.2256
603.3745 287.4734
607.6555 291.7101
614.6467 293.9004
619.0714 294.0995
623.9719 293.3473

Fentress
17
604.1710 228.6460
625.8192 233.7234
655.7750 201.4225
645.6533 188.1482
631.3944 177.2854
622.6666 175.1836
618.2307 174.9402
611.8922 174.9955
606.5051 175.5376
592.7551 173.3916
592.7551 173.5907
590.2661 176.3340
590.5095 177.0863
588.1090 203.7566
588.1754 221.3562
589.3148 222.1969
598.8391 222.4071

Rhea
14
653.5294 178.6239
654.9675 176.3894
655.3214 175.5376
654.8679 169.9513
648.6953 148.8672
636.8812 131.5110
636.1179 131.0132
625.8192 125.6814
611.2506 131.0132
609.5582 135.7035
612.6444 147.6172
619.2816 156.1460
631.3944 177.2854
645.6533 188.1482

Meigs
11
667.2462 164.6194
644.7020 119.3429
635.8303 109.2765
625.8192 125.6814
636.1179 131.0132
636.8812 131.5110
648.6953 148.8672
654.8679 169.9513
655.3214 175.5376
654.9675 176.3894
653.5294 178.6239

Hamilton
14
625.8192 125.6814
635.8303 109.2765
631.1400  96.2677
630.4431  93.6681
629.4144  85.3053
633.5294  74.0332
637.3347  66.1017
636.9807  66.0464
604.1157  61.9203
592.7551  60.3717
580.2329  59.0221
587.4121  83.4579
602.6223 115.0619
611.2506 131.0132

Bradley
10
644.7020 119.3429
664.5360 105.9358
660.4984  68.8451
656.5272  68.3473
637.3347  66.1017
633.5294  74.0332
629.4144  85.3053
630.4431  93.6681
631.1400  96.2677
635.8303 109.2765

Polk
9
687.6776 115.1725
712.4232 106.7876
712.8546  75.2721
678.3082  71.0243
660.4984  68.8451
664.5360 105.9358
667.6887 108.6792
673.1312 110.8252
685.6422 112.1194

Polk
26
717.1909 165.8363
718.1422 164.2655
730.1555 157.4402
735.7971 158.4911
747.8214 152.0531
747.9542 151.9093
747.8214 151.3562
745.8635 148.2146
741.1843 122.6394
738.4851 118.9557
734.1157 115.3606
721.8259 115.0619
712.4232 106.7876
687.6776 115.1725
696.6489 122.7389
695.6090 132.4624
683.8059 153.1040
679.0051 160.7256
678.8502 162.2743
678.3635 163.0265
682.2020 168.0155
685.4984 169.9071
688.0759 171.0907
688.8723 171.2566
700.3989 171.5995
716.5604 166.8650

Monroe
14
671.2838 165.0619
678.3635 163.0265
678.8502 162.2743
679.0051 160.7256
683.8059 153.1040
695.6090 132.4624
696.6489 122.7389
687.6776 115.1725
685.6422 112.1194
673.1312 110.8252
667.6887 108.6792
664.5360 105.9358
644.7020 119.3429
667.2462 164.6194

McMinn
15
675.9077 169.4093
671.2838 165.0619
667.2462 164.6194
653.5294 178.6239
645.6533 188.1482
655.7750 201.4225
672.3347 212.9823
681.1400 215.7367
684.9343 219.1106
691.9144 226.1460
702.3347 207.3407
703.5405 205.5597
701.3944 206.2013
696.0073 204.0663
677.8657 175.6371

McMinn
1
675.9077 169.4093

Morgan
14
678.6621 241.1017
691.9144 226.1460
684.9343 219.1106
681.1400 215.7367
672.3347 212.9823
655.7750 201.4225
625.8192 233.7234
624.1599 241.0575
627.2462 252.5840
628.1644 253.7677
645.6090 267.1194
657.5228 254.0110
662.8546 250.0177
674.5139 245.6482

Scott
12
632.9321 299.2323
691.4719 304.7190
690.7750 292.2079
685.9741 257.9048
685.4984 249.6194
678.6621 241.1017
674.5139 245.6482
662.8546 250.0177
657.5228 254.0110
645.6090 267.1194
639.4697 288.6570
632.0913 299.1880

Campbell
11
722.3900 308.2588
734.7462 285.2831
732.0028 281.1902
729.2152 266.9203
727.9652 264.4867
726.2728 262.4845
685.4984 249.6194
685.9741 257.9048
690.7750 292.2079
691.4719 304.7190
695.3657 305.1615

Anderson
12
726.2728 262.4845
734.8900 251.4225
734.5913 251.4225
732.6002 249.5752
720.4874 233.5132
720.6422 231.6770
723.1754 227.2411
704.3369 208.6460
702.3347 207.3407
691.9144 226.1460
678.6621 241.1017
685.4984 249.6194

Loudon
15
703.5405 205.5597
716.2506 193.8894
717.1909 165.8363
716.5604 166.8650
700.3989 171.5995
688.8723 171.2566
688.0759 171.0907
685.4984 169.9071
682.2020 168.0155
678.3635 163.0265
671.2838 165.0619
675.9077 169.4093
677.8657 175.6371
696.0073 204.0663
701.3944 206.2013

Blount
20
757.1356 210.9358
766.8590 194.1217
771.7374 186.7986
775.7197 184.9071
777.9652 167.6172
746.8148 147.8827
745.8635 148.2146
747.8214 151.3562
747.9542 151.9093
747.8214 152.0531
735.7971 158.4911
730.1555 157.4402
718.1422 164.2655
717.1909 165.8363
716.2506 193.8894
717.9984 199.5309
734.0493 207.5398
740.1223 207.0973
747.3126 203.5022
748.9608 203.5022

Sevier
16
811.9807 219.4203
821.7374 194.5420
822.2351 191.8318
818.0980 185.7699
798.3082 170.1062
796.9033 169.1991
780.6090 167.5177
778.5183 167.5619
777.9652 167.6172
775.7197 184.9071
771.7374 186.7986
766.8590 194.1217
757.1356 210.9358
768.0980 234.2655
775.9851 232.0309
799.2595 222.7500

Knox
19
759.0382 251.3783
767.9542 240.4048
768.0980 234.2655
757.1356 210.9358
748.9608 203.5022
747.3126 203.5022
740.1223 207.0973
734.0493 207.5398
717.9984 199.5309
716.2506 193.8894
703.5405 205.5597
702.3347 207.3407
704.3369 208.6460
723.1754 227.2411
720.6422 231.6770
720.4874 233.5132
732.6002 249.5752
734.5913 251.4225
734.8900 251.4225

Union
12
734.7462 285.2831
737.9321 286.7212
745.7639 288.9668
746.4166 288.6128
754.0382 280.3827
763.0648 278.0044
759.0382 251.3783
734.8900 251.4225
726.2728 262.4845
727.9652 264.4867
729.2152 266.9203
732.0028 281.1902

Claiborne
11
757.3900 314.3871
780.3657 316.9314
793.5405 291.9535
763.0648 278.0044
754.0382 280.3827
746.4166 288.6128
745.7639 288.9668
737.9321 286.7212
734.7462 285.2831
722.3900 308.2588
728.8170 308.9004

Hancock
12
852.7551 326.2566
840.2440 317.1415
837.3015 317.4845
833.5183 319.2323
833.0205 319.1327
828.8834 316.2013
823.3967 311.7433
818.2086 305.5707
805.8413 290.9579
793.5405 291.9535
780.3657 316.9314
835.3546 323.8672

Grainger
7
793.5405 291.9535
805.8413 290.9579
810.7307 276.3008
788.9608 256.7544
767.9542 240.4048
759.0382 251.3783
763.0648 278.0044

Hamblen
5
831.2285 272.2632
822.9431 262.2522
817.0139 247.5398
788.9608 256.7544
810.7307 276.3008

Jefferson
7
817.0139 247.5398
811.9807 219.4203
799.2595 222.7500
775.9851 232.0309
768.0980 234.2655
767.9542 240.4048
788.9608 256.7544

Cocke
11
822.9431 262.2522
822.6444 258.8562
823.4520 257.9491
827.9210 254.6526
837.8436 249.3318
850.5095 239.4535
857.8767 232.8163
853.4630 210.3274
821.7374 194.5420
811.9807 219.4203
817.0139 247.5398

Unicoi
11
914.9785 285.5707
930.3436 273.9004
910.0006 258.7455
901.8812 243.8893
889.6024 251.0243
889.3590 259.1991
895.8856 267.7831
900.3214 269.3761
902.9652 269.6747
907.8989 272.8606
911.4829 278.1924

Hawkins
23
877.6887 329.7964
872.8989 305.5707
870.8524 302.1747
858.9387 293.9004
853.4630 292.2964
851.3613 291.1570
845.5869 287.4734
843.0316 284.5199
840.8967 280.6924
838.2528 277.6393
833.4188 273.3141
832.1688 272.3628
831.2285 272.2632
810.7307 276.3008
805.8413 290.9579
818.2086 305.5707
823.3967 311.7433
828.8834 316.2013
833.0205 319.1327
833.5183 319.2323
837.3015 317.4845
840.2440 317.1415
852.7551 326.2566

Greene
32
870.8524 302.1747
878.6953 304.4646
879.0272 303.4690
881.6267 273.1592
882.8214 265.2831
889.3590 259.1991
889.6024 251.0243
887.4232 253.1150
887.4232 253.1703
885.7086 254.2544
885.1666 254.1659
882.2683 252.0752
880.2661 250.6261
873.0980 243.5464
863.0316 234.1217
857.8767 232.8163
850.5095 239.4535
837.8436 249.3318
827.9210 254.6526
823.4520 257.9491
822.6444 258.8562
822.9431 262.2522
831.2285 272.2632
832.1688 272.3628
833.4188 273.3141
838.2528 277.6393
840.8967 280.6924
843.0316 284.5199
845.5869 287.4734
851.3613 291.1570
853.4630 292.2964
858.9387 293.9004

Washington
20
872.8989 305.5707
879.1820 306.5553
893.1865 309.3097
899.9785 311.4557
903.9055 310.6592
909.5471 306.5553
911.3391 306.0243
916.5714 306.7101
914.9785 285.5707
911.4829 278.1924
907.8989 272.8606
902.9652 269.6747
900.3214 269.3761
895.8856 267.7831
889.3590 259.1991
882.8214 265.2831
881.6267 273.1592
879.0272 303.4690
878.6953 304.4646
870.8524 302.1747

Carter
12
949.8790 327.7942
954.2705 323.4137
954.2705 322.9712
945.4431 308.0597
947.1798 304.6305
954.9564 296.5331
958.7506 293.2920
960.7528 294.0553
947.3458 268.9778
930.3436 273.9004
914.9785 285.5707
916.5714 306.7101

