758 800

Rabun
8
360.7320 767.4934
357.8234 754.2759
345.5197 744.7135
336.6008 728.5230
334.3871 715.9876
291.8260 728.3428
301.9032 758.2141
310.6806 759.6170

Towns
11
250.1271 750.6723
301.9032 758.2141
291.8260 728.3428
288.3382 724.1215
275.2365 721.1614
274.6574 725.3313
269.7282 736.8757
265.7642 739.1408
261.8389 738.8448
253.6149 743.4909
249.3163 747.6093

Mitchell
11
316.3047 163.8384
323.1387 103.3236
307.1928 101.4831
270.5776  96.9915
252.0448  94.7006
252.1606 101.6505
254.2842 107.3390
255.0564 108.5488
271.9804 132.8088
289.0461 146.0777
296.3434 160.6981

Baker
11
255.8028 155.0867
296.3434 160.6981
289.0461 146.0777
271.9804 132.8088
255.0564 108.5488
254.2842 107.3390
252.1606 101.6505
252.0448  94.7006
247.1542  94.2373
229.6381 122.1781
226.7423 151.1356

Miller
7
229.6381 122.1781
247.1542  94.2373
220.8221  89.4111
193.7179  86.7470
190.8221 117.0816
220.8221 119.9902
229.6381 121.7792

Early
23
199.8311 159.1794
226.7423 151.1356
229.6381 122.1781
229.6381 121.7792
220.8221 119.9902
190.8221 117.0816
193.7179  86.7470
179.6638  85.5887
178.1323  88.8963
177.0769  90.7882
170.3717  98.1627
169.3163  98.4587
168.0937  98.4587
166.8710  99.1537
165.4296 102.5127
163.4605 114.2888
164.4386 118.5874
165.9444 122.9889
167.6947 158.3686
170.7578 153.2077
173.9495 153.5552
176.6780 154.4304
180.5647 155.9619

Seminole
13
193.7179  86.7470
220.8221  89.4111
218.3382  83.3236
220.8865  58.6131
219.7925  50.1961
215.3652  42.0237
209.7925  38.4201
207.7591  34.1344
207.5403  31.5218
209.0461  28.2142
208.8659  28.2142
183.8208  73.5681
179.6638  85.5887

Decatur
13
270.5776  96.9915
277.8363  32.8474
209.0461  28.2142
207.5403  31.5218
207.7591  34.1344
209.7925  38.4201
215.3652  42.0237
219.7925  50.1961
220.8865  58.6131
218.3382  83.3236
220.8221  89.4111
247.1542  94.2373
252.0448  94.7006

Grady
9
307.1928 101.4831
308.9431  85.1768
311.0409  80.6466
312.9457  78.2656
315.7771  75.5372
320.2044  35.8203
292.0576  33.8384
277.8363  32.8474
270.5776  96.9915

Thomas
10
323.1387 103.3236
361.5943 101.6505
368.6857  39.1151
331.0924  36.5539
320.2044  35.8203
315.7771  75.5372
312.9457  78.2656
311.0409  80.6466
308.9431  85.1768
307.1928 101.4831

Brooks
12
398.5055 105.5372
411.2468  72.7573
407.5531  68.7032
403.4219  59.9902
403.3189  59.3853
408.7114  51.4703
411.0152  49.7457
423.8337  42.8345
387.5403  40.3377
368.6857  39.1151
361.5943 101.6505
383.4733 111.2772

Colquitt
6
386.8324 153.5037
383.4733 111.2772
361.5943 101.6505
323.1387 103.3236
318.3382 145.8461
366.8968 151.4188

Cook
11
397.3472 158.6646
397.3472 153.4394
398.2610 150.8396
399.1748 149.5140
406.8582 144.1215
409.1104 143.2978
420.7063 118.4716
424.0139 108.1498
398.5055 105.5372
383.4733 111.2772
386.8324 153.5037

Lanier
13
455.3910 138.6517
466.0216 140.2219
473.1516  88.3815
466.8324  84.1858
465.0306  93.1176
461.3112  99.7843
442.0062  97.6479
437.7719 109.7071
437.1284 114.5848
439.6252 130.3506
457.5017 132.7444
457.6046 133.3879
456.7423 136.2837

Lowndes
16
424.0139 108.1498
437.7719 109.7071
442.0062  97.6479
461.3112  99.7843
465.0306  93.1176
466.8324  84.1858
455.3524  44.9323
430.6934  43.2335
423.8337  42.8345
411.0152  49.7457
408.7114  51.4703
403.3189  59.3853
403.4219  59.9902
407.5531  68.7032
411.2468  72.7573
398.5055 105.5372

Echols
18
473.1516  88.3815
491.5428  84.9967
493.1645  82.3969
495.2494  76.5925
499.3163  72.0623
501.3498  70.9812
505.1207  69.9130
510.4489  70.1575
513.2932  70.5565
518.9174  70.6852
528.2610  70.1060
530.7578  69.0893
532.1992  67.6479
532.7140  66.7856
534.2842  50.4278
519.2005  49.3210
455.3524  44.9323
466.8324  84.1858

Clinch
25
466.0216 140.2219
508.1194 145.9490
520.8221 124.2759
525.6999 119.3467
534.5802 112.7315
549.7668  90.9169
552.6754  71.7663
555.4038  57.0430
557.8363  52.1138
552.0319  51.7019
534.2842  50.4278
532.7140  66.7856
532.1992  67.6479
530.7578  69.0893
528.2610  70.1060
518.9174  70.6852
513.2932  70.5565
510.4489  70.1575
505.1207  69.9130
501.3498  70.9812
499.3163  72.0623
495.2494  76.5925
493.1645  82.3969
491.5428  84.9967
473.1516  88.3815

Atkinson
13
509.9341 176.4124
508.1194 145.9490
466.0216 140.2219
455.3910 138.6517
454.0654 145.6144
450.5776 160.6981
444.1297 165.6788
437.5403 172.6414
437.3086 173.0662
437.0126 175.8332
462.5338 178.8062
481.2854 174.9580
483.4733 172.8216

Berrien
23
435.0306 184.1987
437.0126 175.8332
437.3086 173.0662
437.5403 172.6414
444.1297 165.6788
450.5776 160.6981
454.0654 145.6144
455.3910 138.6517
456.7423 136.2837
457.6046 133.3879
457.5017 132.7444
439.6252 130.3506
437.1284 114.5848
437.7719 109.7071
424.0139 108.1498
420.7063 118.4716
409.1104 143.2978
406.8582 144.1215
399.1748 149.5140
398.2610 150.8396
397.3472 153.4394
397.3472 158.6646
408.0165 181.2386

Irwin
10
451.1053 220.1575
435.0306 184.1987
408.0165 181.2386
382.7269 197.5835
385.7899 225.4857
397.3472 226.8757
405.2880 215.1640
414.1426 211.9207
426.6265 213.1434
434.6316 216.9658

Tift
6
362.4180 190.6337
382.7269 197.5835
408.0165 181.2386
397.3472 158.6646
386.8324 153.5037
366.8968 151.4188

Worth
13
315.9573 231.5218
335.9701 226.6569
336.6008 226.2450
337.6432 219.6942
340.6677 196.9529
351.6844 198.2399
352.9071 197.8152
357.1284 195.0353
362.4180 190.6337
366.8968 151.4188
318.3382 145.8461
316.3047 163.8384
309.0975 197.5320

Dougherty
6
270.5776 187.9696
309.0975 197.5320
316.3047 163.8384
296.3434 160.6981
255.8028 155.0867
249.2649 185.2927

Calhoun
6
235.7385 183.5552
249.2649 185.2927
255.8028 155.0867
226.7423 151.1356
199.8311 159.1794
197.7977 178.8062

Clay
11
149.8183 200.0803
175.0564 202.5900
179.2736 177.3749
197.7977 178.8062
199.8311 159.1794
180.5647 155.9619
176.6780 154.4304
173.9495 153.5552
170.7578 153.2077
167.6947 158.3686
152.2636 196.8371

Quitman
4
156.3691 235.7174
179.4064 227.6479
175.0564 202.5900
149.8183 200.0803

Quitman
12
214.5673 231.0584
222.3923 231.9979
224.8247 207.5063
229.7539 205.5372
236.0860 193.7611
236.5493 188.0855
236.0860 184.8293
235.7385 183.5552
197.7977 178.8062
179.2736 177.4644
175.0564 202.5900
179.4064 227.6479

Randolph
12
268.1709 199.2180
270.5776 187.9696
249.2649 185.2927
235.7385 183.5552
236.0860 184.8293
236.5493 188.0855
236.0860 193.7611
229.7539 205.5372
224.8247 207.5063
222.3923 231.9979
243.1516 242.4870
259.7925 228.7418

Lee
7
316.9997 242.3068
315.9573 231.5218
309.0975 197.5320
270.5776 187.9696
268.1709 199.2180
259.7925 228.7418
258.9431 235.8332

Crisp
6
309.0975 261.2772
358.1323 267.1974
361.4914 238.4329
335.9701 226.6569
315.9573 231.5218
316.9997 242.3068

Turner
12
361.4914 238.4329
380.0499 239.7586
385.7899 225.4857
382.7269 197.5835
362.4180 190.6337
357.1284 195.0353
352.9071 197.8152
351.6844 198.2399
340.6677 196.9529
337.6432 219.6942
336.6008 226.2450
335.9701 226.6569

Ben_Hill
10
380.0499 239.7586
422.2121 245.5115
449.0718 237.8538
451.1053 220.1575
434.6316 216.9658
426.6265 213.1434
414.1426 211.9207
405.2880 215.1640
397.3472 226.8757
385.7899 225.4857

Coffee
14
449.0718 237.8538
470.4746 246.8371
473.7307 222.9889
502.9585 227.2875
505.4682 208.4458
509.9856 209.0250
511.9032 194.4046
509.9341 176.4124
483.4733 172.8216
481.2854 174.9580
462.5338 178.8062
437.0126 175.8332
435.0306 184.1987
451.1053 220.1575

Bacon
16
516.8324 235.6402
527.6175 229.6685
534.2198 226.2450
543.5634 223.8126
559.6381 215.8589
561.0409 214.3532
562.2507 211.9722
560.4489 211.6891
552.8556 204.3145
553.4347 200.1447
548.1452 193.0662
537.8492 189.2952
511.9032 194.4046
509.9856 209.0250
505.4682 208.4458
502.9585 227.2875

Wayne
14
579.9470 264.3532
591.9418 259.7714
640.7320 225.0224
648.3382 211.8049
636.4592 189.2952
631.4399 191.4960
625.8286 193.3622
619.2134 190.7624
609.1748 187.8538
593.5763 188.9477
592.0705 189.9387
576.8067 204.1472
569.4450 253.7997
574.7217 262.4999

Pierce
14
562.2507 211.9722
576.8067 204.1472
592.0705 189.9387
600.4103 180.1833
600.0757 176.5925
598.2095 174.5076
574.9534 158.7804
574.5416 158.7804
561.4914 160.5308
537.8492 189.2952
548.1452 193.0662
553.4347 200.1447
552.8556 204.3145
560.4489 211.6891

Brantley
22
636.4592 189.2952
635.5197 162.2039
627.7591 150.7753
618.7501 147.9310
616.2533 146.7727
615.3781 145.3699
614.6960 138.6517
596.4721 140.6337
595.2494 129.5012
588.0679 128.5102
561.4914 160.5308
574.5416 158.7804
574.9534 158.7804
598.2095 174.5076
600.0757 176.5925
600.4103 180.1833
592.0705 189.9387
593.5763 188.9477
609.1748 187.8538
619.2134 190.7624
625.8286 193.3622
631.4399 191.4960

Ware
18
511.9032 194.4046
537.8492 189.2952
561.4914 160.5308
588.0679 128.5102
548.0422 123.1048
552.5596  87.1459
586.8453  91.3802
590.9637  90.9169
586.9611  53.9027
557.8363  52.1138
555.4038  57.0430
552.6754  71.7663
549.7668  90.9169
534.5802 112.7315
525.6999 119.3467
520.8221 124.2759
508.1194 145.9490
509.9341 176.4124

Charlton
24
614.6960 138.6517
624.4257 102.2296
608.9045  93.1820
607.6690  75.2541
608.2996  71.8306
610.5132  68.4716
614.8633  62.7830
616.7295  57.6865
616.8324  46.5925
616.0731  35.2412
615.3266  23.7483
599.0847  20.6080
598.1452  20.8010
595.1979  23.1176
592.5338  26.9400
591.1310  30.6466
586.9611  53.9027
590.9637  90.9169
586.8453  91.3802
552.5596  87.1459
548.0422 123.1048
588.0679 128.5102
595.2494 129.5012
596.4721 140.6337

Camden
18
683.9495 143.7611
692.3537  93.6582
690.1658  93.4136
678.0937  91.9593
669.2649  91.5604
652.5724  93.4136
630.4618  98.1627
624.4257 102.2296
614.6960 138.6517
615.3781 145.3699
616.2533 146.7727
618.7501 147.9310
627.7591 150.7753
635.5197 162.2039
636.0473 160.2347
636.4978 159.6041
647.9135 156.1035
654.5930 155.8332

Glynn
14
701.8131 193.2335
683.9495 143.7611
654.5930 155.8332
647.9135 156.1035
636.4978 159.6041
636.0473 160.2347
635.5197 162.2039
636.4592 189.2952
648.3382 211.8049
648.4412 211.2772
656.0345 204.0958
665.7256 198.2399
685.4553 194.4561
699.4836 192.7187

McIntosh
19
660.6291 255.0739
665.2108 253.7483
672.1091 248.9220
675.7127 248.0597
685.8672 252.3583
693.5120 252.0494
697.5789 250.7238
700.1271 249.5012
704.7603 245.6788
705.3395 244.5205
705.5325 239.9387
701.8131 193.2335
699.4836 192.7187
685.4553 194.4561
665.7256 198.2399
656.0345 204.0958
648.4412 211.2772
648.3382 211.8049
640.7320 225.0224

Heard
4
135.4296 474.1086
149.8183 442.0880
110.7192 421.6118
 97.2700 470.1575

Haralson
9
 75.7513 547.2618
 91.7102 548.7547
 99.3549 550.6723
121.5300 552.9375
124.9405 537.7894
124.3614 528.4587
114.6188 517.7251
 93.6149 507.3390
 86.9997 506.7598

Polk
12
118.2739 584.7779
135.3781 584.4304
130.3588 561.8178
120.6419 560.8782
121.5300 552.9375
 99.3549 550.6723
 91.7102 548.7547
 75.7513 547.2618
 72.9071 557.4033
 67.6304 576.3737
 89.9084 578.6389
 89.6638 581.4188

Floyd
16
105.8543 665.8203
118.1580 634.4947
119.0847 626.9529
119.1361 604.4947
116.3562 604.2116
118.2739 584.7779
 89.6638 581.4188
 89.9084 578.6389
 67.6304 576.3737
 58.3511 609.9001
 68.5055 610.9426
 75.6870 626.8242
 82.8170 630.9040
 93.6664 638.9735
 94.7732 642.3326
100.6291 665.2412

Chattooga
9
100.6291 665.2412
 94.7732 642.3326
 93.6664 638.9735
 82.8170 630.9040
 75.6870 626.8242
 68.5055 610.9426
 58.3511 609.9001
 46.9740 648.5230
 44.0268 659.0250

Whitfield
16
110.5647 733.6839
132.8942 736.2965
130.1529 725.6273
121.6458 688.6131
121.2211 683.0919
125.8800 676.0262
107.7076 671.9593
105.7899 688.0854
 89.8440 686.3480
 90.0242 687.7380
 92.2250 694.5333
 93.7307 703.4651
102.2121 706.0134
105.3910 712.5771
110.5004 731.1356
110.1529 733.6196

Catoosa
7
 71.9161 728.8190
110.1529 733.6196
110.5004 731.1356
105.3910 712.5771
102.2121 706.0134
 93.7307 703.4651
 92.2250 694.5333

Walker
15
 71.9161 728.8190
 92.2250 694.5333
 90.0242 687.7380
 89.8440 686.3480
105.7899 688.0854
107.7076 671.9593
105.8543 665.8203
100.6291 665.2412
 44.0268 659.0250
 42.4051 664.7264
 47.4373 673.0018
 51.2082 688.4973
 50.4746 694.7650
 53.5377 713.7225
 58.6986 727.0172

Dade
9
 58.6986 727.0172
 53.5377 713.7225
 50.4746 694.7650
 51.2082 688.4973
 47.4373 673.0018
 42.4051 664.7264
 31.4914 703.2978
 26.2661 723.5938
 44.1297 725.4471

Long
9
606.5107 299.9130
610.0499 295.6144
617.8234 279.8358
618.2224 278.0468
638.0679 262.7187
659.4708 255.0224
660.6291 255.0739
640.7320 225.0224
591.9418 259.7714

Appling
16
553.3189 274.9194
579.9470 264.3532
574.7217 262.4999
569.4450 253.7997
576.8067 204.1472
562.2507 211.9722
561.0409 214.3532
559.6381 215.8589
543.5634 223.8126
534.2198 226.2450
527.6175 229.6685
516.8324 235.6402
513.9881 256.7084
526.3948 258.3815
524.1297 274.9838
523.3446 279.4883

Jeff_Davis
11
523.3446 279.4883
524.1297 274.9838
526.3948 258.3815
513.9881 256.7084
516.8324 235.6402
502.9585 227.2875
473.7307 222.9889
470.4746 246.8371
494.6703 267.4291
507.9521 276.0777
516.3691 279.2695

Stewart
11
207.9521 282.6157
209.2777 282.8602
210.6677 281.6891
211.7745 272.2553
212.7011 261.0584
212.6497 248.9864
214.5673 231.0584
179.4064 227.6479
156.3691 235.7174
155.9830 248.1241
171.0667 277.9181

Webster
13
209.2777 282.8602
213.2288 283.3236
224.8247 275.0095
227.8363 271.3673
234.2198 269.3467
241.5300 270.1704
243.1516 242.4870
222.3923 231.9979
214.5673 231.0584
212.6497 248.9864
212.7011 261.0584
211.7745 272.2553
210.6677 281.6891

Sumter
9
274.2970 290.2219
296.8710 283.2721
309.0975 261.2772
316.9997 242.3068
258.9431 235.8332
259.7925 228.7418
243.1516 242.4870
241.5300 270.1704
241.0667 275.4986

Wilcox
12
394.2584 285.0095
417.1156 253.6196
422.2121 245.5115
380.0499 239.7586
361.4914 238.4329
358.1323 267.1974
356.3176 282.0366
372.7526 284.1987
380.1658 286.3866
382.6754 288.0726
388.4798 288.6646
390.0242 288.3171

Telfair
6
450.4746 297.5835
494.6703 267.4291
470.4746 246.8371
449.0718 237.8538
422.2121 245.5115
417.1156 253.6196

Wheeler
13
475.0177 330.2476
484.4515 329.6813
485.7385 329.4883
486.8968 326.1936
491.8260 309.6041
492.8942 300.7753
497.0512 287.6736
498.4927 285.1382
499.1233 284.0829
507.9521 276.0777
494.6703 267.4291
450.4746 297.5835
455.0564 308.4458

Dodge
11
389.2777 312.2682
414.6831 341.0327
441.4270 298.4072
455.0564 308.4458
450.4746 297.5835
417.1156 253.6196
394.2584 285.0095
397.7333 288.8319
398.1452 290.1704
399.0203 297.9439
385.9573 308.0340

Pulaski
14
389.2777 312.2682
385.9573 308.0340
399.0203 297.9439
398.1452 290.1704
397.7333 288.8319
394.2584 285.0095
390.0242 288.3171
388.4798 288.6646
382.6754 288.0726
380.1658 286.3866
372.7526 284.1987
356.3176 282.0366
351.6329 310.0031
365.4296 330.8268

Dooly
6
351.6329 310.0031
356.3176 282.0366
358.1323 267.1974
309.0975 261.2772
296.8710 283.2721
319.2520 306.1678

Macon
7
291.1954 338.7804
315.7771 335.4728
319.2520 306.1678
296.8710 283.2721
274.2970 290.2219
261.2597 312.4999
286.0216 340.7495

Macon
8
245.6484 314.8808
261.2597 312.4999
274.2970 290.2219
241.0667 275.4986
239.8440 286.3866
241.5815 294.2245
243.9753 297.8795
241.2983 317.0816

Macon
1
245.6484 314.8808

Marion
14
204.9405 332.9246
231.0924 340.6337
241.2983 317.0816
243.9753 297.8795
241.5815 294.2245
239.8440 286.3866
241.0667 275.4986
241.5300 270.1704
234.2198 269.3467
227.8363 271.3673
224.8247 275.0095
213.2288 283.3236
209.2777 282.8602
207.9521 282.6157

Chattahoochee
14
204.9405 332.9246
207.9521 282.6157
171.0667 277.9181
171.4013 278.3943
172.5596 283.6196
171.1696 286.3866
167.7462 289.2438
158.5313 291.7277
157.6561 292.7058
157.3601 294.1086
158.9174 300.0288
173.2674 307.6350
188.5184 311.9851
197.3344 329.3210

Muscogee
9
141.7488 337.7380
166.0602 340.5179
166.5235 336.5153
195.9959 340.1189
197.3344 329.3210
188.5184 311.9851
173.2674 307.6350
158.9174 300.0288
155.0564 322.9375

Taylor
8
249.1362 373.9799
261.8775 365.9233
292.7655 342.9503
286.0216 340.7495
261.2597 312.4999
245.6484 314.8808
241.2983 317.0816
231.0924 340.6337

Talbot
15
216.0087 392.4484
217.2443 392.9246
220.2430 392.2039
229.6381 386.1678
231.8517 383.3364
233.5763 379.9645
233.9238 378.7418
235.1979 377.7508
242.1091 375.1511
249.1362 373.9799
231.0924 340.6337
204.9405 332.9246
197.3344 329.3210
195.9959 340.1189
190.0757 383.0919

Harris
8
167.2829 385.0739
190.0757 383.0919
195.9959 340.1189
166.5235 336.5153
166.0602 340.5179
141.7488 337.7380
131.7230 359.8229
122.8556 379.5655

Troup
6
149.8183 442.0880
160.9637 437.7894
167.2829 385.0739
122.8556 379.5655
111.7102 418.1369
110.7192 421.6118

Carroll
11
124.9405 537.7894
144.1426 534.7779
160.8479 501.9979
156.3305 490.9941
135.4296 474.1086
 97.2700 470.1575
 94.7732 479.1022
 86.9997 506.7598
 93.6149 507.3390
114.6188 517.7251
124.3614 528.4587

Paulding
10
135.3781 584.4304
160.5519 586.8757
162.9328 565.0095
165.1593 565.2927
167.6947 541.8049
144.1426 534.7779
124.9405 537.7894
121.5300 552.9375
120.6419 560.8782
130.3588 561.8178

Murray
15
158.2353 739.4111
161.2468 717.4419
166.4721 713.4394
166.8195 712.9246
166.7681 712.3969
163.8594 707.4033
160.2687 703.4651
158.6471 695.8075
161.8903 671.7277
125.8800 676.0262
121.2211 683.0919
121.6458 688.6131
130.1529 725.6273
132.8942 736.2965
137.5145 736.8757

Gordon
7
125.8800 676.0262
161.8903 671.7277
162.5853 666.0520
165.4296 643.4780
118.1580 634.4947
105.8543 665.8203
107.7076 671.9593

Bartow
8
165.4296 643.4780
171.2854 587.9181
135.3781 584.4304
118.2739 584.7779
116.3562 604.2116
119.1361 604.4947
119.0847 626.9529
118.1580 634.4947

Cobb
12
171.2854 587.9181
204.0010 591.1099
209.5223 578.6389
204.6316 558.4458
203.0744 551.9593
202.2636 549.5655
193.6921 538.7933
188.9817 533.8512
167.6947 541.8049
165.1593 565.2927
162.9328 565.0095
160.5519 586.8757

Douglas
8
144.1426 534.7779
167.6947 541.8049
188.9817 533.8512
180.3845 520.0932
167.3987 511.8692
162.1220 505.7817
161.0152 504.1472
160.8479 501.9979

Coweta
10
156.3305 490.9941
189.4965 493.4136
191.4785 476.2450
200.3459 467.7894
206.5621 460.1318
209.7539 454.7393
209.8569 448.6517
160.9637 437.7894
149.8183 442.0880
135.4296 474.1086

Meriwether
7
211.3112 442.4870
211.4785 406.8371
216.0087 392.4484
190.0757 383.0919
167.2829 385.0739
160.9637 437.7894
209.8569 448.6517

Pike
7
211.3112 442.4870
217.0512 447.4934
224.9920 448.3429
228.1323 445.6273
245.3395 447.5964
246.4077 414.5205
211.4785 406.8371

Upson
15
246.4077 414.5205
267.8105 407.3390
269.3678 393.6453
261.8775 365.9233
249.1362 373.9799
242.1091 375.1511
235.1979 377.7508
233.9238 378.7418
233.5763 379.9645
231.8517 383.3364
229.6381 386.1678
220.2430 392.2039
217.2443 392.9246
216.0087 392.4484
211.4785 406.8371

Crawford
6
269.3678 393.6453
301.3884 397.4806
331.0924 375.0867
331.0924 375.0353
292.7655 342.9503
261.8775 365.9233

Crawford
10
292.7655 342.9503
331.0924 375.0353
331.9289 348.3429
331.7230 346.5024
322.9714 332.9246
320.4232 331.3030
319.0332 330.9941
315.7771 335.4728
291.1954 338.7804
286.0171 340.7471

Houston
13
331.0924 375.0353
331.0924 375.0867
345.9830 372.3583
364.3742 339.1794
365.4296 330.8268
351.6329 310.0031
319.2520 306.1678
315.7771 335.4728
319.0332 330.9941
320.4232 331.3030
322.9714 332.9246
331.7230 346.5024
331.9289 348.3429

Bleckley
5
414.6831 341.0327
389.2777 312.2682
365.4296 330.8268
364.3742 339.1794
398.9560 365.9876

Laurens
11
398.9560 365.9876
433.3575 391.5089
446.1889 394.5848
457.4373 391.2772
475.3524 381.2257
476.5750 366.5668
480.5776 365.2154
475.0177 330.2476
455.0564 308.4458
441.4270 298.4072
414.6831 341.0327

Wilkinson
13
373.3318 419.9902
398.3768 435.8332
400.4618 437.5578
402.5467 437.4420
411.9032 428.6389
419.3678 416.3866
425.5969 414.2373
427.9135 412.7959
431.6201 406.9786
433.5892 400.1575
433.3575 391.5089
398.9560 365.9876
367.1156 414.4690

Twiggs
8
353.6664 403.6968
367.1156 414.4690
398.9560 365.9876
364.3742 339.1794
345.9830 372.3583
346.9869 384.8937
355.9186 396.4381
357.3601 400.6723

Bibb
12
324.1941 417.9568
326.9869 412.2811
332.7784 408.2013
341.0538 409.2438
345.8800 408.1498
353.6664 403.6968
357.3601 400.6723
355.9186 396.4381
346.9869 384.8937
345.9830 372.3583
331.0924 375.0867
301.3884 397.4806

Baldwin
19
379.0075 464.6492
381.8517 464.9323
404.0010 461.9979
404.4386 461.3416
404.5287 460.3634
404.3614 459.0250
403.6020 458.4973
403.0872 457.1073
402.5467 450.9555
402.9714 449.5784
405.8800 445.2154
409.3292 448.1241
411.8389 451.1871
411.9032 428.6389
402.5467 437.4420
400.4618 437.5578
398.3768 435.8332
373.3318 419.9902
357.7848 461.5218

Jones
11
357.7848 461.5218
373.3318 419.9902
367.1156 414.4690
353.6664 403.6968
345.8800 408.1498
341.0538 409.2438
332.7784 408.2013
326.9869 412.2811
324.1941 417.9568
305.8672 445.6788
342.1220 457.1073

Monroe
9
273.4476 453.4651
304.0139 453.5810
305.8672 445.6788
324.1941 417.9568
301.3884 397.4806
269.3678 393.6453
267.8105 407.3390
277.3601 408.3815
278.4154 411.2901

Lamar
7
273.4476 453.4651
278.4154 411.2901
277.3601 408.3815
267.8105 407.3390
246.4077 414.5205
245.3395 447.5964
262.1220 452.0623

Spalding
11
222.8556 472.3197
227.4373 472.8860
263.0486 468.1884
262.1220 452.0623
245.3395 447.5964
228.1323 445.6273
224.9920 448.3429
217.0512 447.4934
211.3112 442.4870
209.8569 448.6517
209.7539 454.7393

Fayette
7
189.4965 493.4136
209.1748 503.9928
222.8556 472.3197
209.7539 454.7393
206.5621 460.1318
200.3459 467.7894
191.4785 476.2450

Clayton
11
231.3884 522.8345
234.2842 520.5179
235.6226 512.4484
235.7771 506.9400
233.9881 487.6221
232.8298 486.1163
226.2790 483.1434
227.4373 472.8860
222.8556 472.3197
209.1748 503.9928
221.9804 521.8435

Butts
6
284.3356 496.6054
294.3742 483.9671
304.0139 453.5810
273.4476 453.4651
262.1220 452.0623
263.0486 468.1884

Henry
12
231.3884 522.8345
244.6574 524.2888
266.3047 506.9400
284.3356 496.6054
263.0486 468.1884
227.4373 472.8860
226.2790 483.1434
232.8298 486.1163
233.9881 487.6221
235.7771 506.9400
235.6226 512.4484
234.2842 520.5179

DeKalb
11
225.6355 574.3403
264.3228 544.7393
260.3845 539.8229
252.4952 522.8345
244.6574 524.2888
231.3884 522.8345
221.9804 521.8435
220.5905 534.0829
219.4836 544.1215
219.3292 545.6916
215.9573 573.6968

Fulton
23
223.3704 612.4484
248.0808 592.7830
225.6355 574.3403
215.9573 573.6968
219.3292 545.6916
219.4836 544.1215
220.5905 534.0829
221.9804 521.8435
209.1748 503.9928
189.4965 493.4136
156.3305 490.9941
160.8479 501.9979
161.0152 504.1472
162.1220 505.7817
167.3987 511.8692
180.3845 520.0932
188.9817 533.8512
193.6921 538.7933
202.2636 549.5655
203.0744 551.9593
204.6316 558.4458
209.5223 578.6389
204.0010 591.1099

Cherokee
6
219.5995 644.7650
220.3588 637.1588
223.3704 612.4484
204.0010 591.1099
171.2854 587.9181
165.4296 643.4780

Pickens
9
162.5853 666.0520
175.2237 667.8538
200.7449 670.6337
203.9367 673.4265
204.2327 671.0327
209.3936 658.0983
217.9135 659.0764
219.5995 644.7650
165.4296 643.4780

Dawson
10
222.8556 685.0224
224.2970 682.6414
256.3305 655.7302
261.1439 642.0366
220.3588 637.1588
219.5995 644.7650
217.9135 659.0764
209.3936 658.0983
204.2327 671.0327
203.9367 673.4265

Forsyth
5
220.3588 637.1588
261.1439 642.0366
250.2816 612.7573
248.0808 592.7830
223.3704 612.4484

Gwinnett
7
284.3871 610.2991
291.1954 577.9568
269.3163 550.9683
264.3228 544.7393
225.6355 574.3403
248.0808 592.7830
250.2816 612.7573

Rockdale
7
279.3549 545.2283
266.3047 506.9400
244.6574 524.2888
252.4952 522.8345
260.3845 539.8229
264.3228 544.7393
269.3163 550.9683

Jasper
6
337.9907 500.7367
342.1220 457.1073
305.8672 445.6788
304.0139 453.5810
294.3742 483.9671
315.7256 513.2592

Newton
6
279.3549 545.2283
314.3871 524.9709
315.7256 513.2592
294.3742 483.9671
284.3356 496.6054
266.3047 506.9400

Walton
6
291.1954 577.9568
312.3537 576.7212
333.4733 564.5977
314.3871 524.9709
279.3549 545.2283
269.3163 550.9683

Barrow
10
284.3871 610.2991
289.7410 603.5810
292.0576 602.1266
304.8762 599.5655
308.1709 599.9773
319.4193 599.9259
321.0023 598.9864
325.9315 588.5488
312.3537 576.7212
291.1954 577.9568

Jackson
17
339.0847 629.2824
348.3125 604.1086
325.9315 588.5488
321.0023 598.9864
319.4193 599.9259
308.1709 599.9773
304.8762 599.5655
292.0576 602.1266
289.7410 603.5810
284.3871 610.2991
307.5403 641.5732
311.7745 638.1498
314.5673 636.3480
316.1889 635.7689
322.0963 636.9272
327.1413 638.5616
335.6226 632.2296

Clarke
9
348.3125 604.1086
363.0615 599.1022
361.9547 599.0507
361.1954 591.3416
361.3112 590.8654
361.9547 589.4239
367.5789 583.7483
364.1040 573.8126
325.9315 588.5488

Oconee
6
312.3537 576.7212
325.9315 588.5488
364.1040 573.8126
365.3138 559.4368
349.6510 546.6826
333.4733 564.5977

Morgan
6
349.6510 546.6826
371.5943 513.4394
337.9907 500.7367
315.7256 513.2592
314.3871 524.9709
333.4733 564.5977

Putnam
15
337.9907 500.7367
371.5943 513.4394
390.2558 494.4046
392.2378 493.2978
393.2546 492.3840
393.5120 491.8564
392.3537 486.3995
386.8324 481.9979
383.0615 480.0288
380.2172 476.8885
378.7114 466.9786
378.7629 465.2927
379.0075 464.6492
357.7848 461.5218
342.1220 457.1073

Hancock
36
430.9122 514.8293
435.3266 512.5642
442.6368 494.1215
448.4412 485.3570
449.8183 482.9889
445.7642 482.3969
436.3305 474.1086
434.9277 471.3158
433.8208 466.5668
432.8813 463.8255
431.4528 461.9336
417.8620 452.0623
411.8389 451.1871
409.3292 448.1241
405.8800 445.2154
402.9714 449.5784
402.5467 450.9555
403.0872 457.1073
403.6020 458.4973
404.3614 459.0250
404.5287 460.3634
404.4386 461.3416
404.0010 461.9979
381.8517 464.9323
379.0075 464.6492
378.7629 465.2927
378.7114 466.9786
380.2172 476.8885
383.0615 480.0288
386.8324 481.9979
392.3537 486.3995
393.5120 491.8564
393.2546 492.3840
392.2378 493.2978
390.2558 494.4046
408.3511 516.0391

Taliaferro
13
411.0924 560.8782
421.1181 545.6916
423.0872 543.5938
423.3833 543.5938
440.2044 545.3956
450.7578 544.0057
446.2919 537.1073
433.4733 525.8976
428.9560 518.8319
428.7758 518.1369
430.9122 514.8293
408.3511 516.0391
405.6226 553.4523

Greene
6
405.6226 553.4523
408.3511 516.0391
390.2558 494.4046
371.5943 513.4394
349.6510 546.6826
365.3138 559.4368

Oglethorpe
22
400.2945 611.6376
428.6471 603.3364
420.0757 596.9014
417.2957 593.5423
409.9856 580.2476
404.8118 568.8319
404.7603 568.0211
411.0924 560.8782
405.6226 553.4523
365.3138 559.4368
364.1040 573.8126
367.5789 583.7483
361.9547 589.4239
361.3112 590.8654
361.1954 591.3416
361.9547 599.0507
363.0615 599.1022
378.8788 609.2051
379.8697 609.3210
381.8517 608.1627
389.2777 606.0005
391.1310 605.7817

Wilkes
15
428.6471 603.3364
446.4077 608.1627
477.1542 554.3918
454.7089 546.0391
450.7578 544.0057
440.2044 545.3956
423.3833 543.5938
423.0872 543.5938
421.1181 545.6916
411.0924 560.8782
404.7603 568.0211
404.8118 568.8319
409.9856 580.2476
417.2957 593.5423
420.0757 596.9014

Warren
18
454.7089 546.0391
463.0615 529.4497
475.5969 506.1292
481.6715 504.2759
497.9779 502.2425
492.2893 495.1640
482.3150 498.5874
473.5634 501.3030
469.4965 499.7972
448.4412 485.3570
442.6368 494.1215
435.3266 512.5642
430.9122 514.8293
428.7758 518.1369
428.9560 518.8319
433.4733 525.8976
446.2919 537.1073
450.7578 544.0057

McDuffie
14
484.2970 557.2875
483.0744 555.6015
482.9585 553.4008
485.2237 540.3634
494.3356 527.6350
506.7423 512.6801
509.2262 511.0584
502.0963 502.8860
497.9779 502.2425
481.6715 504.2759
475.5969 506.1292
463.0615 529.4497
454.7089 546.0391
477.1542 554.3918

Glascock
11
448.4412 485.3570
469.4965 499.7972
473.5634 501.3030
482.3150 498.5874
492.2893 495.1640
487.5403 490.2862
473.7822 475.0867
474.2455 473.5295
475.3524 466.5024
464.2713 466.1550
449.8183 482.9889

Jefferson
28
497.9779 502.2425
502.0963 502.8860
514.9019 497.1846
515.6741 497.0172
516.8324 496.0906
520.6033 491.9079
517.7591 478.3300
516.8324 471.0327
516.6008 462.9632
517.6432 458.8577
519.2005 454.1472
522.1606 442.7315
520.4360 432.6414
518.5827 425.0996
504.1297 410.5951
490.7320 418.7676
487.6561 436.9400
481.4528 449.7457
481.0409 449.6942
475.9959 452.2940
470.3717 456.5925
468.1066 459.6170
464.2713 466.1550
475.3524 466.5024
474.2455 473.5295
473.7822 475.0867
487.5403 490.2862
492.2893 495.1640

Washington
27
464.2713 466.1550
468.1066 459.6170
470.3717 456.5925
475.9959 452.2940
481.0409 449.6942
481.4528 449.7457
487.6561 436.9400
490.7320 418.7676
479.1233 412.9632
471.5686 409.4368
456.3948 409.2438
452.3279 411.2257
433.5892 400.1575
431.6201 406.9786
427.9135 412.7959
425.5969 414.2373
419.3678 416.3866
411.9032 428.6389
411.8389 451.1871
417.8620 452.0623
431.4528 461.9336
432.8813 463.8255
433.8208 466.5668
434.9277 471.3158
436.3305 474.1086
445.7642 482.3969
449.8183 482.9889

Johnson
13
504.1297 410.5951
480.5776 365.2154
476.5750 366.5668
475.3524 381.2257
457.4373 391.2772
446.1889 394.5848
433.3575 391.5089
433.5892 400.1575
452.3279 411.2257
456.3948 409.2438
471.5686 409.4368
479.1233 412.9632
490.7320 418.7676

Treutlen
9
480.5776 365.2154
501.4656 365.7431
505.1207 364.7006
517.3472 359.6041
518.6857 358.4458
518.3897 350.2734
517.2314 343.7611
484.4515 329.6813
475.0177 330.2476

Montgomery
11
517.2314 343.7611
516.3691 279.2695
507.9521 276.0777
499.1233 284.0829
498.4927 285.1382
497.0512 287.6736
492.8942 300.7753
491.8260 309.6041
486.8968 326.1936
485.7385 329.4883
484.4515 329.6813

Toombs
6
517.2314 343.7611
542.4695 341.5089
551.9804 313.0275
553.3189 274.9194
523.3446 279.4883
516.3691 279.2695

Liberty
43
614.4000 306.6440
619.3292 314.3532
631.2726 308.9091
655.9315 300.6208
666.1374 297.1202
667.2957 295.1640
671.7745 284.4819
672.0448 283.3236
672.0062 282.8602
673.4991 281.5218
684.0010 273.8126
699.9084 266.0906
700.7706 265.8203
700.2687 264.5848
703.0872 262.0366
706.8582 260.9426
707.7333 261.4574
707.9521 262.2553
708.3125 262.4999
709.7024 262.7830
710.9251 262.3197
711.9032 255.4728
712.4824 250.3634
710.1014 241.0970
708.7114 238.4329
707.9006 238.2528
705.5325 239.9387
705.3395 244.5205
704.7603 245.6788
700.1271 249.5012
697.5789 250.7238
693.5120 252.0494
685.8672 252.3583
675.7127 248.0597
672.1091 248.9220
665.2108 253.7483
660.6291 255.0739
659.4708 255.0224
638.0679 262.7187
618.2224 278.0468
617.8234 279.8358
610.0499 295.6144
606.5107 299.9130

Evans
7
572.1735 339.1794
580.2301 338.6775
609.0075 323.4008
619.3292 314.3532
614.4000 306.6440
596.6394 304.3789
583.2417 307.6350

Tattnall
10
542.4695 341.5089
572.1735 339.1794
583.2417 307.6350
596.6394 304.3789
614.4000 306.6440
606.5107 299.9130
591.9418 259.7714
579.9470 264.3532
553.3189 274.9194
551.9804 313.0275

Candler
11
565.1464 381.8821
573.9624 378.8577
583.5892 363.7740
581.4013 342.6672
580.2301 338.6775
572.1735 339.1794
542.4695 341.5089
539.6767 348.3429
545.8929 368.1241
549.2520 376.4896
557.7848 384.3789

Emanuel
17
542.7140 424.6749
567.4631 393.6453
565.1464 381.8821
557.7848 384.3789
549.2520 376.4896
545.8929 368.1241
539.6767 348.3429
542.4695 341.5089
517.2314 343.7611
518.3897 350.2734
518.6857 358.4458
517.3472 359.6041
505.1207 364.7006
501.4656 365.7431
480.5776 365.2154
504.1297 410.5951
518.5827 425.0996

Chatham
23
698.0937 348.9349
698.8144 345.6916
700.1271 339.0636
701.9289 331.8692
702.5724 331.2386
710.4103 328.2142
736.2147 323.3493
741.0280 322.8216
742.3537 322.5900
743.0486 320.5694
743.0486 319.1151
742.5338 316.5668
741.0795 313.1434
717.8234 275.6659
716.7809 274.2116
710.2687 266.7470
709.2906 266.2837
706.1117 266.9658
701.4656 281.0584
695.0306 297.9439
678.9560 308.6775
667.4116 318.9606
664.4386 322.3583

Bryan
20
609.0075 323.4008
654.6574 345.3313
664.4386 322.3583
667.4116 318.9606
678.9560 308.6775
695.0306 297.9439
701.4656 281.0584
706.1117 266.9658
700.7706 265.8203
699.9084 266.0906
684.0010 273.8126
673.4991 281.5218
672.0062 282.8602
672.0448 283.3236
671.7745 284.4819
667.2957 295.1640
666.1374 297.1202
655.9315 300.6208
631.2726 308.9091
619.3292 314.3532

Bulloch
10
588.5184 403.9284
632.9457 383.7869
654.6574 345.3313
609.0075 323.4008
580.2301 338.6775
581.4013 342.6672
583.5892 363.7740
573.9624 378.8577
565.1464 381.8821
567.4631 393.6453

Jenkins
11
542.7140 424.6749
542.1220 425.7817
543.9109 436.8113
548.9174 443.1434
578.8273 453.6839
583.4862 453.0018
589.4450 451.0713
590.8993 450.0417
592.1735 448.2914
588.5184 403.9284
567.4631 393.6453

Effingham
9
652.0448 404.6234
666.5493 398.8190
669.2134 397.8281
681.5686 387.6221
696.2919 357.7508
698.0937 348.9349
664.4386 322.3583
654.6574 345.3313
632.9457 383.7869

Screven
6
592.1735 448.2914
619.6767 475.4471
646.0602 428.8705
652.0448 404.6234
632.9457 383.7869
588.5184 403.9284

Burke
32
514.9019 497.1846
527.4373 503.9928
528.3640 503.9284
532.8942 501.3030
533.8723 499.3467
542.0576 496.2064
555.4038 496.3223
566.7681 503.6324
572.2378 502.3068
585.1464 492.5514
608.2996 481.7019
619.6767 475.4471
592.1735 448.2914
590.8993 450.0417
589.4450 451.0713
583.4862 453.0018
578.8273 453.6839
548.9174 443.1434
543.9109 436.8113
542.1220 425.7817
542.7140 424.6749
518.5827 425.0996
520.4360 432.6414
522.1606 442.7315
519.2005 454.1472
517.6432 458.8577
516.6008 462.9632
516.8324 471.0327
517.7591 478.3300
520.6033 491.9079
516.8324 496.0906
515.6741 497.0172

Richmond
17
540.8479 547.7251
543.1001 545.6273
544.2713 544.5205
550.7706 538.3686
559.9727 527.6350
563.2288 515.0610
572.2378 502.3068
566.7681 503.6324
555.4038 496.3223
542.0576 496.2064
533.8723 499.3467
532.8942 501.3030
528.3640 503.9284
527.4373 503.9928
514.9019 497.1846
502.0963 502.8860
509.2262 511.0584

Columbia
10
511.5557 567.2618
527.4373 553.4008
540.8479 547.7251
509.2262 511.0584
506.7423 512.6801
494.3356 527.6350
485.2237 540.3634
482.9585 553.4008
483.0744 555.6015
484.2970 557.2875

Lincoln
12
446.4077 608.1627
458.1323 604.9580
478.6600 592.7315
479.5223 592.4999
481.4528 593.2463
482.0834 593.1949
493.9238 587.2232
497.5145 584.6620
506.0473 577.6479
511.5557 567.2618
484.2970 557.2875
477.1542 554.3918

Elbert
8
423.2031 656.6569
428.3125 643.3622
452.4437 613.6067
458.1323 604.9580
446.4077 608.1627
428.6471 603.3364
400.2945 611.6376
382.4309 640.0674

Madison
12
376.5621 647.1331
382.4309 640.0674
400.2945 611.6376
391.1310 605.7817
389.2777 606.0005
381.8517 608.1627
379.8697 609.3210
378.8788 609.2051
363.0615 599.1022
348.3125 604.1086
339.0847 629.2824
344.9019 634.4947

Banks
12
333.8852 672.9503
344.9019 634.4947
339.0847 629.2824
335.6226 632.2296
327.1413 638.5616
322.0963 636.9272
316.1889 635.7689
314.5673 636.3480
311.7745 638.1498
307.5403 641.5732
305.3395 664.1472
325.1078 675.1640

Hall
8
296.7552 675.2154
305.3395 664.1472
307.5403 641.5732
284.3871 610.2991
250.2816 612.7573
261.1439 642.0366
256.3305 655.7302
272.8556 672.4226

Lumpkin
7
266.4721 708.1112
272.8556 672.4226
256.3305 655.7302
224.2970 682.6414
227.5017 690.8139
237.8749 692.8988
249.0075 703.3493

Gilmer
19
161.2468 717.4419
187.0126 720.4535
194.7217 719.5784
200.6419 715.8589
203.7822 713.5037
213.3446 700.6852
221.4013 688.9735
222.8556 685.0224
203.9367 673.4265
200.7449 670.6337
175.2237 667.8538
162.5853 666.0520
161.8903 671.7277
158.6471 695.8075
160.2687 703.4651
163.8594 707.4033
166.7681 712.3969
166.8195 712.9246
166.4721 713.4394

Fannin
20
198.4283 744.3531
224.2584 747.3776
218.8659 741.6247
218.3768 740.6981
218.5055 739.8358
226.4463 717.4419
229.0075 715.7688
231.5557 716.5668
230.9251 699.1150
227.5017 690.8139
224.2970 682.6414
222.8556 685.0224
221.4013 688.9735
213.3446 700.6852
203.7822 713.5037
200.6419 715.8589
194.7217 719.5784
187.0126 720.4535
161.2468 717.4419
158.2353 739.4111

Union
21
240.8865 749.4625
250.1271 750.6723
249.3163 747.6093
253.6149 743.4909
261.8389 738.8448
265.7642 739.1408
269.7282 736.8757
274.6574 725.3313
275.2365 721.1614
266.4721 708.1112
249.0075 703.3493
237.8749 692.8988
227.5017 690.8139
230.9251 699.1150
231.5557 716.5668
229.0075 715.7688
226.4463 717.4419
218.5055 739.8358
218.3768 740.6981
218.8659 741.6247
224.2584 747.3776

White
9
275.2365 721.1614
288.3382 724.1215
295.4811 720.0031
296.4077 718.4329
297.3344 714.2502
302.5467 682.6414
296.7552 675.2154
272.8556 672.4226
266.4721 708.1112

Habersham
11
291.8260 728.3428
334.3871 715.9876
337.0641 711.5217
325.1078 675.1640
305.3395 664.1472
296.7552 675.2154
302.5467 682.6414
297.3344 714.2502
296.4077 718.4329
295.4811 720.0031
288.3382 724.1215

Hart
13
379.8183 684.5591
388.2353 683.3879
389.7410 684.1472
389.8569 684.1987
395.2623 685.5372
400.1271 686.1807
402.9714 685.3699
404.3614 684.3145
404.3099 683.8641
408.8273 676.8885
423.2031 656.6569
382.4309 640.0674
376.5621 647.1331

Franklin
8
371.5042 690.3506
379.8183 684.5591
376.5621 647.1331
344.9019 634.4947
333.8852 672.9503
336.6008 674.6234
337.6432 674.9838
363.2288 679.6170

Stephens
7
337.0641 711.5217
371.5042 690.3506
363.2288 679.6170
337.6432 674.9838
336.6008 674.6234
333.8852 672.9503
325.1078 675.1640

