505 800

Houston
28
432.0509 216.9022
475.9901 220.9022
474.5676 216.7441
473.6436 212.6833
475.5038 201.5587
476.8655 198.3854
478.0205 197.7289
479.1755 197.7289
480.1725 197.4493
486.5068 190.4827
487.5038 188.6955
488.9506 185.5708
492.8776 174.2152
428.1117 166.3368
427.0661 178.7623
424.9141 197.9477
411.7105 195.6985
395.0539 193.9477
399.7834 205.8383
400.5372 206.4949
403.6618 207.5283
405.9111 207.6377
408.0387 207.5283
412.5859 206.4462
416.0509 205.5101
422.0813 204.9508
424.1117 205.1332
432.5980 212.4158

Henry
13
426.8473 264.4158
425.3640 278.0693
451.8807 280.3672
452.5859 281.5708
454.6162 287.6499
458.1299 292.0876
458.7986 292.4766
459.5524 292.4766
461.8017 291.7715
463.0661 290.6651
477.6436 254.3246
475.9901 220.9022
432.0509 216.9022

Geneva
10
384.3184 192.9629
395.0539 193.9477
411.7105 195.6985
424.9141 197.9477
427.0661 178.7623
428.1117 166.3368
426.7743 166.1058
355.1755 157.8262
334.8351 155.8079
330.8473 186.6651

Dale
16
382.9445 259.3702
426.8473 264.4158
432.0509 216.9022
432.5980 212.4158
424.1117 205.1332
422.0813 204.9508
416.0509 205.5101
412.5859 206.4462
408.0387 207.5283
405.9111 207.6377
403.6618 207.5283
400.5372 206.4949
399.7834 205.8383
395.0539 193.9477
384.3184 192.9629
377.5342 258.7745

Coffee
8
377.5342 258.7745
384.3184 192.9629
330.8473 186.6651
326.7378 225.3398
325.1938 239.3824
330.2394 239.9174
331.8199 241.2304
330.2394 253.7289

Covington
14
284.8655 234.4949
298.0205 236.1484
311.3701 237.7289
313.8381 237.9356
314.3974 235.6499
315.4430 226.6164
317.6922 224.5739
326.7378 225.3398
330.8473 186.6651
334.8351 155.8079
307.9293 153.0724
267.6983 149.2183
263.2606 179.8566
258.0205 231.5891

Mobile
26
 93.8868 159.6985
 94.9810 157.5101
 97.8989 145.1210
101.8989 123.8322
 96.1847 113.2791
 92.4035  98.4949
 92.1482  95.1514
 94.4339  89.6195
 97.3518  84.0146
 95.4187  84.6833
 94.9202  84.3550
 88.7439  77.7897
 85.0114  54.8231
 73.2302  32.0876
 65.4005  34.5921
 54.4339  34.8110
 51.4309  34.3125
 50.0084  33.8262
 47.4795  31.1514
 47.4795  31.0906
 40.5251  88.1240
 35.4916 129.0116
 33.1695 147.1149
 46.8108 148.1970
 60.2454 152.4037
 87.4795 156.2456

Baldwin
38
119.8078 183.1514
140.4278 176.6225
146.1178 138.2152
143.0904 117.2304
144.8533 114.2395
158.4947  99.3702
162.7865  96.4158
163.5403  96.1362
165.7895  95.7471
170.3366  93.4006
176.3670  89.6681
178.0084  86.9812
178.4947  85.1210
178.7135  82.5435
177.3518  48.2943
175.5403  31.1514
166.8837  27.2487
148.6345  20.7927
129.5099  15.9660
124.4157  15.1514
107.6497  14.0937
106.9932  14.9690
113.9476  17.4979
132.1360  29.1210
108.0266  78.0572
106.2758  80.5131
105.4612  81.1696
 99.2120  83.4189
 97.3518  84.0146
 94.4339  89.6195
 92.1482  95.1514
 92.4035  98.4949
 96.1847 113.2791
101.8989 123.8322
 97.8989 145.1210
 94.9810 157.5101
 93.8868 159.6985
 97.0236 164.7441

Escambia
17
263.2606 179.8566
267.6983 149.2183
254.8351 148.2456
204.4157 143.7471
146.1178 138.2152
140.4278 176.6225
148.2454 174.6043
149.5707 175.1514
157.0114 180.4037
165.3397 181.3642
253.7287 189.7775
253.5099 188.7441
253.3640 181.8991
253.5099 180.4766
253.9597 179.8566
255.0418 178.9326
261.1208 178.7623

Conecuh
23
258.0205 231.5891
263.2606 179.8566
261.1208 178.7623
255.0418 178.9326
253.9597 179.8566
253.5099 180.4766
253.3640 181.8991
253.5099 188.7441
253.7287 189.7775
165.3397 181.3642
165.4005 182.2639
166.2880 184.4037
180.7439 204.9143
188.8533 214.0085
198.3366 241.7897
198.7257 244.6347
212.3670 256.9629
223.5889 263.1514
226.6163 264.6347
227.4308 264.7441
229.1451 245.9964
236.2090 232.6955
239.7105 230.0572

Washington
22
 21.6071 238.0572
 71.4795 242.3368
 71.6375 235.6985
 74.0084 227.1028
 80.8533 221.2304
 82.6649 220.1362
 88.1968 218.2152
 93.1330 216.9751
 98.3366 212.1970
102.1056 196.9629
102.2758 195.9781
101.8989 190.8718
100.6223 186.0572
 97.9476 183.2608
 95.5889 180.0876
 93.7287 173.7775
 97.0236 164.7441
 93.8868 159.6985
 87.4795 156.2456
 60.2454 152.4037
 46.8108 148.1970
 33.1695 147.1149

Choctaw
15
 19.6375 334.1666
 84.2576 339.8201
 78.1178 338.9447
 74.7014 336.8049
 72.9020 334.8353
 62.8837 297.4614
 63.4916 291.6985
 64.1482 290.1180
 65.1208 289.0359
 66.2150 288.4158
 69.6193 288.0268
 71.4795 242.3368
 21.6071 238.0572
 18.4339 268.7927
 19.3214 321.3520

Clarke
36
123.2120 292.8049
147.5403 269.4006
145.4612 266.8839
140.6831 247.9903
142.6527 226.9812
144.3670 211.6499
143.3822 206.8839
140.5737 203.1514
138.9810 202.2152
137.2302 202.4949
134.4339 204.6468
132.8047 204.5131
131.3214 203.9660
119.0661 193.5587
116.7926 187.8687
116.7926 187.1514
117.1330 185.5101
117.6193 184.5860
119.8078 183.1514
 97.0236 164.7441
 93.7287 173.7775
 95.5889 180.0876
 97.9476 183.2608
100.6223 186.0572
101.8989 190.8718
102.2758 195.9781
102.1056 196.9629
 98.3366 212.1970
 93.1330 216.9751
 88.1968 218.2152
 82.6649 220.1362
 80.8533 221.2304
 74.0084 227.1028
 71.6375 235.6985
 71.4795 242.3368
 69.6193 288.0268

Monroe
36
226.1178 276.9022
227.4308 264.7441
226.6163 264.6347
223.5889 263.1514
212.3670 256.9629
198.7257 244.6347
198.3366 241.7897
188.8533 214.0085
180.7439 204.9143
166.2880 184.4037
165.4005 182.2639
165.3397 181.3642
157.0114 180.4037
149.5707 175.1514
148.2454 174.6043
140.4278 176.6225
119.8078 183.1514
117.6193 184.5860
117.1330 185.5101
116.7926 187.1514
116.7926 187.8687
119.0661 193.5587
131.3214 203.9660
132.8047 204.5131
134.4339 204.6468
137.2302 202.4949
138.9810 202.2152
140.5737 203.1514
143.3822 206.8839
144.3670 211.6499
142.6527 226.9812
140.6831 247.9903
145.4612 266.8839
147.5403 269.4006
183.0053 273.0116
202.2880 274.4341

Wilcox
18
145.2424 337.9477
148.7926 338.8961
149.6193 338.3976
165.9962 326.9447
187.1026 307.4918
222.8837 310.9447
230.6649 298.1180
226.1178 276.9022
202.2880 274.4341
183.0053 273.0116
147.5403 269.4006
123.2120 292.8049
128.6953 295.5526
127.0418 315.3702
138.6041 335.7471
139.7105 337.6316
140.9020 338.0693
143.1998 338.2274

Butler
12
230.6649 298.1180
284.7074 303.8201
288.9263 265.2304
289.5220 255.5405
282.7865 254.8353
284.8655 234.4949
258.0205 231.5891
239.7105 230.0572
236.2090 232.6955
229.1451 245.9964
227.4308 264.7441
226.1178 276.9022

Crenshaw
20
318.5676 307.6012
330.2394 253.7289
331.8199 241.2304
330.2394 239.9174
325.1938 239.3824
326.7378 225.3398
317.6922 224.5739
315.4430 226.6164
314.3974 235.6499
313.8381 237.9356
311.3701 237.7289
298.0205 236.1484
284.8655 234.4949
282.7865 254.8353
289.5220 255.5405
288.9263 265.2304
284.7074 303.8201
288.8655 317.8505
302.3974 319.3824
304.0023 305.8383

Pike
11
342.8351 323.4797
348.2576 325.7411
354.0205 325.2426
356.4764 324.3672
362.8351 312.3672
372.8047 299.6985
390.4582 301.6316
382.9445 259.3702
377.5342 258.7745
330.2394 253.7289
318.5676 307.6012

Bullock
19
413.8503 360.2699
418.4582 346.8231
416.3305 345.4614
417.4734 331.7593
418.3488 326.0085
407.5524 322.3976
397.1573 318.4949
391.1269 306.6651
390.3488 302.8718
390.4582 301.6316
372.8047 299.6985
362.8351 312.3672
356.4764 324.3672
354.0205 325.2426
348.2576 325.7411
342.8351 323.4797
349.3518 359.4918
357.4248 354.1787
358.5068 353.7897

Macon
13
373.2424 412.9265
373.5220 410.7259
401.9597 400.4280
408.5980 401.1939
410.7378 387.6012
413.8503 360.2699
358.5068 353.7897
357.4248 354.1787
349.3518 359.4918
333.2910 380.8049
350.0691 394.1180
361.6922 395.5526
365.6436 409.7897

Lowndes
10
230.5555 357.8991
234.1421 366.0572
234.5555 366.7866
240.3549 367.8201
256.0874 369.6803
272.3062 362.6043
288.8655 317.8505
284.7074 303.8201
230.6649 298.1180
222.8837 310.9447

Montgomery
17
282.5676 373.9599
300.6345 390.3490
302.1178 390.1787
304.0509 389.5100
305.0843 388.8170
311.3336 382.0693
310.7257 381.0237
321.1330 379.0541
330.2394 378.2882
333.2910 380.8049
349.3518 359.4918
342.8351 323.4797
318.5676 307.6012
304.0023 305.8383
302.3974 319.3824
288.8655 317.8505
272.3062 362.6043

Elmore
20
329.8503 433.4128
346.0205 435.0541
346.3974 434.8961
346.6770 432.8049
345.4612 428.2091
349.2059 395.8201
349.6314 394.5678
350.0691 394.1180
333.2910 380.8049
330.2394 378.2882
321.1330 379.0541
310.7257 381.0237
311.3336 382.0693
305.0843 388.8170
304.0509 389.5100
302.1178 390.1787
300.6345 390.3490
282.5676 373.9599
277.5707 420.4766
281.5220 428.3186

Autauga
12
277.5707 420.4766
282.5676 373.9599
272.3062 362.6043
256.0874 369.6803
240.3549 367.8201
234.5555 366.7866
234.1421 366.0572
230.5555 357.8991
212.3184 407.2122
225.5099 407.8809
238.9932 409.4128
238.2515 416.3064

Dallas
17
198.1178 416.1605
212.3184 407.2122
230.5555 357.8991
222.8837 310.9447
187.1026 307.4918
165.9962 326.9447
149.6193 338.3976
148.7926 338.8961
145.2424 337.9477
144.5372 344.6468
151.2606 345.2912
148.5859 372.6468
171.3214 374.9325
189.2302 377.3034
190.2880 379.5404
193.8503 391.9173
195.8685 401.4249

Marengo
31
 96.9141 374.6651
107.7591 375.6012
108.4643 368.7441
135.3214 371.3216
144.5372 344.6468
145.2424 337.9477
143.1998 338.2274
140.9020 338.0693
139.7105 337.6316
138.6041 335.7471
127.0418 315.3702
128.6953 295.5526
123.2120 292.8049
 69.6193 288.0268
 66.2150 288.4158
 65.1208 289.0359
 64.1482 290.1180
 63.4916 291.6985
 62.8837 297.4614
 72.9020 334.8353
 74.7014 336.8049
 78.1178 338.9447
 84.2576 339.8201
 78.4825 344.6468
 68.4157 348.4888
 68.1360 349.4128
 68.3670 355.7107
 69.0722 357.6803
 83.6983 372.5374
 84.7926 373.3034
 91.4187 375.3824

Sumter
26
 21.6801 442.0207
 43.6375 444.5860
 42.2151 431.2243
 44.8412 419.7714
 60.6345 386.6164
 63.7591 382.7745
 64.1847 382.6651
 69.7895 384.3064
 74.1543 386.3368
 75.1512 387.3216
 77.6801 389.0845
 79.9172 390.1787
 81.0722 390.1301
 82.4339 389.3034
 91.4187 375.3824
 84.7926 373.3034
 83.6983 372.5374
 69.0722 357.6803
 68.3670 355.7107
 68.1360 349.4128
 68.4157 348.4888
 78.4825 344.6468
 84.2576 339.8201
 19.6375 334.1666
 20.5737 376.7563
 21.4977 432.2091

Perry
17
143.2728 434.0085
156.5737 435.3338
157.2302 428.4766
166.2880 429.3520
196.3670 433.0116
198.1178 416.1605
195.8685 401.4249
193.8503 391.9173
190.2880 379.5404
189.2302 377.3034
171.3214 374.9325
148.5859 372.6468
151.2606 345.2912
144.5372 344.6468
135.3214 371.3216
132.7561 398.4949
137.9597 418.8961

Chilton
17
259.0418 468.1605
281.5220 428.3186
277.5707 420.4766
238.2515 416.3064
238.9932 409.4128
225.5099 407.8809
212.3184 407.2122
198.1178 416.1605
196.3670 433.0116
215.0539 434.6651
212.8047 457.7897
211.1512 468.0876
210.7743 471.5526
231.8077 473.1575
246.1786 473.9113
248.4156 470.8961
252.6345 468.2699

Coosa
6
302.3366 485.8505
324.0387 485.8505
329.8503 433.4128
281.5220 428.3186
259.0418 468.1605
261.1208 481.4249

Tallapoosa
15
370.0083 493.4128
377.8625 494.3490
384.3792 435.1028
373.2424 412.9265
365.6436 409.7897
361.6922 395.5526
350.0691 394.1180
349.6314 394.5678
349.2059 395.8201
345.4612 428.2091
346.6770 432.8049
346.3974 434.8961
346.0205 435.0541
329.8503 433.4128
324.0387 485.8505

Clay
14
337.6922 551.9903
333.4126 548.0389
333.5099 546.8961
347.1147 548.3186
349.0965 550.7988
348.8655 553.1453
364.6953 554.4705
370.0083 493.4128
324.0387 485.8505
302.3366 485.8505
301.0843 500.1483
311.7713 517.0359
325.3032 532.1119
330.7865 551.2365

Talladega
25
296.6953 576.2213
309.0357 576.8170
312.7439 572.7198
313.9597 566.8474
317.6922 563.7714
343.6132 566.3489
343.9293 561.7532
337.6922 551.9903
330.7865 551.2365
325.3032 532.1119
311.7713 517.0359
301.0843 500.1483
302.3366 485.8505
261.1208 481.4249
260.5737 491.4432
275.4308 513.3034
276.6467 522.7866
274.8229 525.4128
271.2120 528.0024
285.0843 545.0359
290.4947 556.7076
289.8989 557.4736
288.5859 560.3793
288.5251 561.1939
294.5555 575.0176

Shelby
22
250.8837 550.4584
271.2120 528.0024
274.8229 525.4128
276.6467 522.7866
275.4308 513.3034
260.5737 491.4432
261.1208 481.4249
259.0418 468.1605
252.6345 468.2699
248.4156 470.8961
246.1786 473.9113
231.8077 473.1575
210.7743 471.5526
211.1512 468.0876
189.2910 497.0845
195.4308 499.2365
199.2120 501.3034
201.8989 503.2851
206.7865 511.8322
231.6983 535.9903
240.7561 536.9872
251.1634 547.0541

Bibb
18
184.1968 496.6468
189.2910 497.0845
211.1512 468.0876
212.8047 457.7897
215.0539 434.6651
196.3670 433.0116
166.2880 429.3520
157.2302 428.4766
156.5737 435.3338
143.2728 434.0085
141.3397 454.2274
154.8229 455.8809
154.4460 469.7410
157.7287 476.2091
167.6011 487.1635
173.1816 493.3641
174.2758 494.0207
182.8229 496.5374

Hale
14
102.9932 451.3338
141.3397 454.2274
143.2728 434.0085
137.9597 418.8961
132.7561 398.4949
135.3214 371.3216
108.4643 368.7441
107.7591 375.6012
 96.9141 374.6651
103.8807 389.3520
 97.4005 397.0845
 92.2576 412.3793
 89.8746 424.3186
 89.6679 427.6620

Greene
26
 85.1208 472.9751
102.9932 451.3338
 89.6679 427.6620
 89.8746 424.3186
 92.2576 412.3793
 97.4005 397.0845
103.8807 389.3520
 96.9141 374.6651
 91.4187 375.3824
 82.4339 389.3034
 81.0722 390.1301
 79.9172 390.1787
 77.6801 389.0845
 75.1512 387.3216
 74.1543 386.3368
 69.7895 384.3064
 64.1847 382.6651
 63.7591 382.7745
 60.6345 386.6164
 44.8412 419.7714
 42.2151 431.2243
 43.6375 444.5860
 43.4795 445.2912
 54.7743 452.9143
 64.6831 458.4462
 69.0722 459.9903

Pickens
11
 79.6983 531.1757
 85.1208 472.9751
 69.0722 459.9903
 64.6831 458.4462
 54.7743 452.9143
 43.4795 445.2912
 43.6375 444.5860
 21.6801 442.0207
 22.6041 489.0480
 23.3214 527.9417
 65.9962 529.9113

Tuscaloosa
26
132.6467 548.0997
134.9810 548.2091
146.4460 547.0055
147.5403 535.5526
154.2272 535.9417
149.6801 531.9295
151.9780 524.3186
160.7561 514.7380
165.9962 510.1909
178.0084 503.0055
184.1968 496.6468
182.8229 496.5374
174.2758 494.0207
173.1816 493.3641
167.6011 487.1635
157.7287 476.2091
154.4460 469.7410
154.8229 455.8809
141.3397 454.2274
102.9932 451.3338
 85.1208 472.9751
 79.6983 531.1757
 92.6953 531.5648
102.2758 532.6590
101.6071 540.7076
105.6193 546.8961

Jefferson
35
190.2880 587.1757
198.8229 592.4401
214.9932 593.5830
229.7287 584.9872
239.5403 584.0389
244.0874 584.4766
247.0539 577.8505
248.0387 567.6134
247.2120 564.1119
246.1178 563.9903
245.2424 561.6438
246.0570 552.5374
247.3214 551.3945
250.8837 550.4584
251.1634 547.0541
240.7561 536.9872
231.6983 535.9903
206.7865 511.8322
201.8989 503.2851
199.2120 501.3034
195.4308 499.2365
189.2910 497.0845
184.1968 496.6468
178.0084 503.0055
165.9962 510.1909
160.7561 514.7380
151.9780 524.3186
149.6801 531.9295
154.2272 535.9417
157.1330 537.5830
160.8533 540.3186
175.1026 556.0389
177.8503 560.8778
180.1968 565.6316
188.4764 582.4584

Walker
20
162.2272 612.7076
188.3670 593.8018
190.2880 587.1757
188.4764 582.4584
180.1968 565.6316
177.8503 560.8778
175.1026 556.0389
160.8533 540.3186
157.1330 537.5830
154.2272 535.9417
147.5403 535.5526
146.4460 547.0055
134.9810 548.2091
132.6467 548.0997
131.3822 561.7532
117.8381 560.9872
114.9567 588.4766
101.4005 587.9903
100.8412 594.7866
 99.5889 608.4401

Lamar
8
 25.2789 610.9568
 53.7287 612.3793
 58.6649 608.0511
 60.8533 582.4584
 64.7439 544.3793
 65.9962 529.9113
 23.3214 527.9417
 24.0144 561.3155

Fayette
15
 60.0266 591.9903
100.8412 594.7866
101.4005 587.9903
114.9567 588.4766
117.8381 560.9872
131.3822 561.7532
132.6467 548.0997
105.6193 546.8961
101.6071 540.7076
102.2758 532.6590
 92.6953 531.5648
 79.6983 531.1757
 65.9962 529.9113
 64.7439 544.3793
 60.8533 582.4584

Franklin
8
 27.1512 693.9113
105.4005 698.3489
109.0722 657.0967
 95.5281 656.2821
 84.6953 655.8322
 56.3062 653.8505
 26.2151 652.6225
 26.7135 675.1149

Marion
11
 26.2151 652.6225
 56.3062 653.8505
 84.6953 655.8322
 95.5281 656.2821
 99.5889 608.4401
100.8412 594.7866
 60.0266 591.9903
 58.6649 608.0511
 53.7287 612.3793
 25.2789 610.9568
 25.4005 615.4432

Winston
5
109.0722 657.0967
162.9932 661.2061
162.2272 612.7076
 99.5889 608.4401
 95.5281 656.2821

Cullman
14
162.7865 663.5040
230.6163 668.5982
247.8807 663.1271
243.8321 662.8596
240.0266 661.5830
239.4916 661.2061
232.2576 643.0784
231.5524 641.8626
214.3366 619.8322
202.7257 609.5951
193.1816 600.1483
188.3670 593.8018
162.2272 612.7076
162.9932 661.2061

Blount
25
247.8807 663.1271
269.5707 639.9416
267.5403 635.5040
263.5524 614.1301
269.3032 614.7502
264.6831 602.6772
261.3518 598.3611
257.7287 594.4584
256.6953 594.4584
255.5403 595.1149
238.9932 589.8018
239.5403 584.0389
229.7287 584.9872
214.9932 593.5830
198.8229 592.4401
190.2880 587.1757
188.3670 593.8018
193.1816 600.1483
202.7257 609.5951
214.3366 619.8322
231.5524 641.8626
232.2576 643.0784
239.4916 661.2061
240.0266 661.5830
243.8321 662.8596

St._Clair
42
269.3032 614.7502
269.1938 615.2851
270.0084 616.9872
272.9141 621.7532
274.6770 623.0663
284.8169 624.0511
286.0691 623.3459
287.0418 621.6438
289.8989 615.0055
293.3032 611.7714
294.9445 610.7380
297.6315 611.8201
304.4156 602.8474
306.0205 601.3763
306.4582 600.3793
306.6284 590.3489
296.7439 581.4249
296.2576 579.8201
296.6953 576.2213
294.5555 575.0176
288.5251 561.1939
288.5859 560.3793
289.8989 557.4736
290.4947 556.7076
285.0843 545.0359
271.2120 528.0024
250.8837 550.4584
247.3214 551.3945
246.0570 552.5374
245.2424 561.6438
246.1178 563.9903
247.2120 564.1119
248.0387 567.6134
247.0539 577.8505
244.0874 584.4766
239.5403 584.0389
238.9932 589.8018
255.5403 595.1149
256.6953 594.4584
257.7287 594.4584
261.3518 598.3611
264.6831 602.6772

Calhoun
28
344.3184 627.1271
371.6011 625.8626
359.0053 614.0815
360.6466 597.9720
362.7257 578.3976
360.8655 574.8353
350.6284 562.4584
343.9293 561.7532
343.6132 566.3489
317.6922 563.7714
313.9597 566.8474
312.7439 572.7198
309.0357 576.8170
296.6953 576.2213
296.2576 579.8201
296.7439 581.4249
306.6284 590.3489
306.4582 600.3793
306.0205 601.3763
304.4156 602.8474
306.5068 603.0176
309.8989 604.9265
313.0843 607.4067
320.2090 614.7502
324.0387 620.9265
326.2272 622.3003
333.9597 623.0663
344.5859 621.9234

Etowah
30
293.3032 658.5070
326.9445 661.9720
328.7561 648.0024
334.4582 647.5526
344.2090 630.4097
344.3184 627.1271
344.5859 621.9234
333.9597 623.0663
326.2272 622.3003
324.0387 620.9265
320.2090 614.7502
313.0843 607.4067
309.8989 604.9265
306.5068 603.0176
304.4156 602.8474
297.6315 611.8201
294.9445 610.7380
293.3032 611.7714
289.8989 615.0055
287.0418 621.6438
286.0691 623.3459
284.8169 624.0511
274.6770 623.0663
272.9141 621.7532
270.0084 616.9872
269.1938 615.2851
269.3032 614.7502
263.5524 614.1301
267.5403 635.5040
269.5707 639.9416

Marshall
18
258.5555 718.1909
281.3518 720.4401
282.9324 711.3945
294.9445 702.3611
293.3032 658.5070
269.5707 639.9416
247.8807 663.1271
230.6163 668.5982
230.8837 706.8596
233.6922 700.3307
238.1299 697.5951
242.3974 696.8657
246.8351 698.3489
259.5403 704.8292
261.3518 709.4857
262.3488 715.4553
261.6193 717.4857
259.9293 718.3003

Morgan
5
200.1482 704.5982
230.8837 706.8596
230.6163 668.5982
162.7865 663.5040
157.8989 721.9842

Lawrence
7
115.2606 736.1119
137.0114 731.5769
157.8989 721.9842
162.7865 663.5040
162.9932 661.2061
109.0722 657.0967
105.4005 698.3489

Colbert
23
 28.4643 743.1879
 33.3397 745.4736
 35.5403 746.0207
 44.4643 743.0298
 47.3093 740.9265
 49.2424 738.3125
 50.1178 736.6711
 51.1512 733.1575
 52.6831 730.8474
 62.8230 722.8961
 63.8564 722.3003
 67.6983 721.1453
 73.5099 722.1909
 76.8533 724.0632
 77.5099 724.7684
 79.6983 728.5496
 94.5433 737.3641
 99.5889 739.5040
102.3366 740.1119
103.3214 740.0024
115.2606 736.1119
105.4005 698.3489
 27.1512 693.9113

Lauderdale
27
138.2880 769.8018
139.8685 769.9234
137.0114 731.5769
115.2606 736.1119
103.3214 740.0024
102.3366 740.1119
 99.5889 739.5040
 94.5433 737.3641
 79.6983 728.5496
 77.5099 724.7684
 76.8533 724.0632
 73.5099 722.1909
 67.6983 721.1453
 63.8564 722.3003
 62.8230 722.8961
 52.6831 730.8474
 51.1512 733.1575
 50.1178 736.6711
 49.2424 738.3125
 47.3093 740.9265
 44.4643 743.0298
 35.5403 746.0207
 33.3397 745.4736
 28.4643 743.1879
 14.0935 758.3611
 41.3397 762.3003
 89.5585 766.0328

Limestone
6
187.5524 773.2669
194.2150 773.9113
200.1482 704.5982
157.8989 721.9842
137.0114 731.5769
139.8685 769.9234

Madison
19
254.2758 779.7836
256.9749 772.7319
253.6193 755.0784
252.4278 739.0176
253.9111 722.8961
258.5555 718.1909
259.9293 718.3003
261.6193 717.4857
262.3488 715.4553
261.3518 709.4857
259.5403 704.8292
246.8351 698.3489
242.3974 696.8657
238.1299 697.5951
233.6922 700.3307
230.8837 706.8596
200.1482 704.5982
194.2150 773.9112
253.3153 779.7350

Jackson
17
344.0387 788.2821
348.9749 769.1088
340.9871 751.5161
327.2120 729.3155
305.2910 706.0815
301.6801 703.6742
298.7743 702.5192
294.9445 702.3611
282.9324 711.3945
281.3518 720.4401
258.5555 718.1909
253.9111 722.8961
252.4278 739.0176
253.6193 755.0784
256.9749 772.7319
254.2758 779.7836
311.1147 785.3155

DeKalb
21
348.9749 769.1088
359.2849 732.6711
360.8169 727.2851
363.6011 717.3642
362.8351 717.6438
362.3609 717.3155
356.2697 710.2517
355.5038 701.1575
351.5038 692.5496
334.8351 672.2091
330.3974 671.6620
327.2971 668.7198
326.4096 667.0055
326.9445 661.9720
293.3032 658.5070
294.9445 702.3611
298.7743 702.5192
301.6801 703.6742
305.2910 706.0815
327.2120 729.3155
340.9871 751.5161

Cherokee
19
363.6011 717.3642
374.3488 680.8778
383.1147 649.2061
388.0995 631.2851
371.6011 625.8626
344.3184 627.1271
344.2090 630.4097
334.4582 647.5526
328.7561 648.0024
326.9445 661.9720
326.4096 667.0055
327.2971 668.7198
330.3974 671.6620
334.8351 672.2091
351.5038 692.5496
355.5038 701.1575
356.2697 710.2517
362.3609 717.3155
362.8351 717.6438

Cleburne
18
388.0995 631.2851
390.7865 621.7046
401.4126 583.4432
408.7561 557.3155
364.6953 554.4705
348.8655 553.1453
349.0965 550.7988
347.1147 548.3186
333.5099 546.8961
333.4126 548.0389
337.6922 551.9903
343.9293 561.7532
350.6284 562.4584
360.8655 574.8353
362.7257 578.3976
360.6466 597.9720
359.0053 614.0815
371.6011 625.8626

Randolph
7
364.6953 554.4705
408.7561 557.3155
411.1147 548.8657
423.8199 503.0055
424.7561 499.7228
377.8625 494.3490
370.0083 493.4128

Chambers
7
424.7561 499.7228
435.2849 463.2851
443.6618 444.6347
429.1451 442.7259
424.5980 439.9417
384.3792 435.1028
377.8625 494.3490

Lee
14
384.3792 435.1028
424.5980 439.9417
429.1451 442.7259
443.6618 444.6347
453.1330 423.7714
465.7044 409.7897
458.7257 403.0541
435.3336 396.8049
424.3184 389.3034
410.7378 387.6012
408.5980 401.1939
401.9597 400.4280
373.5220 410.7259
373.2424 412.9265

Russell
22
469.3518 388.1483
467.8807 382.5556
468.1603 381.2304
468.9871 380.3064
477.6922 377.9599
480.9263 375.2608
482.2393 372.6468
481.1451 367.7107
480.8290 367.2608
466.5798 339.1149
449.5707 336.9143
448.6588 337.2912
443.2242 343.0055
442.7257 344.4280
438.5068 349.3520
418.4582 346.8231
413.8503 360.2699
410.7378 387.6012
424.3184 389.3034
435.3336 396.8049
458.7257 403.0541
465.7044 409.7897

Barbour
28
466.5798 339.1149
466.9445 327.3946
460.7561 293.7289
463.0661 290.6651
461.8017 291.7715
459.5524 292.4766
458.7986 292.4766
458.1299 292.0876
454.6162 287.6499
452.5859 281.5708
451.8807 280.3672
425.3640 278.0693
426.8473 264.4158
382.9445 259.3702
390.4582 301.6316
390.3488 302.8718
391.1269 306.6651
397.1573 318.4949
407.5524 322.3976
418.3488 326.0085
417.4734 331.7593
416.3305 345.4614
418.4582 346.8231
438.5068 349.3520
442.7257 344.4280
443.2242 343.0055
448.6588 337.2912
449.5707 336.9143

