477 800

Del_Norte
25
 53.7135 788.1428
 73.5156 781.9101
 89.0696 777.6118
 87.3581 774.7519
 84.9999 771.6801
 81.3539 771.3289
 76.2529 766.7854
 72.1832 747.9644
 72.6626 746.3031
 73.1421 741.6815
 72.8355 740.8007
 70.3268 737.8906
 68.9386 736.9317
 66.0006 737.7902
 63.9156 740.5777
 65.0250 744.2962
 59.1435 746.2083
 49.9003 748.9178
 50.7978 754.9219
 50.9985 759.0195
 51.0766 767.0585
 51.0543 767.7387
 50.9261 768.5916
 50.6473 769.5226
 51.8794 781.3582

Siskiyou
48
 89.0696 777.6118
103.7930 773.4920
103.9212 773.4641
107.7623 772.6669
113.2424 770.6766
115.5003 770.0021
116.8327 769.6230
134.2487 764.7003
141.1560 762.9888
147.4612 761.2829
149.0947 760.7533
151.9602 759.8725
194.9038 747.0836
193.5156 743.9171
193.0194 742.1833
190.2766 732.0815
190.3546 731.8585
190.6055 731.7080
184.0717 707.4348
179.3720 690.2697
150.6055 698.2641
135.7038 702.5847
124.8494 705.5003
126.1539 712.8090
119.7985 716.7282
108.5149 712.2850
100.6487 704.1401
101.1281 700.8007
100.4759 699.6411
 99.2717 698.6878
 98.2403 698.8383
 94.0201 700.9791
 86.7839 708.6167
 82.8146 714.5707
 80.3504 716.9568
 77.7860 719.0195
 78.1874 733.0627
 77.1839 734.4955
 68.9386 736.9317
 70.3268 737.8906
 72.8355 740.8007
 73.1421 741.6815
 72.6626 746.3031
 72.1832 747.9644
 76.2529 766.7854
 81.3539 771.3289
 84.9999 771.6801
 87.3581 774.7519

Imperial
31
341.7916  72.6084
377.9281  65.0488
407.5755  59.2397
415.2633  57.9129
427.1937  55.5269
421.1672  54.0384
417.6271  32.2293
417.6717  32.1066
418.9261  28.7673
421.6968  26.8272
422.6724  26.3979
427.9017  25.5227
428.0801  25.3220
428.2529  25.1436
430.0369  20.9791
429.4571  16.2516
428.9274  14.4174
428.9274  14.3896
426.3184  10.7213
417.9783   5.5478
411.6675   6.0216
411.3163   6.0495
366.8954  11.3234
366.0146  11.4293
360.9637  12.0314
342.1930  14.2669
334.2041  15.1979
328.3226  15.8781
331.0376  27.7582
336.7128  47.7554
338.4745  55.9784

Riverside
38
447.4250  99.1171
442.0229  91.4795
440.3393  88.5638
438.8062  83.0614
438.4773  80.7255
436.7714  72.2070
434.4299  64.0676
427.1937  55.5269
415.2633  57.9129
407.5755  59.2397
377.9281  65.0488
341.7916  72.6084
329.2536  75.4516
310.7337  79.4711
297.9727  82.2586
274.4522  87.9060
274.7309  89.1157
268.4703  94.6962
260.0299  96.6307
260.4592  98.6934
268.1470 106.2028
265.2815 110.1777
261.9421 111.4321
260.2027 116.1039
256.4619 124.6056
258.4243 128.1624
265.7832 134.5234
274.1010 132.6391
276.3644 132.1094
276.8661 130.9053
284.5539 128.0397
301.6912 124.2265
309.2006 123.9422
323.8013 121.3777
366.1149 112.4356
395.6118 106.1805
399.7372 107.5352
407.3247 107.1617

San_Diego
35
260.0299  96.6307
268.4703  94.6962
274.7309  89.1157
274.4522  87.9060
297.9727  82.2586
310.7337  79.4711
329.2536  75.4516
341.7916  72.6084
338.4745  55.9784
336.7128  47.7554
331.0376  27.7582
328.3226  15.8781
322.6975  16.5582
311.2410  17.9352
299.5783  19.2899
283.1212  21.2300
267.3163  23.1589
266.9651  23.1868
264.2278  35.1729
265.3316  52.9345
265.3316  53.5366
265.3595  53.5366
265.4041  57.4112
265.4320  58.9164
264.7295  65.0711
264.4285  67.2509
263.2745  70.6795
263.1686  70.9749
259.9295  79.1422
258.9762  81.4279
258.7978  81.7847
257.4933  84.5443
255.5588  87.3317
254.3769  88.6084
253.0947  89.4725

Orange
20
251.3609 131.3791
256.4619 124.6056
260.2027 116.1039
261.9421 111.4321
265.2815 110.1777
268.1470 106.2028
260.4592  98.6934
260.0299  96.6307
253.0947  89.4725
252.7156  91.0000
251.7121  93.0349
251.0877  93.9436
240.0550 107.7861
231.1853 118.6404
229.0222 121.3108
230.5553 124.0202
233.7720 128.0676
240.1051 133.5143
242.7923 133.3415
243.4724 133.1910

Los_Angeles
9
199.3470  60.0258
194.8759  60.1986
192.0382  63.6941
191.6592  64.2962
190.2766  68.6948
189.0222  76.5554
190.6055  76.0258
198.8452  61.6593
199.5254  60.1986

Los_Angeles
18
196.3086 108.9680
196.0578 109.1519
196.0076 109.6704
196.0578 109.7708
196.3309 109.6983
199.4027 108.6669
202.8424 105.9018
205.6299 103.6662
207.7428 101.8823
210.4578  96.2572
210.6808  95.6774
210.8313  94.4732
210.5581  93.8209
209.7274  93.3359
209.6773  93.3136
209.1978  93.3136
201.9616  96.7310
201.4822  97.1603

Los_Angeles
59
272.3950 191.5324
268.5707 174.9526
266.7923 165.3749
265.4543 157.2356
264.9247 153.7178
261.0612 145.3554
257.7219 139.7749
256.3895 137.5617
252.2139 135.5324
250.7086 133.6927
250.6083 133.1910
250.8815 132.0593
251.3609 131.3791
243.4724 133.1910
242.7923 133.3415
240.1051 133.5143
233.7720 128.0676
230.5553 124.0202
229.0222 121.3108
224.5511 120.7032
219.8515 120.8035
217.6884 121.6565
216.6125 122.2641
212.4146 124.9735
211.6619 125.5979
211.2104 128.1345
211.6341 128.5861
212.9943 129.5951
213.6968 129.7457
214.0480 130.4704
214.4215 132.2823
213.9755 135.5993
213.6968 137.2105
213.5463 138.1136
213.2229 139.9756
212.6431 142.2391
211.8348 144.4188
211.7623 144.5749
211.6619 144.8035
211.6341 144.8481
211.0097 146.0802
210.8815 146.2530
210.4076 146.9331
210.2515 147.1561
210.0787 147.3122
209.0696 148.2655
207.6146 148.8397
201.8612 150.0495
197.3400 150.6516
194.9539 150.4509
186.0564 154.3979
186.8090 156.4105
192.5400 158.8969
197.1616 160.8314
204.0968 159.1199
207.6146 164.7283
207.9937 167.3596
202.5414 205.8321
202.2905 207.9171

Ventura
22
172.5651 221.5310
175.8822 220.3269
181.5853 217.6676
182.3658 215.8056
182.6389 213.8488
197.1393 207.1645
202.5414 205.8321
207.9937 167.3596
207.6146 164.7283
204.0968 159.1199
197.1616 160.8314
192.5400 158.8969
186.8090 156.4105
186.0564 154.3979
178.1679 160.3519
169.4989 175.4321
163.5672 183.0697
162.1846 184.8258
161.4543 185.1547
163.1156 186.3087
163.5950 186.7324
164.6989 190.2558

Santa_Barbara
10
110.3268 170.1471
120.8299 169.2997
125.5295 165.0014
125.3734 162.6154
125.3288 162.1638
125.0780 162.0857
116.5038 161.0823
115.7288 161.0377
113.4431 163.3680
113.0139 164.1206

Santa_Barbara
30
139.6731 166.8634
141.8863 165.3025
147.7177 163.3680
147.9184 163.4906
148.0132 163.5464
148.1637 163.6188
148.3923 163.7415
148.6933 163.9199
148.8717 163.9924
150.4550 163.8920
152.3616 162.4816
152.7630 161.8850
152.7407 161.8572
152.7184 161.8070
152.6626 161.7624
150.7281 160.2516
150.1762 159.8000
149.7748 159.7443
139.9017 159.5715
137.7609 160.0788
135.6759 160.9039
135.6536 160.9039
134.8731 161.2885
133.1114 162.1080
131.5337 163.2676
131.4055 163.6913
130.2515 170.2251
130.6529 170.7324
131.0041 170.6265
134.0982 169.4000

Santa_Barbara
36
105.4766 244.3491
114.4466 243.3735
117.6410 242.1359
120.6013 239.0976
124.4982 239.7499
128.2668 241.8627
139.8738 245.2077
140.9553 243.9254
144.2501 240.8370
154.4243 232.6697
167.1853 222.6237
169.7497 221.9659
170.8313 221.9659
172.5651 221.5310
164.6989 190.2558
163.5950 186.7324
163.1156 186.3087
161.4543 185.1547
157.2619 188.9958
154.0954 190.3729
150.8787 190.8300
150.0034 190.8133
149.8752 190.8133
146.4355 190.9805
139.1937 193.2662
136.7072 195.7805
132.4592 198.8467
130.7532 199.5213
126.3323 201.1603
122.6362 202.1415
118.3379 203.0446
113.4153 203.6690
107.5616 204.6781
100.0243 214.5234
100.4982 220.2321
104.1943 239.1979

San_Luis_Obispo
45
 81.6828 312.2739
144.9525 294.9526
146.0564 294.6516
142.8898 282.3923
149.0724 273.1993
155.7790 259.4014
158.2153 252.2153
164.4703 250.5540
171.1825 242.6655
173.9477 234.2697
170.8313 221.9659
169.7497 221.9659
167.1853 222.6237
154.4243 232.6697
144.2501 240.8370
140.9553 243.9254
139.8738 245.2077
128.2668 241.8627
124.4982 239.7499
120.6013 239.0976
117.6410 242.1359
114.4466 243.3735
105.4766 244.3491
106.4299 246.0885
106.5079 246.2112
107.4111 248.2181
108.1414 250.1526
108.4870 251.3401
108.7435 252.5387
108.8159 252.8676
108.8438 253.0014
108.9665 254.6014
108.9665 254.6794
108.7937 255.8334
108.5428 256.5192
108.0187 257.0655
106.2794 258.8495
106.0285 259.0780
105.5268 259.4237
100.3254 273.5951
 90.7031 291.3401
 84.3700 301.1408
 83.3888 302.1665
 82.8146 302.8690
 81.9058 306.0578

Kern
28
182.8898 285.2300
210.1511 278.4732
241.0306 270.8857
265.6550 265.1324
268.9776 264.1791
290.2571 259.8028
287.9212 253.8488
287.3693 251.7916
286.6166 243.3234
274.4020 191.0363
272.3950 191.5324
202.2905 207.9171
202.5414 205.8321
197.1393 207.1645
182.6389 213.8488
182.3658 215.8056
181.5853 217.6676
175.8822 220.3269
172.5651 221.5310
170.8313 221.9659
173.9477 234.2697
171.1825 242.6655
164.4703 250.5540
158.2153 252.2153
155.7790 259.4014
149.0724 273.1993
142.8898 282.3923
146.0564 294.6516

San_Bernardino
55
290.2571 259.8028
304.7574 256.3129
397.4961 235.8140
402.7755 235.8363
414.3045 218.5206
418.2794 212.5945
419.7567 210.4035
441.0696 178.5150
448.9302 166.8133
447.1240 158.8188
447.0236 157.8154
447.0738 157.4363
450.2403 149.1965
454.2376 142.9192
454.4382 140.0258
458.1511 124.3938
461.8194 119.9951
465.0139 116.4384
467.7790 111.6049
467.5783 108.4885
467.4501 108.3882
459.9128 104.0397
454.8341 101.9547
447.4250  99.1171
407.3247 107.1617
399.7372 107.5352
395.6118 106.1805
366.1149 112.4356
323.8013 121.3777
309.2006 123.9422
301.6912 124.2265
284.5539 128.0397
276.8661 130.9053
276.3644 132.1094
274.1010 132.6391
265.7832 134.5234
258.4243 128.1624
256.4619 124.6056
251.3609 131.3791
250.8815 132.0593
250.6083 133.1910
250.7086 133.6927
252.2139 135.5324
256.3895 137.5617
257.7219 139.7749
261.0612 145.3554
264.9247 153.7178
265.4543 157.2356
266.7923 165.3749
268.5707 174.9526
272.3950 191.5324
274.4020 191.0363
286.6166 243.3234
287.3693 251.7916
287.9212 253.8488

Inyo
34
254.5497 392.3240
306.5135 380.0313
335.4139 336.6418
336.4898 335.0362
342.6445 325.8878
346.2403 320.4355
365.2118 292.0425
380.5874 268.9512
382.5720 265.9854
390.8173 253.6258
391.4696 252.6669
402.7755 235.8363
397.4961 235.8140
304.7574 256.3129
290.2571 259.8028
268.9776 264.1791
271.7149 270.1554
272.6682 273.5226
272.4173 278.2725
270.8118 301.6648
266.6139 325.4641
265.2592 336.1902
266.8926 343.2704
267.3665 347.1394
267.2159 349.8599
266.2849 358.6739
265.5546 360.1624
261.3121 364.7561
260.2027 364.8564
255.8599 367.9226
255.6815 368.0955
255.2076 369.1547
252.3923 383.3038
252.5428 387.6690

Tulare
24
265.2592 336.1902
266.6139 325.4641
270.8118 301.6648
272.4173 278.2725
272.6682 273.5226
271.7149 270.1554
268.9776 264.1791
265.6550 265.1324
241.0306 270.8857
210.1511 278.4732
182.8898 285.2300
188.8494 308.4718
191.6369 317.8488
193.4710 318.3449
194.9261 317.9993
197.2619 327.2648
195.8292 334.2000
193.3428 334.8300
200.8299 339.3791
211.3107 343.1254
218.4968 341.2132
229.0222 338.4759
230.6334 344.3798
255.3302 338.5707

Kings
15
193.3428 334.8300
195.8292 334.2000
197.2619 327.2648
194.9261 317.9993
193.4710 318.3449
191.6369 317.8488
188.8494 308.4718
182.8898 285.2300
146.0564 294.6516
144.9525 294.9526
141.4571 304.6753
166.3323 318.7519
170.2292 334.1498
178.7978 332.0425
186.8870 331.2118

Madera
43
232.2389 418.4536
236.4090 417.3219
239.9323 416.1902
240.7072 415.2592
242.4410 411.7916
243.0989 404.3045
225.5546 393.5059
223.0682 391.8725
222.0146 390.8355
221.3344 389.5031
220.8550 386.2920
220.8048 385.0543
220.6822 384.5805
219.5281 381.8934
218.6975 380.9902
217.1142 379.5798
215.4027 378.6320
207.2355 379.1561
204.8550 378.7770
195.7065 373.0739
193.2424 371.4404
192.6682 370.9665
188.7212 366.5679
187.7679 364.9847
186.3351 363.5798
186.1344 363.5240
161.9839 364.3045
158.5442 364.9568
154.5748 368.1791
152.4118 371.6913
151.8320 373.0516
151.5588 373.9547
151.3581 375.3038
149.7748 387.6467
154.3463 390.3617
165.2508 391.4711
173.7693 390.3338
179.3274 390.3338
199.4975 402.6488
205.5797 401.1658
210.5804 405.6425
211.8348 410.2084
230.7337 421.7205

Fresno
62
254.5497 392.3240
252.5428 387.6690
252.3923 383.3038
255.2076 369.1547
255.6815 368.0955
255.8599 367.9226
260.2027 364.8564
261.3121 364.7561
265.5546 360.1624
266.2849 358.6739
267.2159 349.8599
267.3665 347.1394
266.8926 343.2704
265.2592 336.1902
255.3302 338.5707
230.6334 344.3798
229.0222 338.4759
218.4968 341.2132
211.3107 343.1254
200.8299 339.3791
193.3428 334.8300
186.8870 331.2118
178.7978 332.0425
170.2292 334.1498
166.3323 318.7519
141.4571 304.6753
130.0731 318.5958
126.5330 323.6969
126.2822 327.7554
127.8153 335.2592
130.6752 338.3477
136.0828 349.6090
123.3442 371.9143
149.7748 387.6467
151.3581 375.3038
151.5588 373.9547
151.8320 373.0516
152.4118 371.6913
154.5748 368.1791
158.5442 364.9568
161.9839 364.3045
186.1344 363.5240
186.3351 363.5798
187.7679 364.9847
188.7212 366.5679
192.6682 370.9665
193.2424 371.4404
195.7065 373.0739
204.8550 378.7770
207.2355 379.1561
215.4027 378.6320
217.1142 379.5798
218.6975 380.9902
219.5281 381.8934
220.6822 384.5805
220.8048 385.0543
220.8550 386.2920
221.3344 389.5031
222.0146 390.8355
223.0682 391.8725
225.5546 393.5059
243.0989 404.3045

Monterey
52
 86.2822 393.5561
 85.9755 392.0955
 86.5553 389.8822
 91.1825 382.2000
 96.4285 372.7505
101.1783 359.8613
108.7435 344.6028
112.1832 340.4049
122.7644 331.4906
124.2919 330.8885
124.5985 330.9108
125.0222 331.1617
127.8153 335.2592
126.2822 327.7554
126.5330 323.6969
130.0731 318.5958
141.4571 304.6753
144.9525 294.9526
 81.6828 312.2739
 79.8989 314.8773
 76.9330 320.3575
 77.0334 323.0223
 77.1058 324.3045
 77.2341 326.6404
 76.9051 328.7031
 76.8550 329.0042
 70.1985 343.2704
 68.7156 345.8850
 65.8557 349.1073
 65.0473 349.8320
 65.0250 349.8320
 64.4675 349.9101
 64.1163 350.1108
 63.5644 350.8077
 63.2132 351.5881
 61.8027 354.8550
 61.3010 356.0369
 61.2508 357.1686
 63.0905 375.4599
 67.1100 376.8871
 67.2327 376.8425
 68.1414 376.8202
 68.8382 377.1212
 70.2264 378.1470
 71.0794 379.0279
 71.7038 379.7805
 72.7853 381.4195
 73.8166 383.4711
 76.5818 389.4530
 76.6320 390.2836
 76.3086 392.8982
 76.2808 393.0766

San_Benito
26
 86.2822 393.5561
 89.8445 393.0488
 94.8508 395.8641
 99.9741 394.7770
111.1518 391.7721
109.9978 390.5679
109.5964 390.0104
109.4459 389.6090
109.8250 388.5777
112.8633 381.9714
122.7365 372.9456
123.3442 371.9143
136.0828 349.6090
130.6752 338.3477
127.8153 335.2592
125.0222 331.1617
124.5985 330.9108
124.2919 330.8885
122.7644 331.4906
112.1832 340.4049
108.7435 344.6028
101.1783 359.8613
 96.4285 372.7505
 91.1825 382.2000
 86.5553 389.8822
 85.9755 392.0955

Merced
33
169.1198 426.6934
171.8348 412.8509
171.8125 411.7916
171.7623 411.5909
171.5114 411.3401
173.7971 397.6982
175.2745 395.5965
179.3274 390.3338
173.7693 390.3338
165.2508 391.4711
154.3463 390.3617
149.7748 387.6467
123.3442 371.9143
122.7365 372.9456
112.8633 381.9714
109.8250 388.5777
109.4459 389.6090
109.5964 390.0104
109.9978 390.5679
111.1518 391.7721
110.3769 392.5749
109.9477 393.5226
109.8975 393.9296
110.7003 396.7449
112.1330 397.3972
113.3149 399.2536
114.1177 403.1282
113.8166 404.0759
132.2083 414.9359
132.3086 417.2941
131.9853 418.0021
131.5616 418.2530
139.7288 420.6669

Santa_Cruz
38
 66.0508 428.7003
 66.0285 427.9031
 66.1511 427.5017
 67.6619 424.3296
 70.5999 418.3756
 72.0327 416.3240
 75.8794 412.9456
 78.2877 411.2174
 83.1379 406.0885
 89.8445 394.9888
 90.2236 394.3589
 89.8445 393.0488
 86.2822 393.5561
 76.2808 393.0766
 75.8794 395.3401
 74.9985 399.5045
 74.3686 401.0599
 73.8166 402.1192
 73.3149 402.7993
 72.1832 403.8084
 71.6536 403.9254
 68.8382 403.2732
 66.3240 403.4014
 65.0250 403.5798
 64.1163 403.8084
 63.6647 404.0536
 63.4863 404.1596
 62.6891 404.6111
 62.0815 404.9679
 59.8961 407.4488
 57.7330 410.5596
 56.1051 414.4397
 54.7449 418.5261
 54.5943 421.5143
 55.0515 424.3575
 59.7177 425.1380
 64.6180 423.7833
 64.9971 424.7589

San_Mateo
25
 61.3511 461.8209
 61.2508 461.7930
 60.0243 454.4564
 60.7714 453.2801
 69.4682 444.1540
 70.0982 443.7582
 71.6034 443.2286
 72.6348 443.5017
 72.6626 443.5742
 73.6940 440.9874
 66.0508 428.7003
 64.9971 424.7589
 64.6180 423.7833
 59.7177 425.1380
 55.0515 424.3575
 54.5943 421.5143
 54.7449 418.5261
 54.2933 419.2564
 52.7602 421.7707
 50.6975 425.6174
 50.4466 426.3254
 50.5748 429.7373
 51.5058 448.3798
 53.2341 455.9672
 55.3470 463.5268

Alameda
25
 69.3679 473.6787
 71.8543 473.6286
 72.1553 473.4557
 73.8445 471.0920
 74.9205 467.7247
 75.1491 466.0467
 84.9720 455.9449
104.8466 456.4746
108.9163 456.9261
106.6585 448.7812
103.5644 437.5254
103.9658 436.6669
107.0320 431.9951
106.9818 432.0509
 86.1316 437.9993
 85.4515 438.0773
 84.8717 437.6481
 84.4424 437.4474
 82.4856 437.1965
 81.4822 437.3247
 74.5916 439.6829
 73.6940 440.9874
 72.6626 443.5742
 72.7128 456.1902
 68.3644 468.8063

Santa_Clara
35
 73.6940 440.9874
 74.5916 439.6829
 81.4822 437.3247
 82.4856 437.1965
 84.4424 437.4474
 84.8717 437.6481
 85.4515 438.0773
 86.1316 437.9993
106.9818 432.0509
106.1010 431.6941
105.8780 427.9254
107.4891 409.5338
113.8166 404.0759
114.1177 403.1282
113.3149 399.2536
112.1330 397.3972
110.7003 396.7449
109.8975 393.9296
109.9477 393.5226
110.3769 392.5749
111.1518 391.7721
 99.9741 394.7770
 94.8508 395.8641
 89.8445 393.0488
 90.2236 394.3589
 89.8445 394.9888
 83.1379 406.0885
 78.2877 411.2174
 75.8794 412.9456
 72.0327 416.3240
 70.5999 418.3756
 67.6619 424.3296
 66.1511 427.5017
 66.0285 427.9031
 66.0508 428.7003

Stanislaus
24
148.0410 465.5951
158.2710 444.4829
169.1477 426.7212
169.1198 426.6934
139.7288 420.6669
131.5616 418.2530
131.9853 418.0021
132.3086 417.2941
132.2083 414.9359
113.8166 404.0759
107.4891 409.5338
105.8780 427.9254
106.1010 431.6941
106.9818 432.0509
107.0320 431.9951
121.8334 440.7421
124.4480 442.4202
125.5741 442.9275
131.9351 444.6111
133.3400 444.1038
136.1274 443.5519
139.3497 443.1784
142.4382 443.9867
144.4508 452.2488

Mariposa
31
169.1477 426.7212
169.4208 429.5366
169.9003 430.2390
173.1895 432.6028
189.5240 436.0202
190.6055 435.4627
195.3330 430.3617
195.7288 429.6313
196.0578 429.4084
197.6689 428.6334
202.8703 427.2230
204.6543 427.2453
211.5616 428.3045
212.4369 428.7784
217.2870 432.6474
220.5595 433.4000
225.8557 429.5867
229.2229 425.7122
230.7337 421.7205
211.8348 410.2084
210.5804 405.6425
205.5797 401.1658
199.4975 402.6488
179.3274 390.3338
175.2745 395.5965
173.7971 397.6982
171.5114 411.3401
171.7623 411.5909
171.8125 411.7916
171.8348 412.8509
169.1198 426.6934

Tuolumne
51
222.4661 464.8369
222.0424 464.4857
221.4348 462.3672
220.5316 455.7665
222.8396 452.0982
224.5010 450.6878
225.8055 449.8348
228.1693 448.5526
230.1539 447.0975
231.5365 446.0160
233.7497 443.9087
235.3051 440.5136
238.1930 427.7247
236.2362 421.3972
233.2424 419.1059
232.2389 418.4536
230.7337 421.7205
229.2229 425.7122
225.8557 429.5867
220.5595 433.4000
217.2870 432.6474
212.4369 428.7784
211.5616 428.3045
204.6543 427.2453
202.8703 427.2230
197.6689 428.6334
196.0578 429.4084
195.7288 429.6313
195.3330 430.3617
190.6055 435.4627
189.5240 436.0202
173.1895 432.6028
169.9003 430.2390
169.4208 429.5366
169.1477 426.7212
158.2710 444.4829
168.0884 450.9665
172.2362 455.0418
179.1491 462.1721
185.7553 468.3045
194.1734 475.6077
195.5337 476.2432
196.8382 476.6502
203.7456 477.5979
209.8501 470.4843
210.6808 470.8913
214.9790 472.3240
218.0675 472.7031
220.2529 472.1958
220.5038 471.9449
220.7045 471.4432

Mono
32
232.2668 491.2397
242.9930 475.1840
250.2069 464.4411
280.9079 418.2530
306.5135 380.0313
254.5497 392.3240
243.0989 404.3045
242.4410 411.7916
240.7072 415.2592
239.9323 416.1902
236.4090 417.3219
232.2389 418.4536
233.2424 419.1059
236.2362 421.3972
238.1930 427.7247
235.3051 440.5136
233.7497 443.9087
231.5365 446.0160
230.1539 447.0975
228.1693 448.5526
225.8055 449.8348
224.5010 450.6878
222.8396 452.0982
220.5316 455.7665
221.4348 462.3672
222.0424 464.4857
222.4661 464.8369
228.1414 469.6648
230.7560 475.6634
228.4926 484.0090
228.5707 484.7394
229.8808 488.1066

Alpine
24
219.0264 511.0975
232.2668 491.2397
229.8808 488.1066
228.5707 484.7394
228.4926 484.0090
230.7560 475.6634
228.1414 469.6648
222.4661 464.8369
220.7045 471.4432
220.5038 471.9449
220.2529 472.1958
218.0675 472.7031
214.9790 472.3240
210.6808 470.8913
209.8501 470.4843
203.7456 477.5979
202.2905 483.7080
205.7804 497.2495
213.1950 500.9401
214.5720 501.9435
219.0710 505.9463
219.3497 506.3756
219.7288 508.3770
219.6508 509.7596

Calaveras
19
203.7456 477.5979
196.8382 476.6502
195.5337 476.2432
194.1734 475.6077
185.7553 468.3045
179.1491 462.1721
172.2362 455.0418
168.0884 450.9665
158.2710 444.4829
148.0410 465.5951
147.0877 476.9735
147.4612 476.5442
148.1637 476.1150
152.5400 475.1840
165.8306 479.3819
175.8822 483.8084
178.4968 485.1631
180.9330 485.0181
202.2905 483.7080

Amador
18
205.7804 497.2495
202.2905 483.7080
180.9330 485.0181
178.4968 485.1631
175.8822 483.8084
165.8306 479.3819
152.5400 475.1840
148.1637 476.1150
147.4612 476.5442
147.0877 476.9735
146.7867 482.4759
150.6780 497.1993
155.8794 496.5972
172.1581 491.0948
174.6501 490.4648
178.6417 490.0077
189.6522 489.5115
192.7686 490.0077

San_Joaquin
28
147.0877 476.9735
148.0410 465.5951
144.4508 452.2488
142.4382 443.9867
139.3497 443.1784
136.1274 443.5519
133.3400 444.1038
131.9351 444.6111
125.5741 442.9275
124.4480 442.4202
121.8334 440.7421
107.0320 431.9951
103.9658 436.6669
103.5644 437.5254
106.6585 448.7812
108.9163 456.9261
112.8633 476.4216
115.2996 479.5826
121.3595 485.9993
122.6362 485.9993
123.6173 485.5867
124.2919 484.0313
125.3288 483.0502
128.0382 482.3756
137.9895 481.2160
138.3686 481.2662
142.2376 482.5986
146.7867 482.4759

Contra_Costa
38
 75.0989 484.4606
 79.9491 481.5226
 82.7365 480.7143
 94.5943 477.8320
 95.3971 477.7484
 96.1274 477.7986
 96.6348 478.1275
 97.0863 478.6794
 98.2403 475.5129
 98.7421 474.8383
100.1525 474.2585
100.7769 474.1136
102.9623 474.0634
105.4264 474.7603
106.7588 475.5965
107.0320 476.0927
107.1881 477.1017
107.4612 477.5477
107.8626 477.7484
108.4870 477.7484
111.6815 477.1742
112.6849 476.6502
112.8633 476.4216
108.9163 456.9261
104.8466 456.4746
 84.9720 455.9449
 75.1491 466.0467
 74.9205 467.7247
 73.8445 471.0920
 72.1553 473.4557
 71.8543 473.6286
 69.3679 473.6787
 67.2104 475.2620
 65.1477 479.9617
 72.2835 481.5226
 73.4654 482.0801
 74.9985 483.2787
 75.1491 483.7582

El_Dorado
41
216.1832 521.8739
219.0264 511.0975
219.6508 509.7596
219.7288 508.3770
219.3497 506.3756
219.0710 505.9463
214.5720 501.9435
213.1950 500.9401
205.7804 497.2495
192.7686 490.0077
189.6522 489.5115
178.6417 490.0077
174.6501 490.4648
172.1581 491.0948
155.8794 496.5972
150.6780 497.1993
148.4201 513.1324
155.2773 521.3219
156.8104 524.6613
157.9923 525.6425
163.9184 527.3261
171.4835 528.5582
173.8975 528.4300
174.2766 528.2794
175.5811 527.5101
177.3149 525.7205
177.9393 524.3157
178.3964 523.5519
179.1714 522.6543
182.4884 519.3651
183.1686 518.9582
183.6201 518.9582
186.3072 519.4655
187.6396 520.0620
190.6055 522.5484
202.5916 522.0969
205.7581 521.8237
206.9121 522.0969
207.6926 522.4313
207.9156 523.2787
208.5957 523.8084

Sacramento
42
130.4020 519.7331
148.4201 513.1324
150.6780 497.1993
146.7867 482.4759
142.2376 482.5986
138.3686 481.2662
137.9895 481.2160
128.0382 482.3756
125.3288 483.0502
124.2919 484.0313
123.6173 485.5867
122.6362 485.9993
121.3595 485.9993
115.2996 479.5826
112.8633 476.4216
112.6849 476.6502
111.6815 477.1742
108.4870 477.7484
107.8626 477.7484
107.4612 477.5477
107.1881 477.1017
107.0320 476.0927
106.7588 475.5965
105.4264 474.7603
102.9623 474.0634
100.7769 474.1136
100.1525 474.2585
 98.7421 474.8383
 98.2403 475.5129
 97.0863 478.6794
100.3532 477.3024
105.6996 477.8320
111.8543 484.1707
116.4536 491.8920
120.1219 493.4808
121.2090 494.1331
123.9463 499.7861
126.3825 509.7150
126.4605 510.4620
126.3825 510.7909
124.2919 514.4871
124.0689 521.5728

Solano
39
 69.4180 493.2523
 80.8299 489.9631
 81.0752 490.6153
 80.9525 490.9387
 80.7518 490.9665
 80.4508 491.3902
 80.2501 491.9756
 80.4006 492.6000
 83.4389 501.3192
 91.0543 499.1895
 91.3051 499.7861
 91.3832 500.4160
 91.4557 501.6982
 91.4055 502.3003
 91.1546 503.9338
 89.9226 507.6523
 89.9449 508.0035
 90.0452 508.4773
 92.5818 513.2495
 92.8605 513.5561
 95.3971 513.1324
114.4187 509.3359
114.9985 508.3770
114.9985 508.1540
114.3964 505.5895
110.9790 493.4585
116.4536 491.8920
111.8543 484.1707
105.6996 477.8320
100.3532 477.3024
 97.0863 478.6794
 96.6348 478.1275
 96.1274 477.7986
 95.3971 477.7484
 94.5943 477.8320
 82.7365 480.7143
 79.9491 481.5226
 75.0989 484.4606
 69.5184 492.8286

San_Franciso
13
 61.3511 461.8209
 55.3470 463.5268
 55.3470 463.5770
 55.4194 464.6864
 56.1274 468.7840
 56.7797 469.1575
 59.3665 469.6648
 61.5295 469.5143
 62.5609 469.2578
 62.9400 468.7003
 63.3358 467.4739
 63.0125 463.1812
 62.6891 462.1442

Marin
22
 40.0940 512.3463
 40.7741 512.7031
 45.3233 512.5972
 45.7748 512.4801
 57.6605 498.3310
 63.9658 491.2955
 61.9588 486.0662
 59.8738 479.4599
 59.7177 478.9024
 60.0968 478.3059
 61.0278 477.1519
 61.9588 475.6077
 62.2822 474.8104
 62.2599 474.5874
 58.9428 471.3484
 57.4599 471.5212
 56.5288 472.0007
 55.8989 472.6028
 38.1874 492.9289
 41.1254 508.5833
 40.9525 509.9157
 40.3226 511.7498

Napa
37
 84.1470 542.4564
 89.3985 539.1338
 92.1581 524.4383
 92.8104 520.2906
 92.8884 518.8077
 92.8605 513.5561
 92.5818 513.2495
 90.0452 508.4773
 89.9449 508.0035
 89.9226 507.6523
 91.1546 503.9338
 91.4055 502.3003
 91.4557 501.6982
 91.3832 500.4160
 91.3051 499.7861
 91.0543 499.1895
 83.4389 501.3192
 80.4006 492.6000
 80.2501 491.9756
 80.4508 491.3902
 80.7518 490.9665
 80.9525 490.9387
 81.0752 490.6153
 80.8299 489.9631
 69.4180 493.2523
 71.6034 492.8509
 73.3372 495.6662
 73.4654 497.3219
 73.4153 499.0056
 72.7351 504.8146
 68.8884 518.4286
 66.6808 524.4885
 66.8592 529.2104
 67.7846 532.3045
 77.3065 532.4272
 83.7456 537.8794
 84.3700 538.8327

Sonoma
24
 21.4013 553.5059
 23.5644 553.6397
 31.0013 553.5617
 47.2801 552.2293
 61.0780 548.0369
 67.7846 532.3045
 66.8592 529.2104
 66.6808 524.4885
 68.8884 518.4286
 72.7351 504.8146
 73.4153 499.0056
 73.4654 497.3219
 73.3372 495.6662
 71.6034 492.8509
 69.4180 493.2523
 69.5184 492.8286
 63.9658 491.2955
 57.6605 498.3310
 45.7748 512.4801
 45.3233 512.5972
 40.7741 512.7031
 40.0940 512.3463
 36.5316 525.0181
 24.8968 547.2787

Yolo
23
 88.2668 545.7958
115.2494 538.2362
124.0689 521.5728
124.2919 514.4871
126.3825 510.7909
126.4605 510.4620
126.3825 509.7150
123.9463 499.7861
121.2090 494.1331
120.1219 493.4808
116.4536 491.8920
110.9790 493.4585
114.3964 505.5895
114.9985 508.1540
114.9985 508.3770
114.4187 509.3359
 95.3971 513.1324
 92.8605 513.5561
 92.8884 518.8077
 92.8104 520.2906
 92.1581 524.4383
 89.3985 539.1338
 84.1470 542.4564

Placer
48
139.1491 537.0488
147.1100 537.7010
149.7748 535.4209
150.3546 535.1421
157.8919 532.6056
159.6982 532.9066
163.1658 536.3463
163.6452 537.0488
164.0689 538.1526
164.5484 538.6599
167.1630 540.6223
169.7776 541.9770
173.7470 543.9561
181.3567 547.5017
184.1999 548.1540
186.2849 548.2432
220.5316 539.3624
217.8445 528.7867
216.9414 525.0404
216.1832 521.8739
208.5957 523.8084
207.9156 523.2787
207.6926 522.4313
206.9121 522.0969
205.7581 521.8237
202.5916 522.0969
190.6055 522.5484
187.6396 520.0620
186.3072 519.4655
183.6201 518.9582
183.1686 518.9582
182.4884 519.3651
179.1714 522.6543
178.3964 523.5519
177.9393 524.3157
177.3149 525.7205
175.5811 527.5101
174.2766 528.2794
173.8975 528.4300
171.4835 528.5582
163.9184 527.3261
157.9923 525.6425
156.8104 524.6613
155.2773 521.3219
148.4201 513.1324
130.4020 519.7331
134.8731 532.9066
137.8389 532.1261

Nevada
37
222.9679 548.3826
220.5316 539.3624
186.2849 548.2432
184.1999 548.1540
181.3567 547.5017
173.7470 543.9561
169.7776 541.9770
167.1630 540.6223
164.5484 538.6599
164.0689 538.1526
163.6452 537.0488
163.1658 536.3463
159.6982 532.9066
157.8919 532.6056
150.3546 535.1421
149.7748 535.4209
147.1100 537.7010
150.8564 551.4209
152.3114 553.7345
157.2118 557.1296
161.8055 559.5435
164.7992 559.8669
166.1093 559.6662
167.6146 558.9415
168.3672 559.8167
169.6215 560.1401
178.6696 559.4153
185.7553 561.1770
185.9337 561.3944
186.7365 562.0801
188.6431 563.0056
189.5017 563.1282
193.4710 561.8516
194.6027 560.4411
195.0041 557.0516
196.1804 555.6690
196.8884 555.2676

Sierra
24
172.9888 576.1178
178.1400 579.3958
178.8480 581.9993
180.2752 583.0084
182.8898 583.7610
193.0919 575.7665
204.1748 573.0070
220.0801 568.7812
228.0968 567.8056
222.9679 548.3826
196.8884 555.2676
196.1804 555.6690
195.0041 557.0516
194.6027 560.4411
193.4710 561.8516
189.5017 563.1282
188.6431 563.0056
186.7365 562.0801
185.9337 561.3944
185.7553 561.1770
178.6696 559.4153
169.6215 560.1401
168.3672 559.8167
167.6146 558.9415

Yuba
24
168.6236 574.1331
172.9888 576.1178
167.6146 558.9415
166.1093 559.6662
164.7992 559.8669
161.8055 559.5435
157.2118 557.1296
152.3114 553.7345
150.8564 551.4209
147.1100 537.7010
139.1491 537.0488
136.7853 537.7847
135.5755 537.7512
131.8125 537.2272
130.4745 536.1735
129.6996 535.3428
129.6215 542.8244
132.1135 557.7317
132.4369 558.8077
133.3902 560.8258
133.7414 561.0265
140.7268 560.6418
146.2794 561.0432
148.4647 562.1526

Sutter
21
133.7414 561.0265
133.3902 560.8258
132.4369 558.8077
132.1135 557.7317
129.6215 542.8244
129.6996 535.3428
130.4745 536.1735
131.8125 537.2272
135.5755 537.7512
136.7853 537.7847
139.1491 537.0488
137.8389 532.1261
134.8731 532.9066
130.4020 519.7331
124.0689 521.5728
115.2494 538.2362
117.3623 542.4286
115.4557 550.9749
113.8389 554.2864
114.3686 557.7540
118.7672 565.7930

Colusa
18
121.3093 571.0892
118.7672 565.7930
114.3686 557.7540
113.8389 554.2864
115.4557 550.9749
117.3623 542.4286
115.2494 538.2362
 88.2668 545.7958
 85.6020 548.9624
 85.3511 549.5366
 83.4389 556.8286
 83.6396 561.8739
 78.3156 570.9721
 76.3811 572.9066
 73.3372 577.4279
 72.8856 579.5909
 73.9895 581.4530
 76.2027 583.8557

Lake
40
 76.2027 583.8557
 73.9895 581.4530
 72.8856 579.5909
 73.3372 577.4279
 76.3811 572.9066
 78.3156 570.9721
 83.6396 561.8739
 83.4389 556.8286
 85.3511 549.5366
 85.6020 548.9624
 88.2668 545.7958
 84.1470 542.4564
 84.3700 538.8327
 83.7456 537.8794
 77.3065 532.4272
 67.7846 532.3045
 61.0780 548.0369
 56.5065 553.2272
 55.1240 555.4460
 52.0355 563.5575
 51.1045 567.6773
 51.2271 568.2850
 51.5281 569.3108
 52.7602 572.2042
 53.9923 574.5178
 56.3783 575.2481
 58.7142 577.8571
 59.1937 580.8676
 58.8926 590.7519
 59.4947 592.7533
 59.9240 593.8404
 61.4794 597.2355
 63.7874 597.7094
 68.4424 596.1707
 71.1518 596.3268
 72.1107 598.7854
 72.4341 599.8223
 80.3727 597.5533
 78.5386 590.4453
 77.9142 588.4662

Butte
33
121.1086 602.3031
120.4006 603.5352
120.7295 605.6258
122.9651 608.1847
135.6034 604.7728
137.1644 604.6669
138.8424 605.5477
139.2717 606.8467
139.7010 607.7108
140.5261 608.5861
142.8396 610.2753
152.5623 616.3017
155.2550 615.5714
158.6947 616.2237
159.3693 616.6251
160.1274 618.0801
161.8055 617.6063
162.4633 614.1944
162.5358 612.4773
162.2626 611.4962
161.0863 610.3198
156.6097 597.3526
164.5205 582.9526
168.6236 574.1331
148.4647 562.1526
146.2794 561.0432
140.7268 560.6418
133.7414 561.0265
118.7672 565.7930
121.3093 571.0892
125.9811 580.9958
126.0536 581.2801
123.8459 595.6467

Glenn
11
 74.0954 615.7944
121.1086 602.3031
123.8459 595.6467
126.0536 581.2801
125.9811 580.9958
121.3093 571.0892
 76.2027 583.8557
 77.9142 588.4662
 78.5386 590.4453
 80.3727 597.5533
 72.4341 599.8223

Plumas
47
162.5637 639.4934
171.4612 637.0293
185.4543 633.3164
181.8640 620.0202
182.5163 618.2307
187.6675 613.6369
189.6522 613.1073
190.7783 613.3638
191.2355 615.0418
196.6877 619.4125
198.6166 619.9923
200.6292 619.4627
209.8780 612.5331
222.0870 598.2111
223.6480 596.1707
226.3351 584.5192
226.2849 582.3282
225.7553 580.2989
223.0682 572.3491
220.0801 568.7812
204.1748 573.0070
193.0919 575.7665
182.8898 583.7610
180.2752 583.0084
178.8480 581.9993
178.1400 579.3958
172.9888 576.1178
168.6236 574.1331
164.5205 582.9526
156.6097 597.3526
161.0863 610.3198
162.2626 611.4962
162.5358 612.4773
162.4633 614.1944
161.8055 617.6063
160.1274 618.0801
164.8773 621.3247
165.0780 621.5254
165.4794 622.1554
167.1351 627.1059
166.4828 630.4787
166.0090 630.5679
162.2626 632.3854
162.0842 632.5582
161.8835 633.2606
161.9058 633.7401
162.2849 638.5401

Tehama
56
162.5637 639.4934
162.2849 638.5401
161.9058 633.7401
161.8835 633.2606
162.0842 632.5582
162.2626 632.3854
166.0090 630.5679
166.4828 630.4787
167.1351 627.1059
165.4794 622.1554
165.0780 621.5254
164.8773 621.3247
160.1274 618.0801
159.3693 616.6251
158.6947 616.2237
155.2550 615.5714
152.5623 616.3017
142.8396 610.2753
140.5261 608.5861
139.7010 607.7108
139.2717 606.8467
138.8424 605.5477
137.1644 604.6669
135.6034 604.7728
122.9651 608.1847
120.7295 605.6258
120.4006 603.5352
121.1086 602.3031
 74.0954 615.7944
 73.8668 616.1512
 73.8668 619.3847
 75.5003 622.7073
 77.4348 623.8390
 78.0146 625.1491
 78.1874 627.4794
 77.9365 628.2488
 77.7637 629.5923
 78.9456 639.4153
 79.9714 643.0390
 80.2501 643.2899
 80.9302 646.5010
 80.9748 647.2425
 80.7017 647.8613
 77.3065 651.7247
 81.9337 652.2599
 89.4710 652.4327
 95.4975 652.3603
108.1414 650.6488
111.5532 648.3352
116.7546 646.6739
118.5943 646.1833
125.5295 645.7205
130.7031 645.8989
135.3525 645.6481
143.9714 644.4216
151.6090 642.9052

Mendocino
57
 21.2285 646.8523
 46.3769 639.3428
 45.8529 637.6313
 77.9365 628.2488
 78.1874 627.4794
 78.0146 625.1491
 77.4348 623.8390
 75.5003 622.7073
 73.8668 619.3847
 73.8668 616.1512
 74.0954 615.7944
 72.4341 599.8223
 72.1107 598.7854
 71.1518 596.3268
 68.4424 596.1707
 63.7874 597.7094
 61.4794 597.2355
 59.9240 593.8404
 59.4947 592.7533
 58.8926 590.7519
 59.1937 580.8676
 58.7142 577.8571
 56.3783 575.2481
 53.9923 574.5178
 52.7602 572.2042
 51.5281 569.3108
 51.2271 568.2850
 51.1045 567.6773
 52.0355 563.5575
 55.1240 555.4460
 56.5065 553.2272
 61.0780 548.0369
 47.2801 552.2293
 31.0013 553.5617
 23.5644 553.6397
 21.4013 553.5059
 18.8369 558.0996
 14.9957 566.4063
 18.0619 598.0550
 18.2348 599.2871
 18.3574 599.8446
 19.3943 602.4258
 20.5985 605.0683
 21.8529 606.8969
 22.5553 607.9338
 23.5142 608.9317
 23.8654 609.4111
 24.0661 609.6899
 24.1163 609.7456
 25.3707 611.6801
 25.4710 612.1819
 26.5525 619.4125
 26.7254 621.2021
 26.7031 632.4021
 26.6529 632.5861
 24.2389 639.0139
 22.9121 642.4815

Humboldt
39
 68.9386 736.9317
 77.1839 734.4955
 78.1874 733.0627
 77.7860 719.0195
 76.9051 718.1610
 75.9797 716.9066
 74.3184 713.6174
 74.2180 711.2759
 74.4912 710.8021
 74.2180 707.3066
 70.2766 703.2871
 68.5372 701.7540
 62.7337 697.0822
 61.1003 688.7644
 46.3769 639.3428
 21.2285 646.8523
 20.0187 648.9819
  9.3428 669.3638
  9.0139 670.2669
 10.3686 683.2843
 10.5470 683.6132
 15.1184 690.1972
 18.3351 694.3449
 19.5672 695.7275
 21.7804 698.0857
 25.0696 701.2801
 28.9386 705.4000
 31.0794 707.6578
 32.7072 709.6202
 34.8480 712.7087
 37.1783 716.8063
 38.3156 719.4209
 38.0369 721.0265
 44.7937 737.0822
 49.9003 748.9178
 59.1435 746.2083
 65.0250 744.2962
 63.9156 740.5777
 66.0006 737.7902

Trinity
48
 77.7860 719.0195
 80.3504 716.9568
 82.8146 714.5707
 86.7839 708.6167
 94.0201 700.9791
 98.2403 698.8383
 99.2717 698.6878
100.4759 699.6411
101.1281 700.8007
100.6487 704.1401
108.5149 712.2850
119.7985 716.7282
126.1539 712.8090
124.8494 705.5003
125.9086 704.7477
126.7839 703.7944
126.9344 703.1143
126.1539 700.2711
125.7804 699.6411
125.2787 698.9164
119.2187 693.5366
117.2341 692.8118
116.8828 692.7617
102.4605 675.2230
 93.2118 663.5603
 84.6208 659.5909
 78.0870 654.2892
 77.3065 651.7247
 80.7017 647.8613
 80.9748 647.2425
 80.9302 646.5010
 80.2501 643.2899
 79.9714 643.0390
 78.9456 639.4153
 77.7637 629.5923
 77.9365 628.2488
 45.8529 637.6313
 46.3769 639.3428
 61.1003 688.7644
 62.7337 697.0822
 68.5372 701.7540
 70.2766 703.2871
 74.2180 707.3066
 74.4912 710.8021
 74.2180 711.2759
 74.3184 713.6174
 75.9797 716.9066
 76.9051 718.1610

Shasta
36
179.3720 690.2697
185.3261 688.6920
180.3532 670.3226
180.2529 667.9087
173.5463 643.6355
171.4612 637.0293
162.5637 639.4934
151.6090 642.9052
143.9714 644.4216
135.3525 645.6481
130.7031 645.8989
125.5295 645.7205
118.5943 646.1833
116.7546 646.6739
111.5532 648.3352
108.1414 650.6488
 95.4975 652.3603
 89.4710 652.4327
 81.9337 652.2599
 77.3065 651.7247
 78.0870 654.2892
 84.6208 659.5909
 93.2118 663.5603
102.4605 675.2230
116.8828 692.7617
117.2341 692.8118
119.2187 693.5366
125.2787 698.9164
125.7804 699.6411
126.1539 700.2711
126.9344 703.1143
126.7839 703.7944
125.9086 704.7477
124.8494 705.5003
135.7038 702.5847
150.6055 698.2641

Lassen
32
254.6278 670.2948
248.8968 647.9840
242.4410 622.2780
239.2020 609.7456
238.1707 605.6982
238.1428 605.6258
234.6250 592.2516
229.2006 571.9031
228.0968 567.8056
220.0801 568.7812
223.0682 572.3491
225.7553 580.2989
226.2849 582.3282
226.3351 584.5192
223.6480 596.1707
222.0870 598.2111
209.8780 612.5331
200.6292 619.4627
198.6166 619.9923
196.6877 619.4125
191.2355 615.0418
190.7783 613.3638
189.6522 613.1073
187.6675 613.6369
182.5163 618.2307
181.8640 620.0202
185.4543 633.3164
171.4612 637.0293
173.5463 643.6355
180.2529 667.9087
180.3532 670.3226
185.3261 688.6920

Modoc
16
194.9038 747.0836
223.9992 738.9442
233.5491 736.3798
233.6215 736.3519
252.4647 731.3512
254.4996 730.8272
269.3288 727.0808
254.6278 670.2948
185.3261 688.6920
179.3720 690.2697
184.0717 707.4348
190.6055 731.7080
190.3546 731.8585
190.2766 732.0815
193.0194 742.1833
193.5156 743.9171

