764 800

Gogebic
25
 56.1063 606.2899
 58.3322 606.4698
 59.5730 585.5084
 70.6362 575.5155
102.3483 577.7320
103.8448 556.7706
135.5285 559.0722
137.6123 530.3912
131.5976 533.3370
125.7913 535.2977
122.1920 536.0649
117.5886 537.0026
 56.3620 549.5624
 47.7425 551.3526
 39.8903 553.0102
 22.7272 574.1042
 13.0847 579.3517
 18.7205 583.9266
 20.3876 584.8643
 33.9230 590.2918
 39.1704 591.7789
 43.7359 593.7017
 45.1093 594.5162
 47.7047 596.9884
 53.8519 603.0978

Ontonagon
25
134.0698 644.2439
136.5420 611.8404
142.3009 612.2667
143.0397 601.8949
132.5448 601.2129
133.3878 587.4218
134.7139 569.5766
135.5285 559.0722
103.8448 556.7706
102.3483 577.7320
 70.6362 575.5155
 59.5730 585.5084
 58.3322 606.4698
 56.1063 606.2899
 59.2794 610.2207
 60.6433 611.3289
 63.9680 613.2896
 69.8122 615.1272
 73.6957 615.7334
 74.8133 615.5629
 76.3857 614.9662
 93.5110 617.8646
 95.3106 618.4992
 98.8058 620.3841
128.9360 639.3848

Monroe
13
663.2955  90.7606
673.7714  93.1097
684.9957  94.7294
685.7629  94.3884
695.8789  88.1179
685.7156  75.1698
680.8565  66.4746
677.0108  59.4748
676.6320  58.7360
676.4994  58.1866
676.6604  48.7526
648.9644  44.0545
642.3435  87.6443

Lenawee
6
642.3435  87.6443
648.9644  44.0545
638.4601  42.2169
595.4196  35.1698
589.7174  79.8679
610.4989  82.3116

Hillsdale
7
589.7174  79.8679
595.4196  35.1698
591.9718  34.6204
555.4669  29.0320
552.8242  36.6190
548.2114  74.7625
558.7063  75.7286

Branch
5
506.2886  69.7897
548.2114  74.7625
552.8242  36.6190
519.3504  32.6882
510.7309  31.7599

St._Joseph
5
464.2427  64.8454
506.2886  69.7897
510.7309  31.7599
477.5981  27.9522
465.7298  26.6829

Cass
5
422.8787  60.7440
464.2427  64.8454
465.7298  26.6829
441.2732  24.2013
426.5443  22.6290

Berrien
15
407.9699  80.3888
422.8787  60.7440
426.5443  22.6290
399.6440  19.8537
372.4975  17.2489
372.5353  17.3247
376.5136  20.6588
381.4958  25.4421
384.6121  28.8994
389.4049  35.4255
391.0625  38.5892
392.1707  41.6676
393.7999  48.9704
398.4506  62.4206
400.2502  66.2093

Wayne
23
698.0575 140.2326
716.9730 143.2636
716.2436 136.6995
715.9121 135.5439
713.8567 130.6280
710.9204 128.6673
708.4387 127.4265
706.1749 126.8203
705.8340 126.7540
701.9410 124.7459
700.7096 123.4199
699.5067 120.9856
697.5460 114.3268
697.5839 113.9100
697.5839 113.5122
698.1049 106.4651
697.4608  95.3261
695.8789  88.1179
685.7629  94.3884
684.9957  94.7294
673.7714  93.1097
663.2955  90.7606
656.5704 133.1665

Washtenaw
6
656.5704 133.1665
663.2955  90.7606
642.3435  87.6443
610.4989  82.3116
605.1188 125.2479
646.6249 131.4805

Jackson
7
604.2663 125.1722
605.1188 125.2479
610.4989  82.3116
589.7174  79.8679
558.7063  75.7286
552.7769 118.5513
563.2907 119.7542

Calhoun
6
521.2732 114.7341
552.7769 118.5513
558.7063  75.7286
548.2114  74.7625
506.2886  69.7897
500.9938 112.1956

Kalamazoo
5
479.1799 109.9887
500.9938 112.1956
506.2886  69.7897
464.2427  64.8454
459.4593 107.7438

Van_Buren
5
413.9561 102.7995
459.4593 107.7438
464.2427  64.8454
422.8787  60.7440
407.9699  80.3888

Allegan
6
453.2268 150.0171
474.3113 152.3282
479.1799 109.9887
459.4593 107.7438
413.9561 102.7995
415.3675 145.9252

Barry
6
516.1489 157.3578
521.2732 114.7341
500.9938 112.1956
479.1799 109.9887
474.3113 152.3282
495.2349 154.8856

Eaton
6
537.1955 159.8016
557.9865 162.1790
563.2907 119.7542
552.7769 118.5513
521.2732 114.7341
516.1489 157.3578

Ingham
5
579.1278 165.5132
597.3424 167.8527
604.2663 125.1722
563.2907 119.7542
557.9865 162.1790

Livingston
6
639.0663 173.9527
646.6249 131.4805
605.1188 125.2479
604.2663 125.1722
597.3424 167.8527
618.1522 171.0164

Oakland
8
689.1823 193.7301
698.0575 140.2326
656.5704 133.1665
646.6249 131.4805
639.0663 173.9527
637.3992 184.6844
647.8183 186.2946
658.1806 188.5205

Macomb
7
699.4215 195.7760
721.0175 199.2238
725.2041 176.0933
725.6777 173.1949
716.9730 143.2636
698.0575 140.2326
689.1823 193.7301

St._Clair
33
693.9656 227.2797
737.1577 235.0940
737.3755 234.3268
739.1278 229.1646
739.8193 227.3270
747.0274 216.6522
746.4307 182.5058
745.7866 170.5049
745.3982 167.5212
745.0951 166.7066
740.6149 159.4511
740.1982 158.9396
738.6921 158.5039
733.6152 157.4904
728.7182 162.3116
728.3961 163.1641
729.9874 167.0003
731.6545 168.4968
733.8330 168.0232
734.9412 169.5766
735.2822 170.2491
735.4148 171.3100
735.1970 172.4656
734.4297 173.3654
734.0035 173.5738
730.3284 174.4736
729.3054 174.6915
727.9415 174.4357
725.8103 173.2707
725.6777 173.1949
725.2041 176.0933
721.0175 199.2238
699.4215 195.7760

Lapeer
10
651.9576 230.1402
651.7871 231.3431
659.6867 243.4672
680.1745 246.7919
680.9796 241.5823
691.3987 243.1262
693.9656 227.2797
699.4215 195.7760
689.1823 193.7301
658.1806 188.5205

Genesee
8
631.2803 227.2418
651.9576 230.1402
658.1806 188.5205
647.8183 186.2946
637.3992 184.6844
639.0663 173.9527
618.1522 171.0164
612.1281 213.7916

Shiawassee
6
612.1281 213.7916
618.1522 171.0164
597.3424 167.8527
579.1278 165.5132
573.6152 207.1329
573.4825 208.3642

Clinton
5
573.6152 207.1329
579.1278 165.5132
557.9865 162.1790
537.1955 159.8016
532.2038 202.2264

Ionia
5
490.1958 197.3957
532.2038 202.2264
537.1955 159.8016
516.1489 157.3578
495.2349 154.8856

Ottawa
9
446.7291 203.2399
449.3812 182.0796
451.3040 167.8148
453.2268 150.0171
415.3675 145.9252
405.3651 188.1416
418.3511 189.4582
437.5981 191.6462
436.3099 202.2264

Muskegon
15
384.1574 229.6761
421.4200 232.8776
423.7217 211.6983
445.6303 213.9621
446.7291 203.2399
436.3099 202.2264
437.5981 191.6462
418.3511 189.4582
405.3651 188.1416
404.3421 190.2728
400.4586 197.1494
391.9244 211.2342
390.5983 213.8295
387.4821 220.6683
385.8624 224.8928

Kent
10
445.6303 213.9621
465.6919 216.3585
487.7615 218.7834
490.1958 197.3957
495.2349 154.8856
474.3113 152.3282
453.2268 150.0171
451.3040 167.8148
449.3812 182.0796
446.7291 203.2399

Montcalm
7
526.3975 244.4428
532.2038 202.2264
490.1958 197.3957
487.7615 218.7834
465.6919 216.3585
463.3902 237.5757
505.3888 242.0180

Gratiot
6
547.3589 246.9245
568.2256 249.4819
573.4825 208.3642
573.6152 207.1329
532.2038 202.2264
526.3975 244.4428

Saginaw
13
626.9327 258.4897
631.2803 227.2418
612.1281 213.7916
573.4825 208.3642
568.2256 249.4819
568.0267 251.4047
585.4835 253.5833
584.4037 264.1634
594.7470 265.2811
598.2517 262.1175
604.6547 261.0566
615.8789 262.4585
619.7624 259.3896

Sanilac
12
674.6334 289.1788
719.0568 297.2110
719.4830 294.6915
721.0648 286.6687
721.5384 285.1248
734.3919 241.8002
734.9886 240.3036
737.1577 235.0940
693.9656 227.2797
691.3987 243.1262
680.9796 241.5823
680.1745 246.7919

Tuscola
10
643.1960 291.5752
644.2758 284.1018
674.6334 289.1788
680.1745 246.7919
659.6867 243.4672
651.7871 231.3431
651.9576 230.1402
631.2803 227.2418
626.9327 258.4897
625.0099 272.8302

Huron
18
674.6334 289.1788
644.2758 284.1018
643.1960 291.5752
643.3381 292.1719
644.3042 297.0026
646.7385 304.7696
657.2429 323.1262
681.2353 338.4045
685.6303 339.5601
697.0724 335.2882
701.6379 332.5603
702.3672 331.8783
705.6066 327.2276
713.0800 316.4201
714.2829 313.9479
716.7172 306.5598
717.6928 303.1499
719.0568 297.2110

Bay
15
578.0007 316.2496
588.5524 317.6136
589.9637 307.1944
601.5763 308.5679
600.9322 289.9081
614.2119 277.1400
625.0099 272.8302
626.9327 258.4897
619.7624 259.3896
615.8789 262.4585
604.6547 261.0566
598.2517 262.1175
594.7470 265.2811
584.4037 264.1634
580.5770 295.4208

Midland
9
542.3767 289.3967
563.3286 291.8309
563.1108 293.6211
580.5770 295.4208
584.4037 264.1634
585.4835 253.5833
568.0267 251.4047
568.2256 249.4819
547.3589 246.9245

Isabella
5
542.3767 289.3967
547.3589 246.9245
526.3975 244.4428
505.3888 242.0180
500.1887 284.2723

Mecosta
4
458.7300 279.8395
500.1887 284.2723
505.3888 242.0180
463.3902 237.5757

Newaygo
7
458.7300 279.8395
463.3902 237.5757
465.6919 216.3585
445.6303 213.9621
423.7217 211.6983
421.4200 232.8776
417.0156 275.3592

Oceana
17
382.6135 272.2335
417.0156 275.3592
421.4200 232.8776
384.1574 229.6761
377.7923 241.8854
376.7598 243.8461
375.6516 246.7066
375.2727 248.5821
375.1307 249.9934
375.1875 251.7457
375.7369 254.1800
377.1482 256.8700
379.3267 260.3273
380.8707 263.1404
381.9694 266.3420
382.4430 268.5679
382.6609 271.8546

Arenac
18
627.6999 343.2731
627.9557 338.7076
628.0030 335.5913
627.7852 330.0408
620.4065 321.3360
613.2742 319.3280
611.1809 319.0722
607.5152 319.0722
605.9808 317.9167
605.4598 317.3199
603.7549 314.8856
601.7942 309.5529
601.5763 308.5679
589.9637 307.1944
588.5524 317.6136
578.0007 316.2496
575.5380 336.3206
600.0134 339.4369

Gladwin
7
575.5380 336.3206
580.5770 295.4208
563.1108 293.6211
563.3286 291.8309
542.3767 289.3967
537.1103 331.4521
557.9865 334.0095

Clare
5
515.9405 329.0178
537.1103 331.4521
542.3767 289.3967
500.1887 284.2723
495.4148 327.0097

Osceola
5
495.4148 327.0097
500.1887 284.2723
458.7300 279.8395
453.8235 322.3590
473.8377 324.6228

Lake
5
453.8235 322.3590
458.7300 279.8395
417.0156 275.3592
412.2038 318.2577
431.4982 319.8868

Mason
6
382.0641 316.4580
412.2038 318.2577
417.0156 275.3592
382.6135 272.2335
377.9533 290.4670
379.0331 308.9089

Iosco
15
594.4061 381.5302
643.5086 388.3121
643.9632 385.2432
644.5221 376.5290
643.4518 366.1573
636.3289 357.9167
634.7092 358.3903
633.2884 358.3429
631.4982 357.6988
630.8257 357.2347
629.6701 355.6150
628.7324 353.8153
628.0883 351.1726
627.6999 343.2731
600.0134 339.4369

Ogemaw
5
594.4061 381.5302
600.0134 339.4369
575.5380 336.3206
557.9865 334.0095
552.6538 376.1028

Roscommon
5
510.9867 371.5373
552.6538 376.1028
557.9865 334.0095
537.1103 331.4521
515.9405 329.0178

Missaukee
5
510.9867 371.5373
515.9405 329.0178
495.4148 327.0097
473.8377 324.6228
469.1397 366.8866

Wexford
5
427.2642 362.3590
469.1397 366.8866
473.8377 324.6228
453.8235 322.3590
431.4982 319.8868

Manistee
8
427.2642 362.3590
431.4982 319.8868
412.2038 318.2577
382.0641 316.4580
390.2573 337.8077
391.0246 344.7696
391.1098 347.1944
391.1477 359.1575

Alcona
7
588.8555 423.7088
637.5981 430.4054
639.8240 427.1187
644.0485 413.3749
644.1432 410.3439
643.5086 388.3121
594.4061 381.5302

Oscoda
4
547.3210 418.2813
588.8555 423.7088
594.4061 381.5302
552.6538 376.1028

Crawford
4
506.2886 413.8011
547.3210 418.2813
552.6538 376.1028
510.9867 371.5373

Kalkaska
7
506.2886 413.8011
510.9867 371.5373
469.1397 366.8866
465.1046 403.4293
465.3509 407.6917
465.4740 408.2979
468.0409 409.4914

Grand_Treverse
6
455.4906 409.1883
465.1046 403.4293
469.1397 366.8866
427.2642 362.3590
424.0722 394.1563
439.0852 395.9560

Benzie
19
424.0722 394.1563
427.2642 362.3590
391.1477 359.1575
391.5739 363.0410
391.6687 365.2195
390.9014 368.5442
390.1342 370.2586
387.7473 374.8241
387.0937 376.6616
387.0085 379.4748
387.0937 380.1568
387.5673 381.0566
388.8934 382.0796
393.8851 384.3813
399.4830 386.2283
400.7996 387.6775
401.5763 389.8087
401.7847 391.2579
401.7373 392.3282

Leelanau
18
439.0852 395.9560
424.0722 394.1563
401.7373 392.3282
400.7996 402.9084
403.7075 408.3737
410.7452 414.8714
424.6594 423.8698
426.3265 428.4826
435.5143 446.1194
440.9796 449.6619
441.8699 449.6998
443.3665 447.3128
438.7916 414.0569
438.4600 413.8011
437.2192 409.0651
437.0487 407.8243
437.0961 404.7933
437.4371 402.6526

Alpena
25
626.2507 471.8167
633.2126 464.1729
639.5683 451.3668
639.1515 450.9027
637.6834 451.0637
632.9474 452.3045
631.3277 453.2044
630.3047 454.5305
627.4347 455.1272
624.7163 453.2044
624.1290 452.3045
623.3902 450.2586
623.3523 449.8324
624.3753 444.8407
625.5309 440.3131
626.1655 438.9870
626.7622 438.0872
627.5294 437.4052
630.6078 434.8857
637.5981 430.4054
588.8555 423.7088
586.3265 442.4916
586.3739 444.0261
586.7622 444.8785
584.0722 465.6695

Montmorency
8
584.0722 465.6695
586.7622 444.8785
586.3739 444.0261
586.3265 442.4916
588.8555 423.7088
547.3210 418.2813
542.5756 460.0715
552.8621 461.3597

Otsego
5
511.1098 456.6616
542.5756 460.0715
547.3210 418.2813
506.2886 413.8011
501.8179 445.0112

Antrim
19
455.0644 450.8553
456.0779 450.9879
469.1870 452.2193
470.1247 443.4293
473.5062 441.9328
489.5138 443.8082
501.8179 445.0112
506.2886 413.8011
468.0409 409.4914
465.4740 408.2979
465.3509 407.6917
465.1046 403.4293
455.4906 409.1883
456.1631 410.8932
457.4513 414.7388
458.0954 417.1731
458.7016 425.5368
458.7300 434.2510
458.0480 440.0573

Charlevoix
20
479.7766 473.0576
485.7534 465.1959
490.1105 465.1580
509.9542 467.2513
511.1098 456.6616
501.8179 445.0112
489.5138 443.8082
473.5062 441.9328
470.1247 443.4293
469.1870 452.2193
456.0779 450.9879
455.0644 450.8553
454.5434 454.1895
455.5285 458.7076
456.7693 460.2894
459.1657 463.1120
460.4349 464.4286
468.2114 470.7085
469.2723 471.3053
473.6767 472.9723

Presque_Isle
14
626.2507 471.8167
584.0722 465.6695
552.8621 461.3597
549.2817 489.6240
545.9950 513.1049
550.0395 513.7017
557.9012 504.2676
587.1032 492.8255
605.8482 487.0571
608.3677 486.7161
613.1416 487.2749
614.5150 488.8094
615.1875 488.6863
619.5919 483.6851

Cheboygan
13
509.9542 467.2513
502.7935 527.7012
504.4984 525.2195
527.7615 514.0805
534.9791 515.3214
538.8247 516.9032
548.9786 514.5068
550.0395 513.7017
545.9950 513.1049
549.2817 489.6240
552.8621 461.3597
542.5756 460.0715
511.1098 456.6616

Emmet
27
509.9542 467.2513
490.1105 465.1580
485.7534 465.1959
479.7766 473.0576
484.0769 473.7395
489.3338 475.4824
492.7911 478.0114
492.9616 479.2049
492.8479 480.0573
492.4501 480.9951
491.8628 481.4213
486.7385 481.7718
485.9713 481.1655
481.5384 482.0654
478.7442 484.4997
476.9256 486.4604
474.4818 491.6605
473.7241 493.7632
472.9474 497.3057
472.9474 498.0730
473.3831 499.4369
475.9405 505.0727
476.9256 506.4367
485.9334 516.1738
497.6691 522.1127
498.5311 522.8326
502.7935 527.7012

Mackinac
26
400.6291 572.1814
453.5678 578.1582
464.0722 579.3990
465.3509 568.8094
528.5761 576.3207
538.5216 566.8866
541.5526 557.4525
552.3128 557.1589
534.4203 552.2430
516.4899 556.1359
499.9708 546.7777
475.7227 551.9020
465.3888 555.0183
447.3731 558.6934
440.7996 559.0344
439.5114 558.9491
433.4210 557.6704
432.3885 557.2821
431.6592 556.7706
430.2195 555.1888
425.5214 548.6247
424.6594 545.8399
421.9789 541.2745
421.2969 540.3841
418.5595 539.2664
404.0864 538.7171

Chippewa
25
580.0561 563.5146
580.4823 563.9408
581.2022 565.7784
581.0412 567.4454
579.9708 569.7092
577.9722 570.0881
576.3904 571.9257
574.9318 575.4776
575.5380 576.1502
575.8411 576.1975
590.9014 577.5615
591.7160 577.4762
595.6469 576.4154
605.6208 566.2520
606.3218 565.3995
606.4449 564.9259
604.1811 557.8409
603.7075 557.0737
603.0255 556.3822
600.0892 555.2361
585.6066 555.2740
582.8692 557.2442
581.6379 558.8639
580.2360 560.4457
580.0561 562.2359

Chippewa
41
453.5678 578.1582
446.5680 639.8868
451.8534 641.4687
463.3428 642.4064
466.2034 638.7786
465.3509 636.7327
464.9625 634.8572
464.9246 633.3228
464.9625 613.9337
465.2088 612.4845
465.7771 611.2437
467.3495 609.4535
468.1262 608.9420
469.0260 608.6389
485.1567 606.1667
503.6080 609.9176
516.8025 615.4682
518.7158 617.1731
537.1577 624.2297
541.8084 623.8793
542.6987 623.7561
543.8543 622.3448
544.5837 620.7630
544.2900 604.5376
544.4226 581.1987
554.7470 570.9027
558.4600 567.3602
562.0499 565.0964
570.1200 561.9801
572.0712 561.6865
573.1037 558.3145
572.3743 555.5771
560.7996 555.8707
554.5292 556.0886
553.1652 556.6474
552.3128 557.1589
541.5526 557.4525
538.5216 566.8866
528.5761 576.3207
465.3509 568.8094
464.0722 579.3990

Luce
12
397.2571 603.7324
395.0028 626.1431
400.8375 625.6789
404.6073 625.6316
418.3511 626.7871
422.1020 627.1660
424.8394 627.6775
427.1127 628.4921
436.0542 633.5691
446.5680 639.8868
453.5678 578.1582
400.6291 572.1814

Schoolcraft
24
397.2571 603.7324
400.6291 572.1814
404.0864 538.7171
399.5683 535.7713
386.7148 536.4911
384.7447 536.4438
376.1631 535.1272
374.2024 534.4073
369.5138 531.8404
366.6533 528.2506
366.0565 527.1045
366.0092 520.4457
365.0715 513.7395
364.1337 512.6692
358.0243 508.4447
356.6983 507.8480
356.3573 507.9332
354.7376 524.7081
351.9149 535.1272
348.8839 556.2117
338.2564 555.2740
336.1631 576.4154
357.3045 578.3287
355.2112 599.4606

Alger
21
397.2571 603.7324
355.2112 599.4606
357.3045 578.3287
336.1631 576.4154
338.2564 555.2740
295.9074 551.1821
292.0712 591.9872
295.1401 594.7246
299.9613 597.4147
300.6907 597.3768
303.4186 596.9032
304.6121 595.7950
306.4591 592.0346
312.2559 587.3365
313.0326 586.8724
315.2017 586.7019
337.0629 592.4229
352.3412 606.1667
368.2256 618.9254
389.9542 624.9496
395.0028 626.1431

Delta
26
295.9074 551.1821
338.2564 555.2740
348.8839 556.2117
351.9149 535.1272
354.7376 524.7081
356.3573 507.9332
351.7444 506.7777
349.2723 518.9018
328.1783 509.6382
312.5117 503.0647
311.5361 507.7628
310.7215 509.9413
309.0544 512.3756
307.8136 513.1049
306.7527 512.8018
306.0707 512.3756
305.1804 510.7938
292.2796 480.9951
290.2337 476.2970
290.1863 476.1265
284.7684 475.6150
281.0554 517.9261
278.4127 521.2508
276.5278 528.1274
287.1174 529.0651
285.2798 550.1970

Menominee
27
255.3580 526.3372
276.5278 528.1274
278.4127 521.2508
281.0554 517.9261
284.7684 475.6150
290.1863 476.1265
288.6140 469.9792
285.8860 461.1892
278.0622 443.4672
272.5211 434.5068
267.2169 418.1961
263.3334 418.8023
261.1169 419.1812
261.0317 419.2191
254.2877 426.3514
253.8993 426.9955
253.1416 429.5056
253.0942 429.5908
245.5356 465.9252
244.6831 487.9569
242.1257 491.1111
241.9078 491.3195
241.7752 491.4142
240.1555 492.7308
251.3324 493.7632
249.5138 515.1035
256.2578 515.7097

Dickinson
25
210.2242 554.3363
252.6206 558.0114
255.3580 526.3372
256.2578 515.7097
249.5138 515.1035
251.3324 493.7632
240.1555 492.7308
219.9708 498.1582
218.8152 497.9877
218.7300 498.0256
217.5744 498.3287
216.8546 498.4992
213.5962 501.1419
213.5110 501.1892
212.9616 502.2596
213.0847 502.6858
213.1321 502.7710
214.6286 504.6844
215.2254 505.1580
216.5893 507.0808
217.7828 509.1267
217.6597 509.5529
217.3945 509.9413
214.8844 513.5312
213.5678 514.3742

Marquette
29
209.6275 635.6245
221.7042 636.3064
229.2344 634.3363
231.9149 633.5691
245.1093 626.4367
248.6045 623.1973
249.3338 619.6169
250.2242 616.9269
268.7608 593.3986
269.4806 592.5934
270.8541 591.4852
272.2086 590.8411
275.7132 590.0739
280.1555 590.0265
291.1335 591.7315
292.0712 591.9872
295.9074 551.1821
285.2798 550.1970
287.1174 529.0651
276.5278 528.1274
255.3580 526.3372
252.6206 558.0114
210.2242 554.3363
208.5192 575.3450
205.9997 606.7635
216.4283 607.7485
215.5664 618.0351
215.3580 618.1203
211.0861 617.8172

Iron
15
161.0080 571.5847
208.5192 575.3450
210.2242 554.3363
213.5678 514.3742
211.5597 515.7097
208.3109 517.2821
206.1891 517.6230
205.9997 517.6704
181.1548 520.7867
166.2176 519.2049
164.4653 522.3211
142.7840 527.8717
137.6123 530.3912
135.5285 559.0722
134.7139 569.5766

Keweenaw
23
144.7447 776.9269
145.3509 778.0824
145.5024 778.3761
146.7906 779.9200
150.2005 782.0985
155.4953 784.9496
165.5640 787.6870
166.0376 786.4556
165.9997 785.2527
153.9230 770.6943
146.9232 764.4239
128.0835 748.3690
111.1003 739.5316
108.3724 738.7644
105.5877 739.4938
101.7515 741.6628
 99.8287 744.4855
100.4349 746.0199
102.8976 749.2688
105.6350 752.0441
112.2654 756.5243
120.2787 761.2982
138.4648 772.7024

Keweenaw
23
166.8143 677.6704
170.7357 684.5944
173.8235 688.6484
176.1252 690.4386
189.7743 699.3611
192.6348 700.6777
204.2474 703.8793
209.2959 704.7412
213.4257 704.9969
224.1006 705.2527
227.9367 704.0498
230.2100 702.8184
231.5266 701.8333
232.3412 697.7793
232.2654 697.1826
223.8448 694.4452
222.8598 694.5305
211.5124 692.1435
198.9999 674.6394
196.6604 671.6084
191.4035 669.1741
185.5119 668.6626
184.6121 679.1196

Houghton
20
166.8143 677.6704
184.6121 679.1196
185.5119 668.6626
191.4035 669.1741
175.4338 637.0737
166.8143 635.3214
157.0298 623.9645
161.0080 571.5847
134.7139 569.5766
133.3878 587.4218
132.5448 601.2129
143.0397 601.8949
142.3009 612.2667
136.5420 611.8404
134.0698 644.2439
136.0305 650.9879
137.1387 652.8255
142.9545 658.2435
152.0002 666.6640
154.1219 668.5773

Baraga
24
209.6275 635.6245
211.0861 617.8172
215.3580 618.1203
215.5664 618.0351
216.4283 607.7485
205.9997 606.7635
208.5192 575.3450
161.0080 571.5847
157.0298 623.9645
166.8143 635.3214
175.4338 637.0737
173.7383 629.4772
173.5962 622.8563
173.7383 622.1743
174.7044 619.8253
175.8221 617.5236
177.8207 617.6941
178.1238 618.5466
179.5351 620.8956
183.6365 626.6166
192.6916 636.3064
199.8145 641.2129
200.7523 641.5160
201.6900 641.0424

