792 647

Canillo
233
490.1600 567.1800
502.7500 564.9000
510.4200 563.9300
513.6300 553.5800
516.6700 550.6000
519.1000 548.4800
523.2200 546.6200
526.2200 545.7800
528.3400 544.3400
531.6500 543.3300
534.5200 544.5900
535.7700 546.2800
537.2000 548.1400
538.9500 549.8300
541.3200 550.2600
544.5100 549.5000
547.4400 548.7400
550.9400 549.0700
555.0600 550.6800
557.5000 552.7300
561.8700 553.1500
563.5900 554.3700
566.5900 558.1200
569.6600 559.2400
572.8800 559.4400
575.5800 559.2400
579.1700 557.3100
584.1200 555.9900
589.6600 553.5600
592.9600 552.6500
596.5500 552.4400
601.1200 552.8500
606.2900 553.0500
610.7300 549.8100
612.8600 547.2700
620.5500 545.1200
626.7600 540.5100
637.2500 531.9800
651.4600 532.5100
656.3500 534.9300
662.0300 535.4900
667.8500 533.5400
672.9400 533.3600
677.0600 534.2000
684.4500 537.3200
686.5800 534.8300
688.0500 529.1400
688.9200 523.3900
681.3300 514.6500
676.9300 510.8800
674.8200 504.7100
671.8100 497.0200
669.1900 494.1500
666.5700 492.6300
664.0700 490.6000
662.5700 485.3600
660.8000 478.1100
661.2000 460.7700
662.2000 459.0800
665.3200 456.8900
676.0600 457.6100
697.0700 455.5600
707.5600 449.6000
720.7900 443.3500
731.0700 439.9400
746.3900 436.2500
770.7400 439.9400
775.8000 441.9500
781.1700 441.7800
782.9200 438.7400
783.9200 436.3700
785.4200 431.8100
787.6600 429.4500
790.0400 424.2100
792.0000 418.8400
790.6800 416.9400
787.3200 413.2500
779.8000 406.4700
773.5600 403.2600
769.6900 400.3900
764.3200 396.6800
754.2000 392.4500
746.5900 393.5100
725.4900 393.1300
713.2400 391.0300
710.0400 388.7400
706.8500 385.9000
702.6500 382.3900
694.6600 372.6600
690.3700 368.8800
689.5100 367.3200
681.5900 366.8900
674.1000 367.2300
663.6100 366.8900
645.3800 369.5900
631.1500 370.6100
618.9200 372.2900
610.6700 372.2900
604.1800 373.9800
594.6900 373.9800
587.9500 374.3200
582.7100 372.9700
580.4600 369.5900
577.2100 366.8900
573.4700 368.5800
570.7200 373.3100
567.9800 374.3200
562.7300 373.9800
558.2400 368.2400
552.9900 364.5300
548.0000 360.8100
543.0000 355.7400
536.2600 349.3300
530.3100 343.0300
528.5300 342.2700
518.8300 337.9700
513.4400 338.4500
508.6500 339.5900
505.5400 342.7800
501.0600 345.8300
491.1900 346.3600
489.2500 348.3800
486.5500 350.7100
482.8800 354.8700
479.9600 357.7000
477.4100 358.2100
474.6400 357.6000
471.6400 355.5800
464.4500 354.4600
462.1300 353.4500
458.4600 352.7400
456.1200 352.2300
453.0500 350.3100
448.0300 345.4400
445.2100 341.7600
443.7500 338.6900
440.2600 338.1500
438.5500 339.1100
431.7800 337.4400
429.1700 334.9100
426.8700 332.3400
424.1700 331.1300
419.6800 331.4000
415.6900 332.7500
414.7400 333.9500
411.9500 337.9100
407.5600 340.0700
405.3600 341.5500
398.5700 341.1500
384.4900 340.8800
369.8000 340.3400
316.1300 338.0100
319.4900 340.0000
327.8800 345.3900
331.8100 346.9800
334.1900 351.0300
335.4300 357.9600
338.0600 366.2300
338.0600 372.4800
336.3100 379.0600
333.6900 384.3000
330.0900 386.8300
328.6700 389.2700
328.0700 391.9000
328.2200 396.1600
327.1700 401.3300
325.5200 404.7700
324.2500 407.8100
324.1700 414.5800
325.6000 422.6900
325.6700 431.0000
325.0700 436.7800
323.9500 441.1400
322.3200 442.2500
322.4300 444.2000
323.1500 446.1500
325.5900 448.2600
328.5200 449.1000
330.7400 451.3100
333.1900 454.1200
336.8600 455.9500
339.9300 458.6800
342.1000 462.6400
343.5300 465.5800
344.1300 468.9200
343.4500 473.5400
344.7200 479.2100
345.0200 483.5700
345.7000 487.0200
348.1700 489.1500
349.7400 491.0800
351.3900 493.3100
352.8100 495.3400
354.8400 496.2500
359.4100 497.2600
367.1300 499.3100
369.4500 502.1000
372.8200 504.2900
375.0600 507.8400
380.5600 513.2300
382.8000 517.6500
385.0500 520.3500
387.5500 522.2100
392.5400 523.9000
396.7900 524.7500
403.4100 526.2700
409.2700 526.4400
410.4400 528.7700
410.8500 532.5300
410.2800 535.8300
409.0900 537.3700
407.9100 538.8700
407.6400 542.2100
409.5300 550.4600
407.1400 554.2800
405.0400 557.8300
404.0700 561.7700
405.7800 562.3300
407.6800 562.9600
411.1800 565.9600
415.1100 569.9400
418.9400 569.2900
421.9400 564.9000
431.0500 565.0700
436.2300 562.9600
441.2600 564.2600
449.2900 565.7200
456.5400 565.5200
463.8000 567.3400
467.6300 571.5600
473.2700 574.3200
475.6600 574.6400
478.9000 572.0500

Encamp
182
587.9500 374.3200
594.6900 373.9800
604.1800 373.9800
610.6700 372.2900
618.9200 372.2900
631.1500 370.6100
645.3800 369.5900
663.6100 366.8900
674.1000 367.2300
681.5900 366.8900
689.5100 367.3200
688.0700 364.6900
686.8800 357.8100
682.8700 352.7300
680.9700 350.0300
680.1700 346.2500
680.4700 343.0100
681.3700 339.6300
680.9700 331.9300
679.5700 327.2000
679.1700 321.3900
679.3700 315.3200
680.2800 305.3700
680.8700 302.0400
679.4700 297.8500
676.7700 293.1300
675.0700 291.1000
672.7800 288.9400
671.8800 285.0200
670.5800 281.1100
668.8800 278.8100
664.7900 274.0900
660.5900 267.2000
658.1900 263.9600
655.3000 261.9500
655.2000 254.0200
663.7900 249.0300
664.5900 234.3100
665.1900 227.6900
665.2900 214.4700
664.7900 212.7100
663.4900 210.8900
654.0400 206.3500
650.9000 204.1400
647.0100 198.2000
642.5500 190.5800
637.6200 184.0300
634.4200 179.9800
630.5300 176.7400
626.5300 174.4500
622.3400 173.1000
618.7400 173.3700
612.3500 178.6300
607.1500 182.1400
596.5200 191.4500
591.5200 193.6100
587.4300 194.0200
582.9300 193.2100
579.0400 191.8600
573.9400 191.7200
567.1700 190.9400
559.9100 189.5600
555.3200 188.0800
545.6300 187.6700
538.0500 188.7600
536.4500 187.9300
533.1400 186.5800
532.0200 184.0500
520.2000 185.8700
514.2100 188.0300
500.8200 191.2700
492.8300 192.3500
481.0400 195.5900
472.2500 198.5600
461.6700 199.9100
454.7700 202.4000
449.1600 205.4700
445.2900 207.6700
442.9100 209.1900
439.9200 209.3500
437.0500 209.1900
434.8000 206.9900
431.6800 204.1200
429.6800 203.2800
423.3100 202.1000
414.9500 204.1200
409.2000 205.8100
403.3500 211.6000
392.7200 217.4500
384.4800 222.1800
377.1200 228.7600
370.6200 235.5100
362.7600 242.6000
354.8900 247.8300
345.9000 254.9200
340.7800 259.5700
337.6600 262.1100
334.7900 262.2800
331.3000 260.4200
328.4200 258.7300
325.8000 259.4100
323.1800 261.2600
318.3200 260.5900
315.1500 258.0200
312.3300 253.6700
310.5800 250.9700
305.8400 248.4400
300.5900 247.9300
295.7300 248.9400
291.1100 252.8200
287.3600 257.7200
285.6100 263.1200
284.2400 272.4000
283.8600 275.9500
285.8600 278.8200
287.6000 281.2500
287.8600 285.0600
286.7400 289.4500
286.4900 293.5000
287.7300 297.7200
290.2300 300.9300
292.9800 304.3100
297.4700 308.5300
300.4700 311.0600
302.7200 315.1100
305.2100 318.1500
307.7100 321.7000
308.5800 324.5700
309.8000 329.4500
309.9600 332.9600
311.0800 335.4900
312.4000 338.8900
316.1300 338.0100
369.8000 340.3400
384.4900 340.8800
398.5700 341.1500
405.3600 341.5500
407.5600 340.0700
411.9500 337.9100
414.7400 333.9500
415.6900 332.7500
419.6800 331.4000
424.1700 331.1300
426.8700 332.3400
429.1700 334.9100
431.7800 337.4400
438.5500 339.1100
440.2600 338.1500
443.7500 338.6900
445.2100 341.7600
448.0300 345.4400
453.0500 350.3100
456.1200 352.2300
458.4600 352.7400
462.1300 353.4500
464.4500 354.4600
471.6400 355.5800
474.6400 357.6000
477.4100 358.2100
479.9600 357.7000
482.8800 354.8700
486.5500 350.7100
489.2500 348.3800
491.1900 346.3600
501.0600 345.8300
505.5400 342.7800
508.6500 339.5900
513.4400 338.4500
518.8300 337.9700
528.5300 342.2700
530.3100 343.0300
536.2600 349.3300
543.0000 355.7400
548.0000 360.8100
552.9900 364.5300
558.2400 368.2400
562.7300 373.9800
567.9800 374.3200
570.7200 373.3100
573.4700 368.5800
577.2100 366.8900
580.4600 369.5900

La_Massana
230
140.5100 498.2400
142.2600 496.3800
143.8800 494.5200
148.3700 493.6700
152.3700 491.8100
159.9800 489.0800
161.8600 485.3900
165.3500 483.7000
168.7200 484.0400
171.4600 485.1500
177.2100 482.3500
180.5900 474.4100
180.6100 468.8600
179.9600 464.6800
181.2800 459.8100
182.3600 454.6200
182.1200 447.9700
181.7600 442.7800
182.6000 438.5700
182.9600 431.9200
185.1200 427.3800
188.3500 423.9700
190.5100 420.0800
192.0700 414.7300
194.7100 409.8600
198.5400 404.5400
203.2200 400.3800
205.9700 397.7800
210.1700 396.3200
214.6000 394.7000
216.7600 391.3000
218.2000 386.5900
220.3600 381.5700
222.6300 380.7600
225.2700 379.3000
228.1500 374.9200
228.7500 370.5400
227.5500 367.7900
227.5500 362.7600
227.5500 358.5400
230.1900 354.6500
230.8700 350.4900
231.7100 349.7600
232.8300 347.4700
238.4600 348.0100
244.2100 349.1400
245.8900 348.0100
251.2800 347.3600
256.1900 345.2500
261.4700 343.9500
268.5900 339.9300
274.0200 338.4900
280.0500 340.4100
286.4200 340.5700
290.0400 343.1100
295.6500 344.4600
299.7700 343.1100
307.7700 341.9300
312.4000 338.8900
311.0800 335.4900
309.9600 332.9600
309.8000 329.4500
308.5800 324.5700
307.7100 321.7000
305.2100 318.1500
302.7200 315.1100
300.4700 311.0600
297.4700 308.5300
292.9800 304.3100
290.2300 300.9300
287.7300 297.7200
286.4900 293.5000
286.7400 289.4500
287.8600 285.0600
287.6000 281.2500
285.8600 278.8200
283.8600 275.9500
282.5500 277.5600
280.3600 277.1000
277.6900 274.5700
271.4500 273.0500
264.3300 272.0400
257.4600 273.3900
250.5300 276.6300
239.6100 275.9200
236.0700 272.7100
231.8200 274.9000
227.0800 273.7200
223.8900 269.3300
222.6500 266.8000
219.0200 263.5900
214.4100 262.9200
208.1600 262.5800
203.2900 261.9100
200.0500 257.5200
195.8000 254.1400
192.5800 253.9800
189.3100 253.8100
185.1900 252.6200
182.0700 248.9100
179.5700 247.5600
175.4500 247.7300
170.9600 247.5600
165.2100 248.7400
160.0900 247.9000
154.9800 247.7300
150.3500 245.5400
142.9900 243.1700
135.3700 241.4800
131.8800 239.1200
127.0100 236.2500
122.0100 235.0700
119.8400 234.6200
120.6000 235.9600
119.5200 241.1400
117.8500 245.8400
109.1000 265.7700
105.9800 271.7600
102.7400 276.4600
 97.8300 281.4900
 95.3100 284.5600
 92.0800 289.9100
 89.5600 296.7200
 88.4800 301.9000
 88.7200 306.1200
 90.1600 309.0400
 91.1200 311.4700
 91.1300 316.7200
 89.4500 318.9900
 85.6800 321.5500
 80.0100 324.3900
 74.7600 327.5100
 71.1900 328.9300
 67.0000 329.7800
 63.6400 329.7800
 60.2800 329.2100
 57.9700 327.5100
 50.6700 323.3600
 44.4300 320.7700
 39.6300 317.9800
 36.3500 317.5700
 34.0400 317.0100
 30.6900 315.3000
 26.0700 311.9000
 23.9700 310.4800
 19.8600 306.8300
 14.7100 306.1800
 11.8000 307.0700
 10.9600 307.3600
 10.5400 308.2100
 10.1200 311.6100
 10.5400 316.4400
 13.2700 319.3100
 15.1900 321.5800
 16.7500 324.5000
 19.7400 329.3600
 22.1400 331.7900
 22.2900 337.4400
 22.2900 339.1500
 21.8700 345.1100
 22.5000 347.0900
 24.8100 351.0700
 27.9600 357.8800
 29.8500 362.1400
 32.1600 367.5300
 36.1400 372.3600
 39.5000 376.0500
 41.3900 377.1900
 46.2200 378.6000
 50.6300 380.5900
 55.6600 383.1500
 62.5900 386.2700
 66.1600 388.5400
 68.2600 390.8100
 71.8200 394.2200
 72.8700 396.2100
 73.2900 398.7600
 73.5000 402.4500
 73.0800 404.7300
 72.2400 407.0000
 71.4000 408.9900
 70.7700 410.1200
 68.6800 411.5400
 63.0100 412.6800
 59.2300 413.2500
 56.9200 414.3800
 54.1900 415.8000
 51.8800 417.2200
 50.6300 418.9200
 48.3200 422.6200
 45.1700 427.1600
 43.7000 429.4300
 42.2300 431.4200
 39.2900 436.2500
 37.4000 438.8000
 36.5600 440.5100
 36.5600 441.6400
 36.7700 442.7800
 37.8200 444.4800
 38.2400 446.4700
 38.6600 448.1800
 38.6600 449.8800
 39.0800 452.4400
 39.7100 453.8600
 40.7600 454.4300
 42.2300 454.9900
 45.8000 456.1300
 47.4800 456.9800
 49.7900 459.5400
 55.2400 464.9400
 60.4900 468.3400
 64.9000 472.8900
 65.9500 475.1600
 67.0000 480.2700
 67.6300 484.8200
 69.1000 487.0900
 70.3500 490.7900
 70.9800 495.9000
 70.9800 499.2600
 82.3200 499.3100
 88.1900 497.6000
 92.3900 497.6000
 97.4700 496.7000
100.8300 497.6700
103.1000 499.4600
105.8600 506.6000
112.3300 506.9800
115.0600 509.2500
124.5000 509.2500
130.9600 500.5200

Ordino
229
404.0700 561.7700
405.0400 557.8300
407.1400 554.2800
409.5300 550.4600
407.6400 542.2100
407.9100 538.8700
409.0900 537.3700
410.2800 535.8300
410.8500 532.5300
410.4400 528.7700
409.2700 526.4400
403.4100 526.2700
396.7900 524.7500
392.5400 523.9000
387.5500 522.2100
385.0500 520.3500
382.8000 517.6500
380.5600 513.2300
375.0600 507.8400
372.8200 504.2900
369.4500 502.1000
367.1300 499.3100
359.4100 497.2600
354.8400 496.2500
352.8100 495.3400
351.3900 493.3100
349.7400 491.0800
348.1700 489.1500
345.7000 487.0200
345.0200 483.5700
344.7200 479.2100
343.4500 473.5400
344.1300 468.9200
343.5300 465.5800
342.1000 462.6400
339.9300 458.6800
336.8600 455.9500
333.1900 454.1200
330.7400 451.3100
328.5200 449.1000
325.5900 448.2600
323.1500 446.1500
322.4300 444.2000
322.3200 442.2500
323.9500 441.1400
325.0700 436.7800
325.6700 431.0000
325.6000 422.6900
324.1700 414.5800
324.2500 407.8100
325.5200 404.7700
327.1700 401.3300
328.2200 396.1600
328.0700 391.9000
328.6700 389.2700
330.0900 386.8300
333.6900 384.3000
336.3100 379.0600
338.0600 372.4800
338.0600 366.2300
335.4300 357.9600
334.1900 351.0300
331.8100 346.9800
327.8800 345.3900
319.4900 340.0000
316.1300 338.0100
312.4000 338.8900
307.7700 341.9300
299.7700 343.1100
295.6500 344.4600
290.0400 343.1100
286.4200 340.5700
280.0500 340.4100
274.0200 338.4900
268.5900 339.9300
261.4700 343.9500
256.1900 345.2500
251.2800 347.3600
245.8900 348.0100
244.2100 349.1400
238.4600 348.0100
232.8300 347.4700
231.7100 349.7600
230.8700 350.4900
230.1900 354.6500
227.5500 358.5400
227.5500 362.7600
227.5500 367.7900
228.7500 370.5400
228.1500 374.9200
225.2700 379.3000
222.6300 380.7600
220.3600 381.5700
218.2000 386.5900
216.7600 391.3000
214.6000 394.7000
210.1700 396.3200
205.9700 397.7800
203.2200 400.3800
198.5400 404.5400
194.7100 409.8600
192.0700 414.7300
190.5100 420.0800
188.3500 423.9700
185.1200 427.3800
182.9600 431.9200
182.6000 438.5700
181.7600 442.7800
182.1200 447.9700
182.3600 454.6200
181.2800 459.8100
179.9600 464.6800
180.6100 468.8600
180.5900 474.4100
177.2100 482.3500
171.4600 485.1500
168.7200 484.0400
165.3500 483.7000
161.8600 485.3900
159.9800 489.0800
152.3700 491.8100
148.3700 493.6700
143.8800 494.5200
142.2600 496.3800
140.5100 498.2400
137.1400 498.7400
130.9600 500.5200
124.5000 509.2500
127.2300 514.0800
135.6800 525.2600
137.6000 527.8500
140.6000 531.4200
139.4000 535.1600
137.2400 538.0800
135.0800 543.7600
134.3600 547.6500
133.5500 553.1800
132.0600 555.0000
130.5700 558.8100
126.4500 561.4500
126.5700 565.5100
128.0300 567.8600
127.8600 570.0700
126.2300 574.6700
123.1000 577.8900
122.5000 581.6200
123.5800 584.5400
124.8900 587.1400
125.7300 592.5000
128.1300 595.1000
130.2900 598.0200
133.6200 598.6200
135.2000 600.3700
137.8400 604.1100
140.4800 607.0300
141.0700 611.2500
141.0700 614.6600
140.4800 617.9100
140.8400 621.6400
143.3900 623.7900
144.0200 628.9100
143.5900 635.9300
144.9100 637.8800
150.1100 638.2900
153.4700 638.5800
156.8300 638.5800
161.4400 638.2900
165.6400 638.2900
167.1800 640.9600
171.0200 642.2600
175.9300 641.7100
176.9800 640.5700
180.7500 634.8800
183.4800 630.0500
185.3700 626.0700
187.6800 622.0900
189.7800 620.3800
190.6200 619.8100
199.4300 618.9600
208.8800 620.3800
217.7900 621.0500
224.8300 619.5300
229.9600 618.8800
232.9600 622.6100
235.3200 627.7700
240.8800 631.3800
244.4800 633.4900
246.7600 634.9500
251.1900 635.9300
255.1500 633.9800
259.4600 630.5700
263.6600 631.7500
267.8600 635.7300
269.8700 638.1400
273.3600 638.8500
278.2800 641.2900
285.8300 644.7000
290.9800 646.6400
294.7000 646.8100
301.6500 642.5600
308.6000 637.0700
312.4400 637.2300
314.0000 638.6900
316.9900 641.7800
322.6400 641.9900
323.4700 641.0600
327.4000 632.8400
331.2300 628.1300
335.0700 625.0500
345.0900 626.0700
347.0500 620.5000
348.3700 618.3900
348.3700 610.9200
349.9300 608.9800
354.1200 609.2900
354.9200 606.8900
354.4600 603.0500
354.8200 598.8300
356.7400 595.1000
359.3700 591.3600
364.4100 586.6500
367.6500 584.2200
374.3600 584.2200
382.2700 583.2500
386.4600 580.4900
388.9800 576.7500
392.5300 572.3400
396.9400 566.0900
399.6500 561.6600

Sant_Julià_de_Lòria
182
100.6200 188.6100
106.2400 184.4000
110.7600 181.7700
114.6300 179.0600
118.8800 175.5200
124.5000 171.3100
131.1100 167.2600
136.6000 164.5600
142.9700 160.0000
150.0900 154.2700
156.7100 148.5300
163.2000 142.4600
169.4400 139.2600
174.9400 138.2400
182.1800 141.1100
186.4200 142.9700
191.5400 147.5200
196.6600 150.7300
201.1600 150.5600
206.4000 149.3800
211.7500 147.3500
216.6200 145.3300
224.6100 142.2900
234.7300 141.4500
243.0900 141.2800
255.4500 140.9400
261.5700 139.5900
273.9300 138.5800
282.1700 139.0900
282.6700 131.6700
284.2900 125.9300
286.7900 122.0500
291.2900 121.2100
295.5300 121.0400
298.5900 120.3500
300.1500 119.0200
300.5200 115.9800
300.5200 113.1200
301.5200 107.8900
304.4000 104.3500
307.0200 101.8200
311.0100  96.9300
314.8800  92.2100
316.7600  89.3400
318.0900  86.3500
316.7400  85.0000
315.7900  83.2400
314.7000  76.4700
315.0600  72.7300
316.6900  66.5400
315.9800  57.9100
317.6000  47.9300
316.9100  44.1800
313.9700  43.4000
309.6000  42.9800
306.1600  40.4500
305.5400  34.5500
305.2300  25.7000
305.5400  19.3800
304.9200  12.6400
302.7300  10.9500
296.4900  10.1100
293.9900  11.8000
291.8100  12.2200
288.6800  10.9500
285.5600  10.5300
279.3200  10.5300
276.5100  11.8000
273.3900  11.8000
271.2100   9.2700
262.7800  10.1100
262.6000  10.1900
259.2500   9.3400
248.4400   9.3400
244.6700   5.4800
240.6200   4.2100
236.5600   3.7900
228.4400   0.0000
215.9600   1.2600
209.4000   2.5300
202.8500   6.3200
201.7200   8.0400
191.0400  13.3000
182.6400  15.2900
169.2100  15.0000
158.5100  13.8700
156.6900  14.1900
149.8800  16.0700
140.4200  19.8000
132.6200  20.6500
127.3100  21.9100
125.3400  23.4600
 98.6400  24.4100
 95.0500  26.3500
 88.4000  26.9000
 85.8900  28.0400
 82.1100  30.0200
 78.3300  34.5500
 74.3400  39.0900
 71.6100  43.6200
 70.9800  44.4700
 70.9800  45.3200
 72.0300  45.6100
 74.7600  45.6100
 76.5700  45.2200
 76.1100  48.5200
 75.7500  51.1100
 75.0300  54.1800
 73.7100  55.9600
 73.2300  58.8800
 72.1600  62.1100
 70.9600  63.8900
 68.9200  65.3500
 68.2600  73.6600
 68.0500  76.7800
 68.2600  79.0500
 68.6800  79.9000
 69.7200  81.3100
 71.4000  83.0200
 74.7600  86.1300
 76.4400  87.5500
 79.1700  91.2300
 78.9600  93.2200
 78.5400  94.0700
 76.6500  95.7700
 73.5000  97.7600
 70.7700  99.7400
 67.8300 102.2900
 66.3700 104.2700
 65.5300 106.2600
 64.9000 111.0800
 65.1100 115.3300
 64.9000 121.0000
 64.9000 123.5500
 64.4800 127.2400
 64.6900 129.5100
 65.3200 132.0600
 66.4400 134.1400
 65.0300 136.8600
 58.8100 142.7300
 52.3700 150.1200
 48.7000 154.2700
 30.2700 154.5700
 26.6500 155.4100
 23.8000 156.0900
 22.6000 156.0200
 21.0100 155.2100
 18.7600 154.6700
 16.7600 155.4100
 15.3600 158.0400
 13.8800 160.1400
  9.9900 159.8700
  7.8900 159.8700
  6.7900 159.0600
  5.2900 158.3800
  3.6000 158.6500
  2.2000 160.0000
  1.2000 161.4900
  0.5000 163.2400
  0.0000 165.6700
  1.5000 168.6400
  3.6000 170.2600
  6.0900 172.0100
  9.2900 174.4400
 11.8900 177.0100
 13.4800 179.0300
 15.0800 181.3200
 17.9800 183.0800
 20.6800 184.2900
 27.2700 184.4300
 29.7700 184.9700
 32.5600 186.1800
 35.0700 186.3900
 43.2100 186.0200
 56.4900 186.0200
 63.2900 187.3600
 66.8700 190.7700
 74.2700 192.2200
 79.1700 194.3800
 84.6600 197.8900
 86.0700 199.5600
 90.1400 195.8700

Andorra_la_Vella
102
250.9200 252.2900
255.1700 245.8700
256.1700 243.1700
257.2900 237.7700
259.5400 232.7100
262.5400 226.8000
264.4100 221.7400
265.1600 217.6900
264.6600 214.3200
260.2900 211.9500
258.5400 209.0900
259.2900 204.8700
261.1600 199.3000
263.2900 196.9400
265.4100 191.4600
267.7800 185.5500
270.1500 181.3300
273.4000 180.1500
275.0200 175.9400
276.4000 170.7100
278.2700 167.8400
280.6400 164.3000
283.5100 161.2600
285.3800 158.0500
287.5100 154.5100
288.7600 151.6400
288.7600 148.7800
286.0100 144.0500
282.1700 139.0900
273.9300 138.5800
261.5700 139.5900
255.4500 140.9400
243.0900 141.2800
234.7300 141.4500
224.6100 142.2900
216.6200 145.3300
211.7500 147.3500
206.4000 149.3800
201.1600 150.5600
196.6600 150.7300
191.5400 147.5200
186.4200 142.9700
182.1800 141.1100
174.9400 138.2400
169.4400 139.2600
163.2000 142.4600
156.7100 148.5300
150.0900 154.2700
142.9700 160.0000
136.6000 164.5600
131.1100 167.2600
124.5000 171.3100
118.8800 175.5200
114.6300 179.0600
110.7600 181.7700
106.2400 184.4000
100.6200 188.6100
 95.2500 191.8200
 90.1400 195.8700
 86.0700 199.5600
 87.8600 201.6700
 88.5400 206.2400
 89.1100 207.7000
 92.4800 210.4300
 94.5800 212.3500
 98.6200 217.0100
102.3700 219.5400
106.1200 221.2600
114.3600 229.2600
119.3500 233.7500
119.8400 234.6200
122.0100 235.0700
127.0100 236.2500
131.8800 239.1200
135.3700 241.4800
142.9900 243.1700
150.3500 245.5400
154.9800 247.7300
160.0900 247.9000
165.2100 248.7400
170.9600 247.5600
175.4500 247.7300
179.5700 247.5600
182.0700 248.9100
185.1900 252.6200
189.3100 253.8100
192.5800 253.9800
195.8000 254.1400
200.0500 257.5200
203.2900 261.9100
208.1600 262.5800
214.4100 262.9200
219.0200 263.5900
222.6500 266.8000
223.8900 269.3300
227.0800 273.7200
231.8200 274.9000
236.0700 272.7100
237.8200 266.4600
240.5600 259.5400
242.1900 256.8400
244.4300 256.1700

Escaldes-Engordany
176
236.0700 272.7100
239.6100 275.9200
250.5300 276.6300
257.4600 273.3900
264.3300 272.0400
271.4500 273.0500
277.6900 274.5700
280.3600 277.1000
282.5500 277.5600
283.8600 275.9500
284.2400 272.4000
285.6100 263.1200
287.3600 257.7200
291.1100 252.8200
295.7300 248.9400
300.5900 247.9300
305.8400 248.4400
310.5800 250.9700
312.3300 253.6700
315.1500 258.0200
318.3200 260.5900
323.1800 261.2600
325.8000 259.4100
328.4200 258.7300
331.3000 260.4200
334.7900 262.2800
337.6600 262.1100
340.7800 259.5700
345.9000 254.9200
354.8900 247.8300
362.7600 242.6000
370.6200 235.5100
377.1200 228.7600
384.4800 222.1800
392.7200 217.4500
403.3500 211.6000
409.2000 205.8100
414.9500 204.1200
423.3100 202.1000
429.6800 203.2800
431.6800 204.1200
434.8000 206.9900
437.0500 209.1900
439.9200 209.3500
442.9100 209.1900
445.2900 207.6700
449.1600 205.4700
454.7700 202.4000
461.6700 199.9100
472.2500 198.5600
481.0400 195.5900
492.8300 192.3500
500.8200 191.2700
514.2100 188.0300
520.2000 185.8700
532.0200 184.0500
530.6500 179.4100
530.6500 175.7200
530.7700 167.3700
530.7700 159.3600
530.4600 151.0900
529.7100 148.3900
528.9600 145.2700
528.4000 142.9100
528.5800 140.8000
530.1500 138.9500
531.0200 136.0000
533.9900 132.0600
533.9900 128.9400
531.0500 126.6700
527.3600 123.7500
524.6600 118.9000
521.4000 112.5000
518.0400 110.7900
508.1700 110.2300
503.7700 111.6500
499.9900 113.3500
496.6300 111.9300
493.2700 109.0300
489.3800 107.0100
483.6800 108.2200
480.9800 112.3600
477.2900 112.8100
474.3800 109.9400
470.8000 107.4100
468.1000 105.1200
466.9600 101.5100
464.2700 100.5400
461.0000 100.8300
459.6900 102.2000
454.4400 104.5600
451.5000 106.0400
447.1800 107.3400
442.4800 103.9900
439.1200 104.2700
433.0300 105.1200
428.2100 104.8400
422.9600 103.1400
418.7600 102.5700
413.9400 103.4200
408.2700 105.4100
401.9700 110.2300
397.1300 110.1100
394.2100 109.3800
392.7900 107.7300
389.0400 106.6000
384.7400 105.1200
380.8400 103.9000
377.1500 100.2600
373.3500  95.0000
369.1600  86.9100
368.1800  82.7300
363.1400  66.8600
361.0400  62.8900
358.3200  61.1900
354.2400  61.9200
349.7100  66.8600
344.4600  72.5300
337.5400  81.8800
335.6200  86.3000
333.2000  88.6400
330.8900  89.2700
327.6500  88.9600
326.1500  87.7100
324.3300  85.8100
322.4800  86.0100
320.2400  85.8700
318.0900  86.3500
316.7600  89.3400
314.8800  92.2100
311.0100  96.9300
307.0200 101.8200
304.4000 104.3500
301.5200 107.8900
300.5200 113.1200
300.5200 115.9800
300.1500 119.0200
298.5900 120.3500
295.5300 121.0400
291.2900 121.2100
286.7900 122.0500
284.2900 125.9300
282.6700 131.6700
282.1700 139.0900
286.0100 144.0500
288.7600 148.7800
288.7600 151.6400
287.5100 154.5100
285.3800 158.0500
283.5100 161.2600
280.6400 164.3000
278.2700 167.8400
276.4000 170.7100
275.0200 175.9400
273.4000 180.1500
270.1500 181.3300
267.7800 185.5500
265.4100 191.4600
263.2900 196.9400
261.1600 199.3000
259.2900 204.8700
258.5400 209.0900
260.2900 211.9500
264.6600 214.3200
265.1600 217.6900
264.4100 221.7400
262.5400 226.8000
259.5400 232.7100
257.2900 237.7700
256.1700 243.1700
255.1700 245.8700
250.9200 252.2900
248.5500 255.4900
244.4300 256.1700
242.1900 256.8400
240.5600 259.5400

