793 803

Aragac̣otn
137
184.5425 624.1661
187.6225 625.4261
191.1625 625.0361
195.2925 622.7161
202.3725 614.1761
212.7025 614.1761
214.1725 621.5461
219.1925 622.3261
223.6225 622.3261
235.1225 615.3461
237.4825 617.6661
240.1425 617.6661
243.9825 614.9561
246.3425 611.0761
246.6325 603.3161
246.0825 599.7061
246.0825 599.7061
245.7525 597.5061
252.2425 589.3661
254.3025 583.9461
263.1525 573.4861
270.5325 571.1661
284.6925 568.8461
284.1025 562.6461
282.0425 554.9161
278.2025 547.9561
274.0725 542.5361
270.5325 542.5361
271.4125 531.3261
266.7025 521.2861
266.7025 509.7061
265.2225 504.6861
257.2525 505.0661
254.8925 498.8961
240.7325 483.0861
236.8925 480.3861
236.0125 477.6861
237.4825 474.9861
240.7325 474.9861
244.2725 476.9161
247.8125 476.9161
249.5825 473.8361
250.1725 469.9761
247.5225 462.2761
245.8625 459.8061
245.8625 459.8061
240.7325 451.1061
240.7325 446.3961
240.7325 446.3961
236.5725 447.0461
232.1025 449.8261
212.2625 457.3361
206.5125 464.5761
205.0125 465.4161
203.5225 464.8561
196.2725 456.2261
193.0725 454.5561
190.0925 454.5561
186.2525 456.2261
184.3325 460.1261
182.2025 461.5161
179.8525 460.6861
181.1325 440.6461
178.1425 438.4261
155.7525 438.9761
148.2925 441.2061
132.5125 443.9861
122.0625 447.3261
112.2525 448.1561
101.3725 457.0661
 98.1725 457.8961
 97.5325 462.6261
 94.7625 463.4661
 88.1525 463.4661
 83.4625 464.2961
 75.7825 467.9161
 61.4925 466.8061
 55.9525 463.4661
 54.5525 461.7761
 54.5525 461.7761
 46.5325 465.3661
 46.2025 470.4761
 44.5525 475.9461
 33.9725 486.7561
 33.0225 488.6161
 33.8525 492.0361
 41.8225 505.3461
 41.2825 511.4661
 39.7425 514.9861
 38.7125 516.6361
 35.8225 518.7461
 35.8225 518.7461
 40.5025 519.2561
 50.3625 521.8361
 58.5825 528.7261
 60.8925 533.0361
 67.1425 537.3361
 76.6725 538.2061
 79.9625 539.0661
 83.2525 541.2161
 85.8825 541.6461
 89.5025 539.0661
 95.0925 537.3361
100.6825 537.7761
102.9825 539.4961
105.9425 539.4961
110.2225 537.7761
114.1625 534.7561
121.0725 534.7561
128.6325 539.0661
132.9125 539.0661
137.5125 537.7761
143.4325 531.7361
148.0325 531.3061
150.6625 533.0361
153.6225 533.8961
158.8925 533.8961
162.5025 532.6061
167.1125 532.6061
177.3025 536.4761
180.9225 539.9261
183.8825 539.9261
185.2025 543.3761
185.2025 546.8161
179.6025 553.2861
179.2825 557.1661
179.2825 562.7761
182.2425 570.5361
170.4025 572.2561
170.4025 579.1661
169.4125 582.1861
161.8525 593.8461
161.5225 598.5961
162.5025 603.3461
165.7925 607.2361
170.7325 611.1261
175.9925 612.4261

Ararat
114
233.3325 377.0161
231.9025 379.6661
229.1725 382.4461
222.5925 384.2861
219.5525 386.2461
219.5525 386.2461
221.5425 401.6061
221.3325 404.9361
215.3625 412.7161
214.7225 416.3261
215.5725 419.6561
217.9125 421.0461
223.6725 421.6061
234.5525 421.3261
240.0925 420.4961
242.2325 418.5461
244.3625 417.9961
244.7525 418.8061
244.7525 418.8061
251.3525 412.2561
255.1925 410.7161
260.2025 410.3361
264.0425 408.4161
268.7625 403.4261
270.5325 402.6561
272.0125 403.4261
277.0225 409.1861
282.0425 409.5661
284.6925 410.7161
289.4125 415.3361
295.3225 419.1761
300.4825 427.4461
300.4825 427.4461
299.8925 413.6061
303.1325 408.6061
309.6325 406.6861
314.6425 407.0661
316.7125 407.8361
316.7125 411.6861
318.1825 413.2161
321.7225 413.2161
324.3825 416.2961
327.0325 417.0661
330.5725 416.6761
331.7625 420.5261
333.8225 423.5961
351.3825 424.5561
355.5125 433.7861
359.9325 435.7161
364.6525 435.3261
369.9725 437.6361
393.8625 436.8661
395.0025 437.7561
395.0025 437.7561
396.3725 437.0561
396.3725 435.1361
392.8325 415.9061
392.8325 405.9161
413.7825 374.0561
413.4925 359.0961
414.9625 354.8761
414.9625 347.9861
413.4925 335.3361
415.4725 331.7961
415.4725 331.7961
415.8525 331.1261
407.8825 325.7661
404.6325 320.4161
403.1625 315.8161
402.3725 308.6761
402.3725 308.6761
400.4625 308.6761
394.2925 304.3661
391.4425 300.6761
389.2725 294.8361
383.6025 291.3061
377.8825 288.9961
374.1125 288.0961
359.5225 287.8361
344.6125 286.2061
336.0925 285.0461
329.0325 282.8161
326.5725 283.1561
325.3125 284.4861
325.7325 289.4561
323.3625 290.8361
319.9225 290.6861
318.6125 295.7561
315.3125 300.2661
313.8925 301.1661
311.0925 300.2261
311.2525 302.8261
312.8025 306.8261
310.4825 308.6361
308.7825 308.5861
306.8325 306.9961
304.7525 306.7561
291.3625 315.6961
292.6825 318.0661
292.3425 319.8661
287.9625 318.3461
286.3725 318.9561
285.6225 320.0361
285.2125 327.0361
283.5325 330.0261
279.4125 332.9361
277.0525 335.7461
275.3925 344.2961
271.1525 349.1461
266.7825 351.6261
258.2225 364.1461
252.4625 365.8161
249.8825 368.7061
240.8925 375.4761

Armavir
100
 54.5525 461.7761
 55.9525 463.4661
 61.4925 466.8061
 75.7825 467.9161
 83.4625 464.2961
 88.1525 463.4661
 94.7625 463.4661
 97.5325 462.6261
 98.1725 457.8961
101.3725 457.0661
112.2525 448.1561
122.0625 447.3261
132.5125 443.9861
148.2925 441.2061
155.7525 438.9761
178.1425 438.4261
181.1325 440.6461
179.8525 460.6861
182.2025 461.5161
184.3325 460.1261
186.2525 456.2261
190.0925 454.5561
193.0725 454.5561
196.2725 456.2261
203.5225 464.8561
205.0125 465.4161
206.5125 464.5761
212.2625 457.3361
232.1025 449.8261
236.5725 447.0461
240.7325 446.3961
240.7325 446.3961
241.9125 446.2061
243.4025 440.9261
245.5325 437.8661
243.8225 426.1961
245.6425 424.9361
245.4225 420.2161
244.7525 418.8061
244.7525 418.8061
244.3625 417.9961
242.2325 418.5461
240.0925 420.4961
234.5525 421.3261
223.6725 421.6061
217.9125 421.0461
215.5725 419.6561
214.7225 416.3261
215.3625 412.7161
221.3325 404.9361
221.5425 401.6061
219.5525 386.2461
219.5525 386.2461
215.9825 388.1961
213.6125 388.0961
211.7425 387.0861
210.5025 388.7361
208.2925 389.3661
206.7625 391.1761
201.8825 391.6961
196.6725 390.5961
195.6125 389.0561
193.6825 389.3861
191.9525 387.3361
186.6925 387.6361
185.0025 386.9861
183.9825 384.4561
179.2325 383.9961
174.5825 385.3661
168.3325 384.5761
165.8225 386.3961
153.9525 383.6861
140.1825 382.9161
137.1025 383.0661
134.6025 384.1461
128.7125 381.5661
123.9725 382.1461
112.7725 381.4661
106.0625 384.3561
101.8825 387.7461
 93.7625 391.2461
 91.3425 393.4261
 87.8725 394.5061
 78.9625 401.2761
 70.8725 400.2461
 66.2025 401.3261
 60.4725 406.3561
 52.1925 409.7761
 48.6725 414.2661
 48.1825 417.6061
 49.1125 421.5361
 52.4225 426.1161
 64.9325 429.4861
 65.0225 431.4961
 63.3325 433.8161
 53.9225 441.4161
 49.0625 446.9961
 48.8225 448.6961
 49.7725 449.6261
 57.0325 450.1561

Erevan
35
240.7325 446.3961
240.7325 451.1061
245.8625 459.8061
245.8625 459.8061
249.5825 455.7261
261.0925 456.1161
274.0725 460.7361
278.5025 460.7361
280.8625 459.5761
282.9225 453.0361
287.0525 450.7261
299.7425 439.9461
302.6925 434.9461
301.8125 429.1761
300.4825 427.4461
300.4825 427.4461
295.3225 419.1761
289.4125 415.3361
284.6925 410.7161
282.0425 409.5661
277.0225 409.1861
272.0125 403.4261
270.5325 402.6561
268.7625 403.4261
264.0425 408.4161
260.2025 410.3361
255.1925 410.7161
251.3525 412.2561
244.7525 418.8061
244.7525 418.8061
245.4225 420.2161
245.6425 424.9361
243.8225 426.1961
245.5325 437.8661
243.4025 440.9261

Geġark'unik'
13
509.2825 569.5861
507.2625 569.1161
505.7225 570.5161
501.8025 585.3161
504.1725 590.6161
508.2125 595.1361
516.9925 594.0461
521.8625 588.5961
520.7925 580.4961
519.2525 578.4761
517.3525 577.3861
514.0325 576.7661
511.7825 570.8461

Geġark'unik'
156
339.5725 587.8161
342.6325 587.0061
350.6725 587.6261
353.5125 591.0461
358.9625 594.9061
362.0825 599.0261
364.1025 600.4261
369.3725 598.1961
378.4725 591.6961
384.5225 590.7561
388.4525 592.2861
396.4025 593.0561
412.0325 609.6261
421.1725 613.9961
424.6925 613.9461
431.1225 615.9161
438.2225 616.8461
446.0325 615.6061
453.1325 613.4261
460.9425 609.6961
475.9925 595.5561
475.9925 595.5561
474.7325 593.3061
474.3225 589.5861
474.8725 587.8461
479.4025 585.0161
480.5925 583.3061
479.6625 575.6161
481.8825 574.3261
483.8025 571.7761
490.9225 571.4661
494.4825 568.9761
496.8525 565.0861
496.2625 563.2161
493.6525 561.6561
492.9425 559.4761
494.2525 555.5861
492.2325 553.7161
491.6425 551.3861
492.5925 546.0961
496.4125 540.4961
506.5525 532.6361
508.5325 532.2661
509.5625 531.0661
509.2025 527.1761
512.0525 525.4661
514.3125 521.5761
523.6925 515.9861
527.5325 515.7161
530.3425 516.4461
534.0225 514.1161
538.5325 508.3661
542.4525 506.1961
543.2825 502.0061
545.1825 498.4361
547.0825 496.8861
557.8825 496.7261
563.3625 492.5361
566.9225 491.4461
569.8225 491.6761
574.7325 490.0561
578.1725 487.2661
580.1625 483.5061
600.6225 477.6461
602.5225 476.5561
605.7125 472.0761
617.2325 472.3761
624.0025 467.4161
624.0325 461.6261
621.3625 459.7861
619.4025 460.3461
619.2625 458.0361
624.9425 451.9061
629.0525 446.3161
629.5125 444.5861
626.5925 440.0761
625.7825 436.2361
624.0225 422.7361
624.1325 417.7261
623.1825 416.0261
621.6425 415.2561
618.7525 415.2261
611.5725 411.4161
611.4425 408.4461
612.7525 405.9761
612.5125 401.4961
610.6125 393.9261
606.9825 388.4461
606.4625 385.3061
605.6125 384.2261
604.1725 383.3861
601.0725 383.8661
596.6825 381.3761
595.1825 376.0161
593.5225 375.3961
591.8225 375.5961
587.5825 381.4161
584.1425 384.9661
582.0025 386.1961
578.2025 384.6561
576.1325 385.6861
558.1725 385.5361
554.4925 387.3861
553.0725 387.2361
550.9325 385.5361
547.8425 384.4561
539.6525 384.3061
537.4125 382.1661
535.9825 375.5061
530.1125 375.4261
530.1125 375.4261
528.9325 377.0861
525.0925 379.0061
517.1225 379.3861
515.3525 373.6261
509.4525 369.0261
497.0625 365.9561
468.4425 364.4161
444.8425 355.9861
431.8625 346.0161
421.5325 334.5261
417.1025 331.8461
415.5525 331.7461
415.5525 331.7461
413.5625 335.2961
415.0425 347.9361
415.0425 354.8361
413.5625 359.0561
413.8625 374.0161
392.9125 405.8761
392.9125 415.8661
396.4525 435.0961
396.4525 437.0161
395.0825 437.7161
395.0825 437.7161
393.9425 440.2861
388.9225 443.3661
385.0925 442.9761
381.5525 444.8961
377.1325 451.0561
375.3625 462.9961
371.5625 469.4361
361.3225 517.1461
364.1425 521.4161
369.3825 526.2761
369.1625 527.4061
361.1925 528.9461
358.8325 530.1061
353.0125 535.3961
350.1925 543.7561
348.5625 551.9261
346.7825 555.0361
345.5925 556.7061
338.4725 559.1161
338.2825 588.1061
338.2825 588.1061

Kotayk'
102
338.2025 588.1561
338.3925 559.1661
345.5225 556.7561
346.7025 555.0961
348.4825 551.9861
350.1125 543.8161
352.9325 535.4561
358.7525 530.1661
361.1125 529.0161
369.0825 527.4661
369.3025 526.3361
364.0625 521.4761
361.2425 517.1961
371.4825 469.4861
375.2825 463.0461
377.0525 451.1061
381.4725 444.9461
385.0125 443.0261
388.8525 443.4061
393.8625 440.3261
395.0025 437.7561
395.0025 437.7561
393.8625 436.8661
369.9725 437.6361
364.6525 435.3261
359.9325 435.7161
355.5125 433.7861
351.3825 424.5561
333.8225 423.5961
331.7625 420.5261
330.5725 416.6761
327.0325 417.0661
324.3825 416.2961
321.7225 413.2161
318.1825 413.2161
316.7125 411.6861
316.7125 407.8361
314.6425 407.0661
309.6325 406.6861
303.1325 408.6061
299.8925 413.6061
300.4825 427.4461
300.4825 427.4461
301.8125 429.1761
302.6925 434.9461
299.7425 439.9461
287.0525 450.7261
282.9225 453.0361
280.8625 459.5761
278.5025 460.7361
274.0725 460.7361
261.0925 456.1161
249.5825 455.7261
245.8625 459.8061
245.8625 459.8061
247.5225 462.2761
250.1725 469.9761
249.5825 473.8361
247.8125 476.9161
244.2725 476.9161
240.7325 474.9861
237.4825 474.9861
236.0125 477.6861
236.8925 480.3861
240.7325 483.0861
254.8925 498.8961
257.2525 505.0661
265.2225 504.6861
266.7025 509.7061
266.7025 521.2861
271.4125 531.3261
270.5325 542.5361
274.0725 542.5361
278.2025 547.9561
282.0425 554.9161
284.1025 562.6461
284.6925 568.8461
270.5325 571.1661
263.1525 573.4861
254.3025 583.9461
252.2425 589.3661
245.7525 597.5061
246.0825 599.7061
246.0825 599.7061
253.7125 606.0361
258.4325 608.7461
277.3225 609.9061
279.0925 608.3561
282.0425 607.5861
286.7625 607.5861
289.7125 609.5261
294.1425 609.5261
302.9925 606.8061
313.3125 601.3861
320.3025 599.0161
322.3625 596.1161
329.9325 594.1261
332.5125 592.4861
332.5125 592.4861
332.7725 590.1461
334.2025 588.6261
334.8725 588.9761

Loṙy
207
356.2425 789.0161
356.7125 785.6161
358.8425 783.1061
362.8625 781.5361
365.4625 779.6561
367.3525 776.5261
366.6525 773.3961
360.7325 766.8161
356.0025 764.6261
353.4025 764.3061
348.1925 759.2961
353.0525 753.6161
358.7525 750.5461
362.1325 747.0161
365.1625 746.5461
368.3725 744.0961
372.1025 740.6861
372.8225 738.4461
371.3025 732.3261
370.1525 729.9761
367.8325 727.6261
358.4925 722.5661
354.1225 721.8561
349.7625 719.9761
344.4225 719.6261
340.2425 717.8661
336.9425 713.9861
335.6125 709.1661
335.5225 705.4061
336.9425 699.2961
342.6425 695.5361
357.1525 692.2861
359.7325 691.1161
362.6725 686.5361
362.6725 683.2461
361.3325 680.1961
356.4425 677.0261
351.9025 664.4761
350.5625 655.3261
348.2525 652.3961
344.1525 650.0561
341.9325 647.7161
330.1825 641.1961
326.0825 634.1661
325.3725 628.1961
326.5325 626.7861
332.4925 624.4461
333.0325 623.0461
328.4025 618.2461
328.8425 615.4361
331.9925 609.6961
336.3325 605.2861
335.2725 602.7061
335.8525 600.7261
333.7525 593.8961
332.5125 592.4861
332.5125 592.4861
329.9325 594.1261
322.3625 596.1161
320.3025 599.0161
313.3125 601.3861
302.9925 606.8061
294.1425 609.5261
289.7125 609.5261
286.7625 607.5861
282.0425 607.5861
279.0925 608.3561
277.3225 609.9061
258.4325 608.7461
253.7125 606.0361
246.0825 599.7061
246.0825 599.7061
246.6325 603.3161
246.3425 611.0761
243.9825 614.9561
240.1425 617.6661
237.4825 617.6661
235.1225 615.3461
223.6225 622.3261
219.1925 622.3261
214.1725 621.5461
212.7025 614.1761
202.3725 614.1761
195.2925 622.7161
191.1625 625.0361
187.6225 625.4261
184.5425 624.1661
184.5425 624.1661
184.5425 626.2661
180.9225 626.2661
174.3425 624.9661
169.4125 625.3961
169.0825 627.5561
169.7425 629.2861
169.0825 631.4561
161.5225 634.9161
153.3025 633.6161
150.0125 637.9461
148.0325 643.1361
147.0525 658.7261
149.3525 663.4961
154.2825 667.8261
157.5725 669.5561
161.5225 670.8561
166.4525 670.8561
170.0725 673.4661
172.3725 676.4961
172.3725 681.6961
171.0525 684.3061
175.6625 684.3061
178.9525 687.7761
182.8925 695.1461
183.2225 698.1861
181.9125 699.9261
179.2825 700.3561
170.0725 699.0561
165.7925 699.9261
164.8125 702.0961
165.4625 714.2461
162.8325 718.1561
159.2225 719.4661
158.2325 725.1061
156.2625 728.1561
154.6125 729.0261
151.3225 729.0261
147.3825 730.7561
144.7525 732.4961
141.7925 735.9761
141.4625 754.6761
144.0025 761.8561
144.0025 761.8561
152.8525 765.2461
170.1125 764.5261
174.8725 765.3861
177.6125 772.9361
179.3025 781.4261
180.6025 782.7361
182.0325 782.7861
185.0925 780.0261
186.8225 779.5461
192.2425 780.1761
195.6525 777.4261
197.1425 774.2761
199.9525 772.7061
203.9625 771.5261
206.7825 771.7261
208.8425 773.3761
210.8925 773.1061
213.2825 772.0661
217.0225 768.3861
219.8325 768.5761
220.8725 770.7461
221.7625 777.6161
223.2525 779.0961
229.2725 775.6661
235.5125 768.5761
240.8025 766.9661
246.9925 763.3161
248.4125 761.5061
252.5125 761.9761
260.3225 766.4261
265.2825 775.7661
266.9725 776.1161
268.1325 775.4161
266.5325 766.4561
268.4925 766.2161
272.2225 769.4061
277.5725 770.4661
279.2625 768.8161
279.7025 767.0461
281.0425 766.2161
282.3725 767.1661
285.3125 781.1961
286.3825 782.0161
287.9825 782.0161
290.7425 780.2461
294.5725 780.0161
299.9125 780.2461
301.6925 781.4261
303.2925 781.4261
304.9825 776.2361
306.1425 775.0561
312.8525 774.4061
313.5925 773.6361
313.8325 770.8361
315.1125 770.1561
320.0025 774.4961
330.4925 774.8761
332.5725 774.0461
336.3025 775.2461
344.6825 771.7261
350.3425 770.7261
353.7625 770.9161
357.8425 772.4861
356.6125 775.5661
354.5225 776.3261
351.2925 775.0061
346.1125 777.5961
340.2325 778.4661
334.6725 784.7561
334.1025 793.4361
334.5825 796.7161
336.3425 800.8661
337.9525 802.1261
340.9925 801.3061
346.1225 794.9461
352.2425 793.7561

Širak
169
 64.9925 639.6761
 64.0025 643.9861
 58.1825 652.1061
 56.8825 659.6161
 57.0025 664.4661
 58.3025 671.1861
 56.6425 674.1561
 56.1725 681.6661
 50.4725 686.0561
 42.9925 693.4161
 33.0025 699.4461
 27.6025 700.1861
 23.3725 704.6361
 19.9525 706.9961
 16.5425 708.1661
  8.8325 708.5061
  7.8425 711.2061
  6.2125 712.7661
  6.5125 724.1361
  5.7725 727.0761
  3.5425 730.6061
  1.1725 732.0761
  0.2625 736.3561
  4.4325 744.8561
  9.2425 744.8461
 12.8225 746.7861
 20.9925 748.7461
 26.3325 751.1061
 31.5925 750.7161
 40.1625 745.2161
 44.0225 746.7861
 55.4325 747.7161
 59.1525 747.1861
 76.3325 738.5461
 84.5925 749.1661
 92.1725 754.3661
 96.9825 756.6061
108.8525 757.7761
112.5625 759.1561
119.5325 759.7461
123.6825 758.7661
125.4725 757.1961
127.6925 756.9961
135.7025 762.8861
138.5225 762.4961
142.6725 763.0861
144.0025 761.8561
144.0025 761.8561
141.4625 754.6761
141.7925 735.9761
144.7525 732.4961
147.3825 730.7561
151.3225 729.0261
154.6125 729.0261
156.2625 728.1561
158.2325 725.1061
159.2225 719.4661
162.8325 718.1561
165.4625 714.2461
164.8125 702.0961
165.7925 699.9261
170.0725 699.0561
179.2825 700.3561
181.9125 699.9261
183.2225 698.1861
182.8925 695.1461
178.9525 687.7761
175.6625 684.3061
171.0525 684.3061
172.3725 681.6961
172.3725 676.4961
170.0725 673.4661
166.4525 670.8561
161.5225 670.8561
157.5725 669.5561
154.2825 667.8261
149.3525 663.4961
147.0525 658.7261
148.0325 643.1361
150.0125 637.9461
153.3025 633.6161
161.5225 634.9161
169.0825 631.4561
169.7425 629.2861
169.0825 627.5561
169.4125 625.3961
174.3425 624.9661
180.9225 626.2661
184.5425 626.2661
184.5425 624.1661
184.5425 624.1661
183.5525 612.8561
175.9925 612.4261
170.7325 611.1261
165.7925 607.2361
162.5025 603.3461
161.5225 598.5961
161.8525 593.8461
169.4125 582.1861
170.4025 579.1661
170.4025 572.2561
182.2425 570.5361
179.2825 562.7761
179.2825 557.1661
179.6025 553.2861
185.2025 546.8161
185.2025 543.3761
183.8825 539.9261
180.9225 539.9261
177.3025 536.4761
167.1125 532.6061
162.5025 532.6061
158.8925 533.8961
153.6225 533.8961
150.6625 533.0361
148.0325 531.3061
143.4325 531.7361
137.5125 537.7761
132.9125 539.0661
128.6325 539.0661
121.0725 534.7561
114.1625 534.7561
110.2225 537.7761
105.9425 539.4961
102.9825 539.4961
100.6825 537.7761
 95.0925 537.3361
 89.5025 539.0661
 85.8825 541.6461
 83.2525 541.2161
 79.9625 539.0661
 76.6725 538.2061
 67.1425 537.3361
 60.8925 533.0361
 58.5825 528.7261
 50.3625 521.8361
 40.5025 519.2561
 35.8225 518.7461
 35.8225 518.7461
 30.4925 524.0161
 25.8725 525.0961
 23.2825 527.8061
 23.0125 530.7161
 25.3325 531.5261
 25.6625 535.1861
 30.5325 537.6061
 40.3825 545.9761
 41.4325 546.4161
 42.0225 545.2061
 43.2925 544.6061
 44.5325 550.4261
 46.6125 548.6061
 48.5525 548.5161
 47.0625 557.5061
 54.0325 559.6061
 58.6625 565.0561
 61.8625 572.5261
 63.2925 573.6161
 65.1925 579.8461
 67.0825 581.8761
 68.5125 585.7661
 68.9825 590.4461
 71.4825 592.1561
 74.0125 597.2961
 72.4825 600.4561
 73.3725 600.9661
 73.6125 605.8061
 71.9525 609.3061
 73.6725 615.4361

Syunik'
255
589.9025 228.3861
587.6425 237.3361
582.2925 242.4061
575.0525 244.8561
566.4225 246.1561
566.4225 246.1561
565.2925 258.1961
565.1025 273.1561
569.0825 283.4561
568.1325 290.0861
566.2425 294.7461
567.0025 304.3261
571.9225 313.1761
582.1625 326.4461
589.3225 330.8261
589.3225 330.8261
592.8925 320.9261
598.8325 320.3061
605.5925 317.5361
614.6225 311.3961
622.2125 310.1561
627.0725 310.1561
629.8025 308.4561
635.1325 302.4561
635.8825 298.2861
637.3425 295.5061
643.3025 289.9361
645.2325 284.8961
651.5425 280.9661
650.2425 278.0661
651.1925 274.5361
652.7325 273.1461
657.2425 276.3761
659.7425 275.9161
668.5225 266.3861
671.7225 264.8561
675.8825 261.3261
677.5725 257.8761
676.7125 254.8761
678.2025 250.9761
678.4925 243.7861
680.9825 244.5961
683.3625 248.1261
690.1225 248.7361
699.0225 247.6661
704.8425 252.5761
714.0925 257.6361
726.5325 258.5761
727.6825 252.9861
729.1125 251.1461
733.1125 251.5961
738.4825 257.2861
739.9125 256.6761
739.2825 253.6861
740.2625 250.3761
740.2625 245.9261
738.8425 241.4861
740.2625 238.8761
745.8025 237.2861
747.9625 239.2061
751.5925 237.9761
754.5325 240.4561
767.1325 242.0461
775.8725 237.3361
778.4825 235.3461
780.0225 232.2761
781.0925 227.6861
780.5025 226.1461
776.9425 226.1461
775.1125 228.4261
772.5625 228.3761
770.9825 227.6061
768.3625 223.7461
761.4125 219.5861
761.1825 217.5061
762.3625 214.1161
770.3425 206.3961
772.1125 203.1861
769.8425 202.8961
767.8425 204.0861
763.3425 205.1861
761.7625 207.7361
759.4825 208.6861
756.1125 206.2461
751.6225 198.4261
750.1325 197.5161
741.5825 199.5861
736.9425 199.4161
735.1925 196.9361
734.4225 193.0561
731.5525 189.8361
732.0725 180.5761
735.7525 174.7661
737.4225 170.3361
739.5525 168.9561
740.8525 168.9861
751.6225 160.3361
754.2225 159.0361
756.9225 160.4661
760.3025 163.8661
761.2625 163.7861
768.4025 154.3761
768.5125 151.5361
765.6625 149.0861
765.3125 146.9561
772.4525 135.4661
779.3825 133.0561
780.9325 128.5361
782.8525 126.3061
790.5425 125.6361
791.6725 125.3461
792.2625 124.1361
791.0425 123.0761
783.2325 123.2261
778.4825 121.5561
778.9625 119.2661
778.3125 117.1161
774.8625 111.5161
772.2125 109.3561
769.9425 105.8461
767.8025 107.3661
765.6625 117.8861
762.8125 118.9161
760.8025 116.4461
761.7525 111.6361
761.1525 110.5661
759.2525 110.8761
756.5325 113.9861
751.7525 116.2161
746.5925 116.3761
744.7525 114.2761
744.7225 108.2461
746.9125 102.0061
750.2625 101.3461
753.6425  99.2261
757.5025 100.8761
759.6425  99.5561
757.6825  96.0461
757.7725  93.6261
761.8525  90.8261
761.8725  87.2961
762.9025  85.0961
766.8725  82.8661
769.1625  79.4261
768.8625  77.2061
766.5525  75.6561
765.7125  72.8061
767.3125  70.8661
771.8825  69.9961
768.7525  65.6961
768.5125  63.8661
771.1225  52.1461
765.0725  50.0261
764.7125  46.8261
765.9025  42.5761
764.1025  40.3461
760.6825  38.4661
760.5625  36.1861
760.9225  32.8461
764.2425  28.4361
768.7525  20.2361
770.7325  12.2561
768.2425  10.4061
765.8925  11.1261
765.2725  15.4061
764.2625  16.3661
755.7125  14.9861
752.4325  16.0261
749.5125  18.4861
748.3325  18.6361
745.3825  17.8761
741.2125  18.2261
739.6725  16.2561
738.0725  16.0961
726.1425  24.9161
723.5325  25.9761
720.0925  25.9761
717.6025  25.0661
712.4925  20.3561
710.4725  21.1161
705.0125  20.9661
704.2125  17.7161
704.9025  14.2861
703.1225  11.8561
700.9825  12.0061
701.4525  17.7761
700.0325  19.8961
698.9625  19.8961
697.3025  18.5361
695.9925  14.7361
695.9925  11.7061
694.8125  11.0961
691.8425  11.7061
690.8925   9.4261
693.2125   5.4461
693.2125   3.3261
692.0225   2.1061
690.0025   3.3261
689.2725   5.1861
689.2725   5.1861
689.0725   5.7161
689.0725   5.7161
686.6825   7.1161
684.4225   7.1161
681.4625   5.2961
679.3225   1.0461
676.9525   2.2561
677.0625   6.0561
675.4025   7.2661
673.0125   0.2661
669.3525   0.5861
670.5425  16.2261
669.2325  21.2361
665.9125  26.0961
663.8925  32.6261
661.4025  44.3361
660.5925  52.1261
660.8325  57.3061
654.7525  62.3561
653.9225  64.9461
654.1625  76.9661
652.6225  79.7061
646.3225  82.6061
642.0825  86.0461
641.5525  89.0561
642.2325  95.9361
637.4225 102.4161
638.6025 109.5561
635.1325 113.0761
635.1325 118.6961
634.3025 122.2761
634.0425 133.1761
635.1325 136.1261
636.9525 136.8261
637.4225 141.7161
637.0725 145.8361
635.4425 148.4861
627.1625 150.4761
621.4625 154.6061
618.9725 157.5061
614.8125 158.5761
607.5725 164.3861
603.1825 166.8261
601.6125 168.8661
589.9125 170.3461
588.3325 170.8961
584.8225 174.6661
583.8925 177.1661
584.2125 181.8561
587.3625 188.0561
595.7125 199.7261
595.7125 203.2461
594.3625 207.5661
591.7525 210.3261
590.9525 212.7361

Tavuš
202
475.9625 595.5561
460.9225 609.6961
453.1125 613.4261
446.0125 615.6061
438.2125 616.8461
431.1125 615.9161
424.6825 613.9461
421.1625 613.9961
412.0225 609.6261
396.3925 593.0661
388.4425 592.2961
384.5125 590.7661
378.4625 591.6961
369.3625 598.1961
364.1025 600.4261
362.0825 599.0261
358.9725 594.9061
353.5125 591.0461
350.6825 587.6361
342.6325 587.0061
339.5725 587.8161
339.5725 587.8161
334.8725 588.9761
334.8725 588.9761
334.2025 588.6261
332.7725 590.1461
332.5125 592.4861
332.5125 592.4861
333.7525 593.8961
335.8525 600.7261
335.2725 602.7061
336.3325 605.2861
331.9925 609.6961
328.8425 615.4361
328.4025 618.2461
333.0325 623.0461
332.4925 624.4461
326.5325 626.7861
325.3725 628.1961
326.0825 634.1661
330.1825 641.1961
341.9325 647.7161
344.1525 650.0561
348.2525 652.3961
350.5625 655.3261
351.9025 664.4761
356.4425 677.0261
361.3325 680.1961
362.6725 683.2461
362.6725 686.5361
359.7325 691.1161
357.1525 692.2861
342.6425 695.5361
336.9425 699.2961
335.5225 705.4061
335.6125 709.1661
336.9425 713.9861
340.2425 717.8661
344.4225 719.6261
349.7625 719.9761
354.1225 721.8561
358.4925 722.5661
367.8325 727.6261
370.1525 729.9761
371.3025 732.3261
372.8225 738.4461
372.1025 740.6861
368.3725 744.0961
365.1625 746.5461
362.1325 747.0161
358.7525 750.5461
353.0525 753.6161
348.1925 759.2961
353.4025 764.3061
356.0025 764.6261
360.7325 766.8161
366.6525 773.3961
367.3525 776.5261
365.4625 779.6561
362.8625 781.5361
358.8425 783.1061
356.7125 785.6161
356.2425 789.0161
356.2425 789.0161
356.0925 791.6161
357.7025 793.4361
360.0825 791.9961
362.0625 788.7661
367.2925 787.3761
372.3425 787.3361
373.7625 788.3461
376.7525 793.4361
387.1225 801.3861
389.0625 800.0661
391.0725 792.9061
396.6525 785.3861
396.8725 782.9661
394.8525 775.7561
390.2125 772.2861
390.5225 769.9161
392.3625 769.1361
395.4525 769.9161
398.2425 766.7761
400.8525 765.3561
402.8725 762.3761
405.6625 762.4561
407.3225 763.9461
408.5225 767.1361
411.9525 767.9561
413.7925 769.9961
415.0325 770.2361
418.6525 767.5561
424.9625 759.0561
432.1525 757.8761
434.1625 755.7561
434.7625 750.9661
433.2825 749.9061
430.2225 745.5361
419.1625 741.4561
406.9025 739.9761
403.9025 737.7861
401.5925 733.9961
399.4925 726.8461
397.0425 723.2561
398.1425 719.3861
400.3625 717.7461
403.5325 717.9661
408.2925 721.3861
410.7125 721.4661
412.8725 720.5061
414.6625 721.1961
415.5325 727.8761
414.4525 731.5461
415.9325 733.3961
417.8225 733.5961
423.2425 730.6161
424.2525 728.8961
424.4325 727.0061
423.0725 722.6961
423.7225 720.3461
428.1825 720.8761
435.3625 718.2061
438.5625 712.4061
442.9225 707.6861
447.2825 709.1961
450.3725 714.5261
454.1325 715.3661
455.7425 714.0561
457.4625 708.2561
460.4825 704.3461
467.9725 704.8061
472.8925 703.0061
474.3225 703.5561
476.0625 706.2561
486.0825 711.4961
491.9825 712.2261
493.1725 711.7361
494.3725 709.7161
493.2525 707.3661
491.0525 704.5461
485.1225 700.0861
485.2925 698.1261
487.9625 692.7961
491.4925 691.5961
496.2125 693.7561
497.7125 693.6261
501.5725 689.9461
504.3525 685.6461
504.0625 683.7661
502.9325 682.2761
503.7625 680.1661
509.6425 679.3861
511.4225 678.2161
514.6825 673.9061
519.0125 671.6361
521.8025 671.5661
523.2825 670.6261
523.7625 667.4961
525.1825 665.9261
528.6825 668.5161
530.5225 668.5161
532.4225 667.4961
533.7125 665.7261
536.3425 657.8361
536.5225 653.6061
534.9225 651.1061
533.4925 646.6561
527.0825 640.7961
522.4525 634.4761
521.6825 631.5861
519.6125 629.3961
510.2325 628.3861
503.7025 622.4461
496.4625 621.7161
491.3625 619.9961
483.5325 615.1661
481.5125 612.3561
481.3925 609.8561
482.4625 606.1161
480.8025 604.3961
479.6125 604.8661
478.7825 606.7361

Vayoc_Jor
95
408.5725 307.2261
406.8725 308.3661
402.3725 308.6761
402.3725 308.6761
403.1625 315.8161
404.6325 320.4161
407.8825 325.7661
415.8525 331.1261
415.4725 331.7961
415.4725 331.7961
417.0325 331.8961
421.4525 334.5761
431.7825 346.0661
444.7625 356.0361
468.3725 364.4661
496.9925 365.9961
509.3825 369.0661
515.2825 373.6661
517.0525 379.4261
525.0225 379.0461
528.8525 377.1261
530.0425 375.4661
530.0425 375.4661
536.0325 375.4761
537.5725 369.2261
539.2425 368.2961
550.2725 368.7561
553.0025 367.5261
561.1925 366.5961
566.7725 362.5861
568.3125 360.5861
577.5725 359.9661
580.3025 359.5061
581.8425 358.4261
583.8625 356.2661
585.3025 352.0461
585.3025 350.8061
582.9225 348.6561
582.3325 346.9561
583.2825 344.3361
587.7925 337.2461
589.3225 330.8261
589.3225 330.8261
582.1625 326.4461
571.9225 313.1761
567.0025 304.3261
566.2425 294.7461
568.1325 290.0861
569.0825 283.4561
565.1025 273.1561
565.2925 258.1961
566.4225 246.1561
566.4225 246.1561
562.5425 248.2361
560.3425 248.4561
556.9825 245.7261
554.9725 243.0361
548.6925 241.6361
542.6425 236.8761
533.3825 238.2561
531.3725 236.8761
528.1625 231.0561
524.8425 229.2161
521.9925 229.3661
519.8525 227.5261
519.1125 224.7261
510.7225 218.9461
507.7525 216.3361
507.2425 214.7561
499.6725 215.3361
496.0125 222.7261
493.7825 224.8561
488.3125 224.6861
484.5825 227.5261
475.6825 227.2261
473.3125 228.5961
466.3025 235.0361
461.4725 246.4561
457.0925 249.6861
450.0525 250.6361
447.8425 249.4361
444.3225 245.1461
442.1425 240.9261
439.1625 240.5961
431.8925 243.9361
431.9825 258.3161
433.7825 262.1961
431.4125 264.3461
431.2925 268.3361
433.8125 271.2861
432.1325 276.4961
428.4425 279.1561
424.9225 284.3261
422.4525 291.1361
417.6625 298.7461

