461 613

Al_‘Āşimah
207
220.4345 566.0800
220.9345 567.0300
226.5145 566.7900
226.0845 564.4100
223.9445 563.7000
226.7345 563.4600
226.5245 564.4100
227.5945 565.8400
227.3845 566.7900
229.3145 567.0300
230.1745 566.0800
232.1045 565.8400
232.5345 565.8400
232.3245 566.5500
232.7545 566.7900
233.8245 566.7900
234.4645 565.8400
234.0345 564.8900
234.4645 564.4100
235.3245 564.8900
235.1145 566.0800
235.5445 566.0800
235.9745 565.1300
235.7645 564.1800
235.3345 564.1800
235.5545 562.9900
236.8445 561.8000
236.8445 561.3200
235.3445 561.8000
235.3445 560.8500
237.0645 560.3700
237.7045 560.8500
239.2045 560.6100
239.6345 558.2300
241.5645 557.9900
241.5645 558.7000
240.7045 559.1700
241.7745 559.4100
242.8345 558.9400
242.4245 559.6500
243.7145 560.1200
243.2845 560.6000
243.7145 561.3100
245.0045 561.0700
245.8645 561.7800
246.0745 561.0700
248.6445 561.0700
248.8545 559.6400
249.9245 559.4000
249.9245 558.2100
249.0645 558.2100
249.0645 557.0500
250.3445 557.7600
250.5645 558.7100
251.4245 558.9500
251.8545 558.9500
251.8545 558.2400
250.5645 557.7700
251.2045 557.7700
251.4245 557.0600
252.2845 557.0600
252.0745 557.5400
253.3645 557.3000
254.4345 558.0100
253.7945 558.7200
255.0745 560.1500
254.4345 562.2900
255.2945 561.8100
255.2945 562.2900
256.1545 562.0500
257.8645 562.7600
259.7945 564.4200
259.1545 565.6100
260.8645 565.3700
261.0845 566.0800
262.5845 565.8400
263.0145 566.7900
263.6545 566.7900
263.4445 567.7400
262.5845 567.9800
263.6545 569.4100
264.5145 569.4100
265.3745 567.2700
266.2345 567.0300
267.0945 568.9300
268.1645 570.1200
269.0245 570.1200
269.4545 571.3100
271.5945 571.3100
272.0245 572.2600
275.2445 572.9700
277.1745 574.4000
280.1745 578.9200
281.8945 585.5800
282.7545 585.5800
282.9745 584.8700
281.2545 580.3500
281.0445 577.7300
279.7545 575.3500
280.1845 573.6800
284.2645 572.0200
285.7645 572.0200
286.1945 571.0700
285.7645 570.1200
286.6245 570.1200
286.4145 568.4600
287.0545 568.2200
285.9845 566.0800
286.8445 563.2300
286.4145 561.5700
287.2745 560.1400
285.7745 559.1900
285.7745 557.5300
284.4945 555.3900
284.4945 554.2000
285.1445 553.2500
286.0045 553.2500
287.7245 554.4400
290.2945 554.2000
290.5045 552.7700
290.9345 553.0100
290.7245 554.6700
293.5145 553.9600
293.5145 552.5300
294.3745 552.0500
295.0245 549.6700
295.6645 549.6700
295.8745 551.3300
296.3045 551.3300
296.0945 553.2300
298.4545 553.4700
298.2345 552.0400
297.5945 552.0400
297.3845 551.3300
297.5945 550.3800
298.6645 550.1400
298.2345 549.1900
299.5245 549.1900
300.1645 550.3800
303.5945 549.6700
304.4545 543.4900
302.3145 540.8800
299.9545 539.4500
298.4545 537.3100
301.8845 535.1700
303.5945 533.2700
298.4545 535.6500
297.3845 535.4100
296.5245 535.8800
296.5245 536.8300
295.8845 536.8300
295.6745 535.8800
294.6045 535.1700
291.6045 536.6000
291.1745 534.7000
293.3245 534.4600
293.1145 533.0300
291.4045 532.7900
289.6845 533.9800
288.3945 533.0300
286.2545 533.7400
286.4645 533.0300
285.6045 532.3200
282.1745 530.8900
281.9645 531.6000
281.1045 531.3600
280.4645 532.3100
279.1745 532.0700
278.7445 532.5400
278.5345 534.9200
275.9645 534.9200
276.8245 536.8200
276.8245 537.3000
275.7545 537.0600
276.3945 538.2500
272.5345 538.7200
271.2445 540.6200
270.5945 540.6200
269.7345 539.1900
268.4445 539.9000
267.5845 538.7100
266.2945 538.7100
266.0845 537.7600
263.7245 537.5200
263.9445 536.3300
262.8745 536.3300
262.8745 535.8500
259.4445 535.8500
259.4445 537.0400
257.0845 537.0400
256.8745 534.6600
259.2345 534.6600
259.2345 533.9500
256.8845 533.4700
256.8845 533.4700
252.5945 545.9900
248.2045 552.6900
245.0345 554.3700
242.3145 552.3600
237.3245 550.5200
231.8845 549.3500
224.6245 550.5200
220.3945 552.1900
219.7945 554.7100
220.7045 556.5500
222.8245 558.5600
223.1245 560.9100

Al_‘Āşimah
21
274.9545 529.0000
276.0345 528.7600
274.9645 526.1500
275.6145 525.9100
276.6845 523.0600
277.5445 522.5900
279.6845 522.8300
280.1145 520.6900
279.0445 519.5000
279.6845 516.4100
278.4045 517.6000
275.4045 518.5500
272.8345 515.9400
270.0545 515.9400
270.0545 520.4500
271.5545 520.6900
270.2645 522.8300
270.2645 523.7800
272.1945 526.8700
273.6945 527.3500
273.6945 528.7700

Al_‘Āşimah
23
237.4345 566.5600
237.8645 565.8500
240.6545 565.6100
241.0845 562.7600
242.1545 562.7600
241.7245 563.7100
243.2245 563.2300
243.4445 561.0900
242.1545 560.6100
241.2945 561.0900
241.2945 560.3800
240.2245 560.3800
240.2245 561.8100
238.7245 563.2400
238.0845 563.0000
238.0845 562.2900
237.4445 562.2900
237.2345 563.2400
236.1645 563.2400
236.5945 563.9500
236.1645 564.9000
237.2445 565.6100
236.8145 566.5600

Al_‘Āşimah
12
238.9345 575.5900
239.7945 573.4500
240.6545 573.9200
240.2245 574.8700
241.5145 574.8700
241.3045 572.9700
240.0145 571.5400
236.3745 570.8300
236.5845 572.2600
235.7245 572.9700
236.3645 573.4500
236.3645 574.6400

Al_‘Āşimah
5
250.5145 563.9400
250.7245 561.3200
249.2245 561.0800
248.7945 562.9800
249.6545 563.9300

Al_Janūbīyah
6
435.3245  36.6600
435.5445  36.4200
435.3345  35.4800
433.8345  35.2400
433.1945  35.7100
433.4145  36.4200

Al_Janūbīyah
131
418.1745  40.6800
418.6045  39.0200
419.0345  38.5500
419.6745  38.5500
419.2445  38.0700
419.6745  36.8900
420.1045  37.1300
420.1045  38.3100
421.1745  37.8400
420.7445  32.1600
419.6745  32.1600
419.6745  32.3900
417.7445  32.1500
416.8845  31.6800
416.6745  31.2100
415.8145  30.9700
415.5945  30.5000
415.1645  30.5000
414.9545  30.0300
414.0945  29.7900
413.8845  29.3200
413.4545  29.3200
413.2345  28.8500
412.8045  28.8500
412.5945  28.3800
412.1645  28.3800
410.8745  27.2000
410.2245  25.0700
411.5145  24.3600
412.1645  23.4100
412.5945  23.4100
412.5945  22.7000
411.0945  21.9900
410.8845  21.5200
410.0245  21.0500
410.6645  20.1000
409.3745  19.3900
408.7345  17.9700
409.1645  17.0200
406.5945  15.8400
405.5245  14.4200
405.5245  13.2400
406.1645  12.2900
407.4545  12.0500
407.0245  11.1000
409.1645   9.9200
410.0245   8.7400
411.0945   8.7400
411.7345   8.0300
412.5945   7.7900
412.8145   7.3200
414.3145   6.8500
415.3845   5.6700
416.0345   5.6700
416.2445   5.2000
418.1745   4.4900
420.1045   2.6000
420.9645   2.6000
420.9645   2.3600
422.2545   2.5900
423.1145   1.6500
423.5445   0.7000
423.3145   0.2500
422.8845   0.2500
422.6745   0.9600
421.8145   1.1900
420.9545   1.9000
420.0945   1.9000
419.6645   2.6100
418.5945   3.0800
418.1645   3.7900
416.2345   4.5000
415.3745   4.9700
415.1645   5.4400
414.0945   5.4400
411.9545   6.6200
409.8145   6.8600
409.3845   7.3300
407.4545   7.3300
406.5945   8.0400
404.8745   8.2700
404.0145   9.2200
404.0145   9.9300
403.5845  10.4000
402.7245  10.8700
400.5845  10.8700
400.3745  12.7600
398.6545  12.9900
398.6545  13.7000
398.0145  14.1700
398.0145  14.6400
397.3645  15.1100
397.1545  15.8200
397.7945  21.7300
399.2945  21.9700
399.2945  23.3900
398.4345  23.8600
398.4345  25.5100
398.8645  25.9800
399.5145  25.9800
400.1545  27.4000
400.7945  27.4000
401.4445  27.8700
401.4445  28.8200
401.6645  28.8200
401.4545  30.9500
401.8845  31.6600
402.5245  31.9000
402.7445  33.3200
404.0345  34.2600
404.0345  35.2100
404.2545  35.4500
406.6145  35.4500
407.2545  35.9200
407.4745  36.8600
408.7645  36.8600
408.9845  37.3300
410.2645  38.0400
410.6945  38.0400
410.6945  37.0900
410.4845  37.0900
410.7045  36.3800
411.3545  36.3800
411.5645  36.6200
411.3545  37.3300
412.4245  37.8000
412.6345  38.2700
413.2845  37.8000
414.5745  37.5600
415.2145  38.5100
415.4345  40.1600

Al_Janūbīyah
6
426.5345  42.1000
426.7445  41.8600
426.5345  40.4400
425.6745  40.4400
424.6045  41.1500
424.6045  42.0900

Al_Janūbīyah
25
426.3145  53.6800
426.3145  53.4400
426.9545  53.4400
427.1745  52.4900
427.8245  52.4900
428.0345  51.7800
428.6845  51.3100
428.4745  50.6000
428.0445  50.3600
428.0445  49.4100
426.3345  49.1700
425.9045  49.6400
426.3345  49.8700
426.5545  50.5800
425.6945  50.5800
425.6945  49.6300
425.2645  48.9200
423.9745  48.9200
423.3245  49.8600
422.6845  50.1000
422.9045  51.0400
423.5445  51.5100
423.5445  51.9800
424.8345  51.9800
425.0545  53.4000

Al_Janūbīyah
130
433.3945  75.9100
434.0345  75.4400
436.1745  75.4400
436.1745  74.0200
437.0345  72.6000
437.0345  71.1800
436.3945  71.1800
435.9645  72.3700
435.1045  72.8400
434.6745  73.5500
433.6045  73.7800
433.1745  73.3100
433.1745  71.8900
432.1045  69.5200
432.3245  68.3400
433.1845  68.3400
433.4045  68.8100
433.4045  69.2800
432.7645  69.5200
433.4145  71.1700
435.3445  71.1700
435.5645  69.9900
434.9245  69.2800
436.4245  66.6800
436.4245  66.2100
433.2045  66.6800
434.0645  64.7900
434.4945  64.5500
434.4945  64.0700
436.4245  64.0700
436.6445  63.6000
436.8645  64.7800
438.1545  65.0200
438.7945  67.1500
440.2945  67.1500
440.7245  67.3800
440.7245  68.0900
441.3645  67.8600
442.0145  68.5700
443.9445  67.3900
444.5845  67.3900
444.8045  66.6800
446.5245  66.6800
446.5245  66.4400
447.8145  66.6700
448.0245  67.3800
449.7445  67.1400
450.1745  67.6100
450.1745  67.1400
450.8145  67.1400
451.0345  65.0100
451.6745  64.7700
451.6745  64.0600
453.6045  63.8200
454.0345  63.1100
454.8945  62.6400
455.5345  60.7500
455.3245  59.3300
451.8945  55.5400
452.7545  54.5900
453.8245  54.1200
454.2545  53.1700
453.3945  51.2800
451.6745  51.5200
451.6745  50.8100
449.3145  50.8100
449.3145  50.5700
448.4545  50.5700
447.8145  50.1000
446.9545  50.1000
446.9545  49.8600
446.3145  49.8600
445.4545  49.3900
445.2445  48.9200
444.3845  48.6800
444.1745  48.2100
443.3145  48.2100
442.0345  49.1500
442.4645  50.8000
443.7545  51.2700
443.9745  51.5100
443.7545  51.9800
441.1845  51.9800
440.9645  52.2200
440.9645  51.7400
438.6045  51.7400
438.3945  51.0300
436.2445  50.5600
434.3145  48.2000
433.4545  48.4300
433.2445  48.9000
431.9545  49.6100
431.7445  50.0800
431.9645  53.1500
430.2545  55.2800
429.6145  58.1200
430.4745  58.3500
430.6945  57.4000
431.5545  57.6300
431.7745  59.7600
433.2745  59.9900
433.7045  61.1700
434.1345  61.4000
433.4945  62.1100
432.2045  62.1100
432.2045  63.0600
429.8445  64.7100
429.8445  65.4200
431.1345  68.2600
430.0645  68.7300
429.4245  67.5500
428.5645  67.5500
427.7045  68.4900
427.2745  68.4900
426.6345  69.2000
426.8445  69.4400
426.6345  71.3300
425.1345  72.7500
424.9245  73.4600
425.7845  73.4600
426.0045  74.4000
426.8645  74.4000
427.2945  73.4600
429.6545  73.2200
429.6545  73.4600
430.3045  73.4600
430.0945  74.6400
430.5245  75.3500
432.0245  75.3500
432.2445  75.8200

Al_Janūbīyah
23
421.6045  82.2100
421.6045  81.7400
422.8945  81.2700
423.1145  80.0800
423.7545  79.1300
423.7545  77.9500
424.8245  77.9500
425.0445  77.2400
424.4045  76.5300
423.3345  76.5300
423.3345  76.2900
420.7645  76.2900
419.6945  74.6300
419.4845  75.1000
419.0545  75.1000
419.0545  76.0500
417.7645  76.7600
417.5545  78.6500
417.7745  78.8800
419.9145  78.8800
420.5645  80.0600
420.3545  81.2500
420.7845  82.1900

Al_Janūbīyah
13
429.1045  89.2800
429.5345  89.0400
429.7545  88.0900
429.3245  88.0900
429.1145  87.3800
428.6845  87.3800
428.4745  86.9100
428.0445  86.9100
428.0445  87.6200
426.9745  89.0400
427.1945  89.2700
428.2645  89.2700
428.2645  89.0300

Al_Janūbīyah
9
416.4545  93.5400
416.8845  92.8300
417.5245  92.5900
417.5245  91.6400
417.0945  91.1700
416.2345  91.4100
416.2345  91.8800
415.5945  92.1200
415.8145  93.3000

Al_Janūbīyah
56
451.8345  98.9800
452.2645  98.0300
451.8345  95.4300
453.3345  94.9600
454.1945  94.4800
454.4145  94.0100
456.1245  94.0100
457.4145  92.8300
457.2045  91.8800
457.8445  91.8800
458.9145  91.1700
458.0545  90.2200
457.4145  90.4600
456.9845  89.9800
456.9845  88.5600
456.1245  87.6100
456.3445  85.2400
455.0545  84.0600
455.0545  83.5800
453.5545  83.1100
453.5545  82.8700
452.2645  82.8700
452.0545  82.1600
449.6945  82.1600
448.8345  81.4500
448.4045  81.4500
448.1945  80.7400
446.9045  80.2700
446.4745  79.0800
445.1845  79.0800
444.5445  79.7900
443.0445  80.5000
443.9045  80.9700
443.9045  82.6300
443.2545  83.3400
442.8245  83.3400
442.6145  84.0500
441.5445  83.8100
441.5445  84.2800
440.8945  84.7500
440.8945  85.2200
440.2545  85.9300
440.2545  87.8200
440.4745  87.5800
441.3345  87.8200
441.3345  89.2400
441.7645  89.2400
441.5545  90.4200
442.1945  90.4200
442.4145  90.6500
442.2045  91.3600
442.6345  91.8300
443.4945  91.8300
443.7145  92.5400
449.0745  93.2500
449.2945  98.9300

Al_Janūbīyah
7
440.0345 104.1400
440.2545 103.4300
439.8245 102.9600
438.7545 102.9600
438.7545 102.7300
438.1145 102.9600
438.5445 103.9100

Al_Janūbīyah
8
439.6145 109.5800
439.6145 109.3400
441.1145 109.3400
441.9745 108.8700
441.5445 108.8700
441.1145 108.1600
439.1845 108.4000
438.7545 109.3400

Al_Janūbīyah
7
434.8945 134.6700
435.1045 132.7800
433.1745 132.5400
432.7445 133.0100
432.9645 133.7200
433.8245 133.9600
434.2545 134.6700

Al_Janūbīyah
406
440.6845 136.5600
440.2545 135.6100
440.2545 134.6600
440.4745 133.9500
441.1145 133.7100
441.3345 133.2400
440.6945 132.7600
440.2645 131.8100
438.5445 131.1000
437.9045 129.6800
437.2645 129.2100
437.2645 128.7400
436.6245 128.0300
437.2745 126.8400
438.7745 127.0800
438.7745 125.9000
438.3445 125.9000
437.9145 125.1900
437.9145 123.7700
438.5545 122.8300
438.5545 120.4600
438.1245 120.4600
437.2645 119.2800
436.4045 119.0400
435.9745 118.5600
436.1845 117.8500
435.9745 116.9000
434.2545 115.9500
433.8245 115.0000
433.8245 113.5800
433.1845 112.1600
429.1145 111.6900
427.8345 110.9800
427.6245 110.0300
428.4845 109.7900
428.4845 109.0800
429.1245 108.6100
429.1245 108.1300
427.8445 108.8400
427.2045 108.8400
426.1345 107.1800
425.9145 104.5800
425.4845 104.3400
425.4845 103.6300
426.1245 103.1600
426.1245 102.4500
426.7645 102.2100
427.1945 103.1600
428.9145 103.3900
428.7045 104.3300
429.5645 105.0400
429.7845 105.9900
430.6445 105.9900
430.8645 105.5200
431.2945 105.5200
431.9345 104.8100
431.9345 104.3300
431.0745 102.6800
431.5045 101.7300
431.9345 101.4900
432.1545 100.5400
433.2245  99.5900
434.2945 100.3000
436.0145 100.0600
436.6545  99.5800
436.4445  99.3400
436.6645  98.6300
437.9545  98.6300
438.5945  96.9700
438.5945  94.3700
437.4645  94.3700
437.0345  93.6600
434.0345  93.6600
433.8245  91.5300
432.5445  91.7700
432.1145  91.0600
430.3945  90.8300
430.3945  90.5900
429.1045  90.5900
429.1045  91.0600
429.9645  92.2400
431.2545  92.7100
430.8245  93.4200
429.3245  93.8900
428.8945  93.4200
428.2445  93.4200
427.8145  92.7100
425.8845  93.1800
425.0245  91.0500
424.1645  91.2900
423.7345  89.8700
422.2345  89.6300
422.2345  89.3900
421.1645  89.3900
420.5245  89.8600
420.7445  90.3300
420.9545  90.0900
421.8145  90.3300
421.6045  92.7000
420.7445  92.4600
420.7445  92.9400
419.6745  94.1200
417.7445  94.1200
417.7445  94.3500
416.6745  94.1200
416.6745  95.0600
415.6045  95.7700
414.9645  95.5300
414.9645  94.3400
413.6845  93.8700
413.2545  94.3400
412.3945  94.3400
411.7545  94.8200
409.6145  95.2900
409.1845  96.2300
408.9745  95.9900
405.9745  96.2200
405.7645  95.7500
404.2645  95.5100
403.8345  94.8000
403.4045  94.8000
402.9745  94.3200
402.7645  93.6100
402.3345  93.8400
401.2645  93.1300
401.2645  91.0000
402.5545  89.5800
402.9845  89.3400
403.8445  89.5700
403.8445  89.1000
404.4845  88.8600
404.9145  88.1500
405.9845  88.3900
405.9845  88.6200
408.5545  88.6200
409.1945  89.0900
410.9145  88.8500
411.3445  89.3200
412.8445  89.0800
413.2745  90.2600
414.9845  90.2600
415.4145  88.8400
416.0645  89.0700
416.2745  89.7800
416.7045  89.5400
417.1345  89.7800
420.1345  89.5400
420.1345  88.3600
419.4945  87.4100
417.3445  86.9400
417.3445  87.1700
416.0645  87.1700
415.4145  88.1200
414.9845  88.1200
413.9145  87.4100
413.7045  86.2300
412.8445  85.7600
410.7045  85.7600
409.8445  85.2800
408.5545  82.6800
408.7745  79.3700
408.1245  79.1400
408.1245  78.4300
408.5545  77.9500
409.4145  78.1900
410.7045  76.7700
410.4945  75.3500
411.1445  74.1700
412.2145  74.1700
412.4345  74.8800
412.6445  74.6400
413.9345  74.8800
414.5845  74.4100
414.5845  73.9400
413.5145  74.4100
413.0845  72.9900
412.6545  72.7500
412.4445  70.6200
413.3045  70.1500
413.5245  69.6800
413.3045  69.2000
412.8745  69.2000
412.6645  69.6700
412.2345  69.4400
412.0245  67.3100
412.4545  67.0700
413.0945  67.7800
413.5245  67.7800
413.7445  67.3100
414.1745  67.7800
416.3145  67.7800
416.5345  68.2500
417.3945  68.4900
417.6145  65.1800
419.3345  64.0000
420.1945  64.0000
420.1945  62.8200
419.3345  61.4000
419.1245  59.0300
419.7645  58.7900
420.6245  59.5000
421.2645  59.5000
422.3345  57.6100
422.3345  56.9000
421.6945  57.1400
420.4045  54.7700
419.9745  54.7700
419.9745  55.4800
418.9045  56.1900
415.6845  56.1900
415.2545  55.9500
414.8245  55.4700
414.8245  54.0500
415.4645  52.6300
415.0345  52.3900
414.8245  52.8600
413.9645  53.3300
412.8945  52.1500
412.4645  50.5000
412.0345  50.5000
411.3945  49.7900
411.8245  48.1300
410.9645  47.1800
411.1845  46.4700
412.8945  46.0000
413.3245  45.5200
414.6145  45.5200
414.8345  45.0500
415.2645  45.0500
415.2645  43.6300
414.4045  43.6300
412.9045  41.9700
410.9745  41.5000
410.3245  40.7900
409.8945  39.3700
408.8245  38.9000
408.3945  37.7200
406.8945  36.5400
406.6845  35.8300
403.2545  35.8300
403.0445  36.3100
402.1845  36.0700
401.9745  37.9600
402.6145  38.2000
402.4045  39.1400
403.0545  39.6100
403.0545  40.7900
402.6245  41.2600
402.6245  41.9700
403.2645  43.1500
403.0545  43.1500
403.0545  44.3300
402.1945  44.8000
401.9845  45.9900
401.3445  46.4600
401.1345  47.4100
400.4945  47.8800
401.7845  48.5900
401.5745  49.0600
400.7145  49.0600
400.7145  49.7700
401.1445  50.0100
401.1445  50.6800
401.5745  50.6800
401.7945  51.1500
402.6545  51.6200
402.6545  53.2800
403.2945  54.2200
403.5145  57.5300
403.0845  58.0100
402.8745  59.9000
402.2345  60.3700
402.0245  61.0800
401.3845  61.3100
401.6045  62.0200
401.1745  62.9700
400.7445  63.4400
399.8845  63.4400
399.8845  63.9100
398.8145  64.6200
398.6045  65.3300
397.3245  66.0400
396.8945  66.0400
396.6845  65.3300
394.3245  65.5700
394.5445  67.9400
395.4045  68.4100
395.6245  69.1200
394.7645  70.0700
393.6945  70.0700
393.4845  71.4900
392.1945  71.0100
390.4745  69.3500
389.8345  69.3500
390.0545  70.3000
390.4845  70.3000
391.5645  71.4800
392.6345  71.7100
393.0645  72.1800
393.4945  73.6000
394.9945  73.1300
395.4245  75.0200
395.8545  74.7800
396.7145  75.0200
396.7145  75.4900
396.0745  75.9600
394.5745  75.4900
394.3645  76.9100
395.4345  77.8600
396.0845  82.8300
397.3745  82.6000
397.8045  83.0700
397.8045  83.7800
396.9445  85.4300
397.1645  85.9000
396.0945  87.3200
395.6645  87.0800
396.0945  85.6600
395.4545  85.9000
394.5945  87.7900
394.5945  88.9700
394.8145  88.9700
394.8145  90.1500
396.7445  92.0400
397.1745  93.4600
397.6045  93.7000
397.8245  96.0700
398.0445  96.0700
397.8345  99.1400
398.6945  99.3800
399.5545 100.3200
400.1945 101.7400
400.8445 102.2100
400.8445 102.6900
402.7745 105.0500
402.7745 105.5200
403.2045 105.7500
403.4145 107.4100
403.8445 107.8800
405.1345 108.1100
405.3545 109.0600
405.9945 109.0600
406.4245 109.7700
407.7145 110.2400
408.1445 111.4200
408.5745 111.6600
408.7945 113.5500
409.2245 113.7900
410.0845 113.3200
410.7245 114.9800
411.3745 114.9800
412.0145 115.6900
411.8045 117.1100
412.8745 118.5300
413.5245 120.4200
414.3845 120.6600
415.0345 121.6100
415.8945 121.3700
416.3245 121.8400
416.5345 122.7900
415.6745 123.2600
415.4645 123.7300
415.6845 123.9700
416.7545 123.7300
417.4045 124.6800
417.4045 125.6200
418.0445 125.6200
418.0445 125.8600
418.9045 126.1000
419.1245 126.5700
420.4145 126.8100
420.4145 127.0500
421.7045 127.0500
421.7045 126.8100
423.4245 126.5700
423.4245 126.3300
425.3545 126.3300
425.7845 127.0400
426.2145 127.0400
426.8645 125.8600
426.8645 124.9100
427.9345 123.9600
428.3645 124.6700
429.6545 124.9100
430.0845 125.3800
430.0845 126.0900
429.6545 126.5600
429.6545 127.7400
429.0145 127.9800
428.8045 128.4500
429.2345 129.1600
430.5245 129.1600
431.3845 130.5800
431.3845 131.2900
434.1745 131.5200
434.1745 131.7600
435.0345 131.7600
435.8945 132.2300
436.3245 134.1200
438.4645 134.3600
439.1045 135.5400
438.8845 136.4800
440.3845 136.7200
440.8145 138.1400
441.4545 138.1400
441.4545 136.9600

Al_Janūbīyah
8
459.3345 144.1400
459.7645 143.6700
459.7645 142.7200
459.3345 142.2500
457.8345 142.0100
457.4045 142.7200
457.8345 142.9600
458.0545 143.9100

Al_Janūbīyah
40
430.8245 156.9200
431.2545 156.2100
431.8945 156.2100
431.8945 155.2600
433.3945 155.2600
433.3945 155.4900
434.2545 155.2500
433.8245 153.3500
434.2545 153.1100
434.6845 151.9200
433.1845 150.5000
432.9745 149.7900
431.2645 149.7900
431.2645 149.5500
429.7645 149.3200
429.7645 149.0800
428.0445 148.6100
428.0445 148.3700
426.3345 148.1300
426.1245 147.6600
425.4845 147.4200
425.4845 146.7100
423.3345 146.9500
423.1245 148.8500
422.6945 149.3200
423.1245 150.2600
421.6245 150.5000
420.1245 152.3900
420.5545 153.5700
420.5545 154.7500
421.6245 154.7500
422.4845 155.7000
423.5545 155.4600
423.5545 156.1700
425.0545 156.1700
425.2745 155.9300
425.0645 154.7400
425.4945 155.2100
428.7145 155.4400
428.5045 156.6200

Al_Janūbīyah
19
416.2445 158.3400
416.8945 156.9200
417.9645 156.9200
418.3945 155.0300
419.6745 152.9000
419.8945 150.7700
418.6045 149.3500
414.5345 149.5800
414.1045 149.1000
413.0345 149.1000
412.8245 150.0500
410.2545 150.0500
410.0445 151.7100
409.1845 152.6600
409.4045 153.6100
412.6245 155.9800
414.5545 156.4500
415.4145 157.4000
415.6345 158.3500

Al_Janūbīyah
476
273.7645 465.5200
278.8745 464.2100
281.2345 464.4300
283.1945 466.1700
285.7545 467.6900
285.7545 467.6900
287.1345 465.3000
287.1345 465.3000
287.9245 461.1600
290.2845 456.8100
295.3945 451.3700
302.2145 446.2900
301.5745 445.4600
301.3645 444.5100
301.3645 444.5100
302.8645 444.5100
302.8645 444.5100
304.1545 443.0900
302.4345 442.6100
302.0045 440.4700
300.7245 440.0000
300.0845 438.8100
301.3745 433.8200
301.1645 432.8700
300.5245 432.1600
301.1645 430.9700
301.1645 430.9700
303.5245 430.9700
303.5245 430.9700
304.1645 428.6000
304.5945 428.1200
304.5945 428.1200
304.3845 426.7000
304.3845 426.7000
305.8845 426.4600
305.8845 425.5100
305.2445 425.5100
305.0345 424.8000
302.2445 424.5600
301.8145 423.8500
301.3845 423.8500
300.9545 423.3700
300.9545 416.7200
301.8145 414.1100
301.8145 411.5000
301.3845 410.5500
300.5245 410.7900
300.5245 410.7900
300.5245 410.0800
300.5245 410.0800
301.5945 407.7100
302.2345 402.9600
303.9545 403.4300
303.9545 403.6900
305.0245 403.6900
305.2345 402.9800
305.4545 403.4500
305.8845 403.4500
306.5345 402.0300
306.9645 402.0300
307.3945 400.6100
308.0345 400.6100
308.4645 401.0800
309.3245 401.3100
309.7545 400.3600
310.3945 400.3600
311.0445 399.1700
311.0445 398.2200
309.3245 394.1800
307.6145 395.1300
307.6145 394.8900
307.1845 394.8900
307.4045 393.2300
306.9745 392.2800
305.4745 392.7500
305.6845 391.8000
306.5445 391.5600
305.8945 386.1000
305.4645 384.9100
305.4645 383.4900
305.2445 383.4900
305.2445 381.1100
305.0345 381.1100
305.0345 379.2100
305.8945 378.7400
306.1145 376.8400
305.4745 374.4700
303.3245 374.2300
303.1145 373.7600
302.0445 373.2800
302.6845 371.8600
302.0445 370.6700
301.3945 365.6900
301.1845 365.6900
301.3945 363.0800
300.9645 361.8900
300.7545 359.0400
299.8945 356.1900
299.8945 353.5800
299.0345 350.9700
299.0345 348.6000
298.1745 347.1800
298.1745 347.1800
298.1745 343.8600
298.1745 343.8600
297.5345 342.9100
297.3245 341.7200
298.1845 341.2400
299.0445 341.2400
299.0445 341.0000
300.5445 341.0000
300.5445 340.5300
296.4745 339.5800
297.1145 331.2800
295.6145 329.6200
295.6145 329.1400
296.0445 328.6700
296.2545 327.2500
297.9745 327.0100
298.4045 326.0600
298.4045 325.5800
297.9745 325.5800
297.5445 324.8700
297.1145 324.8700
296.4745 324.1600
297.3345 323.2100
297.3345 322.5000
296.6945 322.0300
296.4845 321.0800
297.5545 320.6000
297.5545 320.6000
297.5545 319.1800
297.5545 319.1800
297.1245 318.9400
297.1245 318.4600
295.6245 317.9800
295.1945 316.7900
295.1945 316.7900
295.1945 311.8100
295.1945 311.8100
296.0545 310.8600
296.6945 310.6200
296.9045 309.4300
295.5345 308.0900
295.5345 307.1400
295.1045 306.4300
295.3245 303.5900
294.0345 300.7400
294.2545 298.8400
292.9645 296.9400
291.6745 292.2000
291.2445 291.9600
291.4545 291.2500
292.3145 291.0100
292.7445 290.5300
293.6045 290.5300
294.2445 288.8700
294.0345 284.6000
292.7445 284.1200
292.9545 281.7500
293.1745 281.7500
292.7445 274.4000
292.3145 275.1100
292.3145 277.4800
291.8845 278.9000
290.3845 278.4200
290.3845 277.4700
289.7445 276.7600
289.9545 275.5800
290.5945 275.1000
290.5945 274.6200
291.0245 274.6200
291.2445 273.9100
291.6745 273.9100
292.1045 272.7200
291.4545 272.2500
290.8145 270.1200
290.8145 267.5100
290.1745 266.0900
290.1745 262.5400
289.9645 262.5400
289.9645 258.7500
290.1845 258.7500
291.0445 253.3000
289.7545 249.0300
289.5445 247.1300
288.6845 245.9400
290.1845 243.8100
290.3945 242.3900
291.4645 240.2600
291.6745 238.8400
292.1045 238.6000
292.1045 237.8900
290.6045 237.1800
286.7445 232.9100
285.6745 229.8300
284.3845 228.4100
284.3845 227.9300
283.3145 226.7500
283.3145 226.2700
282.6745 225.8000
282.0245 223.4300
281.5945 223.4300
281.1645 222.7200
280.9545 222.9500
279.4545 222.7100
278.3845 221.5300
278.3845 221.0500
277.5245 220.8100
277.7445 220.3400
277.3145 219.6300
277.5245 218.2100
276.4545 218.4500
275.8145 217.9700
275.8145 217.2600
273.4545 216.7900
272.8145 215.8400
272.3845 215.8400
271.7445 214.8900
270.8845 214.4100
270.0245 212.0400
268.5245 211.3300
268.0945 210.3800
267.2345 209.6700
266.8045 208.4800
266.3745 208.4800
265.9445 207.7700
265.5145 207.7700
265.0845 207.0600
264.6545 207.0600
263.7945 206.1100
263.1445 204.4500
262.2845 203.5000
262.0745 202.5500
261.6445 202.3100
260.5745 199.2300
260.5745 199.2300
260.3645 196.3900
260.3645 196.3900
261.0045 194.4900
261.0045 193.3100
260.1445 193.7800
259.0745 196.1500
258.2145 197.1000
258.0045 198.0500
257.5745 198.2800
255.4345 204.6800
255.0045 204.9200
254.5745 206.1000
253.7145 207.0500
253.2845 208.4700
252.8545 208.7100
252.6445 209.6600
252.2145 209.9000
251.3545 211.7900
251.1445 213.6900
250.7145 214.4000
250.5045 216.3000
249.4345 219.8500
249.2245 222.6900
248.7945 223.8700
248.7945 225.2900
248.5845 225.2900
248.5845 225.2900
248.5845 234.0500
248.5845 234.0500
248.1545 234.5200
248.1545 235.2300
247.5145 236.1800
247.5145 236.8900
247.0845 237.3600
247.0845 238.0700
246.4445 239.0200
246.4445 239.7300
246.0145 240.2000
246.0145 240.9100
245.1545 242.8100
243.8645 244.4700
243.8645 244.9500
243.4345 245.1800
243.4345 245.6500
242.7945 246.1200
241.9345 248.0200
240.6445 249.6800
240.6445 250.1500
240.0045 250.6200
239.5745 251.8000
238.9245 252.2700
238.9245 252.7500
238.2845 253.2200
237.8545 254.4100
237.2145 254.8800
236.7845 256.0600
235.4945 257.4800
234.4245 259.8500
233.9945 260.0800
233.1345 262.2200
232.2745 263.1700
230.7745 266.4900
229.9145 267.4400
229.7045 268.3900
229.2745 268.6200
229.0545 269.5700
228.1945 270.5200
227.9845 271.4700
227.5545 271.7000
227.3445 272.6500
226.9145 272.8900
226.9145 273.3600
226.0545 274.5400
226.0545 277.6200
225.1945 279.9900
223.0545 282.3600
222.6245 283.7800
221.7645 284.2500
221.5545 283.5400
222.4145 282.8300
222.4145 282.3500
221.9845 282.1100
221.7745 282.8200
221.1645 282.8500
221.1345 282.1100
223.9245 276.1800
223.9245 276.1800
223.9245 275.2300
223.4945 275.2300
223.4945 275.2300
222.6345 276.1800
222.6345 276.6500
221.9845 277.1200
221.9845 277.5900
221.3445 278.0700
221.3445 278.5400
220.7045 279.0100
220.7045 279.4800
220.0545 279.9600
220.0545 280.5900
212.5545 288.6500
212.5545 289.1200
211.2745 290.3000
211.2745 290.7700
209.7745 292.1900
209.7745 292.6600
208.7045 293.8500
207.4145 294.3200
207.1945 295.2700
206.5545 295.9800
206.1245 296.4500
205.4845 296.4500
204.1945 297.8700
204.1945 298.3400
203.1245 299.2900
203.3345 299.7700
203.1245 300.4800
201.8345 300.9500
201.1945 302.1300
200.5545 302.1300
200.1245 302.8400
199.2645 303.0700
198.8345 303.5500
198.1945 303.5500
197.5545 304.2600
196.2345 304.5000
195.6245 305.2100
195.1945 305.2100
194.9845 304.7300
193.2745 305.2000
193.2745 305.2000
193.2745 305.9100
193.2745 305.9100
192.2045 306.1500
191.3445 307.3400
190.4845 307.5700
190.0545 308.0900
189.6245 307.8500
189.4045 308.3200
188.9845 308.0900
187.4845 309.5100
187.0545 309.5100
186.8345 310.2200
185.7645 311.1700
185.7645 311.6400
184.6945 312.5900
184.6945 313.0600
183.6245 314.0100
183.6245 314.4800
182.5545 315.6600
182.3445 317.3200
181.4845 318.2700
181.0545 318.2700
180.6245 319.2200
179.9845 319.6900
177.6245 324.9100
177.1945 325.1400
176.1245 327.5100
176.3445 329.8800
175.2745 330.8300
174.8445 332.9600
174.8445 334.1500
175.2745 334.6200
175.4945 339.8400
174.8545 341.2600
173.9945 347.1900
172.9245 347.9000
172.7045 348.6100
173.3545 349.0800
173.3545 349.0800
173.9945 348.1300
173.9945 348.1300
175.0645 348.3700
177.8545 356.4300
181.5045 359.9900
182.1445 361.6500
182.5745 361.6500
184.2945 363.5500
184.9345 365.4500
185.3645 365.4500
185.5745 366.1600
187.2945 368.0600
187.7245 373.2800
187.9345 373.2800
187.2945 379.2100
187.9345 381.1100
187.5045 381.5900
187.0745 381.5900
187.0745 382.3000
187.7145 382.0600
187.9245 383.2500
188.5645 383.4900
187.7045 383.9600
187.7045 384.6700
189.6345 384.6700
189.8545 385.8600
190.9245 386.5700
191.9945 391.3200
192.4245 391.5500
192.6345 392.5000
193.4945 392.9700
193.9245 393.9200
194.3545 394.1600
194.3545 394.6300
194.7845 394.8600
194.7845 395.3400
195.2145 395.5800
196.0745 397.9500
196.5045 398.1900
197.5745 400.5600
197.1445 401.5100
197.5745 403.8800
196.0745 405.4400
206.6945 409.3500
215.8645 411.3800
225.0245 412.5400
229.4745 415.1500
229.4745 415.1500
229.4745 421.8200
227.3845 429.6500
226.3345 440.6700
226.0745 451.6900
224.7645 460.3900
224.7645 460.3900
222.6645 464.7400
220.3145 467.0600
220.3145 467.0600
219.5245 469.0900
219.5245 469.0900
222.4045 473.7300
223.9745 475.4700
223.9745 475.4700
223.9745 482.8600
223.9745 482.8600
233.1045 480.0400
241.9445 476.7800
241.9445 476.7800
252.3545 472.2100
252.3545 472.2100

Al_Muḩarraq
141
320.8345 604.4300
321.6945 603.6500
325.1245 602.7000
329.4145 602.4600
330.2745 601.2700
331.3545 601.0300
331.3545 599.8400
330.0645 598.4100
328.5645 598.6500
330.4945 596.9800
330.4945 594.1300
328.7845 590.3300
329.6445 584.6200
329.2145 583.9100
327.7145 583.9100
328.3545 582.7200
329.8545 583.2000
330.7145 577.0200
333.5045 577.0200
333.9345 575.5900
332.4345 574.1600
330.7145 574.1600
330.9345 566.5500
332.4345 566.7900
333.5045 566.0800
333.5045 565.1300
332.0045 564.8900
330.9345 565.6000
330.5045 560.3700
329.8645 560.3700
328.7945 561.8000
326.8645 561.5600
328.5845 563.2200
329.0145 564.8900
327.7245 564.4100
327.5145 563.2200
326.6545 563.2200
326.6545 565.3700
325.3645 566.0800
326.4345 568.2200
324.0745 568.4600
323.2145 570.3600
323.6445 570.8400
324.2945 569.1800
326.0045 569.1800
326.2145 576.3100
324.9245 576.3100
325.5645 574.4100
325.5645 573.9300
324.9245 573.9300
325.3545 571.0800
323.2045 571.5600
323.6345 572.7500
322.7745 573.4600
322.7745 573.9300
323.4145 573.9300
322.9845 574.8800
321.2645 575.3500
320.8345 574.6400
319.9745 574.6400
319.9745 576.5400
315.9045 576.3000
315.4745 575.1100
313.1145 574.1600
313.5445 572.7300
316.7645 574.6300
317.8345 574.6300
317.8345 574.1500
314.8345 571.3000
314.1945 571.3000
314.6245 570.8200
314.6245 568.4400
314.4145 567.9600
313.1245 567.9600
312.4845 573.4300
310.5545 573.1900
310.1245 573.6600
310.5545 576.0400
308.6245 575.5600
306.4845 581.5000
306.9145 582.4500
307.9845 582.6900
307.9845 583.4000
306.9145 583.4000
306.6945 582.6900
305.8345 583.1700
305.8345 583.8800
304.7645 583.8800
305.4145 585.3100
303.4845 583.6500
303.2645 580.5600
302.4045 579.1300
302.4045 575.0900
301.3345 573.1900
300.4745 573.1900
299.8345 571.7600
295.3345 571.2900
294.9145 572.9500
292.3445 574.1400
291.0545 576.9900
290.1945 576.9900
288.9045 577.9400
288.9045 579.8400
289.5445 580.7900
288.4645 590.8100
288.8945 592.0000
287.8245 593.9000
288.4645 594.3800
289.7545 597.7100
288.6845 597.7100
288.4745 598.4200
288.4745 602.7000
286.5445 602.9400
287.1845 604.3700
289.3345 604.3700
289.9745 603.1800
292.7645 603.1800
293.8345 601.9900
295.1245 603.1800
294.4845 604.6100
295.5545 605.3200
296.8445 607.4600
297.9145 607.4600
297.9145 606.9800
296.6245 605.0800
298.1245 605.3200
299.1945 606.0300
298.3345 607.6900
300.4745 608.8800
302.6245 608.4000
303.0545 609.8300
302.4045 610.7800
305.8345 610.7800
305.8345 611.7400
307.9745 612.2200
309.2645 611.0300
313.1245 611.2700
313.1245 609.8400
316.5545 606.0300
318.4845 605.5500
319.3445 604.6000

Al_Muḩarraq
60
334.5545 563.2300
334.7645 561.8000
336.2645 561.8000
336.4745 560.8500
337.7645 560.8500
337.9845 560.1400
336.9145 559.4300
337.1345 558.9500
351.4945 558.4700
351.4945 549.9100
346.9945 549.4300
346.7845 540.1600
349.1445 540.1600
353.2245 531.1300
354.5145 530.4200
354.7345 527.8000
353.4445 527.8000
352.3745 530.8900
351.7345 531.1300
351.9445 530.4200
345.3045 527.5700
344.6645 526.8600
344.2345 524.7200
345.7345 524.0100
346.1645 522.1100
347.4545 521.6400
347.6745 520.2100
339.9545 520.2100
339.5245 520.6900
339.7345 522.3500
339.0945 523.0600
336.9545 523.0600
337.3845 524.2500
335.8845 525.6700
335.2445 528.0400
334.6045 528.5200
334.8145 530.6600
334.1745 531.3700
334.8245 531.3700
334.8245 531.8400
333.1045 538.7300
330.9645 540.8700
329.6745 541.1100
329.4645 544.4400
327.9645 545.8700
327.3245 548.4800
325.3945 550.1400
325.6045 552.5200
327.3245 552.7600
328.6145 551.8100
328.6145 554.6600
326.8945 554.9000
326.4645 555.8500
326.6845 557.7500
329.8945 557.2700
330.7545 559.6500
331.8245 560.3600
331.3945 562.5000
332.4645 562.5000
332.4645 563.2100

Al_Wusţá
268
321.2645 494.3200
321.9045 491.4700
322.9745 491.2300
324.6845 488.3800
324.6845 487.1900
322.5445 486.4800
321.4745 485.2900
318.4745 483.8600
316.9745 484.1000
315.9045 486.7100
313.9745 486.2300
313.7545 485.5200
312.4745 485.2800
311.6145 484.3300
310.3245 484.3300
310.3245 484.8000
308.6145 484.5600
309.4745 481.7100
309.2645 480.0500
310.7645 479.3400
312.0545 477.9100
312.0545 476.9600
310.5545 476.7200
310.7645 474.3400
309.9045 473.8600
309.9045 473.1500
310.3345 473.6300
311.6245 473.3900
311.8445 472.4400
311.4145 472.2000
312.9145 472.2000
315.0645 467.2100
314.6345 466.7400
316.5645 463.1800
315.7045 461.9900
313.7745 462.2200
313.9945 460.3200
315.2845 460.5600
315.0745 458.4200
314.0045 458.4200
314.2245 457.9500
312.0845 459.1400
312.0845 459.8500
312.5145 459.8500
312.0845 461.0400
310.1545 460.8000
309.7245 461.7500
310.1545 463.4100
309.0845 463.6500
308.4345 467.2100
303.9345 476.9500
303.2845 476.9500
302.4245 478.6100
301.1345 477.9000
301.7845 479.3300
299.6445 485.0300
298.5745 486.2200
297.5045 485.9800
296.6445 485.0300
297.5045 484.3200
300.0745 478.8600
300.5045 475.7700
302.2145 472.2100
303.9345 468.8900
307.1545 466.0400
308.0145 464.1400
307.5845 462.7200
308.2245 462.4800
308.4345 461.0500
308.8645 461.0500
308.6445 459.8600
306.9345 459.6200
306.7145 458.6700
306.5045 459.1500
305.0045 458.6700
304.7945 457.4800
301.5845 454.8700
301.1545 453.4500
302.6545 453.4500
302.2245 452.2600
300.0845 451.7800
300.0845 449.6400
301.1345 447.2200
301.1345 447.2200
301.1345 447.2200
301.1345 447.2200
295.4145 451.5100
290.3045 456.9500
287.9545 461.3000
287.1645 465.4300
287.1645 465.4300
285.7945 467.8200
285.7945 467.8200
281.2745 464.5600
278.9245 464.3400
252.4045 472.3900
252.4045 472.3900
241.9945 476.9600
241.9945 476.9600
224.0245 483.0400
224.0245 483.0400
222.1945 490.1600
219.3145 496.2500
217.7445 502.6300
216.9545 511.3400
216.9545 518.6000
218.7845 521.7900
221.6645 522.9500
225.8545 523.5300
236.5945 528.7500
252.5745 530.2000
257.8445 531.1500
258.1045 530.5700
259.3545 530.3000
259.3545 530.3000
259.3545 529.1900
258.2845 528.9500
257.6445 530.6100
256.7845 530.6100
256.7845 530.1400
257.4245 530.1400
257.0045 528.2400
258.2945 527.7600
257.4345 526.8100
257.6545 526.1000
260.2245 525.3900
258.5145 523.4900
259.3745 522.5400
259.5945 520.8700
260.8745 520.6300
260.6645 518.0200
262.8045 516.1200
264.0945 516.1200
264.9545 513.9800
266.2445 512.7900
267.7445 512.7900
267.5345 511.8400
268.6045 509.4600
269.6745 509.4600
269.4645 508.0300
270.5345 508.5100
270.9645 506.6100
274.3945 506.1300
275.2545 504.2300
277.3945 502.5600
278.6845 502.5600
278.6845 501.6100
279.9745 501.3700
281.9045 498.7600
281.2545 498.2800
282.7545 495.6700
282.7545 494.4800
284.0445 494.4800
284.2645 493.5300
285.0845 493.2900
285.1445 492.8200
284.4745 492.8200
284.6845 491.6300
289.8345 491.8700
292.8345 492.8200
293.0445 492.3400
294.9745 492.1000
294.7545 491.3900
296.0445 490.6800
296.4745 489.4900
298.1945 489.9700
298.8345 488.3100
301.4045 488.3100
301.4045 488.7800
299.2645 489.4900
298.1945 492.5800
293.6945 494.7200
292.6245 496.8600
289.6245 497.8100
290.2645 502.0900
288.7645 502.3300
287.9045 506.8400
286.1845 508.9800
286.1845 509.4600
287.4745 509.7000
288.3345 511.1200
287.6945 512.7800
286.1945 512.0700
284.9045 513.9700
285.7645 514.6800
286.4145 516.5800
287.2745 516.5800
287.9245 518.4800
289.2045 519.4300
290.2845 519.4300
290.7145 521.0900
292.4345 522.0400
294.1445 524.6500
295.8645 524.8900
296.9345 525.8400
299.7245 525.1300
305.5145 525.1300
305.2945 522.9900
306.1545 522.9900
306.3745 522.0400
304.6545 518.9500
303.1545 518.0000
302.7245 517.0500
304.6545 516.8100
304.4445 515.6200
305.0845 515.6200
304.8745 514.4300
305.5245 514.4300
305.7345 512.5300
308.0945 510.1500
308.3145 505.8700
307.6745 505.6300
307.6745 506.8200
306.6045 506.8200
307.2445 505.3900
306.6045 503.9600
307.2445 504.2000
307.2445 503.7200
306.1745 502.5300
304.8845 502.7700
304.6745 502.2900
306.1745 497.5400
307.0345 489.7000
308.5345 489.2300
308.7445 488.0400
311.7445 488.5200
312.3845 485.6700
315.6045 487.1000
315.1745 488.2900
319.8945 490.6600
319.4645 491.6100
319.8945 495.6500
328.4745 500.4000
333.6245 502.5400
335.3445 504.2000
336.4145 504.2000
337.0545 505.3900
336.6245 507.5300
337.2745 507.5300
339.6345 504.6800
339.8445 503.2500
338.5645 503.2500
337.2745 504.4400
335.1245 501.1100
332.9845 500.4000
334.2745 498.5000
334.9245 498.2600
335.1345 498.7400
337.2845 499.2100
338.3545 501.1100
340.2845 501.1100
341.1445 502.5300
341.7945 502.5300
343.5045 500.3900
343.2945 499.4400
341.7945 499.9200
342.0045 499.2100
344.1445 499.2100
345.4345 497.7900
345.4345 497.0800
344.3645 497.3200
343.9345 498.0300
342.4345 498.0300
339.8645 497.7900
337.7245 496.6000
333.2245 496.8400
332.1545 496.1300
327.2245 497.0800

Al_Wusţá
5
301.0845 447.2500
301.0845 447.2500
302.1845 446.4600
302.1845 446.4600
302.3945 447.5300

Ash_Shamālīyah
407
259.3045 530.3500
258.0545 530.6200
257.7945 531.2000
252.5245 530.2500
236.5445 528.8000
225.8045 523.5700
221.6145 522.9900
218.7345 521.8300
216.9045 518.6400
216.9045 511.3800
217.6945 502.6700
219.2645 496.2900
222.1445 490.1900
223.9745 483.0700
223.9745 483.0700
223.9745 483.0700
223.9745 483.0700
223.9745 483.0700
223.9745 483.0700
223.9745 475.6800
223.9745 475.6800
219.5245 469.3000
219.5245 469.3000
220.3145 467.2700
220.3145 467.2700
222.6745 464.9500
224.7745 460.6000
224.7745 460.6000
226.0845 451.9000
226.3445 440.8800
227.3945 429.8600
229.4845 422.0300
229.4845 415.3600
229.4845 415.3600
225.0345 412.7500
215.8745 411.5900
206.7045 409.5600
196.0845 405.6500
196.0845 405.6500
194.7945 407.4100
195.4345 409.0700
196.0845 415.4800
194.3645 417.6200
194.3645 418.3300
193.7245 418.5600
194.1545 428.2900
192.4445 428.5300
192.4445 429.2400
192.0145 429.2400
192.0145 429.7100
194.5845 429.4700
195.2245 430.1800
195.2245 430.8900
194.7945 430.8900
195.0045 433.5000
193.9345 433.9800
193.7245 435.1700
192.2245 434.9300
192.2245 435.6400
193.2945 435.8800
193.2945 436.3500
192.2245 436.5800
193.5145 436.8200
192.8645 441.8100
192.2245 442.7600
192.8645 444.6600
191.7945 447.9900
192.2245 448.9400
191.1545 448.9400
190.0845 450.3600
190.2945 451.5500
188.7945 451.5500
188.7945 452.0300
190.2945 452.5000
190.2945 452.9800
189.4345 453.2200
189.4345 454.1700
188.3645 453.9300
188.3645 453.2200
187.5045 453.2200
186.6445 454.4100
186.2145 455.3600
187.2845 455.6000
187.2845 456.3100
186.8545 456.7900
185.5645 456.5500
186.4245 457.2600
186.4245 457.9700
184.4945 457.2600
182.9945 458.4500
182.7845 459.1600
183.6445 459.6300
183.6445 460.3400
182.7845 460.3400
183.4245 461.2900
182.5645 461.7700
183.2045 462.0000
183.2045 462.7100
181.0645 462.4700
181.2745 464.8400
182.3445 464.3600
182.9945 464.8400
182.9945 466.0300
181.4945 465.7900
180.6345 466.5000
179.1345 470.3000
176.9945 473.6300
175.9245 476.4800
176.1345 477.4300
176.9945 477.6700
176.9945 478.8600
175.7045 478.8600
175.2745 480.0500
173.5645 480.0500
174.2045 480.7600
174.2045 481.9500
173.5645 482.1900
170.7745 481.4800
169.9145 480.5300
168.6245 480.5300
168.1945 481.4800
167.9845 483.8500
169.0545 483.8500
170.5545 485.2800
172.9145 485.5200
172.6945 489.0800
171.6245 490.5000
170.7645 493.1100
170.9745 494.7700
170.1145 496.4300
170.3245 499.0400
169.0345 500.9400
169.2545 502.1300
168.6145 501.8900
168.1845 503.7900
168.6145 508.3000
170.9745 510.2000
169.9045 511.6200
163.9045 511.1400
147.3945 508.2900
147.8245 503.5400
146.3245 499.7400
146.7545 496.6500
146.1145 495.7000
146.1145 493.5600
144.8245 490.9500
144.8245 489.0500
145.0445 487.6200
146.1145 487.6200
146.5445 486.2000
146.5445 485.7200
145.2545 485.2500
146.1145 481.4500
147.6145 481.6900
147.6145 479.7900
149.5445 479.7900
150.6145 477.6500
149.1145 474.8000
149.1145 471.9500
149.7545 470.0500
149.3245 468.1500
147.8245 468.1500
144.1845 470.5200
140.9645 471.2300
140.5345 471.2300
140.5345 470.5200
140.9645 470.5200
140.7545 469.1000
139.6845 468.8600
139.2545 470.7600
139.8945 471.4700
137.1145 471.4700
133.0345 470.2800
131.5345 468.6200
128.3145 468.8600
127.0245 469.5700
124.4545 469.3300
124.4545 469.8100
123.5945 469.8100
122.9545 470.5200
119.9545 471.2300
119.9545 473.1300
121.0245 474.3200
121.0245 478.3600
118.0245 479.5500
118.0245 485.2500
118.8845 485.9600
115.4545 488.5700
115.4545 491.4200
114.8145 493.5600
115.6745 494.0400
115.6745 494.7500
115.0245 495.4600
114.8145 498.3100
115.4545 498.3100
115.0245 499.7300
116.9545 501.6300
117.5945 505.9100
118.0245 505.9100
118.4545 507.1000
118.4545 509.9500
120.6045 509.9500
119.5345 505.9100
120.8245 505.2000
122.5445 507.5800
124.2645 507.5800
124.6945 509.4800
125.5545 509.4800
127.2745 508.0500
127.0645 510.4200
128.7845 510.4200
129.0045 511.1300
124.5045 513.0300
123.8645 513.9800
119.5745 516.5900
110.7845 519.2000
 80.9845 520.8600
 79.2745 520.6200
 78.2045 519.1900
 77.5645 519.1900
 75.8545 519.4300
 75.4245 520.8500
 73.2845 521.5600
 72.6345 521.5600
 72.4245 520.3700
 71.2845 520.3700
 71.2845 520.8400
 70.2145 520.8400
 68.2845 522.0300
 68.0745 523.2200
 66.5745 525.3600
 64.2145 526.7800
 26.4745 547.3100
  7.8245 552.5300
  4.1845 553.2400
  0.5345 553.2400
  0.3145 554.1900
  4.3945 554.1900
  8.0445 553.4800
 26.6945 548.2500
 66.3645 526.3900
 68.0745 526.3900
 68.2845 525.6800
 68.9345 525.6800
 70.4345 526.6300
 71.7245 526.6300
 72.7945 525.9200
 74.0845 523.5400
 79.4445 524.2500
 80.3045 523.7700
 81.1645 521.6300
108.8245 520.4400
113.5445 519.7300
119.7645 517.5900
125.9845 513.3100
132.8445 510.7000
135.2045 510.9400
135.8445 511.6500
135.6345 512.8400
136.2745 513.3200
136.9245 517.8400
136.2745 526.8700
135.8445 527.3500
136.2745 528.0600
135.2045 529.4900
134.7745 528.5400
134.1345 528.5400
133.7045 529.4900
134.3445 529.9600
133.0545 530.2000
131.5545 529.7200
131.1245 530.9100
130.6945 530.9100
130.4845 532.8100
130.6945 533.2900
133.6945 533.0500
134.3345 532.3400
136.0545 532.1000
138.1945 530.9100
140.9845 531.3900
140.3445 530.4400
141.2045 530.2000
140.5645 529.7200
140.7845 529.2400
141.8545 529.0000
141.6445 528.0500
140.9945 527.8100
140.3545 529.0000
139.0645 529.0000
137.7745 528.0500
137.9945 527.3400
136.9245 526.8600
136.9245 522.3500
137.5645 518.7800
136.9245 512.3600
139.2845 513.3100
142.0745 513.0700
142.2945 513.5500
146.5845 513.0700
147.4445 509.0300
147.8745 509.0300
163.5245 511.6400
163.0945 512.3500
160.5245 512.1100
161.1645 513.0600
163.5245 512.5900
163.5245 513.3000
164.8145 513.3000
165.0345 511.8700
168.0345 512.1100
168.4645 513.3000
169.5345 513.7800
170.1745 516.3900
171.2445 516.3900
172.1045 517.5800
174.0345 521.3800
174.0345 523.9900
174.4645 523.9900
174.4645 525.4400
172.9645 525.9100
172.5345 528.0500
172.9645 528.0500
172.7445 530.9000
174.2445 531.8500
174.0345 533.0400
174.6745 534.9400
174.2445 536.8400
173.3845 537.5500
172.7345 539.4500
171.4445 539.6900
170.1645 538.5000
169.7345 540.1700
168.4445 541.5900
168.8745 542.0700
168.4445 544.2100
166.9445 544.2100
166.5145 545.4000
166.9445 546.5900
168.6645 546.3500
168.6645 545.4000
169.3045 545.4000
169.5245 546.5900
168.0245 546.5900
167.3845 547.5400
167.3845 549.2100
167.8145 549.2100
168.4545 551.8200
170.8145 551.5800
170.1745 553.4800
171.4545 552.7700
172.9545 553.0100
173.3845 553.9600
174.8845 553.4800
175.0945 554.1900
173.8045 555.3800
176.3745 555.1400
178.9445 557.0400
178.9445 557.9900
178.3045 557.9900
178.3045 560.1300
179.5945 560.3700
179.3845 562.7500
180.2445 562.7500
180.8845 561.0900
181.3145 561.0900
183.4645 562.7500
184.7545 562.9900
184.9645 564.8900
186.2545 564.8900
186.4745 565.6000
187.1145 565.6000
186.8945 564.1700
188.6145 564.1700
189.0445 565.1200
190.9745 565.6000
194.6245 565.6000
194.6245 564.8900
195.9145 564.4100
197.4145 565.8400
197.4145 566.5500
202.1345 566.0700
207.0645 566.5500
207.7145 567.0200
212.8545 567.0200
213.4945 567.7300
214.1345 567.0200
217.1445 566.5500
219.0745 567.0200
220.5045 566.0700
220.5045 566.0700
223.0445 560.9500
222.7445 558.6000
220.6245 556.5900
219.7145 554.7400
220.3145 552.2200
224.5445 550.5400
231.8045 549.3700
237.2445 550.5400
242.2345 552.3800
244.9545 554.3900
248.1245 552.7100
252.5145 546.0000
256.8045 533.4800
256.8045 533.4800
256.5745 532.7700
257.2245 532.5600
259.1545 533.0100

Ash_Shamālīyah
12
160.0445 539.2200
160.4745 538.9800
160.6945 536.1300
161.3345 536.1300
161.7645 534.9400
160.9045 533.5100
159.4045 534.2200
160.0445 535.6400
159.4045 535.8800
159.6145 537.0700
158.7545 538.4900
159.1845 539.2000

Ash_Shamālīyah
7
 63.3445 518.7700
 64.4145 517.5800
 65.9145 517.1000
 63.1345 514.7200
 62.0645 514.7200
 63.1345 517.5700
 62.7045 518.7600

