710 613

Brest
518
 56.3522 182.0988
 62.1022 182.0888
 62.3322 183.2788
 68.0322 183.0088
 68.1422 184.4388
 70.4222 185.1788
 73.3722 183.5888
 73.1322 180.5688
 74.2222 179.6488
 75.7822 180.0088
 77.1722 179.1988
 77.2922 180.1288
 78.1322 177.6888
 78.8322 178.1688
 78.8322 180.1188
 80.6322 181.2988
 81.5622 180.7888
 80.9222 179.0188
 82.1522 180.4088
 86.0022 178.3688
 90.0122 180.6988
 91.1422 180.4188
 91.1222 178.0088
100.0622 178.1988
103.1922 179.9188
103.9822 178.9788
104.0522 181.5888
102.9922 183.7988
104.5422 187.8688
105.1622 187.8988
105.7622 190.6788
104.0322 190.2888
104.9622 191.1088
103.5022 192.6188
106.1222 196.7188
109.0622 197.6488
107.3822 198.6288
107.6422 199.4088
106.1922 199.8388
106.5022 201.3388
110.6022 204.1688
110.7922 205.5288
113.0722 206.0788
113.5022 207.4888
115.0222 207.3188
114.5322 202.9988
116.8422 201.9988
119.3422 203.1088
120.6822 201.6588
122.7222 203.9188
123.3122 203.6488
122.9022 202.3388
123.9622 201.9588
124.6422 202.7288
128.2522 202.3488
129.7722 204.1088
130.9322 204.1288
131.5722 203.3088
132.2322 203.7088
134.3522 199.8088
133.1422 198.3688
136.1122 195.1288
137.0522 195.5188
138.7922 199.9588
140.0422 199.5288
140.1922 197.5088
139.3122 195.1788
140.0222 194.3488
139.0322 192.4988
139.9822 191.4088
139.0822 190.0588
139.7922 188.8088
140.8122 189.0188
141.5822 191.1188
143.4922 189.7988
143.3322 190.6988
145.5622 191.6788
145.3922 192.3988
146.9622 192.3488
147.5622 190.2788
148.4722 190.6688
149.9422 189.6188
150.7422 190.4088
150.2222 190.8988
151.3122 193.3188
155.2722 194.9988
156.2322 190.2888
158.9922 189.2388
161.1822 191.9688
160.6822 193.2888
158.1522 193.0288
157.6422 195.6188
160.1122 197.8188
158.6122 199.2888
157.7922 201.9388
161.8122 201.8788
161.9522 201.2388
166.3422 202.1488
166.1022 206.1388
167.1722 206.6188
167.9922 209.0288
173.2122 211.5388
174.9022 214.1888
178.6022 214.9988
178.0122 215.5588
178.2922 216.5888
179.8022 218.3788
177.5322 220.4988
177.4122 221.7388
179.0222 222.1588
180.1722 225.5288
179.2322 225.5288
179.6022 229.1388
177.6022 230.3188
176.7522 231.8688
178.4422 233.3688
178.6022 235.9288
179.9922 235.9388
178.6822 238.5788
179.5722 242.1688
180.3422 242.4588
179.3322 244.4888
180.9122 243.9788
182.3822 244.9888
181.7622 245.5988
182.2922 247.8488
183.5722 248.1188
183.2522 250.3388
183.9522 251.2188
183.4322 254.5988
184.5022 254.3888
185.0422 256.3888
186.0922 256.1188
186.6022 257.8988
188.7822 258.1288
190.4322 257.6488
191.0022 256.4888
193.6922 256.0588
195.7422 257.4388
198.4422 256.4988
199.6022 258.4888
202.4122 258.7588
202.0822 257.3588
203.4822 257.8488
205.1822 256.9488
207.2422 256.9688
207.2522 255.6788
210.0422 255.6788
210.8722 255.1788
210.4322 254.3288
212.1022 253.7088
213.4922 253.9388
215.2022 256.2588
215.2522 254.3888
215.8522 253.9888
218.3422 255.5388
220.2922 254.5188
230.4622 254.4788
231.7522 252.0988
232.7322 253.2388
234.3722 253.8488
234.9522 253.0288
235.2722 253.5988
235.2722 253.5988
236.8522 248.2588
238.2622 248.0288
237.1722 240.7688
234.0922 240.6588
233.9722 238.3788
232.0722 237.9188
231.1422 236.7088
231.6022 235.2488
228.7922 234.5188
229.5922 231.7388
232.4322 230.6888
233.4122 229.3188
233.4322 227.7188
235.0722 228.0288
236.3922 226.8988
236.5322 224.7188
238.7522 223.2088
243.3422 223.2888
244.2122 219.4288
246.2922 219.2888
247.4922 214.9788
247.0022 214.4788
243.3722 215.5988
242.1822 213.8388
242.8122 213.4288
242.1822 212.7988
242.5822 209.0288
239.7222 209.3288
239.0222 208.0988
237.5622 207.8188
237.1822 206.5088
238.8222 202.2688
240.6622 200.2888
241.3122 198.3388
242.5222 197.5888
237.1022 192.1588
236.7422 190.5588
237.3622 188.4788
241.4222 186.1388
241.5322 184.7888
246.3622 191.7988
247.2922 188.3388
249.5622 189.5288
251.8222 195.6588
255.0622 192.5188
254.6822 192.1788
257.0022 191.7888
257.5222 192.4088
259.2622 189.6788
261.2922 189.1388
260.8822 190.2788
262.7722 190.1988
262.8922 190.9088
263.9422 190.5088
264.7622 184.0188
267.4722 180.4888
270.1822 180.2088
272.5322 181.1888
273.9322 179.1188
274.7822 179.2388
279.3122 176.4388
283.2722 181.8788
284.9522 177.4888
284.2922 174.2988
286.2722 173.3788
287.1122 169.7788
284.0722 168.8388
283.6122 167.1288
284.6522 166.7388
284.8722 162.0588
282.7922 162.0288
282.8922 159.5888
283.7622 158.3688
285.1122 158.4588
285.3822 155.0888
286.5822 154.9788
286.6522 150.2888
285.9022 150.2288
286.7722 149.4788
286.7622 146.5788
291.6322 146.3688
292.3722 141.9288
294.4022 142.1288
294.7322 138.0088
299.3722 138.0888
299.4922 135.6888
302.9122 134.7488
302.9122 134.7488
301.7022 130.6888
302.1922 126.3088
310.1122 126.3888
310.2022 124.4088
312.7722 122.2888
317.1722 122.0888
318.9222 119.6588
320.5022 119.7788
321.9622 118.7688
322.0222 117.0988
322.7922 116.8788
323.1222 115.3188
322.8322 113.7488
323.7822 112.8488
321.3622 109.8788
322.9322 107.5388
322.2222 107.0388
320.6222 101.2788
321.3322  99.9088
320.9622  95.4988
322.7822  94.6588
324.6022  94.9688
324.2822  93.8988
325.2622  91.6088
327.8022  91.6088
327.8822  88.5988
327.4922  87.3488
322.3522  83.9588
320.6522  81.4188
322.2822  78.2788
322.3722  75.3388
321.3222  72.4888
319.6122  70.4188
321.7122  67.2688
324.1022  65.1888
322.2322  60.6788
323.4922  59.3588
323.5822  58.1288
321.5622  55.5688
319.8722  55.8588
318.9222  54.5888
318.5622  52.2188
319.3322  50.4688
318.4822  48.2688
321.0222  45.1588
320.7022  44.3788
320.7022  44.3788
320.0722  43.5588
320.3322  40.9188
321.4322  40.9788
319.7322  38.5888
317.8622  39.6588
318.6022  41.3388
318.1622  42.0188
316.7822  41.0688
315.9322  42.5788
314.0922  41.6188
314.0022  40.6588
311.4722  40.9588
309.2022  42.1588
307.7222  40.7588
300.5522  40.4488
300.6122  42.7088
302.7422  46.5188
300.9722  48.0388
297.9422  47.7088
297.4222  60.6888
282.0322  60.0988
278.6522  56.1188
276.2922  57.5988
273.5622  57.7388
271.2122  59.7788
267.2722  58.7088
266.8222  59.8488
264.2522  61.0988
264.6622  63.2488
264.0322  64.2188
260.9722  65.3388
259.6322  66.8088
254.0122  66.6388
252.3722  67.2888
252.1122  66.2688
249.6122  65.4188
248.6922  63.5588
243.4522  63.7588
243.2122  65.3988
241.3322  65.8788
239.7622  68.2788
237.9522  68.0288
237.7322  72.8488
235.6722  71.3988
231.2122  71.0988
230.0522  72.0888
225.1022  72.4788
222.7322  71.2988
221.8322  71.9588
220.3322  71.6488
220.1622  73.2488
218.9822  73.0388
215.5522  77.0488
212.3522  77.5988
212.0022  78.8288
209.3222  79.6688
202.9022  77.5388
195.8722  78.7188
195.6722  80.9388
192.3722  81.7888
191.5222  81.5088
192.4922  78.4388
190.9622  78.7388
187.1922  77.7788
179.5822  78.4788
173.9922  80.5088
172.7722  78.4088
170.8522  79.3988
170.0522  78.1288
165.2922  78.1288
164.6622  79.0288
159.7922  80.0188
154.1622  83.8588
151.7922  82.9188
149.1622  83.9988
145.1022  81.9088
141.8822  81.8888
136.2922  77.9788
134.6322  77.7488
132.2122  75.3988
129.7522  75.3888
128.8022  77.0888
123.2822  75.4088
122.7722  77.0788
121.8622  77.3188
116.9222  73.7988
115.8022  73.7988
113.8722  75.3488
110.5822  74.8988
107.4322  76.0788
103.0722  74.6388
 96.1422  73.6188
 89.4922  73.6888
 85.8922  71.0188
 86.2322  69.6888
 82.7322  64.1488
 84.4022  57.8988
 80.9222  54.0488
 69.9422  48.0088
 66.5522  42.6188
 62.5922  40.3088
 60.7422  37.8888
 55.2722  39.9888
 52.2222  39.1288
 52.0222  41.1288
 54.4822  43.9488
 48.2222  45.6488
 45.6322  44.8488
 45.5522  47.2588
 44.7922  48.1288
 39.5022  46.1088
 37.1822  46.5588
 36.1622  45.0888
 32.0022  43.0688
 33.8222  39.3588
 36.1322  38.0388
 35.8522  36.3588
 34.1622  34.4788
 37.0922  29.0188
 36.3022  28.2388
 33.0822  28.8388
 32.1022  31.7088
 28.7722  32.5388
 28.6222  33.8288
 29.6722  35.1488
 28.7122  36.6688
 28.9622  37.7688
 28.0022  38.1888
 26.9522  40.4988
 27.4122  42.6188
 26.8522  44.2488
 27.4522  44.9288
 26.7622  45.3988
 27.0922  47.2488
 28.0022  47.8288
 27.4022  50.2188
 28.3322  51.8788
 27.4622  52.4588
 28.0022  52.9088
 27.2722  55.0288
 26.5722  54.6988
 26.0322  55.5088
 26.2322  56.9788
 28.3522  59.3188
 29.2722  58.7188
 30.3522  59.0288
 31.1422  60.6088
 33.5722  61.4988
 33.4122  62.8688
 34.0322  62.8888
 34.3022  63.9688
 32.9822  67.2688
 31.6122  67.5188
 31.4722  68.7688
 32.3922  70.6388
 31.8122  73.0288
 33.6222  72.5588
 32.9722  74.0788
 34.1522  74.9488
 32.6322  76.2388
 32.2422  77.8488
 32.6422  78.5388
 33.6122  78.2388
 33.7222  79.4688
 34.6822  79.7888
 34.3022  81.6688
 33.2822  81.6888
 35.2322  83.4988
 36.5222  83.3888
 36.1722  85.0388
 37.8522  86.7888
 35.7722  89.9088
 35.9522  92.5088
 35.3022  94.3888
 34.4522  94.7588
 35.3722  94.9688
 34.5422  95.6188
 35.1822  97.4388
 32.5822  98.8788
 32.1322  99.9788
 32.8522 100.5788
 31.2222 101.8688
 28.2422 102.0388
 27.5422 101.0288
 26.9622 103.0788
 25.0222 104.2888
 24.8822 105.5388
 23.0422 106.1088
 23.4322 108.7088
 24.4322 108.5488
 24.0522 109.3188
 22.8922 109.5988
 21.5022 108.7288
 20.8022 109.9888
 18.4022 108.4988
 17.7522 109.6688
 16.6022 109.0988
 16.1822 111.8688
 14.7222 111.2488
 14.0122 112.7188
 10.0322 112.8788
  9.2922 113.2188
  9.3622 114.4288
  6.6522 113.5788
  2.2422 114.9588
  1.4622 116.5888
  2.1122 120.8688
  0.3322 121.8888
  4.9722 130.8488
  9.7722 137.2288
 10.4222 139.6688
 18.2222 150.5288
 22.2722 154.6088
 30.1222 159.2088
 34.1722 160.8088
 39.6022 161.7688
 41.2822 160.8388
 51.9022 169.5988
 52.9122 169.6588

Homyel'
585
390.9022 169.8588
391.9222 169.1388
394.0222 171.1688
394.6922 170.0788
396.6322 170.7788
399.6722 170.0488
400.4722 171.1188
401.9822 170.8988
403.9422 172.0788
407.4322 170.7588
409.2922 172.1588
411.9222 170.8088
414.2522 173.4188
414.2222 174.4188
418.1022 174.4388
418.0022 176.4988
416.6022 176.1188
416.3522 177.3988
415.3722 177.4388
416.0122 180.6988
419.4922 179.5688
421.1122 181.5388
422.7622 181.2488
428.6322 189.4488
428.2222 192.4688
437.6922 193.7388
438.0222 193.1988
439.7322 194.0888
438.7622 198.4188
443.1222 205.3288
444.6222 206.1588
446.5122 205.0088
449.3022 204.8488
450.4722 203.0588
455.9122 202.5088
457.7422 201.8388
457.8322 201.0288
458.4622 202.5188
459.7722 202.3488
459.6422 200.7688
460.9522 200.7788
461.7622 199.6988
465.2822 201.2888
468.4722 204.7688
469.2222 204.1988
471.8722 204.4288
472.3922 203.8188
474.8422 204.5688
477.0022 204.2988
478.5722 202.9288
478.7322 203.6488
479.3422 203.2988
479.9522 202.1488
484.0522 203.4588
483.3922 204.8688
484.9022 206.5688
480.8822 208.3188
479.9122 209.1188
479.3622 211.3588
478.3722 211.8988
481.4422 215.7688
480.5822 217.6488
478.3822 216.8788
476.7422 220.1988
478.6522 221.4888
477.6522 223.9288
477.9022 224.8388
478.9522 224.6288
478.9822 225.7088
479.6922 225.7688
480.5422 223.8288
482.6322 224.3788
483.7022 223.5688
487.7822 225.6888
486.5322 225.9588
486.2722 227.2988
487.8122 228.7988
486.9822 228.6088
486.7222 229.8088
487.7822 230.6188
485.6922 231.6588
489.2522 232.9388
487.1422 238.6288
487.8822 238.8388
487.6122 240.1788
486.1822 241.8988
486.1122 246.9888
489.7522 250.6588
493.1822 252.3488
493.9922 248.4288
496.1222 249.3288
495.4622 250.2188
496.4222 250.7088
497.8522 249.6488
498.1522 248.6088
497.1122 248.0888
496.7222 246.5988
500.2122 246.0788
501.3622 248.0788
501.2422 249.4088
510.4622 247.2388
511.4222 246.0588
511.2622 245.0588
513.1322 243.8788
515.2622 236.9788
516.3522 236.0588
518.2122 237.0588
518.7722 236.4888
520.2022 237.3388
521.6822 236.9188
523.7322 239.5788
523.8122 238.3188
527.3622 239.0688
528.6522 240.3688
532.0422 239.8388
532.2522 241.8488
534.5122 243.6388
537.9322 242.5788
538.9922 243.9188
538.7922 244.9388
540.5922 244.6288
541.5222 247.2088
544.1922 246.9388
545.8122 249.4288
546.1222 251.5388
547.3522 250.8588
545.9022 248.1788
547.2722 247.4388
546.6422 246.0188
553.6322 244.6588
552.5822 242.4988
554.4922 240.6588
557.5522 241.0188
557.5022 242.7788
560.0322 243.0088
560.7022 243.9088
565.8322 243.1788
567.1622 244.3488
566.8422 245.7288
568.3722 246.2488
571.3822 246.8488
571.8122 245.9388
578.6122 246.4988
578.9822 245.7988
578.0822 243.8388
576.0022 241.8588
577.1622 240.0388
578.5922 241.0588
579.6822 239.9088
580.5722 240.4388
581.1822 239.6588
580.5422 237.3488
582.4722 236.1388
582.5822 233.2388
585.0522 233.7288
585.6622 231.7088
587.0222 231.3288
587.1722 229.3388
585.5622 227.7888
586.6522 225.7888
593.1022 226.3688
594.3622 222.8788
594.9122 223.5988
596.0122 223.0388
596.4222 223.6388
596.4422 222.7688
602.1322 222.6488
603.1522 220.3888
604.6522 220.3888
604.6522 220.3888
602.6422 219.7888
602.2622 213.7288
600.5322 213.1288
597.4622 213.8288
595.8922 212.1888
600.8222 208.9788
601.7422 207.6288
604.2122 206.7588
604.8322 204.1488
605.8622 202.9988
605.5922 199.6888
613.6822 191.5488
617.7222 191.3188
617.7922 189.1488
616.4322 187.9388
617.2922 186.3988
619.5122 184.9988
619.7222 183.7788
621.3722 183.2988
621.5422 179.2888
622.3522 177.2488
620.4422 175.4488
619.4822 172.9288
614.6922 171.2288
619.3022 165.6388
619.9522 164.0588
619.6322 159.4688
620.7822 159.1488
624.6522 155.4288
627.6822 155.0888
624.9622 152.6488
624.0622 154.0788
623.2222 153.7388
623.1222 152.2688
621.9622 151.6288
621.8622 149.5588
619.2622 149.8688
620.3822 147.2888
622.5122 148.2788
624.0522 146.5888
622.6722 143.5488
620.8822 142.7288
622.8222 142.1488
622.9522 140.7988
622.0422 140.2988
622.5122 138.6088
621.7922 137.6888
623.8222 137.8688
624.5322 135.4888
624.1422 127.2988
621.0422 127.0288
621.0422 126.3488
624.1622 122.4288
624.5322 123.2188
626.1622 120.9688
628.5522 120.8288
630.5022 119.4188
629.4522 118.2988
630.3622 116.0088
630.3222 113.4488
628.7622 110.9388
630.1922 109.9688
632.0722 110.6088
635.6422 109.9488
635.9322 103.6788
636.9322 102.0688
631.2822  99.0988
630.7022 100.4688
627.6122 101.3888
622.6722 101.3388
616.3422 102.7088
613.5422 101.6688
612.1222 102.1588
611.4122 104.4888
607.7922 104.5988
605.8022 103.5588
606.3922 102.1388
601.8822 100.2288
600.9922  98.0388
601.5122  97.3788
599.8722  93.9388
596.7122  92.7088
594.6522  93.7288
593.5822  95.0488
593.6822  96.2488
589.8022  97.1588
588.4522  99.8688
585.1822  98.4288
582.8522  98.4888
576.9722  96.9388
575.1222  97.5988
575.1922  98.5088
574.2722  98.3388
574.4022  96.5888
573.0122  96.3888
574.1022  93.6288
573.3722  93.6888
572.9522  94.9088
572.3222  94.6288
573.4322  92.9988
572.2722  92.3488
573.1622  91.4888
572.2422  91.6188
572.7722  90.4688
571.5822  90.2388
572.0722  89.4788
571.5722  88.6488
572.8522  88.1588
572.8822  86.9588
571.7422  86.6688
570.6522  88.1588
569.9622  87.1188
571.2422  86.0388
569.4222  85.6288
569.7122  83.9288
568.4722  83.6088
567.7922  84.1888
566.0122  83.0288
565.9822  82.1788
567.0822  82.1388
566.3922  81.2888
564.8322  82.2688
563.8722  81.4288
564.9722  78.1588
563.3822  75.4688
559.2822  75.8988
558.6222  73.6788
556.2922  71.6888
555.4722  68.0488
552.2522  66.6288
553.5622  63.2188
552.3322  61.8688
552.5722  60.8688
550.7222  60.9088
549.3822  60.0788
549.6322  59.1988
551.4422  59.7088
552.0022  59.1388
550.4922  56.2688
550.1422  53.6688
545.7222  52.7288
546.6422  49.3788
546.2022  47.4888
544.6822  47.6588
543.1822  49.1088
542.2122  48.3988
543.5522  46.8888
541.7922  44.7188
541.6022  43.3688
543.5822  42.8388
543.4722  42.0388
545.1322  40.9288
544.4322  40.2488
542.4222  40.7488
541.6822  39.8588
543.0622  38.3088
544.9722  37.7488
543.1322  36.8388
543.1022  35.8388
544.4722  33.2688
546.1522  34.4188
547.0122  33.8988
546.0322  29.6388
547.0922  28.6288
547.6122  25.7088
549.9622  24.3688
549.8722  23.6088
546.9222  22.5088
547.2622  19.8888
547.9022  19.1988
549.6822  19.6688
549.7822  18.4088
552.3222  14.2888
551.0422  11.9288
552.0422   9.3788
550.0322   8.5388
547.8422   6.3888
549.2122   5.5988
548.5522   4.7888
550.0322   5.3388
548.9322   2.5988
547.8422   2.6588
543.9722   0.3088
541.4522   2.5188
537.4322   1.6688
538.1522   5.5388
533.7922   5.8588
528.0522  11.7588
530.3022  13.8188
529.1222  18.7488
529.8922  19.2288
528.6322  19.5188
525.3622  23.8688
522.1922  26.4888
518.9222  27.5988
516.7922  29.5988
515.9422  26.9488
513.3522  29.0988
512.8622  28.8588
513.3622  27.1388
512.7422  26.7988
505.1622  28.7388
504.8122  27.0188
503.2722  26.0388
502.2622  26.3688
501.4622  24.8088
498.6522  26.9988
496.2722  26.3788
495.4122  25.5488
495.9022  24.8888
494.9922  21.7688
492.3722  23.1488
490.3622  22.2888
489.5622  23.4588
488.7222  23.1888
488.7122  21.3588
485.1422  23.2388
483.8422  26.9388
485.2022  27.5388
485.0722  29.9988
484.5322  31.7388
482.9922  31.7188
482.4722  30.7288
479.8222  29.5088
479.5822  28.5488
478.6322  28.8688
477.5722  28.0988
476.8422  28.7588
476.0322  27.4088
475.0122  27.1988
474.9622  25.2588
473.1722  23.8188
469.9622  25.8888
468.3222  21.9588
468.5222  19.2188
467.1622  16.2688
460.5122  17.8488
458.3922  16.7588
456.2822  14.3988
453.9622  13.8588
454.0822  16.8088
452.6022  22.8888
449.9322  23.7488
449.9322  25.3288
448.3922  27.7888
449.3522  31.7888
448.8222  36.1388
445.7322  36.8888
445.3222  39.7288
443.1722  41.4888
443.6922  42.7488
442.1822  43.3988
443.1222  45.6688
442.4022  46.3688
438.0822  46.1688
432.2722  38.7388
430.0722  37.0288
428.3422  36.8788
427.8222  38.8688
423.3922  38.7288
419.3822  35.8488
417.2022  35.4088
412.6222  26.7688
413.7122  25.3188
414.1122  22.6388
413.5222  22.3888
413.2722  19.7088
411.9622  18.3288
410.8222  20.7288
410.8422  24.3488
408.2222  21.5488
406.8622  22.1288
403.8422  34.6188
404.7022  35.5088
403.2922  34.9488
403.0522  35.4688
405.0722  36.4388
397.5522  36.6488
397.5422  37.8588
395.2822  38.1588
394.7322  39.0788
391.2222  39.3588
385.5122  34.3788
382.6222  32.9788
381.9722  37.0988
377.3622  42.9088
375.5222  42.6488
376.2722  49.1488
375.5522  49.8888
369.2722  45.6288
368.9722  43.0388
367.8322  41.1088
365.9322  40.7988
364.1822  37.7188
362.8722  37.1488
361.6222  37.6588
359.2522  36.0788
352.1022  35.1688
354.7122  39.4688
353.2422  39.3988
352.3222  37.8188
350.7322  37.4188
350.8322  40.6588
350.0022  42.1088
345.8922  43.7288
343.8722  42.7188
343.2322  42.0388
344.6322  40.9988
343.6822  36.7388
345.3322  33.2588
344.2522  32.3688
341.6922  31.9888
338.4522  25.1888
337.0922  25.5388
331.6322  30.1788
332.5822  30.5888
332.7622  32.9088
335.7722  35.8088
336.4422  38.6588
336.0422  40.4688
333.7422  40.5488
332.9322  41.4088
330.3522  41.8988
328.5322  40.6088
323.2922  44.3088
322.3622  42.6788
320.8422  44.2888
320.8422  44.2888
321.1722  45.0688
318.6322  48.1788
319.4822  50.3788
318.7122  52.1388
319.0622  54.5088
320.0122  55.7788
321.7022  55.4788
323.7222  58.0488
323.6422  59.2788
322.3822  60.5988
324.2522  65.1088
321.8622  67.1788
319.7622  70.3388
321.4722  72.3988
322.5322  75.2488
322.4322  78.1888
320.8122  81.3288
322.5122  83.8788
327.6522  87.2588
328.0422  88.5188
327.9622  91.5188
325.4222  91.5188
324.4422  93.8088
324.7722  94.8888
322.9522  94.5788
321.1322  95.4188
321.5022  99.8288
320.7922 101.1988
322.3922 106.9588
323.1022 107.4588
321.5422 109.7988
323.9622 112.7688
323.0122 113.6688
323.3122 115.2288
322.9822 116.7888
322.2122 117.0088
322.1522 118.6788
320.7022 119.6888
319.1122 119.5688
317.3722 121.9988
312.9722 122.1988
310.3922 124.3188
310.3022 126.2988
302.3922 126.2088
301.9022 130.5988
303.1122 134.6488
303.1122 134.6488
303.1422 135.3688
305.3122 136.4388
306.1722 138.0288
309.4022 140.6788
310.0722 141.9488
308.2222 146.5188
309.8322 146.7088
309.8622 147.6888
310.6422 147.7388
312.1722 151.5488
316.7622 150.6388
317.0122 151.7688
321.1122 151.1188
322.6222 151.7188
322.8222 153.1688
324.7222 151.3788
326.5422 153.2788
326.9422 152.2288
328.2422 152.8788
328.1422 151.0488
329.6022 150.9888
328.3622 145.4088
330.3522 145.3488
336.1522 141.7588
336.5322 139.4588
342.4822 140.0588
349.2122 138.2188
351.2922 139.4388
353.3422 139.4388
353.4222 142.7388
355.1222 143.7188
354.2622 148.3388
356.0822 149.3288
365.5722 150.5588
366.4622 146.0888
371.0822 146.9588
371.5222 144.6988
381.9922 146.3688
388.7222 153.0688
388.8322 165.5088

Homyel'
6
617.4822 144.8288
617.3022 146.1088
619.9722 145.9788
620.7522 145.2688
620.2322 143.4588
619.3522 144.9388

Hrodzen
552
223.7122 459.0588
225.4322 458.7288
226.8222 457.4988
228.1322 454.1588
227.7822 452.8788
229.6322 451.7888
229.6322 451.7888
229.3722 450.8388
235.6822 445.0288
234.4022 444.2388
234.3522 442.1388
233.2722 441.2588
234.2522 437.5488
233.7722 436.3488
235.2022 437.2388
236.3922 436.7288
237.6822 437.7088
240.1422 437.9988
241.6822 436.6388
245.9622 429.4588
249.2722 428.0788
249.7622 426.0888
248.8622 422.4988
250.8622 418.7288
251.2922 415.6088
252.6022 414.8688
253.1122 413.5688
254.4822 414.8388
255.8022 414.5488
256.1622 413.7188
258.9022 414.3888
257.8522 412.5288
257.9222 408.2888
260.3722 407.3488
260.0622 406.0688
257.7122 406.1188
257.7822 401.9788
254.1122 403.4788
255.1622 402.2988
254.3722 401.4088
254.2822 399.6288
255.4822 399.1088
255.0722 397.7388
256.3822 397.9388
256.1522 395.4488
257.1322 394.1888
255.5422 390.6488
255.9422 389.9788
254.6722 389.3688
256.5922 388.2888
253.0322 383.6688
250.4322 383.7788
249.4722 381.5288
248.3022 381.4388
248.8022 379.1488
247.6322 379.1588
244.9422 372.9788
245.2222 370.6288
243.5722 370.3788
242.8022 369.4588
241.9122 370.0288
241.5322 369.0788
240.4522 368.9988
239.0922 365.7188
238.4322 365.8488
236.7922 363.1788
237.2122 362.0188
235.8022 361.7888
236.1922 361.0588
234.5722 358.9788
233.0722 359.4488
231.8122 358.7588
228.7822 360.2688
228.0122 359.6488
227.7322 361.0088
226.2222 362.3688
224.9222 361.1788
223.6422 362.1788
220.2022 358.9988
217.5222 357.5588
216.3422 355.6488
214.1022 355.4988
213.0422 356.5288
213.4522 357.7988
212.7922 358.1388
211.9722 357.3188
211.6022 354.9688
208.8822 351.3488
209.2722 349.9688
215.5922 346.4588
216.0422 347.7288
214.0322 349.5588
215.0522 350.5288
216.4022 349.9888
218.1922 351.1588
219.6722 351.1288
219.6922 349.9188
218.2822 349.2388
217.8422 345.8988
219.0722 344.6588
218.4922 343.9688
219.6422 341.6988
219.3122 339.9488
220.8022 338.3088
221.0622 336.3388
223.5622 335.4088
226.2022 337.3188
226.9522 336.9888
228.5522 338.5588
232.3022 339.6388
232.8522 333.7588
231.2622 329.4688
234.5722 330.2288
238.0322 332.9888
240.8222 326.5388
238.6822 323.8088
236.6522 323.0588
234.9222 323.3588
236.8822 319.7988
232.7322 318.3188
230.4922 315.9688
229.4622 317.2388
228.5022 315.7788
225.7322 315.5888
227.6522 311.1288
225.4822 310.8588
226.1322 309.3188
225.3422 309.0488
226.5722 307.8288
228.0322 308.7188
229.2522 307.2588
227.7422 306.0088
229.0422 304.0888
228.1022 303.1488
231.4222 297.5188
231.6722 295.8088
236.0622 294.5388
235.2622 291.0888
237.0922 291.0988
238.3922 289.9388
238.2622 288.4488
241.3022 285.7788
242.1322 282.9688
244.9722 280.3988
244.4722 279.7888
248.9122 277.5988
248.8122 274.2388
245.3322 271.6288
246.6222 270.6388
247.2522 271.9888
248.0222 271.9988
248.5222 270.5288
249.6122 270.8588
249.9022 262.3788
251.6622 258.2588
247.4822 257.4288
246.7622 256.4488
242.7922 256.9688
240.2922 255.5388
239.4322 256.2388
237.4222 253.8388
236.0922 254.2188
235.3022 253.5788
235.3022 253.5788
234.9822 253.0088
234.4022 253.8188
232.7622 253.2088
231.7822 252.0588
230.4922 254.4388
220.3222 254.4788
218.3722 255.4988
215.8822 253.9388
215.2822 254.3488
215.2422 256.2088
213.5322 253.8888
212.1422 253.6688
210.4722 254.2888
210.9122 255.1388
210.0822 255.6288
207.2922 255.6288
207.2822 256.9288
205.2222 256.9088
203.5222 257.8088
202.1222 257.3188
202.4522 258.7288
199.6422 258.4588
198.4822 256.4688
195.7922 257.4088
193.7422 256.0288
191.0522 256.4588
190.4822 257.6188
188.8322 258.0988
186.6522 257.8688
186.1422 256.0888
185.0922 256.3588
184.5522 254.3588
183.4822 254.5688
184.0022 251.1888
183.3122 250.3088
183.6222 248.0888
182.3422 247.8188
181.8122 245.5588
182.4322 244.9588
180.9622 243.9488
179.3822 244.4588
180.3922 242.4288
179.6222 242.1488
178.7322 238.5488
180.0422 235.9188
178.6422 235.9088
178.4922 233.3488
176.8022 231.8488
177.6522 230.2988
179.6522 229.1188
179.2822 225.5088
180.2222 225.5088
179.0822 222.1288
177.4722 221.7088
177.5822 220.4688
179.8522 218.3488
178.3422 216.5588
178.0522 215.5288
178.6522 214.9688
174.9522 214.1588
173.2522 211.5088
168.0422 208.9988
167.2222 206.5888
166.1522 206.1088
166.3922 202.1088
162.0022 201.2088
161.8722 201.8488
157.8522 201.9088
158.6722 199.2588
160.1722 197.7888
157.7022 195.5888
158.2122 192.9988
160.7422 193.2588
161.2422 191.9388
159.0522 189.2088
156.2922 190.2588
155.3322 194.9688
151.3722 193.2888
150.2822 190.8688
150.8022 190.3788
150.0022 189.5888
148.5322 190.6388
147.6222 190.2488
147.0222 192.3188
145.4622 192.3688
145.6322 191.6488
143.4022 190.6688
143.5622 189.7688
141.6522 191.0888
140.8822 188.9888
139.8522 188.7788
139.1422 190.0188
140.0422 191.3688
139.1022 192.4588
140.0822 194.3088
139.3722 195.1388
140.2622 197.4688
140.1122 199.4888
138.8622 199.9188
137.1222 195.4888
136.1822 195.0988
133.2122 198.3288
134.4222 199.7688
132.3022 203.6688
131.6422 203.2688
131.0122 204.0888
129.8522 204.0788
128.3322 202.3188
124.7122 202.6988
124.0422 201.9288
122.9822 202.3088
123.3922 203.6188
122.7922 203.8888
120.7522 201.6288
119.4122 203.0788
116.9122 201.9688
114.6122 202.9688
115.1022 207.2888
113.5822 207.4588
113.1422 206.0488
110.8722 205.4988
110.6822 204.1388
106.5822 201.2988
106.2722 199.7988
107.7222 199.3688
107.4622 198.5888
109.1422 197.6088
106.2022 196.6788
103.5822 192.5788
105.0422 191.0688
104.1122 190.2488
105.8422 190.6388
105.2422 187.8588
104.6322 187.8388
103.0722 183.7688
104.1322 181.5488
104.0622 178.9488
103.2722 179.8888
100.1422 178.1688
 91.2022 177.9788
 91.2222 180.3888
 90.1022 180.6688
 86.0922 178.3488
 82.2422 180.3788
 81.0122 178.9888
 81.6522 180.7588
 80.7222 181.2688
 78.9322 180.0888
 78.9222 178.1388
 78.2222 177.6588
 77.3922 180.0888
 77.2722 179.1588
 75.8722 179.9588
 74.3122 179.6088
 73.2322 180.5188
 73.4722 183.5388
 70.5222 185.1388
 68.2422 184.3988
 68.1322 182.9688
 62.4322 183.2388
 62.2022 182.0488
 56.4522 182.0588
 56.4522 182.0588
 56.4522 185.8088
 55.4022 187.9288
 54.7822 201.0388
 56.9822 203.5988
 55.8522 205.7288
 55.4322 211.6288
 53.4122 214.6488
 53.6322 215.8088
 52.4722 216.1588
 51.5122 218.4988
 54.8622 227.8588
 53.7822 230.0588
 50.9522 232.4588
 50.3122 236.9688
 47.5522 238.5688
 35.8822 272.6888
 30.3922 295.3988
 30.1322 300.2888
 27.6722 303.5788
 27.9222 313.7288
 25.8322 315.1788
 24.9122 321.2988
 25.1822 326.9188
 26.1322 326.9188
 26.7122 325.4488
 30.0222 325.3188
 32.1422 323.2388
 34.9922 324.3288
 39.1022 324.2388
 39.6622 324.8888
 43.8322 322.9088
 44.9622 321.3488
 44.4622 320.0088
 45.5722 319.8588
 47.6122 321.2088
 46.2122 323.4488
 46.3822 324.3788
 49.7022 326.8688
 52.2622 325.2288
 53.4222 325.5088
 54.8522 328.5588
 58.4022 326.4788
 58.8822 323.4488
 60.3422 323.2688
 68.4822 324.8688
 69.4622 327.1088
 71.5422 326.7188
 72.5922 327.8588
 75.9422 328.7188
 76.8822 327.1988
 76.6222 326.1888
 78.2122 325.5588
 79.7122 326.5488
 80.2122 325.0888
 84.2222 320.6388
 85.4722 320.3088
 86.6222 321.6688
 87.4122 320.2688
 92.0522 320.9788
 91.8022 320.3888
 92.5122 319.9888
 92.3822 321.0788
 93.0222 321.0488
 93.0622 320.2688
 94.6922 321.0788
 96.0322 323.7088
 99.3822 327.4588
103.1422 330.7188
105.4122 331.5488
106.9322 333.7788
108.9622 333.2488
111.0722 334.9488
112.8122 334.4988
111.9022 327.8688
115.5222 328.2988
115.3222 329.2588
117.8622 331.6388
119.7022 332.2988
121.2422 331.8488
122.0622 332.3488
122.1322 333.5888
123.1522 333.3888
122.8522 335.9788
125.1122 335.9288
125.4722 336.8488
124.8922 337.3288
123.3022 336.7488
121.7922 338.1788
121.6222 341.4288
118.0822 346.5688
118.2722 347.2588
119.6722 346.9288
122.4322 349.0788
121.5122 350.8388
125.3822 350.9788
131.9122 354.1088
133.4822 353.2288
133.1922 352.4888
134.5322 350.4588
136.2122 349.5988
138.6922 350.0288
140.4522 349.4088
143.6722 353.7588
149.9822 360.2088
149.8822 362.3288
151.3522 365.1188
152.2022 365.6388
153.5622 364.1988
154.7822 366.8888
157.3722 365.4288
157.7222 366.1888
158.7522 365.4288
159.7522 366.0988
161.0722 365.7288
161.7822 366.7288
165.2022 368.0388
166.1822 370.0288
168.5722 369.9388
168.4122 369.0788
169.5122 369.0688
170.5922 369.6788
170.4722 370.5088
171.6422 370.5488
171.8722 371.6388
173.0822 371.1188
173.2722 368.2288
176.5422 366.9288
176.0422 366.0288
177.2422 364.6888
177.0022 363.5788
178.5122 361.1188
175.1122 361.4188
175.2422 360.1488
176.4822 359.4188
176.4522 357.2488
172.9922 355.8088
172.6722 354.4988
174.4422 352.0988
175.8622 351.0388
176.8122 351.5188
179.5322 350.2388
181.3022 350.5488
181.0722 349.8988
182.3422 348.6388
184.0222 350.1188
185.5622 350.1188
185.6722 352.1788
186.9622 352.1888
187.0922 353.6488
189.6122 352.0288
190.7622 352.6588
190.8122 354.0188
191.5622 352.8088
193.6122 352.2588
194.0522 352.9288
192.5122 353.5488
191.9622 355.4988
192.6322 356.7588
192.1722 357.9588
190.6322 360.1488
190.0922 360.0088
193.6622 362.4888
192.9822 362.0088
191.5322 362.9488
190.4022 366.5388
188.2822 367.2088
187.5922 366.6988
186.8422 367.4788
187.4022 369.9688
185.7222 372.7488
183.9422 372.9488
182.4622 371.6088
181.4922 372.3888
180.7222 371.4688
178.6222 372.1488
178.4722 373.0188
175.7922 372.0288
175.6022 374.1888
174.5022 374.3788
174.6222 375.5288
176.0322 375.6888
176.6122 378.3988
178.6622 379.7988
178.2222 381.9188
178.7422 383.1688
179.7022 382.5188
181.5322 385.6688
180.7622 388.9788
181.3722 390.0088
179.7222 390.3588
182.1522 391.6988
185.3922 399.9788
190.5222 403.6288
191.2722 405.2388
190.7222 410.6988
189.6522 412.3888
190.0822 413.3088
189.1422 418.5288
189.8122 418.9988
189.3822 421.2188
190.3622 427.1488
189.3822 433.9188
190.5522 436.7488
192.3822 437.0088
192.8222 441.0288
194.3722 441.8188
195.3022 443.8388
198.0022 446.2188
198.4922 450.1288
199.8922 450.2088
200.5122 451.1188
201.9822 450.5288
203.6622 451.1588
204.9522 452.6588
207.6022 453.8788
208.7622 452.6688
213.5922 451.8188
212.9022 452.6388
214.8922 453.3488
214.6822 455.2088
216.9522 455.4988
217.7922 457.5988
219.0022 457.1588
220.7122 458.2588
222.4422 457.8688

Hrodzen
4
170.6222 367.3688
169.5722 367.6288
170.2122 368.5588
171.6622 368.6188

Mahilyow
704
459.4022 363.3388
461.4922 363.8488
462.7122 362.7388
463.6822 364.2888
464.5622 363.9788
464.8222 365.1288
465.9422 364.5588
467.4922 366.9088
467.2822 368.6388
468.7322 369.0088
469.1522 371.3188
472.3722 371.0588
471.5222 373.8288
472.4322 375.5488
476.0522 376.9088
476.0222 375.4488
479.1722 374.2788
481.2522 372.0488
482.8022 372.9788
487.0422 372.4988
490.3322 373.2988
492.2322 375.0388
494.3722 373.6088
495.6822 375.4188
495.3522 376.0188
496.2522 376.4388
497.0822 375.7588
495.8222 373.9788
497.8022 371.9588
496.9822 370.8388
500.3122 369.1688
500.4822 369.8988
502.0322 369.7488
503.6922 371.1488
502.5322 367.5188
505.2422 367.5288
506.1322 367.9988
504.4022 370.8188
504.5422 372.3288
507.9422 371.2488
507.9322 372.4088
509.8722 373.0588
507.7722 374.0388
506.8522 375.8488
509.2822 375.6988
510.6922 373.7788
512.5422 376.8588
510.6922 378.8688
511.2222 380.5188
514.1022 381.0588
514.2922 380.1988
513.3822 379.1788
512.4522 379.2088
512.5622 378.2488
515.5722 379.2788
517.4222 376.7088
517.3222 374.5688
518.9822 374.6788
520.0422 377.0588
519.2522 378.1888
520.1122 378.8288
522.5422 376.9488
523.2222 377.5588
524.4822 376.2588
525.4222 376.7088
526.4222 381.8788
528.3822 380.8488
527.2322 378.3288
527.7922 376.6288
524.9622 374.1588
523.6422 370.0988
529.0422 368.6888
531.3522 372.3788
534.5022 372.0988
534.0422 373.9788
534.7322 375.3188
535.4222 374.2188
536.3722 374.2088
536.9422 370.5488
538.3522 369.3988
538.9222 366.6988
540.8822 368.1288
541.2422 365.8488
542.6322 365.9288
541.9722 365.0288
543.8922 364.5888
542.9322 365.8488
543.0622 367.2988
545.8522 367.3388
543.1422 368.2888
546.3822 370.9088
545.1422 371.5388
546.6222 374.8088
547.6322 375.4788
548.3322 375.0888
548.9922 376.4588
547.9222 378.0988
546.4622 378.2288
545.8822 379.1188
547.3022 380.0188
548.8622 379.7788
551.4422 381.3888
552.1622 380.8988
554.9722 381.8888
553.8922 384.7888
554.4922 385.8688
556.5022 386.5188
558.7322 385.6688
559.0422 384.9088
561.6822 384.9288
562.1522 382.6488
564.9622 383.5188
568.0822 382.4988
569.9822 383.4488
569.8122 385.6188
570.9122 386.1588
570.8122 387.8788
572.6422 389.3288
574.0822 386.4388
575.9722 386.7088
576.7522 385.6788
578.6922 386.0088
579.9822 382.7388
582.5622 385.4988
583.0722 387.1188
585.3622 387.4888
585.8922 388.4988
588.7222 389.7788
587.5622 391.9788
589.3722 392.2588
590.4622 391.0988
592.9322 391.7888
592.9322 391.7888
595.1122 391.2488
595.4022 387.3988
596.2422 386.9488
596.5522 384.7388
597.8722 383.1388
596.5722 380.2388
600.1422 378.6688
601.7122 375.2288
599.0722 372.7388
601.6122 371.8588
600.8422 367.8688
601.2522 363.4688
602.7622 363.7088
604.5722 362.5088
605.8822 363.9788
606.4222 360.7588
608.3722 360.9988
608.1322 359.8088
606.6722 360.2288
606.0922 359.1088
610.1722 358.6988
613.2122 355.2288
614.6322 355.4088
615.0622 354.6588
614.3022 352.8388
616.9522 351.6388
618.7922 351.6588
619.5122 349.8488
624.1722 349.3688
626.2322 350.4688
626.0022 349.6088
627.7622 347.5788
627.8222 345.7188
631.4022 346.9688
632.0722 345.7088
633.0322 346.5988
635.1422 346.8988
634.5922 343.6388
633.6222 342.4788
636.0922 342.3188
638.7222 344.4688
639.8622 343.0088
641.1022 343.9088
641.8422 342.6588
642.8022 343.5488
644.1922 343.0488
643.0622 341.3588
644.0222 339.3088
643.6722 337.2088
641.1522 333.4388
641.9522 332.0188
643.6022 331.5388
643.7122 328.3988
640.9822 326.5088
641.1922 324.2588
640.5122 324.0188
639.2122 320.0988
639.3822 318.0988
637.0422 317.2388
637.9422 316.4488
638.4522 316.7888
638.5122 315.8688
637.8622 314.7988
636.4022 314.6288
635.7222 313.0588
636.6722 312.6888
636.4322 311.9688
634.0022 311.7188
635.1122 310.3188
634.3622 307.0488
634.9522 306.6188
635.5122 308.2288
636.2322 307.6488
636.4822 308.4288
637.4922 308.5088
637.8322 307.6788
638.7222 307.8888
644.3322 304.5588
644.8822 305.9088
646.4622 306.3188
648.1722 305.6388
650.9622 308.0988
655.2622 307.4288
654.9822 308.3288
657.8722 307.9888
659.0322 309.3688
661.0922 309.8888
662.6922 307.7288
664.4822 307.5488
664.8122 306.6788
665.4622 307.4488
667.1422 307.4488
668.5122 303.4888
670.6222 303.3288
671.0822 304.2188
672.8022 304.6188
673.0322 303.8688
671.9022 302.6388
675.6222 302.7888
677.2222 301.2288
677.9422 297.8788
678.9322 297.2688
680.8722 298.8288
683.2322 298.6788
685.6422 299.8788
685.8422 297.8088
687.9422 296.9088
688.5022 295.8788
688.6622 293.3688
685.2722 291.1288
683.3322 291.4088
682.2722 290.6288
682.2222 289.3588
682.5822 287.0588
683.4722 286.5688
683.4222 289.0488
684.8222 287.3188
683.2722 283.4088
685.6422 279.5488
687.1922 278.6688
686.7022 276.4388
689.4822 275.9588
692.4522 273.7988
691.6622 272.4488
696.2222 271.8788
696.3922 267.5888
698.0622 267.2388
699.4722 270.8488
700.0122 269.6688
702.4722 268.2388
700.5122 267.7088
700.2522 266.4688
706.2222 265.2888
707.0622 266.0588
708.5322 265.8088
707.0622 263.7188
708.1422 260.7688
706.5022 260.5788
706.4422 259.0888
707.1822 257.8588
708.4222 258.0988
709.0422 256.7088
707.8022 257.4988
706.3722 257.2888
706.6222 256.1288
705.2922 254.6788
707.2322 249.9988
703.6222 249.3288
702.3522 250.5388
700.8822 249.5688
699.8122 247.3188
697.2322 250.4688
697.4322 247.4488
695.9622 247.3788
694.8522 244.5088
692.0122 245.8588
690.5522 244.8188
690.3622 246.5088
687.7022 246.0288
687.8422 245.3088
689.6922 244.7188
689.5922 243.6188
684.7722 234.3788
683.6322 234.0388
682.1222 231.6588
680.1522 232.0788
678.0922 231.4688
676.7222 229.9688
677.0222 228.3288
676.1822 226.5888
673.9922 224.5288
669.6322 224.4488
668.8222 222.8388
669.1622 220.9288
665.4122 221.9888
664.3722 219.5788
658.7122 218.1688
653.0722 219.7988
652.9422 220.9188
651.2722 220.0688
650.9622 219.1188
646.8122 218.8788
645.3122 219.5088
645.8522 221.5688
645.0022 222.0688
643.1322 222.8288
642.0122 221.8988
639.2022 222.3388
636.7922 226.0088
636.1122 230.4288
634.7922 230.8788
632.9422 232.9988
631.8522 232.4688
624.3122 236.8488
620.7222 232.3888
617.9922 232.1088
617.5122 233.1388
615.5022 233.1888
615.0022 233.8288
607.6422 234.7688
608.6522 230.3388
607.2022 229.5488
607.0722 227.7088
604.7022 226.0088
604.8422 224.2388
605.7822 224.2088
607.2722 222.2188
606.6222 220.6588
604.5722 220.4588
604.5722 220.4588
603.0722 220.4588
602.0522 222.7188
596.3722 222.8388
596.3522 223.7188
595.9322 223.1088
594.8322 223.6788
594.2822 222.9588
593.0122 226.4388
586.5722 225.8588
585.4822 227.8688
587.0922 229.4088
586.9422 231.4088
585.5822 231.7888
584.9722 233.7988
582.5022 233.3088
582.3922 236.2088
580.4622 237.4188
581.1022 239.7288
580.5022 240.5088
579.6122 239.9788
578.5222 241.1188
577.0922 240.0988
575.9322 241.9288
578.0022 243.9088
578.9022 245.8688
578.5422 246.5688
571.7322 246.0188
571.3122 246.9288
568.3022 246.3188
566.7722 245.8088
567.0922 244.4288
565.7622 243.2588
560.6322 243.9788
559.9722 243.0788
557.4322 242.8488
557.4822 241.0888
554.4322 240.7288
552.5122 242.5688
553.5622 244.7188
546.5722 246.0788
547.2122 247.4988
545.8322 248.2388
547.2822 250.9088
546.0522 251.5888
545.7422 249.4788
544.1122 246.9888
541.4422 247.2588
540.5122 244.6888
538.7122 244.9888
538.9122 243.9688
537.8422 242.6288
534.4322 243.6888
532.1722 241.8988
531.9622 239.8888
528.5722 240.4188
527.2822 239.1188
523.7322 238.3688
523.6422 239.6188
521.6022 236.9588
520.1222 237.3788
518.7022 236.5288
518.1422 237.0988
516.2822 236.0988
515.1822 237.0288
513.0622 243.9188
511.1922 245.0988
511.3522 246.0988
510.3922 247.2888
501.1722 249.4588
501.2922 248.1188
500.1422 246.1288
496.6622 246.6388
497.0522 248.1388
498.0922 248.6488
497.7922 249.6888
496.3622 250.7488
495.4022 250.2588
496.0722 249.3688
493.9322 248.4688
493.1222 252.3888
489.6922 250.6988
486.0522 247.0288
486.1122 241.9388
487.5522 240.2088
487.8122 238.8688
487.0722 238.6588
489.1822 232.9688
485.6322 231.6888
487.7222 230.6388
486.6522 229.8288
486.9122 228.6288
487.7422 228.8088
486.1922 227.3088
486.4522 225.9688
487.7022 225.7088
483.6322 223.5788
482.5522 224.3888
480.4722 223.8388
479.6222 225.7788
478.9122 225.7188
478.8822 224.6388
477.8322 224.8388
477.5822 223.9388
478.5722 221.4988
476.6722 220.2088
478.3122 216.8788
480.5122 217.6588
481.3722 215.7788
478.3022 211.9088
479.2922 211.3688
479.8422 209.1288
480.8122 208.3288
484.8422 206.5788
483.3322 204.8788
483.9922 203.4788
479.9022 202.1688
479.2822 203.3188
478.6822 203.6688
478.5222 202.9488
476.9522 204.3188
474.7922 204.5888
472.3422 203.8388
471.8322 204.4588
469.1822 204.2188
468.4322 204.7988
465.2422 201.3088
461.7222 199.7288
460.9122 200.7988
459.6122 200.7888
459.7322 202.3688
458.4222 202.5388
457.7922 201.0388
457.7022 201.8488
455.8722 202.5188
450.4322 203.0688
449.2622 204.8588
446.4722 205.0188
444.5822 206.1688
443.0822 205.3388
438.7222 198.4288
439.6822 194.0988
437.9822 193.2088
437.6522 193.7388
428.1922 192.4688
428.6022 189.4488
422.7322 181.2488
421.0922 181.5388
419.4722 179.5688
415.9922 180.6988
415.3522 177.4388
416.3422 177.3988
416.5922 176.1188
417.9922 176.4988
418.0922 174.4488
414.2022 174.4188
414.2322 173.4188
411.9122 170.8088
409.2822 172.1588
407.4222 170.7588
403.9322 172.0888
401.9622 170.9088
400.4522 171.1288
399.6622 170.0588
396.6222 170.7888
394.6822 170.0788
394.0222 171.1788
391.9222 169.1488
390.9022 169.8588
390.9022 169.8588
391.2922 170.1888
389.7122 172.2788
386.9622 174.1888
383.3322 175.1888
383.4122 177.2788
383.7522 179.1388
387.5122 181.6988
389.4522 186.3788
387.8722 189.8988
386.9822 190.2588
387.1022 191.6688
390.5722 192.5888
390.2922 193.4888
391.6422 195.2288
390.7722 198.2988
390.1122 198.4688
388.0922 202.7888
389.1222 205.3488
389.8022 205.9388
390.8322 205.2088
392.5722 207.1588
394.7122 205.6088
396.4322 205.4588
397.9422 208.4288
395.7122 210.9888
395.5722 214.1388
394.8222 214.8688
395.8722 217.0388
394.7022 220.8788
395.8722 222.1388
394.7522 222.6788
393.8922 224.9888
392.7422 224.4388
394.0022 226.5388
392.5322 228.5888
386.5722 226.9588
385.2622 227.2288
385.2022 228.0288
386.1022 228.1588
383.9222 229.1788
384.3822 227.3588
381.9322 226.5988
381.4422 228.0288
381.9322 228.8588
379.3322 228.1388
381.0622 229.1588
382.0022 231.7488
381.7122 232.7088
379.0922 233.7288
377.2322 230.7188
375.7622 232.6588
374.3822 232.5188
374.0322 231.0888
373.0822 231.2688
372.5922 232.6588
370.0122 231.5588
369.5322 233.9888
368.2522 233.6888
364.3322 235.9888
364.7422 237.8588
363.0522 239.0288
362.3422 242.3688
364.4922 241.6188
366.7122 243.0488
367.3022 242.0588
370.8122 240.8388
377.9822 240.1988
380.4622 240.3488
380.4522 242.2788
386.8422 242.4788
388.1922 243.1288
388.1222 248.1588
385.8122 250.9188
382.5122 252.2088
382.2622 253.5788
382.9722 256.4088
384.4622 256.1188
384.5322 257.1488
386.1522 258.0688
386.1822 264.5788
383.8022 266.7688
381.0922 267.6388
382.1422 267.6288
382.5322 268.8788
383.8222 269.1388
386.0622 267.8088
387.0122 269.5988
388.2322 269.3788
391.0022 272.9288
391.5822 272.0688
392.4722 272.7688
392.4722 274.6788
393.2522 274.3688
394.3922 271.8288
395.1622 273.1388
398.2322 273.3988
398.3722 274.7488
397.1022 274.4188
396.2522 275.6688
396.8222 273.8688
392.6122 274.9388
395.3422 277.4588
399.4022 277.2588
399.6722 280.0088
402.2622 279.8988
401.5122 281.0888
402.2222 284.1788
408.8622 280.0888
413.8122 279.8888
413.5222 282.0488
416.5622 283.1388
417.7522 280.1688
420.7122 279.8688
423.3522 276.3888
423.4622 274.5288
426.9822 273.9388
427.0322 272.9288
427.7522 272.7088
426.5322 278.3188
428.0622 278.6688
426.4022 279.2688
426.3122 280.2088
429.8222 281.8988
430.2322 280.8788
435.6822 280.3288
436.5722 281.9188
435.2922 282.9788
435.4822 285.5388
434.6222 286.2088
435.2122 287.6088
436.8822 286.7688
437.7522 288.1088
437.2022 290.9788
437.6522 293.4488
439.4322 293.2688
439.5722 291.6388
441.3622 292.2988
443.1522 289.2788
444.6422 289.6488
445.3822 291.1888
448.2322 291.8188
448.9522 293.5288
452.3022 294.4988
453.3322 296.2188
453.1422 299.0188
453.8222 300.7988
455.3622 300.8088
457.2422 297.9288
459.0322 298.4088
458.7322 301.9588
459.7222 301.7788
461.1622 302.8988
458.1722 303.8588
458.8022 305.9888
465.0022 305.5188
466.1822 306.1888
466.4822 308.1088
464.3322 308.5288
463.7422 309.7388
461.4422 309.2888
460.7422 311.7988
457.2022 310.8588
456.2922 311.4988
458.4022 312.4088
461.0922 315.8488
458.5022 314.3388
457.1222 315.3488
457.1822 316.0288
458.8522 316.2488
459.5522 317.3688
457.5222 318.1988
459.4522 322.2288
457.6022 323.3488
457.7822 326.7788
455.8322 328.3588
457.2222 329.9588
456.8122 331.8388
454.3922 334.2288
455.4022 335.9588
459.2722 338.0788
461.9022 338.0388
461.0422 339.2788
462.7122 353.7288
461.6622 354.8388
463.4622 356.3988
463.8622 358.1888
463.1622 358.5188
464.2622 359.1788
462.9622 359.5988
463.2222 360.4388
462.2922 360.3288
462.2222 361.5988

Vitsyebsk
723
367.0822 612.1988
367.6322 612.1488
367.8822 608.4988
370.8522 607.7988
374.2422 604.4788
374.2922 601.0188
375.8422 600.6588
376.8922 601.7188
377.5422 599.3188
379.5122 597.5488
381.6022 598.0888
384.2322 597.6388
384.9322 600.3588
383.8822 602.4688
384.1222 603.9188
384.8522 604.1888
387.6522 602.5788
387.3522 601.3088
390.7622 603.6588
395.2922 603.5888
395.4722 604.3888
396.8422 604.8088
401.8622 602.7088
403.5522 603.4788
406.4122 603.1188
406.4622 602.0488
405.1722 600.4588
403.9522 600.8288
403.4022 599.3188
404.8922 597.2988
404.9722 595.6288
408.0222 593.0388
408.3622 589.2888
410.8422 585.3788
411.2822 585.9088
412.5622 585.3788
415.7122 585.9588
418.7322 583.6588
419.7522 587.9188
423.8222 588.6688
424.6722 589.4588
426.0522 588.7288
426.0422 590.9488
430.5722 591.1588
431.2022 592.9988
436.6122 594.0188
438.4322 591.6388
440.0822 593.2188
441.7722 593.0088
446.3122 587.9088
449.1322 589.0488
451.3122 588.1088
452.7222 588.5088
456.5122 585.7888
458.9422 586.1988
461.3722 585.4288
463.4922 583.7188
461.7822 582.8888
461.5222 581.8288
464.0422 581.1188
465.5122 578.7988
463.2222 577.5288
461.8822 577.5888
461.7322 576.7788
459.3022 576.4488
461.5822 572.7688
460.0622 572.7588
458.9822 570.7988
459.1622 566.2888
457.1122 563.4788
457.6022 560.5188
456.6622 558.7088
457.0222 557.5688
459.7922 557.0688
463.6522 554.2988
464.1222 552.5288
465.9322 551.0888
468.4222 550.6588
472.9622 554.7188
473.5822 557.9488
475.9822 560.6188
477.1722 560.1088
480.0722 562.1788
482.8422 562.0788
485.5522 563.5988
486.7722 561.9688
486.6222 560.7888
487.6322 560.2988
489.4122 560.7688
492.2622 563.9388
492.1522 565.6388
492.9122 565.2988
494.9222 568.5988
494.1922 569.8788
496.2122 571.4288
500.1422 570.0688
501.9322 570.8388
501.9522 572.3788
503.7622 572.5088
507.5422 570.8888
508.8622 569.0688
509.7322 569.4988
511.8222 567.4288
513.8222 567.4688
514.5822 569.8588
516.4122 569.9088
516.5022 571.9788
515.8322 573.0288
516.3322 573.6388
517.3122 571.4688
519.3322 572.0988
520.8122 571.6888
521.8922 572.5088
524.3922 571.5388
524.6322 572.2588
525.3122 567.3988
529.0622 567.8488
531.1522 564.7288
533.5822 565.4588
534.4022 564.3788
539.9622 565.0388
540.3022 563.7888
542.2722 562.3788
540.6322 560.9188
543.1122 556.7688
547.0422 556.6388
550.6022 553.7788
552.1222 550.1288
551.2722 548.5088
551.4722 546.7888
553.6822 546.5988
552.6022 544.7388
553.8722 544.6488
553.6522 541.9088
554.8122 541.7888
555.5522 544.5588
558.0522 544.9788
560.1022 537.7888
559.6722 536.9888
560.6522 535.8588
563.9122 535.8788
563.8722 537.1288
565.2922 537.2588
565.7122 539.2188
567.0622 539.7688
566.0222 541.0188
568.1022 541.2588
571.3922 538.8588
572.8322 540.1688
573.1022 535.4988
574.5922 529.6788
571.6522 528.3988
571.4722 527.5188
572.7722 526.6688
572.6422 525.7088
573.8422 525.8088
574.9322 523.9088
571.9922 521.3688
570.2722 521.1088
571.3422 518.9288
570.8022 516.7388
573.0722 510.9388
572.0722 508.0588
570.4522 507.7088
568.3222 504.4988
566.3222 503.4388
565.0522 501.6388
564.4622 500.4188
564.6622 495.5288
569.2722 494.3688
569.2922 492.6088
570.9622 491.9088
572.1622 485.6188
574.9322 484.4088
575.7322 481.5588
576.9322 481.3388
576.0022 478.2788
577.7622 477.9288
577.1522 475.1688
577.7422 473.9988
576.7022 471.3088
577.8122 468.2888
577.8822 463.4488
577.0922 462.7788
576.6022 463.5388
573.3522 464.4088
571.1922 462.1588
573.8822 459.9388
575.3722 457.0288
573.3522 456.3988
573.4922 454.2888
570.9122 454.2388
570.9222 452.7688
567.4122 453.0188
564.7722 451.7088
564.7222 449.9688
565.3222 449.8388
565.8222 447.5888
564.3022 445.5988
564.9122 444.1488
563.0922 443.7088
559.6322 434.7488
566.3022 432.0488
569.4322 428.6388
571.4122 428.2288
574.5522 425.8088
576.2522 422.7988
577.7722 423.9988
577.8122 420.5688
576.9822 419.3288
577.3722 417.4288
579.9022 417.7788
584.7822 416.0788
586.5022 417.5488
587.7422 416.5488
591.4622 416.8988
592.7122 414.9188
593.3022 411.6888
590.5422 406.9788
588.4522 405.4988
587.6122 403.6488
587.7822 401.1788
584.9322 399.7188
585.2822 397.9788
584.2822 396.6688
585.6722 394.7788
587.8222 394.4688
589.8722 392.5188
591.0322 392.2288
592.7422 393.0288
592.9322 391.7888
592.9322 391.7888
590.4622 391.0988
589.3722 392.2588
587.5622 391.9788
588.7222 389.7788
585.8922 388.4988
585.3622 387.4888
583.0722 387.1188
582.5622 385.4988
579.9822 382.7388
578.6922 386.0088
576.7522 385.6788
575.9722 386.7088
574.0822 386.4388
572.6422 389.3288
570.8122 387.8788
570.9122 386.1588
569.8122 385.6188
569.9822 383.4488
568.0822 382.4988
564.9622 383.5188
562.1522 382.6488
561.6822 384.9288
559.0422 384.9088
558.7322 385.6688
556.5022 386.5188
554.4922 385.8688
553.8922 384.7888
554.9722 381.8888
552.1622 380.8988
551.4422 381.3888
548.8622 379.7788
547.3022 380.0188
545.8822 379.1188
546.4622 378.2288
547.9222 378.0988
548.9922 376.4588
548.3322 375.0888
547.6322 375.4788
546.6222 374.8088
545.1422 371.5388
546.3822 370.9088
543.1422 368.2888
545.8522 367.3388
543.0622 367.2988
542.9322 365.8488
543.8922 364.5888
541.9722 365.0288
542.6322 365.9288
541.2422 365.8488
540.8822 368.1288
538.9222 366.6988
538.3522 369.3988
536.9422 370.5488
536.3722 374.2088
535.4222 374.2188
534.7322 375.3188
534.0422 373.9788
534.5022 372.0988
531.3522 372.3788
529.0422 368.6888
523.6422 370.0988
524.9622 374.1588
527.7922 376.6288
527.2322 378.3288
528.3822 380.8488
526.4222 381.8788
525.4222 376.7088
524.4822 376.2588
523.2222 377.5588
522.5422 376.9488
520.1122 378.8288
519.2522 378.1888
520.0422 377.0588
518.9822 374.6788
517.3222 374.5688
517.4222 376.7088
515.5722 379.2788
512.5622 378.2488
512.4522 379.2088
513.3822 379.1788
514.2922 380.1988
514.1022 381.0588
511.2222 380.5188
510.6922 378.8688
512.5422 376.8588
510.6922 373.7788
509.2822 375.6988
506.8522 375.8488
507.7722 374.0388
509.8722 373.0588
507.9322 372.4088
507.9422 371.2488
504.5422 372.3288
504.4022 370.8188
506.1322 367.9988
505.2422 367.5288
502.5322 367.5188
503.6922 371.1488
502.0322 369.7488
500.4822 369.8988
500.3122 369.1688
496.9822 370.8388
497.8022 371.9588
495.8222 373.9788
497.0822 375.7588
496.2522 376.4388
495.3522 376.0188
495.6822 375.4188
494.3722 373.6088
492.2322 375.0388
490.3322 373.2988
487.0422 372.4988
482.8022 372.9788
481.2522 372.0488
479.1722 374.2788
476.0222 375.4488
476.0522 376.9088
472.4322 375.5488
471.5222 373.8288
472.3722 371.0588
469.1522 371.3188
468.7322 369.0088
467.2822 368.6388
467.4922 366.9088
465.9422 364.5588
464.8222 365.1288
464.5622 363.9788
463.6822 364.2888
462.7122 362.7388
461.4922 363.8488
459.4022 363.3388
459.4022 363.3388
457.1022 362.1388
454.8822 363.5288
456.4422 365.6888
455.8522 366.6788
456.2222 367.7288
457.0722 366.2888
458.3122 367.7788
458.3422 371.1488
459.5222 372.4988
460.7722 372.7088
458.1122 373.4188
456.6322 376.0688
457.3022 377.6488
455.7222 377.9188
455.4822 379.6188
459.5622 379.5388
460.3222 379.8088
461.0222 381.6288
462.6122 381.1888
462.9722 381.7188
461.1622 384.1088
461.3422 386.9288
462.4722 387.2188
460.9522 389.5288
461.1622 390.6988
460.4322 390.4388
459.7722 391.2688
463.3922 395.9788
463.4922 397.3388
462.6322 398.3888
464.3322 402.1188
464.0722 405.1488
466.3922 407.0488
464.4122 411.0388
461.5822 410.3488
461.7522 408.7788
460.6422 408.4288
460.0222 406.2588
457.3822 406.8188
458.6022 408.6488
455.9122 405.3788
455.3122 406.6588
454.1022 406.8288
452.0522 404.7188
449.9722 405.2388
448.9122 404.6088
448.5022 405.5188
446.7322 405.6188
446.4022 409.1988
445.5822 409.9088
447.0222 411.3288
445.3222 412.1588
445.9622 413.4788
442.9222 413.1388
442.0222 412.1288
439.1422 412.4988
437.7422 413.5888
432.6022 410.6588
432.0922 409.8188
432.4922 407.5288
431.3322 406.3088
430.1122 406.7188
429.8922 407.7788
429.1122 407.5288
426.6722 409.0888
423.8822 409.2088
423.0622 410.3288
420.3922 409.3188
421.5422 407.9388
421.5822 406.4688
421.2822 405.4688
419.7822 404.8288
416.1822 404.4288
415.1222 404.7688
415.0722 405.8488
412.2122 406.5488
412.6522 405.9288
408.9822 404.9888
406.4422 405.6088
406.6422 406.5888
405.6222 407.7988
406.5822 408.8988
406.5722 410.7688
403.0822 416.7788
401.2922 416.4288
400.6922 417.7088
399.5922 417.8688
398.9022 416.4488
390.1722 416.5388
389.4022 409.8588
388.2122 405.9788
386.4322 402.8888
384.9322 402.8688
381.4322 407.9088
379.5922 408.5788
379.0122 411.1188
377.5422 410.3088
376.9122 412.5488
376.3222 412.0788
377.0122 411.0988
376.6922 409.7888
375.6922 411.3588
375.9322 413.9388
373.0222 415.8888
372.0722 417.4188
370.6522 417.7488
366.3122 415.6688
366.5422 416.5888
365.5722 415.1988
366.3622 413.3588
364.0522 412.6888
363.1222 411.1688
362.6022 412.2588
361.4822 412.3088
357.5222 410.0988
357.0622 407.0188
354.9922 406.2088
352.9822 409.6288
349.7722 409.2088
347.2822 410.6588
348.0922 412.6188
346.5822 413.7888
343.8922 410.7688
343.1622 410.6488
342.9122 411.4588
340.2522 409.8188
338.7922 409.8788
338.2122 412.1888
336.5322 413.3088
337.2422 415.8288
334.1822 418.5388
334.1322 427.1088
330.8622 428.6288
329.2722 430.2088
327.9522 429.6088
321.9822 429.9088
323.4322 435.2088
321.3922 435.9988
319.0922 434.9188
318.6922 438.9788
316.4122 440.0688
315.9622 441.3388
314.4722 441.1788
313.9522 442.0188
312.4322 440.9988
308.6422 443.3288
306.9722 446.7488
304.9822 447.2988
305.8222 451.8288
303.6222 452.6488
303.4722 454.1888
302.9222 454.4988
302.4622 453.8388
301.7322 454.9288
302.0322 456.7788
302.7522 457.2288
301.6522 459.2588
297.9122 458.5188
297.2522 460.2388
295.8822 459.1288
294.9922 460.3488
293.4622 458.1288
292.6922 460.1588
289.7722 459.1288
288.1322 459.8088
286.5022 459.0588
287.0322 458.2488
288.4122 458.4688
288.0622 457.0288
283.6922 456.9988
282.6622 455.8088
280.1622 455.2588
279.6522 458.0188
276.7722 460.1488
275.1822 462.4688
273.9922 461.6488
273.1622 462.0488
271.2122 459.2088
270.2922 460.2388
270.3922 461.4588
268.8522 461.6088
267.7122 460.7988
267.4722 459.3588
268.4822 457.7988
269.5322 457.7688
269.6422 456.0088
268.9522 455.4088
267.7122 456.5488
266.7022 455.3288
264.8722 456.2088
263.4122 455.6888
263.3922 454.1788
261.7422 454.0588
260.6422 454.4688
259.7522 456.6688
258.6222 456.2388
256.4922 458.0788
255.1922 456.7088
252.5522 457.2288
252.2122 456.7088
253.8922 455.0388
250.5722 451.9188
246.1522 454.7588
244.7022 453.4088
242.0922 455.3288
240.6022 454.7388
239.9822 456.2288
238.2822 457.2288
234.0822 458.3488
233.1022 456.7388
233.8922 456.1188
234.5522 456.5088
234.4122 455.0988
233.3222 454.4288
231.8422 455.5888
229.6222 451.7788
229.6222 451.7788
227.7822 452.8688
228.1322 454.1488
226.8222 457.4888
225.4322 458.7188
223.7122 459.0588
223.7122 459.0588
224.1522 461.2288
226.2022 464.6788
226.5622 468.0688
228.0922 468.3388
227.9022 469.0488
228.5722 469.3388
225.6722 473.4188
228.1422 475.0688
230.9422 475.5688
231.6522 476.1388
230.9622 476.7188
232.8422 476.9788
232.6422 478.1788
235.0422 478.8088
237.6522 477.8488
238.1222 476.6788
239.2522 477.6188
242.7822 476.1688
243.9522 477.1588
244.1022 478.5788
246.7522 480.1088
248.6822 477.9788
251.8122 479.2988
254.5722 478.4688
256.9522 480.2688
258.5222 479.7788
258.8322 481.2588
260.0122 480.8088
260.6722 481.7188
259.4722 482.3688
258.6622 485.0688
259.9622 485.9688
260.7322 485.3088
262.5822 487.2888
262.6822 490.9888
263.7222 492.2088
266.1222 492.9288
267.6722 494.7388
270.1722 495.6188
269.9422 499.0388
267.0422 500.8688
261.8322 501.0088
257.8222 503.2488
257.4222 501.9988
256.3922 502.6288
255.4022 500.9588
255.1122 502.6388
254.0422 502.2488
254.3222 501.4988
253.5022 500.6188
251.9522 500.7088
251.8022 501.5288
250.2622 500.6388
248.8922 501.9888
242.1622 503.5488
241.4122 504.3788
243.4222 505.3888
243.8222 507.1488
245.7422 507.1888
247.8922 509.5688
249.5822 509.6088
249.1722 511.9888
249.9522 512.6488
248.6522 516.4688
249.8722 516.3188
248.8222 517.8188
250.5422 520.3388
249.7622 521.7188
248.7822 521.9188
247.6222 525.1188
248.8822 527.5388
251.7122 528.8488
253.9122 532.4688
254.6022 532.1788
256.2922 533.5788
256.2222 537.3188
255.5622 538.3188
256.8522 540.4988
256.3522 544.0188
255.3122 544.1688
255.2922 547.3788
256.8722 549.8888
256.5222 550.4888
261.7622 550.0488
263.7222 547.5588
266.6222 546.9588
267.8922 549.5488
273.1322 551.7388
273.5422 554.4688
275.2222 556.5488
276.9922 561.6288
278.7622 561.4388
280.6722 564.6888
283.6822 566.7988
285.0322 566.0888
286.1322 566.9388
289.7622 566.5188
290.3922 568.7788
291.8822 569.5488
293.1722 569.1488
293.9722 569.8788
295.3022 567.8888
297.7122 567.2188
300.6522 563.7588
300.9922 562.4088
303.4122 561.1988
308.3022 563.0188
309.6122 564.9788
314.4922 562.3388
322.9922 561.0588
328.1022 561.4788
329.8722 569.3788
328.7422 575.1588
330.8622 577.9188
330.8622 579.9688
337.0722 585.6788
339.5522 585.9188
341.6122 586.9988
342.7122 589.2788
341.7222 590.5288
342.5522 590.5988
344.0322 592.4288
342.3722 594.1288
345.7022 595.0088
347.0622 596.3588
349.1922 595.4888
351.5222 599.0188
352.7522 603.1688
354.0322 603.8588
354.5722 605.2588
356.0422 605.9988
359.5022 604.9388
359.7022 606.1488
361.4622 607.6688
363.1822 607.2388
363.4322 609.0688

Minsk_City
7
326.7322 306.1388
325.9922 306.3388
324.9422 308.7888
324.9422 308.7888
325.6422 309.8088
326.4122 309.5588
326.4122 309.5588

Minsk_City
4
349.5322 315.2888
348.8122 315.3588
348.7622 317.1088
350.0222 316.3688

Minsk_City
5
359.8222 318.1788
361.4322 316.1788
360.0522 315.1388
360.0522 315.1388
357.5122 318.1288

Minsk_City
47
326.1722 327.9488
328.6322 326.6088
330.1922 327.3088
329.8422 326.0088
331.2522 325.1288
332.9422 325.4488
334.0522 326.6088
336.3722 326.2388
336.9022 327.0788
337.8522 326.8188
337.0922 323.1688
332.9622 321.0788
334.3322 316.4188
333.3322 313.7288
336.5722 311.3588
337.0522 314.7288
341.4722 314.5188
342.9422 312.9388
340.7322 311.2488
340.6322 309.5588
338.6322 309.1388
335.9522 311.0388
334.9522 309.6688
335.2722 308.1388
332.8522 306.9788
332.3222 307.5588
332.9522 308.6088
331.7422 309.4488
332.9522 310.2888
332.3222 311.6088
330.7422 310.4488
328.6322 310.1888
318.4722 311.1888
317.5822 310.5588
317.1122 311.6088
314.9022 312.3488
314.0622 314.9288
312.3222 314.2988
312.3722 313.5588
310.4222 314.7688
312.3222 316.5588
313.3222 316.5588
313.3222 321.5088
314.7422 324.4088
316.9022 326.5688
319.2722 327.4088
319.2722 327.4088

Minsk
698
229.6222 451.7788
231.8422 455.5888
233.3222 454.4288
234.4122 455.0988
234.5522 456.5088
233.8922 456.1088
233.1022 456.7388
234.0922 458.3388
238.2822 457.2188
239.9922 456.2188
240.6122 454.7288
242.0922 455.3188
244.7022 453.3888
246.1522 454.7388
250.5722 451.8988
253.9022 455.0188
252.2222 456.6888
252.5622 457.2188
255.2022 456.6888
256.4922 458.0588
258.6222 456.2188
259.7522 456.6388
260.6422 454.4488
261.7422 454.0388
263.3922 454.1488
263.4122 455.6588
264.8722 456.1688
266.6922 455.2988
267.7022 456.5188
268.9422 455.3788
269.6322 455.9788
269.5222 457.7388
268.4722 457.7588
267.4722 459.3288
267.7122 460.7688
268.8522 461.5788
270.3922 461.4288
270.2922 460.2088
271.2122 459.1788
273.1622 462.0188
273.9922 461.6188
275.1822 462.4388
276.7822 460.1088
279.6622 457.9788
280.1722 455.2188
282.6722 455.7688
283.7022 456.9588
288.0722 456.9888
288.4222 458.4288
287.0522 458.2088
286.5222 459.0188
288.1522 459.7788
289.7822 459.0988
292.7022 460.1288
293.4722 458.0988
295.0122 460.3188
295.9022 459.0988
297.2722 460.1988
297.9422 458.4788
301.6822 459.2188
302.7722 457.1888
302.0522 456.7388
301.7522 454.8888
302.4822 453.7988
302.9522 454.4488
303.5022 454.1388
303.6522 452.5988
305.8522 451.7788
305.0122 447.2488
307.0022 446.6988
308.6722 443.2788
312.4622 440.9488
313.9922 441.9588
314.5122 441.1288
316.0022 441.2788
316.4522 440.0088
318.7322 438.9188
319.1222 434.8488
321.4222 435.9388
323.4722 435.1488
322.0222 429.8488
327.9922 429.5588
329.3122 430.1588
330.9022 428.5788
334.1822 427.0588
334.2222 418.4888
337.2822 415.7788
336.5822 413.2588
338.2622 412.1388
338.8422 409.8388
340.3022 409.7788
342.9722 411.4188
343.2222 410.6088
343.9422 410.7388
346.6322 413.7588
348.1422 412.5888
347.3322 410.6288
349.8322 409.1788
353.0422 409.5988
355.0422 406.1788
357.1222 406.9888
357.5822 410.0688
361.5422 412.2788
362.6622 412.2288
363.1822 411.1288
364.1122 412.6588
366.4122 413.3188
365.6222 415.1688
366.6022 416.5588
366.3622 415.6388
370.7022 417.7188
372.1322 417.3888
373.0822 415.8588
376.0022 413.9088
375.7622 411.3288
376.7622 409.7588
377.0822 411.0688
376.3922 412.0488
376.9822 412.5188
377.6122 410.2788
379.0922 411.0788
379.6722 408.5488
381.5122 407.8788
385.0222 402.8288
386.5122 402.8488
388.2922 405.9388
389.4922 409.8188
390.2622 416.4988
399.0022 416.4088
399.6922 417.8188
400.7922 417.6688
401.3922 416.3788
403.1822 416.7388
406.6722 410.7288
406.6822 408.8588
405.7322 407.7488
406.7522 406.5388
406.5522 405.5588
409.0922 404.9388
412.7622 405.8788
412.3222 406.4988
415.1822 405.7988
415.2322 404.7188
416.2922 404.3788
419.8922 404.7888
421.3922 405.4288
421.6922 406.4288
421.6522 407.8888
420.5122 409.2788
423.1822 410.2788
424.0122 409.1588
426.7922 409.0388
429.2322 407.4788
430.0122 407.7288
430.2222 406.6588
431.4522 406.2488
432.6122 407.4688
432.2022 409.7588
432.7222 410.5988
437.8622 413.5288
439.2622 412.4488
442.1422 412.0788
443.0422 413.0788
446.0822 413.4188
445.4422 412.0988
447.1422 411.2688
445.7022 409.8388
446.5322 409.1288
446.8622 405.5588
448.6322 405.4588
449.0422 404.5388
450.1022 405.1688
452.1822 404.6488
454.2322 406.7588
455.4322 406.5888
456.0422 405.3088
458.7322 408.5788
457.5022 406.7488
460.1422 406.1888
460.7622 408.3588
461.8722 408.6988
461.7122 410.2788
464.5422 410.9688
466.5222 406.9788
464.2022 405.0888
464.4622 402.0488
462.7622 398.3288
463.6222 397.2788
463.5222 395.9188
459.8922 391.1988
460.5622 390.3788
461.2822 390.6288
461.0722 389.4588
462.5922 387.1488
461.4622 386.8588
461.2822 384.0388
463.0922 381.6488
462.7422 381.1188
461.1522 381.5588
460.4622 379.7388
459.7022 379.4688
455.6222 379.5488
455.8622 377.8588
457.4422 377.5788
456.7722 375.9988
458.2522 373.3588
460.9022 372.6388
459.6522 372.4388
458.4722 371.0888
458.4422 367.7188
457.2022 366.2288
456.3522 367.6688
455.9822 366.6188
456.5722 365.6188
455.0122 363.4588
457.2322 362.0688
459.5322 363.2688
459.5322 363.2688
459.9722 361.5288
462.3522 361.5288
462.4222 360.2588
463.3522 360.3688
463.0922 359.5288
464.3922 359.1088
463.3022 358.4388
463.9922 358.1088
463.5922 356.3188
461.7922 354.7588
462.8422 353.6488
461.1722 339.1988
462.0322 337.9588
459.4022 337.9988
455.5322 335.8788
454.5122 334.1488
456.9322 331.7688
457.3422 329.8888
455.9422 328.2888
457.9022 326.7088
457.7222 323.2788
459.5722 322.1488
457.6422 318.1188
459.6722 317.2788
458.9622 316.1688
457.2922 315.9388
457.2322 315.2688
458.6122 314.2588
461.2022 315.7688
458.5122 312.3188
456.4022 311.4088
457.3122 310.7688
460.8522 311.7088
461.5522 309.1988
463.8522 309.6488
464.4422 308.4388
466.5922 308.0288
466.3022 306.1088
465.1122 305.4388
458.9222 305.9088
458.2922 303.7788
461.2822 302.8188
459.8422 301.6988
458.8622 301.8688
459.1622 298.3188
457.3722 297.8488
455.4922 300.7288
453.9622 300.7188
453.2822 298.9388
453.4722 296.1388
452.4422 294.4188
449.1022 293.4488
448.3822 291.7488
445.5322 291.1088
444.7922 289.5688
443.3122 289.1988
441.5222 292.2188
439.7322 291.5588
439.6022 293.1888
437.8222 293.3788
437.3622 290.8988
437.9122 288.0288
437.0422 286.6888
435.3722 287.5288
434.7822 286.1288
435.6422 285.4588
435.4522 282.8988
436.7322 281.8388
435.8422 280.2488
430.3822 280.7988
429.9722 281.8188
426.4622 280.1288
426.5522 279.1888
428.2022 278.5888
426.6822 278.2388
427.9022 272.6188
427.1822 272.8388
427.1422 273.8388
423.6222 274.4388
423.5122 276.2988
420.8722 279.7788
417.9122 280.0788
416.7222 283.0488
413.6922 281.9588
413.9822 279.7988
409.0322 279.9988
402.3822 284.0988
401.6722 281.0088
402.4222 279.8188
399.8422 279.9288
399.5722 277.1788
395.5122 277.3788
392.7922 274.8588
397.0022 273.7888
396.4322 275.5888
397.2822 274.3388
398.5422 274.6688
398.4022 273.3188
395.3422 273.0588
394.5722 271.7488
393.4322 274.2888
392.6522 274.5988
392.6622 272.6888
391.7722 271.9788
391.1922 272.8488
388.4322 269.2888
387.2022 269.5088
386.2622 267.7088
384.0222 269.0488
382.7422 268.7888
382.3422 267.5388
381.3022 267.5488
384.0122 266.6688
386.3922 264.4788
386.3622 257.9788
384.7422 257.0488
384.6722 256.0288
383.1822 256.3088
382.4722 253.4788
382.7222 252.1088
386.0122 250.8288
388.3222 248.0688
388.3922 243.0388
387.0422 242.3888
380.6522 242.1888
380.6622 240.2588
378.1822 240.1088
371.0122 240.7488
367.5022 241.9688
366.9122 242.9488
364.6922 241.5188
362.5422 242.2688
363.2522 238.9288
364.9422 237.7588
364.5322 235.8888
368.4522 233.5888
369.7322 233.8788
370.2122 231.4588
372.7922 232.5488
373.2922 231.1588
374.2422 230.9788
374.5922 232.4188
375.9722 232.5588
377.4422 230.6188
379.2922 233.6288
381.9122 232.6088
382.2122 231.6488
381.2722 229.0588
379.5422 228.0388
382.1422 228.7588
381.6522 227.9188
382.1422 226.4888
384.5922 227.2488
384.1322 229.0688
386.3222 228.0488
385.4222 227.9088
385.4822 227.1088
386.7922 226.8388
392.7622 228.4688
394.2322 226.4188
392.9722 224.3188
394.1222 224.8688
394.9822 222.5588
396.1022 222.0188
394.9322 220.7588
396.1022 216.9188
395.0522 214.7488
395.8022 214.0088
395.9322 210.8588
398.1622 208.2988
396.6522 205.3288
394.9322 205.4788
392.7922 207.0288
391.0522 205.0888
390.0222 205.8088
389.3422 205.2188
388.3122 202.6588
390.3322 198.3288
391.0022 198.1588
391.8622 195.0988
390.5222 193.3488
390.7922 192.4588
387.3322 191.5288
387.2122 190.1288
388.1022 189.7588
389.6922 186.2388
387.7522 181.5588
383.9822 178.9988
383.6422 177.1388
383.5722 175.0488
387.2022 174.0488
389.9522 172.1388
391.5322 170.0488
391.1422 169.7188
391.1422 169.7188
388.8522 165.5088
388.7422 153.0688
382.0122 146.3588
371.5422 144.6888
371.1022 146.9488
366.4922 146.0788
365.6022 150.5388
356.1122 149.3088
354.2922 148.3188
355.1522 143.6988
353.4522 142.7188
353.3722 139.4188
351.3322 139.4188
349.2522 138.1988
342.5222 140.0388
336.5722 139.4388
336.1922 141.7388
330.3922 145.3288
328.4022 145.3888
329.6422 150.9688
328.1922 151.0288
328.2922 152.8588
326.9922 152.2088
326.5922 153.2588
324.7722 151.3588
322.8722 153.1488
322.6722 151.6988
321.1622 151.0888
317.0622 151.7388
316.8122 150.6088
312.2322 151.5188
310.7022 147.7088
309.9222 147.6588
309.8922 146.6788
308.2822 146.4888
310.1322 141.9188
309.4622 140.6488
306.2322 137.9988
305.3722 136.4088
303.2022 135.3388
303.1722 134.6088
303.1722 134.6088
299.7522 135.5488
299.6322 137.9488
294.9922 137.8588
294.6622 141.9788
292.6322 141.7888
291.8822 146.2288
287.0122 146.4388
287.0222 149.3388
286.1522 150.0888
286.9022 150.1488
286.8322 154.8388
285.6322 154.9488
285.3622 158.3188
284.0222 158.2388
283.1522 159.4588
283.0522 161.8988
285.1322 161.9188
284.9122 166.5988
283.8822 166.9888
284.3422 168.6988
287.3822 169.6388
286.5322 173.2388
284.5622 174.1588
285.2222 177.3488
283.5422 181.7388
279.5822 176.2988
275.0522 179.0988
274.1922 178.9788
272.7922 181.0488
270.4422 180.0788
267.7422 180.3588
265.0322 183.8888
264.2122 190.3688
263.1522 190.7688
263.0322 190.0588
261.1422 190.1288
261.5522 188.9888
259.5222 189.5288
257.7822 192.2588
257.2622 191.6388
254.9322 192.0288
255.3122 192.3688
252.0722 195.5088
249.8122 189.3788
247.5422 188.1788
246.6222 191.6388
241.7922 184.6288
241.6822 185.9788
237.6122 188.3188
237.0022 190.3888
237.3622 191.9888
242.7722 197.4188
241.5622 198.1788
240.9222 200.1188
239.0722 202.0988
237.4322 206.3388
237.8122 207.6488
239.2722 207.9288
239.9722 209.1588
242.8322 208.8688
242.4422 212.6388
243.0722 213.2588
242.4422 213.6788
243.6422 215.4288
247.2722 214.3088
247.7722 214.8088
246.5722 219.1088
244.4922 219.2588
243.6222 223.1088
239.0422 223.0388
236.8222 224.5488
236.6822 226.7188
235.3722 227.8488
233.7322 227.5388
233.7122 229.1388
232.7322 230.5188
229.8922 231.5588
229.0922 234.3388
231.9022 235.0788
231.4422 236.5288
232.3722 237.7488
234.2722 238.1988
234.4022 240.4788
237.4822 240.5888
238.5722 247.8488
237.1622 248.0788
235.5922 253.4188
235.5922 253.4188
236.3822 254.0588
237.7122 253.6788
239.7222 256.0788
240.5822 255.3788
243.0822 256.8088
247.0522 256.2888
247.7722 257.2688
251.9522 258.0988
250.1922 262.2188
249.9022 270.6988
248.8222 270.3688
248.3222 271.8388
247.5522 271.8288
246.9222 270.4788
245.3322 271.6288
248.7622 274.2888
248.8622 277.6488
244.4222 279.8388
244.9222 280.4488
242.0922 283.0188
241.2622 285.8288
238.2322 288.4988
238.3622 289.9888
237.0622 291.1488
235.2322 291.1388
236.0322 294.5788
231.6422 295.8488
231.3922 297.5488
228.0822 303.1788
229.0222 304.1088
227.7222 306.0288
229.2322 307.2788
228.0122 308.7388
226.5622 307.8488
225.3322 309.0688
226.1222 309.3388
225.4722 310.8688
227.6422 311.1388
225.7222 315.5988
228.4922 315.7888
229.4522 317.2488
230.4822 315.9788
232.7322 318.3288
236.8822 319.7988
234.9222 323.3588
236.6622 323.0588
238.6922 323.8088
240.8322 326.5388
238.0422 332.9888
234.5822 330.2288
231.2722 329.4688
232.8622 333.7588
232.3122 339.6388
228.5622 338.5588
226.9622 336.9888
226.2122 337.3188
223.5722 335.4088
221.0722 336.3388
220.8122 338.3088
219.3222 339.9488
219.6522 341.6888
218.5022 343.9588
219.0822 344.6488
217.8522 345.8888
218.2922 349.2288
219.7022 349.9088
219.6822 351.1188
218.2022 351.1388
216.4122 349.9688
215.0622 350.5088
214.0422 349.5388
216.0522 347.6988
215.6022 346.4288
209.2822 349.9388
208.8922 351.3188
211.6122 354.9388
211.9822 357.2888
212.8022 358.1088
213.4622 357.7688
213.0522 356.4988
214.1122 355.4688
216.3522 355.6188
217.5322 357.5288
220.2122 358.9688
223.6522 362.1488
224.9422 361.1488
226.2422 362.3288
227.7522 360.9688
228.0322 359.6088
228.8022 360.2288
231.8322 358.7188
233.0922 359.4088
234.5922 358.9388
236.2222 361.0188
235.8322 361.7488
237.2422 361.9788
236.8222 363.1388
238.4622 365.8088
239.1322 365.6788
240.4922 368.9588
241.5822 369.0388
241.9622 369.9888
242.8522 369.4188
243.6322 370.3388
245.2822 370.5888
245.0022 372.9388
247.7022 379.1188
248.8722 379.1088
248.3822 381.3988
249.5522 381.4888
250.5122 383.7388
253.1122 383.6288
256.6722 388.2488
254.7522 389.3288
256.0222 389.9388
255.6222 390.6088
257.2122 394.1488
256.2322 395.4088
256.4622 397.8988
255.1522 397.6988
255.5622 399.0688
254.3622 399.5888
254.4522 401.3688
255.2422 402.2588
254.1922 403.4388
257.8622 401.9388
257.7922 406.0788
260.1522 406.0288
260.4622 407.3088
258.0122 408.2488
257.9422 412.4888
258.9922 414.3488
256.2522 413.6688
255.8922 414.4988
254.5722 414.7888
253.2022 413.5188
252.6922 414.8188
251.3822 415.5588
250.9522 418.6788
248.9522 422.4488
249.8522 426.0288
249.3622 428.0188
246.0522 429.3988
241.7722 436.5788
240.2322 437.9288
237.7722 437.6388
236.4922 436.6488
235.3022 437.1588
233.8822 436.2588
234.3622 437.4588
233.3922 441.1688
234.4722 442.0488
234.5222 444.1488
235.8022 444.9388
229.4922 450.7488

Minsk
47
326.1722 327.9488
328.6322 326.6088
330.1922 327.3088
329.8422 326.0088
331.2522 325.1288
332.9422 325.4488
334.0522 326.6088
336.3722 326.2388
336.9022 327.0788
337.8522 326.8188
337.0922 323.1688
332.9622 321.0788
334.3322 316.4188
333.3322 313.7288
336.5722 311.3588
337.0522 314.7288
341.4722 314.5188
342.9422 312.9388
340.7322 311.2488
340.6322 309.5588
338.6322 309.1388
335.9522 311.0388
334.9522 309.6688
335.2722 308.1388
332.8522 306.9788
332.3222 307.5588
332.9522 308.6088
331.7422 309.4488
332.9522 310.2888
332.3222 311.6088
330.7422 310.4488
328.6322 310.1888
318.4722 311.1888
317.5822 310.5588
317.1122 311.6088
314.9022 312.3488
314.0622 314.9288
312.3222 314.2988
312.3722 313.5588
310.4222 314.7688
312.3222 316.5588
313.3222 316.5588
313.3222 321.5088
314.7422 324.4088
316.9022 326.5688
319.2722 327.4088
319.2722 327.4088

Minsk
5
359.8222 318.1788
361.4322 316.1788
360.0522 315.1388
360.0522 315.1388
357.6322 318.4588

Minsk
4
349.5322 315.2888
348.8122 315.3588
348.7622 317.1088
350.0222 316.3688

Minsk
7
326.3622 305.9088
324.9422 308.7888
324.9422 308.7888
325.6422 309.8088
326.4122 309.5588
326.4122 309.5588
326.9422 306.7488

