613 693

El_Beni
179
145.1992 383.0931
131.2192 397.2231
129.5292 397.8431
128.7892 398.6931
128.2492 400.0631
127.8792 405.6631
120.8492 417.6131
119.8692 418.6031
116.2192 418.6431
113.4692 420.5831
112.5092 423.0931
112.4392 425.0231
113.4192 429.8231
113.0392 432.2531
108.2992 437.0631
106.8592 441.5031
106.9792 447.5331
106.0392 455.3431
107.9492 460.6231
107.1592 470.8431
109.1792 482.8031
110.6092 486.4631
112.1992 487.2131
116.7292 493.4231
116.5992 494.6131
115.1992 495.4031
114.0792 501.4331
114.5392 502.9531
117.7092 507.6531
119.9192 508.8431
126.6092 517.2431
131.6692 521.3131
136.2892 536.4231
137.4692 541.8431
136.6892 545.6331
137.2192 553.7531
137.8392 554.5531
137.8392 554.5531
138.6392 555.3031
139.3292 556.7831
138.6492 559.9031
139.3392 564.5931
140.8692 569.5631
140.9992 571.1831
139.4792 575.8931
137.8392 578.8631
138.6792 586.9431
139.3292 588.0531
146.1892 590.2631
148.7192 592.4431
148.2992 595.6631
149.4392 600.9631
150.4692 602.5331
153.8892 603.2931
161.5392 603.2131
168.5292 607.0531
169.6992 608.0231
171.0692 610.2431
170.9492 611.5931
176.5692 619.7331
180.7592 626.8831
182.3492 631.8931
181.4892 632.6131
179.7392 632.7231
183.5992 635.7331
185.0892 635.8431
188.0992 635.1331
196.6292 641.0731
201.9992 647.2831
208.5192 651.2531
211.1692 654.8431
212.1392 655.6331
215.2392 656.1431
215.2392 656.1431
215.4692 655.1131
214.9092 653.6631
212.9092 652.0731
213.1092 644.6631
215.5292 637.6731
219.2692 631.3031
219.9392 625.9531
214.9292 616.5531
215.4992 611.1931
217.6392 604.5431
219.5492 599.9731
220.5892 599.4231
223.0192 599.3731
223.9592 598.7131
226.6592 593.8031
224.6492 588.8431
225.5292 586.7831
227.6592 585.7531
229.2292 589.4931
232.0592 586.6331
233.0192 583.8231
234.3492 575.6231
234.7792 574.6231
235.9892 573.5131
244.8092 572.6131
245.7392 571.9531
248.3892 566.3931
254.4892 563.2731
259.5892 561.6731
260.5692 555.3031
264.3792 551.4631
266.8192 550.0731
270.8392 549.3631
273.5892 549.5131
276.7392 549.1831
283.6392 547.5231
284.6292 546.5431
289.2692 546.0131
290.7492 546.9731
292.1592 548.7631
295.8492 550.4931
302.1792 549.9531
312.2892 544.8331
312.6492 543.5231
315.1092 540.5431
319.6792 537.9631
323.6092 537.8731
325.1692 539.1531
329.3392 541.4731
332.6792 540.2331
333.5892 535.7331
336.3592 531.0131
341.2792 527.8831
347.6792 522.4531
351.7892 524.3731
353.9292 522.3731
353.9492 521.0931
367.0992 515.2531
372.9592 515.5031
374.1592 516.2431
375.7192 516.5331
380.7692 514.8431
382.1892 508.7931
386.3692 504.1131
387.8592 503.4331
392.8492 499.3831
393.1292 498.0031
394.5492 495.0131
396.0792 494.5031
406.9992 496.6431
406.9992 496.6431
306.4492 438.7031
287.1892 433.3431
287.8192 431.9131
288.9092 427.1331
287.8692 415.6031
288.9992 411.5531
292.3492 404.1131
301.9392 389.3931
304.5492 386.8131
311.5392 383.0531
313.7192 379.7331
317.2092 372.7831
315.7792 371.9331
260.3092 374.2031
255.1892 374.5331
251.1592 375.4531
251.1592 375.4531
246.1592 374.5531
225.7292 372.1731
221.2592 363.1931
221.7292 361.2431
219.1992 353.6031
218.3192 351.6231
217.3392 350.6731
212.8892 348.3631
205.2492 345.9831
194.6692 343.0831
191.0492 343.0231
184.9892 344.2431
180.0792 345.9931
172.6692 350.8631
162.7592 361.8231
161.3192 363.8431
159.6892 368.4631

Cochabamba
114
153.2492 263.0631
149.2892 272.0631
144.2092 278.8131
141.4392 281.4931
134.8392 286.2231
134.8392 286.2231
142.8092 290.4131
139.7292 305.9631
133.0392 315.9831
137.0092 323.7731
139.3392 324.2131
143.2092 324.3231
145.0692 325.0031
145.8992 325.8031
146.9192 327.6831
148.0292 334.9331
148.1692 337.1031
146.5792 340.0731
145.4792 346.6331
145.0692 351.7931
140.3592 360.7331
138.7092 362.5631
138.4592 376.2031
139.0392 377.6131
141.1192 379.9731
145.1992 383.0931
145.1992 383.0931
157.3692 371.3831
159.6892 368.4631
161.3192 363.8431
162.7592 361.8231
172.6692 350.8631
180.0792 345.9931
184.9892 344.2431
191.0492 343.0231
194.6692 343.0831
205.2492 345.9831
212.8892 348.3631
217.3392 350.6731
218.3192 351.6231
219.1992 353.6031
221.7292 361.2431
221.2592 363.1931
225.7292 372.1731
246.1592 374.5531
251.1592 375.4531
251.1592 375.4531
249.9992 372.0031
250.3292 367.6131
251.3992 364.6231
252.3592 359.2231
253.3992 348.1331
250.3692 339.5331
247.9592 335.4731
246.0492 330.6431
246.2392 326.2131
246.8392 324.2831
250.4792 317.0131
266.0192 306.8631
268.5192 304.8631
274.2392 297.9131
274.7592 296.8531
274.5292 293.1131
268.3692 293.0831
265.3792 290.8231
265.3392 288.2531
264.6092 286.7731
256.5092 275.0031
253.1592 271.5031
250.1892 269.0631
249.7892 267.9031
249.9292 266.1231
253.5792 262.0831
261.3892 249.3731
264.1292 240.6231
264.8792 239.8531
266.3792 239.3031
270.2992 236.2231
270.8792 231.1331
268.3092 227.4531
268.3092 227.4531
266.6792 230.3531
264.6192 230.2431
262.6892 228.1731
259.4792 227.0931
257.6992 227.0831
253.9992 229.0931
250.7192 234.2931
244.8792 236.4231
241.5492 236.4831
238.9592 235.3131
234.0392 231.6931
232.2692 229.6731
232.7092 228.2131
232.6192 226.8831
226.0392 229.9631
222.9492 231.8931
222.3992 234.3931
217.6692 240.2631
217.6692 240.2631
211.1092 245.3731
206.7092 250.2231
202.8092 255.4331
199.5492 258.5331
194.4792 262.2231
190.9492 263.8931
188.1892 263.2731
185.2292 266.6731
183.8092 269.3831
182.7992 269.9431
179.8192 270.3531
175.4692 269.4331
167.4992 263.3031
165.8792 263.0431

Chuquisaca
119
223.2692  74.1531
218.4892  78.1031
212.5492  84.1231
211.2492  86.9031
211.0792  88.6531
211.4792  98.5131
213.0392 103.2431
213.6892 111.1131
216.2592 118.5331
219.4992 125.1131
220.2592 128.0231
216.6892 142.3231
216.5292 145.3931
219.0192 154.2231
223.6692 157.0331
228.1692 157.8431
231.4192 157.9931
233.2992 158.5231
240.4092 162.4431
245.8992 167.8231
248.5292 171.6631
245.1892 176.6931
243.7892 181.4931
243.9792 183.8131
242.2192 188.1031
239.3592 190.5831
235.5592 190.9031
234.2892 190.5631
232.8092 189.5731
227.8792 189.7931
220.0292 193.3931
216.0192 196.0931
215.5292 197.7231
209.0792 205.5331
207.9692 208.8931
210.0392 213.0931
209.5992 219.5431
213.5692 223.3931
213.9392 224.5231
213.8292 225.5831
212.8892 226.4431
204.5692 227.8531
203.3292 234.7031
201.2892 239.5931
201.6892 243.7131
212.3692 241.1031
216.5092 239.7531
217.6692 240.2631
217.6692 240.2631
222.3992 234.3931
222.9492 231.8931
226.0392 229.9631
232.6192 226.8831
232.7092 228.2131
232.2692 229.6731
234.0392 231.6931
238.9592 235.3131
241.5492 236.4831
244.8792 236.4231
250.7192 234.2931
253.9992 229.0931
257.6992 227.0831
259.4792 227.0931
262.6892 228.1731
264.6192 230.2431
266.6792 230.3531
268.3092 227.4531
268.3092 227.4531
269.5792 226.6431
269.7092 223.1431
271.4292 218.8131
283.2392 205.4731
285.3592 200.8031
287.6192 200.3731
288.6892 200.5931
289.6792 201.4831
290.3392 202.7731
290.6192 206.6131
291.3892 207.5131
298.6792 207.4131
297.2992 196.2631
299.2092 170.4431
299.2892 159.4031
300.8292 155.2031
301.2792 151.4031
301.2292 147.2631
302.0292 133.2231
302.8692 132.5231
310.4992 131.8731
314.9692 134.8831
321.4492 131.1731
376.4692 131.3731
376.4692 131.3731
372.9092 126.5131
373.3292 103.0131
373.3292 103.0131
334.5492 102.8431
286.8092 103.1631
283.4892 105.5131
282.1192 107.4331
276.8192 108.8531
276.2892 107.4831
276.3892 101.7731
275.5892  97.1131
274.8992  95.9231
273.8992  95.2731
267.2792  95.7631
260.6792  98.4231
256.7792 101.9331
253.0392 106.1431
249.6392 106.7531
247.7792 103.8131
247.4092 101.2131
246.2992  98.6331
243.6792  98.0831
241.7592  99.0131
239.6192 101.2331
231.2692 105.4931
227.1292 105.9831

La_Paz
173
145.1992 383.0931
141.1192 379.9731
139.0392 377.6131
138.4592 376.2031
138.7092 362.5631
140.3592 360.7331
145.0692 351.7931
145.4792 346.6331
146.5792 340.0731
148.1692 337.1031
148.0292 334.9331
146.9192 327.6831
145.8992 325.8031
145.0692 325.0031
143.2092 324.3231
139.3392 324.2131
137.0092 323.7731
133.0392 315.9831
139.7292 305.9631
142.8092 290.4131
134.8392 286.2231
134.8392 286.2231
132.1392 289.1431
130.0092 292.7531
128.7392 293.8531
127.3092 294.1831
125.3692 293.8431
119.0792 291.8031
112.0392 287.7031
106.1892 283.2131
 96.3192 276.8531
 96.2292 275.5131
 97.1792 273.7831
 97.3492 272.1331
 96.4392 270.4431
 95.0592 269.7631
 93.3992 270.0231
 83.0392 277.7531
 76.1892 280.7931
 74.1392 281.2631
 66.9792 281.3831
 60.7492 280.7931
 57.3592 279.4631
 54.2592 277.4531
 48.4592 270.3231
 42.5692 265.6231
 39.4692 264.0531
 33.3392 262.4731
 29.6892 260.6131
 29.6892 260.6131
 26.7292 261.0831
 18.7892 263.6931
 17.5692 266.4531
 17.2592 268.3031
 17.3992 271.8231
 15.5392 276.0131
  8.8992 281.9331
  8.2692 288.6431
  8.1992 295.2831
  3.6792 299.6731
  0.3792 300.1031
  2.2592 303.9031
  6.6692 308.3531
 12.9792 311.3831
 13.9592 312.3931
 17.2992 319.0331
 23.7892 326.7931
 28.0492 330.2731
 32.8492 333.1331
 32.7492 334.5731
 31.8592 335.6631
 31.3892 338.8431
 31.7492 342.7431
 33.9392 345.5331
 41.8792 348.9631
 42.3392 350.4131
 41.6192 351.8731
 38.8692 352.6431
 35.0792 356.5331
 31.2192 356.6031
 29.9092 355.5731
 26.4092 355.8431
 25.4192 356.3931
 22.6892 359.2431
 12.2392 387.1531
 16.6992 396.6531
 19.9392 402.4731
 23.5892 405.8631
 24.9092 405.7831
 26.2592 406.2431
 26.5592 407.6331
 23.4992 411.2231
 18.5992 415.3331
 14.2392 421.2831
 15.0792 429.7931
 16.1492 430.8731
 17.8092 431.5331
 20.9192 435.6531
 21.1292 439.3431
 21.5992 440.7631
 34.2692 451.6731
 33.4792 453.8531
 33.3492 458.3631
 34.1592 459.2431
 40.6392 460.8731
 38.5892 469.5731
 35.4392 471.8831
 34.7292 472.9631
 32.7592 482.0031
 30.3092 486.3031
 34.5192 493.6031
 35.4292 496.6631
 35.4592 508.7331
 35.0692 514.2131
 35.3192 521.3831
 34.8192 522.6531
 34.8192 529.6731
 39.5492 535.2231
 42.7792 536.4731
 46.3992 544.0931
 49.9192 548.3831
 49.9192 548.3831
 51.6992 548.5131
 59.8092 552.6131
 61.8692 555.9131
 63.3792 560.4431
 65.3192 562.1331
 68.9892 564.3931
 69.5192 565.5131
 69.4292 570.1031
 69.7892 571.4631
 70.6692 572.4731
 72.8692 573.6531
 81.7492 576.3731
 84.0592 577.7731
 84.8292 579.1431
122.5392 562.2431
137.8392 554.5531
137.8392 554.5531
137.2192 553.7531
136.6892 545.6331
137.4692 541.8431
136.2892 536.4231
131.6692 521.3131
126.6092 517.2431
119.9192 508.8431
117.7092 507.6531
114.5392 502.9531
114.0792 501.4331
115.1992 495.4031
116.5992 494.6131
116.7292 493.4231
112.1992 487.2131
110.6092 486.4631
109.1792 482.8031
107.1592 470.8431
107.9492 460.6231
106.0392 455.3431
106.9792 447.5331
106.8592 441.5031
108.2992 437.0631
113.0392 432.2531
113.4192 429.8231
112.4392 425.0231
112.5092 423.0931
113.4692 420.5831
116.2192 418.6431
119.8692 418.6031
120.8492 417.6131
127.8792 405.6631
128.2492 400.0631
128.7892 398.6931
129.5292 397.8431

Pando
109
 49.9192 548.3831
 37.2392 574.1731
  4.8092 627.7131
  8.9192 627.7131
 12.6792 628.3931
 29.6292 626.8931
 41.0892 624.3931
 45.4792 625.0531
 45.2392 618.2131
 48.5692 618.3431
 54.8292 619.9531
 57.5492 622.1931
 63.6092 624.3131
 66.5592 624.8631
 69.7392 626.2531
 77.6192 637.5031
 77.9092 638.8931
 78.7592 640.2531
 80.8192 641.7231
 83.0192 642.5531
 90.6692 642.7231
 93.1092 642.2931
 96.8992 639.8631
 98.8692 640.7931
100.2992 644.6031
103.5892 649.1831
104.9592 650.4931
111.6692 653.6931
117.8592 657.9031
118.0292 659.7131
122.9692 660.3031
125.0992 659.7031
130.4592 662.5031
139.6992 671.5231
146.4292 676.6431
151.5192 678.7931
152.9692 680.9731
160.5992 682.1931
162.7292 681.8431
175.9392 686.4931
180.8592 687.5931
186.1892 687.3831
197.5892 687.8531
204.6392 684.5731
206.4892 684.5631
209.1892 687.6731
209.3692 689.3331
212.8992 692.4931
214.6792 692.1331
216.1892 691.2631
219.9792 684.2031
218.2292 678.8731
218.5392 673.9431
219.8792 671.0431
220.6192 665.0931
219.4892 661.4831
216.1292 658.1131
215.2392 656.1431
215.2392 656.1431
212.1392 655.6331
211.1692 654.8431
208.5192 651.2531
201.9992 647.2831
196.6292 641.0731
188.0992 635.1331
185.0892 635.8431
183.5992 635.7331
179.7392 632.7231
181.4892 632.6131
182.3492 631.8931
180.7592 626.8831
176.5692 619.7331
170.9492 611.5931
171.0692 610.2431
169.6992 608.0231
168.5292 607.0531
161.5392 603.2131
153.8892 603.2931
150.4692 602.5331
149.4392 600.9631
148.2992 595.6631
148.7192 592.4431
146.1892 590.2631
139.3292 588.0531
138.6792 586.9431
137.8392 578.8631
139.4792 575.8931
140.9992 571.1831
140.8692 569.5631
139.3392 564.5931
138.6492 559.9031
139.3292 556.7831
138.6392 555.3031
137.8392 554.5531
137.8392 554.5531
122.5392 562.2431
 84.8292 579.1431
 84.0592 577.7731
 81.7492 576.3731
 72.8692 573.6531
 70.6692 572.4731
 69.7892 571.4631
 69.4292 570.1031
 69.5192 565.5131
 68.9892 564.3931
 65.3192 562.1331
 63.3792 560.4431
 61.8692 555.9131
 59.8092 552.6131

Oruro
94
 29.6892 260.6131
 33.3392 262.4731
 39.4692 264.0531
 42.5692 265.6231
 48.4592 270.3231
 54.2592 277.4531
 57.3592 279.4631
 60.7492 280.7931
 66.9792 281.3831
 74.1392 281.2631
 76.1892 280.7931
 83.0392 277.7531
 93.3992 270.0231
 95.0592 269.7631
 96.4392 270.4431
 97.3492 272.1331
 97.1792 273.7831
 96.2292 275.5131
 96.3192 276.8531
106.1892 283.2131
112.0392 287.7031
119.0792 291.8031
125.3692 293.8431
127.3092 294.1831
128.7392 293.8531
130.0092 292.7531
132.1392 289.1431
134.8392 286.2231
134.8392 286.2231
141.4392 281.4931
144.2092 278.8131
149.2892 272.0631
153.2492 263.0631
153.2492 263.0631
152.5192 261.5331
148.2592 260.0631
147.3892 259.2531
146.8892 254.6431
147.1692 252.3531
148.1392 251.0831
151.1792 249.8431
154.2292 250.3031
158.1592 249.3731
157.7192 248.1831
155.6392 246.9031
153.7792 246.2431
150.5492 243.9731
149.8792 236.7931
152.1292 231.7031
152.9892 230.5431
158.2492 226.2231
163.9492 224.0331
166.6592 223.9431
169.4892 223.0231
170.8892 221.8831
173.2992 214.4631
174.7292 211.2231
177.0692 207.8031
182.5992 201.3731
182.7692 200.2931
181.8992 199.1131
180.4692 198.6931
169.7192 197.8031
166.2092 197.8931
162.7592 197.3131
158.7392 194.9931
151.7892 188.4231
149.6392 187.0231
106.4992 168.1531
 99.6192 165.2431
 97.7292 164.9031
 83.5792 169.9531
 67.4892 175.0931
 55.0292 179.6531
 55.0292 179.6531
 61.5292 186.7231
 59.1092 190.1631
 56.1092 192.8031
 51.5192 194.7831
 44.4392 202.2231
 38.5192 206.3131
 35.1992 212.2331
 36.8592 215.9631
 33.4492 223.3631
 32.2392 227.8331
 31.8292 233.0431
 32.2892 237.0931
 31.4692 239.3331
 29.7092 241.9131
 28.8892 250.5731
 26.6392 253.1331
 25.9592 254.6631
 26.4292 256.0131
 29.3192 258.0231

Potosí
183
223.2692  74.1531
223.3892  72.0131
222.4492  68.9231
221.6392  67.4631
220.6092  66.6631
219.0092  62.3731
218.6392  60.1431
221.4192  57.0031
224.7792  51.7131
226.4892  44.2731
225.6092  44.0231
225.6092  44.0231
204.9992  43.7331
202.0392  43.2531
197.3792  43.1931
194.2092  45.2831
188.4992  52.7531
180.8592  58.2331
173.5192  61.0031
172.8592  60.1231
170.0792  47.2431
169.2892  44.9831
167.3492  42.8331
153.6792  38.7631
150.0292  38.5331
147.6192  36.8331
145.8692  28.8431
145.6992  26.0231
138.0492  23.2531
133.1992  20.7631
133.6992  14.7731
128.0592  10.1331
125.0792   4.5831
105.1292   0.2531
 94.3292   1.5131
 90.1392   4.2331
 89.7492  10.5031
 91.4792  19.0831
 87.2992  32.8931
 87.7892  34.3231
 87.8092  36.2031
 86.7092  43.4831
 85.2792  45.8831
 84.0592  46.6031
 79.6092  51.2231
 79.4892  57.6431
 78.5992  62.9131
 76.9092  67.1331
 74.5192  70.2231
 74.3892  87.0731
 62.5192 106.3231
 58.3992 106.3831
 57.0892 106.9931
 55.6592 108.8631
 55.3792 110.0031
 55.4092 117.3231
 57.2292 119.7931
 60.0892 121.7731
 60.3492 122.8531
 59.0692 124.2331
 56.1992 126.2331
 52.1592 127.7731
 49.0592 129.5731
 47.3592 131.4031
 45.9692 133.9131
 45.8392 136.6131
 46.8392 137.7531
 48.4192 138.5131
 47.5392 143.8631
 45.2492 149.2831
 44.3292 150.4531
 44.7092 151.8031
 51.0992 153.5431
 54.7692 153.7031
 57.5092 161.0231
 55.3092 165.4231
 49.1192 170.2831
 49.2492 172.3531
 55.0292 179.6531
 55.0292 179.6531
 67.4892 175.0931
 83.5792 169.9531
 97.7292 164.9031
 99.6192 165.2431
106.4992 168.1531
149.6392 187.0231
151.7892 188.4231
158.7392 194.9931
162.7592 197.3131
166.2092 197.8931
169.7192 197.8031
180.4692 198.6931
181.8992 199.1131
182.7692 200.2931
182.5992 201.3731
177.0692 207.8031
174.7292 211.2231
173.2992 214.4631
170.8892 221.8831
169.4892 223.0231
166.6592 223.9431
163.9492 224.0331
158.2492 226.2231
152.9892 230.5431
152.1292 231.7031
149.8792 236.7931
150.5492 243.9731
153.7792 246.2431
155.6392 246.9031
157.7192 248.1831
158.1592 249.3731
154.2292 250.3031
151.1792 249.8431
148.1392 251.0831
147.1692 252.3531
146.8892 254.6431
147.3892 259.2531
148.2592 260.0631
152.5192 261.5331
153.2492 263.0631
153.2492 263.0631
161.7792 263.5031
165.8792 263.0431
167.4992 263.3031
175.4692 269.4331
179.8192 270.3531
182.7992 269.9431
183.8092 269.3831
185.2292 266.6731
188.1892 263.2731
190.9492 263.8931
194.4792 262.2231
199.5492 258.5331
202.8092 255.4331
206.7092 250.2231
211.1092 245.3731
217.6692 240.2631
217.6692 240.2631
216.5092 239.7531
212.3692 241.1031
201.6892 243.7131
201.2892 239.5931
203.3292 234.7031
204.5692 227.8531
212.8892 226.4431
213.8292 225.5831
213.9392 224.5231
213.5692 223.3931
209.5992 219.5431
210.0392 213.0931
207.9692 208.8931
209.0792 205.5331
215.5292 197.7231
216.0192 196.0931
220.0292 193.3931
227.8792 189.7931
232.8092 189.5731
234.2892 190.5631
235.5592 190.9031
239.3592 190.5831
242.2192 188.1031
243.9792 183.8131
243.7892 181.4931
245.1892 176.6931
248.5292 171.6631
245.8992 167.8231
240.4092 162.4431
233.2992 158.5231
231.4192 157.9931
228.1692 157.8431
223.6692 157.0331
219.0192 154.2231
216.5292 145.3931
216.6892 142.3231
220.2592 128.0231
219.4992 125.1131
216.2592 118.5331
213.6892 111.1131
213.0392 103.2431
211.4792  98.5131
211.0792  88.6531
211.2492  86.9031
212.5492  84.1231

Santa_Cruz
150
532.9592 191.2331
488.2792 193.9931
456.4292 185.3731
399.4892 175.4831
390.8792 152.2931
376.4692 131.3731
376.4692 131.3731
321.4492 131.1731
314.9692 134.8831
310.4992 131.8731
302.8692 132.5231
302.0292 133.2231
301.2292 147.2631
301.2792 151.4031
300.8292 155.2031
299.2892 159.4031
299.2092 170.4431
297.2992 196.2631
298.6792 207.4131
291.3892 207.5131
290.6192 206.6131
290.3392 202.7731
289.6792 201.4831
288.6892 200.5931
287.6192 200.3731
285.3592 200.8031
283.2392 205.4731
271.4292 218.8131
269.7092 223.1431
269.5792 226.6431
268.3092 227.4531
268.3092 227.4531
270.8792 231.1331
270.2992 236.2231
266.3792 239.3031
264.8792 239.8531
264.1292 240.6231
261.3892 249.3731
253.5792 262.0831
249.9292 266.1231
249.7892 267.9031
250.1892 269.0631
253.1592 271.5031
256.5092 275.0031
264.6092 286.7731
265.3392 288.2531
265.3792 290.8231
268.3692 293.0831
274.5292 293.1131
274.7592 296.8531
274.2392 297.9131
268.5192 304.8631
266.0192 306.8631
250.4792 317.0131
246.8392 324.2831
246.2392 326.2131
246.0492 330.6431
247.9592 335.4731
250.3692 339.5331
253.3992 348.1331
252.3592 359.2231
251.3992 364.6231
250.3292 367.6131
249.9992 372.0031
251.1592 375.4531
251.1592 375.4531
255.1892 374.5331
260.3092 374.2031
315.7792 371.9331
317.2092 372.7831
313.7192 379.7331
311.5392 383.0531
304.5492 386.8131
301.9392 389.3931
292.3492 404.1131
288.9992 411.5531
287.8692 415.6031
288.9092 427.1331
287.8192 431.9131
287.1892 433.3431
306.4492 438.7031
406.9992 496.6431
406.9992 496.6431
407.8092 495.6731
410.6492 494.4131
412.0792 494.2631
434.9692 497.3731
436.7192 494.9131
439.0592 492.7431
447.4392 487.7631
449.8292 487.6131
453.2892 484.7131
463.3192 481.3631
467.9692 471.8731
467.1592 469.6831
465.8892 467.7531
463.9192 465.9631
463.0592 462.5431
464.6392 456.1731
465.8092 454.4531
473.1892 438.9831
474.3092 414.5931
458.5492 414.3931
475.8992 394.5931
479.2792 353.7131
566.0792 350.2331
567.2992 350.7431
568.6192 352.6831
571.7092 352.8731
571.8692 346.7631
570.7592 341.0231
567.0792 337.4931
564.6292 333.8031
564.2292 332.2031
564.8592 320.3731
566.8192 314.6531
567.6792 309.2931
567.5792 305.1731
568.5392 301.5531
569.5092 300.5331
573.3792 299.4431
575.6192 298.0531
582.1492 293.5031
582.7392 292.1331
583.6092 291.2631
587.3892 289.0531
589.0592 288.8831
593.1892 290.9231
601.0592 283.9831
600.0392 282.9931
599.3492 281.6831
600.3692 279.0931
602.4892 276.9531
602.4092 270.7731
612.3792 251.8531
610.7992 249.5931
610.2492 248.1131
599.8092 214.7231
602.1992 214.3231
603.1192 207.4331
599.4892 207.2231
582.1192 170.3531
595.6992 157.8731
593.2292 155.0131
582.6992 148.6031
580.2192 147.5931
581.3092 150.3531
581.5192 152.1731
581.6092 157.3031
580.6192 165.5731

Tarija
70
354.0292  36.2131
353.3492  36.3631
347.9192  40.7731
346.5392  42.9031
346.1192  48.2231
345.2892  49.2931
288.6092  49.1031
285.9892  44.0331
279.2492  26.9231
276.9292  23.6631
274.3892  21.3531
272.8592  18.3831
271.5192  14.1531
271.3192   8.2331
270.4392   3.9931
269.6792   2.4631
268.5792   1.9631
268.0792   3.4131
267.8592   7.5431
267.3292   9.1831
262.7792  14.2431
262.6692  15.7831
263.2492  17.7131
262.3392  21.2731
259.0992  27.0031
258.0492  35.0431
255.7492  37.6031
251.1592  39.6531
249.5392  39.2931
236.7392  43.3231
235.7892  44.2331
225.6092  44.0231
225.6092  44.0231
226.4892  44.2731
224.7792  51.7131
221.4192  57.0031
218.6392  60.1431
219.0092  62.3731
220.6092  66.6631
221.6392  67.4631
222.4492  68.9231
223.3892  72.0131
223.2692  74.1531
223.2692  74.1531
226.3592 104.4131
227.1292 105.9831
231.2692 105.4931
239.6192 101.2331
241.7592  99.0131
243.6792  98.0831
246.2992  98.6331
247.4092 101.2131
247.7792 103.8131
249.6392 106.7531
253.0392 106.1431
256.7792 101.9331
260.6792  98.4231
267.2792  95.7631
273.8992  95.2731
274.8992  95.9231
275.5892  97.1131
276.3892 101.7731
276.2892 107.4831
276.8192 108.8531
282.1192 107.4331
283.4892 105.5131
286.8092 103.1631
334.5492 102.8431
373.3292 103.0131
373.3292 103.0131

