613 644

Central
324
391.6701 559.4860
391.9601 556.6960
389.8701 554.3460
390.0601 552.0460
390.9501 550.0260
394.2401 546.3260
395.3401 544.3060
395.0001 543.1560
397.1201 540.7960
396.9801 539.5960
399.9501 532.3160
400.0401 530.1960
401.4801 528.9460
402.0101 525.1360
403.3601 521.8360
404.5501 520.7360
405.9401 520.4760
408.4801 518.8460
412.3501 519.4460
415.1101 516.9360
413.4101 513.9460
415.1801 512.6860
417.6401 512.9560
419.3301 509.2360
420.6701 507.7160
424.6701 506.9960
429.6801 504.2660
432.7901 498.2560
434.6001 498.6360
437.9501 497.7560
439.3901 494.3660
442.0301 494.6660
444.3601 494.0460
445.2701 492.7960
444.9701 492.0860
445.3701 491.7160
448.1401 491.4660
450.6501 490.5760
451.9901 490.7160
455.7901 489.0960
461.5601 488.9260
463.5401 487.7160
464.5101 485.3960
465.5701 484.5060
471.0701 484.4660
473.1001 480.9460
473.7401 480.6260
475.0101 475.9160
476.2700 474.8560
477.3600 469.7260
477.2700 461.4560
476.5101 456.0060
476.5101 456.0060
476.8801 454.2460
476.5300 452.2460
477.8000 447.8860
476.5500 445.8860
475.3200 444.8960
475.0300 442.9260
472.7600 441.3460
472.2100 440.4760
472.2800 437.1160
471.6500 435.8660
471.4700 433.3360
472.2300 431.1860
476.6400 428.4260
478.6000 425.0660
479.0700 423.1160
480.1300 421.8560
480.2000 419.1660
481.0900 417.6560
480.5300 413.7060
480.9100 409.5860
482.8000 407.6160
483.2900 405.2260
483.0300 403.6760
484.1600 399.9260
483.9400 398.7960
484.9800 395.9460
486.6100 394.6860
487.2800 392.9260
490.7500 388.1560
492.5900 387.9560
494.4900 387.0060
495.4000 387.5560
497.8500 384.6760
499.3800 383.8060
505.4600 382.7760
506.7300 382.1360
510.4900 383.3060
513.4000 383.0860
513.8500 384.0560
515.6100 383.4360
518.5700 383.5760
519.4900 382.3360
520.2400 382.4660
521.3900 381.6660
523.9100 381.9260
523.9100 381.9260
525.2500 380.5160
530.4800 380.1860
536.3500 378.4860
541.3600 379.3960
544.7100 379.0160
546.4600 378.2660
547.2200 378.7360
549.7200 376.7760
552.7100 376.2160
555.8100 374.4560
557.7501 375.0960
558.9601 376.1660
559.8201 376.1260
560.3501 376.9760
561.2301 377.0460
562.6601 375.9960
566.1301 375.2860
567.5001 373.4960
573.6001 371.1660
575.2001 369.7760
578.0901 369.5460
580.1701 368.1560
584.8901 366.9260
588.6301 366.9660
589.7601 366.0660
592.6901 365.0460
593.6601 363.8560
591.2201 360.8960
590.0701 355.9860
590.6001 352.6260
592.2201 349.6660
595.6001 346.8760
598.2201 345.8260
600.8101 345.6560
604.8801 346.9860
605.9301 346.0060
607.4001 342.7060
610.4701 340.0260
612.2201 337.4460
610.4501 336.9060
609.1901 337.9660
606.3601 337.6760
601.7201 338.5060
598.4901 336.2160
594.8901 336.1960
593.1601 335.6660
590.8201 336.0160
589.5101 335.0360
588.2601 331.5360
587.0101 331.0360
586.3701 329.6060
586.0801 327.8360
586.8201 325.0560
585.3501 322.8960
584.7901 320.7460
583.1701 318.9660
579.8901 319.8960
577.5401 318.7260
577.4901 317.2060
569.4901 315.1460
568.5701 314.0760
566.9601 313.6760
566.2001 312.7960
564.3801 311.9560
559.4501 311.6060
556.7901 310.0060
552.6401 311.1460
545.9001 310.7160
544.3401 309.0160
541.5101 307.8260
540.6901 306.1260
536.4801 304.1060
533.8001 301.1960
533.9601 298.3260
533.4001 297.1660
528.8801 293.3260
526.9901 292.9260
526.2601 292.2860
526.8101 288.5360
526.2101 287.2960
521.6401 283.8060
519.3801 283.4560
519.9701 281.2560
519.2101 279.9860
519.0001 276.7560
516.4101 274.5060
512.8101 272.7760
511.7401 272.8760
511.2401 271.1160
509.5901 270.2560
508.4101 271.0460
508.0301 270.6860
509.4201 268.8960
509.3101 268.2460
507.2701 266.4160
506.5501 264.1760
504.9501 263.8560
503.0901 266.2660
501.7101 265.7960
500.5201 264.3860
498.8701 264.4160
497.6001 265.1460
497.0101 264.7260
497.0901 262.7960
495.5501 261.7260
495.7601 260.7860
494.7901 258.5060
495.1501 257.5760
494.7201 255.8560
492.8001 253.7660
491.6001 253.3160
487.2801 253.3160
486.2501 252.5860
486.0001 251.2960
485.3201 250.5960
484.0401 251.0260
484.8401 252.5760
484.4401 252.8760
482.7101 252.3560
482.9201 251.0960
482.5001 250.3660
480.9301 250.4460
480.9301 251.9660
479.6801 252.1660
478.8301 251.2560
478.0901 248.5160
475.9701 246.9560
474.1901 246.6260
473.4701 245.4460
472.7801 245.2660
471.7001 246.0960
470.6301 245.1460
470.8301 244.2660
471.9001 243.5260
471.4401 242.9360
470.2501 242.6460
469.3901 243.3960
468.4101 242.6960
467.8401 243.5860
467.1701 243.6860
466.9901 242.2860
468.2301 241.2060
467.8101 240.2760
465.7801 240.5660
464.9401 239.7960
464.5301 238.5160
463.6101 238.2560
462.7601 237.1460
462.0501 237.2560
463.2801 234.8760
461.9401 233.1560
460.0801 232.4560
460.2601 234.0960
459.5101 234.1160
459.1601 235.1960
458.5401 235.3660
457.9901 232.0060
456.4001 230.8360
455.7001 227.7760
455.7001 227.7760
453.3201 227.2360
451.4501 224.7860
450.9801 225.7960
450.4401 225.8360
450.2401 224.1160
447.3001 220.1860
446.7701 219.7360
444.3501 219.5360
443.2601 217.6960
441.1601 216.3360
439.1101 213.4960
394.8501 240.1860
393.6301 241.3460
393.6301 241.3460
383.4401 255.7160
375.2401 258.3360
355.6601 284.9460
355.6601 284.9460
324.4401 326.3260
253.9901 421.5960
253.9901 421.5960
253.5601 464.7860
253.8701 470.1760
256.1601 468.5460
258.4101 468.6060
259.7201 469.6960
261.1901 469.4460
261.6801 469.9260
261.4501 471.7960
262.4501 472.2160
263.5001 473.5460
265.7501 474.0660
267.1801 475.5160
269.3501 475.5460
271.8001 476.9360
273.4101 475.7060
274.6701 475.5160
274.9601 473.8960
275.7201 473.2260
277.5901 474.2260
278.7001 474.2760
279.6601 472.8560
278.9901 471.1460
279.9501 469.2360
283.2601 467.8460
283.6601 466.3260
285.8201 463.7160
288.4101 462.4760
291.7201 463.8860
296.4201 463.4260
337.6401 466.7760
338.2401 485.6860
326.4901 490.6360
326.5301 491.0060
326.5301 491.0060
326.4901 502.4260
326.4901 502.4260
326.5101 531.8060
326.5101 531.8060
326.5101 552.6160
326.5101 552.6160
326.2801 559.3160
334.8101 559.3360
334.8101 559.3360
347.1601 559.3360

Ghanzi
46
 65.4400 421.5860
 87.2000 421.4060
 87.2000 421.4060
 98.7700 421.2760
 98.7700 421.2760
146.0201 421.0560
146.0201 421.0560
151.8001 421.0960
151.8001 421.0960
168.1900 421.0960
168.1900 421.0960
180.7201 421.0560
180.7201 421.0560
215.4500 421.2560
215.4500 421.2560
223.1600 421.2560
223.1600 421.2560
253.9901 421.5960
253.9901 421.5960
324.4401 326.3260
355.6600 284.9460
355.6600 284.9460
355.5701 283.7260
344.3300 261.2460
342.5601 258.4760
307.8401 258.5960
307.8401 258.5960
297.0201 258.5160
297.0201 258.5160
200.0801 258.8660
200.0801 258.8660
178.9601 258.7460
178.9601 258.7460
170.1201 258.7460
170.1201 258.7460
150.4901 258.7060
150.4901 258.7060
139.6501 258.7660
139.6501 258.7660
130.1501 258.7260
130.1501 258.7260
124.2601 258.7260
124.2601 258.7260
  0.2500 259.0460
  0.2500 259.0460
  0.2500 351.1160

Kgalagadi
342
  0.2500 259.0460
124.2601 258.7260
124.2601 258.7260
130.1501 258.7260
130.1501 258.7260
139.6501 258.7660
139.6501 258.7660
150.4901 258.7060
150.4901 258.7060
170.1201 258.7460
170.1201 258.7460
178.9601 258.7460
178.9601 258.7460
200.0801 258.8660
200.0801 258.8660
200.1701 258.3560
200.1701 258.3560
200.0801 251.5260
200.0801 251.5260
194.1601 251.6860
193.4501 251.6060
193.4201 250.8760
193.4701 240.5460
199.9601 240.5660
199.9201 209.9760
199.9201 209.9760
199.6301 149.2260
266.7701 149.4560
277.1801 138.3960
278.1201 101.6260
287.8101  91.6560
293.8401  91.4660
294.4601  85.0360
293.0501  84.5660
293.0501  84.5660
290.9401  85.6360
290.8701  85.0060
290.0901  85.4960
289.6201  84.5160
288.6001  84.6560
287.6501  83.7260
287.2701  84.0260
286.3101  83.5360
285.1001  83.9960
282.9501  85.6960
282.8901  87.1660
281.5601  87.0760
280.9801  86.4560
280.0101  86.6460
280.7401  87.7360
280.4501  88.2360
279.6001  87.7360
278.9201  88.1260
278.1401  89.6760
277.0301  90.3960
276.7901  92.0560
276.1301  92.0760
274.3601  93.8560
273.2301  93.1460
272.1201  93.2460
272.0501  94.5860
271.1001  94.2760
271.0501  93.3460
267.4701  92.3360
266.0401  93.2860
265.7001  91.5360
263.9401  92.5360
262.4901  91.7360
262.3801  93.7460
261.2401  93.6560
259.8401  94.2360
258.8401  93.7060
258.4601  92.9060
257.6501  92.7760
255.7801  93.5160
255.5001  94.7960
254.2101  95.8660
253.8101  96.9060
251.6001  97.4160
250.9601  99.2760
249.4901  99.3660
249.2101 100.2360
250.0901 101.2560
249.3901 101.8560
247.7701 101.7460
246.4701 102.3360
245.7001 103.5360
245.6801 104.8260
243.7101 106.5460
242.7001 105.7360
241.7801 106.5560
240.5201 106.5760
240.1401 107.1160
240.4901 107.8760
239.6901 108.7560
239.4501 107.8860
238.1401 107.4860
237.6201 108.9060
236.4401 109.6260
236.9801 110.2560
236.4301 111.1560
235.0101 110.2960
234.6101 111.2360
232.8501 112.3560
233.1201 112.7160
232.6701 113.1760
231.4901 113.4660
231.0501 114.1560
228.9601 113.4560
229.0501 115.4160
227.6701 117.0660
226.3001 117.5660
227.0101 118.4760
226.7801 118.8360
225.3601 118.8660
224.2601 116.7260
223.6201 116.3260
220.5901 117.1260
219.7701 118.2860
217.5201 117.8460
216.9001 118.5460
215.7101 117.8460
214.6401 119.2260
212.0501 118.6060
209.3801 118.9760
205.2201 116.2060
203.8401 116.9360
202.5501 116.4860
201.3901 114.9560
200.5701 115.0760
199.9501 115.7660
200.5101 117.7360
199.9301 117.8460
198.5301 116.3960
197.1501 117.4760
196.9601 114.8760
194.9801 114.2360
194.4701 111.2160
190.6801 108.4960
189.2001 104.8660
190.0101 104.1760
190.0101 103.6360
188.0501 104.1960
186.5501 103.3760
187.4301 102.1960
187.0101 100.5460
184.5401  96.5460
186.5401  95.0960
186.8401  94.4060
184.1101  92.8860
184.0201  91.5560
185.1001  91.2560
185.3501  90.7560
184.9301  88.5060
183.5201  86.4360
181.8301  85.7760
180.8901  82.1360
179.6401  81.1460
182.3801  79.3660
181.9501  78.2860
179.5301  76.8060
179.4301  75.0760
178.1701  74.6560
177.9501  73.7660
179.7201  72.8260
179.9901  72.1860
178.7101  70.6360
178.9601  67.4960
178.3801  65.1560
176.5301  64.6960
175.2901  65.0460
174.6501  64.5560
174.8301  61.0760
174.2601  60.2660
172.7701  59.6860
172.1801  57.2360
171.0201  56.5360
170.6301  55.6460
169.0401  55.9960
168.7201  52.2460
167.8001  50.5260
166.7401  49.8460
164.3801  51.0060
162.1201  51.4760
161.0301  50.1160
158.9701  49.9760
156.9801  47.9860
157.2001  46.5460
155.8801  45.4960
154.8401  45.3960
154.9201  43.1560
150.9301  41.5460
147.7101  41.0060
146.1901  38.9660
143.9501  37.6460
143.9701  35.9260
142.9401  34.6660
142.6501  32.2260
141.4601  31.2760
141.5101  29.6960
139.2201  26.7160
137.8501  26.1960
137.0401  24.7060
136.2301  24.3060
134.0901  20.4960
131.2601  19.7260
127.1201  17.6560
118.1701  18.0260
116.6101  16.7660
116.0801  15.4060
116.9801  13.8760
117.1801  10.1460
116.8501   8.8160
111.3701   3.9960
106.6101   3.6260
104.7901   4.9060
103.9901   4.9960
101.7801   4.9660
 99.8400   3.9460
 93.3800   6.5460
 91.4700   6.5760
 88.1800   6.4260
 85.4100   4.6860
 83.3200   5.3860
 79.7500   4.8760
 76.8100   3.4060
 74.9600   3.0360
 70.6600   4.6360
 67.0100   4.8460
 65.4600   5.8360
 63.9400   7.8360
 61.8500   7.6860
 59.1600   8.7260
 54.3400   6.8660
 53.6900   5.6360
 52.5100   5.7560
 50.5500   3.8960
 47.0200   2.9260
 45.5800   0.6160
 44.9400   2.9360
 45.2600   4.4060
 42.7800   5.8660
 42.9200   7.3360
 41.5700   8.5760
 41.6900  13.0360
 40.4700  15.5960
 40.6000  16.5660
 41.6700  17.9960
 41.6900  21.5860
 41.4800  23.4060
 40.1000  25.4060
 39.8100  28.0360
 40.4100  32.4660
 41.1000  34.7560
 42.6500  34.9860
 44.0200  37.0960
 45.4100  37.7060
 47.2600  42.0960
 50.0200  45.7460
 51.6200  46.5060
 53.1100  49.3560
 53.8400  53.4760
 56.3300  55.9360
 56.6400  56.8360
 56.2400  57.7160
 54.9600  57.7660
 54.1800  58.7760
 55.1200  60.0260
 55.1500  60.7860
 54.3300  62.0060
 54.8400  64.2660
 53.6500  66.2260
 55.0400  69.6860
 53.1200  71.5260
 52.6800  72.8660
 53.2100  75.5460
 52.9800  76.2660
 51.7100  77.0260
 51.9600  79.9460
 51.6400  80.7260
 49.7400  79.1860
 48.9900  79.2060
 48.7700  79.8060
 49.7400  82.2660
 48.2500  83.2560
 47.4600  86.2760
 44.6500  89.2360
 44.4300  89.9760
 45.3800  91.8860
 45.0800  92.9760
 43.0700  93.1360
 43.8300  94.7660
 45.6300  96.3460
 44.0300  99.2160
 41.7600 100.6360
 41.5800 101.5260
 42.3000 104.4160
 44.1100 104.9160
 44.4100 106.0960
 43.6900 106.6160
 42.1200 105.5460
 41.1800 105.8660
 40.9500 106.8260
 41.5600 107.6860
 41.1600 108.1460
 40.1600 107.8360
 39.7500 108.4060
 39.8800 110.0460
 39.1600 110.6960
 37.6300 110.4560
 37.1000 111.1460
 35.7000 114.3260
 35.9000 115.4060
 34.5600 115.5560
 34.2500 116.1560
 35.5800 117.8460
 32.3000 120.2360
 32.3300 122.3960
 30.7700 122.7060
 30.1900 123.3660
 29.7200 124.8860
 30.8800 126.2660
 30.7100 127.5360
 30.0200 127.8860
 28.8700 127.5960
 27.5800 132.0260
 25.6900 134.4860
 25.0400 136.4760
 23.6200 136.8860
 21.1900 139.3460
 19.2700 140.4060
 17.4200 144.0060
 14.8500 144.5360
 13.8200 145.8060
 12.2500 144.9060
 10.5700 146.7460
  8.6100 146.9260
  6.7900 148.4860
  5.6800 150.8260
  4.7000 150.8760
  3.6800 152.2860
  3.0400 152.3060

Kgatleng
69
393.6301 241.3460
394.8501 240.1860
439.1101 213.4960
441.1601 216.3360
443.2601 217.6960
444.3501 219.5360
446.7701 219.7360
447.3001 220.1860
450.2401 224.1160
450.4401 225.8360
450.9801 225.7960
451.4501 224.7860
453.3201 227.2360
455.7001 227.7760
455.7001 227.7760
455.5901 225.5960
454.6601 223.2360
455.2201 222.1060
455.0701 221.3660
453.9301 220.6460
453.8401 220.1260
454.8401 219.9460
454.9101 218.6760
453.5601 215.3460
453.2401 212.1660
452.3201 211.0960
452.5001 208.7260
451.2501 206.2660
450.9601 204.2060
449.4101 202.8060
449.1601 200.4960
450.3101 198.6960
449.2501 197.4160
450.0800 195.7960
449.0501 194.4660
449.4401 192.3260
449.0800 191.4660
448.3701 190.7760
446.8300 190.6360
445.7401 189.2560
443.9001 188.2360
442.3001 187.9260
440.8701 188.3860
439.6001 187.2960
439.0701 187.3760
438.5501 186.2060
437.2301 185.7560
436.7301 184.8560
436.7601 183.0760
436.2301 182.1760
435.1001 182.2760
431.4701 180.9660
429.6101 178.1660
429.0301 178.0860
428.9201 177.4160
426.5301 175.3760
423.5801 168.0660
421.4001 166.1660
420.6601 166.1060
420.0701 164.6560
404.4201 161.2060
404.4201 161.2060
401.7501 165.5660
389.2201 173.8760
389.2201 173.8760
386.8601 175.4160
386.1301 175.0560
384.2101 177.5760
384.8201 183.2060

Kweneng
39
355.6601 284.9460
375.2401 258.3360
383.4401 255.7160
393.6301 241.3460
393.6301 241.3460
389.1500 188.9760
384.8201 183.2060
384.2100 177.5760
386.1301 175.0560
386.8601 175.4160
389.2201 173.8760
389.2201 173.8760
371.9601 154.9860
371.9601 154.9860
365.6301 155.2260
355.6401 161.0560
243.0301 196.1660
243.0301 196.1660
236.1101 198.3460
236.1101 198.3460
199.9201 209.9760
199.9201 209.9760
199.9601 240.5660
193.4701 240.5460
193.4201 250.8760
193.4501 251.6060
194.1601 251.6860
200.0801 251.5260
200.0801 251.5260
200.1701 258.3560
200.1701 258.3560
200.0801 258.8660
200.0801 258.8660
297.0200 258.5160
297.0200 258.5160
307.8400 258.5960
307.8400 258.5960
342.5600 258.4760
344.3300 261.2460

North-East
101
490.9701 457.2860
495.2601 456.1760
498.6701 456.9860
500.0901 455.7460
500.7901 455.6860
502.5901 456.5160
505.0901 454.5160
505.6001 452.7260
505.1101 450.0760
503.9801 448.6760
504.0601 444.3960
505.7201 441.0360
505.3601 440.0560
505.8901 437.9260
505.4301 436.3260
505.7101 435.3660
505.0801 434.8360
504.5201 431.5960
503.0001 429.4560
503.8201 427.1560
502.9501 425.1560
504.4501 423.3560
503.7201 421.9660
504.0601 421.2360
503.0301 420.2760
503.8101 418.2860
502.7301 416.5160
504.0001 413.6460
505.1401 412.8260
506.8300 410.4860
508.2700 410.0360
509.6000 408.7160
511.0200 408.4060
511.1401 407.1460
513.6601 404.1060
514.4700 402.2260
517.5700 398.7860
517.8100 395.8060
520.5101 392.2560
520.2501 391.1260
521.6201 389.2860
520.6001 388.4060
520.6801 387.6760
522.2701 386.9060
521.0701 385.2660
521.7101 384.5360
522.9901 384.8460
523.2401 384.4760
522.8201 383.8860
523.9101 381.9260
523.9101 381.9260
521.3901 381.6660
520.2401 382.4660
519.4901 382.3360
518.5701 383.5760
515.6101 383.4360
513.8501 384.0560
513.4001 383.0860
510.4901 383.3060
506.7301 382.1360
505.4601 382.7760
499.3801 383.8060
497.8501 384.6760
495.4001 387.5560
494.4901 387.0060
492.5901 387.9560
490.7501 388.1560
487.2801 392.9260
486.6101 394.6860
484.9801 395.9460
483.9401 398.7960
484.1601 399.9260
483.0301 403.6760
483.2901 405.2260
482.8001 407.6160
480.9101 409.5860
480.5301 413.7060
481.0901 417.6560
480.2001 419.1660
480.1301 421.8560
479.0701 423.1160
478.6001 425.0660
476.6401 428.4260
472.2301 431.1860
471.4701 433.3360
471.6501 435.8660
472.2801 437.1160
472.2101 440.4760
472.7601 441.3460
475.0301 442.9260
475.3201 444.8960
476.5501 445.8860
477.8001 447.8860
476.5301 452.2460
476.8801 454.2460
476.5101 456.0060
476.5101 456.0060
477.2001 455.7960
481.3001 457.6860
483.1901 456.9060
486.6501 456.8560

North-West
224
341.1901 642.2560
343.9101 642.4360
344.9101 642.0460
344.3301 641.6360
342.8001 636.8560
342.6401 633.5760
344.6501 630.9160
345.5801 627.1860
348.1901 622.6260
350.4201 621.7760
351.1201 620.2660
353.0301 619.5260
354.6201 617.0960
359.1701 607.7060
361.2801 601.5760
366.9601 594.5660
369.2001 593.7660
371.2001 589.8160
373.5601 587.0360
376.0901 586.5960
378.3701 584.5160
378.4301 582.5660
379.2501 580.7060
378.5601 578.9560
378.7801 576.1060
379.4801 573.9960
380.7801 572.0260
380.7101 570.1660
383.7701 568.7160
387.1801 565.9560
388.6401 565.5860
391.6701 559.4860
391.6701 559.4860
347.1601 559.3360
347.1601 559.3360
334.8101 559.3360
334.8101 559.3360
326.2801 559.3160
326.5101 552.6160
326.5101 552.6160
326.5101 531.8060
326.5101 531.8060
326.4901 502.4260
326.4901 502.4260
326.5301 491.0060
326.5301 491.0060
326.4901 490.6360
338.2401 485.6860
337.6401 466.7760
296.4201 463.4260
291.7201 463.8860
288.4101 462.4760
285.8201 463.7160
283.6601 466.3260
283.2601 467.8460
279.9501 469.2360
278.9901 471.1460
279.6601 472.8560
278.7001 474.2760
277.5901 474.2260
275.7201 473.2260
274.9601 473.8960
274.6701 475.5160
273.4101 475.7060
271.8001 476.9360
269.3501 475.5460
267.1801 475.5160
265.7501 474.0660
263.5001 473.5460
262.4501 472.2160
261.4501 471.7960
261.6801 469.9260
261.1901 469.4460
259.7201 469.6960
258.4101 468.6060
256.1601 468.5460
253.8701 470.1760
253.5601 464.7860
253.9901 421.5960
253.9901 421.5960
223.1601 421.2560
223.1601 421.2560
215.4501 421.2560
215.4501 421.2560
180.7201 421.0560
180.7201 421.0560
168.1901 421.0960
168.1901 421.0960
151.8001 421.0960
151.8001 421.0960
146.0201 421.0560
146.0201 421.0560
 98.7700 421.2760
 98.7700 421.2760
 87.2000 421.4060
 87.2000 421.4060
 65.4400 421.5860
 65.4400 421.5860
 65.5500 606.2160
 96.2800 606.2060
201.7101 627.8460
215.7701 628.1260
217.2801 626.9660
216.8601 625.5060
218.3201 624.4360
217.5201 624.1060
217.8101 622.5060
219.1601 621.6560
221.1001 618.7260
221.6801 616.7860
222.8401 615.7260
222.6401 613.6560
223.3701 613.9860
223.7401 613.5760
224.2101 613.9060
225.4001 613.4460
225.9201 614.1060
226.3701 613.7160
225.7501 612.9260
226.2301 611.8760
227.0001 611.2460
229.0501 611.3660
229.2501 609.9560
230.6901 609.2260
231.2701 607.3760
231.0001 606.2660
232.7501 604.6460
233.1501 602.9160
232.4501 601.6960
233.3301 599.9960
233.1201 597.5060
233.7401 597.1760
233.7401 594.8060
236.4501 593.4660
239.9401 595.7160
241.0901 597.9660
242.1101 598.4160
243.4601 598.0860
248.1501 601.8160
249.3301 603.5660
249.4201 604.8360
251.9201 606.1060
252.1601 607.3060
252.9501 607.1660
253.6201 609.0860
255.8001 609.9360
256.8401 610.9460
257.3301 611.9260
256.7701 612.2660
257.5201 613.8860
259.0101 614.4660
259.1101 615.0360
260.2201 614.7260
263.1401 617.7260
265.5201 618.7260
265.8201 620.2960
267.8501 619.8260
269.4301 620.8260
272.0701 623.6060
272.9701 625.2460
274.0601 625.6260
274.4901 626.6460
276.8301 626.3660
279.5301 627.2660
281.1201 625.8660
282.0901 628.1160
283.4201 628.5360
285.8101 631.2960
287.3301 631.2060
287.9601 630.5560
288.4901 631.1660
289.4501 631.1560
290.8701 630.0660
291.5401 630.5560
291.5301 629.2360
293.6601 627.1260
293.1001 625.7260
293.7501 624.7460
294.5701 624.8460
295.0300 623.9360
296.4501 623.4760
299.3601 623.5060
302.1201 626.9360
302.6001 628.6760
305.2701 630.7360
305.0301 631.7160
306.4401 631.5560
307.2101 632.2060
307.9501 631.8760
308.9101 633.6760
309.4501 633.8660
309.8801 635.4560
310.8101 634.9060
312.4001 635.7760
312.1501 636.2160
312.5101 636.5460
314.4701 636.7460
314.3701 637.4560
314.9201 637.7660
317.7401 638.7760
318.8300 638.5460
319.3201 639.2360
320.7301 639.6860
321.3401 640.6960
323.7301 640.9160
324.0901 641.8160
325.6101 642.3060
325.9401 641.9860
324.9101 641.1160
325.7901 640.4560
325.7801 639.8260
326.3301 639.5160
327.5201 640.3560
327.7401 639.9360
327.1801 639.2560
327.8101 639.0760
330.4301 640.8060
331.1801 639.9360
330.4601 639.5360
330.5401 639.1560
331.6301 638.6160
334.5501 639.6060
335.3701 641.0460
336.4000 640.8360

South-East
31
403.9101 161.0860
400.5001 160.5560
394.2100 158.7060
388.1700 158.5260
385.8400 156.1660
383.9200 156.0860
383.5100 155.4360
383.9600 151.6560
385.3900 148.9060
384.9600 144.6460
383.5700 143.2660
375.5000 120.7860
373.4500 118.3360
372.6200 112.3860
371.7400 110.7260
371.2700 108.1260
369.7900 105.2860
369.7900 105.2860
365.6500 107.1660
362.1100 107.8660
370.7400 138.1260
366.0800 137.8260
368.9700 146.5360
368.0600 147.8460
372.0200 149.6360
371.9600 154.9860
371.9600 154.9860
389.2200 173.8760
389.2200 173.8760
401.7500 165.5660
404.4200 161.2060

Southern
50
371.9601 154.9860
372.0201 149.6360
368.0601 147.8460
368.9701 146.5360
366.0801 137.8260
370.7401 138.1260
362.1101 107.8660
365.6501 107.1660
369.7901 105.2860
369.7901 105.2860
369.7101 102.2460
365.3101  93.0060
357.5701  88.0160
354.6401  85.4860
352.9901  85.3360
349.6701  83.2960
335.3101  83.9960
332.7201  86.0060
331.9001  85.8960
330.3801  86.6160
328.0701  86.2760
327.3101  84.9060
325.1801  83.1260
324.1401  83.4260
322.4101  81.3060
321.8601  81.6360
320.8901  80.0060
317.8601  80.2160
313.9701  79.1060
309.7901  80.3960
306.4801  79.2360
301.6801  80.6460
299.4301  82.4760
297.3901  82.7960
293.0501  84.5660
293.0501  84.5660
294.4601  85.0360
293.8401  91.4660
287.8101  91.6560
278.1201 101.6260
277.1801 138.3960
266.7701 149.4560
199.6301 149.2260
199.9201 209.9760
199.9201 209.9760
236.1101 198.3460
236.1101 198.3460
243.0301 196.1660
243.0301 196.1660
355.6401 161.0560

