1087 793

Boucle_du_Mouhoun
245
316.5268 597.2610
319.8468 595.6910
326.8768 597.1310
331.1668 596.8610
335.8668 592.5810
338.2368 587.0810
339.9268 587.7310
342.1668 591.8010
344.3968 593.2010
351.6368 587.4910
355.0668 588.8210
355.0668 588.8210
360.8668 581.2410
365.7868 576.6410
385.1568 571.9410
385.5868 569.4710
387.9068 565.9810
393.8768 564.6710
396.2068 561.9010
397.0068 548.7010
399.4868 546.6810
401.3968 540.7810
410.7568 535.8310
412.5468 537.7810
417.3768 537.3410
420.7268 536.2810
422.6368 534.0710
414.8468 524.0510
408.5168 513.6010
405.6868 511.2910
399.0068 511.1610
389.8968 512.5910
387.5968 510.9610
386.3868 504.8810
388.4168 491.6810
384.6568 474.4810
385.2068 471.5510
387.5168 471.5410
395.0268 462.9310
395.0268 462.9310
390.3268 455.4610
385.0068 453.0010
380.7268 448.5710
379.0068 445.3910
379.7568 440.1710
383.9768 430.2810
379.8268 426.6210
379.7868 422.9710
367.9268 411.9510
369.8868 409.9210
369.8468 407.0310
363.3368 399.6610
362.7168 396.5410
363.7768 394.0310
369.6468 387.0710
373.3568 373.6610
372.2868 370.9810
368.8568 369.4510
357.1868 370.1210
355.6568 367.1210
358.5668 363.7910
362.3368 361.7310
364.4368 358.3710
364.8068 354.8310
363.7468 351.7910
367.6568 343.7510
366.2768 336.3010
357.5468 333.3210
356.2268 330.2110
358.2568 327.3810
363.4868 326.6110
369.7868 327.2310
373.2768 325.9910
378.8868 320.0210
387.4268 306.8010
389.1268 306.0510
390.7968 300.1410
391.2468 292.3610
398.9768 286.4210
409.3368 280.2210
411.3568 276.5610
407.5968 272.3310
400.5168 271.1310
399.5368 266.3810
394.1168 266.0610
382.4868 268.4810
375.8268 261.9410
370.5068 251.5010
370.5068 251.5010
369.3168 253.9010
362.5668 255.5210
365.6268 261.0010
365.6268 261.0010
369.4468 268.0510
371.0968 274.3310
370.1668 283.7910
369.0568 285.9010
371.1068 291.8010
366.7368 294.9810
362.9368 297.1310
361.6868 294.4510
360.1968 293.7910
355.6568 296.9110
349.0668 295.4310
343.9368 300.0410
339.6268 301.3410
335.7768 300.2710
328.8168 294.4610
322.3868 292.5610
316.8668 286.7310
314.9468 288.5510
312.5268 288.9610
309.2268 283.7410
305.4168 286.5010
303.5868 289.3810
303.5468 296.8710
295.8068 298.4110
292.1568 302.5010
289.9568 302.3410
287.5068 303.6310
291.7768 315.1510
281.3468 319.5010
277.7168 319.1510
268.9968 323.3610
264.8368 326.4910
250.7368 324.7410
245.5568 321.1510
238.2768 322.1710
231.2968 326.8410
224.8668 329.2710
225.6368 333.0910
219.6768 336.6910
220.0268 338.6010
213.7868 339.3510
214.8368 344.1810
214.1468 348.0510
213.3168 349.9810
212.1268 349.3110
209.9968 350.9110
207.6568 349.3410
201.2468 352.8910
197.3868 353.3610
193.7068 350.6410
190.9968 350.1610
180.1968 350.7310
175.0068 345.8810
170.8968 335.7610
168.9768 328.1710
164.6368 322.7910
159.1168 322.0810
157.0468 324.8210
145.7568 320.5710
142.3468 321.7210
140.5668 325.7810
146.0568 339.8310
146.6868 351.2510
149.3468 359.4610
144.1268 359.8510
143.3168 361.5710
144.6968 368.2410
144.2068 370.1310
140.2868 372.0610
137.9868 371.4810
136.3068 369.2210
133.9168 368.2210
128.2168 368.6610
124.7168 367.1810
121.5768 367.8410
119.8268 369.7010
119.8268 369.7010
122.5168 376.1210
130.2568 379.0410
131.2868 381.5010
127.8168 384.1410
127.2668 386.7510
139.2668 397.5710
141.3768 401.3410
141.8568 405.2710
144.2468 405.7110
150.1768 403.3010
150.5468 404.0810
146.4368 412.7910
146.1768 418.0810
149.3868 427.6810
154.3168 434.4210
149.5768 444.2110
142.7568 448.6610
141.4368 451.1310
141.1568 459.3410
142.5668 460.9210
157.5968 462.2610
162.4368 458.5310
167.8868 457.7710
174.2168 461.4910
176.2668 465.6210
177.0968 472.0610
175.5568 479.8010
176.4568 492.7710
169.6568 501.0810
165.3368 510.6210
159.8268 516.0410
160.1268 519.4910
168.8568 525.0410
174.4868 525.3110
174.8468 527.3810
172.5568 530.4810
172.8368 531.9010
177.7268 535.8810
188.0768 541.5110
191.4268 545.3810
194.1868 553.7510
200.9368 558.2610
208.4568 561.3110
210.3568 564.0910
210.3668 569.1410
212.0868 569.8910
214.1668 569.0710
215.6068 564.0210
219.7768 561.9610
219.2368 560.1510
213.9568 558.7410
211.6868 556.7810
211.8368 554.8610
213.6068 553.3210
235.9668 549.9210
240.4868 546.4210
246.2568 539.3810
253.2668 536.4810
263.0868 528.0510
272.3468 523.8210
281.5868 521.8710
285.9168 522.5410
287.7868 526.8310
285.7768 534.6010
286.1568 536.6110
311.8468 540.3110
312.6068 544.0610
311.7968 547.1610
309.7068 549.9810
309.2568 559.0510
306.6368 574.5110
309.5768 580.3410
310.1668 593.5210
306.2468 598.6310
306.9668 599.9610

Cascades
239
  3.2468 228.0710
 17.2168 226.9210
 33.7368 211.5710
 36.7968 204.3810
 44.0968 195.8110
 47.1368 194.2210
 57.8968 197.9810
 62.7268 198.0810
 67.1068 199.4910
 72.7468 202.2910
 74.6668 205.3010
 77.3968 206.4710
 86.5868 204.8610
 97.3568 205.4410
105.9568 193.4810
109.9768 193.0910
116.1368 189.7010
125.3068 196.3210
126.1568 198.1710
133.7368 203.0410
143.2968 203.0510
147.1168 200.5510
150.8668 190.9510
154.0968 186.2010
156.3168 186.6710
161.3068 185.6410
167.5768 183.3910
169.3368 180.1810
171.0468 179.2910
182.3168 185.9310
195.2868 190.8510
197.7668 189.4710
202.9568 183.7410
216.3568 180.4910
216.4268 178.2910
219.1868 177.6010
223.1668 179.9310
226.0268 180.3610
229.7868 182.9610
228.8668 186.0010
238.5968 197.1310
245.8268 197.3710
245.8268 197.3710
245.7468 195.0310
248.3768 193.3010
249.9668 190.7110
250.9468 185.1110
239.2468 185.2210
237.5468 184.1110
236.4768 181.6110
236.4168 179.9810
239.5268 176.9710
247.0068 175.8710
250.1168 172.0110
250.4168 170.0010
249.1568 164.3010
249.1768 151.5710
250.2468 148.1210
246.6968 145.2610
244.7968 139.2910
238.0568 130.4410
240.3468 126.3610
241.7168 119.1310
242.9768 116.9310
242.2968 114.4210
238.1068 108.7310
234.1668 100.3010
230.4268  98.1310
221.3968  95.4810
213.2668  97.3310
210.9668  92.9610
209.1168  86.1810
217.2268  79.8410
223.2068  73.3910
223.1168  68.9910
223.1168  68.9910
221.8868  69.1210
219.3868  66.1210
216.8668  65.0810
211.9568  64.8210
211.2368  62.4510
211.9668  61.2310
209.9468  59.3110
207.0668  60.2710
204.0468  59.9510
202.1368  57.7610
202.3668  55.4510
199.5468  55.0910
190.4068  59.6410
185.3468  54.8410
183.5168  51.8110
175.9968  48.9310
171.0868  49.2810
170.1868  46.8810
171.8268  46.0610
170.5368  41.4910
169.2668  40.1910
169.8568  39.1810
168.5668  37.1510
168.3868  32.8310
164.5668  27.5410
160.1668  31.1910
158.7368  31.2210
157.4268  30.2010
156.8668  27.1110
154.1968  27.1810
152.8268  28.4810
150.6568  34.8110
148.8368  36.1910
138.6368  34.0510
137.1368  35.7610
136.5268  39.7810
136.6968  42.1310
138.3768  43.5410
138.9868  46.0310
137.0768  47.7610
131.5968  47.0010
132.2168  44.8510
133.5068  44.1210
129.9868  39.6610
127.3668  40.5810
125.5768  43.5210
123.5868  44.5210
122.1368  41.6310
118.7868  43.3610
116.9968  39.8610
115.7868  40.1110
114.7468  38.5310
113.3568  38.2410
112.8468  39.5310
110.6268  40.6210
106.6868  48.3410
102.5168  48.8410
102.5768  46.4910
101.1768  46.7110
100.4768  48.9810
 98.5768  49.0310
 98.5268  50.9710
 97.2568  50.8110
 96.1268  53.1010
100.1568  53.1710
 99.1168  55.3010
100.1468  59.8410
 98.0168  61.4410
 95.7968  61.0610
 94.2968  64.0510
 87.5968  64.9910
 83.0068  68.1510
 81.0568  67.1210
 80.1868  65.3810
 75.6068  68.0010
 74.9468  70.1110
 76.4868  72.0910
 76.0468  74.3310
 78.4768  76.3010
 76.2468  77.6710
 75.7668  79.2510
 72.8668  80.7010
 72.6268  83.7810
 73.0868  84.4810
 76.0768  83.4210
 75.5268  84.7710
 76.4768  86.1310
 75.0768  88.7110
 73.6068  89.0810
 72.0568  91.2710
 68.2868  92.5910
 70.6868  97.2410
 67.4568  96.4910
 65.0168  94.0710
 62.5668  94.0310
 62.5368  95.2710
 64.6568  97.5410
 60.7068  97.6010
 60.4168 100.0010
 63.3568  99.1010
 65.1568  99.9810
 64.4468 101.0810
 60.2568 102.5410
 61.1168 108.0010
 56.7968 107.1410
 55.4768 107.9410
 57.6968 108.8410
 58.6968 110.6610
 58.9868 113.1610
 58.2068 114.2410
 53.3968 111.4210
 53.8668 114.2110
 52.1668 112.7510
 49.4368 113.2910
 48.7368 117.6010
 51.4368 123.2410
 51.2868 126.2410
 50.2568 127.4710
 47.4368 127.0210
 44.8268 124.6510
 42.6868 125.9010
 42.8468 127.4510
 40.7068 125.6610
 39.3868 126.5110
 34.6968 125.7310
 33.0268 126.5310
 31.9868 125.6610
 30.0468 127.1110
 28.9768 126.5010
 29.5568 125.0210
 28.8268 125.4510
 25.3468 123.4310
 22.5868 125.3010
 21.1568 122.6310
 19.9168 122.4010
 18.8268 123.6110
 15.3868 123.7510
 13.2068 125.5110
 12.5168 127.5410
 10.7868 127.1310
  9.9868 129.6010
  7.0468 130.7110
  6.9668 134.5010
  4.3068 135.1410
  1.4268 141.6910
  0.2768 141.4310
  0.7168 146.8410
  2.7468 149.5610
  5.7768 158.4810
  7.4168 160.5810
  6.3868 163.2510
  7.4568 165.5210
  5.0168 169.1410
  6.7868 184.6510
  6.2568 187.8510
  9.6368 189.5310
 10.3368 194.0510
 12.4068 196.8710
 13.3268 200.9010
  9.7468 203.6310
  7.4768 208.2410
  6.9768 216.0310
  4.1068 217.6310

Centre
67
506.9168 408.0310
517.9868 413.5910
526.1468 414.6010
519.9968 438.4410
523.3868 440.2910
533.4468 441.3910
537.7468 454.1310
540.3868 452.0810
544.0168 445.4810
541.1168 440.1810
541.2468 436.4210
542.6868 434.5710
550.1068 436.8610
552.1368 439.3410
554.0568 438.8710
554.6068 436.4710
556.2768 435.8710
558.0968 433.0610
553.6668 424.4810
566.9768 425.2510
571.8368 429.5110
575.3768 430.4310
577.1868 428.5910
581.2768 429.0910
583.3568 427.0910
585.6868 419.4410
582.2668 410.2510
582.4468 405.8110
585.9768 407.3710
592.5468 399.3710
594.1068 401.1810
600.5668 394.9710
606.0768 397.0310
606.1968 390.4910
611.3268 389.1610
610.4868 384.1810
610.4868 384.1810
602.2468 382.4310
600.3868 380.8710
596.7068 381.5410
589.2368 380.8410
584.7668 379.5610
581.5668 377.0010
576.5868 380.5310
569.5768 378.2910
563.8568 374.7310
560.7768 378.7210
558.2068 387.6410
551.7868 386.9610
550.7668 387.8210
544.0568 385.2310
540.1968 378.5210
537.1368 378.6710
530.2268 373.6410
527.7868 373.9610
524.6668 372.0810
520.3868 367.5610
515.5568 371.1510
507.9268 371.8910
500.1068 380.4910
500.1068 380.4910
503.2768 385.7510
507.5568 388.2510
510.5768 391.9510
510.8168 397.5610
509.4768 400.2910
505.9968 402.4810

Centre-Est
145
727.9968 438.4110
724.9368 430.2110
723.6268 423.3810
727.8468 418.9110
734.7168 417.1010
738.3568 411.6110
734.2068 407.5410
730.0068 400.5910
732.5468 396.0410
744.8268 392.4310
748.7568 387.8510
753.7168 385.9310
754.9668 380.6310
759.0868 381.2310
761.3668 374.1310
755.4868 372.5610
751.9968 369.8510
746.5468 369.7510
740.2568 357.8110
742.4868 354.4110
741.3068 349.5810
745.0968 348.6210
747.1968 346.9710
747.8868 339.2210
756.1668 340.7910
760.7368 336.5510
763.2268 325.5210
767.4468 325.2710
768.3668 330.6510
776.6068 328.7610
781.2568 329.1710
784.0868 325.0610
797.7168 325.2110
804.5868 319.8210
815.6068 313.2710
828.9768 312.9610
827.9268 305.0910
829.4868 288.6410
833.6668 280.5610
836.0868 271.8510
831.7568 270.0410
829.1568 267.2110
831.3168 258.5510
833.1968 257.1610
831.7868 252.6710
833.0468 250.8310
824.9468 240.7310
824.4968 233.0210
822.1468 232.0710
816.6268 238.9310
814.0168 238.9310
808.1768 226.0610
808.1768 226.0610
743.4568 239.0910
718.9768 245.3910
716.4868 241.2710
718.5768 239.8510
718.8768 238.2610
710.1868 235.7610
709.1568 233.0110
706.9368 230.7910
704.4768 235.3310
704.8068 237.4410
701.6568 237.9910
697.1268 234.9810
695.7268 228.9310
696.4668 225.4610
693.8968 224.0310
690.2868 224.6910
685.2368 219.1510
683.1868 220.1810
680.8268 217.5710
679.8868 218.8010
678.3568 218.7510
674.8768 213.5110
674.7968 209.2110
672.7668 208.0010
671.2968 207.7810
669.5468 212.8210
667.4068 213.3110
667.0768 214.9910
666.3368 215.5010
665.5468 214.1210
664.1768 214.9410
666.4668 218.6910
664.3868 218.9910
662.9968 217.9210
662.0268 218.7410
662.2568 220.0610
660.1168 220.0710
660.1168 220.0710
659.7368 226.4610
662.4068 228.5210
660.6768 233.8910
656.1168 234.8010
656.2068 238.6710
652.8168 241.7010
649.9568 248.6110
653.8568 253.6910
654.1668 258.9510
657.1268 259.5810
661.6468 262.7210
666.8168 267.7510
672.0768 269.0610
674.5468 275.2610
680.0668 272.2710
682.7668 272.3010
680.3468 277.2910
682.0968 279.9010
681.2968 286.5510
676.2168 287.2510
667.1168 292.1910
662.5568 298.6010
660.2868 298.4210
656.1568 293.3610
652.3768 294.0510
643.9268 300.3710
639.5768 298.9510
635.4068 306.3810
629.4968 313.4510
633.2168 324.1110
637.8168 325.2410
643.9468 335.7710
643.9468 335.7710
650.2468 338.3010
657.6968 338.1910
664.7568 342.7310
673.9768 356.3410
681.9068 359.3610
695.2368 358.7410
697.9868 363.9410
699.4568 369.3010
696.9468 379.2810
698.8568 383.0410
691.7868 386.6910
688.6868 399.5910
685.7168 403.3110
685.4768 407.6010
688.3868 414.0110
683.7968 414.5010
684.2868 422.1710
674.5868 422.2610
672.3268 430.7810
672.3268 430.7810
701.8468 424.3110

Centre-Nord
117
517.0068 601.8610
520.6468 610.2610
527.1068 620.4810
531.7468 619.0910
547.0668 626.7010
548.2568 619.5910
550.5568 613.1610
558.5268 608.1210
572.6568 604.8810
573.7368 603.2210
582.0468 603.8110
588.6868 606.7710
594.3068 605.7910
602.8168 606.9510
606.2368 610.9910
612.9068 609.9210
618.6968 614.1210
636.3168 617.4310
656.1968 627.8210
661.8968 629.7710
664.0368 635.5210
668.4468 635.7510
671.0668 630.7110
683.7068 623.9210
690.7768 616.3710
694.2268 612.1410
696.1768 599.2510
700.9068 597.7810
703.5968 593.0910
708.3068 588.7910
714.4568 587.3610
726.3168 587.9010
725.5668 580.1110
721.4868 576.5510
725.4168 569.2510
725.4168 569.2510
726.5868 566.9710
716.6968 561.0810
715.4368 554.8010
717.8268 551.7510
719.3168 547.5910
716.6968 540.5210
712.7368 533.7010
715.5868 524.7510
707.8868 514.3110
706.1868 507.1310
706.8268 500.0410
705.7168 496.9710
708.8668 492.6810
713.3868 480.3510
728.1268 471.9310
730.2268 468.3810
725.2968 461.1710
730.0968 447.0310
727.9968 438.4110
727.9968 438.4110
704.3668 426.9610
701.8468 424.3110
672.3268 430.7810
672.3268 430.7810
671.5668 435.6410
672.7268 440.2410
671.2868 446.2410
667.5168 454.1310
657.6368 455.4310
653.6768 453.2710
653.5968 448.7010
655.1568 443.6010
652.0668 440.5710
647.8968 436.9810
641.3068 433.3510
633.1568 435.2210
618.7868 453.0310
604.7568 452.2110
602.9468 447.8810
599.5168 444.9010
599.7868 449.0010
601.4568 450.4110
601.6768 453.9110
598.8668 456.2010
599.1168 461.4910
586.5668 471.0310
572.7568 474.3910
570.5468 475.8310
569.3168 479.9210
564.4868 480.0010
558.0268 481.9710
554.7468 480.4110
550.8968 481.4910
543.6568 486.3810
543.6568 486.3810
546.3468 488.3110
546.9368 497.1110
541.1968 500.7910
536.6568 505.5610
530.8668 507.2810
517.6968 516.9010
518.2268 520.2110
521.2968 521.7610
520.1568 525.9210
521.1268 530.2210
517.5968 533.2310
516.5768 538.8510
510.8368 537.9010
508.9668 542.9410
503.9668 545.9310
504.5368 548.9110
503.2768 552.5510
504.8768 556.9910
503.1168 559.3410
505.0268 563.0710
499.0568 575.5810
498.8668 581.7910
502.0568 587.3310
508.3868 589.7810
513.1668 593.2510
518.6668 592.7710

Centre-Ouest
182
395.0268 462.9310
408.1368 473.0710
409.9068 473.8810
413.4668 473.5910
416.5568 469.9610
412.4768 463.5810
412.1468 459.5710
413.6668 457.4610
425.4968 458.2110
426.4768 456.6310
419.6468 450.8510
419.6268 446.6610
423.3268 445.9310
434.9468 449.0910
438.3368 450.8910
439.8168 450.6310
446.4668 455.1610
452.1768 455.6410
456.2068 457.5610
464.3368 457.8010
469.0168 456.5710
471.7268 456.9610
475.0568 459.4610
479.1368 458.5310
483.0468 459.3610
487.0968 452.3810
490.4068 454.7110
490.4068 454.7110
492.8768 451.7910
491.7968 447.6710
494.0968 446.0410
503.3968 443.5310
508.0768 440.7310
511.6868 425.0310
500.6868 420.3410
491.7368 424.8210
481.5668 424.4810
481.4768 420.2410
477.8968 418.2210
477.8268 411.9410
471.6668 402.5310
471.7068 400.9610
476.8768 397.2810
480.5568 397.9810
491.3068 406.0310
501.7068 408.4210
506.9168 408.0310
506.9168 408.0310
509.2568 405.5210
505.9968 402.4810
509.4768 400.2910
510.8168 397.5610
510.5768 391.9510
507.5568 388.2510
503.2768 385.7510
500.1068 380.4910
500.1068 380.4910
493.5368 379.9710
492.4768 375.9610
486.5168 373.6410
488.0168 368.2010
479.5568 361.5210
476.6168 357.7710
482.9168 353.4210
485.6368 347.1510
488.8168 346.8910
492.2068 349.9010
498.7468 346.4010
502.3868 350.3210
509.4968 351.8410
531.1568 329.0510
538.0768 326.8410
544.5968 320.5810
551.8268 318.4110
556.1568 314.6110
557.8768 310.6510
563.6668 305.9510
570.6568 304.0310
576.3868 295.6010
569.7368 288.9310
567.6168 285.4810
566.0668 285.4810
563.2868 282.3410
560.4068 282.5410
552.9968 277.1010
550.8668 272.6510
544.8568 270.2410
543.0668 271.5010
538.7868 266.0910
538.6068 257.9810
535.8768 255.7510
535.8568 250.5810
529.9768 241.7510
537.0168 238.6810
538.9868 235.8310
541.4668 236.0310
542.7868 234.3310
547.0568 232.6410
549.4468 232.4010
550.4468 231.3710
553.8068 232.5710
556.4268 231.7410
555.2668 229.7710
557.1968 227.4610
559.6768 227.3010
562.6368 228.5210
562.7268 221.7810
562.7268 221.7810
560.2068 223.8410
538.9568 223.9710
538.1568 219.7210
528.9468 220.9210
521.2668 218.1510
517.7268 218.0310
511.0168 218.9210
460.6768 218.2710
447.3868 219.7310
413.0668 219.0510
398.8668 220.7910
382.5168 220.8710
382.5168 220.8710
382.7868 223.9710
385.1368 228.3410
392.1368 228.3910
393.4468 229.7210
395.0868 234.9210
395.0968 238.4010
383.1268 248.0110
380.5168 246.4210
379.7968 242.2710
373.7568 239.4010
372.7168 240.8910
372.9868 245.1810
371.8668 250.2210
370.5068 251.5010
370.5068 251.5010
375.8268 261.9410
382.4868 268.4810
394.1168 266.0610
399.5368 266.3810
400.5168 271.1310
407.5968 272.3310
411.3568 276.5610
409.3368 280.2210
398.9768 286.4210
391.2468 292.3610
390.7968 300.1410
389.1268 306.0510
387.4268 306.8010
378.8868 320.0210
373.2768 325.9910
369.7868 327.2310
363.4868 326.6110
358.2568 327.3810
356.2268 330.2110
357.5468 333.3210
366.2768 336.3010
367.6568 343.7510
363.7468 351.7910
364.8068 354.8310
364.4368 358.3710
362.3368 361.7310
358.5668 363.7910
355.6568 367.1210
357.1868 370.1210
368.8568 369.4510
372.2868 370.9810
373.3568 373.6610
369.6468 387.0710
363.7768 394.0310
362.7168 396.5410
363.3368 399.6610
369.8468 407.0310
369.8868 409.9210
367.9268 411.9510
379.7868 422.9710
379.8268 426.6210
383.9768 430.2810
379.7568 440.1710
379.0068 445.3910
380.7268 448.5710
385.0068 453.0010

Centre-Sud
133
500.1068 380.4910
507.9268 371.8910
515.5568 371.1510
520.3868 367.5610
524.6668 372.0810
527.7868 373.9610
530.2268 373.6410
537.1368 378.6710
540.1968 378.5210
544.0568 385.2310
550.7668 387.8210
551.7868 386.9610
558.2068 387.6410
560.7768 378.7210
563.8568 374.7310
569.5768 378.2910
576.5868 380.5310
581.5668 377.0010
584.7668 379.5610
589.2368 380.8410
596.7068 381.5410
600.3868 380.8710
602.2468 382.4310
610.4868 384.1810
610.4868 384.1810
610.1568 382.2010
615.7868 377.8410
621.3568 365.8710
626.8368 359.7310
632.5268 355.1310
635.1568 346.4610
634.4768 342.8110
636.4868 341.3410
643.0768 339.5010
643.9468 335.7710
643.9468 335.7710
637.8168 325.2410
633.2168 324.1110
629.4968 313.4510
635.4068 306.3810
639.5768 298.9510
643.9268 300.3710
652.3768 294.0510
656.1568 293.3610
660.2868 298.4210
662.5568 298.6010
667.1168 292.1910
676.2168 287.2510
681.2968 286.5510
682.0968 279.9010
680.3468 277.2910
682.7668 272.3010
680.0668 272.2710
674.5468 275.2610
672.0768 269.0610
666.8168 267.7510
661.6468 262.7210
657.1268 259.5810
654.1668 258.9510
653.8568 253.6910
649.9568 248.6110
652.8168 241.7010
656.2068 238.6710
656.1168 234.8010
660.6768 233.8910
662.4068 228.5210
659.7368 226.4610
660.1168 220.0710
660.1168 220.0710
645.5668 220.3410
644.8468 221.7310
642.2668 221.7310
641.7168 220.1610
638.4568 219.8710
636.0068 215.6710
630.1268 217.6910
628.5668 220.5410
619.6068 220.0410
618.0568 221.1410
602.9968 221.4810
602.6768 218.9510
576.8768 220.3510
564.9168 219.9910
562.7268 221.7810
562.7268 221.7810
562.6368 228.5210
559.6768 227.3010
557.1968 227.4610
555.2668 229.7710
556.4268 231.7410
553.8068 232.5710
550.4468 231.3710
549.4468 232.4010
547.0568 232.6410
542.7868 234.3310
541.4668 236.0310
538.9868 235.8310
537.0168 238.6810
529.9768 241.7510
535.8568 250.5810
535.8768 255.7510
538.6068 257.9810
538.7868 266.0910
543.0668 271.5010
544.8568 270.2410
550.8668 272.6510
552.9968 277.1010
560.4068 282.5410
563.2868 282.3410
566.0668 285.4810
567.6168 285.4810
569.7368 288.9310
576.3868 295.6010
570.6568 304.0310
563.6668 305.9510
557.8768 310.6510
556.1568 314.6110
551.8268 318.4110
544.5968 320.5810
538.0768 326.8410
531.1568 329.0510
509.4968 351.8410
502.3868 350.3210
498.7468 346.4010
492.2068 349.9010
488.8168 346.8910
485.6368 347.1510
482.9168 353.4210
476.6168 357.7710
479.5568 361.5210
488.0168 368.2010
486.5168 373.6410
492.4768 375.9610

Est
242
725.4168 569.2510
730.0468 573.6010
731.1268 579.2810
734.6068 580.1810
740.5368 578.9910
750.4468 574.6310
764.8568 580.6910
765.9568 575.6810
766.0468 567.9310
771.0668 567.7010
778.9268 550.1210
791.1768 537.9510
792.1768 530.6710
813.4268 524.4010
817.9668 522.0210
819.2868 516.6910
826.1568 514.7510
826.6568 508.8310
835.7168 502.2510
838.9368 494.0310
835.1468 493.3510
839.3968 492.1610
841.8368 494.9710
845.9168 496.2810
849.2468 493.2410
850.3968 497.6010
854.1168 495.0410
862.0968 494.3610
863.8268 499.9510
871.0568 499.5610
872.5768 503.6110
876.3568 504.1710
881.5468 508.5210
892.3568 512.8910
892.3568 512.8910
892.4768 508.0510
900.5768 507.8710
902.4868 506.4710
946.6668 468.9510
972.4168 448.5410
1013.2368 446.4610
1020.1968 458.5110
1023.5068 457.5310
1028.2668 462.8610
1041.8568 460.8310
1044.7868 462.1910
1045.6968 458.8410
1052.5268 456.1910
1051.2768 450.7710
1057.3768 447.2810
1061.4668 441.5510
1061.7968 433.0110
1067.2168 426.4710
1067.0868 421.0710
1068.0968 419.9810
1065.2168 418.1610
1062.8468 419.6410
1060.0468 418.0010
1058.2268 419.1610
1051.7768 418.8110
1051.6268 417.6410
1047.7968 415.8310
1045.2368 413.1110
1043.0868 415.1610
1041.7668 415.1210
1039.3768 409.9210
1086.0668 346.6010
1084.5768 344.8810
1085.6868 342.2910
1082.4868 339.9910
1081.8068 337.6210
1083.0268 336.3110
1080.9068 334.3310
1081.5468 331.5110
1077.1568 330.4310
1076.8668 328.3210
1072.1268 323.4710
1071.5168 321.4510
1072.9368 315.8910
1072.4068 315.0010
1065.7968 311.3210
1058.7668 304.7910
1055.9268 304.2710
1031.9368 280.1110
1024.5268 279.6710
1013.0668 283.2210
1009.6468 282.2010
1008.8168 283.0310
1006.9668 281.6210
1003.4468 281.8510
1002.4568 280.5410
996.5768 279.1910
991.3368 280.9110
989.3568 277.9710
987.1268 278.8310
984.3468 276.3710
981.5668 277.2010
978.4968 275.5310
974.7268 276.6110
974.3068 279.8110
972.1968 281.0210
972.8068 282.9010
971.3668 283.3810
971.2968 284.8210
969.4368 286.8010
967.6568 283.8910
966.3468 283.4410
962.1568 286.0810
958.6768 284.3810
957.5868 286.1110
955.3468 285.5610
953.7768 287.1210
951.8068 286.0610
950.9068 284.1510
949.3468 284.4010
946.1568 282.7310
945.5168 280.1110
946.6768 276.7910
944.8868 276.5010
943.0768 274.7410
941.9568 275.5310
940.6468 272.2710
937.0468 271.1810
940.1868 264.5510
938.2468 261.7310
935.6868 263.1310
934.7968 261.8510
933.2668 262.0410
932.2368 264.4010
928.9768 265.8910
928.0868 264.6410
928.3768 261.5810
930.0168 259.7010
929.5968 261.3610
930.5868 261.5210
931.3268 258.0110
928.0168 255.3910
924.7168 257.3210
915.3268 257.5910
913.7268 258.9210
911.1768 256.9410
912.1468 254.2210
914.8968 252.4210
913.8268 249.5410
914.0868 245.7110
915.4068 244.1510
914.0968 243.7310
912.8168 245.4510
909.6868 245.1510
906.7568 241.7910
901.0768 241.2010
900.4468 239.0610
902.3368 237.8210
902.6868 239.2310
905.3368 237.0710
906.2868 230.9110
909.2668 227.0610
908.5668 225.5610
903.0068 229.5310
898.2868 228.2110
895.2668 232.9210
891.9868 232.4910
890.5368 233.8910
889.3468 229.3910
882.7168 223.7710
881.4268 220.8610
846.3668 220.9810
824.2168 211.7710
825.7468 218.5810
823.5768 219.4310
825.3368 222.6010
808.1768 226.0610
808.1768 226.0610
814.0168 238.9310
816.6268 238.9310
822.1468 232.0710
824.4968 233.0210
824.9468 240.7310
833.0468 250.8310
831.7868 252.6710
833.1968 257.1610
831.3168 258.5510
829.1568 267.2110
831.7568 270.0410
836.0868 271.8510
833.6668 280.5610
829.4868 288.6410
827.9268 305.0910
828.9768 312.9610
815.6068 313.2710
804.5868 319.8210
797.7168 325.2110
784.0868 325.0610
781.2568 329.1710
776.6068 328.7610
768.3668 330.6510
767.4468 325.2710
763.2268 325.5210
760.7368 336.5510
756.1668 340.7910
747.8868 339.2210
747.1968 346.9710
745.0968 348.6210
741.3068 349.5810
742.4868 354.4110
740.2568 357.8110
746.5468 369.7510
751.9968 369.8510
755.4868 372.5610
761.3668 374.1310
759.0868 381.2310
754.9668 380.6310
753.7168 385.9310
748.7568 387.8510
744.8268 392.4310
732.5468 396.0410
730.0068 400.5910
734.2068 407.5410
738.3568 411.6110
734.7168 417.1010
727.8468 418.9110
723.6268 423.3810
724.9368 430.2110
727.9968 438.4110
727.9968 438.4110
730.0968 447.0310
725.2968 461.1710
730.2268 468.3810
728.1268 471.9310
713.3868 480.3510
708.8668 492.6810
705.7168 496.9710
706.8268 500.0410
706.1868 507.1310
707.8868 514.3110
715.5868 524.7510
712.7368 533.7010
716.6968 540.5210
719.3168 547.5910
717.8268 551.7510
715.4368 554.8010
716.6968 561.0810

Hauts-Bassins
210
119.8268 369.7010
121.5768 367.8410
124.7168 367.1810
128.2168 368.6610
133.9168 368.2210
136.3068 369.2210
137.9868 371.4810
140.2868 372.0610
144.2068 370.1310
144.6968 368.2410
143.3168 361.5710
144.1268 359.8510
149.3468 359.4610
146.6868 351.2510
146.0568 339.8310
140.5668 325.7810
142.3468 321.7210
145.7568 320.5710
157.0468 324.8210
159.1168 322.0810
164.6368 322.7910
168.9768 328.1710
170.8968 335.7610
175.0068 345.8810
180.1968 350.7310
190.9968 350.1610
193.7068 350.6410
197.3868 353.3610
201.2468 352.8910
207.6568 349.3410
209.9968 350.9110
212.1268 349.3110
213.3168 349.9810
214.1468 348.0510
214.8368 344.1810
213.7868 339.3510
220.0268 338.6010
219.6768 336.6910
225.6368 333.0910
224.8668 329.2710
231.2968 326.8410
238.2768 322.1710
245.5568 321.1510
250.7368 324.7410
264.8368 326.4910
268.9968 323.3610
277.7168 319.1510
281.3468 319.5010
291.7768 315.1510
287.5068 303.6310
289.9568 302.3410
292.1568 302.5010
295.8068 298.4110
303.5468 296.8710
303.5868 289.3810
305.4168 286.5010
309.2268 283.7410
312.5268 288.9610
314.9468 288.5510
316.8668 286.7310
322.3868 292.5610
328.8168 294.4610
335.7768 300.2710
339.6268 301.3410
343.9368 300.0410
349.0668 295.4310
355.6568 296.9110
360.1968 293.7910
361.6868 294.4510
362.9368 297.1310
366.7368 294.9810
371.1068 291.8010
369.0568 285.9010
370.1668 283.7910
371.0968 274.3310
369.4468 268.0510
365.6268 261.0010
365.6268 261.0010
356.4568 265.2210
346.7968 267.1010
342.3568 270.1210
331.1868 266.5510
327.7268 266.5510
326.8768 270.4310
320.6468 269.4210
315.6268 267.2210
305.8468 254.5210
303.8068 245.1110
299.9168 243.3710
296.8268 244.9110
290.6068 240.9310
285.3968 241.5610
284.3968 245.1810
283.8268 242.5510
281.8868 239.9210
277.0068 239.3810
272.3868 232.6910
268.7368 231.4610
266.2568 227.4210
263.4668 226.0810
263.5868 224.6210
265.9668 222.1710
264.9668 217.4810
260.5568 213.0310
257.5568 212.3310
255.0668 207.2610
256.2168 203.5510
252.0268 203.0710
251.2268 200.9910
246.6268 201.1010
245.8268 197.3710
245.8268 197.3710
238.5968 197.1310
228.8668 186.0010
229.7868 182.9610
226.0268 180.3610
223.1668 179.9310
219.1868 177.6010
216.4268 178.2910
216.3568 180.4910
202.9568 183.7410
197.7668 189.4710
195.2868 190.8510
182.3168 185.9310
171.0468 179.2910
169.3368 180.1810
167.5768 183.3910
161.3068 185.6410
156.3168 186.6710
154.0968 186.2010
150.8668 190.9510
147.1168 200.5510
143.2968 203.0510
133.7368 203.0410
126.1568 198.1710
125.3068 196.3210
116.1368 189.7010
109.9768 193.0910
105.9568 193.4810
 97.3568 205.4410
 86.5868 204.8610
 77.3968 206.4710
 74.6668 205.3010
 72.7468 202.2910
 67.1068 199.4910
 62.7268 198.0810
 57.8968 197.9810
 47.1368 194.2210
 44.0968 195.8110
 36.7968 204.3810
 33.7368 211.5710
 17.2168 226.9210
  3.2468 228.0710
  3.2468 228.0710
  3.9468 231.3210
 17.1768 234.9310
 24.4068 240.3010
 26.2268 248.7510
 33.9068 253.8810
 34.9368 258.2710
 34.7868 271.1510
 41.5568 276.2710
 43.8568 281.3810
 41.8168 286.1310
 41.7368 292.4910
 43.2568 294.8210
 41.1368 298.8410
 40.6068 302.6110
 38.1368 305.3310
 32.2168 305.3110
 30.2068 307.3410
 33.9768 316.5910
 33.3468 319.9010
 35.0168 327.4210
 32.0668 326.8510
 30.4268 328.4310
 30.1568 330.4710
 23.0568 333.2310
 22.2368 331.9510
 18.1268 334.8910
 16.8968 334.5310
 15.2668 335.7210
 15.5168 337.4410
 18.8468 338.3810
 22.6668 335.9210
 26.1568 338.7110
 29.0768 337.8010
 29.5168 338.9410
 31.9768 340.0010
 32.7968 338.1910
 34.5068 337.4210
 36.4868 338.4010
 36.8668 341.2810
 40.4368 343.3910
 42.3168 345.7910
 45.3468 347.0410
 46.7068 350.5410
 49.5468 351.0010
 50.0168 353.2610
 52.0068 353.2810
 60.4368 357.7310
 71.8968 357.9310
 77.5968 360.4510
 87.4968 360.4710
 93.0168 362.7210
 95.0368 361.3610
103.6168 361.3110
107.6068 359.8510
111.3068 367.2710
114.6168 368.2810

Nord
114
461.3568 674.2910
474.6068 655.4810
483.1968 650.8710
494.1568 642.3910
501.7468 638.7710
499.9968 634.5010
499.4168 627.7010
500.7168 623.3910
504.3368 618.3910
506.4568 613.0910
517.0068 601.8610
517.0068 601.8610
519.7968 597.6210
518.6668 592.7710
513.1668 593.2510
508.3868 589.7810
502.0568 587.3310
498.8668 581.7910
499.0568 575.5810
505.0268 563.0710
503.1168 559.3410
504.8768 556.9910
503.2768 552.5510
504.5368 548.9110
503.9668 545.9310
508.9668 542.9410
510.8368 537.9010
516.5768 538.8510
517.5968 533.2310
521.1268 530.2210
520.1568 525.9210
521.2968 521.7610
518.2268 520.2110
517.6968 516.9010
530.8668 507.2810
536.6568 505.5610
541.1968 500.7910
546.9368 497.1110
546.3468 488.3110
543.6568 486.3810
543.6568 486.3810
541.9168 485.2210
530.6768 490.7610
519.1368 485.9110
500.6868 481.4210
496.8768 476.8810
492.1868 473.8510
488.7568 469.0010
486.5968 463.7610
487.9868 458.6410
490.4068 454.7110
490.4068 454.7110
487.0968 452.3810
483.0468 459.3610
479.1368 458.5310
475.0568 459.4610
471.7268 456.9610
469.0168 456.5710
464.3368 457.8010
456.2068 457.5610
452.1768 455.6410
446.4668 455.1610
439.8168 450.6310
438.3368 450.8910
434.9468 449.0910
423.3268 445.9310
419.6268 446.6610
419.6468 450.8510
426.4768 456.6310
425.4968 458.2110
413.6668 457.4610
412.1468 459.5710
412.4768 463.5810
416.5568 469.9610
413.4668 473.5910
409.9068 473.8810
408.1368 473.0710
395.0268 462.9310
395.0268 462.9310
387.5168 471.5410
385.2068 471.5510
384.6568 474.4810
388.4168 491.6810
386.3868 504.8810
387.5968 510.9610
389.8968 512.5910
399.0068 511.1610
405.6868 511.2910
408.5168 513.6010
414.8468 524.0510
422.6368 534.0710
420.7268 536.2810
417.3768 537.3410
412.5468 537.7810
410.7568 535.8310
401.3968 540.7810
399.4868 546.6810
397.0068 548.7010
396.2068 561.9010
393.8768 564.6710
387.9068 565.9810
385.5868 569.4710
385.1568 571.9410
365.7868 576.6410
360.8668 581.2410
355.0668 588.8210
355.0668 588.8210
357.7968 591.5710
355.6068 601.0610
355.1868 615.4610
361.9968 630.0410
364.1068 637.3710
366.7168 640.5210
412.7968 659.3710

Plateau-Central
127
490.4068 454.7110
487.9868 458.6410
486.5968 463.7610
488.7568 469.0010
492.1868 473.8510
496.8768 476.8810
500.6868 481.4210
519.1368 485.9110
530.6768 490.7610
541.9168 485.2210
543.6568 486.3810
543.6568 486.3810
550.8968 481.4910
554.7468 480.4110
558.0268 481.9710
564.4868 480.0010
569.3168 479.9210
570.5468 475.8310
572.7568 474.3910
586.5668 471.0310
599.1168 461.4910
598.8668 456.2010
601.6768 453.9110
601.4568 450.4110
599.7868 449.0010
599.5168 444.9010
602.9468 447.8810
604.7568 452.2110
618.7868 453.0310
633.1568 435.2210
641.3068 433.3510
647.8968 436.9810
652.0668 440.5710
655.1568 443.6010
653.5968 448.7010
653.6768 453.2710
657.6368 455.4310
667.5168 454.1310
671.2868 446.2410
672.7268 440.2410
671.5668 435.6410
672.3268 430.7810
672.3268 430.7810
674.5868 422.2610
684.2868 422.1710
683.7968 414.5010
688.3868 414.0110
685.4768 407.6010
685.7168 403.3110
688.6868 399.5910
691.7868 386.6910
698.8568 383.0410
696.9468 379.2810
699.4568 369.3010
697.9868 363.9410
695.2368 358.7410
681.9068 359.3610
673.9768 356.3410
664.7568 342.7310
657.6968 338.1910
650.2468 338.3010
643.9468 335.7710
643.9468 335.7710
643.0768 339.5010
636.4868 341.3410
634.4768 342.8110
635.1568 346.4610
632.5268 355.1310
626.8368 359.7310
621.3568 365.8710
615.7868 377.8410
610.1568 382.2010
610.4868 384.1810
610.4868 384.1810
611.3268 389.1610
606.1968 390.4910
606.0768 397.0310
600.5668 394.9710
594.1068 401.1810
592.5468 399.3710
585.9768 407.3710
582.4468 405.8110
582.2668 410.2510
585.6868 419.4410
583.3568 427.0910
581.2768 429.0910
577.1868 428.5910
575.3768 430.4310
571.8368 429.5110
566.9768 425.2510
553.6668 424.4810
558.0968 433.0610
556.2768 435.8710
554.6068 436.4710
554.0568 438.8710
552.1368 439.3410
550.1068 436.8610
542.6868 434.5710
541.2468 436.4210
541.1168 440.1810
544.0168 445.4810
540.3868 452.0810
537.7468 454.1310
533.4468 441.3910
523.3868 440.2910
519.9968 438.4410
526.1468 414.6010
517.9868 413.5910
506.9168 408.0310
506.9168 408.0310
501.7068 408.4210
491.3068 406.0310
480.5568 397.9810
476.8768 397.2810
471.7068 400.9610
471.6668 402.5310
477.8268 411.9410
477.8968 418.2210
481.4768 420.2410
481.5668 424.4810
491.7368 424.8210
500.6868 420.3410
511.6868 425.0310
508.0768 440.7310
503.3968 443.5310
494.0968 446.0410
491.7968 447.6710

Sahel
170
693.9768 791.8910
701.1068 782.3910
703.1568 781.5710
721.6468 791.3410
733.4068 787.5210
755.1568 778.4010
769.3868 777.4010
787.8568 779.0410
788.7268 764.4310
784.1068 757.8610
788.7768 745.1910
788.1168 741.2810
780.7568 721.7110
779.4468 713.3610
782.7368 704.5410
785.1668 702.2010
785.8368 702.9710
794.1668 692.9810
800.6768 690.6710
807.1368 683.1110
810.0568 677.1610
809.9568 674.0910
806.1768 665.9310
805.3568 660.6610
806.2168 657.5410
810.5668 651.9510
809.0568 649.7210
811.0768 643.7410
818.1268 636.7010
818.8068 632.8010
822.2768 635.0210
822.6468 632.9910
821.3068 631.0210
821.2968 628.2810
823.8368 624.9710
827.7968 622.1410
829.1168 617.4710
835.6568 613.5910
837.1968 610.0210
840.4568 608.8010
840.5268 609.8510
841.4568 609.8910
842.1568 606.9010
838.6168 602.0110
839.3768 599.1210
841.2568 597.6210
843.5168 596.8310
862.3068 596.7610
865.6268 594.5710
863.1068 592.7410
863.5468 589.7210
869.7868 586.3510
872.4168 587.0710
880.7368 586.3510
887.7868 581.0110
892.0968 580.4310
894.2868 577.9010
895.4968 574.0710
894.4768 572.4410
895.3968 567.9610
899.0568 567.3710
902.7568 564.3410
905.5168 564.2310
912.1968 557.6910
914.8668 557.5010
915.3668 556.6010
923.8468 553.9510
926.4868 554.5210
931.9768 549.9310
931.7268 548.7110
925.1668 546.4510
923.1868 551.6210
921.1968 552.0610
921.4768 548.6510
918.4768 544.0810
913.8468 544.8410
911.5968 546.9010
909.8668 546.3510
900.7468 551.3310
892.3468 551.6510
892.3568 512.8910
892.3568 512.8910
881.5468 508.5210
876.3568 504.1710
872.5768 503.6110
871.0568 499.5610
863.8268 499.9510
862.0968 494.3610
854.1168 495.0410
850.3968 497.6010
849.2468 493.2410
845.9168 496.2810
841.8368 494.9710
839.3968 492.1610
835.1468 493.3510
838.9368 494.0310
835.7168 502.2510
826.6568 508.8310
826.1568 514.7510
819.2868 516.6910
817.9668 522.0210
813.4268 524.4010
792.1768 530.6710
791.1768 537.9510
778.9268 550.1210
771.0668 567.7010
766.0468 567.9310
765.9568 575.6810
764.8568 580.6910
750.4468 574.6310
740.5368 578.9910
734.6068 580.1810
731.1268 579.2810
730.0468 573.6010
725.4168 569.2510
725.4168 569.2510
721.4868 576.5510
725.5668 580.1110
726.3168 587.9010
714.4568 587.3610
708.3068 588.7910
703.5968 593.0910
700.9068 597.7810
696.1768 599.2510
694.2268 612.1410
690.7768 616.3710
683.7068 623.9210
671.0668 630.7110
668.4468 635.7510
664.0368 635.5210
661.8968 629.7710
656.1968 627.8210
636.3168 617.4310
618.6968 614.1210
612.9068 609.9210
606.2368 610.9910
602.8168 606.9510
594.3068 605.7910
588.6868 606.7710
582.0468 603.8110
573.7368 603.2210
572.6568 604.8810
558.5268 608.1210
550.5568 613.1610
548.2568 619.5910
547.0668 626.7010
531.7468 619.0910
527.1068 620.4810
520.6468 610.2610
517.0068 601.8610
517.0068 601.8610
506.4568 613.0910
504.3368 618.3910
500.7168 623.3910
499.4168 627.7010
499.9968 634.5010
501.7468 638.7710
494.1568 642.3910
483.1968 650.8710
474.6068 655.4810
461.3568 674.2910
461.3568 674.2910
467.5968 686.0410
480.2368 718.4310
483.4368 722.3310
562.5468 748.9810
574.3868 751.7410
615.0168 757.1110
625.9868 764.2810
643.5368 782.3610

Sud-Ouest
171
245.8268 197.3710
246.6268 201.1010
251.2268 200.9910
252.0268 203.0710
256.2168 203.5510
255.0668 207.2610
257.5568 212.3310
260.5568 213.0310
264.9668 217.4810
265.9668 222.1710
263.5868 224.6210
263.4668 226.0810
266.2568 227.4210
268.7368 231.4610
272.3868 232.6910
277.0068 239.3810
281.8868 239.9210
283.8268 242.5510
284.3968 245.1810
285.3968 241.5610
290.6068 240.9310
296.8268 244.9110
299.9168 243.3710
303.8068 245.1110
305.8468 254.5210
315.6268 267.2210
320.6468 269.4210
326.8768 270.4310
327.7268 266.5510
331.1868 266.5510
342.3568 270.1210
346.7968 267.1010
356.4568 265.2210
365.6268 261.0010
365.6268 261.0010
362.5668 255.5210
369.3168 253.9010
370.5068 251.5010
370.5068 251.5010
371.8668 250.2210
372.9868 245.1810
372.7168 240.8910
373.7568 239.4010
379.7968 242.2710
380.5168 246.4210
383.1268 248.0110
395.0968 238.4010
395.0868 234.9210
393.4468 229.7210
392.1368 228.3910
385.1368 228.3410
382.7868 223.9710
382.5168 220.8710
382.5168 220.8710
377.8668 221.0910
376.5068 221.9910
367.9968 221.9210
366.5668 215.7810
369.5368 211.7810
369.2668 209.3210
367.1168 205.8710
363.1868 204.4910
363.2268 200.9210
361.3368 197.3510
359.8468 190.0310
353.3268 181.9410
353.1668 180.2810
356.7268 179.1010
357.4468 177.8410
356.6968 175.0310
353.4068 171.9410
352.7468 169.9910
363.1168 145.3910
368.7768 142.1810
375.9368 140.6510
373.8768 138.1310
368.9668 137.1610
367.9268 136.1510
365.2968 126.9110
367.2968 123.5710
375.8368 119.2010
377.8268 115.8610
376.7368 112.8910
372.7568 107.8610
374.1068 101.5810
373.1868  97.5310
373.8268  90.0110
379.1768  76.8510
376.7968  70.9610
376.6868  68.0010
377.4068  64.8410
381.5068  59.1310
380.6168  57.3010
377.0168  54.5410
373.3468  48.0010
373.2968  42.1310
374.3068  40.1810
377.7868  37.7910
378.9668  33.4010
375.8668  27.2210
376.6168  22.6610
381.6768  18.1510
384.5168  16.9310
387.7868  12.2410
385.4168  10.3110
379.0868   1.3110
376.6568   0.2810
372.8668   2.6510
358.8268  18.0710
349.9268  34.0410
344.3668  46.5710
342.9268  47.3910
338.6768  44.0110
337.0568  44.1010
332.7368  49.8510
332.2768  53.9710
328.0868  61.3810
319.6668  61.4310
318.6468  63.0610
318.4968  72.8410
315.9168  71.9310
314.4468  68.9210
312.4268  68.3710
306.7568  62.3610
301.6368  63.3910
302.7868  67.4210
302.0768  69.2510
297.3768  67.8110
290.8468  71.3310
287.6268  70.6210
280.9068  72.5110
269.9968  72.6810
263.1568  71.7610
257.3468  76.9410
252.9468  74.5810
248.1768  74.9210
242.2368  73.4210
237.2068  70.6910
234.3968  67.4210
223.1168  68.9910
223.1168  68.9910
223.2068  73.3910
217.2268  79.8410
209.1168  86.1810
210.9668  92.9610
213.2668  97.3310
221.3968  95.4810
230.4268  98.1310
234.1668 100.3010
238.1068 108.7310
242.2968 114.4210
242.9768 116.9310
241.7168 119.1310
240.3468 126.3610
238.0568 130.4410
244.7968 139.2910
246.6968 145.2610
250.2468 148.1210
249.1768 151.5710
249.1568 164.3010
250.4168 170.0010
250.1168 172.0110
247.0068 175.8710
239.5268 176.9710
236.4168 179.9810
236.4768 181.6110
237.5468 184.1110
239.2468 185.2210
250.9468 185.1110
249.9668 190.7110
248.3768 193.3010

