613 712

Bubanza
208
181.4821 449.0048
180.2121 446.2748
176.9521 443.3148
177.5721 440.7248
176.8621 440.0248
178.7421 437.7048
180.0321 437.6548
180.4421 436.4248
184.9821 432.8348
185.4621 432.0648
184.8421 431.3448
185.8521 429.7048
185.1421 428.3748
183.8021 428.7048
182.3221 427.4148
182.6121 426.0748
181.8121 422.3748
179.3821 418.6748
178.7721 414.0448
175.8121 410.5848
174.6321 406.8948
173.7321 405.7848
173.2021 405.8648
173.0121 402.7748
173.8521 402.3548
172.8321 401.4348
170.7721 397.5148
170.1321 397.1648
168.6321 397.8148
166.3721 397.6448
166.3721 397.6448
162.0821 402.4248
159.9021 399.9048
158.3821 399.2948
156.9521 400.0748
155.9421 399.9348
154.1821 398.2248
152.3421 398.0548
149.3321 398.8548
146.6821 398.3648
143.4721 398.5748
142.1021 397.1848
137.9421 395.0348
138.2921 396.1648
137.3521 400.2748
114.5021 397.3548
113.0721 396.8048
112.3321 395.1748
109.1221 393.3348
107.4321 392.9148
106.6021 393.2648
102.6221 389.7748
100.7921 388.9748
 99.3021 389.2448
 97.2221 387.6648
 95.9621 384.4148
 92.8321 380.5148
 92.5121 379.3248
 91.5621 380.6748
 89.3621 381.7148
 87.1521 384.2148
 86.4121 388.2848
 84.6321 391.3648
 83.7721 391.6548
 83.8321 392.8448
 82.6221 393.0348
 82.8021 395.5948
 81.6621 395.5548
 80.8521 396.2148
 79.6221 395.7748
 79.6221 395.7748
 76.7521 399.1248
 76.0721 403.1348
 76.4721 404.3048
 74.8521 407.6448
 75.1421 410.9548
 76.7621 412.1548
 76.5321 413.1848
 77.6521 414.2548
 77.2521 415.3948
 75.4821 417.1648
 75.5021 418.2248
 74.2521 418.1448
 73.6421 419.2848
 74.5821 422.8148
 75.7621 422.7948
 76.6421 423.7048
 74.3421 425.0248
 77.0621 429.4648
 75.6721 430.8848
 75.7121 432.1648
 76.7221 432.3548
 77.4421 433.0748
 77.7721 434.6948
 79.3721 435.4548
 79.4821 438.5348
 80.8521 438.8148
 80.7321 440.8848
 81.2721 442.2948
 82.6121 441.8148
 81.7021 443.7748
 82.2021 444.1348
 83.6321 443.3548
 84.9121 446.1648
 86.3421 446.5648
 84.9521 446.9848
 82.9921 448.9748
 83.6221 449.7148
 83.6521 451.0248
 85.2621 450.9148
 85.2621 450.9148
 88.3321 451.1848
 90.6921 450.1948
 92.2421 451.7848
 93.5421 451.1848
 95.5821 451.2348
 97.9121 452.5548
 96.7521 459.5948
 97.7421 463.0148
 98.9021 462.9948
 97.0721 467.0148
 96.0021 468.0348
 95.6921 473.7648
 98.0221 474.8648
100.3521 478.0948
100.2221 481.4948
101.6921 481.9348
102.9421 481.5948
103.7321 482.6048
105.0921 482.9748
105.8921 481.9248
107.9121 481.4748
112.7321 484.6748
114.1221 483.6648
115.3421 484.2248
116.0821 483.5848
117.1621 484.4148
117.4021 485.4048
118.4221 486.1448
117.0021 488.3848
116.9621 489.5948
119.2821 498.1048
121.7121 499.2648
122.5921 500.9948
123.7921 500.7248
126.6121 502.3048
130.8421 501.9148
131.9521 500.5948
131.6621 498.7648
132.5121 498.3948
132.2121 497.4248
132.7321 496.1648
134.4421 496.5448
135.5121 495.5848
136.1421 496.3648
136.3221 498.2648
138.0021 498.2148
139.1521 499.1448
140.1321 499.0848
141.4421 500.7248
141.8621 502.3848
145.1321 503.2148
147.9621 505.0148
149.1721 505.4048
151.9621 504.5048
155.7321 505.4948
156.3921 504.6948
156.7621 505.1248
157.8121 504.5148
158.3321 509.4948
160.6521 511.8848
160.6521 511.8848
163.8621 511.6248
165.2521 512.3548
166.2021 512.2148
166.9721 511.5448
167.3221 509.7148
168.7021 509.5448
169.7621 508.3748
167.9221 502.9048
168.8721 501.5448
168.4121 498.6448
169.4321 496.9648
170.0721 493.5748
171.1921 493.0348
171.8521 491.4248
171.8621 489.9248
173.0021 487.6248
172.1521 485.6048
173.1621 483.7548
173.7721 480.5648
174.6021 479.6548
174.7021 478.0748
176.6821 475.9748
176.3021 475.3248
177.9121 473.8648
178.0821 472.9148
179.0521 472.6348
178.6221 470.5248
177.6521 469.7348
178.3621 469.4348
178.4421 468.6648
179.8521 468.3448
180.5721 466.0848
180.0221 464.8748
183.5621 459.7348
183.5421 457.9148
182.3221 456.2948

Bujumbura_Rural
292
166.3721 397.6448
168.1021 395.2248
168.1821 393.1748
170.1621 390.9748
171.3621 390.9248
173.0221 388.7548
174.1621 382.9348
176.6921 379.4948
176.8121 378.7248
175.7121 376.8148
173.8021 375.5548
172.7721 372.5748
175.2421 371.2548
176.4121 368.5248
180.4621 365.3648
182.2221 363.1148
183.3821 360.3048
184.2121 355.7848
185.1121 354.6048
185.1921 352.9648
186.2021 352.9548
188.6921 357.1448
192.4921 358.4848
192.4921 358.4848
195.3621 356.2648
195.7721 354.9948
194.4621 353.5448
193.0921 349.2048
191.9721 347.9248
192.7321 345.9248
191.5221 343.2048
191.7821 341.6648
191.2121 340.6448
192.0121 339.4648
193.4321 338.7348
194.1121 337.0448
193.7521 335.9848
197.8921 332.2948
198.1621 329.3848
197.8121 328.2048
193.3621 325.0148
192.2121 322.7448
192.4321 318.8548
191.9521 318.7148
192.1721 315.4948
191.4121 314.5748
191.5421 312.0648
195.0121 311.1148
194.3421 305.2548
193.3721 304.5248
190.0421 305.5748
189.3121 304.6748
189.5621 303.6848
188.9021 302.2848
188.2521 302.1348
187.4321 300.7148
187.4321 300.7148
185.9121 299.9248
184.4121 300.1848
181.4721 297.4548
182.0921 294.7948
181.7521 293.7448
180.4821 293.2448
176.5021 289.4648
175.8921 284.9348
172.0921 280.2148
171.1921 277.9048
171.2721 275.3548
169.9321 273.1948
170.2521 268.5048
169.1221 266.6448
169.4821 265.3048
168.4021 264.5848
167.7421 262.4248
166.8221 261.8248
164.3821 262.1348
164.1921 261.2248
163.1121 260.8948
161.8321 257.7348
162.4621 255.9148
164.0521 254.5648
163.3821 252.8748
163.7621 251.7948
163.1221 251.0548
161.4421 251.0548
160.8621 249.9648
159.3521 250.1548
158.0821 252.1648
156.7721 249.9048
155.2821 250.1648
155.4221 249.5848
154.2621 248.3448
151.3121 248.7648
151.0621 248.2448
149.2521 248.8548
148.7821 250.8648
147.9821 251.0548
146.7921 249.9748
145.7821 250.2448
144.0221 249.2548
142.9621 248.0448
142.7521 246.5748
142.0621 245.9748
140.6421 246.1648
139.8321 244.9848
138.9021 246.0248
137.7221 245.8848
137.4421 247.1448
136.9621 246.2548
135.3921 245.9348
131.9321 246.7848
127.9121 245.7848
126.1421 246.7648
116.9421 245.2348
115.4221 245.8048
113.3121 245.0148
110.1121 245.0648
105.5821 243.7148
103.4121 243.6148
103.4121 243.6148
102.8721 248.6648
103.9721 250.4948
106.1721 252.3748
106.1321 255.5148
107.2421 256.7848
108.6521 260.2548
108.4221 260.9448
109.9121 263.3048
110.0621 266.0848
111.9121 269.8448
111.2621 271.3648
112.6921 274.2748
113.5921 279.0048
113.4521 281.1448
115.1621 282.4648
114.6421 283.6748
115.7721 286.1748
114.7221 290.2948
113.6821 292.1548
113.7421 294.8648
115.3921 296.1448
115.9121 300.0848
113.8121 302.1548
113.9621 303.6648
112.0521 306.0048
112.3921 307.5448
111.7621 309.0048
112.6921 312.9248
111.6321 315.1748
114.2021 321.2748
112.5921 323.5748
110.7321 324.4048
110.8421 325.0748
110.8421 325.0748
111.7721 324.5548
112.7721 325.5048
113.8621 325.0348
114.9621 325.8748
116.0221 325.4048
119.4621 326.5248
120.7321 327.6048
122.4021 326.6048
124.3121 326.8248
123.5221 327.1948
122.8121 331.3748
124.0121 332.9848
124.2721 335.8348
122.4721 337.7648
123.6621 344.4848
127.6921 343.6748
131.3621 344.8348
131.6021 345.3348
130.1521 345.5548
128.6921 346.6348
126.6021 346.4448
127.2121 348.5848
126.5121 349.5748
128.2021 349.9048
126.7421 352.2348
126.7321 353.1348
127.3021 354.3548
129.1821 354.7548
132.8421 353.7148
133.6521 352.3848
133.6721 354.6648
132.9621 355.8048
133.9121 356.5848
132.7221 359.6848
133.5821 359.5048
135.1121 364.8448
134.5521 370.6548
136.2721 373.4148
139.3221 374.8648
139.0421 376.1148
140.6821 376.7948
140.9721 377.5248
138.1921 379.3248
130.0921 381.6248
126.0621 380.8748
121.7021 382.2548
118.8921 381.9848
114.7321 382.9848
113.4421 382.9848
109.4421 377.7348
106.9621 384.5848
103.0121 384.0048
104.9521 372.3048
104.3121 372.0448
105.0521 369.7348
 97.3521 370.8448
 95.4021 370.6148
 96.4121 369.7948
 96.4121 369.7948
 93.9721 367.3248
 95.0221 366.9948
 93.9721 365.9148
 90.2121 366.4848
 89.2721 367.3248
 88.6221 366.6348
 86.7521 367.2248
 76.2621 367.3748
 74.6821 367.9748
 81.6921 367.7748
 84.6421 368.3748
 85.6921 368.7748
 86.1721 369.9848
 86.1321 370.9248
 85.3621 371.5848
 82.8221 371.8048
 79.2321 370.9648
 78.0321 371.4248
 77.7421 369.7348
 75.5021 371.4248
 74.9721 371.0448
 73.6021 371.7548
 73.2021 371.2648
 71.9921 371.7548
 70.9821 370.7548
 70.1121 372.8848
 70.9921 374.5548
 72.2221 374.9448
 72.5921 375.7548
 71.6121 377.0048
 71.6721 378.9848
 70.2321 381.8648
 70.1521 386.5648
 70.6821 387.3448
 72.1521 387.4048
 72.9721 388.2848
 75.1021 388.4448
 75.4721 390.8448
 79.1021 393.1248
 78.5021 394.8848
 79.6221 395.7748
 79.6221 395.7748
 80.8521 396.2148
 81.6621 395.5548
 82.8021 395.5948
 82.6221 393.0348
 83.8321 392.8448
 83.7721 391.6548
 84.6321 391.3648
 86.4121 388.2848
 87.1521 384.2148
 89.3621 381.7148
 91.5621 380.6748
 92.5121 379.3248
 92.8321 380.5148
 95.9621 384.4148
 97.2221 387.6648
 99.3021 389.2448
100.7921 388.9748
102.6221 389.7748
106.6021 393.2648
107.4321 392.9148
109.1221 393.3348
112.3321 395.1748
113.0721 396.8048
114.5021 397.3548
137.3521 400.2748
138.2921 396.1648
137.9421 395.0348
142.1021 397.1848
143.4721 398.5748
146.6821 398.3648
149.3321 398.8548
152.3421 398.0548
154.1821 398.2248
155.9421 399.9348
156.9521 400.0748
158.3821 399.2948
159.9021 399.9048

Bujumbura_Mairie
85
110.8421 325.0748
110.0821 328.5348
110.6221 329.4548
112.1021 329.8548
113.9021 333.8948
113.6421 334.9748
114.2721 337.2148
113.5621 339.9848
114.7421 341.5748
114.8621 342.6148
113.0521 345.8348
113.4521 350.2348
113.7221 350.9148
114.6821 350.7248
115.5121 352.1948
115.0721 354.4248
116.0321 355.7848
115.9421 357.9748
113.1521 361.6748
111.8721 362.0648
112.8821 362.6948
113.0821 364.3948
112.0621 365.7948
109.3921 366.6948
108.6121 366.3048
107.8521 367.4348
102.6421 369.2148
 96.4121 369.7948
 96.4121 369.7948
 95.4021 370.6148
 97.3521 370.8448
105.0521 369.7348
104.3121 372.0448
104.9521 372.3048
103.0121 384.0048
106.9621 384.5848
109.4421 377.7348
113.4421 382.9848
114.7321 382.9848
118.8921 381.9848
121.7021 382.2548
126.0621 380.8748
130.0921 381.6248
138.1921 379.3248
140.9721 377.5248
140.6821 376.7948
139.0421 376.1148
139.3221 374.8648
136.2721 373.4148
134.5521 370.6548
135.1121 364.8448
133.5821 359.5048
132.7221 359.6848
133.9121 356.5848
132.9621 355.8048
133.6721 354.6648
133.6521 352.3848
132.8421 353.7148
129.1821 354.7548
127.3021 354.3548
126.7321 353.1348
126.7421 352.2348
128.2021 349.9048
126.5121 349.5748
127.2121 348.5848
126.6021 346.4448
128.6921 346.6348
130.1521 345.5548
131.6021 345.3348
131.3621 344.8348
127.6921 343.6748
123.6621 344.4848
122.4721 337.7648
124.2721 335.8348
124.0121 332.9848
122.8121 331.3748
123.5221 327.1948
124.3121 326.8248
122.4021 326.6048
120.7321 327.6048
119.4621 326.5248
116.0221 325.4048
114.9621 325.8748
113.8621 325.0348
112.7721 325.5048

Bururi
344
238.8121 269.3948
242.9821 269.5348
245.6921 268.5448
247.9021 268.8948
250.3521 271.8148
252.6621 271.2448
253.1321 269.8048
254.6921 268.0648
257.6721 266.4848
258.3421 264.5448
257.0821 262.2448
257.1521 260.4148
258.2921 259.6148
258.4521 258.7948
257.1421 256.2448
256.4421 252.5148
256.2321 247.3748
254.7721 241.3948
255.1921 239.4648
254.5121 236.7548
254.8321 235.2148
252.3421 232.1748
251.6721 226.9148
252.0321 224.9348
249.8621 221.3848
250.2421 219.0648
248.8621 216.5548
248.2721 214.1748
248.6221 212.8648
249.9721 212.3648
251.5421 213.0148
255.0521 211.7848
255.8921 211.9948
256.5421 213.0148
257.9521 213.1648
260.6321 216.5848
261.5221 218.7548
264.9721 221.7648
266.8421 225.9448
268.2221 227.6748
267.5121 229.3448
268.2321 229.9648
267.5621 230.5048
267.7821 231.5948
267.0921 231.9748
268.8421 233.0248
270.7921 232.8248
271.8621 234.1048
272.9421 240.5148
275.5121 244.8448
276.1921 244.6448
277.1721 245.3148
277.6721 245.2248
277.7321 242.7948
277.0721 239.4848
278.9821 238.2348
281.7721 237.6048
283.5821 235.8448
282.6721 232.6348
283.4821 231.4148
283.3421 230.3048
281.5221 228.2348
282.1021 226.6848
282.7421 226.2048
285.2621 226.6848
285.1321 223.2648
293.6221 220.5248
297.8321 220.6348
298.4821 220.1148
299.2321 216.5548
302.6621 215.7648
303.1821 214.2848
303.1821 214.2848
303.2321 213.6248
301.1821 213.0548
299.9821 210.4248
294.6121 207.0448
296.5521 204.6748
297.8921 203.9748
298.0921 203.3848
296.7521 201.8348
298.1121 201.1248
298.0321 199.7648
299.6721 195.4948
293.6221 194.4848
292.3621 191.4848
292.0921 184.5748
291.3621 181.9748
289.6321 181.5148
287.4021 178.3348
286.4421 173.1048
284.6221 169.0248
284.1721 168.6448
283.1521 168.9648
282.7821 167.1848
280.9321 165.2748
280.3721 163.0948
279.4821 162.8348
278.4521 160.9348
277.7921 156.3448
275.1721 154.9148
274.6921 152.9348
275.4621 149.9448
275.1721 148.7848
273.8021 147.4448
272.2621 144.2548
270.1321 142.5548
269.6621 141.4248
269.6621 141.4248
266.4521 144.2648
263.9821 150.1448
262.7021 150.1848
262.4821 151.2848
261.3621 152.0548
258.3621 150.6448
254.0221 154.1548
253.4221 151.9148
252.4021 151.2348
251.4321 149.1148
249.1221 148.3448
247.5221 149.1348
245.7021 138.1948
244.9821 136.2248
242.7721 134.0648
242.7121 133.4048
240.8221 133.6848
239.7121 134.6348
233.4921 133.5848
231.1621 131.2248
229.0121 130.5648
225.4521 132.0848
224.1821 130.9648
223.5521 129.4548
221.5221 129.5148
220.3621 128.2748
218.7221 128.2148
217.7721 126.7648
217.3821 124.7048
216.7621 124.5548
216.7121 123.0848
215.8621 122.5648
215.9821 121.9248
213.4821 118.4148
213.6421 117.8748
211.8721 116.4048
210.1821 112.3148
208.5521 110.8848
207.4821 111.1948
207.1521 110.2748
206.4521 110.0548
205.8721 107.9248
203.3921 107.3948
200.6421 104.5348
197.3921 104.4148
195.2821 105.1748
194.8121 104.8148
195.1621 104.1248
194.0821 103.2448
190.9321 103.8148
188.6921 102.6548
188.3621 101.9048
184.3321 103.6048
181.1621 101.3448
178.9021 100.4748
177.7621  97.7148
178.0821  95.1348
178.6321  94.8148
177.7521  92.0948
177.7521  92.0948
171.6821  95.7448
168.4921 100.1848
168.8121 103.0948
168.2821 107.5548
163.9721 116.4648
163.5821 119.5048
162.3521 121.1148
161.7121 124.1048
160.4121 126.0148
157.5121 128.5248
156.1821 132.6548
153.2021 134.1948
151.6421 141.0948
149.3321 143.5548
146.6521 149.3248
144.9921 150.9948
141.1621 152.5048
141.5421 153.8348
141.0921 156.3948
141.9521 157.4348
142.1321 159.2948
142.7121 159.1948
144.1821 161.9748
143.9221 163.7948
142.6321 165.8448
141.0221 167.1048
139.1321 167.2248
137.0321 168.6648
136.7821 169.4148
137.3821 170.3748
135.4621 174.5548
135.0321 178.2048
135.5021 179.7748
132.9621 183.2248
132.3821 187.0548
131.8421 187.8448
129.2121 189.0948
128.3421 192.0448
126.1021 195.2948
124.7721 198.7748
123.9021 199.4148
123.3021 201.0948
121.6521 201.8548
120.5021 203.5048
121.1221 205.3148
120.2421 206.4648
120.0621 208.2048
119.1721 208.7548
118.5221 211.6648
117.3821 212.8548
115.1721 213.9048
114.4021 215.7248
114.3221 216.5248
115.0521 217.3848
114.8021 219.4448
113.9321 221.8848
112.7421 223.1748
112.2721 227.2248
109.5321 230.4748
110.8321 231.9248
110.0421 235.8648
109.2621 237.0648
109.5321 238.0048
108.0621 239.5748
107.8321 240.7248
105.8721 241.8748
105.5921 242.7348
103.4121 243.6148
103.4121 243.6148
105.5821 243.7148
110.1121 245.0648
113.3121 245.0148
115.4221 245.8048
116.9421 245.2348
126.1421 246.7648
127.9121 245.7848
131.9321 246.7848
135.3921 245.9348
136.9621 246.2548
137.4421 247.1448
137.7221 245.8848
138.9021 246.0248
139.8321 244.9848
140.6421 246.1648
142.0621 245.9748
142.7521 246.5748
142.9621 248.0448
144.0221 249.2548
145.7821 250.2448
146.7921 249.9748
147.9821 251.0548
148.7821 250.8648
149.2521 248.8548
151.0621 248.2448
151.3121 248.7648
154.2621 248.3448
155.4221 249.5848
155.2821 250.1648
156.7721 249.9048
158.0821 252.1648
159.3521 250.1548
160.8621 249.9648
161.4421 251.0548
163.1221 251.0548
163.7621 251.7948
163.3821 252.8748
164.0521 254.5648
162.4621 255.9148
161.8321 257.7348
163.1121 260.8948
164.1921 261.2248
164.3821 262.1348
166.8221 261.8248
167.7421 262.4248
168.4021 264.5848
169.4821 265.3048
169.1221 266.6448
170.2521 268.5048
169.9321 273.1948
171.2721 275.3548
171.1921 277.9048
172.0921 280.2148
175.8921 284.9348
176.5021 289.4648
180.4821 293.2448
181.7521 293.7448
182.0921 294.7948
181.4721 297.4548
184.4121 300.1848
185.9121 299.9248
187.4321 300.7148
187.4321 300.7148
188.4921 299.1648
191.0221 299.0348
194.5421 297.6248
195.5221 298.2448
196.3721 297.9248
196.8521 295.7148
197.9221 295.1648
198.7721 293.6748
202.9521 291.2548
203.2321 284.8948
207.9521 279.0848
209.6421 278.3648
210.7121 278.5248
212.7421 280.2348
213.7021 280.1348
214.5521 279.2648
213.1221 277.4048
214.1921 275.7648
214.0521 273.2448
214.7121 272.3048
215.9521 272.3348
215.6021 271.3648
216.4221 270.0548
218.8921 269.8648
220.8621 268.6848
222.8421 268.8348
224.5721 269.8748
223.5721 263.9448
224.0421 262.2348
222.8621 260.7348
221.9521 260.5948
222.9921 257.2348
219.8321 252.5548
221.5321 247.3248
225.4721 248.9548
228.8321 251.9048
230.0121 252.0648
231.9321 254.2048
233.1921 257.5048
234.8721 259.1448
235.5921 262.2848
236.4621 263.0748
236.5221 265.2248

Cankuzo
273
541.0921 365.2848
537.3921 363.8048
535.8921 362.2848
533.1521 361.9348
530.5221 360.8048
527.3621 358.7448
526.7921 357.3148
521.9621 353.7848
521.3821 354.2848
522.3821 356.7248
521.8721 357.4148
522.2321 359.6948
521.5321 360.4948
521.8021 361.0948
515.3321 363.3748
512.2321 369.4348
506.4421 370.8248
503.0121 369.8548
502.7021 372.3248
503.2421 376.7948
507.4921 379.7848
509.8221 379.3848
510.5321 380.0248
506.9721 381.1748
506.6621 381.9848
504.1521 382.9348
503.6721 384.5448
501.0321 384.0948
500.7421 384.8748
498.4221 384.0948
498.6421 385.0348
496.6421 384.9848
495.0721 386.1248
493.6621 385.0948
492.3321 381.6748
491.5021 381.0848
488.1921 381.2348
486.7621 382.7748
483.8821 382.7148
483.0521 385.6748
479.7121 389.4548
480.4621 390.1248
477.7921 392.2248
479.0321 396.7448
478.7221 399.2548
475.1321 400.7248
472.3321 405.9548
468.3221 407.6048
466.1421 407.0448
465.4421 408.1348
464.1021 408.4948
462.3821 411.2148
458.9121 408.5448
458.6921 410.0548
454.6921 413.4448
454.6521 411.7648
454.1821 411.4148
451.6821 416.3748
447.6321 414.4848
442.4721 415.3148
441.1221 413.8848
438.6121 412.6048
437.3021 412.7648
435.6621 416.4048
435.9721 418.5548
437.3021 419.4748
436.8121 422.2848
436.8121 422.2848
437.3421 423.3448
438.4621 423.8448
437.7921 425.5848
438.5721 426.9048
440.9421 429.1148
444.3121 429.0548
444.4921 430.2848
443.9121 431.7248
446.7221 433.6348
446.7221 433.6348
449.9821 432.8648
450.6821 432.1648
451.6421 432.6948
451.9021 433.8348
450.9821 435.2248
451.3621 437.6248
449.8921 439.2448
451.8421 439.3048
452.4421 440.0248
452.2121 441.1148
455.1321 441.4048
456.2821 444.0048
457.0921 443.9148
457.6621 444.8648
457.4821 445.4648
456.1921 445.7548
456.7621 447.9148
458.3721 447.2448
459.4521 447.8148
458.9521 449.1548
456.9621 451.2548
456.2421 453.5948
455.3921 454.2348
455.4321 455.4348
456.9721 456.3148
456.7521 457.4148
457.7521 459.2948
459.8621 460.7248
462.2421 460.8348
463.1521 461.9248
465.7021 461.8648
465.8621 462.9148
464.9721 464.1448
466.9021 465.7748
467.8821 465.1148
470.3121 465.4748
470.9721 468.3548
470.1821 471.0048
470.8921 472.0748
469.4021 475.8148
470.9321 477.2348
471.4621 478.6348
472.9721 478.4848
472.8321 479.7948
473.5821 481.1648
473.2721 482.4248
474.8721 483.4948
475.6421 483.1248
476.5121 484.3348
477.1121 483.0148
478.5721 483.8348
478.6421 486.4948
478.0921 486.9948
478.4921 488.6948
481.0321 488.4748
482.1721 487.0748
482.9821 486.9748
483.4421 488.1148
483.8721 487.7548
485.7821 488.2148
485.9721 488.9848
487.5321 489.6448
487.8321 494.4848
488.8121 495.0348
489.0121 495.8048
491.6221 496.3248
491.5521 497.2148
490.0121 499.2548
492.6921 500.4148
492.1521 501.4048
492.1521 501.4048
494.1021 501.4448
498.2221 499.8648
501.6721 503.0048
503.9321 503.5848
506.9121 507.2848
509.4521 506.5448
514.0121 513.5748
518.0221 517.3348
517.8121 518.9648
520.9221 519.6548
522.1921 519.2248
523.4021 517.4048
523.5821 515.7548
525.3921 515.3048
525.6821 513.2848
528.1921 512.7748
529.4921 509.9048
531.5421 510.4448
533.7921 508.9048
536.0421 508.6048
539.9921 504.8748
543.0121 500.9748
545.1621 499.7748
544.7521 494.7048
546.0221 492.4248
548.1821 491.5248
550.4921 488.3548
552.7521 486.5848
555.7521 488.5648
557.7521 490.4648
557.8621 491.4648
560.4121 493.2448
562.0821 493.1648
564.1921 494.3948
565.7021 493.8648
567.7421 491.0848
567.3221 490.8848
568.8421 489.6848
569.6021 489.8648
571.3721 487.7248
573.0721 487.9648
575.2621 487.4348
577.0321 485.6348
578.3621 485.3048
584.1921 486.7348
586.2821 486.0748
590.5721 487.7048
595.9321 488.2348
596.5821 488.7748
597.6421 488.4148
600.3421 490.5548
604.5721 490.9648
607.8321 492.4148
608.7821 492.3448
609.6821 491.3448
610.4521 491.7648
612.2521 491.1248
610.7721 489.8348
610.2421 488.3148
609.0421 487.9848
607.9621 485.5848
608.2821 484.9648
604.4321 480.7348
603.0121 476.6248
601.2521 475.1048
601.6821 473.9148
600.5621 470.2648
594.0721 466.5348
596.1421 463.4348
596.3221 461.9448
598.7121 460.6248
600.2421 457.6448
605.4621 456.7348
607.7021 453.2548
606.3621 450.3048
606.3321 447.6348
606.8921 446.6848
605.4721 442.7548
605.6321 441.9548
604.0321 438.5448
601.5421 436.0648
602.7121 434.9148
606.9521 437.2848
610.7921 430.8748
611.0721 429.9948
608.3021 420.9648
611.5721 416.2448
609.3121 416.1148
604.8321 413.8148
602.5221 414.1048
600.7821 412.3048
600.0721 410.5948
602.5521 406.1848
602.5821 405.1048
604.2121 403.1848
607.9721 401.0648
609.7921 400.7748
605.3121 397.6248
601.2021 396.6948
599.2921 395.3148
596.5021 394.4248
594.9821 392.5548
588.9221 391.5048
587.1721 390.3348
584.3621 389.4848
583.3521 388.4248
581.6421 388.0948
578.2921 390.0348
577.2621 395.8748
575.2121 395.9948
572.5821 394.0548
572.5421 389.9348
570.3421 387.2448
569.5421 384.9948
567.3121 384.2348
565.0221 382.4948
563.4521 382.3948
557.7221 379.9648
554.1421 378.9748
551.7821 379.2448
549.8321 376.3648
549.6521 375.1148
545.6821 371.1748
545.3521 369.9548

Cibitoke
348
142.4921 548.7848
143.5221 547.6048
143.0321 547.0348
143.2221 545.8548
144.6721 545.4948
146.7721 546.2148
150.0321 541.2948
149.6721 537.5148
151.3121 535.3548
150.6621 533.9848
151.2821 530.8348
152.5621 528.3248
154.7021 526.1948
153.7521 524.1948
154.1821 522.5048
155.1021 522.2748
156.5421 520.5648
156.9721 516.4748
158.6621 515.3248
160.6521 511.8848
160.6521 511.8848
158.3321 509.4948
157.8121 504.5148
156.7621 505.1248
156.3921 504.6948
155.7321 505.4948
151.9621 504.5048
149.1721 505.4048
147.9621 505.0148
145.1321 503.2148
141.8621 502.3848
141.4421 500.7248
140.1321 499.0848
139.1521 499.1448
138.0021 498.2148
136.3221 498.2648
136.1421 496.3648
135.5121 495.5848
134.4421 496.5448
132.7321 496.1648
132.2121 497.4248
132.5121 498.3948
131.6621 498.7648
131.9521 500.5948
130.8421 501.9148
126.6121 502.3048
123.7921 500.7248
122.5921 500.9948
121.7121 499.2648
119.2821 498.1048
116.9621 489.5948
117.0021 488.3848
118.4221 486.1448
117.4021 485.4048
117.1621 484.4148
116.0821 483.5848
115.3421 484.2248
114.1221 483.6648
112.7321 484.6748
107.9121 481.4748
105.8921 481.9248
105.0921 482.9748
103.7321 482.6048
102.9421 481.5948
101.6921 481.9348
100.2221 481.4948
100.3521 478.0948
 98.0221 474.8648
 95.6921 473.7648
 96.0021 468.0348
 97.0721 467.0148
 98.9021 462.9948
 97.7421 463.0148
 96.7521 459.5948
 97.9121 452.5548
 95.5821 451.2348
 93.5421 451.1848
 92.2421 451.7848
 90.6921 450.1948
 88.3321 451.1848
 85.2621 450.9148
 85.2621 450.9148
 83.8021 451.2048
 81.6521 452.9248
 84.0421 453.2548
 83.4021 454.9148
 85.0621 455.4448
 85.3321 456.8748
 83.8221 458.7648
 84.5021 459.4248
 85.2021 458.8148
 84.5521 460.0248
 85.8721 462.0148
 84.6321 461.9848
 84.5521 462.8848
 82.7521 463.7748
 82.7121 464.6848
 84.3621 465.0548
 83.3921 466.2248
 84.1621 467.2048
 79.3921 470.7348
 79.9221 472.3748
 77.4721 472.6448
 76.6721 473.6548
 78.0621 474.8448
 78.1921 476.0248
 75.8621 475.7448
 74.5221 477.6048
 72.9021 476.7948
 71.2621 477.2248
 68.8321 476.9748
 67.9821 477.4948
 67.5721 476.8248
 66.6621 477.1248
 64.7921 479.0548
 63.9521 481.4348
 61.3421 481.4048
 60.8521 483.1648
 61.3821 484.2148
 58.7821 486.9748
 57.8121 485.8048
 56.4721 485.2948
 55.6521 485.5648
 54.9921 486.7148
 56.8321 490.2748
 54.9621 493.8948
 55.9321 494.9148
 55.0821 496.0648
 55.6321 497.6548
 53.4621 498.6148
 53.1321 499.7048
 52.4421 499.3848
 51.3721 500.1848
 51.4621 501.0148
 50.6621 501.8648
 49.9621 501.0848
 47.3121 501.8648
 46.3321 504.1248
 43.8621 505.4448
 42.6421 507.4048
 40.5821 507.1148
 37.2821 508.8648
 36.5021 509.8348
 35.7721 509.8948
 34.7321 508.9648
 33.6621 509.4048
 33.2421 510.4848
 32.1321 510.5148
 29.5321 516.8548
 29.8221 520.5048
 31.2821 523.0948
 30.8721 525.1448
 29.9221 526.8048
 28.5721 526.0648
 27.7921 527.2948
 25.6621 527.9348
 25.0921 529.1948
 23.0921 529.0448
 22.6121 530.3348
 23.4021 531.2048
 21.8621 532.3548
 22.8921 533.9048
 22.3021 535.1648
 21.4021 535.0448
 20.1621 536.1948
 20.3921 537.6348
 19.8621 538.8748
 18.9821 540.4748
 17.2721 541.4848
 16.7221 543.6148
 15.4421 543.7548
 13.4121 542.3648
  9.3321 541.4448
  7.6421 543.1048
  5.6921 542.9148
  3.6421 543.7048
  2.1121 544.7248
  0.7121 546.8348
  0.2521 553.4648
  0.9621 556.3648
  2.5721 557.2048
  4.0221 559.1548
  6.2921 560.3248
  8.9821 563.3848
 10.7321 563.8848
 12.7921 563.3448
 13.8921 571.8348
 13.5821 573.6848
 14.0521 573.8248
 13.6221 574.2848
 14.4821 575.4148
 14.9221 575.0648
 15.5221 576.4848
 18.3821 579.5648
 18.2621 581.0848
 16.8421 581.5248
 16.4121 582.4648
 17.3221 583.6448
 16.6821 585.4448
 18.1621 585.6348
 18.0421 586.6948
 17.2421 586.5048
 15.7321 587.3548
 16.3221 588.2248
 17.2821 588.0048
 18.6621 588.7048
 18.9721 590.3548
 18.8221 590.8448
 17.1921 590.8148
 16.5721 592.0848
 15.3821 592.6548
 16.2821 593.4848
 15.8721 594.8148
 17.2921 597.4848
 18.0521 597.4548
 18.0821 598.9048
 18.9721 598.7448
 20.2021 599.6548
 19.7921 599.6848
 19.6721 600.9648
 17.8121 602.8148
 18.0521 605.2348
 17.3221 607.8748
 17.6421 609.7548
 19.3221 610.3648
 19.2321 612.5948
 20.5721 615.4748
 24.0521 614.9548
 26.9021 617.7348
 29.0521 618.7548
 30.8821 618.9448
 32.0521 617.2748
 36.1521 617.9348
 37.4121 617.0548
 38.5221 617.2048
 38.5321 616.4648
 39.8821 615.8348
 40.4121 614.9148
 41.2721 614.8748
 41.4121 613.5848
 42.4421 612.8048
 44.7521 614.6248
 46.1121 614.2848
 46.7521 614.8148
 46.0321 616.5148
 47.9721 617.8748
 49.0421 617.8348
 49.1721 618.8148
 49.8121 618.9948
 50.3521 617.5648
 50.9821 617.9348
 51.7121 617.2448
 54.0521 617.7348
 54.0521 616.1548
 56.0921 615.1348
 56.2121 613.8048
 57.1121 613.6248
 57.8521 612.6648
 57.9521 610.9448
 60.4821 611.5648
 60.8521 612.4348
 62.0321 612.8348
 62.7321 611.6948
 61.8521 610.9148
 65.5521 610.3048
 67.5921 611.1148
 69.3721 608.7948
 70.6921 609.2248
 71.6121 607.7448
 72.7221 607.4548
 73.0221 605.5748
 73.8921 605.6948
 73.8921 606.6248
 75.0621 607.7748
 76.4421 606.5848
 77.9521 607.0448
 78.1021 608.0948
 79.2721 607.1848
 79.5321 608.0448
 80.9621 608.5848
 81.4321 607.9248
 81.9521 608.8648
 82.9821 607.2048
 83.9321 608.5248
 87.2021 610.1248
 88.0021 610.0348
 88.9121 608.2848
 91.4421 608.6948
 91.9621 607.8448
 93.4721 607.5348
 94.3221 605.7648
 97.4721 602.7948
103.3321 601.3748
105.9721 598.8948
107.5421 599.1248
109.2021 597.0648
109.0921 596.3648
110.2521 595.2348
110.2021 593.9348
111.1221 593.0948
111.0221 591.5948
109.1521 588.9448
108.5021 586.8048
109.1821 586.0748
110.6521 586.5048
111.7421 585.4748
112.5021 583.4348
114.0521 582.3148
115.9321 582.9448
116.2321 579.0048
115.3021 577.6748
115.2921 576.6448
115.7721 575.2648
116.5021 575.1448
116.3121 572.1548
116.7521 571.5848
113.0221 568.8648
110.9221 568.3548
110.5221 567.4448
113.0921 565.8048
112.1021 562.0648
114.0421 561.8048
115.0421 560.4848
116.1821 560.8448
115.3621 557.9748
117.2321 555.8648
118.2821 552.4648
117.4821 551.1348
116.5721 550.7348
116.6521 549.0048
118.9321 546.6948
119.9421 544.2248
119.5221 542.5548
120.8621 541.3048
120.0821 539.5548
121.7521 539.8348
122.8521 537.2748
124.6321 537.8348
124.5221 539.8448
125.7221 540.0648
127.3121 543.1248
128.6421 543.6048
128.9121 544.2548
131.0221 544.9448
131.2721 543.9648
132.3421 543.1748
134.9321 545.5148
136.5121 545.6448

Gitega
466
306.3221 455.6548
305.9721 452.7148
304.4021 452.4048
302.5421 450.4048
301.8921 446.0948
302.6921 444.9348
301.6521 443.5448
300.7821 443.8848
300.0421 442.0548
300.7121 441.1448
299.7021 440.7648
296.8221 436.8848
297.1721 435.0948
298.2921 434.7748
297.5321 433.4748
298.5921 430.7748
298.2421 429.3148
298.9221 426.0048
301.5921 424.7748
302.2521 425.0748
302.9321 424.1348
303.7921 424.3848
303.9321 423.9848
305.2021 424.8748
305.7721 424.5148
307.7121 425.9948
307.5021 426.7348
308.9121 427.1748
309.9321 428.2048
310.8421 430.0948
312.5121 429.6048
312.0021 431.6548
312.8421 432.9848
317.9521 431.8548
318.9221 429.1248
319.4021 429.5248
319.1221 428.5648
320.8921 425.7248
322.6121 424.2348
324.3121 420.1248
328.7821 416.4248
329.9121 416.8448
329.3821 415.6548
329.5621 413.3948
330.8821 410.7548
332.5621 411.0748
335.2721 410.5648
335.5721 410.3448
334.7421 409.5948
336.9921 407.4948
338.6021 406.9248
337.4021 406.6948
336.4021 405.0348
337.5321 404.6348
337.6621 403.5248
338.2221 404.2348
340.4121 402.0648
340.2121 401.1148
339.2921 400.8648
339.2821 399.9848
338.3021 399.8948
338.1721 399.3148
338.4221 398.3448
339.7221 398.0048
339.3821 395.1348
338.7921 394.7148
339.5721 393.3348
338.5121 391.0248
339.7621 389.2048
339.2121 389.4448
335.2921 386.5548
335.4321 385.2948
332.7021 383.3048
332.7821 382.0148
331.9421 381.7448
331.1621 382.7248
330.9221 380.5648
331.7621 377.7848
330.5721 375.9348
330.4821 373.7348
329.9221 372.8048
328.6321 372.9448
328.0921 369.6248
326.0221 370.3748
324.7821 368.2748
325.9021 366.0348
328.7521 365.0048
329.0021 363.5048
331.6221 362.7848
331.9521 361.6448
333.5621 360.2548
333.6121 359.4848
334.4621 359.5648
334.2821 355.9148
335.4521 354.7448
338.4821 355.4948
338.3521 356.8648
337.3821 357.0148
337.6021 357.3448
340.3221 359.6948
344.8221 361.9048
344.8221 361.9048
344.7221 360.7248
346.2721 360.7148
346.3321 359.8048
345.7421 359.3548
346.3921 359.0748
346.1621 357.4648
347.1021 357.0048
346.7921 355.6748
349.8621 353.9948
349.5121 351.8148
350.1621 350.2848
351.1921 350.3648
351.4921 349.1548
352.5721 348.6948
352.8121 347.6548
357.2821 344.5648
357.7621 342.3748
358.3221 342.1448
357.4721 340.6548
356.6921 340.5348
354.6321 338.6048
352.9821 334.8548
353.2721 333.8948
352.3821 331.5648
352.7921 330.7248
351.1721 329.8648
350.0721 327.9848
349.5921 328.2748
349.0521 327.6848
353.0221 321.8248
353.6521 318.8148
353.3621 317.2448
354.6521 315.3148
354.1021 314.4748
354.3621 313.9748
356.3921 312.6248
358.7121 309.6948
359.2521 307.5548
357.7021 306.5448
358.2221 306.4648
357.7521 304.2048
358.6221 302.5548
358.5521 301.4848
359.6921 300.3148
359.9221 298.7248
363.0321 295.2048
362.3221 292.7448
363.5321 290.5648
364.7621 290.3548
364.3521 289.1848
365.4821 288.8348
365.1821 284.9848
365.6921 283.4748
363.5321 280.5448
363.7121 279.7448
363.0821 278.8548
363.4821 275.9048
363.4821 275.9048
363.0821 275.3348
363.5921 274.5148
361.4021 271.1748
361.7121 265.5048
357.7621 263.4548
356.1721 259.5948
354.5721 258.4948
354.7021 257.2148
353.3821 256.7048
352.8821 254.3548
350.7621 252.7248
351.0121 251.9348
350.3421 250.8048
347.6721 250.2848
346.4221 250.9348
344.4121 250.0548
341.7921 250.2048
341.7221 249.1548
341.0121 248.5148
338.4821 247.9348
337.6821 246.9248
331.8521 245.9248
328.2021 242.9448
328.0321 241.0348
325.4821 239.3448
322.3221 236.0348
322.6421 234.7048
324.9321 234.0448
330.2721 230.8448
330.0421 229.7048
327.8021 228.4648
325.1121 228.4948
321.4021 225.9748
318.7021 225.3948
318.2121 224.6948
317.1421 224.7848
315.8921 223.5348
314.3321 223.6448
314.1221 222.7948
313.4221 222.5948
312.9921 220.4848
313.5421 219.7848
312.1021 218.4648
311.8821 217.1148
309.9221 214.5348
313.3821 211.4648
312.9521 208.2548
313.7121 207.4448
312.6221 206.1848
311.4321 206.1748
309.4721 207.7348
307.8821 207.2948
306.1721 208.1548
303.5621 212.0548
303.7321 214.1948
303.1821 214.2848
303.1821 214.2848
302.6621 215.7648
299.2321 216.5548
298.4821 220.1148
297.8321 220.6348
293.6221 220.5248
285.1321 223.2648
285.2621 226.6848
282.7421 226.2048
282.1021 226.6848
281.5221 228.2348
283.3421 230.3048
283.4821 231.4148
282.6721 232.6348
283.5821 235.8448
281.7721 237.6048
278.9821 238.2348
277.0721 239.4848
277.7321 242.7948
277.6721 245.2248
277.1721 245.3148
276.1921 244.6448
275.5121 244.8448
272.9421 240.5148
271.8621 234.1048
270.7921 232.8248
268.8421 233.0248
267.0921 231.9748
267.7821 231.5948
267.5621 230.5048
268.2321 229.9648
267.5121 229.3448
268.2221 227.6748
266.8421 225.9448
264.9721 221.7648
261.5221 218.7548
260.6321 216.5848
257.9521 213.1648
256.5421 213.0148
255.8921 211.9948
255.0521 211.7848
251.5421 213.0148
249.9721 212.3648
248.6221 212.8648
248.2721 214.1748
248.8621 216.5548
250.2421 219.0648
249.8621 221.3848
252.0321 224.9348
251.6721 226.9148
252.3421 232.1748
254.8321 235.2148
254.5121 236.7548
255.1921 239.4648
254.7721 241.3948
256.2321 247.3748
256.4421 252.5148
257.1421 256.2448
258.4521 258.7948
258.2921 259.6148
257.1521 260.4148
257.0821 262.2448
258.3421 264.5448
257.6721 266.4848
254.6921 268.0648
253.1321 269.8048
252.6621 271.2448
250.3521 271.8148
247.9021 268.8948
245.6921 268.5448
242.9821 269.5348
238.8121 269.3948
238.8121 269.3948
238.8121 269.3948
238.8121 269.3948
237.5521 271.1548
237.7521 271.9848
239.6621 273.8048
241.5121 274.5948
244.0221 278.2548
246.7221 280.0548
247.8321 279.7448
249.0521 280.6048
249.9121 280.2048
252.6121 280.8848
254.2021 280.3848
255.2621 280.9448
257.1621 280.1548
257.2921 280.8948
258.7121 281.5548
259.1821 280.3348
260.3921 280.8148
262.3321 278.2348
265.9221 278.0048
266.3221 280.7848
263.7221 281.9248
263.6821 284.5348
262.0721 285.3048
261.7021 286.0648
262.3121 286.5448
262.1921 287.2248
261.7421 287.2548
260.9021 290.9448
260.1121 290.9248
259.7121 292.1348
260.2721 293.3248
258.8421 294.2248
257.7221 296.5048
256.9721 296.8248
254.7021 300.1048
255.4221 304.8748
256.9121 306.3448
257.8621 306.4048
258.2121 308.1948
261.0721 308.0448
261.0221 309.1148
262.0721 309.8448
261.8321 310.5448
262.9121 310.2348
263.2721 310.7848
262.8121 311.3948
263.7121 311.7748
264.5421 311.1148
266.3921 312.5548
272.2421 310.3648
272.3221 310.9448
274.0021 311.9948
275.5721 311.5848
276.3021 312.1648
278.0421 311.9548
278.1821 313.5948
280.9621 315.3348
280.6021 315.2648
281.6221 317.3248
281.5221 319.8748
282.1721 322.2148
281.7221 323.0848
281.9321 325.3048
283.7921 325.3948
282.9321 326.3348
283.5521 327.2948
282.2521 327.5848
282.4921 328.8848
281.6921 329.7848
283.3621 331.2948
282.9121 333.4248
283.4921 333.5948
283.5621 334.9148
285.2121 335.2248
283.4821 336.4548
283.3721 336.8448
284.7521 337.1448
283.4621 338.2348
284.7521 339.2648
282.3721 341.3748
282.3821 342.1448
283.9921 344.6148
283.7921 345.9648
284.7421 346.3548
284.2921 347.2448
284.6321 349.0048
285.8021 349.9248
287.3721 349.6948
288.3121 350.1448
288.5521 349.7148
289.6221 351.2348
289.0421 351.9448
287.3921 352.3648
289.1921 353.3348
288.6621 355.4548
283.1921 357.8748
283.6621 358.9248
281.9721 360.0448
281.8121 360.7948
279.5521 361.0648
278.3921 360.2648
277.4221 361.3548
275.2821 361.3748
273.2821 363.7148
273.9421 365.7948
275.6621 365.9948
276.4421 367.4048
276.1921 368.2748
277.4021 368.8548
277.2421 370.6048
278.0721 370.8648
277.7321 371.2648
278.1421 371.9148
274.5521 375.1548
274.6121 376.1848
270.9221 378.3348
270.5621 379.1948
270.9521 380.0948
270.0421 382.2748
264.7121 382.1748
263.4421 385.4648
262.6821 386.1048
260.4821 385.6548
259.2621 386.3648
259.2621 386.3648
258.2421 389.4448
260.8521 392.0048
260.7921 392.5648
263.6121 394.2748
264.7721 396.2848
268.0521 399.3048
268.1221 400.7448
269.2321 402.9648
270.6121 403.4048
270.7821 404.2548
273.8021 406.3148
275.5821 405.5048
275.7621 406.2948
276.4321 406.0348
277.2921 406.5548
278.6221 406.0048
279.9221 406.2148
281.3521 406.8448
281.9421 407.7348
277.2021 410.6448
272.2521 411.3048
267.5221 417.2548
267.7521 419.8148
267.7521 419.8148
269.0321 424.4648
274.6521 429.1048
278.2421 433.5748
281.2221 434.8648
281.6821 436.9548
281.5821 442.8948
279.7021 442.3148
276.1921 444.7448
274.0721 445.2348
273.8221 446.9548
273.0521 447.3348
272.2521 449.2748
272.2921 452.2848
274.7521 453.7648
280.0221 460.7548
282.0421 461.9148
283.2921 463.8248
285.4221 464.2248
285.4221 464.2248
291.2821 465.0748
293.9521 463.7448
294.6521 462.7448
297.7321 462.5948
300.2221 459.4248
301.8621 455.7448
304.4921 456.5048

Kirundo
166
454.1621 696.5848
454.9221 685.9748
458.0921 680.3648
458.2421 677.5548
460.4321 675.4248
462.2121 668.1648
466.5821 664.1348
468.7321 659.9148
468.2821 655.2048
462.6821 649.6348
463.4421 644.8648
469.2321 639.1848
466.2621 634.6248
465.7721 632.8248
466.0121 630.9948
467.0421 628.8348
465.5321 622.6648
463.3821 617.8748
462.0921 616.5948
459.5621 616.8248
455.2421 616.1348
451.5821 616.8048
449.4221 616.2048
445.7521 611.5948
444.6921 607.7348
443.6421 606.2148
442.4121 605.3348
439.6021 606.1148
437.4321 605.1748
434.5821 599.5448
431.6721 597.5248
430.6721 595.7148
427.1521 592.7148
423.1221 586.4148
420.4321 585.5948
418.0321 590.6148
413.4621 589.8948
406.8321 587.2148
403.5021 584.3648
402.4021 584.8148
393.8121 576.3648
390.7521 574.3648
387.6221 571.1148
384.3221 572.1248
382.1221 574.2448
379.8921 573.9248
377.8221 568.4848
373.9621 564.3948
374.0721 561.6248
370.2221 556.7748
367.1821 557.0848
364.0721 559.8348
363.0821 559.9148
356.4921 555.7448
356.4921 555.7448
353.4421 555.3948
351.4021 555.8148
351.9021 558.8048
350.5421 560.2348
349.5321 562.8748
347.9521 563.4348
347.1121 564.7648
348.4421 566.9448
348.1321 567.7148
347.0521 568.9448
344.2721 569.6948
338.1521 574.4148
334.1621 576.7048
334.5021 577.3648
336.5421 578.0148
337.6421 580.0948
333.4521 585.4348
332.9421 586.4048
333.3221 587.1448
330.0921 586.0548
330.1021 589.1348
329.2621 590.2148
325.7221 591.6848
322.5821 592.1648
321.6621 593.8448
318.9321 595.7548
313.9421 597.6148
308.7821 596.7948
308.0021 597.8748
308.0021 597.8748
309.5821 602.3548
309.1721 603.3448
307.7721 604.0148
307.1421 605.0348
307.9721 608.4748
307.6421 613.1548
308.1721 619.5348
307.5321 622.0748
306.1221 623.3948
306.4821 624.0648
304.8621 627.3048
304.6021 629.9848
305.9221 631.5148
306.4021 633.1448
307.4821 633.8948
307.4221 635.6348
309.0921 637.8748
309.4621 640.6448
309.0121 642.3548
309.8621 642.7648
310.5221 644.0748
310.2821 645.0848
311.7821 649.4048
314.5321 650.3548
316.2721 652.5248
318.7421 652.5548
320.0421 653.7248
320.4021 656.7848
319.7421 658.3648
320.9821 661.6348
320.1921 662.9948
320.2721 664.3848
319.3721 665.4348
320.0721 666.6048
318.3721 669.8948
317.8921 673.6248
318.2121 676.9948
315.8821 682.6948
315.7921 685.2948
314.4221 688.5148
312.3121 690.6048
312.0521 691.6248
312.3321 693.7848
316.4521 698.5048
315.9521 701.7548
316.2221 705.1048
317.2021 705.7448
324.8621 703.0548
330.2621 700.2448
336.7221 700.4448
341.1921 698.7648
345.0121 695.8748
347.6621 692.5248
352.1121 683.7848
362.7421 674.3148
366.7821 673.0248
372.4221 669.7348
374.5421 669.3548
377.7421 669.7648
380.5921 671.2748
382.5721 671.3048
386.0721 673.1048
390.3121 671.9448
391.8121 672.5848
395.7521 678.2148
396.7321 682.6648
396.3321 684.2348
396.7921 686.0048
399.0221 686.3848
401.4521 687.6648
401.8621 691.6448
403.0921 692.8648
403.4821 696.3948
405.0321 698.3148
407.6821 698.1248
409.3721 696.3148
411.9421 694.9748
413.1921 693.7248
413.8721 691.2348
414.6621 690.8048
422.9021 689.9648

Karuzi
281
446.7221 433.6348
443.9121 431.7248
444.4921 430.2848
444.3121 429.0548
440.9421 429.1148
438.5721 426.9048
437.7921 425.5848
438.4621 423.8448
437.3421 423.3448
436.8121 422.2848
436.8121 422.2848
435.2321 422.3648
432.8021 420.4348
430.1921 421.3648
429.8021 420.3548
430.0521 416.7548
426.6121 415.9648
422.6621 411.9648
420.1421 410.5948
417.5621 407.0748
416.3621 406.6148
416.2921 404.3848
414.5321 403.8348
412.7921 401.7648
413.7321 400.7148
413.2121 399.1848
412.4521 399.2148
411.8921 397.7948
407.3021 392.7448
408.4721 390.9748
408.9821 388.1548
406.7221 387.3048
406.3421 388.0148
405.8721 387.6148
405.2321 388.5048
403.0121 389.2348
402.6121 388.8248
403.4021 386.4648
403.3421 384.4048
401.7321 383.4748
401.3421 382.6248
400.7421 383.4548
399.2021 383.8448
398.0821 382.4548
396.8621 382.4848
394.8921 380.5948
395.6621 378.7348
395.7621 376.8948
395.2821 376.5548
393.7621 377.1448
393.5521 376.6048
390.2221 376.0248
389.2421 376.6248
388.6721 378.7648
385.6021 378.9748
385.3521 377.5448
386.4421 376.6648
387.5521 376.8748
387.8021 375.7648
387.1321 375.2648
383.8721 375.7448
383.4021 374.8448
384.0321 373.4248
383.7921 372.5448
381.2921 374.4148
379.7421 374.3848
379.3121 374.8548
378.9321 373.7348
375.7221 372.0148
375.1121 372.1148
374.6521 373.3548
373.7221 373.0548
373.9521 371.5848
372.8121 370.2948
369.2021 373.0248
367.4221 372.2548
365.4921 372.7348
366.5121 371.7448
365.3221 369.6048
364.4321 370.5148
362.1121 371.0948
360.1721 369.7448
358.5021 370.2048
356.3621 368.4648
351.4421 367.9948
351.1721 368.9648
350.2321 368.8648
350.6721 368.0348
349.8621 366.3048
350.0021 364.4748
348.5021 363.9648
346.4721 364.9948
346.0621 362.3748
344.8221 361.9048
344.8221 361.9048
340.3221 359.6948
337.6021 357.3448
337.3821 357.0148
338.3521 356.8648
338.4821 355.4948
335.4521 354.7448
334.2821 355.9148
334.4621 359.5648
333.6121 359.4848
333.5621 360.2548
331.9521 361.6448
331.6221 362.7848
329.0021 363.5048
328.7521 365.0048
325.9021 366.0348
324.7821 368.2748
326.0221 370.3748
328.0921 369.6248
328.6321 372.9448
329.9221 372.8048
330.4821 373.7348
330.5721 375.9348
331.7621 377.7848
330.9221 380.5648
331.1621 382.7248
331.9421 381.7448
332.7821 382.0148
332.7021 383.3048
335.4321 385.2948
335.2921 386.5548
339.2121 389.4448
339.7621 389.2048
338.5121 391.0248
339.5721 393.3348
338.7921 394.7148
339.3821 395.1348
339.7221 398.0048
338.4221 398.3448
338.1721 399.3148
338.3021 399.8948
339.2821 399.9848
339.2921 400.8648
340.2121 401.1148
340.4121 402.0648
338.2221 404.2348
337.6621 403.5248
337.5321 404.6348
336.4021 405.0348
337.4021 406.6948
338.6021 406.9248
336.9921 407.4948
334.7421 409.5948
335.5721 410.3448
335.2721 410.5648
332.5621 411.0748
330.8821 410.7548
329.5621 413.3948
329.3821 415.6548
329.9121 416.8448
328.7821 416.4248
324.3121 420.1248
322.6121 424.2348
320.8921 425.7248
319.1221 428.5648
319.4021 429.5248
318.9221 429.1248
317.9521 431.8548
312.8421 432.9848
312.0021 431.6548
312.5121 429.6048
310.8421 430.0948
309.9321 428.2048
308.9121 427.1748
307.5021 426.7348
307.7121 425.9948
305.7721 424.5148
305.2021 424.8748
303.9321 423.9848
303.7921 424.3848
302.9321 424.1348
302.2521 425.0748
301.5921 424.7748
298.9221 426.0048
298.2421 429.3148
298.5921 430.7748
297.5321 433.4748
298.2921 434.7748
297.1721 435.0948
296.8221 436.8848
299.7021 440.7648
300.7121 441.1448
300.0421 442.0548
300.7821 443.8848
301.6521 443.5448
302.6921 444.9348
301.8921 446.0948
302.5421 450.4048
304.4021 452.4048
305.9721 452.7148
306.3221 455.6548
306.3221 455.6548
306.8921 455.5548
307.4321 456.5448
308.8021 457.2648
310.7221 457.7548
310.8021 460.3748
309.7121 462.6148
311.0021 464.6048
311.4421 464.3448
314.0521 465.6448
317.7221 464.9748
320.2121 466.5248
320.3921 468.5148
322.9121 472.6748
323.5521 475.2448
325.9721 478.3648
326.0721 480.6048
327.2821 481.8248
330.4121 482.9548
333.5121 485.2748
336.1221 489.1148
337.6921 489.4348
339.8721 488.1648
342.4421 487.9548
344.0421 488.3048
347.2321 491.1348
352.9921 490.2148
354.4621 490.7748
357.4321 490.6848
360.8221 492.1448
364.2821 495.4248
371.2621 500.1948
376.9821 502.0648
380.2321 504.2748
383.2721 506.9648
385.7821 510.6948
389.3721 514.5848
389.3721 514.5848
402.2821 515.9248
406.3121 513.2048
408.4921 513.0648
409.5321 511.9448
411.9221 510.9448
413.7621 507.6248
416.2921 506.1248
418.6121 503.2048
419.7821 502.7548
423.0121 498.0548
423.3421 496.4448
422.5721 495.4948
422.2921 492.2948
422.8921 488.0048
422.0121 485.0548
422.8521 482.2548
421.3021 475.2848
422.1021 473.8848
419.9821 469.0248
419.9521 466.6948
416.2821 462.7148
415.7921 461.0148
413.1821 457.2648
412.9721 455.1048
409.8921 452.0048
407.4921 447.2048
407.2821 446.1048
407.9821 444.3548
410.4721 442.5348
410.6121 440.0348
412.2921 438.5948
413.2521 438.5448
413.4221 438.9948
414.9521 438.3748
416.0621 437.5848
417.7921 434.5848
420.4621 434.3848
421.1621 433.5048
423.8521 433.8248
427.9221 436.5148
430.6721 437.3448
432.5121 437.3248
435.1721 436.0548
435.2121 433.7448
437.0921 432.9148
438.3421 432.9548
441.2221 435.4148
442.4621 435.2948

Kayanza
235
221.4421 553.1648
220.2921 552.0548
219.8421 552.2648
218.4121 549.2048
219.8221 544.9948
219.0721 540.5248
218.3321 539.4248
214.4221 541.0248
214.3821 540.1448
212.4621 538.8948
210.6521 535.6848
210.5421 534.5248
214.5121 529.7748
215.0121 527.7748
217.7721 528.2448
220.1021 526.3448
221.1021 526.7048
222.5821 525.9848
224.3321 526.2048
225.0821 524.6148
225.6321 524.5348
227.5221 524.6448
228.2121 525.6748
228.7021 525.3748
230.5421 526.1048
230.5521 525.3448
231.3221 524.9748
232.4121 525.4548
231.8221 522.8548
233.2121 520.9048
234.7021 520.8248
236.0121 514.7948
234.4521 514.2748
233.3021 512.5348
232.9221 508.9248
238.1221 504.9548
242.0521 506.3848
242.9521 508.3448
244.8121 508.9648
248.3321 512.9548
247.6621 510.9548
248.2221 509.9648
251.0621 508.6648
250.4521 497.7648
252.0821 496.8748
255.0821 491.3348
258.9621 489.2748
264.3621 484.5948
264.8721 482.3048
263.9221 479.5148
265.5421 478.7448
270.6221 479.4348
274.3421 480.8348
276.3521 482.2948
278.5321 481.8948
280.1821 479.9248
285.1321 481.1248
287.7221 482.5048
291.0221 482.6248
289.6121 481.0948
288.8221 478.6148
287.5021 477.8348
286.9921 475.2648
287.3421 474.0548
286.2021 471.5948
286.2721 467.4148
285.2121 466.2948
285.4221 464.2248
285.4221 464.2248
283.2921 463.8248
282.0421 461.9148
280.0221 460.7548
274.7521 453.7648
272.2921 452.2848
272.2521 449.2748
273.0521 447.3348
273.8221 446.9548
274.0721 445.2348
276.1921 444.7448
279.7021 442.3148
281.5821 442.8948
281.6821 436.9548
281.2221 434.8648
278.2421 433.5748
274.6521 429.1048
269.0321 424.4648
267.7521 419.8148
267.7521 419.8148
264.6821 421.2548
260.5221 421.0448
252.2421 415.2948
251.6721 415.0448
251.1521 416.4048
250.3721 416.2748
249.1721 415.3348
248.0621 410.5648
246.1621 409.4148
243.4821 409.1748
241.7921 411.3848
235.2921 413.1048
235.0621 414.1248
233.3721 414.9848
232.1821 418.4048
229.4221 422.9448
226.8621 424.6548
225.2321 426.8448
224.0021 427.2948
223.2421 430.0848
223.4121 431.9148
224.2021 432.7548
223.4321 433.4348
221.0821 432.9448
220.5621 432.1648
219.1221 432.2248
218.4521 431.3048
215.9021 430.1248
214.5321 430.4748
213.8521 429.2548
213.1821 429.6948
208.3021 429.4348
208.1721 430.7548
206.5521 431.0448
205.0721 433.8648
203.7121 434.9548
203.4121 436.2148
194.3421 437.3048
190.9921 442.4448
190.2521 447.5248
189.3321 447.0948
186.1821 448.4148
183.6721 448.3248
181.4821 449.0048
181.4821 449.0048
183.1021 454.1848
182.3221 456.2948
183.5421 457.9148
183.5621 459.7348
180.0221 464.8748
180.5721 466.0848
179.8521 468.3448
178.4421 468.6648
178.3621 469.4348
177.6521 469.7348
178.6221 470.5248
179.0521 472.6348
178.0821 472.9148
177.9121 473.8648
176.3021 475.3248
176.6821 475.9748
174.7021 478.0748
174.6021 479.6548
173.7721 480.5648
173.1621 483.7548
172.1521 485.6048
173.0021 487.6248
171.8621 489.9248
171.8521 491.4248
171.1921 493.0348
170.0721 493.5748
169.4321 496.9648
168.4121 498.6448
168.8721 501.5448
167.9221 502.9048
169.7621 508.3748
168.7021 509.5448
167.3221 509.7148
166.9721 511.5448
166.2021 512.2148
165.2521 512.3548
163.8621 511.6248
160.6521 511.8848
160.6521 511.8848
158.6621 515.3248
156.9721 516.4748
156.5421 520.5648
155.1021 522.2748
154.1821 522.5048
153.7521 524.1948
154.7021 526.1948
152.5621 528.3248
151.2821 530.8348
150.6621 533.9848
151.3121 535.3548
149.6721 537.5148
150.0321 541.2948
146.7721 546.2148
144.6721 545.4948
143.2221 545.8548
143.0321 547.0348
143.5221 547.6048
142.4921 548.7848
142.4921 548.7848
143.0121 549.9648
144.8321 551.1448
146.1421 550.5848
148.4321 551.0748
149.4221 550.2448
151.4321 550.1448
151.4421 548.9148
153.9321 546.9348
155.8821 547.9048
156.9321 547.2848
157.4021 547.9948
158.0521 547.5648
160.0721 549.8348
161.0021 549.8048
162.5321 547.8248
165.5921 546.3248
167.8021 544.1048
168.1521 542.9948
169.9721 542.6348
171.0621 541.0148
172.9921 540.5248
177.0521 541.3348
179.5321 540.6748
179.1921 544.0548
179.8421 544.7648
182.6821 544.5348
186.2521 546.2448
189.9721 546.5448
192.4121 548.5648
194.5121 549.4448
195.1621 549.4348
195.7021 547.7948
196.4021 548.2048
197.4821 547.8548
197.7721 548.3848
199.0621 547.9248
200.6521 548.2348
202.7321 546.7348
205.4321 548.7248
206.4521 548.3848
208.3821 549.2348
211.5821 554.0548
214.5821 554.6448

Makamba
411
269.6621 141.4248
270.7021 140.6848
270.2721 139.7948
270.8821 137.9948
272.8321 137.2248
272.4521 136.1448
270.2421 134.6348
269.2521 131.0248
270.7321 130.7748
271.5121 129.9548
271.1821 128.5448
274.7921 127.7548
276.4221 128.8148
276.9721 128.2948
279.6521 128.3248
278.5821 129.2548
278.7921 129.7148
280.2821 129.0548
280.7621 130.3348
281.5721 130.2548
282.5221 128.9048
284.2721 130.3148
286.3221 130.0748
286.3521 130.9848
287.9321 131.5448
288.6621 130.0748
287.9121 129.4748
289.0521 129.1648
288.2621 128.2248
291.0521 127.7748
290.5821 126.7548
292.0621 126.1448
291.4021 124.8548
292.1321 124.3948
292.2121 124.9848
292.8121 124.6548
292.9521 123.5148
293.9921 123.3148
293.6421 123.6748
296.0121 124.6548
296.6121 124.5948
296.4221 124.2148
297.3421 124.4848
299.2621 126.2148
299.9121 125.4848
299.2121 124.8648
300.3421 123.7248
300.0221 123.2848
301.3521 122.9248
301.1921 123.8248
301.7521 124.0748
301.3621 125.1048
302.8821 124.6248
303.5521 124.9748
303.2821 126.6348
305.5021 127.5248
306.4021 126.8948
307.8521 127.4148
309.2521 127.1348
310.2921 128.5048
312.2521 127.4648
311.8121 126.4148
312.9721 125.9148
313.1921 123.1648
315.9421 124.0948
317.6321 123.6848
320.2621 126.3548
321.3421 126.7848
322.4921 125.1248
323.4021 125.0848
323.6921 126.6148
324.1721 126.7148
325.2021 125.4548
326.6321 125.6648
329.4421 127.1448
329.9821 129.6348
330.8121 129.2948
331.9221 130.0248
332.9621 129.3948
333.4521 130.4748
337.0321 132.5848
336.4421 133.5648
336.7421 134.2548
338.3521 134.8748
340.4321 134.3348
343.2321 135.3648
343.3021 136.0148
344.7521 135.8548
344.4721 134.8448
346.0821 133.8948
347.2121 134.7248
348.0421 133.8248
349.3621 134.6448
351.2021 134.0848
354.5221 134.8248
357.8121 134.2948
358.1321 133.7848
359.1421 134.0148
363.5421 131.6748
365.3821 132.3748
365.8621 131.9148
371.0321 134.9548
372.7621 137.3848
375.0921 138.5648
375.3721 139.8548
376.6221 140.0348
379.3921 141.9448
380.3721 141.4948
382.7221 141.7748
384.7021 140.0248
385.3921 138.4248
387.3221 137.9348
389.3121 135.1148
390.5821 135.1448
393.3821 138.4948
394.0821 138.0548
394.0821 138.0548
394.3921 137.3248
393.0621 136.3148
393.2821 134.1948
391.5021 131.4748
392.1321 130.5248
391.5321 129.9248
391.7621 129.4348
391.1421 129.1948
390.9021 128.2348
390.2221 128.1848
389.7121 126.3548
390.3821 126.7448
390.5821 125.9748
389.2221 124.3448
387.7021 123.9448
387.4621 122.3348
387.0121 122.4448
385.5321 120.9048
385.2521 119.7148
384.4221 119.5148
384.6721 118.8248
383.5121 117.1248
380.4121 115.8648
380.3821 115.1048
377.0821 113.2148
376.7421 112.3448
375.1421 111.4148
375.0821 110.7648
374.1721 111.4448
372.7221 110.2748
371.8521 110.3648
371.9621 109.8848
371.3121 109.6948
371.9821 109.3448
371.8921 108.7048
370.0721 108.4848
369.6421 109.2448
368.9221 107.1448
368.3721 107.1848
368.2921 105.5948
366.9121 104.6748
365.2821 105.0748
362.3821 103.1848
362.2821 102.5848
359.2721 102.2448
358.6321 100.8148
356.8921  99.6248
356.6121  98.1248
355.8321  98.3148
356.1621  96.2248
354.6821  95.0248
355.1221  93.6948
354.2321  92.1448
354.3821  90.5548
351.8021  88.8848
351.2121  85.7648
349.7321  83.4748
349.8821  82.0548
348.4521  81.6448
349.2921  80.3548
349.0821  79.6948
349.7521  79.2148
348.8721  76.8948
349.0821  75.4448
347.8721  75.0448
346.7221  75.5148
346.5421  74.8448
348.0621  74.6548
347.4721  73.4148
348.4921  72.4748
348.9521  71.2148
348.3321  70.9848
348.8521  70.3848
348.5321  69.5948
347.6721  69.4648
346.4621  70.8448
345.4321  70.5448
346.6221  69.4848
345.3321  67.0648
345.4421  65.6848
344.9921  65.6048
345.4621  64.4748
344.9321  63.8548
343.0421  63.6648
341.2421  65.1748
341.2721  63.8448
339.6821  63.2548
339.2221  62.4648
338.8821  63.8948
337.6621  64.1848
336.1821  63.6148
336.3621  61.9648
335.4021  61.1748
332.9121  62.6648
332.1921  62.5648
332.3021  61.6048
331.5321  60.8748
331.3421  57.6148
330.5421  56.3548
329.6021  56.4648
329.1121  58.4548
328.2121  57.0948
328.2421  55.4748
327.5221  55.7948
326.7021  57.3548
325.5021  56.2348
321.9721  55.9448
320.8221  55.1348
320.4121  52.2248
319.6821  51.6848
319.3721  50.7548
319.7621  50.1348
318.8121  48.5548
317.2021  46.7148
314.8221  46.1248
311.9421  43.0748
310.8421  43.3648
309.2121  41.9348
307.2321  42.0048
307.1721  40.8648
303.6621  39.7648
302.5721  39.9148
302.1821  39.5948
302.6921  39.2148
301.8421  38.8348
301.0321  40.1648
300.5921  39.0748
298.4021  38.7548
298.7221  38.4848
298.2221  37.7148
297.3921  37.7248
296.8621  38.8948
296.4921  38.4448
295.7321  38.8648
295.5121  37.8948
293.9521  37.5648
293.8421  36.9848
292.8421  36.5948
293.2521  35.6848
292.5721  35.1148
293.1021  34.6848
292.8221  33.3048
292.1121  33.0548
291.5521  34.2348
291.0221  33.6448
290.2621  33.9048
290.3521  33.3648
289.5021  33.0348
289.1321  33.5148
288.5021  31.4148
289.8421  30.6048
289.3821  29.4348
288.3521  30.1348
288.7221  29.3848
286.9221  28.5648
286.4821  29.5648
281.7421  29.3048
281.6321  30.3048
280.3521  30.4248
280.2721  30.8848
280.9121  31.0148
279.0721  32.9948
279.7221  33.5248
275.8621  33.7548
275.6321  34.3348
275.0021  34.1148
275.0521  34.9548
274.2321  34.7548
273.5021  36.1548
271.8821  35.6448
271.9421  34.8748
270.8621  34.2148
269.5121  34.9548
268.8921  34.4648
268.8121  33.1548
265.5621  28.7448
265.5821  27.5848
264.8121  25.5948
263.8821  24.9548
263.4321  22.5948
262.0221  21.9148
259.2421  18.5848
256.6021  19.1348
256.0521  17.2548
253.3121  14.2548
252.7521  12.5748
253.4021   9.5348
252.8321   7.0148
254.2021   6.3148
254.6421   4.8948
251.9621   1.3748
251.7121   1.9048
250.8221   0.6948
249.5121   0.2648
246.3221   1.4448
245.9021   4.2148
243.5221   4.9748
242.3021   3.5848
240.3221   2.8348
238.3921   3.6948
237.5721   5.1048
234.0621   2.7548
231.5321   3.7548
228.7321   6.6848
227.3821   6.1348
223.0821   7.8248
221.0821   7.1048
219.1121   7.5148
220.5621   9.7648
219.4421  14.4748
220.9521  18.5648
219.0921  25.5248
215.1821  30.0348
209.9421  34.0448
199.2121  39.7448
196.9721  40.0648
196.6221  40.7748
197.2321  42.0948
195.8921  44.0648
194.3621  44.9948
194.4021  45.9648
193.1521  47.5848
193.7721  48.6848
193.6721  51.0448
189.3321  55.1048
186.9321  60.8148
186.3921  62.9448
187.5721  68.7848
184.8221  71.0148
184.4821  73.8748
180.8321  76.7848
182.0121  80.2448
180.5121  82.9648
181.4521  86.6848
181.1621  90.5848
177.7521  92.0948
177.7521  92.0948
178.6321  94.8148
178.0821  95.1348
177.7621  97.7148
178.9021 100.4748
181.1621 101.3448
184.3321 103.6048
188.3621 101.9048
188.6921 102.6548
190.9321 103.8148
194.0821 103.2448
195.1621 104.1248
194.8121 104.8148
195.2821 105.1748
197.3921 104.4148
200.6421 104.5348
203.3921 107.3948
205.8721 107.9248
206.4521 110.0548
207.1521 110.2748
207.4821 111.1948
208.5521 110.8848
210.1821 112.3148
211.8721 116.4048
213.6421 117.8748
213.4821 118.4148
215.9821 121.9248
215.8621 122.5648
216.7121 123.0848
216.7621 124.5548
217.3821 124.7048
217.7721 126.7648
218.7221 128.2148
220.3621 128.2748
221.5221 129.5148
223.5521 129.4548
224.1821 130.9648
225.4521 132.0848
229.0121 130.5648
231.1621 131.2248
233.4921 133.5848
239.7121 134.6348
240.8221 133.6848
242.7121 133.4048
242.7721 134.0648
244.9821 136.2248
245.7021 138.1948
247.5221 149.1348
249.1221 148.3448
251.4321 149.1148
252.4021 151.2348
253.4221 151.9148
254.0221 154.1548
258.3621 150.6448
261.3621 152.0548
262.4821 151.2848
262.7021 150.1848
263.9821 150.1448

Muramvya
167
267.7521 419.8148
267.5221 417.2548
272.2521 411.3048
277.2021 410.6448
281.9421 407.7348
281.3521 406.8448
279.9221 406.2148
278.6221 406.0048
277.2921 406.5548
276.4321 406.0348
275.7621 406.2948
275.5821 405.5048
273.8021 406.3148
270.7821 404.2548
270.6121 403.4048
269.2321 402.9648
268.1221 400.7448
268.0521 399.3048
264.7721 396.2848
263.6121 394.2748
260.7921 392.5648
260.8521 392.0048
258.2421 389.4448
259.2621 386.3648
259.2621 386.3648
256.9721 385.3848
255.8521 380.2148
255.9921 378.0848
256.9221 377.1848
256.5521 374.0748
254.0521 371.4548
254.2521 369.5048
252.1521 367.1848
252.4921 365.1948
250.8021 362.2848
249.9621 362.1048
249.3521 363.4548
245.3821 365.4548
242.9421 367.7548
237.0721 365.2348
235.6321 362.1148
235.8721 360.7748
233.6721 357.7648
231.2421 351.0548
223.6921 350.8148
223.3021 349.3048
220.9321 348.1348
220.7921 346.5648
219.8721 344.9148
218.3721 344.0948
215.1221 344.2148
214.1221 345.7948
212.6821 349.9048
214.0521 352.9648
212.2621 358.9248
209.9121 358.4948
207.9421 360.1848
207.9121 361.4048
207.2621 362.0348
205.7421 361.0148
205.0521 361.3848
204.8821 367.3248
202.8921 367.8648
201.4721 367.0948
200.2921 367.9348
198.7721 367.7548
197.4921 369.1748
192.5321 369.5048
191.6121 365.1748
192.5621 362.4248
192.4921 358.4848
192.4921 358.4848
188.6921 357.1448
186.2021 352.9548
185.1921 352.9648
185.1121 354.6048
184.2121 355.7848
183.3821 360.3048
182.2221 363.1148
180.4621 365.3648
176.4121 368.5248
175.2421 371.2548
172.7721 372.5748
173.8021 375.5548
175.7121 376.8148
176.8121 378.7248
176.6921 379.4948
174.1621 382.9348
173.0221 388.7548
171.3621 390.9248
170.1621 390.9748
168.1821 393.1748
168.1021 395.2248
166.3721 397.6448
166.3721 397.6448
168.6321 397.8148
170.1321 397.1648
170.7721 397.5148
172.8321 401.4348
173.8521 402.3548
173.0121 402.7748
173.2021 405.8648
173.7321 405.7848
174.6321 406.8948
175.8121 410.5848
178.7721 414.0448
179.3821 418.6748
181.8121 422.3748
182.6121 426.0748
182.3221 427.4148
183.8021 428.7048
185.1421 428.3748
185.8521 429.7048
184.8421 431.3448
185.4621 432.0648
184.9821 432.8348
180.4421 436.4248
180.0321 437.6548
178.7421 437.7048
176.8621 440.0248
177.5721 440.7248
176.9521 443.3148
180.2121 446.2748
181.4821 449.0048
181.4821 449.0048
183.6721 448.3248
186.1821 448.4148
189.3321 447.0948
190.2521 447.5248
190.9921 442.4448
194.3421 437.3048
203.4121 436.2148
203.7121 434.9548
205.0721 433.8648
206.5521 431.0448
208.1721 430.7548
208.3021 429.4348
213.1821 429.6948
213.8521 429.2548
214.5321 430.4748
215.9021 430.1248
218.4521 431.3048
219.1221 432.2248
220.5621 432.1648
221.0821 432.9448
223.4321 433.4348
224.2021 432.7548
223.4121 431.9148
223.2421 430.0848
224.0021 427.2948
225.2321 426.8448
226.8621 424.6548
229.4221 422.9448
232.1821 418.4048
233.3721 414.9848
235.0621 414.1248
235.2921 413.1048
241.7921 411.3848
243.4821 409.1748
246.1621 409.4148
248.0621 410.5648
249.1721 415.3348
250.3721 416.2748
251.1521 416.4048
251.6721 415.0448
252.2421 415.2948
260.5221 421.0448

Mwaro
249
238.8121 269.3948
237.3721 265.5948
236.5221 265.2248
236.4621 263.0748
235.5921 262.2848
234.8721 259.1448
233.1921 257.5048
231.9321 254.2048
230.0121 252.0648
228.8321 251.9048
225.4721 248.9548
221.5321 247.3248
219.8321 252.5548
222.9921 257.2348
221.9521 260.5948
222.8621 260.7348
224.0421 262.2348
223.5721 263.9448
224.5721 269.8748
222.8421 268.8348
220.8621 268.6848
218.8921 269.8648
216.4221 270.0548
215.6021 271.3648
215.9521 272.3348
214.7121 272.3048
214.0521 273.2448
214.1921 275.7648
213.1221 277.4048
214.5521 279.2648
213.7021 280.1348
212.7421 280.2348
210.7121 278.5248
209.6421 278.3648
207.9521 279.0848
203.2321 284.8948
202.9521 291.2548
198.7721 293.6748
197.9221 295.1648
196.8521 295.7148
196.3721 297.9248
195.5221 298.2448
194.5421 297.6248
191.0221 299.0348
188.4921 299.1648
187.4321 300.7148
187.4321 300.7148
188.2521 302.1348
188.9021 302.2848
189.5621 303.6848
189.3121 304.6748
190.0421 305.5748
193.3721 304.5248
194.3421 305.2548
195.0121 311.1148
191.5421 312.0648
191.4121 314.5748
192.1721 315.4948
191.9521 318.7148
192.4321 318.8548
192.2121 322.7448
193.3621 325.0148
197.8121 328.2048
198.1621 329.3848
197.8921 332.2948
193.7521 335.9848
194.1121 337.0448
193.4321 338.7348
192.0121 339.4648
191.2121 340.6448
191.7821 341.6648
191.5221 343.2048
192.7321 345.9248
191.9721 347.9248
193.0921 349.2048
194.4621 353.5448
195.7721 354.9948
195.3621 356.2648
192.4921 358.4848
192.4921 358.4848
192.5621 362.4248
191.6121 365.1748
192.5321 369.5048
197.4921 369.1748
198.7721 367.7548
200.2921 367.9348
201.4721 367.0948
202.8921 367.8648
204.8821 367.3248
205.0521 361.3848
205.7421 361.0148
207.2621 362.0348
207.9121 361.4048
207.9421 360.1848
209.9121 358.4948
212.2621 358.9248
214.0521 352.9648
212.6821 349.9048
214.1221 345.7948
215.1221 344.2148
218.3721 344.0948
219.8721 344.9148
220.7921 346.5648
220.9321 348.1348
223.3021 349.3048
223.6921 350.8148
231.2421 351.0548
233.6721 357.7648
235.8721 360.7748
235.6321 362.1148
237.0721 365.2348
242.9421 367.7548
245.3821 365.4548
249.3521 363.4548
249.9621 362.1048
250.8021 362.2848
252.4921 365.1948
252.1521 367.1848
254.2521 369.5048
254.0521 371.4548
256.5521 374.0748
256.9221 377.1848
255.9921 378.0848
255.8521 380.2148
256.9721 385.3848
259.2621 386.3648
259.2621 386.3648
260.4821 385.6548
262.6821 386.1048
263.4421 385.4648
264.7121 382.1748
270.0421 382.2748
270.9521 380.0948
270.5621 379.1948
270.9221 378.3348
274.6121 376.1848
274.5521 375.1548
278.1421 371.9148
277.7321 371.2648
278.0721 370.8648
277.2421 370.6048
277.4021 368.8548
276.1921 368.2748
276.4421 367.4048
275.6621 365.9948
273.9421 365.7948
273.2821 363.7148
275.2821 361.3748
277.4221 361.3548
278.3921 360.2648
279.5521 361.0648
281.8121 360.7948
281.9721 360.0448
283.6621 358.9248
283.1921 357.8748
288.6621 355.4548
289.1921 353.3348
287.3921 352.3648
289.0421 351.9448
289.6221 351.2348
288.5521 349.7148
288.3121 350.1448
287.3721 349.6948
285.8021 349.9248
284.6321 349.0048
284.2921 347.2448
284.7421 346.3548
283.7921 345.9648
283.9921 344.6148
282.3821 342.1448
282.3721 341.3748
284.7521 339.2648
283.4621 338.2348
284.7521 337.1448
283.3721 336.8448
283.4821 336.4548
285.2121 335.2248
283.5621 334.9148
283.4921 333.5948
282.9121 333.4248
283.3621 331.2948
281.6921 329.7848
282.4921 328.8848
282.2521 327.5848
283.5521 327.2948
282.9321 326.3348
283.7921 325.3948
281.9321 325.3048
281.7221 323.0848
282.1721 322.2148
281.5221 319.8748
281.6221 317.3248
280.6021 315.2648
280.9621 315.3348
278.1821 313.5948
278.0421 311.9548
276.3021 312.1648
275.5721 311.5848
274.0021 311.9948
272.3221 310.9448
272.2421 310.3648
266.3921 312.5548
264.5421 311.1148
263.7121 311.7748
262.8121 311.3948
263.2721 310.7848
262.9121 310.2348
261.8321 310.5448
262.0721 309.8448
261.0221 309.1148
261.0721 308.0448
258.2121 308.1948
257.8621 306.4048
256.9121 306.3448
255.4221 304.8748
254.7021 300.1048
256.9721 296.8248
257.7221 296.5048
258.8421 294.2248
260.2721 293.3248
259.7121 292.1348
260.1121 290.9248
260.9021 290.9448
261.7421 287.2548
262.1921 287.2248
262.3121 286.5448
261.7021 286.0648
262.0721 285.3048
263.6821 284.5348
263.7221 281.9248
266.3221 280.7848
265.9221 278.0048
262.3321 278.2348
260.3921 280.8148
259.1821 280.3348
258.7121 281.5548
257.2921 280.8948
257.1621 280.1548
255.2621 280.9448
254.2021 280.3848
252.6121 280.8848
249.9121 280.2048
249.0521 280.6048
247.8321 279.7448
246.7221 280.0548
244.0221 278.2548
241.5121 274.5948
239.6621 273.8048
237.7521 271.9848

Muyinga
390
492.1521 501.4048
492.6921 500.4148
490.0121 499.2548
491.5521 497.2148
491.6221 496.3248
489.0121 495.8048
488.8121 495.0348
487.8321 494.4848
487.5321 489.6448
485.9721 488.9848
485.7821 488.2148
483.8721 487.7548
483.4421 488.1148
482.9821 486.9748
482.1721 487.0748
481.0321 488.4748
478.4921 488.6948
478.0921 486.9948
478.6421 486.4948
478.5721 483.8348
477.1121 483.0148
476.5121 484.3348
475.6421 483.1248
474.8721 483.4948
473.2721 482.4248
473.5821 481.1648
472.8321 479.7948
472.9721 478.4848
471.4621 478.6348
470.9321 477.2348
469.4021 475.8148
470.8921 472.0748
470.1821 471.0048
470.9721 468.3548
470.3121 465.4748
467.8821 465.1148
466.9021 465.7748
464.9721 464.1448
465.8621 462.9148
465.7021 461.8648
463.1521 461.9248
462.2421 460.8348
459.8621 460.7248
457.7521 459.2948
456.7521 457.4148
456.9721 456.3148
455.4321 455.4348
455.3921 454.2348
456.2421 453.5948
456.9621 451.2548
458.9521 449.1548
459.4521 447.8148
458.3721 447.2448
456.7621 447.9148
456.1921 445.7548
457.4821 445.4648
457.6621 444.8648
457.0921 443.9148
456.2821 444.0048
455.1321 441.4048
452.2121 441.1148
452.4421 440.0248
451.8421 439.3048
449.8921 439.2448
451.3621 437.6248
450.9821 435.2248
451.9021 433.8348
451.6421 432.6948
450.6821 432.1648
449.9821 432.8648
446.7221 433.6348
446.7221 433.6348
443.7221 436.2748
442.4621 435.2948
441.2221 435.4148
438.3421 432.9548
437.0921 432.9148
435.2121 433.7448
435.1721 436.0548
432.5121 437.3248
430.6721 437.3448
427.9221 436.5148
423.8521 433.8248
421.1621 433.5048
420.4621 434.3848
417.7921 434.5848
416.0621 437.5848
414.9521 438.3748
413.4221 438.9948
413.2521 438.5448
412.2921 438.5948
410.6121 440.0348
410.4721 442.5348
407.9821 444.3548
407.2821 446.1048
407.4921 447.2048
409.8921 452.0048
412.9721 455.1048
413.1821 457.2648
415.7921 461.0148
416.2821 462.7148
419.9521 466.6948
419.9821 469.0248
422.1021 473.8848
421.3021 475.2848
422.8521 482.2548
422.0121 485.0548
422.8921 488.0048
422.2921 492.2948
422.5721 495.4948
423.3421 496.4448
423.0121 498.0548
419.7821 502.7548
418.6121 503.2048
416.2921 506.1248
413.7621 507.6248
411.9221 510.9448
409.5321 511.9448
408.4921 513.0648
406.3121 513.2048
402.2821 515.9248
389.3721 514.5848
389.3721 514.5848
388.4821 516.3448
389.9421 518.7948
388.8321 520.0048
388.7321 521.1748
389.3221 522.0348
388.2521 523.5548
386.7421 524.2748
387.5321 525.4648
391.8421 527.5248
392.9321 529.8948
394.7521 530.1948
394.9521 530.6648
393.4821 532.2948
391.2621 533.5248
386.2121 534.5848
381.7221 537.2148
379.7621 534.9348
376.4721 532.7548
376.0521 531.2848
369.8321 536.8948
371.3721 537.6848
371.0921 538.6548
370.5821 539.4748
368.8121 539.9548
368.2221 542.6048
366.1921 543.3348
365.2921 544.3148
365.0921 545.6648
364.1921 546.5348
365.3621 548.7748
365.0221 549.3648
357.2621 554.0348
356.4921 555.7448
356.4921 555.7448
363.0821 559.9148
364.0721 559.8348
367.1821 557.0848
370.2221 556.7748
374.0721 561.6248
373.9621 564.3948
377.8221 568.4848
379.8921 573.9248
382.1221 574.2448
384.3221 572.1248
387.6221 571.1148
390.7521 574.3648
393.8121 576.3648
402.4021 584.8148
403.5021 584.3648
406.8321 587.2148
413.4621 589.8948
418.0321 590.6148
420.4321 585.5948
423.1221 586.4148
427.1521 592.7148
430.6721 595.7148
431.6721 597.5248
434.5821 599.5448
437.4321 605.1748
439.6021 606.1148
442.4121 605.3348
443.6421 606.2148
444.6921 607.7348
445.7521 611.5948
449.4221 616.2048
451.5821 616.8048
455.2421 616.1348
459.5621 616.8248
462.0921 616.5948
463.3821 617.8748
465.5321 622.6648
467.0421 628.8348
466.0121 630.9948
465.7721 632.8248
466.2621 634.6248
469.2321 639.1848
463.4421 644.8648
462.6821 649.6348
468.2821 655.2048
468.7321 659.9148
466.5821 664.1348
462.2121 668.1648
460.4321 675.4248
458.2421 677.5548
458.0921 680.3648
454.9221 685.9748
454.1621 696.5848
454.1621 696.5848
454.5621 698.7048
454.1821 699.8148
455.6921 702.0548
456.5521 706.1048
458.9221 708.1848
460.3921 710.4548
464.5821 710.8648
466.4521 711.5948
470.6521 707.0648
470.6821 706.2648
472.0121 706.7248
473.2421 705.4948
475.7721 705.1248
477.4621 707.6248
480.3421 708.8648
482.7421 708.7848
484.0821 707.9648
484.4221 706.4948
483.0321 703.6348
483.6821 701.9648
482.8621 700.1548
483.3421 699.3248
486.7421 697.7348
486.9521 695.5548
486.4821 694.0848
487.0821 692.9748
488.8021 692.3348
490.4521 693.1848
491.7821 693.1548
493.3121 689.4248
494.7221 689.4748
496.5621 686.9748
499.3421 685.3748
499.9421 681.7648
503.3221 680.4848
507.9021 680.3248
510.7921 677.4548
508.8621 674.3948
509.3221 673.2348
508.4021 670.6148
506.5121 669.1848
506.1521 667.4148
504.4521 666.1048
504.2921 664.5048
503.1721 662.4748
503.4221 660.1048
502.9521 657.2948
501.5121 656.0548
498.7521 647.1548
495.1521 642.8348
495.1721 641.2248
491.6721 640.8848
490.8621 639.3848
491.6421 633.8548
491.3521 630.1048
489.5921 628.6348
488.5921 625.3148
486.5821 623.8348
485.3021 620.1848
482.4021 617.2548
481.5121 615.0448
477.9121 609.8948
475.9721 604.2948
474.3221 601.8748
472.2521 600.2048
470.7321 597.9548
469.9821 595.6048
470.1521 594.6148
473.5621 590.0348
475.5421 590.6248
477.6721 590.3348
480.8121 586.7748
482.8621 586.0148
485.7921 587.7948
487.3621 589.5548
492.7821 591.6548
497.6821 594.5848
500.2021 597.4448
504.0421 597.6348
504.7721 598.3448
505.7621 598.2748
505.3821 596.1348
506.3321 594.4548
504.6921 590.6448
504.8521 589.3648
503.4521 588.9048
503.7921 587.0648
502.4821 586.6448
502.0921 585.4448
501.3221 585.7148
500.3721 584.8948
499.6921 585.3248
499.2921 583.1648
497.9721 583.8448
497.7821 581.9748
495.7321 580.3148
495.7421 579.1148
493.5221 578.0748
491.1121 575.5348
488.8621 577.8548
487.8421 577.6948
486.8021 576.5648
485.2621 576.5948
485.3621 575.0448
484.6121 575.2848
484.7621 574.6648
484.0521 574.7648
484.1321 573.6948
485.2021 572.4148
484.6221 571.3348
483.9621 571.4248
481.5321 569.2548
476.8521 568.2248
477.3721 565.6748
475.5621 564.4448
477.9321 562.7448
479.1621 560.5248
477.5721 557.4748
478.4221 556.0748
477.4421 555.0948
477.6821 554.2248
477.0121 553.3648
477.4321 552.0448
476.6121 551.2648
476.0821 548.9448
475.6221 548.9248
475.4221 549.9548
474.3921 549.6748
475.2021 548.9548
474.6321 548.6348
475.0721 547.7148
474.2321 547.1948
474.1621 545.9748
472.6921 546.4948
471.7921 544.5848
472.5421 543.7648
472.0721 541.6748
471.4521 541.1948
471.9121 539.7748
470.4821 539.4848
470.7421 536.9848
469.9721 537.1248
469.6621 535.8348
468.3921 535.9148
467.7421 534.5748
468.6821 533.2748
467.8821 533.3548
466.2821 530.8348
466.3721 530.0448
468.5421 530.5448
468.5821 529.0848
467.4021 528.8248
468.1321 527.4148
468.8221 527.2248
469.2921 525.7448
471.9321 527.4748
474.9121 525.6348
475.2121 524.7648
474.6321 523.5648
475.6221 522.4148
475.9121 519.6748
475.3921 518.6748
476.3821 517.6448
475.8921 516.2648
477.5421 515.8148
478.1521 514.3248
478.7521 514.6948
479.6521 514.1448
480.0421 512.8848
480.6721 513.6848
482.5021 514.1348
484.2621 512.3848
484.6621 510.7348
482.5921 510.0548
483.5421 509.2848
484.7021 510.0648
486.2521 509.3148
487.8721 506.7748
489.7521 505.8648

Ngozi
244
356.4921 555.7448
357.2621 554.0348
365.0221 549.3648
365.3621 548.7748
364.1921 546.5348
365.0921 545.6648
365.2921 544.3148
366.1921 543.3348
368.2221 542.6048
368.8121 539.9548
370.5821 539.4748
371.0921 538.6548
371.3721 537.6848
369.8321 536.8948
376.0521 531.2848
376.4721 532.7548
379.7621 534.9348
381.7221 537.2148
386.2121 534.5848
391.2621 533.5248
393.4821 532.2948
394.9521 530.6648
394.7521 530.1948
392.9321 529.8948
391.8421 527.5248
387.5321 525.4648
386.7421 524.2748
388.2521 523.5548
389.3221 522.0348
388.7321 521.1748
388.8321 520.0048
389.9421 518.7948
388.4821 516.3448
389.3721 514.5848
389.3721 514.5848
385.7821 510.6948
383.2721 506.9648
380.2321 504.2748
376.9821 502.0648
371.2621 500.1948
364.2821 495.4248
360.8221 492.1448
357.4321 490.6848
354.4621 490.7748
352.9921 490.2148
347.2321 491.1348
344.0421 488.3048
342.4421 487.9548
339.8721 488.1648
337.6921 489.4348
336.1221 489.1148
333.5121 485.2748
330.4121 482.9548
327.2821 481.8248
326.0721 480.6048
325.9721 478.3648
323.5521 475.2448
322.9121 472.6748
320.3921 468.5148
320.2121 466.5248
317.7221 464.9748
314.0521 465.6448
311.4421 464.3448
311.0021 464.6048
309.7121 462.6148
310.8021 460.3748
310.7221 457.7548
308.8021 457.2648
307.4321 456.5448
306.8921 455.5548
306.3221 455.6548
306.3221 455.6548
305.0321 455.7648
304.4921 456.5048
301.8621 455.7448
300.2221 459.4248
297.7321 462.5948
294.6521 462.7448
293.9521 463.7448
291.2821 465.0748
285.4221 464.2248
285.4221 464.2248
285.2121 466.2948
286.2721 467.4148
286.2021 471.5948
287.3421 474.0548
286.9921 475.2648
287.5021 477.8348
288.8221 478.6148
289.6121 481.0948
291.0221 482.6248
287.7221 482.5048
285.1321 481.1248
280.1821 479.9248
278.5321 481.8948
276.3521 482.2948
274.3421 480.8348
270.6221 479.4348
265.5421 478.7448
263.9221 479.5148
264.8721 482.3048
264.3621 484.5948
258.9621 489.2748
255.0821 491.3348
252.0821 496.8748
250.4521 497.7648
251.0621 508.6648
248.2221 509.9648
247.6621 510.9548
248.3321 512.9548
244.8121 508.9648
242.9521 508.3448
242.0521 506.3848
238.1221 504.9548
232.9221 508.9248
233.3021 512.5348
234.4521 514.2748
236.0121 514.7948
234.7021 520.8248
233.2121 520.9048
231.8221 522.8548
232.4121 525.4548
231.3221 524.9748
230.5521 525.3448
230.5421 526.1048
228.7021 525.3748
228.2121 525.6748
227.5221 524.6448
225.6321 524.5348
225.0821 524.6148
224.3321 526.2048
222.5821 525.9848
221.1021 526.7048
220.1021 526.3448
217.7721 528.2448
215.0121 527.7748
214.5121 529.7748
210.5421 534.5248
210.6521 535.6848
212.4621 538.8948
214.3821 540.1448
214.4221 541.0248
218.3321 539.4248
219.0721 540.5248
219.8221 544.9948
218.4121 549.2048
219.8421 552.2648
220.2921 552.0548
221.4421 553.1648
221.4421 553.1648
224.8321 550.5248
227.0221 550.3648
229.5921 547.5748
230.2121 548.2148
233.0321 546.8248
233.6321 546.2848
233.4421 545.2048
234.4821 543.9448
236.6221 545.1648
237.8621 544.4748
239.0021 545.2848
239.4121 544.4648
241.7521 546.5248
244.7821 546.8848
246.2721 547.9448
247.3821 547.9648
248.4721 546.7748
249.8021 547.4648
250.9221 549.4448
250.7921 550.1748
252.2421 552.1748
252.9421 557.0648
254.1521 557.9148
253.8321 559.5748
254.3721 561.3448
255.6221 562.1848
260.5521 561.6948
263.0721 564.2348
265.8421 563.9548
268.1821 563.1648
269.4821 559.2848
271.7321 558.3748
273.4921 558.6248
275.1321 556.9348
275.5221 558.6448
276.2921 558.8248
277.7521 560.7248
278.3421 560.3648
282.1421 561.4148
282.8921 562.7448
284.4621 562.3748
285.7121 563.3848
287.0221 563.6348
289.2421 563.0948
290.5021 563.5248
291.2421 564.5748
290.6321 565.5548
290.9421 566.1548
293.6521 566.8348
294.2821 566.5448
295.5221 567.9148
294.6921 568.5148
295.3921 569.0748
295.6321 570.0348
295.0921 570.6348
295.5721 571.6748
297.8521 574.0148
298.4521 576.3348
301.1521 578.4548
301.9521 580.6248
303.7621 582.3548
304.1921 585.6248
305.5821 587.5048
307.7021 594.7948
307.1821 597.0948
308.0021 597.8748
308.0021 597.8748
308.7821 596.7948
313.9421 597.6148
318.9321 595.7548
321.6621 593.8448
322.5821 592.1648
325.7221 591.6848
329.2621 590.2148
330.1021 589.1348
330.0921 586.0548
333.3221 587.1448
332.9421 586.4048
333.4521 585.4348
337.6421 580.0948
336.5421 578.0148
334.5021 577.3648
334.1621 576.7048
338.1521 574.4148
344.2721 569.6948
347.0521 568.9448
348.1321 567.7148
348.4421 566.9448
347.1121 564.7648
347.9521 563.4348
349.5321 562.8748
350.5421 560.2348
351.9021 558.8048
351.4021 555.8148

Rutana
375
459.9621 245.8048
460.2621 244.6748
462.7521 243.7148
463.1021 241.6248
462.5421 241.1148
463.6721 239.7248
463.6221 238.6848
464.8621 236.5548
464.8021 233.7448
466.4721 232.8348
466.8021 232.0648
466.2421 229.6948
466.7121 229.5348
466.7321 226.1648
465.1421 224.9648
464.8521 223.1048
462.2421 221.7748
461.4021 222.7648
462.0621 223.0948
462.0221 224.0048
460.4621 223.5548
460.1521 224.6148
458.5221 224.9248
457.9621 226.7848
458.6221 227.5748
456.7821 227.9848
456.7221 228.6548
455.3321 229.0148
452.3821 229.0548
450.8621 228.3748
449.8921 227.1348
448.8021 227.9048
449.1921 228.6648
448.5921 229.0448
445.9321 229.5248
442.7221 227.1548
442.1821 227.3748
442.0621 226.0848
440.2121 225.9248
440.5021 224.8448
438.3321 222.6648
438.9121 220.8648
438.1421 220.6948
438.9521 219.9948
438.0321 219.3748
438.4021 218.7448
437.4021 218.7048
437.2321 218.0048
438.4721 217.6948
437.4721 216.6848
437.9121 215.6648
437.1321 215.8148
437.0221 214.9948
435.9221 214.8248
436.0621 213.1848
435.1721 213.2448
435.6921 212.8848
434.8921 212.3848
435.2321 211.3448
433.0821 210.2948
433.8821 209.8648
434.1921 208.2648
433.1421 206.1048
432.2921 205.8148
431.6121 204.6948
429.7421 204.0048
429.7321 202.0848
427.5921 200.3548
426.9821 201.1448
426.7521 200.2948
425.0421 199.1948
425.2121 198.3448
424.4221 198.3848
423.3421 197.2648
423.3221 196.5448
422.6521 196.8348
421.8921 195.9748
421.3121 196.5748
420.7521 195.4148
419.7921 196.1248
419.0621 195.6348
418.7721 194.4448
417.1121 194.5348
417.4921 193.2948
415.8521 193.3948
416.9721 190.6148
416.0721 189.7448
416.2421 189.2248
415.6021 189.1148
415.4721 186.9748
414.6921 186.5848
414.8921 185.7348
413.9821 184.6048
413.7121 181.8748
410.4121 180.2948
410.7521 178.4748
409.3921 177.3148
409.5821 176.6148
407.7221 174.5548
408.6821 173.8448
408.1921 173.5848
408.1921 170.8148
406.9921 170.4448
407.3821 167.2248
406.8121 167.4048
406.4521 165.4148
405.8021 164.7348
406.3221 164.4948
406.1721 163.5748
403.8821 159.9848
401.8421 158.1348
403.4021 155.0648
403.1821 154.2748
403.9021 153.5348
403.5321 153.2248
404.7021 152.7648
404.7621 152.0148
407.1221 151.5748
406.5121 150.7848
406.8421 150.1548
406.3721 149.2648
405.1621 149.1748
405.5421 148.2048
404.7321 146.5648
402.8221 146.0048
402.2921 143.3048
399.9721 141.6448
398.8821 139.9848
398.2121 140.1848
398.6721 139.3248
395.8321 139.9048
394.0821 138.0548
394.0821 138.0548
393.3821 138.4948
390.5821 135.1448
389.3121 135.1148
387.3221 137.9348
385.3921 138.4248
384.7021 140.0248
382.7221 141.7748
380.3721 141.4948
379.3921 141.9448
376.6221 140.0348
375.3721 139.8548
375.0921 138.5648
372.7621 137.3848
371.0321 134.9548
365.8621 131.9148
365.3821 132.3748
363.5421 131.6748
359.1421 134.0148
358.1321 133.7848
357.8121 134.2948
354.5221 134.8248
351.2021 134.0848
349.3621 134.6448
348.0421 133.8248
347.2121 134.7248
346.0821 133.8948
344.4721 134.8448
344.7521 135.8548
343.3021 136.0148
343.2321 135.3648
340.4321 134.3348
338.3521 134.8748
336.7421 134.2548
336.4421 133.5648
337.0321 132.5848
333.4521 130.4748
332.9621 129.3948
331.9221 130.0248
330.8121 129.2948
329.9821 129.6348
329.4421 127.1448
326.6321 125.6648
325.2021 125.4548
324.1721 126.7148
323.6921 126.6148
323.4021 125.0848
322.4921 125.1248
321.3421 126.7848
320.2621 126.3548
317.6321 123.6848
315.9421 124.0948
313.1921 123.1648
312.9721 125.9148
311.8121 126.4148
312.2521 127.4648
310.2921 128.5048
309.2521 127.1348
307.8521 127.4148
306.4021 126.8948
305.5021 127.5248
303.2821 126.6348
303.5521 124.9748
302.8821 124.6248
301.3621 125.1048
301.7521 124.0748
301.1921 123.8248
301.3521 122.9248
300.0221 123.2848
300.3421 123.7248
299.2121 124.8648
299.9121 125.4848
299.2621 126.2148
297.3421 124.4848
296.4221 124.2148
296.6121 124.5948
296.0121 124.6548
293.6421 123.6748
293.9921 123.3148
292.9521 123.5148
292.8121 124.6548
292.2121 124.9848
292.1321 124.3948
291.4021 124.8548
292.0621 126.1448
290.5821 126.7548
291.0521 127.7748
288.2621 128.2248
289.0521 129.1648
287.9121 129.4748
288.6621 130.0748
287.9321 131.5448
286.3521 130.9848
286.3221 130.0748
284.2721 130.3148
282.5221 128.9048
281.5721 130.2548
280.7621 130.3348
280.2821 129.0548
278.7921 129.7148
278.5821 129.2548
279.6521 128.3248
276.9721 128.2948
276.4221 128.8148
274.7921 127.7548
271.1821 128.5448
271.5121 129.9548
270.7321 130.7748
269.2521 131.0248
270.2421 134.6348
272.4521 136.1448
272.8321 137.2248
270.8821 137.9948
270.2721 139.7948
270.7021 140.6848
269.6621 141.4248
269.6621 141.4248
270.1321 142.5548
272.2621 144.2548
273.8021 147.4448
275.1721 148.7848
275.4621 149.9448
274.6921 152.9348
275.1721 154.9148
277.7921 156.3448
278.4521 160.9348
279.4821 162.8348
280.3721 163.0948
280.9321 165.2748
282.7821 167.1848
283.1521 168.9648
284.1721 168.6448
284.6221 169.0248
286.4421 173.1048
287.4021 178.3348
289.6321 181.5148
291.3621 181.9748
292.0921 184.5748
292.3621 191.4848
293.6221 194.4848
299.6721 195.4948
298.0321 199.7648
298.1121 201.1248
296.7521 201.8348
298.0921 203.3848
297.8921 203.9748
296.5521 204.6748
294.6121 207.0448
299.9821 210.4248
301.1821 213.0548
303.2321 213.6248
303.1821 214.2848
303.1821 214.2848
303.7321 214.1948
303.5621 212.0548
306.1721 208.1548
307.8821 207.2948
309.4721 207.7348
311.4321 206.1748
312.6221 206.1848
313.7121 207.4448
312.9521 208.2548
313.3821 211.4648
309.9221 214.5348
311.8821 217.1148
312.1021 218.4648
313.5421 219.7848
312.9921 220.4848
313.4221 222.5948
314.1221 222.7948
314.3321 223.6448
315.8921 223.5348
317.1421 224.7848
318.2121 224.6948
318.7021 225.3948
321.4021 225.9748
325.1121 228.4948
327.8021 228.4648
330.0421 229.7048
330.2721 230.8448
324.9321 234.0448
322.6421 234.7048
322.3221 236.0348
325.4821 239.3448
328.0321 241.0348
328.2021 242.9448
331.8521 245.9248
337.6821 246.9248
338.4821 247.9348
341.0121 248.5148
341.7221 249.1548
341.7921 250.2048
344.4121 250.0548
346.4221 250.9348
347.6721 250.2848
350.3421 250.8048
351.0121 251.9348
350.7621 252.7248
352.8821 254.3548
353.3821 256.7048
354.7021 257.2148
354.5721 258.4948
356.1721 259.5948
357.7621 263.4548
361.7121 265.5048
361.4021 271.1748
363.5921 274.5148
363.0821 275.3348
363.4821 275.9048
363.4821 275.9048
364.8521 276.1348
369.1121 273.2248
371.1521 272.9248
376.8521 266.3148
378.4221 265.6848
380.2021 261.9348
382.8121 259.4448
383.8821 260.0848
386.0821 263.0848
387.7221 263.7348
392.1621 267.3948
399.3121 270.4048
402.7721 269.7748
406.6121 270.5348
410.5021 269.7048
412.6921 269.9948
416.3821 266.6548
417.2521 263.4948
420.6021 260.3248
423.4421 256.1548
424.1121 256.3448
425.7221 258.5148
425.7621 259.4848
428.1921 259.7148
431.9721 257.1248
435.6721 256.8348
436.5421 255.9948
438.8121 248.4948
446.8321 246.5248
448.9121 244.8148
450.9821 245.5248
454.3921 248.9748
455.8321 248.5048

Ruyigi
348
436.8121 422.2848
437.3021 419.4748
435.9721 418.5548
435.6621 416.4048
437.3021 412.7648
438.6121 412.6048
441.1221 413.8848
442.4721 415.3148
447.6321 414.4848
451.6821 416.3748
454.1821 411.4148
454.6521 411.7648
454.6921 413.4448
458.6921 410.0548
458.9121 408.5448
462.3821 411.2148
464.1021 408.4948
465.4421 408.1348
466.1421 407.0448
468.3221 407.6048
472.3321 405.9548
475.1321 400.7248
478.7221 399.2548
479.0321 396.7448
477.7921 392.2248
480.4621 390.1248
479.7121 389.4548
483.0521 385.6748
483.8821 382.7148
486.7621 382.7748
488.1921 381.2348
491.5021 381.0848
492.3321 381.6748
493.6621 385.0948
495.0721 386.1248
496.6421 384.9848
498.6421 385.0348
498.4221 384.0948
500.7421 384.8748
501.0321 384.0948
503.6721 384.5448
504.1521 382.9348
506.6621 381.9848
506.9721 381.1748
510.5321 380.0248
509.8221 379.3848
507.4921 379.7848
503.2421 376.7948
502.7021 372.3248
503.0121 369.8548
506.4421 370.8248
512.2321 369.4348
515.3321 363.3748
521.8021 361.0948
521.5321 360.4948
522.2321 359.6948
521.8721 357.4148
522.3821 356.7248
521.3821 354.2848
521.9621 353.7848
526.7921 357.3148
527.3621 358.7448
530.5221 360.8048
533.1521 361.9348
535.8921 362.2848
537.3921 363.8048
541.0921 365.2848
541.0921 365.2848
544.6921 361.0548
545.2921 359.5448
544.9921 357.6848
549.1821 357.6748
554.0121 355.1748
555.2021 353.5148
555.0121 351.7448
553.6321 349.9048
554.0421 348.1848
553.2821 346.3148
551.4221 345.0648
549.6421 342.0448
547.8821 341.1148
545.8621 338.7748
544.3721 338.5248
542.4921 337.1048
541.7921 335.0648
536.7321 331.5048
530.9621 329.8648
528.7921 328.7248
524.1121 324.8148
519.0021 323.0048
517.7921 321.6248
511.3121 320.0748
508.0621 318.5748
506.8321 316.9548
505.5121 316.4748
504.4921 315.3348
503.7321 312.8948
501.4821 310.1548
500.0521 309.7248
499.6621 312.5348
496.4921 314.1548
493.7921 313.0348
492.7821 310.5748
491.3321 309.8748
489.6521 307.7448
486.9821 306.6448
485.0821 303.6548
483.5821 302.5148
483.6421 301.2148
480.8521 299.9048
480.7321 299.2048
478.5421 297.3948
479.5421 294.7748
480.6721 294.4148
480.7021 295.3048
482.0021 294.9248
482.2521 293.7348
481.6221 293.0548
482.2221 292.3348
481.4421 291.7348
481.4421 290.4048
480.6021 290.4948
480.1221 289.6448
480.6321 289.1948
481.3121 289.7648
482.5021 289.0548
481.8321 287.9648
482.1921 284.7948
480.3921 284.1648
480.8621 283.5248
480.2621 282.5548
479.5421 282.2248
478.9221 282.8948
479.0821 281.7248
477.7521 280.3948
476.8821 279.8448
475.5521 280.2448
473.2621 278.7748
473.4221 277.9848
474.4921 277.7148
474.2321 276.0448
473.1821 275.5848
473.4221 274.5548
472.4021 274.2848
472.6021 273.1648
470.6621 273.3048
470.0221 269.1248
468.6021 269.0148
468.5821 265.0648
466.7421 264.7748
466.1021 263.4548
467.2621 262.1748
467.2521 261.4448
466.1821 260.4748
465.1521 260.6148
466.3921 258.9748
466.2821 257.8248
465.3521 258.4448
464.4721 257.7148
464.5421 256.1748
463.3121 254.2848
463.5821 253.9648
462.4921 253.5848
462.9521 253.0148
462.5021 252.2948
460.1521 252.1548
460.6621 251.0848
459.0121 249.2448
460.6721 248.6248
460.6721 247.8748
459.7021 247.2748
459.9621 245.8048
459.9621 245.8048
456.8521 246.8348
455.8321 248.5048
454.3921 248.9748
450.9821 245.5248
448.9121 244.8148
446.8321 246.5248
438.8121 248.4948
436.5421 255.9948
435.6721 256.8348
431.9721 257.1248
428.1921 259.7148
425.7621 259.4848
425.7221 258.5148
424.1121 256.3448
423.4421 256.1548
420.6021 260.3248
417.2521 263.4948
416.3821 266.6548
412.6921 269.9948
410.5021 269.7048
406.6121 270.5348
402.7721 269.7748
399.3121 270.4048
392.1621 267.3948
387.7221 263.7348
386.0821 263.0848
383.8821 260.0848
382.8121 259.4448
380.2021 261.9348
378.4221 265.6848
376.8521 266.3148
371.1521 272.9248
369.1121 273.2248
364.8521 276.1348
363.4821 275.9048
363.4821 275.9048
363.0821 278.8548
363.7121 279.7448
363.5321 280.5448
365.6921 283.4748
365.1821 284.9848
365.4821 288.8348
364.3521 289.1848
364.7621 290.3548
363.5321 290.5648
362.3221 292.7448
363.0321 295.2048
359.9221 298.7248
359.6921 300.3148
358.5521 301.4848
358.6221 302.5548
357.7521 304.2048
358.2221 306.4648
357.7021 306.5448
359.2521 307.5548
358.7121 309.6948
356.3921 312.6248
354.3621 313.9748
354.1021 314.4748
354.6521 315.3148
353.3621 317.2448
353.6521 318.8148
353.0221 321.8248
349.0521 327.6848
349.5921 328.2748
350.0721 327.9848
351.1721 329.8648
352.7921 330.7248
352.3821 331.5648
353.2721 333.8948
352.9821 334.8548
354.6321 338.6048
356.6921 340.5348
357.4721 340.6548
358.3221 342.1448
357.7621 342.3748
357.2821 344.5648
352.8121 347.6548
352.5721 348.6948
351.4921 349.1548
351.1921 350.3648
350.1621 350.2848
349.5121 351.8148
349.8621 353.9948
346.7921 355.6748
347.1021 357.0048
346.1621 357.4648
346.3921 359.0748
345.7421 359.3548
346.3321 359.8048
346.2721 360.7148
344.7221 360.7248
344.8221 361.9048
344.8221 361.9048
346.0621 362.3748
346.4721 364.9948
348.5021 363.9648
350.0021 364.4748
349.8621 366.3048
350.6721 368.0348
350.2321 368.8648
351.1721 368.9648
351.4421 367.9948
356.3621 368.4648
358.5021 370.2048
360.1721 369.7448
362.1121 371.0948
364.4321 370.5148
365.3221 369.6048
366.5121 371.7448
365.4921 372.7348
367.4221 372.2548
369.2021 373.0248
372.8121 370.2948
373.9521 371.5848
373.7221 373.0548
374.6521 373.3548
375.1121 372.1148
375.7221 372.0148
378.9321 373.7348
379.3121 374.8548
379.7421 374.3848
381.2921 374.4148
383.7921 372.5448
384.0321 373.4248
383.4021 374.8448
383.8721 375.7448
387.1321 375.2648
387.8021 375.7648
387.5521 376.8748
386.4421 376.6648
385.3521 377.5448
385.6021 378.9748
388.6721 378.7648
389.2421 376.6248
390.2221 376.0248
393.5521 376.6048
393.7621 377.1448
395.2821 376.5548
395.7621 376.8948
395.6621 378.7348
394.8921 380.5948
396.8621 382.4848
398.0821 382.4548
399.2021 383.8448
400.7421 383.4548
401.3421 382.6248
401.7321 383.4748
403.3421 384.4048
403.4021 386.4648
402.6121 388.8248
403.0121 389.2348
405.2321 388.5048
405.8721 387.6148
406.3421 388.0148
406.7221 387.3048
408.9821 388.1548
408.4721 390.9748
407.3021 392.7448
411.8921 397.7948
412.4521 399.2148
413.2121 399.1848
413.7321 400.7148
412.7921 401.7648
414.5321 403.8348
416.2921 404.3848
416.3621 406.6148
417.5621 407.0748
420.1421 410.5948
422.6621 411.9648
426.6121 415.9648
430.0521 416.7548
429.8021 420.3548
430.1921 421.3648
432.8021 420.4348

