613 694

Amazonas
252
303.1600 150.0812
304.5700 150.4312
305.3900 150.7012
310.7300 152.6312
317.2700 154.8512
322.3300 156.5312
325.2000 157.3912
328.6100 157.1912
330.8400 157.2312
331.7700 156.7512
334.5700 154.9912
336.3800 152.2712
340.1400 151.8412
344.2000 151.9512
346.8200 151.9712
349.6200 149.8512
350.3800 149.2912
351.8600 148.6112
356.4700 148.9912
357.1300 150.1712
357.5100 151.0612
358.7900 152.3912
360.2900 152.3912
361.2200 151.8412
362.2400 150.6012
362.7500 149.5612
363.8900 149.2512
364.9900 149.2012
366.2500 149.2512
367.2700 149.5512
368.4900 150.7912
370.5400 151.0812
371.7700 149.6012
373.3100 147.8412
376.9800 145.6412
378.2000 145.5712
378.9600 147.0312
382.3600 150.6412
384.0400 150.7712
384.5200 149.3712
387.5900 147.8812
388.4900 147.8812
389.5000 148.3612
390.8000 149.4512
390.6700 151.7712
390.9600 152.6112
391.7000 154.6012
392.3900 156.0012
392.8800 156.7612
393.7200 157.6912
399.2300 163.0012
400.3100 163.5112
401.4400 163.5312
402.5600 163.3012
404.9600 162.6512
406.7600 162.5412
408.2900 163.6512
409.0900 164.8512
409.6500 165.8212
410.0300 166.6112
410.5500 167.6212
411.0100 168.4612
411.7500 169.4312
415.1900 172.2512
419.2800 176.5912
420.8900 178.4912
421.3900 179.6712
421.1700 181.3112
421.9300 181.9312
424.9700 181.7912
426.8600 180.8612
427.8400 180.1112
436.3600 174.9312
440.4700 173.6312
442.0500 174.2812
444.1300 172.0812
445.1700 170.1212
446.8600 162.5412
448.4800 159.9012
451.4900 161.1212
452.1900 162.4512
462.6000 159.0912
464.2100 157.4312
464.8100 156.4912
466.1300 155.2512
468.8800 154.3512
470.3400 154.6812
469.6200 155.8912
472.0800 157.7412
474.1000 156.6812
474.8100 155.7612
473.3100 150.2212
473.3700 145.4012
472.0400 143.2812
472.1000 141.7112
473.1400 140.8112
474.0900 139.8312
474.4300 138.0712
473.3500 137.2312
471.9300 136.4012
471.6600 135.5112
471.9800 134.5312
472.4900 133.6712
477.5600 129.6512
478.7100 129.5612
479.5500 129.9212
480.2400 130.6912
480.5600 131.6412
479.9600 132.2512
478.7700 132.5512
478.1800 133.2112
478.2400 134.0512
478.8900 134.9312
480.2500 135.8112
486.0800 136.2012
486.2800 134.6812
485.1600 131.5012
485.4500 130.6612
486.8100 130.4312
487.6300 130.7312
490.4800 132.0512
494.7100 133.0712
497.9600 130.2612
497.9000 129.3512
498.6800 125.8112
505.4000 126.7112
505.2600 129.8712
506.2700 132.0612
506.7100 131.1112
507.5100 127.3912
508.4100 122.7112
508.8800 118.9512
508.3700 117.1712
505.8300 111.2512
502.9500  95.3512
500.0000  79.0912
499.4400  76.0112
498.6900  72.0812
498.3000  69.9412
491.8000  33.6712
488.1400  13.1112
485.6100   1.1312
485.0500   0.1212
485.0600   1.2512
483.7400   2.6212
482.4000   3.5312
481.5900   4.0712
478.2000   6.8712
477.6600   7.7612
477.3300   8.5412
476.9900   9.6012
476.5700  10.8712
475.7800  12.4112
473.6100  15.1312
469.9600  18.0812
469.1900  18.4612
468.3400  18.5512
466.5200  17.9512
465.8000  17.3912
463.5100  16.0012
462.6300  15.6212
461.5100  15.6212
458.2300  16.8412
453.4300  18.8812
455.5700  22.2412
457.4100  25.0612
459.9500  28.9812
464.8400  36.5312
466.2800  38.7712
480.4900  60.8812
479.2100  63.2212
478.3000  63.0912
475.2500  65.4512
474.6600  66.8712
474.2500  68.4712
471.1000  71.3012
469.4400  71.6612
468.6100  71.4312
467.7000  70.8712
460.0100  71.6212
459.2700  72.0112
456.5000  75.4012
456.1700  77.1612
447.8700  82.6012
443.0300  80.4312
437.8900  79.0612
434.3100  77.0612
427.1500  77.6212
425.0700  80.3112
420.6200  82.2312
418.2900  82.1412
414.2700  82.6212
413.8600  83.8012
413.9000  85.0112
413.4900  85.7812
412.3100  85.3212
408.7400  82.3812
406.1500  78.7112
405.3900  76.3612
403.6700  76.3112
401.5800  76.7012
397.9600  75.1312
391.4700  71.4012
388.5000  71.7012
387.3400  72.0512
382.2700  73.7512
376.5200  75.1512
372.6800  73.8112
367.2700  71.7612
364.5000  71.0912
363.6500  73.2512
362.3300  75.4512
360.6600  75.3812
359.5100  75.0212
356.5900  76.6212
355.3200  77.6212
354.8800  78.3712
354.2000  81.7512
355.4600  82.3312
356.4300  83.6312
357.2300  85.8712
355.9100  94.9612
354.1600  98.0112
351.5100  99.7612
349.7900  98.1612
347.4000  97.0112
342.4700  99.3512
339.4200 101.3812
338.7200 102.1412
339.5600 105.9912
339.9800 106.7212
341.2100 107.8012
339.9800 110.1612
338.2000 112.5812
337.2600 113.6212
337.0700 114.9112
336.7300 117.4212
332.7000 121.1412
330.2500 121.3612
328.6300 120.9212
324.9700 121.9312
323.8600 124.2512
315.2100 129.8112
309.5400 131.3612
308.5000 132.2612
307.9000 133.3312
306.7700 135.6412
307.5300 136.9312
308.2100 138.7812
306.4600 140.5812
305.3900 141.7312
304.4500 144.8112

Antioquia
291
291.1500 410.3012
289.9600 410.5012
283.6400 408.6612
278.3300 408.0612
276.3800 407.6012
275.3400 406.2412
274.6300 405.2312
270.6400 402.4412
269.3700 403.0212
267.9900 404.0812
266.6400 405.3312
265.8000 405.6812
261.3700 406.0212
254.9200 407.9312
253.3400 408.4412
251.9800 408.6412
251.9200 407.4612
252.5300 403.6412
252.7000 400.6312
252.0000 400.1112
249.3900 400.3712
247.5400 400.5512
245.2300 400.2612
244.1100 399.9712
241.0500 398.3512
240.2100 398.2412
236.7000 398.1612
236.1100 398.5012
234.5500 399.9512
233.6800 400.9312
231.7500 403.4112
231.3900 404.4312
232.1300 406.0712
232.2400 407.3312
232.0000 408.5112
231.3700 410.0512
230.7500 411.1912
230.3200 412.2712
230.1400 413.2612
230.3200 414.2412
230.9500 415.4412
231.1600 418.5912
228.7900 419.0612
227.9500 419.3412
227.2100 420.0012
226.6000 421.6512
226.4500 422.9012
226.4000 424.2212
226.1900 427.0712
225.5900 427.7712
223.7100 428.7812
222.7500 428.9212
213.1800 427.2312
211.9900 426.8612
211.0900 426.7512
206.7700 426.9412
203.3800 431.7012
203.0900 432.6612
203.1000 433.7512
203.0900 437.1212
202.8100 438.6712
199.1400 446.4412
198.2600 447.2612
196.1600 448.6012
195.7700 454.0212
198.0400 454.7812
199.6100 454.6712
201.0900 454.1412
203.0200 455.7512
203.1000 457.2612
202.5900 458.6712
201.8400 460.3912
202.5100 461.4012
208.3700 461.6212
211.3100 461.0212
212.7100 460.3212
213.5400 460.0912
214.3100 460.5112
215.4800 467.5312
215.0700 469.1912
214.5100 470.5512
213.9100 471.4612
211.8400 474.2712
210.2900 474.7012
209.3900 475.1612
206.8900 477.1612
199.3100 484.8812
198.4300 485.8012
197.6200 486.6712
195.1400 489.4812
193.8500 491.0812
190.7900 491.7612
190.2200 495.5612
191.7200 496.0112
192.6700 496.6012
193.5600 497.5612
194.1600 499.0912
194.3900 500.5512
194.8300 502.7312
195.3600 503.4812
197.7100 505.1412
198.8100 505.4812
200.2000 505.8912
201.4300 507.8212
201.6200 507.6512
201.6800 505.8812
201.5100 503.4012
200.1200 503.7412
199.1900 504.2412
198.2100 503.6112
197.7700 501.7112
197.9200 499.6612
200.0600 498.5612
202.3300 498.3812
204.7600 498.9712
205.3100 499.6512
205.8300 503.9312
205.5400 506.0512
204.9500 510.4712
204.4500 516.4012
204.1000 519.3212
202.1200 522.2612
199.8600 523.8812
197.7400 524.5312
197.7300 525.8212
199.5300 528.0512
202.2800 528.5412
208.2200 530.3112
218.1700 538.5912
218.4100 539.8312
219.1100 539.2812
219.5300 538.5512
219.8200 537.7412
219.9000 536.9012
219.9200 535.4012
220.0400 534.3112
220.2600 533.0312
220.8200 531.0112
221.4000 529.9412
221.9900 529.1812
222.7800 528.4412
223.7100 527.8612
224.9100 527.2412
225.9800 526.8212
227.4500 526.0812
228.0600 525.3512
228.2500 524.3012
228.2200 522.5312
228.1500 521.1812
227.9500 519.8112
227.6100 518.7312
226.9800 517.6512
226.2300 516.7812
225.0400 515.6012
224.2300 515.0312
222.2700 513.0312
221.2400 511.8412
220.2500 509.7812
219.7800 508.3612
219.4700 506.9412
219.1100 504.7812
218.9700 503.6512
218.8800 501.5712
218.4100 499.9612
216.8400 498.4012
215.8600 497.4412
215.0800 496.1112
214.7000 491.8412
214.6800 490.3812
214.7400 489.4512
215.0700 487.2912
215.4100 485.8012
215.7500 484.6512
216.3600 483.5312
217.9200 481.1412
221.8000 476.1012
223.2100 475.8712
224.4400 475.9212
225.3500 476.0212
228.1700 476.1312
236.2200 476.1812
238.2300 476.1512
241.2200 476.0012
242.5000 476.3212
249.4100 484.8912
249.9400 487.9512
251.1400 489.9912
251.6500 490.7212
252.7000 491.7412
253.9800 491.9712
254.8800 491.4912
256.1700 490.3512
257.0400 490.0712
257.7300 490.6912
258.1600 492.6512
258.9900 494.9612
260.0000 495.3112
261.3600 495.7612
262.4600 496.2812
263.3900 497.5612
263.6800 498.3812
264.1600 499.5512
268.7300 503.9012
269.8700 504.2012
272.3200 504.1012
274.4900 503.9312
276.8300 503.9312
277.9600 503.9812
278.9800 504.2712
279.8300 504.6812
280.6500 505.3012
281.2900 506.0612
281.7700 506.7912
283.0600 508.6412
284.3200 509.9912
286.4000 508.2212
288.6300 506.3412
289.4300 505.7512
291.1300 504.6312
293.2900 503.3412
294.4000 502.6412
295.2100 502.0212
296.1700 500.9712
296.5400 500.1912
296.7500 499.1812
296.7700 498.2912
296.7500 495.2012
296.9400 493.2112
297.8200 492.1312
296.8600 487.5712
294.1000 480.6812
294.1000 479.7112
294.5200 478.9612
295.1300 478.2312
298.4600 474.8112
300.6400 476.5012
301.1500 477.3112
302.1000 479.2612
302.9800 480.4112
303.7900 480.9412
304.5700 480.6112
305.0800 479.5712
305.1900 478.1312
304.7100 477.3312
303.7800 476.2312
302.9900 474.7412
302.7800 473.7412
302.5100 469.7912
302.6400 468.5812
305.0300 461.4712
306.4900 461.2512
307.7000 461.2712
309.2700 461.6612
313.6300 465.4312
314.8900 466.5812
316.8200 468.4912
319.1400 470.8212
321.3800 473.0712
321.1600 472.3212
320.9500 471.1012
320.9600 470.2512
321.4500 465.8912
321.9800 464.8512
322.7500 463.9212
323.2100 462.2812
323.1400 461.2312
321.2800 459.5312
319.4100 458.6912
318.0100 457.9412
315.8900 455.6712
314.8100 453.8712
314.0300 452.5112
313.3900 451.8812
312.1200 450.8712
307.2500 447.0812
304.5400 445.8212
303.2400 445.7812
301.7500 443.9312
301.3600 442.5212
301.6900 438.9912
302.7400 437.2612
302.3900 436.4012
298.5000 432.0712
297.5300 431.3512
295.8900 430.6512
295.3900 430.0812
294.7800 429.2612
293.6600 425.8212
293.6600 424.1012
293.8300 418.9912
293.1300 418.2812

Arauca
92
489.7300 421.2612
487.2100 422.8012
480.3600 428.3112
477.8800 430.5512
474.6400 431.9812
467.3100 432.1212
465.1900 431.4512
463.0100 430.2112
462.2300 429.8612
461.1300 429.4112
455.0900 429.0112
452.5800 429.0112
446.8900 429.1912
444.1100 429.3512
442.5200 429.5212
434.1800 431.3412
433.0200 431.8012
430.7300 431.2112
429.4000 430.6712
428.3300 430.0412
421.5200 428.0912
420.6900 428.0212
417.5800 428.0312
416.4000 428.9612
410.8900 428.6612
401.9700 426.7912
400.4200 425.7012
399.6700 425.0412
396.6800 423.2412
395.8200 423.2712
394.1500 423.6212
390.6500 425.2012
387.3100 429.6012
386.9400 431.0612
386.8600 432.0612
387.0800 433.8512
390.5300 437.7412
394.6400 439.8412
395.6600 440.7212
396.0000 441.9712
396.0900 443.1112
398.4400 448.5512
400.3300 451.8812
400.6200 452.7512
400.7500 453.5612
400.9600 454.9412
401.0600 456.2912
401.3900 457.5112
401.9700 458.5612
403.8600 461.4112
405.9200 460.4612
407.7400 460.4812
408.9000 461.1412
413.1300 462.9212
415.4600 463.5112
417.2700 463.4012
419.2700 462.8712
421.9400 462.2012
422.9400 461.9712
428.3600 461.9312
431.2400 460.4912
434.5900 459.5012
441.0300 460.3712
441.8400 460.7112
443.2600 461.3512
445.8400 463.0012
446.7400 464.1112
447.9300 464.4112
449.5000 464.6212
453.6100 465.0612
460.5000 463.4212
465.0700 461.4712
467.3600 460.3112
468.4000 459.5212
469.1000 459.0512
469.9300 458.7412
471.1300 458.4712
472.4600 458.7712
473.2400 459.4012
474.1300 459.9412
476.7400 460.2912
478.3600 460.0112
494.6200 439.8512
506.7900 424.6912
505.1600 423.3712
504.0300 422.8012
501.8500 422.0412
500.2100 421.9112
497.8000 421.8812
495.4400 422.1412
492.8800 422.4012
491.6300 422.1812

Atlántico
35
267.1500 618.5412
268.0300 618.7612
275.5800 622.9412
275.9000 624.1912
276.2600 625.4712
280.4600 629.7412
282.6500 631.8612
282.9400 632.1012
282.9100 631.8612
283.7200 629.8512
285.0400 629.0112
286.0100 628.0912
286.5400 627.2012
288.7500 623.1312
288.8600 617.4112
288.7900 614.6912
288.5700 610.4012
288.1900 608.6012
286.2900 607.3412
285.4000 606.5012
284.6600 605.5512
282.4200 600.4412
280.6900 596.2312
277.5400 598.9012
272.6300 601.8712
267.5700 605.5312
267.2300 607.3012
267.5400 608.6512
267.7700 609.7012
267.8500 610.9112
267.6100 612.2712
266.8300 614.6212
267.8700 615.5712
267.5000 616.9412
266.8700 616.2812

Bolívar
163
327.1800 508.7312
326.0800 508.0712
324.5100 506.6312
323.8800 505.1212
323.6700 504.1912
323.6800 502.8012
323.7100 501.5412
324.9200 497.5012
325.6600 495.9512
326.3000 492.7212
325.5200 486.0512
323.8100 483.3412
322.1100 479.4412
321.3700 473.0612
319.1300 470.8112
316.8100 468.4812
314.8900 466.5712
313.6300 465.4212
309.2600 461.6412
307.6900 461.2512
306.4800 461.2312
305.0100 461.4512
302.6300 468.5612
302.4900 469.7812
302.7600 473.7312
302.9700 474.7212
303.7500 476.2212
304.6800 477.3212
305.1700 478.1212
305.0600 479.5612
304.5500 480.6012
303.7700 480.9212
302.9600 480.3912
302.0700 479.2412
301.1200 477.2912
300.6200 476.4912
298.4400 474.8012
295.1100 478.2112
294.4900 478.9412
294.0800 479.6912
294.0700 480.6612
296.8400 487.5412
297.8000 492.1012
296.9200 493.1812
296.7300 495.1712
296.7500 498.2612
296.7300 499.1612
296.5200 500.1712
296.1400 500.9412
295.1900 501.9912
294.3800 502.6112
293.2700 503.3112
291.1100 504.6012
289.4200 505.7312
288.6200 506.3212
286.3900 508.2012
284.3100 509.9712
286.1100 510.8212
286.7600 511.5612
287.1200 513.0212
287.4700 513.3012
288.6300 513.7012
290.1600 513.9812
292.1500 514.2412
293.0700 515.3412
294.7500 518.7312
295.8600 521.7412
295.2700 522.7212
294.6600 524.6212
294.2900 526.2212
294.3000 533.7012
295.8300 535.0312
293.6200 539.9912
292.2900 542.1012
291.1000 543.1912
288.7300 544.8512
287.6500 545.4612
286.8600 545.7912
286.0100 546.1012
283.5900 547.6312
281.8900 549.7112
280.5000 552.4712
279.8200 554.0712
279.6500 555.2312
279.7600 556.2112
280.0900 558.4512
280.0400 559.5912
279.8800 560.5412
279.2200 561.5112
278.2000 562.7412
277.4400 563.5812
266.8100 572.3512
263.6600 574.6112
263.7400 575.4812
263.6000 578.4612
263.2200 579.5412
261.4000 580.3312
257.6200 585.0012
255.6100 589.6312
253.8800 589.2112
253.1800 588.8912
253.6300 590.8012
255.1800 592.7912
255.2800 595.0612
254.6500 602.5912
257.2000 603.7912
257.1400 605.6412
256.4200 608.1012
257.5700 609.8812
260.3400 612.6212
265.3200 615.3612
266.4200 615.2312
266.8100 614.6112
267.6000 612.2612
267.8300 610.8912
267.7600 609.6912
267.5300 608.6412
267.2200 607.2912
267.5600 605.5312
272.6200 601.8712
277.5300 598.9012
280.6800 596.2312
279.3100 591.7112
279.7100 590.4112
281.6300 589.5012
283.1500 589.0812
285.3500 585.9912
285.0600 584.3812
283.7500 583.6012
282.5200 583.0512
282.1300 581.9612
282.2600 579.3912
282.3700 578.4912
284.3000 572.1312
284.7000 571.3912
285.7200 567.0112
285.2600 564.1612
285.2000 562.2012
287.6500 561.1212
288.5200 561.2212
289.4300 561.3512
292.0300 559.5812
294.8400 556.5512
298.9700 554.8512
300.3500 554.8712
304.1500 553.1712
305.9100 552.0712
309.0200 549.2812
310.0800 547.5712
312.3300 545.3312
318.1300 543.4312
321.4400 542.7612
323.5400 542.7312
323.2800 539.9212
323.9600 538.4812
325.0100 537.5212
325.5900 532.3112
325.3400 529.0212
326.5200 526.6312
327.0500 525.7712
328.0800 522.2312
328.5300 518.1812
328.3000 513.6012

Bolívar
5
266.8700 616.2812
266.1500 616.5712
266.3200 618.4912
267.1500 618.5512
266.9500 617.7412

Boyacá
200
379.7500 456.4112
382.2700 456.4112
385.0100 456.5012
385.9900 456.8212
387.2000 457.8912
387.7900 459.0112
388.4500 460.3812
392.5900 462.7412
393.4400 463.0512
394.5100 462.9512
395.8800 462.5812
397.0300 462.5512
397.8300 462.9212
398.6300 463.5712
401.1600 461.6812
403.8600 461.4112
401.9700 458.5612
401.3900 457.5112
401.0600 456.2912
400.9600 454.9412
400.7500 453.5612
400.6200 452.7512
400.3300 451.8812
398.4400 448.5512
396.0900 443.1112
396.0000 441.9712
395.6600 440.7212
394.6400 439.8412
390.5300 437.7412
387.0800 433.8512
386.7500 433.6212
385.5300 432.4212
384.9000 431.3812
384.6000 430.3212
384.5000 429.1612
384.2600 423.9612
386.3300 421.7312
385.1700 416.8212
384.6000 416.2012
383.9200 413.3912
388.3900 411.4712
390.3300 408.1612
390.3800 407.2012
388.5600 402.7612
385.2500 401.3912
384.4800 401.8612
383.6300 401.5312
383.0000 400.9312
382.2300 399.8512
381.4800 398.7312
380.3700 397.1512
379.6200 396.2412
374.2400 392.3512
370.2200 391.8012
368.9600 393.2212
366.8900 394.7412
361.6900 388.2712
360.5700 385.1312
360.9800 384.3012
363.0700 382.4012
363.5100 381.4712
363.3700 380.6612
362.2000 379.3512
360.9500 378.6412
359.5500 378.3312
358.4900 377.4512
357.7700 376.2612
356.4300 371.7912
356.1800 370.7512
356.3100 369.9212
357.6200 367.7212
355.8800 364.8012
354.0900 364.5712
352.0100 364.9212
351.0800 365.4312
350.5100 366.2112
349.1900 367.8912
346.6300 369.6912
345.6600 370.1612
344.8100 370.4512
343.5600 370.9312
342.5700 371.3512
341.3400 372.1212
338.9300 373.7212
337.5500 375.0412
337.2400 376.2212
337.9500 378.9412
338.6000 379.9812
340.1000 381.5812
339.3900 385.6512
338.5900 387.2712
337.8100 388.6812
336.0200 394.3712
333.1700 397.7712
330.2600 398.5212
327.0500 401.6912
325.3400 401.3112
323.3500 399.9112
322.7900 398.4212
322.7200 397.2212
320.9200 395.3212
320.0700 394.5112
319.3000 394.1312
317.8800 393.5712
316.9100 393.6412
311.5600 397.6312
308.8000 398.5912
305.3100 403.0412
304.8900 404.5712
306.0500 405.9012
306.8300 406.9412
306.1500 410.8812
305.0700 412.1212
303.4100 410.8612
301.0800 409.7512
299.5100 410.0112
297.6800 410.5612
292.6600 409.5012
291.9200 408.8912
291.9000 409.4812
291.1500 410.3012
291.7200 413.2412
293.1300 418.2812
293.8300 418.9912
293.6600 424.1012
293.6600 425.8212
294.7800 429.2612
295.3900 430.0812
295.8900 430.6512
297.2800 429.0212
299.4500 425.5112
301.0400 423.1312
302.4600 421.8312
303.6300 421.4912
304.4100 421.8312
305.1600 422.2412
306.2400 422.5712
307.2900 422.1912
309.1900 418.1412
312.9100 414.6912
317.3800 412.1912
318.0700 411.5212
318.8400 409.4912
319.6500 408.8212
324.5600 410.0312
329.9700 410.6512
331.2800 409.6112
332.5300 408.7812
333.5300 409.4512
334.2200 411.8312
334.3900 412.6912
335.1800 417.4312
337.6200 423.3412
338.8900 425.0512
343.7100 422.5112
344.5000 421.7712
344.9000 420.8212
344.9800 419.7012
344.8800 418.8012
344.5700 417.6812
343.4700 415.6112
343.3100 414.5912
343.5800 412.9012
344.2000 411.7112
345.0900 411.0212
346.4700 410.6312
347.7100 410.7712
350.0100 411.8512
350.7100 412.6012
350.8800 413.5912
350.3700 415.0212
350.5400 416.2412
351.2000 416.9712
352.3200 417.5212
353.2000 417.7512
354.3700 417.8812
355.4900 417.6612
358.0800 417.2512
361.0900 420.2212
368.7300 429.6712
369.8300 431.6912
370.4500 433.4112
370.3400 435.4912
369.7000 436.6812
369.0500 437.7112
368.7600 439.1512
368.7900 443.2912
370.0000 443.4812
372.3700 442.0112
372.9000 440.8312
373.6600 438.1012
375.8200 438.1712
376.7800 438.3812
377.5700 438.8512
378.2400 439.6512
378.7100 440.6012
380.6200 446.1112
380.8700 447.2012
380.9400 448.4112
380.4700 454.4512

Cauca
168
233.2600 216.3412
232.8100 215.3012
228.5400 213.7312
227.3900 213.4812
222.1300 213.5212
220.7700 213.7112
219.8500 214.0112
215.2000 215.9412
214.1900 217.0512
213.1100 219.2912
213.6200 223.2812
213.8800 224.0912
214.2900 224.8112
214.7400 225.7012
214.7000 226.5312
214.2500 227.6812
212.6700 230.7712
211.5600 231.7712
209.7800 231.9312
208.5800 231.2112
207.4800 229.4112
205.9900 228.2312
204.8000 227.9412
201.9200 227.3812
203.0300 229.3512
203.9200 236.5212
203.8100 237.6112
202.9500 238.8312
195.1600 243.6412
194.3300 243.5512
192.7400 242.9712
191.8300 242.7712
186.1100 242.3512
184.5400 242.3412
183.2800 242.5012
183.6800 248.0012
184.1500 248.7212
185.3800 249.9912
186.3200 250.4612
187.2600 251.8612
187.6200 252.8612
186.5400 253.8412
184.8000 255.3812
181.4300 259.5012
179.6200 262.5512
178.9700 263.4712
178.2100 263.8712
173.8300 263.3812
171.9100 263.3312
171.0600 263.3312
168.8500 263.6312
167.6700 263.9012
166.8200 264.1812
165.7300 264.7712
164.0400 266.1812
163.5300 267.0612
161.9500 270.5112
160.5300 273.0412
158.1400 276.6012
157.0300 278.0112
156.5200 278.9012
156.1000 279.8912
155.9900 280.6412
156.1500 282.2912
157.5400 280.3812
157.8000 279.3012
159.2900 278.5612
162.3200 278.9512
164.0600 280.6312
163.2700 281.9512
162.5900 286.6112
165.3500 291.1312
171.4500 298.6612
172.2100 299.0412
177.5700 307.2812
177.9500 308.4112
179.3500 306.8212
181.1800 304.1812
187.7100 299.4212
195.0900 298.7412
196.0200 300.0612
198.4300 298.9112
200.8700 296.1812
206.3700 298.9612
210.0700 301.1812
211.9200 301.3912
216.9300 303.6112
217.8700 305.3612
217.7700 306.9912
217.0800 307.9112
218.0100 309.5112
219.9600 309.7412
223.4600 309.0912
224.9600 308.3012
226.0000 307.6612
227.2700 306.9412
229.0200 306.1712
230.4900 305.6412
232.2400 305.4112
232.3000 304.7112
232.1100 303.3412
232.0300 302.3412
232.5000 301.5312
233.6500 299.8812
234.8700 297.7412
235.4700 296.4412
236.0300 295.6512
238.6200 288.0212
240.6900 283.5112
241.7900 281.7912
242.4000 280.7212
244.1300 276.3312
244.5800 275.0912
244.7300 274.2212
241.6400 273.4212
240.8400 273.6412
238.8600 275.2812
237.0600 276.4412
235.2600 277.0212
233.9300 276.2212
233.0900 275.0612
231.8600 273.3812
231.0900 272.7012
230.0500 272.2612
228.8400 272.0912
226.8200 272.6412
225.9300 272.7212
224.9800 272.2012
220.9600 267.6612
220.8400 266.8412
221.5900 264.5712
221.9900 263.6212
222.4400 262.7012
222.7800 261.3312
222.7800 260.1112
222.1600 259.5712
221.0400 259.2712
219.4000 259.3712
217.7200 259.9412
216.4900 260.6112
215.1200 261.2312
213.7800 261.5212
211.9900 261.1212
210.7900 260.2712
210.7500 258.1812
211.3300 251.7812
212.1400 250.8412
213.0700 250.8012
214.4500 250.8512
216.3500 250.0212
218.1500 247.4812
218.3800 246.2212
218.2300 244.7112
218.0500 243.2612
218.4900 242.2912
221.5100 239.4312
225.8300 236.7312
226.6800 236.4312
227.7100 236.4812
229.7000 236.9412
229.7200 235.1812
227.7500 231.0212
226.3400 228.4712
224.9500 227.1112
224.7100 225.8312
225.4600 221.5912
227.8700 220.0212
230.3200 219.1612

Cesar
143
327.1800 508.7312
328.3000 513.6112
328.5300 518.1912
328.0800 522.2412
327.0500 525.7812
326.5300 526.6412
325.3500 529.0312
325.6000 532.3212
325.0300 537.5312
323.9800 538.5012
323.3000 539.9312
323.5600 542.7412
323.9500 543.4112
325.3600 545.4412
326.2200 546.9812
325.3600 548.3512
324.1100 549.6612
322.9000 550.7312
320.7400 555.4112
320.3900 556.6412
319.5600 558.0312
317.6200 561.0612
317.0800 561.8612
315.8600 562.9512
314.5300 563.4912
313.6600 564.2712
316.2700 567.8112
317.4300 568.4512
321.8200 568.2112
327.2900 568.5312
325.0400 574.9412
320.1300 581.8112
315.3900 588.0912
316.3900 591.9212
316.7700 593.0112
320.6600 599.6912
322.9000 600.9212
323.7400 601.2012
329.2500 603.2812
337.3700 607.1812
336.8700 608.6212
335.3200 610.1512
335.0100 611.2812
334.9800 612.1212
335.0900 612.9912
335.6600 613.9412
336.4900 615.9212
335.0100 617.6412
333.4300 619.3612
332.8700 620.1912
332.6800 621.4512
332.9600 622.3712
333.7300 623.4012
334.4400 622.2812
335.1500 621.5512
336.3400 621.2312
337.3900 621.1312
341.0500 621.0712
344.3300 621.0912
346.2500 621.1812
347.4900 620.9712
348.9200 620.0912
355.8000 612.7012
356.4100 611.1212
355.9500 608.3012
355.4500 607.2312
354.1500 606.6612
351.8800 603.7912
354.1600 602.2412
355.5700 602.3212
357.0100 602.5812
357.9200 602.8312
359.5400 603.1812
360.8100 603.2912
362.9200 603.0912
363.4000 602.9712
363.1400 599.8012
362.1500 590.0612
361.4200 588.6312
360.5600 585.3012
360.1900 581.2712
359.4400 575.5912
356.2700 568.9912
354.7900 567.0012
349.5300 560.6512
344.6400 553.0712
344.0500 550.8112
343.8000 550.4212
343.3900 549.5812
342.8800 548.2912
342.6900 547.4712
341.7100 540.7712
341.5600 537.6512
341.9200 535.5512
342.0100 533.1112
341.4200 531.6012
340.7700 530.7712
339.3900 529.4312
338.8200 528.4412
338.5100 527.3912
338.1800 524.4012
339.9200 517.5712
340.3900 516.5412
341.5400 516.1912
342.7000 517.1512
342.7500 518.2912
342.6900 519.1912
342.5400 520.5312
343.0800 521.2812
344.5200 521.3912
345.4500 520.9612
345.8900 520.2012
346.0800 519.2812
346.1100 517.9312
346.0000 516.0012
345.6600 514.3112
344.4900 513.5912
343.5700 513.4712
342.9300 512.7412
342.9300 511.7612
343.5300 510.2912
345.0800 508.1412
346.0300 506.1412
346.4600 504.9712
347.4300 501.0412
347.1900 499.6312
344.6800 494.4012
343.6800 492.8312
342.6000 491.8212
340.8300 490.8912
339.6700 490.6012
335.1800 490.0512
334.9800 490.5712
333.9200 491.5312
332.1700 491.6712
329.6400 491.8412
329.1000 492.9312
329.4800 494.4212
330.4400 495.8612
331.2500 497.1712
331.5600 498.8612
330.1500 502.8712
329.3400 504.6612

Chocó
227
179.6700 530.2412
180.4800 529.7112
182.4000 526.2412
183.0400 523.6812
184.8400 521.5312
185.7000 520.9712
186.5500 520.6612
188.0200 520.2712
189.2300 519.2812
189.8700 518.2912
191.4000 515.8012
196.0600 512.1712
196.6000 510.1712
196.8900 508.8912
199.4000 507.3412
201.4300 507.8212
200.1900 505.9012
198.8000 505.4812
197.7000 505.1512
195.3400 503.4812
194.8100 502.7312
194.3700 500.5512
194.1400 499.0912
193.5300 497.5612
192.6500 496.6012
191.6900 496.0112
190.2000 495.5612
190.7600 491.7612
193.8300 491.0812
195.1100 489.4812
197.5900 486.6712
198.4000 485.8012
199.2800 484.8812
206.8600 477.1612
209.3500 475.1612
210.2500 474.7012
211.8000 474.2812
213.8700 471.4712
214.4700 470.5512
215.0300 469.2012
215.4400 467.5312
214.2700 460.5112
213.5100 460.0912
212.6800 460.3212
211.2700 461.0312
208.3300 461.6312
202.4700 461.4112
201.8000 460.4012
202.5500 458.6912
203.0700 457.2712
202.9800 455.7612
201.0500 454.1512
199.5700 454.6812
198.0100 454.7912
195.7400 454.0312
196.1300 448.6112
198.2300 447.2712
199.1100 446.4512
202.7700 438.6812
203.0600 437.1412
203.0700 433.7612
203.0500 432.6712
203.3400 431.7112
206.7300 426.9512
211.0600 426.7612
211.9600 426.8712
213.1500 427.2412
222.7200 428.9312
223.6800 428.7912
225.5600 427.7812
226.1600 427.0812
226.3700 424.2312
226.4200 422.9212
226.5700 421.6712
227.1800 420.0112
227.9200 419.3512
228.7700 419.0612
231.1400 418.6012
230.9200 415.4412
230.2900 414.2412
230.1200 413.2712
230.2900 412.2812
230.7200 411.2012
231.3400 410.0612
231.9700 408.5212
232.2100 407.3412
232.1000 406.0812
231.3600 404.4412
231.7100 403.4212
233.6500 400.9512
234.5200 399.9712
236.0800 398.5212
235.2900 398.2712
234.3100 397.9012
232.9500 397.3912
226.1700 394.1712
225.4000 393.6712
221.9400 390.0712
222.2000 388.8212
226.1100 380.2812
226.5700 379.5412
227.3000 378.7812
228.1100 378.2612
229.0300 377.7812
229.7100 377.5312
229.6200 376.8812
229.3600 375.8612
228.8200 374.6712
228.0400 374.1112
227.0800 373.6912
226.2300 373.1912
221.6100 369.4012
221.0300 368.7312
220.5700 367.7512
217.5600 360.9012
214.4700 355.1712
213.9500 354.4012
213.7300 353.4412
213.6500 352.5412
213.8200 350.7212
214.0700 349.5712
214.3200 348.7612
214.6600 347.9712
215.6600 346.7812
217.5100 344.9512
216.9500 343.4812
212.3400 339.7912
205.9500 337.7612
204.8400 337.6112
203.7000 337.6812
202.8000 338.0412
199.8600 339.8612
194.1600 341.7612
190.0400 345.2812
188.7100 345.8312
187.7600 345.7812
186.1800 345.3912
185.4300 345.9912
184.5100 347.7212
184.7500 348.3612
182.7900 348.7812
180.8300 348.7112
178.9700 351.7012
180.4400 355.8412
180.6100 356.1112
180.9500 357.0012
181.8200 360.1012
181.6700 364.2712
181.4600 367.2012
180.7200 371.1812
180.3900 372.2512
180.1600 373.2812
179.8200 376.2812
179.3900 382.1212
179.4300 385.0812
180.1500 387.0512
180.3900 388.6012
179.8900 390.9812
178.3700 397.4712
174.9100 399.4412
172.7900 400.0412
173.9300 402.7312
177.3900 404.3712
178.9600 404.1112
179.9200 403.5512
181.2500 404.0512
184.4000 407.8612
184.8000 409.8812
184.6300 411.1212
180.7600 419.3212
177.9100 423.1512
176.0000 425.2112
175.1200 426.3512
174.5800 427.4612
175.1200 431.4812
177.9400 429.7012
178.8500 431.4212
180.0600 435.9412
180.7000 443.1912
177.9100 448.2712
176.4400 449.1512
175.5000 449.2512
167.2600 455.9412
167.8200 460.0912
167.6800 461.0612
166.6700 463.3312
162.0300 467.2912
158.0600 470.4712
161.4500 480.7812
162.7600 480.6512
163.8800 481.0212
164.5600 481.9112
165.0200 483.1712
164.6700 484.5112
163.6300 486.3012
163.4400 487.1712
163.4300 488.5712
163.4500 489.6412
164.0600 490.7512
167.3600 489.0712
169.0000 485.9312
169.5700 484.2412
169.9900 483.2812
170.9300 482.7412
181.0900 489.9912
181.1300 491.0012
179.4800 493.1612
181.9000 497.6412
182.5700 498.3812
185.8500 499.7212
186.5600 502.2912
185.8600 505.9512
184.6900 508.3212
183.4700 510.5312
182.5400 511.2412
180.3600 513.3912
179.8000 514.1012
179.5700 516.2612
179.5500 517.3812
179.2900 518.8112
178.0200 520.9912
177.0600 521.8712
175.4300 521.8412
175.1300 523.8912
176.1000 525.3712
176.6600 525.7712
179.4100 529.0612

Chocó
11
178.3200 350.8412
179.2700 350.3012
180.1000 348.4112
181.6000 347.9512
181.0500 347.4512
174.1600 346.2312
172.1700 345.6812
172.5800 347.1712
176.9200 351.2412
177.3400 351.3512
177.8600 351.1612

Caldas
76
260.7700 370.9512
257.4600 373.8112
255.7800 374.8512
254.9300 374.9012
251.7400 375.0712
247.4500 376.6312
242.8500 375.5512
241.3900 375.5412
240.5000 376.2712
238.8600 380.7012
239.4600 382.1112
243.9600 386.2912
248.0400 388.6012
249.4800 390.2712
250.4500 392.1612
246.9800 394.6312
244.1700 393.9912
242.5800 393.2012
241.4900 392.8512
240.7900 393.7512
241.0500 398.3512
244.1100 399.9712
245.2300 400.2612
247.5400 400.5512
249.3900 400.3712
252.0000 400.1112
252.7000 400.6312
252.5300 403.6412
251.9200 407.4612
251.9800 408.6412
253.3400 408.4412
254.9200 407.9312
261.3700 406.0212
265.8000 405.6812
266.6400 405.3312
267.9900 404.0812
269.3700 403.0212
270.6400 402.4412
274.6300 405.2312
275.3400 406.2412
276.3800 407.6012
278.3300 408.0612
283.6400 408.6612
289.9600 410.5012
291.1500 410.3012
291.9000 409.4812
291.9200 408.8912
291.6100 408.3512
290.8900 399.4412
291.1800 397.6012
289.9100 394.3712
289.3300 393.2112
288.7000 392.1512
287.5900 390.5812
287.5600 390.6112
286.6600 390.9312
285.0500 391.3412
283.3300 391.4512
280.8400 391.4512
279.9100 391.2612
277.0000 390.5612
275.9000 389.9712
274.6400 388.9712
273.6600 387.9712
273.2500 387.2512
272.7400 386.0612
272.0400 385.6112
268.3300 385.2312
266.9300 385.2312
265.6000 385.0312
264.4500 383.7412
264.1600 382.9012
262.4000 376.4712
262.9100 375.3312
263.6500 374.3612
263.6300 373.4512

Córdoba
136
284.3200 509.9912
283.0600 508.6412
281.7700 506.7912
281.2900 506.0612
280.6500 505.3012
279.8300 504.6812
278.9800 504.2712
277.9600 503.9812
276.8300 503.9312
274.4900 503.9312
272.3200 504.1012
269.8700 504.2012
268.7300 503.9012
264.1600 499.5512
263.6800 498.3812
263.3900 497.5612
262.4600 496.2812
261.3600 495.7612
260.0000 495.3112
258.9900 494.9612
258.1600 492.6512
257.7300 490.6912
257.0400 490.0712
256.1700 490.3512
254.8800 491.4912
253.9800 491.9712
252.7000 491.7412
251.6500 490.7212
251.1400 489.9912
249.9400 487.9512
249.4100 484.8912
242.5000 476.3212
241.2200 476.0012
238.2300 476.1512
236.2200 476.1812
228.1700 476.1312
225.3500 476.0212
224.4400 475.9212
223.2100 475.8712
221.8000 476.1012
217.9200 481.1412
216.3600 483.5312
215.7500 484.6512
215.4100 485.8012
215.0700 487.2912
214.7400 489.4512
214.6800 490.3812
214.7000 491.8412
215.0800 496.1112
215.8600 497.4412
216.8400 498.4012
218.4100 499.9612
218.8800 501.5712
218.9700 503.6512
219.1100 504.7812
219.4700 506.9412
219.7800 508.3612
220.2500 509.7812
221.2400 511.8412
222.2700 513.0312
224.2300 515.0312
225.0400 515.6012
226.2300 516.7812
226.9800 517.6512
227.6100 518.7312
227.9500 519.8112
228.1500 521.1812
228.2200 522.5312
228.2500 524.3012
228.0600 525.3512
227.4500 526.0812
225.9800 526.8212
224.9100 527.2412
223.7100 527.8612
222.7800 528.4412
221.9900 529.1812
221.4000 529.9412
220.8200 531.0112
220.2600 533.0312
220.0400 534.3112
219.9200 535.4012
219.9000 536.9012
219.8200 537.7412
219.5300 538.5512
219.1100 539.2812
218.4100 539.8312
218.7300 539.8412
219.5500 540.0012
220.6000 540.2312
222.9100 541.1612
225.1100 543.5112
228.5500 551.6612
228.8800 553.4812
231.4400 556.7912
232.3000 557.6312
233.0500 558.0412
239.3500 561.2212
243.5800 561.9012
247.3200 561.1812
248.0000 559.7712
248.6800 558.8712
249.4300 558.0512
250.2000 557.4012
255.5100 553.9212
259.3400 549.9312
260.1200 549.2712
263.2500 548.5012
264.1000 548.1512
264.9100 547.7012
267.3400 545.6112
268.9000 541.3612
268.9500 540.3212
268.4100 537.7912
267.1600 538.2912
265.8200 538.1612
264.0500 537.9112
260.8800 536.7112
260.8200 535.5512
263.2200 529.3012
264.4000 522.2612
265.6000 521.9112
267.2400 522.4612
268.1300 522.5912
269.1400 522.0012
269.3000 519.7712
269.5400 518.0612
272.6400 518.8912
274.9900 520.5112
275.8000 521.3112
276.9200 522.5312
282.7500 520.0912
285.7300 517.4312
285.9100 515.8512
286.1900 514.3012
287.1200 513.0512
286.7600 511.5812

Caquetá
255
399.4500 201.2812
400.2500 200.5912
403.0200 197.3912
405.7600 192.6112
407.2000 188.2012
409.7900 187.5412
412.7900 184.8112
416.0600 182.7412
419.8700 180.6412
420.7800 180.8912
421.1700 181.3112
421.3900 179.6712
420.8900 178.4912
419.2800 176.5912
415.1900 172.2512
411.7500 169.4312
411.0100 168.4612
410.5500 167.6212
410.0300 166.6112
409.6500 165.8212
409.0900 164.8512
408.2900 163.6512
406.7600 162.5412
404.9600 162.6512
402.5600 163.3012
401.4400 163.5312
400.3100 163.5112
399.2300 163.0012
393.7200 157.6912
392.8800 156.7612
392.3900 156.0012
391.7000 154.6012
390.9600 152.6112
390.6700 151.7712
390.8000 149.4512
389.5000 148.3612
388.4900 147.8812
387.5900 147.8812
384.5200 149.3712
384.0400 150.7712
382.3600 150.6412
378.9600 147.0312
378.2000 145.5712
376.9800 145.6412
373.3100 147.8412
371.7700 149.6012
370.5400 151.0812
368.4900 150.7912
367.2700 149.5512
366.2500 149.2512
364.9900 149.2012
363.8900 149.2512
362.7500 149.5612
362.2400 150.6012
361.2200 151.8412
360.2900 152.3912
358.7900 152.3912
357.5100 151.0612
357.1300 150.1712
356.4700 148.9912
351.8600 148.6112
350.3800 149.2912
349.6200 149.8512
346.8200 151.9712
344.2000 151.9512
340.1400 151.8412
336.3800 152.2712
334.5700 154.9912
331.7700 156.7512
330.8400 157.2312
328.6100 157.1912
325.2000 157.3912
321.6900 158.2412
320.2100 158.7612
317.4600 160.2512
315.4800 162.2212
314.0500 163.7212
310.9800 164.5712
307.4100 166.6012
306.6200 167.6912
304.7600 169.1312
300.4000 170.4612
299.7300 169.8612
299.8800 169.0312
299.0900 168.3012
294.2100 169.2112
290.9700 171.1512
290.0700 174.3712
290.9700 175.1012
291.6000 175.7712
290.0400 180.2812
289.3800 181.3312
288.5700 181.9412
284.1400 182.5712
282.8900 182.8612
278.5500 184.6812
277.5100 189.4312
278.0600 190.5412
278.1700 191.3612
277.6500 192.4412
277.0000 193.0712
273.0900 194.8812
271.9400 194.1312
270.6900 193.4212
269.5300 193.6812
268.2600 196.3012
268.1100 197.5612
268.4900 198.9812
266.8600 203.3812
265.6900 204.2812
264.0400 204.6812
262.8700 204.3212
262.0600 204.1512
259.8500 204.0012
256.4100 204.9212
255.4700 205.8712
254.9300 207.1912
251.1200 209.3312
249.3700 208.6912
246.5400 208.2712
242.7800 209.6312
240.0100 212.6812
239.5400 213.5212
239.6800 214.9712
238.6900 216.2212
233.8400 216.5712
233.2600 216.3412
231.4000 218.5812
230.3200 219.1612
227.8700 220.0212
225.4600 221.5912
224.7100 225.8312
224.9500 227.1112
226.3400 228.4712
227.7500 231.0212
229.7200 235.1812
229.7000 236.9412
230.2400 237.2412
234.5500 237.5812
236.2000 237.7012
237.5500 237.7012
238.8800 238.6512
246.7300 248.8012
251.0300 253.8512
254.4900 258.4812
255.2600 260.8412
261.8300 268.5812
263.6500 270.1412
265.3600 273.3312
265.7800 275.6212
266.1300 277.0012
266.6600 277.8112
267.9900 279.0512
269.4700 278.6612
270.2900 278.3312
271.5000 278.6412
275.8700 282.2112
277.7300 284.5312
277.4900 285.8412
276.9900 286.7312
276.2000 287.9312
276.1000 289.4712
276.6300 290.6412
279.7400 294.5312
279.9900 294.8412
283.7000 293.9212
285.3600 293.4412
286.2300 293.0812
287.0900 292.6212
291.1500 289.7912
292.0000 289.1712
292.8700 288.3312
293.3700 287.6612
293.8600 286.5112
293.9700 285.6412
293.8800 284.6712
293.5800 283.5912
293.0600 282.4912
292.1100 281.3712
291.5300 280.7912
290.2800 279.0112
289.9400 277.8712
290.5600 269.8412
290.7600 268.8012
291.6100 266.3612
292.3100 264.7712
292.6200 263.7012
293.0200 260.9012
292.9800 259.5612
292.9600 257.8712
293.0200 257.0312
293.2900 255.8612
294.7100 253.3212
296.0600 251.6412
297.3100 250.1812
298.5500 249.3412
300.4600 248.5612
302.2200 248.1912
303.5000 247.9412
304.4900 247.8212
305.5500 247.7312
306.8500 247.5212
309.3700 246.9012
312.0000 244.3112
313.0100 242.7012
318.0800 239.0412
319.3900 238.8012
321.4300 239.0412
322.5300 239.2312
324.4400 239.9612
325.8800 240.4212
328.9700 241.3212
330.3000 241.5112
331.4000 241.4312
332.7600 240.9512
332.7000 240.5912
332.6400 239.0812
333.0100 236.9312
333.7900 235.6712
336.9900 231.7212
338.7400 230.2412
340.2200 228.5612
341.7000 225.4112
341.9600 224.2012
342.0200 222.8612
342.6900 221.6512
343.4800 220.8112
344.3000 220.0212
345.7300 219.0112
346.8100 218.3212
348.0600 217.4712
351.7300 214.3612
352.5000 213.0512
355.6600 211.7212
357.1500 211.6112
358.1300 211.8312
364.4800 216.6012
364.9900 217.4412
364.5200 218.3412
364.3600 219.3112
365.8600 221.5312
367.7400 222.4312
371.3100 223.1112
374.0100 222.4312
374.8800 221.0212
378.3200 218.7612
379.1600 218.5212
380.7300 218.8212
383.2500 216.3712
388.2400 209.7512
389.2900 206.9812
391.1200 203.4412
392.0000 203.7112
392.9200 204.1212
396.7900 202.7712

Casanare
139
357.6200 367.7212
356.3100 369.9212
356.1800 370.7512
356.4300 371.7912
357.7700 376.2612
358.4900 377.4512
359.5500 378.3312
360.9500 378.6412
362.2000 379.3512
363.3700 380.6612
363.5100 381.4712
363.0700 382.4012
360.9800 384.3012
360.5700 385.1312
361.6900 388.2712
366.8900 394.7412
368.9600 393.2212
370.2200 391.8012
374.2400 392.3512
379.6200 396.2412
380.3700 397.1512
381.4800 398.7312
382.2300 399.8512
383.0000 400.9312
383.6300 401.5312
384.4800 401.8612
385.2500 401.3912
388.5600 402.7612
390.3800 407.2012
390.3300 408.1612
388.3900 411.4712
383.9200 413.3912
384.6000 416.2012
385.1700 416.8212
386.3300 421.7312
384.2600 423.9612
384.5000 429.1612
384.6000 430.3212
384.9000 431.3812
385.5300 432.4212
386.7500 433.6212
387.0800 433.8512
386.8600 432.0612
386.9400 431.0612
387.3100 429.6012
390.6500 425.2012
394.1500 423.6212
395.8200 423.2712
396.6800 423.2412
399.6700 425.0412
400.4200 425.7012
401.9700 426.7912
410.8900 428.6612
416.4000 428.9612
417.5800 428.0312
420.6900 428.0212
421.5200 428.0912
428.3300 430.0412
429.4000 430.6712
430.7300 431.2112
433.0200 431.8012
434.1800 431.3412
442.5200 429.5212
444.1100 429.3512
446.8900 429.1912
452.5800 429.0112
455.0900 429.0112
461.1300 429.4112
462.2300 429.8612
463.0100 430.2112
465.1900 431.4512
467.3100 432.1212
474.6400 431.9812
477.8800 430.5512
480.3600 428.3112
487.2100 422.8012
489.7300 421.2612
489.2300 420.9112
487.8800 419.2812
487.2600 418.3412
486.2500 416.2012
485.6900 414.4612
484.6800 411.7412
480.4200 406.1412
479.3500 404.9412
476.4200 403.0712
475.3600 402.7312
472.8800 402.1312
471.9300 401.9612
469.9000 402.0212
468.7900 401.8912
464.9400 400.3812
457.4700 395.9412
456.6000 395.3912
455.4500 394.6312
455.0200 393.5712
455.0200 392.7312
454.9400 391.8812
448.4200 385.8812
447.2400 385.1812
445.5200 384.3512
441.0200 376.7512
440.2700 375.7812
439.3600 375.0112
438.6600 374.5712
438.2600 374.1312
434.9500 372.0912
433.4200 371.2212
431.8400 370.7012
430.6900 370.6012
428.1200 369.6612
427.1400 369.2412
419.0000 365.5412
416.2300 363.4912
415.4300 363.0212
414.2300 362.5312
410.6200 361.3112
406.2600 358.5312
405.3800 357.5612
401.8200 354.7812
399.2200 353.5912
398.0300 353.6912
397.1300 354.6812
396.2700 355.5212
395.0000 355.9412
391.2500 355.5012
387.8000 354.2012
386.6300 352.6612
385.9500 352.0412
384.4500 351.1312
380.6500 350.5812
376.3800 350.1112
371.0500 349.6412
370.2400 350.3712
363.1400 358.0712
361.1200 360.8412
360.6600 362.3312
360.2300 363.4412
358.9900 365.1712

Cundinamarca
153
287.5600 390.6112
287.5900 390.5812
288.7000 392.1512
289.3300 393.2112
289.9100 394.3712
291.1800 397.6012
290.8900 399.4412
291.6100 408.3512
291.9200 408.8912
292.6600 409.5012
297.6800 410.5612
299.5100 410.0112
301.0800 409.7512
303.4100 410.8612
305.0700 412.1212
306.1500 410.8812
306.8300 406.9412
306.0500 405.9012
304.8900 404.5712
305.3100 403.0412
308.8000 398.5912
311.5600 397.6312
316.9100 393.6412
317.8800 393.5712
319.3000 394.1312
320.0700 394.5112
320.9200 395.3212
322.7200 397.2212
322.7900 398.4212
323.3500 399.9112
325.3400 401.3112
327.0500 401.6912
330.2600 398.5212
333.1700 397.7712
336.0200 394.3712
337.8100 388.6812
338.5900 387.2712
339.3900 385.6512
340.1000 381.5812
338.6000 379.9812
337.9500 378.9412
337.2400 376.2212
337.5500 375.0412
338.9300 373.7212
341.3400 372.1212
342.5700 371.3512
343.5600 370.9312
344.8100 370.4512
345.6600 370.1612
346.6300 369.6912
349.1900 367.8912
350.5100 366.2112
351.0800 365.4312
352.0100 364.9212
354.0900 364.5712
355.8800 364.8012
357.6200 367.7212
357.6200 366.9012
357.3100 366.0012
356.5900 362.1412
354.4100 350.2212
351.1300 348.5112
344.4100 350.2012
342.3100 349.6712
341.2800 348.9912
340.3900 348.8012
338.3300 349.2512
337.4100 350.0212
336.5900 352.3012
336.3900 353.2412
336.1600 354.6812
335.6400 356.1212
334.8400 356.7612
333.7100 357.3412
328.4900 358.6712
327.1900 357.6812
325.7200 355.4312
325.1200 353.9312
325.8500 352.9612
327.0600 352.6612
328.8300 348.9512
329.0000 348.0312
329.0000 345.9712
327.9000 345.4112
326.9700 345.4212
325.2400 345.3612
318.5700 341.9612
317.7900 341.3512
316.9300 340.4812
316.0400 339.7812
314.2700 338.6612
313.2900 338.3112
312.2300 338.2312
312.1600 340.8212
313.3500 345.6512
314.2200 349.9712
314.5000 354.0612
314.7300 355.1012
315.2400 356.3012
315.6100 357.0612
316.3800 358.2812
317.3800 359.2512
318.1500 360.1812
318.9100 361.4112
319.0300 368.2812
318.7000 370.2512
316.5800 371.3712
315.5600 371.2012
311.2300 363.7112
309.8400 354.1212
310.0500 351.2612
310.4700 348.6312
310.2700 347.1312
308.0700 341.7712
307.0200 341.3812
304.9500 341.3112
302.6300 338.0512
302.7400 335.2412
301.9100 332.0712
301.5500 331.3112
300.3000 329.1512
299.0000 327.3512
297.9900 326.5212
298.1000 326.7412
298.5500 327.9712
298.4100 328.9212
296.7800 329.8212
296.1800 330.5812
296.1300 330.8412
297.1600 333.4112
297.2700 334.6612
297.4200 339.3912
298.7900 342.1812
298.7500 343.4212
298.3300 344.3812
296.9700 346.4312
295.9900 347.5612
294.8400 347.9012
293.3800 347.4112
292.4000 345.8412
291.2300 345.3112
290.2200 345.4212
282.2100 348.5112
281.3900 349.1612
282.0600 350.9812
284.9500 356.4512
285.6700 358.6512
285.1600 359.8012
284.8900 361.3012
284.7200 362.6212
284.3000 367.0912
286.5000 371.8712
288.3100 383.4212

Distrito_Capital_de_Bogotá
40
297.9900 326.5212
299.0000 327.3512
300.3000 329.1512
301.5500 331.3112
301.9100 332.0712
302.7400 335.2412
302.6300 338.0512
304.9500 341.3112
307.0200 341.3812
308.0700 341.7712
310.2700 347.1312
310.4700 348.6312
310.0500 351.2612
309.8400 354.1212
311.2300 363.7112
315.5600 371.2012
316.5800 371.3712
318.7000 370.2512
319.0300 368.2812
318.9100 361.4112
318.1500 360.1812
317.3800 359.2512
316.3800 358.2812
315.6100 357.0612
315.2400 356.3012
314.7300 355.1012
314.5000 354.0612
314.2200 349.9712
313.3500 345.6512
312.1600 340.8212
312.2300 338.2312
310.7300 338.3012
309.5000 338.0412
308.4600 337.2612
302.5800 330.8512
301.8300 329.5512
301.2400 328.0612
300.3800 326.1612
299.7000 325.4112
298.8700 325.2412

Guainía
202
577.7100 339.5412
578.3600 336.3712
578.8600 334.3812
580.7300 329.3112
581.5200 327.7212
582.1900 326.9712
583.1300 326.6312
584.5800 326.8012
585.8200 326.8612
586.6700 326.3012
588.9000 323.1812
589.2600 321.5312
590.6100 317.6112
591.2000 316.5212
591.9500 315.9912
592.8300 315.7212
594.2800 315.1612
594.8400 312.8312
592.6300 309.4612
591.6700 309.0912
588.9600 307.0012
586.3000 304.4112
579.8500 298.3512
572.5800 291.5412
572.9700 289.5112
575.3500 289.7312
580.7600 288.7812
581.9400 288.1212
582.6100 286.9312
584.8500 283.4812
586.9000 282.3912
593.5100 275.0412
595.3100 273.6012
596.2800 273.1912
597.8600 272.5412
598.9800 271.7012
599.7300 269.4012
599.3000 268.5712
598.3600 267.7012
597.9700 266.8912
598.1900 265.6012
598.7200 264.1212
599.6900 261.9012
600.2900 261.0512
602.2400 256.7112
607.2500 243.1612
609.9400 233.4912
611.0700 226.3012
611.3800 224.9612
612.0600 223.9212
612.2500 223.7112
611.6400 223.7212
605.5600 222.1412
603.8100 221.7312
603.4400 222.6012
603.2900 225.5712
603.2900 226.3912
603.6000 230.4412
603.8700 231.6412
604.2900 232.6112
604.5700 235.9612
603.9800 240.0712
602.2300 244.7612
600.2800 248.1912
598.4000 250.5312
597.5100 251.1912
596.0000 253.4412
594.1800 256.9612
593.7300 258.2012
593.5000 259.2412
592.9100 260.2512
589.5000 261.4712
586.0600 260.0012
583.5900 258.3712
582.7600 257.7912
579.4500 254.5312
579.0100 253.0312
578.5900 252.3212
575.1300 248.2012
573.4600 246.7812
570.9500 245.5912
569.2100 245.1812
568.1000 245.0712
567.0300 245.2112
566.0800 245.5312
565.2800 246.1312
564.2400 247.4812
563.0000 249.6112
562.6000 250.3812
562.0500 252.6312
561.3800 253.6412
560.5900 254.1312
558.5100 254.7012
557.6000 254.7012
556.3600 252.9012
555.9300 251.9212
555.1000 249.5912
556.1000 246.4212
556.9800 246.2712
558.1700 246.0512
559.3900 244.3212
531.5400 244.4012
520.2400 244.4612
514.5900 244.4812
509.1300 244.4812
507.9900 245.1512
505.5600 245.8012
501.6600 246.7712
495.6100 245.1812
492.1300 243.6412
489.6200 243.7612
488.2500 244.8812
484.4700 245.8012
483.3300 245.9712
482.0500 246.0512
480.8600 246.4612
479.2400 247.7312
477.1700 249.5112
476.2000 250.8812
475.9200 254.6012
476.9100 255.0912
477.5400 256.0212
477.0300 258.3912
476.9200 258.6212
477.5800 259.9612
479.9200 261.6812
480.9500 262.2612
483.1900 264.9312
481.8600 267.1812
480.0100 268.0512
478.2500 267.0212
470.5500 265.5712
463.1600 265.5012
456.9700 268.4112
455.8300 270.7412
454.6200 273.4612
451.5000 277.3312
448.8800 277.3512
448.0000 278.5212
449.9200 280.1712
452.0800 281.5112
455.1200 283.3112
456.4200 284.1312
461.7900 287.7412
462.6200 288.9312
464.5900 289.2812
466.5200 289.7912
467.5600 290.2512
470.6400 294.4712
470.5400 295.7412
470.2300 297.4812
470.5200 300.7412
472.5800 304.2112
474.2700 304.6512
475.9100 304.6612
477.7100 304.9812
477.4400 308.0112
476.7800 308.9712
476.1800 310.3212
477.5300 312.1012
480.9200 313.3112
482.0700 312.6312
484.1100 312.6312
488.9800 316.9112
493.5100 318.6812
495.4300 319.0012
497.9900 320.2512
499.5200 321.7512
499.6200 322.7612
499.3500 324.1812
500.1800 325.0712
503.9500 325.2812
506.0000 324.2212
508.7400 324.5912
509.8900 325.5712
513.3200 326.0612
515.1300 325.3012
516.2200 324.4112
516.4700 323.0312
522.7300 324.2612
527.6100 325.3012
529.7900 324.3712
531.7400 326.0612
533.9500 328.2112
536.5200 328.9512
538.5200 328.7812
541.4600 328.5812
543.4900 329.2312
544.2000 330.5712
544.7100 331.2312
550.4400 336.2812
551.3400 336.7312
558.4900 337.5612
563.9100 337.5612
567.2700 335.9112
567.8600 335.1212
567.9500 334.0512
568.6900 333.4212
570.6900 334.9012
572.0600 336.3912
573.0200 337.5812
573.7900 338.1312

Guaviar
135
476.9200 258.6212
475.8800 258.6612
468.4000 255.7912
455.9100 252.3612
453.7400 252.1512
451.4300 252.1912
446.7600 252.5712
441.3700 248.3812
440.4800 247.9512
438.6100 248.0212
437.3600 247.7612
433.3300 245.2712
430.5500 241.5412
425.4700 235.8212
422.6200 233.8512
421.9300 232.6712
419.4400 226.4712
419.5100 225.4012
419.6800 224.2612
419.6600 222.0612
416.5800 217.8412
413.9600 215.2912
412.9600 215.1712
411.6000 214.8512
410.2900 213.8412
409.7400 213.0112
409.3800 211.7612
409.1300 210.6412
405.5400 207.2612
400.2500 202.2112
399.5200 201.4012
399.4500 201.2812
398.7300 201.2612
396.7900 202.7712
392.9200 204.1212
392.0000 203.7112
391.1200 203.4412
389.2900 206.9812
388.2400 209.7512
383.2500 216.3712
380.7300 218.8212
379.1600 218.5212
378.3200 218.7612
374.8800 221.0212
374.0100 222.4312
371.3100 223.1112
367.7400 222.4312
365.8600 221.5312
364.3600 219.3112
364.5200 218.3412
364.9900 217.4412
364.4800 216.6012
358.1300 211.8312
357.1500 211.6112
355.6600 211.7212
352.5000 213.0512
351.7300 214.3612
348.0600 217.4712
346.8100 218.3212
345.7300 219.0112
344.3000 220.0212
343.4800 220.8112
342.6900 221.6512
342.0200 222.8612
341.9600 224.2012
341.7000 225.4112
340.2200 228.5612
338.7400 230.2412
336.9900 231.7212
333.7900 235.6712
333.0100 236.9312
332.6400 239.0812
332.7000 240.5912
332.7600 240.9512
332.7500 242.1612
332.8700 252.0012
332.8900 253.3212
333.3500 267.4012
334.4500 271.0812
343.4200 269.9412
346.5000 270.3012
352.5500 271.6412
360.2300 274.2512
361.8700 276.2512
363.1400 279.0712
363.8100 279.6812
365.2900 280.3412
366.5000 280.6512
368.2200 279.6612
376.0600 281.5712
377.2900 283.4012
379.2000 285.1512
386.2100 288.7312
397.2500 289.7412
400.7900 289.0312
408.9800 290.2812
411.6100 291.0312
417.1900 290.7212
424.7000 290.8312
429.6700 291.9512
434.2500 291.9812
436.2500 291.9812
438.2500 291.7812
438.7900 291.4012
439.0900 289.2612
442.8100 289.9312
447.3600 288.5812
449.7100 287.3112
453.9100 287.1012
455.0400 288.1112
455.4600 289.8812
456.0900 290.8712
458.7600 289.8812
460.8600 288.9412
461.9300 288.6112
462.6200 288.9312
461.7900 287.7412
456.4200 284.1312
455.1200 283.3112
452.0800 281.5112
449.9200 280.1712
448.0000 278.5212
448.8800 277.3512
451.5000 277.3312
454.6200 273.4612
455.8300 270.7412
456.9700 268.4112
463.1600 265.5012
470.5500 265.5712
478.2500 267.0212
480.0100 268.0512
481.8600 267.1812
483.1900 264.9312
480.9500 262.2612
479.9200 261.6812

Huila
149
229.7000 236.9412
227.7100 236.4812
226.6800 236.4312
225.8300 236.7312
221.5100 239.4312
218.4900 242.2912
218.0500 243.2612
218.2300 244.7112
218.3800 246.2212
218.1500 247.4812
216.3500 250.0212
214.4500 250.8512
213.0700 250.8012
212.1400 250.8412
211.3300 251.7812
210.7500 258.1812
210.7900 260.2712
211.9900 261.1212
213.7800 261.5212
215.1200 261.2312
216.4900 260.6112
217.7200 259.9412
219.4000 259.3712
221.0400 259.2712
222.1600 259.5712
222.7800 260.1112
222.7800 261.3312
222.4400 262.7012
221.9900 263.6212
221.5900 264.5712
220.8400 266.8412
220.9600 267.6612
224.9800 272.2012
225.9300 272.7212
226.8200 272.6412
228.8400 272.0912
230.0500 272.2612
231.0900 272.7012
231.8600 273.3812
233.0900 275.0612
233.9300 276.2212
235.2600 277.0212
237.0600 276.4412
238.8600 275.2812
240.8400 273.6412
241.6400 273.4212
244.7300 274.2212
244.5800 275.0912
244.1300 276.3312
242.4000 280.7212
241.7900 281.7912
240.6900 283.5112
238.6200 288.0212
236.0300 295.6512
235.4700 296.4412
235.7100 296.3812
236.5300 296.3612
237.5700 296.4312
240.0500 297.0412
241.6600 297.6812
244.2800 299.5612
245.2600 300.5612
247.4900 302.7312
248.5900 303.1712
250.2000 303.2212
251.5600 303.2812
252.7900 303.4412
253.6000 303.7712
253.8200 304.6712
253.6800 306.0312
255.8800 309.7912
256.5000 310.5812
262.6600 313.1612
263.7900 313.5212
275.0000 315.2112
276.1900 314.8612
276.6400 313.9712
276.4100 312.3012
275.8400 311.5012
275.0100 310.8312
274.5000 309.6412
275.3900 308.6312
277.2000 308.1712
278.4400 308.2212
279.5900 308.4912
282.3400 310.4912
285.8700 314.7312
285.8000 315.9612
285.4400 316.9512
285.7300 317.8012
287.9700 321.5212
289.5700 323.8412
292.5600 327.6412
293.5800 328.8912
294.8300 329.9312
295.8100 330.6712
296.1300 330.8412
296.1800 330.5812
296.7800 329.8212
298.4100 328.9212
298.5500 327.9712
298.1000 326.7412
297.9900 326.5212
296.3700 322.4412
295.9100 321.5112
295.2900 320.7012
294.2600 319.4912
293.7700 318.5612
293.0700 316.1312
292.3900 313.4112
292.6200 312.5412
292.7600 311.5612
292.8700 309.2312
290.5900 305.2712
289.8600 304.2712
288.9500 303.2012
287.8400 302.3612
287.1300 301.9112
286.0700 301.3212
284.3700 300.1712
282.1200 298.5212
281.0600 297.6012
279.9900 294.8412
279.7400 294.5312
276.6300 290.6412
276.1000 289.4712
276.2000 287.9312
276.9900 286.7312
277.4900 285.8412
277.7300 284.5312
275.8700 282.2112
271.5000 278.6412
270.2900 278.3312
269.4700 278.6612
267.9900 279.0512
266.6600 277.8112
266.1300 277.0012
265.7800 275.6212
265.3600 273.3312
263.6500 270.1412
261.8300 268.5812
255.2600 260.8412
254.4900 258.4812
251.0300 253.8512
246.7300 248.8012
238.8800 238.6512
237.5500 237.7012
236.2000 237.7012
234.5500 237.5812

La_Guajira
105
363.4000 602.9712
362.9200 603.0912
360.8100 603.2912
359.5400 603.1812
357.9200 602.8312
357.0100 602.5812
355.5700 602.3212
354.1600 602.2412
351.8800 603.7912
354.1500 606.6612
355.4500 607.2312
355.9500 608.3012
356.4100 611.1212
355.8000 612.7012
348.9200 620.0912
347.4900 620.9712
346.2500 621.1812
344.3300 621.0912
341.0500 621.0712
337.3900 621.1312
336.3400 621.2312
335.1500 621.5512
334.4400 622.2812
333.7300 623.4012
333.0600 625.9712
333.8400 631.5712
335.0700 633.3712
335.8300 634.0612
336.4900 635.1312
337.2200 636.4012
337.5000 637.2712
337.4900 638.1912
338.6600 638.1212
343.7900 638.2912
345.4200 638.5312
346.5700 638.7912
347.9100 639.2012
348.6100 639.6512
351.1300 641.4312
351.5600 642.5812
353.7400 644.5812
358.2000 647.8512
369.1600 655.5912
370.7200 656.3812
379.5100 659.7612
380.7600 659.6212
381.9900 659.6512
383.6900 660.1912
389.3200 663.4512
390.1900 664.0112
391.2600 665.1012
395.1300 673.1112
395.1200 673.9712
394.8400 677.3312
393.8900 677.9312
394.3400 678.7512
395.1300 679.1012
399.6700 679.4512
402.3000 679.2012
401.5700 678.1012
400.3600 676.7212
401.4200 675.2312
402.3700 675.0812
403.4100 675.4712
406.4400 677.4812
408.6900 681.7812
413.5000 684.0012
416.0400 686.3112
415.0600 687.0412
413.0300 686.8612
411.7000 686.0012
412.2100 687.1312
413.5900 687.9012
414.7900 688.0912
418.8300 687.6612
420.2700 687.3412
430.7000 683.1512
432.0400 682.1312
432.9600 681.3012
437.3300 672.7812
437.4900 671.8112
437.3500 670.7012
436.6500 669.3812
434.9000 668.0012
432.5000 666.6212
430.4200 665.2412
428.8900 663.0112
428.6800 662.5012
425.4400 660.8212
422.7700 660.1012
416.2400 658.4212
412.3200 657.0212
410.3400 656.1312
402.1500 654.6912
397.8500 647.5512
392.2200 637.3012
387.7500 633.7312
386.4300 633.6812
381.3900 632.4812
380.6000 631.9912
378.5900 628.2012
374.7300 622.5412
371.8000 617.3012
367.4600 609.8012
366.3600 608.2912

Magdalena
137
323.5600 542.7412
321.4600 542.7712
318.1500 543.4412
312.3500 545.3412
310.1000 547.5712
309.0400 549.2912
305.9300 552.0712
304.1700 553.1712
300.3600 554.8712
298.9800 554.8612
294.8500 556.5512
292.0400 559.5912
289.4300 561.3612
288.5200 561.2312
287.6600 561.1312
285.2100 562.2012
285.2700 564.1712
285.7300 567.0112
284.7200 571.3912
284.3200 572.1312
282.3800 578.4912
282.2700 579.3912
282.1500 581.9612
282.5400 583.0512
283.7700 583.6012
285.0800 584.3912
285.3700 586.0012
283.1700 589.0812
281.6500 589.5112
279.7300 590.4112
279.3200 591.7112
280.6900 596.2312
282.4200 600.4412
284.6600 605.5512
285.4000 606.5012
286.2900 607.3412
288.1900 608.6012
288.5700 610.4012
288.7900 614.6912
288.8600 617.4112
288.7500 623.1312
286.5400 627.2012
286.0100 628.0912
285.0400 629.0112
283.7200 629.8512
282.9100 631.8612
282.9400 632.1012
284.0200 631.2712
297.6100 626.5912
298.8000 626.3312
299.8400 626.1912
300.9600 626.1612
302.7700 626.1612
304.3400 626.3112
305.4000 626.5212
306.3800 626.8212
305.8600 626.1712
304.9300 625.8212
303.8000 625.6612
301.1500 625.4412
299.2400 625.6712
294.0300 621.7612
293.3800 619.5112
293.9700 617.8312
297.0200 619.0612
299.2400 617.1112
299.5500 616.1312
302.1400 616.1112
302.9500 616.6712
303.6500 617.8312
304.7300 621.1812
306.4500 625.5112
307.5600 627.5712
308.9500 631.8112
308.5800 635.0712
308.6500 636.6712
309.5400 638.1012
310.6300 639.7912
312.0300 640.7012
316.8900 641.7412
317.8900 641.6912
319.6700 641.0112
320.4300 640.1812
323.9000 638.7512
327.0400 637.9512
331.9200 637.9312
333.6100 638.1812
335.1200 638.2612
336.6700 638.2912
337.4900 638.1912
337.5000 637.2712
337.2200 636.4012
336.4900 635.1312
335.8300 634.0612
335.0700 633.3712
333.8400 631.5712
333.0600 625.9712
333.7300 623.4012
332.9600 622.3712
332.6800 621.4512
332.8700 620.1912
333.4300 619.3612
335.0100 617.6412
336.4900 615.9212
335.6600 613.9412
335.0900 612.9912
334.9800 612.1212
335.0100 611.2812
335.3200 610.1512
336.8700 608.6212
337.3700 607.1812
329.2500 603.2812
323.7400 601.2012
322.9000 600.9212
320.6600 599.6912
316.7700 593.0112
316.3900 591.9212
315.3900 588.0912
320.1300 581.8112
325.0400 574.9412
327.2900 568.5312
321.8200 568.2112
317.4300 568.4512
316.2700 567.8112
313.6600 564.2712
314.5300 563.4912
315.8600 562.9512
317.0800 561.8612
317.6200 561.0612
319.5600 558.0312
320.3900 556.6412
320.7400 555.4112
322.9000 550.7312
324.1100 549.6612
325.3600 548.3512
326.2200 546.9812
325.3600 545.4412

Meta
188
438.6600 374.5712
438.5800 374.2012
438.6000 353.0512
438.6200 343.9012
438.6600 333.3612
438.6900 308.0512
438.7200 297.5312
438.7400 291.9312
438.7900 291.4012
438.2500 291.7812
436.2500 291.9812
434.2500 291.9812
429.6700 291.9512
424.7000 290.8312
417.1900 290.7212
411.6100 291.0312
408.9800 290.2812
400.7900 289.0312
397.2500 289.7412
386.2100 288.7312
379.2000 285.1512
377.2900 283.4012
376.0600 281.5712
368.2200 279.6612
366.5000 280.6512
365.2900 280.3412
363.8100 279.6812
363.1400 279.0712
361.8700 276.2512
360.2300 274.2512
352.5500 271.6412
346.5000 270.3012
343.4200 269.9412
334.4500 271.0812
333.3500 267.4012
332.8900 253.3212
332.8700 252.0012
332.7500 242.1612
332.7600 240.9512
331.4000 241.4312
330.3000 241.5112
328.9700 241.3212
325.8800 240.4212
324.4400 239.9612
322.5300 239.2312
321.4300 239.0412
319.3900 238.8012
318.0800 239.0412
313.0100 242.7012
312.0000 244.3112
309.3700 246.9012
306.8500 247.5212
305.5500 247.7312
304.4900 247.8212
303.5000 247.9412
302.2200 248.1912
300.4600 248.5612
298.5500 249.3412
297.3100 250.1812
296.0600 251.6412
294.7100 253.3212
293.2900 255.8612
293.0200 257.0312
292.9600 257.8712
292.9800 259.5612
293.0200 260.9012
292.6200 263.7012
292.3100 264.7712
291.6100 266.3612
290.7600 268.8012
290.5600 269.8412
289.9400 277.8712
290.2800 279.0112
291.5300 280.7912
292.1100 281.3712
293.0600 282.4912
293.5800 283.5912
293.8800 284.6712
293.9700 285.6412
293.8600 286.5112
293.3700 287.6612
292.8700 288.3312
292.0000 289.1712
291.1500 289.7912
287.0900 292.6212
286.2300 293.0812
285.3600 293.4412
283.7000 293.9212
279.9900 294.8412
281.0600 297.6012
282.1200 298.5212
284.3700 300.1712
286.0700 301.3212
287.1300 301.9112
287.8400 302.3612
288.9500 303.2012
289.8600 304.2712
290.5900 305.2712
292.8700 309.2312
292.7600 311.5612
292.6200 312.5412
292.3900 313.4112
293.0700 316.1312
293.7700 318.5612
294.2600 319.4912
295.2900 320.7012
295.9100 321.5112
296.3700 322.4412
297.9900 326.5212
298.1000 325.6612
298.8700 325.2412
299.7000 325.4112
300.3800 326.1612
301.2400 328.0612
301.8300 329.5512
302.5800 330.8512
308.4600 337.2612
309.5000 338.0412
310.7300 338.3012
312.2300 338.2312
313.2900 338.3112
314.2700 338.6612
316.0400 339.7812
316.9300 340.4812
317.7900 341.3512
318.5700 341.9612
325.2400 345.3612
326.9700 345.4212
327.9000 345.4112
329.0000 345.9712
329.0000 348.0312
328.8300 348.9512
327.0600 352.6612
325.8500 352.9612
325.1200 353.9312
325.7200 355.4312
327.1900 357.6812
328.4900 358.6712
333.7100 357.3412
334.8400 356.7612
335.6400 356.1212
336.1600 354.6812
336.3900 353.2412
336.5900 352.3012
337.4100 350.0212
338.3300 349.2512
340.3900 348.8012
341.2800 348.9912
342.3100 349.6712
344.4100 350.2012
351.1300 348.5112
354.4100 350.2212
356.5900 362.1412
357.3100 366.0012
357.6200 366.9012
358.9900 365.1712
360.2300 363.4412
360.6600 362.3312
361.1200 360.8412
363.1400 358.0712
370.2400 350.3712
371.0500 349.6412
376.3800 350.1112
380.6500 350.5812
384.4500 351.1312
385.9500 352.0412
386.6300 352.6612
387.8000 354.2012
391.2500 355.5012
395.0000 355.9412
396.2700 355.5212
397.1300 354.6812
398.0300 353.6912
399.2200 353.5912
401.8200 354.7812
405.3800 357.5612
406.2600 358.5312
410.6200 361.3112
414.2300 362.5312
415.4300 363.0212
416.2300 363.4912
419.0000 365.5412
427.1400 369.2412
428.1200 369.6612
430.6900 370.6012
431.8400 370.7012
433.4200 371.2212
434.9500 372.0912

Nariño
147
201.9200 227.3812
201.1200 227.2612
199.9000 226.9912
199.0000 226.6312
195.2500 224.4312
194.3500 223.9012
193.0600 223.0912
191.8900 222.2512
191.4300 221.5412
191.6600 213.7612
191.8800 212.6912
192.3200 211.6212
193.5900 207.7112
194.9400 201.8212
194.8700 200.8512
193.4200 200.0512
192.1900 199.6512
191.0300 199.4012
190.3900 196.3012
190.8900 194.8112
191.2800 193.2912
191.5400 190.9912
191.6100 189.6412
191.5200 188.4412
186.9000 187.4312
185.7800 187.4812
181.9600 188.5812
179.1700 189.4712
177.4100 190.6212
176.2100 195.8812
176.4100 197.6812
176.5200 199.1812
175.6800 200.5612
174.4600 200.9612
173.6300 200.6812
172.7100 200.5712
171.5000 201.3212
170.8900 201.8212
169.0500 202.8312
168.1300 203.5712
167.6200 204.4612
167.5200 205.7212
167.7400 206.8712
166.8300 208.0112
165.9900 208.3412
162.6400 207.6312
161.2300 206.8312
159.5900 207.0512
158.3800 207.5412
156.4700 209.5612
153.6000 210.7512
152.2500 210.5912
150.6900 210.7512
149.4500 211.2212
146.3500 213.4612
144.0900 215.4012
143.3300 215.8812
141.8800 216.2512
140.7900 216.4512
139.8800 216.8112
138.9900 217.4612
135.3700 220.9712
134.7800 221.8012
134.3400 222.5312
131.3100 223.2212
130.4800 222.7812
129.1900 224.6012
127.5300 225.3812
126.5100 225.7812
125.6500 226.3412
120.2000 232.5712
118.1800 237.0812
115.3100 238.4212
114.4700 238.5812
112.9500 238.6212
111.0800 239.1712
110.2800 240.5212
113.5000 245.4612
117.2700 248.4612
118.7400 248.9112
122.1900 248.2712
123.3800 247.6512
127.9700 245.9712
129.3600 246.0712
130.9200 250.7812
131.0700 252.2112
129.0000 256.3412
128.0400 256.8312
126.6100 258.2212
125.5200 261.9412
125.2600 263.5312
127.0900 267.4612
129.5600 272.0512
130.2700 273.1912
130.6200 271.6112
131.2700 272.9112
132.0200 273.3912
134.3900 273.7612
134.7900 276.2612
135.9300 276.4312
137.5300 275.2112
138.3800 274.3712
139.2900 273.5412
142.6500 276.8712
147.6200 275.7112
148.5200 275.5712
154.1100 277.0112
155.6200 278.4612
156.0000 280.6312
156.1000 279.8812
156.5200 278.9012
157.0300 278.0112
158.1300 276.6012
160.5200 273.0412
161.9400 270.5112
163.5200 267.0612
164.0400 266.1812
165.7300 264.7612
166.8200 264.1712
167.6700 263.9012
168.8500 263.6312
171.0600 263.3312
171.9100 263.3312
173.8300 263.3812
178.2100 263.8812
178.9700 263.4812
179.6300 262.5512
181.4400 259.5012
184.8100 255.3912
186.5600 253.8412
187.6400 252.8612
187.2800 251.8612
186.3400 250.4512
185.4100 249.9812
184.1700 248.7212
183.7000 248.0012
183.3000 242.5012
184.5600 242.3412
186.1300 242.3512
191.8400 242.7712
192.7600 242.9612
194.3500 243.5412
195.1800 243.6412
202.9700 238.8312
203.8300 237.6112
203.9300 236.5112
203.0400 229.3512

Nariño
15
148.3900 276.0812
148.0400 276.1512
144.7100 279.2312
144.6800 279.7912
144.7900 280.4512
145.1200 281.0512
145.6900 281.8012
146.9300 282.1112
147.4100 282.1912
148.0900 282.0912
149.2200 280.0412
149.3900 279.6512
149.7800 277.6012
149.6500 277.1712
148.6600 276.2012

Norte_de_Santander
124
398.6300 463.5712
397.8300 462.9212
397.0300 462.5512
395.8800 462.5812
394.5100 462.9512
393.4400 463.0512
392.5900 462.7412
388.4500 460.3812
387.7900 459.0112
387.2000 457.8912
385.9900 456.8212
385.0100 456.5012
382.2700 456.4112
379.7500 456.4112
379.2000 456.2112
378.3500 456.2112
377.8000 456.8612
377.9600 458.4812
377.9100 460.0012
377.2400 460.6312
374.2600 459.8012
373.3500 459.1812
365.1000 462.6712
364.8600 469.3112
365.2600 474.0712
365.2600 475.0212
365.1000 476.0012
364.0000 478.9612
363.4500 480.0512
359.9600 486.0912
358.9500 486.3712
351.1700 486.4012
350.3300 485.9512
349.8400 485.1512
348.9700 483.7012
346.2500 483.4712
340.5500 485.2112
339.7400 485.4712
338.8100 486.2512
338.2900 487.7012
336.6600 489.3312
335.1800 490.0512
339.6700 490.6012
340.8300 490.8912
342.6000 491.8212
343.6800 492.8312
344.6800 494.4012
347.1900 499.6312
347.4300 501.0412
346.4600 504.9712
346.0300 506.1412
345.0800 508.1412
343.5300 510.2912
342.9300 511.7612
342.9300 512.7412
343.5700 513.4712
344.4900 513.5912
345.6600 514.3112
346.0000 516.0012
346.1100 517.9312
346.0800 519.2812
345.8900 520.2012
345.4500 520.9612
344.5200 521.3912
343.0800 521.2812
342.5400 520.5312
342.6900 519.1912
342.7500 518.2912
342.7000 517.1512
341.5400 516.1912
340.3900 516.5412
339.9200 517.5712
338.1800 524.4012
338.5100 527.3912
338.8200 528.4412
339.3900 529.4312
340.7700 530.7712
341.4200 531.6012
342.0100 533.1112
341.9200 535.5512
341.5600 537.6512
341.7100 540.7712
342.6900 547.4712
342.8800 548.2912
343.3900 549.5812
343.8000 550.4212
344.0500 550.8112
345.3900 550.6012
350.4900 550.8012
352.8100 551.8212
353.7200 552.9912
359.2200 556.2312
360.4100 554.5212
361.3500 552.0412
361.1800 551.0912
364.3500 548.6512
368.7100 547.0312
370.4700 540.2712
373.4600 528.8312
383.4100 518.4312
384.1400 518.2712
384.2900 518.2012
384.8500 517.5912
385.3500 516.2412
386.9700 508.5912
387.4500 505.9912
387.3000 504.8612
386.5900 504.2812
384.8000 504.2712
381.9000 499.0212
381.3300 488.1012
381.3800 481.5612
383.5700 478.3712
384.2900 477.8212
384.4500 477.7812
387.5000 477.2312
390.0300 477.0812
394.4700 474.4312
394.0900 472.9512
394.0600 471.8412
394.8600 469.2112
395.3700 468.1612
396.1700 466.7212
397.0300 465.2912

Putumayo
161
233.2600 216.3412
233.8400 216.5712
238.6900 216.2212
239.6800 214.9712
239.5400 213.5212
240.0100 212.6812
242.7800 209.6312
246.5400 208.2712
249.3700 208.6912
251.1200 209.3312
254.9300 207.1912
255.4700 205.8712
256.4100 204.9212
259.8500 204.0012
262.0600 204.1512
262.8700 204.3212
264.0400 204.6812
265.6900 204.2812
266.8600 203.3812
268.4900 198.9812
268.1100 197.5612
268.2600 196.3012
269.5300 193.6812
270.6900 193.4212
271.9400 194.1312
273.0900 194.8812
277.0000 193.0712
277.6500 192.4412
278.1700 191.3612
278.0600 190.5412
277.5100 189.4312
278.5500 184.6812
282.8900 182.8612
284.1400 182.5712
288.5700 181.9412
289.3800 181.3312
290.0400 180.2812
291.6000 175.7712
290.9700 175.1012
290.0700 174.3712
290.9700 171.1512
294.2100 169.2112
299.0900 168.3012
299.8800 169.0312
299.7300 169.8612
300.4000 170.4612
304.7600 169.1312
306.6200 167.6912
307.4100 166.6012
310.9800 164.5712
314.0500 163.7212
315.4800 162.2212
317.4600 160.2512
320.2100 158.7612
321.6900 158.2412
325.2000 157.3912
322.3300 156.5312
317.2700 154.8512
310.7300 152.6312
305.3900 150.7012
304.5700 150.4312
303.1600 150.0812
302.9200 150.4712
302.1900 151.4812
295.4700 156.6212
293.3800 158.0212
292.3400 157.0812
289.2100 158.9212
288.9200 160.0712
288.8700 160.9712
288.7000 161.8712
288.1900 163.0412
287.5400 164.0812
286.5900 165.2212
285.7800 165.5312
284.9300 165.3112
283.7500 164.5012
282.9700 164.2112
279.7600 165.5812
278.8300 166.7412
276.3300 168.6912
271.5600 171.8712
268.7600 172.2212
268.2800 170.9312
267.9000 169.8012
266.5300 168.7112
265.4300 168.8312
264.8400 169.5412
263.7900 170.1112
262.7900 170.5212
260.7600 170.7812
259.3000 171.2912
255.8200 173.4012
253.4900 175.0312
248.6000 175.4912
247.2200 175.1812
245.8500 175.6412
239.5900 180.4112
236.8100 184.2212
234.9700 186.8312
234.3400 187.5512
230.0100 188.9112
225.9800 189.9212
219.4700 189.7912
219.1900 184.8512
217.5000 183.8412
213.5300 182.7012
212.6400 182.7612
211.8900 183.1812
210.7700 184.3212
206.4600 185.3212
206.0300 184.5012
204.2500 183.9212
202.5500 183.6112
200.2800 183.5312
193.3300 186.2612
191.5000 188.4512
191.5900 189.6412
191.5200 190.9912
191.2600 193.2912
190.8700 194.8112
190.3700 196.3012
191.0000 199.4012
192.1600 199.6512
193.3800 200.0512
194.8400 200.8512
194.9100 201.8112
193.5600 207.7112
192.2900 211.6212
191.8600 212.6912
191.6400 213.7612
191.4000 221.5412
191.8700 222.2412
193.0400 223.0812
194.3300 223.8912
195.2400 224.4212
198.9900 226.6212
199.9000 226.9812
201.1200 227.2612
201.9200 227.3812
204.8000 227.9412
205.9900 228.2312
207.4800 229.4112
208.5800 231.2112
209.7800 231.9312
211.5600 231.7712
212.6700 230.7712
214.2500 227.6812
214.7000 226.5312
214.7400 225.7012
214.2900 224.8112
213.8800 224.0912
213.6200 223.2812
213.1100 219.2912
214.1900 217.0512
215.2000 215.9412
219.8500 214.0112
220.7700 213.7112
222.1300 213.5212
227.3900 213.4812
228.5400 213.7312

Quindío
33
248.1600 366.0112
248.7600 366.2912
253.0600 365.9812
255.7500 365.5712
256.9800 365.2412
258.1100 365.2812
260.7100 366.7712
261.0000 366.2212
257.7300 361.4312
254.8900 358.0212
253.6500 356.4312
253.1800 355.5112
253.2700 353.5712
253.1700 351.9312
252.8600 351.0912
252.5100 350.3012
252.1200 349.5712
251.6100 348.9212
250.5800 347.7212
248.0900 343.9912
247.6700 341.8712
247.7200 340.7712
246.8000 341.4212
246.0500 342.7512
245.4300 344.8312
244.6700 347.5212
241.7900 360.2312
241.5000 361.6412
241.6000 362.5912
242.2600 363.1812
244.3300 363.0012
246.3100 363.0412
248.1700 363.4212

Risaralda
51
260.7100 366.7712
258.1100 365.2812
256.9800 365.2412
255.7500 365.5712
253.0600 365.9812
248.7600 366.2912
248.1600 366.0112
245.6800 367.1612
240.2900 368.5112
237.1200 373.0812
233.8500 376.2612
232.3800 377.4812
231.5100 377.7912
229.7300 377.4812
229.0600 377.7412
228.1400 378.2212
227.3300 378.7412
226.6000 379.5112
226.1400 380.2512
222.2300 388.7912
221.9700 390.0412
225.4300 393.6512
226.1900 394.1512
232.9700 397.3712
234.3300 397.8812
235.3200 398.2512
236.1100 398.5012
236.7000 398.1612
240.2100 398.2412
241.0500 398.3512
240.7900 393.7512
241.4900 392.8512
242.5800 393.2012
244.1700 393.9912
246.9800 394.6312
250.4500 392.1612
249.4800 390.2712
248.0400 388.6012
243.9600 386.2912
239.4600 382.1112
238.8600 380.7012
240.5000 376.2712
241.3900 375.5412
242.8500 375.5512
247.4500 376.6312
251.7400 375.0712
254.9300 374.9012
255.7800 374.8512
257.4600 373.8112
260.7700 370.9512
259.1700 368.8512

Santander
153
321.3800 473.0712
322.1200 479.4512
323.8200 483.3412
325.5300 486.0512
326.3100 492.7212
325.6700 495.9512
324.9300 497.5012
323.7200 501.5412
323.6900 502.8012
323.6700 504.1912
323.8800 505.1212
324.5100 506.6312
326.0800 508.0712
327.1800 508.7312
327.7300 507.7412
329.3400 504.6612
330.1500 502.8712
331.5600 498.8612
331.2500 497.1712
330.4400 495.8612
329.4800 494.4212
329.1000 492.9312
329.6400 491.8412
332.1700 491.6712
333.9200 491.5312
334.9800 490.5712
335.1800 490.0512
336.6600 489.3312
338.2900 487.7012
338.8100 486.2512
339.7400 485.4712
340.5500 485.2112
346.2500 483.4712
348.9700 483.7012
349.8400 485.1512
350.3300 485.9512
351.1700 486.4012
358.9500 486.3712
359.9600 486.0912
363.4500 480.0512
364.0000 478.9612
365.1000 476.0012
365.2600 475.0212
365.2600 474.0712
364.8600 469.3112
365.1000 462.6712
373.3500 459.1812
374.2600 459.8012
377.2400 460.6312
377.9100 460.0012
377.9600 458.4812
377.8000 456.8612
378.3500 456.2112
379.2000 456.2112
379.7500 456.4112
380.0600 455.7312
380.4700 454.4512
380.9400 448.4112
380.8700 447.2012
380.6200 446.1112
378.7100 440.6012
378.2400 439.6512
377.5700 438.8512
376.7800 438.3812
375.8200 438.1712
373.6600 438.1012
372.9000 440.8312
372.3700 442.0112
370.0000 443.4812
368.7900 443.2912
368.7600 439.1512
369.0500 437.7112
369.7000 436.6812
370.3400 435.4912
370.4500 433.4112
369.8300 431.6912
368.7300 429.6712
361.0900 420.2212
358.0800 417.2512
355.4900 417.6612
354.3700 417.8812
353.2000 417.7512
352.3200 417.5212
351.2000 416.9712
350.5400 416.2412
350.3700 415.0212
350.8800 413.5912
350.7100 412.6012
350.0100 411.8512
347.7100 410.7712
346.4700 410.6312
345.0900 411.0212
344.2000 411.7112
343.5800 412.9012
343.3100 414.5912
343.4700 415.6112
344.5700 417.6812
344.8800 418.8012
344.9800 419.7012
344.9000 420.8212
344.5000 421.7712
343.7100 422.5112
338.8900 425.0512
337.6200 423.3412
335.1800 417.4312
334.3900 412.6912
334.2200 411.8312
333.5300 409.4512
332.5300 408.7812
331.2800 409.6112
329.9700 410.6512
324.5600 410.0312
319.6500 408.8212
318.8400 409.4912
318.0700 411.5212
317.3800 412.1912
312.9100 414.6912
309.1900 418.1412
307.2900 422.1912
306.2400 422.5712
305.1600 422.2412
304.4100 421.8312
303.6300 421.4912
302.4600 421.8312
301.0400 423.1312
299.4500 425.5112
297.2800 429.0212
295.8900 430.6512
297.5300 431.3512
298.5000 432.0712
302.3900 436.4012
302.7400 437.2612
301.6900 438.9912
301.3600 442.5212
301.7500 443.9312
303.2400 445.7812
304.5400 445.8212
307.2500 447.0812
312.1200 450.8712
313.3900 451.8812
314.0300 452.5112
314.8100 453.8712
315.8900 455.6712
318.0100 457.9412
319.4100 458.6912
321.2800 459.5312
323.1400 461.2312
323.2100 462.2812
322.7500 463.9212
321.9800 464.8512
321.4500 465.8912
320.9600 470.2512
320.9500 471.1012

Sucre
94
247.3200 561.1812
248.8600 560.7712
250.1400 561.3712
251.0600 562.3012
251.6500 563.2912
252.5600 565.3912
252.8500 566.4012
253.0700 567.9012
253.0900 568.8612
252.8300 570.0412
252.4200 571.3212
251.3700 572.7112
249.9700 575.2612
251.0300 577.9312
252.6400 583.4512
252.8800 584.3712
253.3000 587.1212
253.3000 588.2112
253.2000 588.9112
253.9000 589.2312
255.6300 589.6412
257.6400 585.0112
261.4100 580.3412
263.2300 579.5612
263.6200 578.4812
263.7600 575.5012
263.6800 574.6312
266.8200 572.3712
277.4600 563.6012
278.2100 562.7612
279.2300 561.5312
279.9000 560.5612
280.0600 559.6212
280.1000 558.4712
279.7700 556.2412
279.6600 555.2612
279.8300 554.1012
280.5000 552.4912
281.9000 549.7312
283.5900 547.6612
286.0100 546.1212
286.8600 545.8112
287.6500 545.4812
288.7200 544.8712
291.0900 543.2112
292.2800 542.1212
293.6100 540.0112
295.8200 535.0512
294.3000 533.7212
294.2900 526.2412
294.6500 524.6412
295.2700 522.7412
295.8600 521.7612
294.7500 518.7512
293.0600 515.3612
292.1500 514.2612
290.1600 514.0012
288.6300 513.7312
287.4800 513.3212
287.1200 513.0512
286.1900 514.3012
285.9100 515.8512
285.7300 517.4312
282.7500 520.0912
276.9200 522.5312
275.8000 521.3112
274.9900 520.5112
272.6400 518.8912
269.5400 518.0612
269.3000 519.7712
269.1400 522.0012
268.1300 522.5912
267.2400 522.4612
265.6000 521.9112
264.4000 522.2612
263.2200 529.3012
260.8200 535.5512
260.8800 536.7112
264.0500 537.9112
265.8200 538.1612
267.1600 538.2912
268.4100 537.7912
268.9500 540.3212
268.9000 541.3612
267.3400 545.6112
264.9100 547.7012
264.1000 548.1512
263.2500 548.5012
260.1200 549.2712
259.3400 549.9312
255.5100 553.9212
250.2000 557.4012
249.4300 558.0512
248.6800 558.8712

San_Andrés,_Providencia_y_Santa_Catalina
9
  0.5400 689.1912
  0.2500 689.4512
  0.2500 691.5012
  0.5100 692.3312
  0.8900 692.9712
  1.4000 693.3912
  1.8500 693.2012
  1.4500 690.9512
  0.9800 689.9112

Tolima
130
247.7200 340.7712
247.6700 341.8712
248.0900 343.9912
250.5800 347.7212
251.6100 348.9212
252.1200 349.5712
252.5100 350.3012
252.8600 351.0912
253.1700 351.9312
253.2700 353.5712
253.1800 355.5112
253.6500 356.4312
254.8900 358.0212
257.7300 361.4312
261.0000 366.2212
260.7100 366.7712
259.3400 368.0412
259.1700 368.8512
260.7700 370.9512
262.9800 372.6812
263.6300 373.4512
263.6500 374.3612
262.9100 375.3312
262.4000 376.4712
264.1600 382.9012
264.4500 383.7412
265.6000 385.0312
266.9300 385.2312
268.3300 385.2312
272.0400 385.6112
272.7400 386.0612
273.2500 387.2512
273.6600 387.9712
274.6400 388.9712
275.9000 389.9712
277.0000 390.5612
279.9100 391.2612
280.8400 391.4512
283.3300 391.4512
285.0500 391.3412
286.6600 390.9312
287.5600 390.6112
287.7300 390.1612
288.3100 383.4212
286.5000 371.8712
284.3000 367.0912
284.7200 362.6212
284.8900 361.3012
285.1600 359.8012
285.6700 358.6512
284.9500 356.4512
282.0600 350.9812
281.3900 349.1612
282.2100 348.5112
290.2200 345.4212
291.2300 345.3112
292.4000 345.8412
293.3800 347.4112
294.8400 347.9012
295.9900 347.5612
296.9700 346.4312
298.3300 344.3812
298.7500 343.4212
298.7900 342.1812
297.4200 339.3912
297.2700 334.6612
297.1600 333.4112
296.1300 330.8412
295.8100 330.6712
294.8300 329.9312
293.5800 328.8912
292.5600 327.6412
289.5700 323.8412
287.9700 321.5212
285.7300 317.8012
285.4400 316.9512
285.8000 315.9612
285.8700 314.7312
282.3400 310.4912
279.5900 308.4912
278.4400 308.2212
277.2000 308.1712
275.3900 308.6312
274.5000 309.6412
275.0100 310.8312
275.8400 311.5012
276.4100 312.3012
276.6400 313.9712
276.1900 314.8612
275.0000 315.2112
263.7900 313.5212
262.6600 313.1612
256.5000 310.5812
255.8800 309.7912
253.6800 306.0312
253.8200 304.6712
253.6000 303.7712
252.7900 303.4412
251.5600 303.2812
250.2000 303.2212
248.5900 303.1712
247.4900 302.7312
245.2600 300.5612
244.2800 299.5612
241.6600 297.6812
240.0500 297.0412
237.5700 296.4312
236.5300 296.3612
235.7100 296.3812
235.4700 296.4412
234.8700 297.7412
233.6500 299.8812
232.5000 301.5312
232.0300 302.3412
232.1100 303.3412
232.3000 304.7112
232.2400 305.4112
232.7400 305.8112
235.9100 316.4912
238.1700 325.3012
239.0900 330.3412
239.4000 331.2012
240.5200 333.1912
241.6500 334.8712
242.5800 335.9112
243.4100 336.0912
244.1800 335.7412
244.9600 335.4312
247.4900 337.4612
247.7200 338.6612

Valle_del_Cauca
127
232.2400 305.4112
230.4900 305.6412
229.0200 306.1712
227.2700 306.9412
226.0000 307.6612
224.9600 308.3012
223.4600 309.0912
219.9600 309.7412
218.0100 309.5112
217.0800 307.9112
217.7700 306.9912
217.8700 305.3612
216.9300 303.6112
211.9200 301.3912
210.0700 301.1812
206.3700 298.9612
200.8700 296.1812
198.4300 298.9112
196.0200 300.0612
195.0900 298.7412
187.7100 299.4212
181.1800 304.1812
179.3500 306.8212
177.9500 308.4112
176.9900 308.9412
175.4900 310.1312
176.2300 311.2512
179.7800 313.5112
184.7200 319.8212
186.0600 320.1812
188.9700 323.9012
189.4900 325.6712
189.6000 328.1212
193.4300 334.2612
191.3600 333.7812
190.1400 333.2812
188.2000 331.9712
187.0100 331.1912
185.0100 331.0012
183.8400 331.0512
182.9600 331.5312
182.5100 334.1612
183.0000 335.5912
184.0600 336.2412
185.9400 336.4612
187.0600 340.0812
186.1000 340.7712
184.0400 341.5312
182.6300 340.2112
181.9000 339.2912
181.2200 337.0512
180.5900 335.6012
179.6900 334.5712
177.3700 337.5512
176.8800 338.9012
176.7700 343.4412
177.2400 344.9412
180.8800 346.5212
183.4000 346.4312
184.5500 347.6812
185.4700 345.9612
186.2200 345.3512
187.8000 345.7412
188.7500 345.7812
190.0800 345.2412
194.2000 341.7112
199.9000 339.8112
202.8400 337.9912
203.7500 337.6212
204.8900 337.5512
206.0000 337.7012
212.3900 339.7312
217.0000 343.4212
217.5500 344.8912
215.7100 346.7212
214.7000 347.9212
214.3600 348.7012
214.1100 349.5112
213.8500 350.6612
213.6800 352.4912
213.7600 353.3912
213.9800 354.3512
214.5000 355.1212
217.5900 360.8512
220.6000 367.7012
221.0500 368.6812
221.6300 369.3512
226.2500 373.1412
227.1000 373.6412
228.0600 374.0612
228.8400 374.6212
229.3800 375.8212
229.6400 376.8412
229.7300 377.4812
231.5100 377.7912
232.3800 377.4812
233.8500 376.2612
237.1200 373.0812
240.2900 368.5112
245.6800 367.1612
248.1600 366.0112
248.6500 364.2212
248.1700 363.4212
246.3100 363.0412
244.3300 363.0012
242.2600 363.1812
241.6000 362.5912
241.5000 361.6412
241.7900 360.2312
244.6700 347.5212
245.4300 344.8312
246.0500 342.7512
246.8000 341.4212
247.7200 340.7712
247.8000 340.2912
247.7200 338.6612
247.4900 337.4612
244.9600 335.4312
244.1800 335.7412
243.4100 336.0912
242.5800 335.9112
241.6500 334.8712
240.5200 333.1912
239.4000 331.2012
239.0900 330.3412
238.1700 325.3012
235.9100 316.4912

Vichada
197
438.6600 374.5712
439.3600 375.0112
440.2700 375.7812
441.0200 376.7512
445.5200 384.3512
447.2400 385.1812
448.4200 385.8812
454.9400 391.8812
455.0200 392.7312
455.0200 393.5712
455.4500 394.6312
456.6000 395.3912
457.4700 395.9412
464.9400 400.3812
468.7900 401.8912
469.9000 402.0212
471.9300 401.9612
472.8800 402.1312
475.3600 402.7312
476.4200 403.0712
479.3500 404.9412
480.4200 406.1412
484.6800 411.7412
485.6900 414.4612
486.2500 416.2012
487.2600 418.3412
487.8800 419.2812
489.2300 420.9112
489.7300 421.2612
490.2500 421.5912
491.6300 422.1812
492.8800 422.4012
495.4400 422.1412
497.8000 421.8812
500.2100 421.9112
501.8500 422.0412
504.0300 422.8012
505.1600 423.3712
506.7900 424.6912
507.8300 425.1912
509.1800 425.8112
511.4600 425.9212
512.0900 424.8612
513.3300 423.5512
514.5200 423.2712
516.4400 423.9412
518.1700 425.6112
519.7200 427.1812
520.8600 428.1712
522.1600 428.7012
523.4200 428.6512
531.5800 427.4812
534.6400 426.7812
536.3500 426.2712
537.4200 425.6312
539.3900 425.3812
543.0300 426.5812
546.0400 427.4812
546.9900 427.6512
548.4200 427.7012
550.2700 427.2012
552.5300 426.7212
553.5300 427.0412
556.2300 427.9912
557.7000 428.4912
559.3000 428.9812
560.2500 429.0112
561.4300 428.9312
562.9700 428.5912
564.2400 428.2712
565.7800 428.3412
567.4500 428.7712
569.0700 429.6112
572.6600 432.4712
578.3400 431.8712
580.7300 431.5512
583.6800 430.6112
584.8800 429.8112
586.4600 428.2612
587.4300 427.8112
588.1800 427.7512
586.7500 426.1412
586.6100 424.8012
586.9000 423.8312
587.5600 422.6712
588.9800 421.4012
589.8500 419.6212
589.3400 418.8512
587.8800 417.9712
587.1700 417.4012
584.9900 415.3312
582.3000 412.5912
581.3600 411.2512
580.4100 408.7512
580.0500 406.7712
580.1700 405.4912
580.4400 403.8512
580.7900 402.4512
581.5300 401.2112
580.1500 398.3412
578.5400 397.1212
576.1000 395.6212
575.2100 395.4012
573.7800 394.4312
571.9400 391.2812
572.7200 384.0812
573.1000 382.5112
573.8300 380.3012
573.8800 377.5812
573.3800 371.7412
573.2500 370.5212
572.9200 367.8612
571.5200 360.6512
574.5700 351.3512
573.8900 349.9312
573.7100 348.8112
573.6800 347.1212
574.4900 344.4412
576.8600 341.2012
577.7100 339.5412
576.7900 339.2512
573.7900 338.1312
573.0200 337.5812
572.0600 336.3912
570.6900 334.9012
568.6900 333.4212
567.9500 334.0512
567.8600 335.1212
567.2700 335.9112
563.9100 337.5612
558.4900 337.5612
551.3400 336.7312
550.4400 336.2812
544.7100 331.2312
544.2000 330.5712
543.4900 329.2312
541.4600 328.5812
538.5200 328.7812
536.5200 328.9512
533.9500 328.2112
531.7400 326.0612
529.7900 324.3712
527.6100 325.3012
522.7300 324.2612
516.4700 323.0312
516.2200 324.4112
515.1300 325.3012
513.3200 326.0612
509.8900 325.5712
508.7400 324.5912
506.0000 324.2212
503.9500 325.2812
500.1800 325.0712
499.3500 324.1812
499.6200 322.7612
499.5200 321.7512
497.9900 320.2512
495.4300 319.0012
493.5100 318.6812
488.9800 316.9112
484.1100 312.6312
482.0700 312.6312
480.9200 313.3112
477.5300 312.1012
476.1800 310.3212
476.7800 308.9712
477.4400 308.0112
477.7100 304.9812
475.9100 304.6612
474.2700 304.6512
472.5800 304.2112
470.5200 300.7412
470.2300 297.4812
470.5400 295.7412
470.6400 294.4712
467.5600 290.2512
466.5200 289.7912
464.5900 289.2812
462.6200 288.9312
461.9300 288.6112
460.8600 288.9412
458.7600 289.8812
456.0900 290.8712
455.4600 289.8812
455.0400 288.1112
453.9100 287.1012
449.7100 287.3112
447.3600 288.5812
442.8100 289.9312
439.0900 289.2612
438.7900 291.4012
438.7400 291.9312
438.7200 297.5312
438.6900 308.0512
438.6600 333.3612
438.6200 343.9012
438.6000 353.0512

Vaupés
158
506.2700 132.0612
505.2600 129.8712
505.4000 126.7112
498.6800 125.8112
497.9000 129.3512
497.9600 130.2612
494.7100 133.0712
490.4800 132.0512
487.6300 130.7312
486.8100 130.4312
485.4500 130.6612
485.1600 131.5012
486.2800 134.6812
486.0800 136.2012
480.2500 135.8112
478.8900 134.9312
478.2400 134.0512
478.1800 133.2112
478.7700 132.5512
479.9600 132.2512
480.5600 131.6412
480.2400 130.6912
479.5500 129.9212
478.7100 129.5612
477.5600 129.6512
472.4900 133.6712
471.9800 134.5312
471.6600 135.5112
471.9300 136.4012
473.3500 137.2312
474.4300 138.0712
474.0900 139.8312
473.1400 140.8112
472.1000 141.7112
472.0400 143.2812
473.3700 145.4012
473.3100 150.2212
474.8100 155.7612
474.1000 156.6812
472.0800 157.7412
469.6200 155.8912
470.3400 154.6812
468.8800 154.3512
466.1300 155.2512
464.8100 156.4912
464.2100 157.4312
462.6000 159.0912
452.1900 162.4512
451.4900 161.1212
448.4800 159.9012
446.8600 162.5412
445.1700 170.1212
444.1300 172.0812
442.0500 174.2812
440.4700 173.6312
436.3600 174.9312
427.8400 180.1112
426.8600 180.8612
424.9700 181.7912
421.9300 181.9312
421.1700 181.3112
420.7800 180.8912
419.8700 180.6412
416.0600 182.7412
412.7900 184.8112
409.7900 187.5412
407.2000 188.2012
405.7600 192.6112
403.0200 197.3912
400.2500 200.5912
399.4500 201.2812
399.5200 201.4012
400.2500 202.2112
405.5400 207.2612
409.1300 210.6412
409.3800 211.7612
409.7400 213.0112
410.2900 213.8412
411.6000 214.8512
412.9600 215.1712
413.9600 215.2912
416.5800 217.8412
419.6600 222.0612
419.6800 224.2612
419.5100 225.4012
419.4400 226.4712
421.9300 232.6712
422.6200 233.8512
425.4700 235.8212
430.5500 241.5412
433.3300 245.2712
437.3600 247.7612
438.6100 248.0212
440.4800 247.9512
441.3700 248.3812
446.7600 252.5712
451.4300 252.1912
453.7400 252.1512
455.9100 252.3612
468.4000 255.7912
475.8800 258.6612
476.9200 258.6212
477.0300 258.3912
477.5400 256.0212
476.9100 255.0912
475.9200 254.6012
476.2000 250.8812
477.1700 249.5112
479.2400 247.7312
480.8600 246.4612
482.0500 246.0512
483.3300 245.9712
484.4700 245.8012
488.2500 244.8812
489.6200 243.7612
489.7700 243.2512
489.7700 217.6212
494.8800 217.6312
499.2000 217.8612
506.5500 216.2412
508.9600 216.9812
510.5400 217.6512
513.5700 216.0512
515.0900 214.6312
518.7000 209.0812
517.9200 204.5512
519.2200 200.0912
515.8400 198.9612
512.6400 199.2312
510.9300 200.6012
505.5600 203.8812
496.3200 201.4512
493.5800 199.6812
491.6900 198.3512
486.4700 198.2012
483.9500 198.2012
481.4300 197.6812
481.3600 194.6612
481.2800 188.8112
481.2300 186.2912
481.1100 179.6112
480.9800 173.7312
480.9000 170.1212
480.8800 167.2812
482.3800 165.3912
486.0100 161.2712
494.0100 155.0712
494.9300 154.8612
496.1100 154.6212
498.5000 153.5012
499.4900 152.4412
500.8500 147.7312
500.4700 146.3812
499.9100 145.0512
499.1300 144.0712
499.2400 142.7812
503.1500 135.5112
504.6700 134.6312

