613 600

Zagrebačka_županija
202
286.2225 528.1662
286.9125 525.2062
288.2325 524.3462
288.5725 521.4462
290.3825 519.9362
294.5325 522.0562
294.5325 522.0562
296.6525 520.1262
297.2525 521.1062
298.6425 520.7562
301.4525 518.1362
303.6525 518.8762
305.2125 517.6962
305.5925 515.6562
307.8025 514.6062
308.2925 510.2262
311.8125 512.3062
312.6525 510.9062
315.6525 511.2962
321.1725 505.5662
322.6225 506.6362
324.9025 505.1962
327.3525 505.7262
328.0525 506.7862
331.8925 505.8762
331.8925 505.8762
331.6925 500.9462
332.5125 498.0962
330.7525 494.1462
331.3225 491.9062
329.4325 493.3262
326.7125 492.5562
326.1125 494.2562
325.4125 492.3062
321.9225 490.6062
322.3325 486.7562
319.4825 488.4162
312.1925 487.7062
312.9725 485.6762
311.6025 484.4162
313.7525 482.7762
311.9625 480.7162
311.7625 477.8562
313.9825 477.2062
315.8025 474.8062
318.9525 474.7462
320.3125 473.5262
320.4825 471.0762
321.9925 471.6962
324.2925 468.6662
324.2925 468.6662
324.3725 468.6662
324.3725 468.6662
321.5625 461.9262
316.7725 460.7662
312.1625 456.5062
310.5925 453.2362
309.4225 453.0562
307.6125 456.9662
305.8025 458.1362
303.3525 458.1962
302.4725 461.3462
301.0125 462.7462
296.5825 461.6362
296.5825 464.0262
295.5825 465.3162
291.0425 463.1062
289.8225 461.0362
289.3125 461.9562
288.3125 461.8462
286.9425 460.5062
287.2225 459.5462
285.0725 458.0262
284.0525 459.3662
281.5725 458.8862
274.3525 463.6962
268.9725 458.1662
269.6525 456.0862
266.6125 453.5462
270.5425 449.5962
270.9825 445.0062
269.8725 443.7262
270.5025 438.9562
268.5625 438.2062
267.9325 436.8362
264.1725 441.9162
261.7025 442.6262
258.4625 439.9562
252.9325 440.2862
252.9325 440.2862
252.6925 440.3162
252.6925 440.3162
251.2125 442.1562
252.0725 444.0662
251.7625 446.3262
249.8125 448.6762
246.5425 448.4962
246.3025 450.9362
243.3025 451.2162
240.5825 447.7762
238.5825 447.2562
237.6725 449.6562
236.3825 449.4662
233.5125 453.2862
234.4325 455.2162
233.9625 458.6062
231.8925 456.8662
228.9325 458.8862
225.6425 458.6662
220.2925 462.0062
211.7925 454.9362
210.9325 456.4762
212.2625 459.5762
210.1625 458.6962
209.2125 459.6262
210.3225 462.5262
209.7725 464.3662
205.5425 467.4362
204.1725 467.5462
203.9725 469.8762
202.3525 472.2062
198.9625 472.5962
197.3325 476.4762
193.4725 479.0062
191.2025 479.3162
191.1125 480.5162
192.3125 481.6562
192.2225 484.4362
192.2225 484.4362
195.9925 485.6162
198.9925 487.7762
205.4125 488.1562
204.6425 491.3462
207.2525 493.1762
208.4025 491.7462
210.8325 491.9662
212.2425 495.6562
214.4425 494.1862
215.7225 496.2262
221.5325 493.2362
222.9425 491.3562
225.3525 494.4362
229.4425 494.9862
229.5325 495.8862
227.3525 497.6062
228.0425 498.5662
226.8725 503.6362
229.6925 506.5462
229.7425 513.6662
229.7425 513.6662
231.3525 512.9262
235.3125 513.7262
236.1425 512.4962
237.5125 515.7762
240.9625 515.8162
249.8525 511.3962
254.2025 507.3162
254.5225 503.9962
254.5225 503.9962
242.8825 496.3462
241.1425 493.0062
242.9225 486.9962
240.8325 484.4162
246.2525 480.8362
245.5325 477.8262
243.7525 476.4462
242.5125 478.1962
239.8625 478.0862
238.8425 479.6262
237.3525 478.6562
235.7425 475.4162
236.6025 471.6062
241.1825 468.7562
245.8325 467.2162
249.5525 463.5462
249.1925 460.2462
252.9325 460.2462
255.0325 461.9862
258.5925 469.5562
259.5025 475.4962
261.9725 475.9462
263.1525 480.0562
268.6325 482.8862
270.5525 485.6162
273.7825 486.7362
275.0225 487.9862
274.8625 489.0462
280.4025 487.4662
280.9125 492.3762
283.9825 493.9662
280.8125 501.2962
278.2925 502.4562
277.3925 506.0662
278.1225 508.3662
275.8025 513.1662
275.8025 513.1662
275.2925 514.3762
275.9325 516.2462
279.2525 518.6962
278.7525 520.5162
282.2125 521.0962
280.3125 525.7462

Krapinsko-zagorska_županija
84
245.7725 558.7662
246.8625 557.1862
247.2525 552.5062
251.9625 550.9362
253.2025 549.8362
253.5125 548.0462
257.7025 547.0862
257.7025 547.0862
259.0225 545.8562
262.0225 545.7962
262.0225 545.7962
268.8425 547.2662
270.9625 547.0462
271.8025 545.0162
275.1225 544.8862
277.1525 547.8762
280.5725 549.1462
281.4425 548.1162
280.1125 546.6162
285.6125 546.0462
283.8925 543.6962
286.1325 540.8162
284.8925 532.0162
286.2225 528.1662
286.2225 528.1662
282.5425 525.5262
280.3125 525.7462
282.2125 521.0962
278.7525 520.5162
279.2525 518.6962
275.9325 516.2462
275.2925 514.3762
275.8025 513.1662
275.8025 513.1662
271.8225 513.2562
271.1225 511.3562
267.6225 510.9962
264.5425 508.5362
254.5225 503.9962
254.5225 503.9962
254.2025 507.3162
249.8525 511.3962
240.9625 515.8162
237.5125 515.7762
236.1425 512.4962
235.3125 513.7262
231.3525 512.9262
229.7425 513.6662
229.7425 513.6662
229.0425 518.1362
230.1525 518.6962
230.2325 520.1462
230.7125 521.0062
230.5625 523.2462
232.1925 524.6162
230.4425 526.8562
225.9325 529.0762
224.6925 528.5062
224.5725 530.0462
223.4725 530.9962
221.8925 530.4862
220.7925 531.2162
221.0425 532.4962
219.9625 532.8962
219.0525 535.1862
219.7925 538.3262
218.2825 539.6862
220.0625 540.7162
219.0525 542.3062
223.2725 545.9762
223.5425 548.4462
222.8425 549.0162
223.6325 550.4162
226.8525 551.9962
231.7125 551.2462
231.9025 550.2762
234.1125 551.0562
234.0925 549.4462
235.7925 549.2562
237.8425 550.3362
239.3225 553.6162
238.4725 556.2362
241.7425 556.6362
242.6025 557.7962

Sisačko-moslavačka_županija
183
243.2625 403.8262
240.2425 405.4762
238.7025 407.9462
239.8225 411.8162
241.9325 413.2862
237.7825 421.5962
238.3425 423.9862
242.7825 425.7462
243.9425 427.0562
242.7625 433.5162
244.4225 437.6462
242.5425 438.5762
244.4725 440.8762
245.8025 442.1462
248.4125 442.4962
251.8625 439.4062
252.6925 440.3162
252.6925 440.3162
252.9325 440.2862
252.9325 440.2862
258.4625 439.9562
261.7025 442.6262
264.1725 441.9162
267.9325 436.8362
268.5625 438.2062
270.5025 438.9562
269.8725 443.7262
270.9825 445.0062
270.5425 449.5962
266.6125 453.5462
269.6525 456.0862
268.9725 458.1662
274.3525 463.6962
281.5725 458.8862
284.0525 459.3662
285.0725 458.0262
287.2225 459.5462
286.9425 460.5062
288.3125 461.8462
289.3125 461.9562
289.8225 461.0362
291.0425 463.1062
295.5825 465.3162
296.5825 464.0262
296.5825 461.6362
301.0125 462.7462
302.4725 461.3462
303.3525 458.1962
305.8025 458.1362
307.6125 456.9662
309.4225 453.0562
310.5925 453.2362
312.1625 456.5062
316.7725 460.7662
321.5625 461.9262
324.3725 468.6662
324.3725 468.6662
324.5525 468.6562
324.5525 468.6562
328.3425 469.3762
328.9625 467.2662
331.1025 466.9362
331.1025 466.9362
332.5125 467.2762
332.5125 467.2762
334.4125 466.0562
336.0225 462.7962
338.1225 461.8962
339.8425 461.7562
341.1725 462.9062
342.6425 462.2762
343.1725 457.6062
344.5525 454.5962
348.6025 451.9762
350.1725 448.5562
348.7425 446.0462
346.5125 446.6562
345.8525 445.5962
348.3425 443.3762
350.0225 444.3162
350.1725 442.9362
353.6325 441.6662
354.3225 439.5162
356.4425 440.2062
356.9125 441.5962
356.9125 441.5962
359.1425 437.8662
363.2425 437.9162
365.2825 436.2562
366.6625 432.0162
367.4725 432.0762
367.3125 433.5462
368.9325 433.7662
368.6625 435.9262
370.0725 435.6662
370.7925 433.3962
369.4225 432.5362
368.8525 429.5162
375.5025 426.4962
377.1625 424.8062
377.6825 422.3562
382.1025 423.0762
382.1025 423.0762
381.6525 421.0362
382.6625 419.6662
381.4325 417.4662
382.0725 414.9762
380.0325 414.0662
375.6225 408.6062
371.4625 406.9362
370.6125 404.6062
375.0025 401.1362
378.4025 394.5662
378.4025 394.5662
368.6025 400.2862
367.0825 403.7862
365.4825 402.3062
364.3325 402.3562
365.5125 405.3562
363.9225 405.6962
363.8125 403.9262
362.6725 403.2362
361.7425 404.3162
361.6925 406.4662
360.3325 407.4962
359.5725 406.4562
360.8325 405.5762
360.9225 404.1662
359.2625 404.7462
357.2725 403.9762
356.9125 406.5262
358.6825 408.3862
356.5425 411.2062
355.1725 410.7062
354.3625 408.0062
352.0725 406.7462
350.9225 404.7162
349.8625 405.3162
348.7825 404.1562
347.6825 403.2062
346.3825 402.3062
347.2825 399.2462
344.8125 397.7862
335.6325 401.0362
331.8525 399.4862
326.7225 401.2662
322.1725 404.4162
317.2125 403.0862
314.9725 403.9662
310.8525 401.3562
309.0225 397.4062
309.0325 394.0862
307.7625 391.4562
300.8925 387.1962
301.7225 384.0062
300.1425 382.0662
299.6025 378.2662
298.6825 378.2362
296.9325 375.3362
296.6525 371.1762
292.0425 370.6562
287.8125 371.0862
287.1125 372.4462
283.4525 372.2462
282.6225 375.0462
280.5125 376.1062
275.1825 382.1962
268.3625 385.4262
267.8025 389.3262
266.2625 391.2162
266.1625 393.0862
264.7425 393.2462
264.0825 396.2462
260.8725 396.4962
262.2525 398.8162
261.5125 401.3162
259.0825 401.8562
256.8125 403.6262
253.0025 400.7562
251.8425 402.1962
251.7025 404.7462
250.9225 403.9462
248.6025 404.3762

Karlovačka_županija
166
192.2225 484.4362
192.3125 481.6562
191.1125 480.5162
191.2025 479.3162
193.4725 479.0062
197.3325 476.4762
198.9625 472.5962
202.3525 472.2062
203.9725 469.8762
204.1725 467.5462
205.5425 467.4362
209.7725 464.3662
210.3225 462.5262
209.2125 459.6262
210.1625 458.6962
212.2625 459.5762
210.9325 456.4762
211.7925 454.9362
220.2925 462.0062
225.6425 458.6662
228.9325 458.8862
231.8925 456.8662
233.9625 458.6062
234.4325 455.2162
233.5125 453.2862
236.3825 449.4662
237.6725 449.6562
238.5825 447.2562
240.5825 447.7762
243.3025 451.2162
246.3025 450.9362
246.5425 448.4962
249.8125 448.6762
251.7625 446.3262
252.0725 444.0662
251.2125 442.1562
252.6925 440.3162
252.6925 440.3162
252.6925 440.3162
252.6925 440.3162
251.8625 439.4062
248.4125 442.4962
245.8025 442.1462
244.4725 440.8762
242.5425 438.5762
244.4225 437.6462
242.7625 433.5162
243.9425 427.0562
242.7825 425.7462
238.3425 423.9862
237.7825 421.5962
241.9325 413.2862
239.8225 411.8162
238.7025 407.9462
240.2425 405.4762
243.2625 403.8262
243.2625 403.8262
241.8825 401.2262
240.0125 401.5662
239.4825 400.0262
237.0325 398.4462
235.1025 395.2062
237.2625 387.4462
233.4925 380.1062
237.5025 371.5462
237.6825 366.8762
234.2125 366.2362
234.2025 363.5762
232.7525 360.4762
232.7525 360.4762
229.9525 358.2362
227.8825 358.7262
224.6425 361.8162
219.4025 359.6862
218.0525 360.6962
217.0525 363.3462
214.9325 364.4362
213.0025 360.9262
211.1425 359.4262
211.9025 357.3462
214.8025 354.8262
214.0825 353.3562
212.0425 355.9862
211.0725 355.6662
209.9425 358.4762
204.3825 358.9862
202.1125 360.1262
194.1725 371.8362
192.2225 372.8562
190.6725 372.4462
187.6525 374.1562
186.1025 376.9862
180.8425 379.8462
177.8825 382.9762
176.6025 386.4762
172.9525 385.1662
170.6025 381.6862
165.7525 383.2762
165.4425 384.6662
163.2825 386.6562
157.4625 389.0562
157.4625 389.0562
153.2325 395.3562
154.9625 400.6162
154.0725 403.8662
154.9025 404.7462
155.0025 407.6962
152.5325 410.6662
154.5725 412.0362
154.4925 414.2662
155.6225 416.3962
158.1425 417.4362
160.1325 414.3962
164.7025 414.0062
165.0525 411.9962
166.8025 411.4862
169.1125 414.7062
172.1725 414.8262
174.7525 416.1862
175.1825 417.6962
174.3125 418.8162
179.9425 428.6562
179.5825 430.8462
180.4925 431.9262
179.5125 433.3562
179.5125 433.3562
181.6425 437.2562
184.6325 439.1062
190.6725 437.2062
192.3125 437.7662
193.6325 440.5662
196.4725 442.3162
190.7625 445.9162
188.9325 447.8462
189.0225 448.9362
187.6725 449.5362
187.3925 456.4362
185.1525 459.4862
188.2925 460.8862
187.7825 463.4962
192.8225 464.3862
192.4125 465.8562
194.9625 465.7762
196.6025 464.5662
198.6925 466.1462
197.6425 466.7462
194.7825 472.4462
193.9325 470.4862
192.6925 469.8162
192.8625 471.7362
193.8425 472.0062
194.1225 473.2262
193.5325 476.0662
191.6525 476.0162
189.6425 473.4462
189.8525 470.1162
188.3425 472.3162
188.6825 473.7262
187.6725 473.6862
187.3825 472.1462
185.8325 475.4762
184.6625 475.0762
184.0025 476.5562
182.4125 476.3462
181.2525 477.2062
183.6525 478.0562

Varaždinska_županija
97
279.0325 575.2362
279.9025 574.1262
281.6725 574.0862
283.2225 575.0262
285.0925 574.5162
286.6625 575.7162
288.0525 573.3162
289.8525 573.6362
289.8525 573.6362
294.0425 571.4362
297.2525 566.1262
301.0425 566.1062
302.2625 564.7162
303.4425 565.4462
304.3825 564.8162
305.9925 566.7162
306.6525 564.8462
309.7725 564.9062
312.4725 563.6362
312.6525 564.6962
315.6025 564.5362
317.4825 567.1062
322.0225 563.6362
324.3025 563.3562
326.4125 565.5362
328.4325 564.3662
329.9825 565.7162
332.1525 563.6862
335.6125 566.2762
335.0425 563.4462
337.6025 562.6962
337.6025 562.6962
338.6625 562.6062
338.6625 562.6062
339.0425 562.6962
339.0425 562.6962
339.6625 559.3762
338.6125 555.9362
330.5625 547.4962
325.6425 547.1162
322.6925 548.4662
315.5725 544.6262
316.1625 542.2662
304.4425 541.6062
303.6925 539.4362
298.7925 535.9962
298.6725 532.8362
297.4525 531.8162
296.6425 527.5462
294.8725 525.2862
294.5325 522.0562
294.5325 522.0562
290.3825 519.9362
288.5725 521.4462
288.2325 524.3462
286.9125 525.2062
286.2225 528.1662
286.2225 528.1662
284.8925 532.0162
286.1325 540.8162
283.8925 543.6962
285.6125 546.0462
280.1125 546.6162
281.4425 548.1162
280.5725 549.1462
277.1525 547.8762
275.1225 544.8862
271.8025 545.0162
270.9625 547.0462
268.8425 547.2662
262.0225 545.7962
262.0225 545.7962
259.2025 545.7962
257.7025 547.0862
257.7025 547.0862
253.5125 548.0462
253.2025 549.8362
251.9625 550.9362
247.2525 552.5062
246.8625 557.1862
245.7725 558.7662
245.7725 558.7662
246.4225 560.2962
249.4725 561.5862
254.2325 561.5562
256.6325 562.7262
257.9325 564.7562
261.4325 564.7862
263.8625 568.2662
267.4925 568.6262
267.4425 571.9162
265.6025 575.7862
268.3625 574.8562
269.9825 575.5762
271.5025 575.1562
272.7425 577.2662
274.8325 578.6462

Koprivničko-križevačka_županija
124
348.9825 569.6162
350.6825 567.8962
350.3525 564.2662
351.3425 562.4762
351.3325 559.0962
355.6625 556.6662
358.3225 553.7862
360.3625 554.1562
360.7225 551.4262
364.3925 550.8662
369.9925 547.9662
371.9525 545.6762
372.7025 546.4362
373.9425 545.9562
374.8925 544.1862
375.9125 544.5262
376.3425 543.1162
377.5925 543.7962
379.8025 543.3162
379.7725 541.6362
382.1425 540.4762
381.5825 534.1362
385.2725 534.9662
385.8925 534.0562
384.9725 532.7362
387.2825 532.7662
385.8925 530.2062
387.6325 529.7462
388.1825 527.8162
387.2325 526.9462
391.2825 526.4262
389.9225 524.8662
389.5525 522.4562
391.2825 522.9362
393.8325 521.9662
390.0025 520.0562
392.4425 518.1862
394.9525 518.3262
393.7225 516.7162
393.9325 515.6862
393.9325 515.6862
390.1925 514.7962
385.3825 515.4162
383.3625 511.1862
376.9025 502.8862
376.0625 499.9062
376.0625 499.9062
374.4225 499.9062
372.7625 502.8362
370.1925 503.6962
368.5225 508.3262
365.8625 507.2262
363.4725 508.1062
361.7725 507.5062
362.7325 511.2662
361.9625 513.1062
359.3925 514.8362
357.1225 515.7862
352.0525 515.3862
355.2925 520.8262
353.0325 520.8362
352.5225 522.7562
351.0425 523.9162
351.3225 525.4962
349.8225 526.3862
350.2125 528.8262
347.4925 529.5062
346.2425 531.2462
345.3425 530.7962
346.1125 527.2562
344.9825 525.1462
340.3625 523.4862
341.1125 525.3562
339.7225 526.0162
334.1725 522.6362
334.1125 519.9462
332.4825 517.2862
331.8925 505.8762
331.8925 505.8762
328.0525 506.7862
327.3525 505.7262
324.9025 505.1962
322.6225 506.6362
321.1725 505.5662
315.6525 511.2962
312.6525 510.9062
311.8125 512.3062
308.2925 510.2262
307.8025 514.6062
305.5925 515.6562
305.2125 517.6962
303.6525 518.8762
301.4525 518.1362
298.6425 520.7562
297.2525 521.1062
296.6525 520.1262
294.5325 522.0562
294.5325 522.0562
294.8725 525.2862
296.6425 527.5462
297.4525 531.8162
298.6725 532.8362
298.7925 535.9962
303.6925 539.4362
304.4425 541.6062
316.1625 542.2662
315.5725 544.6262
322.6925 548.4662
325.6425 547.1162
330.5625 547.4962
338.6125 555.9362
339.6625 559.3762
339.0425 562.6962
339.0425 562.6962
339.1625 563.5062
339.7125 562.6662
340.8425 563.6262
341.3925 562.2362
342.8625 564.1462
343.3825 560.3662
345.7925 560.7262
346.4825 564.4762
347.9525 566.2662
348.2425 570.7062

Bjelovarsko-bilogorska_županija
142
331.8925 505.8762
332.4825 517.2862
334.1125 519.9462
334.1725 522.6362
339.7225 526.0162
341.1125 525.3562
340.3625 523.4862
344.9825 525.1462
346.1125 527.2562
345.3425 530.7962
346.2425 531.2462
347.4925 529.5062
350.2125 528.8262
349.8225 526.3862
351.3225 525.4962
351.0425 523.9162
352.5225 522.7562
353.0325 520.8362
355.2925 520.8262
352.0525 515.3862
357.1225 515.7862
359.3925 514.8362
361.9625 513.1062
362.7325 511.2662
361.7725 507.5062
363.4725 508.1062
365.8625 507.2262
368.5225 508.3262
370.1925 503.6962
372.7625 502.8362
374.4225 499.9062
376.0625 499.9062
376.0625 499.9062
382.3425 496.7462
383.9125 493.1362
386.4225 492.1162
388.5325 489.7262
391.8525 489.0962
391.7125 487.0962
392.9725 484.2562
395.8925 483.5862
396.1325 481.0562
397.8725 480.2662
398.9025 482.7362
400.7025 481.1462
400.9025 479.4962
399.2525 476.6162
399.7425 475.0062
402.2025 476.9862
403.5425 473.0262
405.4525 473.9362
406.2425 475.6062
409.0825 476.7262
410.1125 475.8462
410.0525 474.6362
412.6525 474.2962
414.8925 472.3562
412.9325 469.4962
413.1125 467.4962
409.7925 463.2362
409.8125 459.4462
407.4125 458.0462
407.4525 454.8762
409.2825 455.4462
409.2825 455.4462
410.1925 454.0662
408.9625 451.6762
408.8525 448.3362
405.7525 445.7162
400.9725 446.5262
400.5525 447.9362
394.0625 447.1362
393.0125 445.8262
386.9025 446.0062
382.4825 449.7662
381.3425 449.6462
381.3325 448.0362
380.2225 447.1662
376.1125 448.3462
371.9025 445.6062
369.1625 447.9962
367.5825 447.3662
367.1025 446.1062
365.4025 445.7562
362.0925 447.4162
360.1525 447.3862
359.2725 448.5962
359.4625 451.6062
356.4325 446.4662
356.9125 441.5962
356.9125 441.5962
356.4425 440.2062
354.3225 439.5162
353.6325 441.6662
350.1725 442.9362
350.0225 444.3162
348.3425 443.3762
345.8525 445.5962
346.5125 446.6562
348.7425 446.0462
350.1725 448.5562
348.6025 451.9762
344.5525 454.5962
343.1725 457.6062
342.6425 462.2762
341.1725 462.9062
339.8425 461.7562
338.1225 461.8962
336.0225 462.7962
334.4125 466.0562
332.5125 467.2762
332.5125 467.2762
331.1025 466.9362
331.1025 466.9362
328.9625 467.2662
328.3425 469.3762
324.5525 468.6562
324.5525 468.6562
324.2925 468.6662
324.2925 468.6662
321.9925 471.6962
320.4825 471.0762
320.3125 473.5262
318.9525 474.7462
315.8025 474.8062
313.9825 477.2062
311.7625 477.8562
311.9625 480.7162
313.7525 482.7762
311.6025 484.4162
312.9725 485.6762
312.1925 487.7062
319.4825 488.4162
322.3325 486.7562
321.9225 490.6062
325.4125 492.3062
326.1125 494.2562
326.7125 492.5562
329.4325 493.3262
331.3225 491.9062
330.7525 494.1462
332.5125 498.0962

Primorsko-goranska_županija
8
109.8825 292.5062
111.8725 291.8262
113.0625 289.8162
110.8325 290.6862
110.5425 289.8662
108.9525 290.1162
107.8725 291.8462
109.2425 293.3462

Primorsko-goranska_županija
4
 86.9525 299.8762
 84.5425 297.8662
 82.5625 301.1462
 85.0425 300.5562

Primorsko-goranska_županija
15
 81.7025 325.0662
 82.5625 323.7862
 82.4425 321.6662
 81.6625 320.9562
 79.7025 322.4962
 80.5425 318.5262
 81.9725 314.7462
 81.8725 313.4562
 79.3125 315.5562
 77.4125 315.6262
 77.0525 316.8462
 78.6825 317.7262
 77.7925 321.4562
 80.2725 324.8062
 81.8425 325.6662

Primorsko-goranska_županija
43
 88.2425 328.8862
 89.0025 329.0262
 90.1325 326.9962
 91.0125 327.4462
 92.0225 327.4062
 93.6425 326.0862
 94.4925 321.3262
 94.1525 315.3862
 99.1625 306.4062
101.9925 303.6362
102.8225 303.8262
103.0625 302.1662
106.1225 301.2662
107.1725 298.5462
108.7025 297.7462
109.1725 296.5762
107.8525 294.7962
106.6025 294.6762
104.7025 296.7162
103.7425 298.0162
103.9525 298.9862
 99.6925 301.6662
100.6425 302.5962
 99.3225 302.5562
 98.7225 305.0162
101.5525 303.0462
 97.8625 307.7662
 97.0625 308.1162
 97.0725 307.0862
 95.6725 309.0362
 95.0725 308.9462
 95.3725 306.8862
 94.3625 307.0162
 93.9725 306.1062
 91.3625 307.1362
 92.1825 309.2062
 91.7725 311.0762
 92.5025 311.9162
 93.0125 311.2362
 93.8425 313.2162
 92.0925 317.1162
 89.4725 319.2362
 87.8925 326.2862

Primorsko-goranska_županija
3
140.0025 325.2162
132.2625 333.3762
138.2125 328.4962

Primorsko-goranska_županija
10
122.7325 341.4062
126.0825 339.7162
131.1425 334.5462
129.0025 335.9562
126.5825 335.6262
124.9925 335.6562
123.1925 336.8162
122.2525 339.0962
120.7525 340.0962
121.8225 341.8962

Primorsko-goranska_županija
7
139.3025 349.3362
139.7225 347.5762
138.6125 347.4762
138.5625 345.5262
137.5525 347.3762
136.2525 347.5462
135.8025 349.2762

Primorsko-goranska_županija
23
128.1325 349.2162
130.6525 349.3762
130.7825 347.9362
131.8925 347.8962
131.2825 345.7262
129.5325 344.4462
138.7425 335.5662
141.9725 329.7562
142.4125 330.5362
142.8025 328.0962
141.9025 328.5562
140.9925 327.2362
139.6025 327.4262
133.6525 334.3562
132.2325 334.5862
132.3225 335.4162
126.3225 339.3362
125.2625 342.9962
128.1925 342.0462
123.1625 348.1562
125.5725 348.1662
127.8025 346.7262
127.2525 348.0362

Primorsko-goranska_županija
6
132.0225 352.8262
134.0125 350.1962
130.5425 350.3862
128.9825 352.6162
130.0925 352.7362
129.9625 354.2162

Primorsko-goranska_županija
5
133.5225 361.1562
137.5125 358.5762
139.5925 353.9462
132.5725 358.1862
132.2425 361.3162

Primorsko-goranska_županija
6
108.1125 368.0562
110.2425 364.5162
108.4025 364.3562
103.1125 368.2662
105.6725 368.0462
107.0125 369.2262

Primorsko-goranska_županija
82
 86.6825 396.0062
 89.9425 394.6462
 91.3325 392.1162
 90.4425 391.6662
 89.5225 387.6762
 94.2925 372.5762
 97.8125 367.9262
101.5525 368.3462
103.2825 364.3462
101.5325 363.3962
100.6325 363.9662
100.5125 356.9462
 99.1125 352.8562
101.4525 340.3562
 99.7325 341.1562
 99.2425 339.8062
101.5825 336.8462
102.5025 333.8262
100.8825 331.1962
102.3625 326.4062
104.7325 323.7662
106.0325 321.8662
105.0725 318.3662
106.5125 319.0162
106.8925 317.3062
108.2425 317.7262
109.4125 317.2862
107.7425 316.9662
107.5725 315.3162
106.3525 314.1462
105.4325 314.1262
104.5525 313.0562
101.6825 315.4162
100.3825 316.2462
100.4325 317.7062
 99.2325 318.1962
 98.2925 320.8662
 96.3825 323.0962
 95.9825 323.6062
 93.4325 326.3162
 94.2825 328.7262
 93.3425 332.6062
 94.1025 332.5462
 94.0825 333.6162
 92.6725 334.6162
 92.4125 333.7562
 91.2625 335.2362
 91.3325 338.5962
 90.4125 339.9662
 90.8825 342.1562
 89.4925 344.3762
 88.6925 343.3162
 87.7125 343.8562
 87.4225 349.6262
 85.9825 352.5562
 86.1225 354.2762
 84.9725 357.6062
 84.4225 358.1762
 84.1325 361.6262
 85.5225 363.9462
 90.4325 356.8162
 91.2625 357.5862
 93.3425 356.6062
 94.5325 358.0662
 93.5725 361.9662
 92.7025 362.5062
 93.4925 364.4262
 96.0525 363.0562
 95.2725 364.9462
 93.5125 365.0162
 92.0625 369.4762
 89.2725 371.2162
 90.2225 374.7862
 89.0125 378.5762
 84.5425 381.0562
 83.0425 385.4062
 81.5425 386.1062
 81.0725 388.5162
 82.9925 390.6062
 84.0625 394.7062
 84.9625 396.0062
 86.6325 396.5162

Primorsko-goranska_županija
67
111.3025 406.3062
112.6525 405.1362
112.6925 406.2662
114.1525 405.7662
115.2225 403.8662
113.2325 404.2462
118.3525 395.1262
115.7225 395.8862
114.7025 393.0062
115.5625 392.7262
118.7725 394.5262
121.9825 392.4662
123.2025 390.4362
121.8725 388.5962
122.1325 386.2762
121.4425 384.3362
122.5425 382.3062
125.5825 380.4262
127.1125 381.3562
128.1025 380.1462
128.8525 379.3962
130.0125 378.7862
129.7625 376.1762
137.7425 367.9562
137.6825 366.7462
136.8925 366.6262
136.4625 365.6062
130.8625 366.4962
130.2825 365.0062
131.7425 363.1862
131.4625 362.1562
128.8525 361.5262
124.1425 363.5862
122.9625 365.8562
120.3425 365.7062
116.9925 367.7462
116.6125 368.6762
117.8525 369.3862
117.5225 376.7062
115.7425 374.8962
116.9425 374.1362
117.0125 372.9062
112.7525 374.7562
110.9725 372.7562
107.2425 373.1662
105.4625 374.4662
104.4925 374.0962
103.4925 374.7262
 97.9725 380.8262
 97.9125 384.3362
101.4725 385.2762
101.0525 388.0962
102.1225 389.5862
105.1425 387.8062
107.4325 389.0062
107.7025 391.8862
106.9725 392.8462
108.0625 392.9162
109.4225 395.2862
108.2825 397.4962
108.2725 400.0462
109.5325 400.2462
110.0125 401.1862
109.9925 403.6862
108.5025 405.3662
109.8725 405.3362
110.2725 406.7462

Primorsko-goranska_županija
139
112.6625 469.2162
113.4925 468.6862
114.9925 469.3362
116.5725 468.2762
114.6825 462.9162
117.7625 460.9562
120.4925 457.7262
123.3125 457.3262
124.6725 455.5462
125.3825 453.4862
124.2325 452.1762
123.8025 449.3362
124.5025 448.1462
125.3725 448.2362
125.7225 449.4162
127.2925 449.2962
131.3525 445.9662
135.3925 444.6262
137.4625 438.3862
146.8625 440.8762
147.4325 447.0162
149.3125 448.5362
154.6025 444.0262
157.6825 443.6762
159.2025 442.0562
162.1125 443.2962
165.3225 441.6462
165.4225 439.2162
170.7425 435.7862
172.8725 433.0562
175.2425 432.8162
176.5025 434.7462
177.6225 433.3162
179.5025 433.3562
179.5025 433.3562
180.4725 431.9262
179.5625 430.8362
179.9225 428.6462
174.2925 418.8062
175.1625 417.6862
174.7425 416.1762
172.1625 414.8162
169.1025 414.6962
166.7925 411.4662
165.0425 411.9762
164.6925 413.9862
160.1225 414.3862
158.1325 417.4262
155.6225 416.3862
154.4825 414.2562
154.5625 412.0262
152.5225 410.6462
154.9925 407.6862
154.8925 404.7262
154.0625 403.8462
154.9525 400.5962
153.2225 395.3462
157.4425 389.0462
157.4425 389.0462
158.9525 383.6862
156.8525 380.2962
153.3325 380.6162
150.5325 379.5762
149.5925 382.0262
147.5325 380.5262
147.4225 379.1862
145.0625 378.8162
145.3625 376.7862
144.0925 375.6462
144.0925 375.6462
140.1525 384.9162
140.6725 387.8262
139.2025 386.6862
139.2425 387.8062
137.1625 387.6262
126.7025 392.8462
126.4725 394.3962
120.5425 400.4162
116.1725 402.8062
116.5925 403.9762
115.1625 405.6162
112.2125 407.2262
112.4325 408.3362
111.6425 410.5762
111.2125 412.0862
112.9225 411.9262
111.8225 413.5962
108.4425 415.7862
110.7725 412.3962
110.0625 411.4562
109.0225 411.6162
104.3625 414.1262
102.1725 416.3362
102.6725 417.0862
101.9025 416.4562
100.3225 417.8662
 90.1425 421.0462
 86.8925 423.0262
 82.0825 415.5962
 78.1525 401.7362
 78.2825 398.3562
 76.3025 393.1162
 76.3025 393.1162
 73.7625 394.7862
 74.4925 401.7062
 72.8925 408.2962
 73.5425 414.8762
 74.2425 416.7062
 75.6525 417.2962
 74.1325 423.8962
 72.4825 425.7162
 72.5625 427.2862
 74.4625 429.0662
 66.5525 434.0962
 64.8225 437.1362
 65.4025 439.0662
 64.8025 441.4762
 64.8025 441.4762
 66.5125 440.7362
 70.6925 441.5162
 73.7725 440.3662
 73.8425 442.1762
 75.6025 444.8262
 77.9825 445.6162
 79.8625 442.7262
 82.2325 443.7262
 84.0025 442.2562
 85.4025 442.2562
 86.4625 440.3762
 88.4025 442.1862
 93.4425 443.4362
 95.7025 445.6862
 97.2625 445.2862
103.0925 449.8162
104.9925 457.1662
104.6725 459.8062
108.0725 460.8962
110.7425 464.7862
112.1125 469.5562

Ličko-senjska_županija
5
145.6325 291.8562
153.3225 284.1162
150.3825 285.1662
145.7625 289.3862
144.3525 291.5362

Ličko-senjska_županija
3
143.3425 293.4762
140.7625 296.3262
142.6125 295.3562

Ličko-senjska_županija
81
135.9425 319.1962
144.7225 308.5862
143.1525 313.5862
147.1125 314.4362
147.8425 313.4762
146.9425 313.0562
148.1825 313.0362
150.8625 309.7362
152.1125 309.5362
154.8725 303.2062
159.5325 302.0362
161.0325 300.2862
161.8325 300.4562
162.4725 297.5762
164.5825 294.8262
161.3825 296.4762
161.5125 297.8162
158.6825 298.5862
157.7525 297.7062
156.9825 300.0462
152.9725 301.6062
151.5225 303.5762
147.8525 305.1062
147.8325 303.6862
149.7025 303.2062
160.8825 289.9062
161.8225 291.2462
160.7525 295.3562
166.5425 290.4162
168.1825 290.0062
170.7325 285.5262
174.5325 283.5362
175.5825 280.5662
177.1825 280.7262
181.9225 276.5962
183.1425 273.9562
182.8725 272.7062
173.9325 279.0062
180.6425 272.2962
178.2125 272.2262
179.3925 269.9662
178.4025 271.0762
170.3725 274.1462
170.3625 272.7662
175.0225 268.4962
174.7125 267.9162
167.9025 272.0062
165.9525 274.9662
167.2325 275.3562
167.2825 276.4762
165.3925 278.2962
166.2825 279.7562
168.0525 279.6962
168.3025 280.7662
164.7525 283.6362
163.1925 283.6962
163.2225 282.2562
160.4725 282.8462
160.1725 285.2462
155.7525 290.6362
152.7425 293.1462
151.6825 292.8162
151.8925 294.0462
151.6325 293.0362
150.1625 293.1462
146.9325 295.8962
146.1325 297.6462
148.3225 298.1562
147.7925 300.2262
143.1425 305.0462
143.4825 305.9262
144.4725 305.7062
144.2325 306.5162
142.1625 307.4962
142.6625 307.9762
141.8225 309.2062
139.4725 310.6062
139.1925 312.0862
134.5825 316.8662
128.8725 325.6062
128.6925 327.7062

Ličko-senjska_županija
160
157.4625 389.0562
163.2925 386.6562
165.4425 384.6662
165.7525 383.2762
170.6025 381.6862
172.9525 385.1662
176.6025 386.4762
177.8725 382.9662
180.8325 379.8362
186.0925 376.9762
187.6425 374.1462
190.6625 372.4362
192.2125 372.8462
194.1625 371.8262
202.1025 360.1162
204.3725 358.9762
209.9425 358.4662
211.0725 355.6562
212.0425 355.9762
214.0825 353.3362
214.7925 354.8062
211.8925 357.3262
211.1325 359.4062
212.9825 360.9062
214.9225 364.4162
217.0425 363.3262
218.0325 360.6762
219.3925 359.6762
224.6325 361.8062
227.8725 358.7162
229.9425 358.2162
232.7425 360.4562
232.7425 360.4562
233.9825 351.9362
237.4625 348.4962
234.5125 345.9662
230.9525 345.8662
230.2825 344.2062
233.5125 340.3362
236.6925 334.1762
239.7525 332.6062
240.8425 330.3662
244.3825 330.9062
245.2425 332.5062
246.2425 332.1762
248.0825 334.0162
249.1925 334.0262
251.7525 330.4362
255.3225 328.9262
255.3925 326.8962
257.3225 323.2662
260.9725 320.8562
263.0525 320.4962
264.1725 317.2062
265.6725 315.8562
265.6225 314.3062
263.6725 314.0762
263.9425 311.4062
261.2725 311.4762
260.7525 310.6262
262.9925 306.0462
271.1925 301.1862
272.8225 301.0962
274.7625 295.9862
273.4925 291.8562
274.1125 291.5262
274.1125 291.5262
271.8925 289.9462
269.5125 289.8762
269.5125 289.8762
268.1125 291.3462
266.1525 291.6262
265.8725 287.0762
263.9125 288.9662
263.9125 288.9662
264.1225 291.9762
264.1225 291.9762
260.8325 296.1762
257.9625 297.4362
254.3925 297.7162
254.3925 297.7162
252.2925 296.2462
252.2925 296.2462
249.0025 292.9562
246.8325 292.9562
246.2025 290.7862
238.1525 287.0062
237.1025 284.9762
234.5125 283.8562
237.8725 282.9462
238.8525 281.1262
236.2625 278.0462
236.2625 278.0462
237.2425 276.0862
237.2425 276.0862
240.7425 276.1562
241.9325 274.1962
241.5125 268.1062
240.1825 265.8662
238.2925 264.6062
229.4725 264.3262
225.9725 265.2362
223.6625 267.0562
218.4125 266.9862
215.4025 268.4562
212.9525 273.5662
208.7425 276.7762
208.7425 276.7762
197.8925 280.9862
197.8925 280.9862
194.4025 283.0362
194.4025 283.0362
194.2025 283.1362
194.2025 283.1362
189.8725 285.5662
189.8725 285.5662
186.2325 278.3362
186.2325 278.3362
185.0625 278.7062
175.4625 290.5462
174.4225 290.6062
172.7425 292.9362
170.3425 294.2362
166.7125 300.2062
163.5025 302.3862
163.3125 301.7062
163.2425 303.1562
159.2725 307.0662
158.0525 306.9062
156.9025 308.4962
155.2925 308.9862
155.5325 309.7962
155.1425 309.3462
152.9925 313.4462
152.4325 317.1862
149.0425 320.4462
148.9025 322.9362
145.7125 326.7662
145.1225 331.6162
145.9025 333.6162
144.0225 340.6462
144.2325 348.2262
144.4825 350.5262
145.4025 353.3662
146.7725 357.4562
148.8425 363.8262
147.9425 367.0062
145.6625 368.7962
145.8925 370.5162
144.1425 375.6362
144.1425 375.6362
145.4125 376.7762
145.1125 378.8062
147.4725 379.1662
147.5825 380.5062
149.6425 382.0062
150.5825 379.5562
153.3925 380.5962
156.9125 380.2762
159.0125 383.6662

Virovitičko-podravska_županija
109
399.7425 514.1262
400.3725 513.5662
400.3525 512.2762
399.9225 511.0262
398.5525 512.0162
398.9225 509.4362
402.8725 510.1962
403.6725 507.7662
405.6225 508.9962
405.9025 507.6262
408.0925 507.3062
407.5325 509.9762
408.2725 510.5762
417.8925 508.2062
421.8825 508.5962
427.6525 503.6362
430.7625 495.3162
432.0625 493.7962
435.1325 493.9162
436.8625 492.8562
439.7625 492.6562
441.7425 489.9962
443.8925 490.7062
447.4125 488.8162
448.5325 489.7162
449.7625 486.3262
451.2725 485.5262
452.4825 483.1262
455.6425 486.4262
458.0525 486.5362
458.0525 486.5362
458.0325 483.9762
460.2525 478.2062
466.9325 475.7662
469.9425 464.0162
471.8925 463.7062
470.7025 460.4962
466.2025 454.6362
466.5025 451.7662
463.6425 450.5162
462.2125 446.3762
460.2825 443.9862
455.1425 441.5462
455.1425 441.5462
454.5625 441.7862
454.5625 441.7862
452.8125 442.4362
449.8925 440.7262
444.8225 440.5462
446.2525 441.9262
444.0025 443.8262
436.9825 444.4062
434.1525 446.1562
428.5425 446.3562
426.6925 447.8462
424.7325 451.3562
422.2225 451.6362
418.1925 455.3762
416.2225 455.3462
414.9225 452.8862
411.6225 454.4362
410.8025 456.2462
409.2825 455.4462
409.2825 455.4462
407.4525 454.8762
407.4125 458.0462
409.8125 459.4462
409.7925 463.2362
413.1125 467.4962
412.9325 469.4962
414.8925 472.3562
412.6525 474.2962
410.0525 474.6362
410.1125 475.8462
409.0825 476.7262
406.2425 475.6062
405.4525 473.9362
403.5425 473.0262
402.2025 476.9862
399.7425 475.0062
399.2525 476.6162
400.9025 479.4962
400.7025 481.1462
398.9025 482.7362
397.8725 480.2662
396.1325 481.0562
395.8925 483.5862
392.9725 484.2562
391.7125 487.0962
391.8525 489.0962
388.5325 489.7262
386.4225 492.1162
383.9125 493.1362
382.3425 496.7462
376.0625 499.9062
376.0625 499.9062
376.9025 502.8862
383.3625 511.1862
385.3825 515.4162
390.1925 514.7962
393.9325 515.6862
393.9325 515.6862
395.0225 515.1962
395.5125 516.4562
396.6225 516.3862
395.1125 513.5462
397.0725 513.1762
398.1125 515.1362
396.9825 516.5462

Požeško-slavonska_županija
114
454.5725 441.7762
454.7825 437.9462
455.7225 437.1862
460.3325 436.4162
461.0125 434.7162
463.3125 433.9462
464.6725 432.2362
467.5725 431.5562
468.5925 429.5962
470.6425 428.8262
473.2025 429.8562
475.6725 429.1762
477.2025 427.7262
477.9725 426.2762
477.5825 423.3262
475.1725 421.5462
477.4825 419.8262
479.1825 414.8562
474.8725 410.0762
474.8725 410.0762
465.6325 412.5662
456.2925 412.3462
454.6725 408.7562
453.5025 408.6362
454.2925 406.8262
452.2225 405.2362
450.2225 401.6762
446.4925 402.7662
445.9525 400.6362
444.4225 399.7062
445.3525 398.7062
441.3225 398.2262
436.5525 400.0662
438.5025 402.6162
437.4325 404.8562
437.8125 407.4362
436.4425 410.1062
426.8325 410.2562
423.6125 411.4562
420.9925 414.3862
416.1525 416.7162
414.8125 418.3562
414.4925 421.2662
411.7225 422.0562
409.9125 425.0962
405.6825 428.2262
399.4325 427.5662
398.9425 425.4562
396.8825 424.7162
393.2425 425.9962
391.8025 428.1362
389.0425 428.4162
382.1025 423.0762
382.1025 423.0762
377.6825 422.3562
377.1625 424.8062
375.5025 426.4962
368.8525 429.5162
369.4225 432.5362
370.7925 433.3962
370.0725 435.6662
368.6625 435.9262
368.9325 433.7662
367.3125 433.5462
367.4725 432.0762
366.6625 432.0162
365.2825 436.2562
363.2425 437.9162
359.1425 437.8662
356.9125 441.5962
356.9125 441.5962
356.4325 446.4662
359.4625 451.6062
359.2725 448.5962
360.1525 447.3862
362.0925 447.4162
365.4025 445.7562
367.1025 446.1062
367.5825 447.3662
369.1625 447.9962
371.9025 445.6062
376.1125 448.3462
380.2225 447.1662
381.3325 448.0362
381.3425 449.6462
382.4825 449.7662
386.9025 446.0062
393.0125 445.8262
394.0625 447.1362
400.5525 447.9362
400.9725 446.5262
405.7525 445.7162
408.8525 448.3362
408.9625 451.6762
410.1925 454.0662
409.2825 455.4462
409.2825 455.4462
410.8025 456.2462
411.6225 454.4362
414.9225 452.8862
416.2225 455.3462
418.1925 455.3762
422.2225 451.6362
424.7325 451.3562
426.6925 447.8462
428.5425 446.3562
434.1525 446.1562
436.9825 444.4062
444.0025 443.8262
446.2525 441.9262
444.8225 440.5462
449.8925 440.7262
452.8125 442.4362
454.5625 441.7862

Brodsko-posavska_županija
133
382.1025 423.0762
389.0425 428.4162
391.8025 428.1362
393.2425 425.9962
396.8825 424.7162
398.9425 425.4562
399.4325 427.5662
405.6825 428.2262
409.9125 425.0962
411.7225 422.0562
414.4925 421.2662
414.8125 418.3562
416.1525 416.7162
420.9925 414.3862
423.6125 411.4562
426.8325 410.2562
436.4425 410.1062
437.8125 407.4362
437.4325 404.8562
438.5025 402.6162
436.5525 400.0662
441.3225 398.2262
445.3525 398.7062
444.4225 399.7062
445.9525 400.6362
446.4925 402.7662
450.2225 401.6762
452.2225 405.2362
454.2925 406.8262
453.5025 408.6362
454.6725 408.7562
456.2925 412.3462
465.6325 412.5662
474.8725 410.0762
474.8725 410.0762
475.9825 408.6262
478.1825 407.8662
481.1925 408.1962
482.2425 406.3862
483.5325 406.9862
486.5825 406.0262
487.7025 403.8062
489.4725 403.1462
494.7225 403.9962
497.9125 406.5162
504.2425 407.1462
507.3925 406.3662
508.6125 404.6862
512.0825 402.7762
520.2325 401.4562
523.5625 399.0162
523.5625 399.0162
518.0925 389.1562
520.0025 385.1062
522.1125 384.4462
522.1125 384.4462
521.6425 383.4562
523.7025 381.6462
522.2825 380.0762
521.7125 377.3962
521.0125 379.7762
518.9225 379.3762
515.4925 380.4162
510.5125 386.8562
499.8825 385.8662
498.4725 387.8962
495.8825 387.7362
495.1725 390.5262
493.2525 391.3362
488.7225 388.9762
488.5225 387.2662
489.7225 385.1462
487.8825 382.7862
485.6925 382.0662
481.3425 383.4162
479.3325 382.6562
474.2425 386.6262
475.7625 388.4862
474.0925 391.5962
471.8525 391.6262
470.5525 389.1962
468.9225 392.7262
467.7225 393.1062
465.4625 392.1562
463.2825 387.7562
459.9825 386.7162
460.3825 382.7962
456.0925 379.3762
451.1725 377.3962
448.8725 378.4462
444.6225 382.9162
441.5925 383.5162
432.6525 390.5462
430.6025 390.1062
427.9225 387.6062
425.2325 386.4462
422.9725 387.7262
420.7325 386.7562
420.9625 388.9462
420.1525 389.8262
418.2625 386.7762
416.4625 386.7262
415.4525 387.6962
413.4825 386.8062
412.9925 387.5162
414.3525 389.0962
414.3325 390.7762
412.4725 389.4962
410.0225 389.4762
410.5825 392.2262
409.7325 394.2862
408.7925 394.1262
408.1425 392.0262
406.4525 390.5762
400.8525 391.0562
397.3525 393.1462
397.2925 395.2262
395.5025 395.1262
395.3825 396.9262
392.9425 396.5962
391.6825 398.4262
388.6225 392.1062
381.6925 392.3262
378.4025 394.5662
378.4025 394.5662
375.0025 401.1362
370.6125 404.6062
371.4625 406.9362
375.6225 408.6062
380.0325 414.0662
382.0725 414.9762
381.4325 417.4662
382.6625 419.6662

Zadarska_županija
6
208.8325 205.6662
209.9325 204.4262
207.9925 204.1962
206.4625 206.3962
207.8525 205.6562
207.9425 206.5562

Zadarska_županija
26
184.1325 228.4062
186.1425 228.1762
186.9125 226.6662
189.9425 225.4362
193.4925 221.3662
195.1825 221.5962
196.6125 219.9362
196.6725 217.3262
203.4525 211.4362
203.0325 209.9862
201.9525 211.2162
200.4825 210.4462
196.1025 214.0062
196.1225 212.9162
194.9825 212.9462
193.5825 213.5662
192.8125 215.5462
192.7125 216.6662
192.1725 217.1562
191.2825 218.1462
188.2225 219.7762
187.1925 222.2862
183.8025 226.2262
183.8925 227.2062
182.4125 228.1262
183.6325 229.2162

Zadarska_županija
8
162.2525 232.1262
163.0725 232.0862
162.7525 230.9662
164.5625 229.4462
165.1825 227.3262
161.9225 229.5662
162.6325 230.5462
161.5225 232.4962

Zadarska_županija
10
164.2725 237.8462
167.0525 235.8062
167.5725 233.5062
168.3625 233.4662
169.8425 230.8962
171.4725 230.1962
171.6525 228.5762
173.6025 225.6462
164.2425 233.9062
163.6125 238.2162

Zadarska_županija
28
166.5225 245.9562
167.2125 244.8662
169.4025 244.4762
172.2325 241.8062
173.2225 241.2762
173.9325 240.8262
175.6525 239.6462
175.2725 238.3562
177.2425 235.7262
179.5525 234.6462
182.6325 231.5562
181.8225 231.1362
183.1825 229.3962
182.0725 228.1362
181.3325 227.7762
181.5125 229.6362
180.1225 230.0062
178.8725 232.9362
178.2325 233.3562
177.7725 231.4862
176.9025 230.8362
169.6425 238.8162
168.2725 241.5862
166.3225 242.0462
163.1025 245.0962
163.7825 246.3462
162.5625 248.1262
162.8525 249.1362

Zadarska_županija
6
161.1825 248.4262
162.0725 248.1662
162.2025 246.5662
159.9125 247.6762
158.2425 250.3162
158.9125 250.9362

Zadarska_županija
4
148.5825 249.6662
150.8025 247.0062
147.8625 248.2962
144.8925 251.2862

Zadarska_županija
64
142.2025 250.7362
142.9925 249.7262
144.3425 249.7162
144.2325 248.9262
147.0925 246.6662
148.3025 243.8062
150.7525 243.2062
150.1525 242.0462
150.9125 240.8962
156.0125 237.5962
155.9925 238.8762
157.2425 238.2862
157.3225 237.1062
156.4225 236.9762
158.8025 235.4362
159.4325 231.5462
162.5925 226.4562
163.7625 226.1862
166.3525 223.1862
166.4525 224.9462
168.7525 223.2862
168.3225 221.9962
171.3525 219.8762
172.8325 217.4562
173.8125 217.6162
174.2725 215.5962
179.4525 212.5862
179.7725 211.3962
178.5525 211.7662
179.0825 210.5962
178.1225 210.2062
176.4125 211.3062
176.0025 211.4362
174.7025 212.4962
173.5425 212.3062
173.4225 213.4262
171.5425 214.2262
170.8025 215.6862
169.7625 215.0262
170.2925 214.0262
171.1525 213.2462
172.7825 211.5462
173.7125 211.5762
175.1325 209.5762
177.0325 208.9362
177.1325 206.9762
167.0525 215.7962
155.6025 234.1862
149.9625 238.5262
144.7325 244.7462
143.3225 245.5362
143.4125 243.9262
138.2825 247.0862
137.7225 248.6862
139.0625 249.8462
139.6225 249.3462
138.3125 248.8162
139.3025 247.1762
142.0325 245.7062
140.4325 247.7062
141.5225 247.9362
143.9925 246.3362
141.6125 250.2862
141.6725 251.5362

Zadarska_županija
4
149.7425 251.2162
149.9725 250.4262
146.4525 253.4062
147.6725 253.6062

Zadarska_županija
10
150.8125 254.8962
155.5725 249.3862
156.9125 249.4562
159.1925 247.2462
159.9125 246.0962
159.5025 244.5162
157.0925 246.3562
156.8125 245.6062
153.5425 248.8962
150.6425 253.0262

Zadarska_županija
19
136.3325 263.9962
138.0325 261.6662
142.5025 259.3862
143.9625 257.4762
144.5625 259.3762
146.1725 258.2862
145.3225 257.6562
147.2025 256.5862
145.9725 256.2162
145.5325 254.5362
142.7725 255.8462
143.2325 256.7362
140.6725 257.2362
139.6825 258.8062
137.1125 260.0062
140.0025 255.4162
139.8925 254.7362
138.7025 254.9762
134.3725 263.1762

Zadarska_županija
6
125.3825 267.8962
126.5225 268.0662
128.3425 265.6862
127.2425 265.3662
126.2425 265.6062
124.2125 267.6362

Zadarska_županija
9
134.2125 266.2762
135.7225 264.9462
134.2525 263.9762
132.0525 265.4062
132.4625 263.0062
130.1525 264.2462
129.2025 266.4762
131.6925 266.1262
130.7825 268.5162

Zadarska_županija
16
160.0525 272.8562
161.0025 273.2562
162.1525 271.8962
163.0425 272.4762
164.6025 271.1062
166.5225 271.1362
170.1125 268.3062
170.0925 267.5262
168.6725 266.7762
168.6325 268.2462
166.1125 269.2662
164.3325 268.6562
164.4325 267.5062
161.5525 267.1762
158.2025 271.9662
158.4425 273.1462

Zadarska_županija
9
117.3425 274.3762
119.5325 273.2662
122.3425 269.7362
119.4125 270.8062
117.0825 272.8362
117.2825 273.4962
114.8525 274.2562
113.3025 276.7662
114.2125 277.5462

Zadarska_županija
10
124.2325 285.5562
126.1625 283.4062
125.7525 279.6562
127.7025 278.6862
128.3925 276.2362
127.5925 275.9662
125.2825 277.5662
123.9625 282.0262
121.5325 282.8662
121.8125 284.9162

Zadarska_županija
12
135.3025 286.2762
136.9525 283.8362
135.1725 281.4362
137.9525 277.2262
137.3225 275.3262
135.2525 275.3962
132.5925 278.0362
130.1325 279.1162
133.4125 280.7062
131.6425 286.1362
132.8825 285.7062
134.2725 286.9962

Zadarska_županija
226
264.7925 288.3762
265.8425 287.1162
266.1225 291.6662
268.0825 291.3862
269.4825 289.9162
269.4825 289.9162
271.8625 289.9862
274.0925 291.5662
274.0925 291.5662
274.4525 287.6662
276.7525 284.5562
274.2425 283.2662
271.7925 283.8162
272.2725 281.4062
280.9325 278.3462
281.8025 276.6762
281.1225 274.4362
281.5125 267.3462
283.5325 257.3762
283.5325 257.3762
277.9025 255.4862
277.9025 255.4862
275.3125 255.4162
274.0525 252.6862
274.8925 248.0662
273.9825 245.7562
273.9825 245.7562
271.6025 243.8662
271.6025 243.8662
269.2925 242.5362
259.4225 247.0862
259.2125 249.0462
257.3925 251.6362
257.3925 251.6362
255.4325 251.7762
255.4325 251.7762
251.1625 244.5662
251.1625 244.5662
249.2725 243.7962
249.2725 243.7962
248.0825 242.0462
248.0825 242.0462
246.6825 240.0162
244.3025 239.5262
244.3025 239.5262
243.0425 236.5862
239.2625 237.8462
238.0025 237.0762
238.0025 237.0762
239.1925 235.3262
239.1925 235.3262
241.1525 235.1862
244.7225 232.8062
244.8625 230.6362
244.8625 230.6362
242.9725 228.1162
243.9525 225.8762
243.9525 225.8762
241.0125 223.1462
238.4925 222.4462
241.1825 218.5862
239.2625 217.3662
238.4225 217.6762
238.4225 217.6762
236.2325 216.4562
236.2325 216.4562
236.5225 215.7362
236.5225 215.7362
237.3425 215.3962
237.3425 215.3962
237.6425 214.9962
237.6425 214.9962
237.5925 214.6962
237.5925 214.6962
236.8625 214.1962
236.8625 214.1962
236.5225 213.7262
236.5225 213.7262
235.7925 211.9062
235.7925 211.9062
234.6625 211.3062
234.6625 211.3062
233.3925 210.7062
233.3925 210.7062
234.3225 209.6562
234.3225 209.6562
233.7525 208.3862
233.7525 208.3862
233.4925 207.2662
233.4925 207.2662
233.2025 205.3662
229.7125 207.3562
229.7125 207.3562
229.1525 207.5162
229.1525 207.5162
226.5925 208.6362
226.5925 208.6362
222.1725 206.5462
220.1425 207.1762
220.1425 207.1762
216.7225 210.2562
214.0325 207.8962
213.0925 208.0962
211.6525 209.0262
211.1225 209.9962
211.7525 210.2862
210.4225 211.8162
203.4625 215.3362
201.8825 217.2962
202.2325 218.7462
198.5725 221.3262
191.9525 230.3762
187.3225 232.5862
188.3525 232.6462
188.4225 233.7362
185.7125 235.1162
183.8125 239.7962
182.2425 240.6762
182.1125 239.8762
179.6125 242.3562
179.2625 243.4062
179.2325 244.7562
177.3525 245.2262
178.3325 246.1562
178.0225 247.3362
171.1525 254.3862
172.9825 255.5962
173.8125 259.1662
170.1625 260.8362
169.5925 263.1262
167.9725 263.6462
169.4925 266.3262
171.5225 266.3962
174.9825 262.4162
174.3025 262.2162
175.2025 260.8662
175.9925 261.8162
177.1325 261.9162
178.5625 263.3162
176.1725 266.9562
177.2225 267.6162
178.4625 266.7562
178.0125 268.4262
185.8425 261.7262
187.5425 262.3262
185.5725 266.7062
187.4125 266.3862
188.1025 267.7362
183.4625 272.4362
184.8925 274.2262
185.1625 273.0962
190.2325 270.1362
190.9025 269.2562
190.3925 268.4062
197.9625 263.5662
199.6625 263.0462
202.3625 264.1662
208.6325 262.3962
209.6825 259.2762
209.5425 256.4762
205.4825 254.8662
210.0325 250.7362
215.7725 252.1362
218.6425 248.5662
219.6925 243.9462
221.3025 244.4362
221.7925 246.1162
219.3425 250.2462
219.6225 252.0662
217.4525 254.7962
213.8125 255.6362
211.1525 258.5762
210.9425 262.0062
212.0925 261.9962
211.9725 263.7062
208.6225 265.5662
205.8525 264.8762
204.8325 266.9262
203.2925 266.4762
199.7125 271.0962
191.6425 274.6962
186.3225 278.3262
186.3225 278.3262
189.9225 285.5862
189.9225 285.5862
194.2525 283.1562
194.2525 283.1562
194.4525 283.0562
194.4525 283.0562
197.9425 281.0062
197.9425 281.0062
208.7925 276.7962
208.7925 276.7962
213.0025 273.5862
215.4525 268.4762
218.4625 267.0062
223.7125 267.0762
226.0225 265.2562
229.5225 264.3462
238.3425 264.6262
240.2325 265.8862
241.5625 268.1262
241.9825 274.2162
240.7925 276.1762
237.2925 276.1062
237.2925 276.1062
236.3125 278.0662
236.3125 278.0662
238.9025 281.1462
237.9225 282.9662
234.5625 283.8762
237.1525 284.9962
238.2025 287.0262
246.2525 290.8062
246.8825 292.9762
249.0525 292.9762
252.3425 296.2662
252.3425 296.2662
254.4425 297.7362
254.4425 297.7362
258.0125 297.4562
260.8825 296.1962
264.1725 291.9962
264.1725 291.9962
263.9625 288.9862
263.9625 288.9862

Osječko-baranjska_županija
155
540.2525 505.0762
549.0725 499.9062
550.5625 500.1062
551.0125 504.5162
552.1725 503.5962
552.9225 499.0562
555.7125 496.8662
555.0925 488.7362
558.6525 484.7462
561.0525 474.5562
563.1525 472.2362
567.0125 470.2562
564.1525 462.3962
561.4125 462.2462
560.4725 461.2762
561.6525 459.0862
559.3725 455.4462
559.6625 453.6962
563.8925 449.7362
565.9325 449.2562
569.3725 450.3362
570.2925 452.4762
572.6425 452.5862
573.8725 449.3362
577.3125 448.8162
580.8425 446.2762
580.5725 444.0962
578.9625 442.2362
574.8725 441.8662
571.6525 443.4762
570.2625 443.2162
569.1525 437.2362
570.1425 435.3062
570.1425 435.3062
569.2425 434.6462
565.0225 434.8162
561.5125 439.6062
558.1325 441.7262
555.2925 441.7562
554.7725 440.4162
550.9025 440.0662
549.2625 438.9262
551.2725 432.5162
549.2825 432.3662
549.1725 430.4262
546.5225 429.8562
545.7725 431.3462
544.5425 431.6662
540.1725 430.8762
537.8225 428.6962
533.7225 428.0762
533.7025 422.8862
530.9825 421.3662
531.6825 417.3462
527.5525 417.0362
525.8025 414.2862
522.9025 414.7962
520.0425 413.0562
520.0325 406.4862
524.4025 403.8662
526.4825 404.0662
525.6725 399.7062
523.5625 399.0162
523.5625 399.0162
520.2325 401.4562
512.0825 402.7762
508.6125 404.6862
507.3925 406.3662
504.2425 407.1462
497.9125 406.5162
494.7225 403.9962
489.4725 403.1462
487.7025 403.8062
486.5825 406.0262
483.5325 406.9862
482.2425 406.3862
481.1925 408.1962
478.1825 407.8662
475.9825 408.6262
474.8725 410.0762
474.8725 410.0762
479.1825 414.8562
477.4825 419.8262
475.1725 421.5462
477.5825 423.3262
477.9725 426.2762
477.2025 427.7262
475.6725 429.1762
473.2025 429.8562
470.6425 428.8262
468.5925 429.5962
467.5725 431.5562
464.6725 432.2362
463.3125 433.9462
461.0125 434.7162
460.3325 436.4162
455.7225 437.1862
454.7825 437.9462
454.5725 441.7762
454.5725 441.7762
455.1425 441.5462
455.1425 441.5462
460.2825 443.9862
462.2125 446.3762
463.6425 450.5162
466.5025 451.7662
466.2025 454.6362
470.7025 460.4962
471.8925 463.7062
469.9425 464.0162
466.9325 475.7662
460.2525 478.2062
458.0325 483.9762
458.0525 486.5362
458.0525 486.5362
463.9525 486.5662
466.6425 487.5862
469.4725 485.1562
475.3625 483.2462
477.5925 483.8162
479.5325 486.8262
482.4225 486.6262
484.3425 484.9162
486.1725 486.5962
490.6425 485.3162
492.1125 482.8062
495.5525 481.8162
497.5925 482.6162
501.4125 481.5162
501.8125 480.5462
503.8525 483.6162
504.5625 484.4662
507.7125 482.3362
507.9925 480.3062
508.9725 479.6262
513.1725 479.1362
513.0325 482.7462
514.1125 483.8562
516.7125 483.3662
517.6725 487.5562
520.8225 485.9162
522.1225 487.4362
524.0825 487.4462
524.6425 488.8662
526.2725 488.4762
526.2625 490.5762
528.2925 491.4062
529.1225 493.4062
531.3425 494.2162
531.4125 496.3762
532.1925 499.6262
532.9925 498.3362
534.5525 499.5162
533.2825 501.3962
535.4625 502.6562

Šibensko-kninska_županija
15
219.6825 179.6962
220.8225 178.9362
222.3525 179.2662
224.5025 177.8362
225.0625 178.5062
227.4525 175.2862
230.3825 174.8062
232.1525 173.2362
230.1025 173.1662
228.9725 173.6762
228.1525 173.2162
224.6525 174.5862
221.4025 178.1962
219.2225 178.5062
218.7625 180.2362

Šibensko-kninska_županija
5
234.2125 183.1762
236.3025 182.2162
236.5625 180.6362
233.5025 181.8462
233.3525 184.5962

Šibensko-kninska_županija
6
244.9225 182.9662
246.2025 181.1162
246.3025 177.8662
241.2725 183.1262
242.8125 182.9562
243.2025 184.6262

Šibensko-kninska_županija
4
223.8925 183.1662
226.4425 182.4362
228.1025 180.2662
226.5025 180.3062

Šibensko-kninska_županija
11
226.1925 186.0062
227.9725 185.8662
228.8025 184.3562
230.5725 181.9062
231.7825 182.1162
230.6225 180.6062
231.0925 179.2362
228.6325 180.5362
228.3925 181.6062
230.0125 181.3762
226.9525 183.7262

Šibensko-kninska_županija
6
235.1025 187.4562
237.2325 185.6762
235.9825 185.8062
236.6425 184.3062
234.0925 187.1762
234.6525 188.1362

Šibensko-kninska_županija
3
240.0225 186.8762
238.6025 186.1662
237.5025 189.4762

Šibensko-kninska_županija
5
191.2525 193.5662
193.7425 191.9762
192.9225 191.5462
188.7125 193.9462
189.7325 194.4362

Šibensko-kninska_županija
16
219.1425 201.4862
219.0125 199.7662
221.5725 197.6462
221.4725 196.7262
223.1025 197.2962
223.9725 195.6862
223.1125 195.1562
224.6225 194.4362
225.3925 192.4662
221.1625 193.8362
221.1725 195.2062
216.3225 199.1962
214.8725 202.2262
215.9325 202.5562
217.4325 200.7562
218.2025 202.6562

Šibensko-kninska_županija
16
180.9225 208.4362
181.0325 207.7362
183.7225 207.5162
184.1725 206.7962
182.4925 206.5962
182.8425 205.9262
191.4025 199.3062
196.1725 193.7862
193.6025 195.0062
190.5025 195.7662
187.6425 197.7662
187.8225 199.1362
183.2725 201.6262
181.3025 205.5862
179.2225 207.6062
179.3625 208.4662

Šibensko-kninska_županija
18
184.0925 210.9662
187.1225 209.8762
185.8925 209.6162
187.0725 208.2862
187.7525 208.8562
189.0525 208.0262
189.1625 209.9862
190.5425 208.3662
189.9625 207.0062
192.5725 204.5162
192.7125 202.9462
194.9025 200.4862
194.2125 200.1762
193.0925 202.0962
188.3425 205.1562
185.1725 208.5762
183.2625 208.7662
182.5625 209.7662

Šibensko-kninska_županija
197
294.7125 242.5862
297.5525 238.4362
303.5225 238.5662
305.1125 230.9862
311.2325 230.4962
314.8725 224.1862
315.3325 220.8362
315.3325 220.8362
310.9425 221.0762
305.9425 217.5962
304.0625 218.0562
301.9525 217.0662
301.6925 215.9162
303.1025 214.9662
302.9025 214.0362
299.8825 213.6962
296.4625 214.8662
294.8025 209.4962
304.9925 199.8562
301.0325 196.8962
300.0925 195.1062
295.6925 192.6062
296.9225 189.7362
294.9225 187.5862
296.9425 185.9162
296.9825 184.8862
293.9425 181.4662
286.0125 182.0462
284.1125 179.3662
279.4625 179.7462
278.2425 176.4362
273.7925 176.3062
270.6425 171.2762
267.7225 170.6162
267.1525 168.8762
264.6525 167.2962
265.9825 163.9362
268.8025 163.4662
269.4725 159.7362
268.2025 158.6362
264.9025 158.6062
264.2725 156.1262
261.7725 155.0062
261.7725 155.0062
260.0325 153.0562
259.2325 153.7562
260.0625 154.7662
258.1525 154.7362
256.7425 154.0562
255.9625 154.6962
254.7425 156.0562
256.0925 156.2662
257.2425 156.2562
258.7825 157.5262
257.8525 160.0562
259.2125 160.3962
257.5125 160.6362
257.1425 159.6162
255.9725 159.6762
255.9225 157.8962
255.0325 158.8062
255.7925 160.5962
253.0925 161.2662
252.1925 162.4162
252.6425 163.3562
254.2425 163.1862
254.1225 164.8262
252.9525 163.9862
251.4725 164.8862
252.8925 167.0962
251.3825 167.7762
252.1625 168.2062
251.5625 170.0762
252.3225 170.7862
250.9125 172.9562
251.5925 173.8362
256.9225 173.6262
249.8425 175.8462
252.2625 175.7562
252.4825 176.7962
254.7825 174.7862
254.4525 177.4762
251.1825 180.0862
249.1325 183.2262
247.7825 182.5862
244.9225 186.2062
237.5125 191.5262
236.3625 190.6362
233.5825 191.3662
233.5425 190.7962
231.7525 191.7262
231.9825 192.5662
228.3325 192.6262
227.2725 195.2162
224.8825 197.5162
222.6025 197.7062
220.2725 199.5962
220.0625 200.9362
221.7325 199.0962
222.5425 200.0862
224.0725 199.9762
226.5325 198.5062
226.9425 197.1662
226.9825 199.9362
225.1725 200.0462
221.0925 203.8762
217.5225 204.4862
215.8025 205.8762
215.9425 207.1762
214.3425 206.1062
214.1125 207.5662
216.7425 210.2162
220.1625 207.1362
220.1625 207.1362
222.1925 206.5062
226.6125 208.5962
226.6125 208.5962
229.1725 207.4762
229.1725 207.4762
229.7325 207.3162
229.7325 207.3162
233.2225 205.3262
233.5125 207.2262
233.5125 207.2262
233.7725 208.3462
233.7725 208.3462
234.3425 209.6162
234.3425 209.6162
233.4125 210.6562
233.4125 210.6562
234.6825 211.2562
234.6825 211.2562
235.8125 211.8562
235.8125 211.8562
236.5525 213.6762
236.5525 213.6762
236.8925 214.1462
236.8925 214.1462
237.6325 214.6462
237.6325 214.6462
237.6825 214.9462
237.6825 214.9462
237.3825 215.3462
237.3825 215.3462
236.5625 215.6862
236.5625 215.6862
236.2725 216.4062
236.2725 216.4062
238.4625 217.6262
238.4625 217.6262
239.3025 217.3062
241.2225 218.5262
238.5325 222.3862
241.0525 223.0862
243.9925 225.8162
243.9925 225.8162
243.0125 228.0562
244.9025 230.5762
244.9025 230.5762
244.7625 232.7462
241.1925 235.1262
239.2325 235.2662
239.2325 235.2662
238.0425 237.0162
238.0425 237.0162
239.3025 237.7862
243.0825 236.5262
244.3425 239.4662
244.3425 239.4662
246.7225 239.9562
248.1225 241.9862
248.1225 241.9862
249.3125 243.7362
249.3125 243.7362
251.2025 244.5062
251.2025 244.5062
255.4725 251.7162
255.4725 251.7162
257.4325 251.5762
257.4325 251.5762
259.2525 248.9862
259.4625 247.0262
269.3425 242.4762
271.6525 243.8062
271.6525 243.8062
274.0325 245.6962
274.0325 245.6962
274.9425 248.0062
274.1025 252.6262
275.3625 255.3562
277.9525 255.4262
277.9525 255.4262
283.5825 257.3162
283.5825 257.3162
287.4025 251.2562
293.0025 246.5362
293.7325 243.3862

Vukovarsko-srijemska_županija
109
523.5625 399.0162
525.6725 399.7062
526.4825 404.0662
524.4025 403.8662
520.0325 406.4862
520.0425 413.0562
522.9025 414.7962
525.8025 414.2862
527.5525 417.0362
531.6825 417.3462
530.9825 421.3662
533.7025 422.8862
533.7225 428.0762
537.8225 428.6962
540.1725 430.8762
544.5425 431.6662
545.7725 431.3462
546.5225 429.8562
549.1725 430.4262
549.2825 432.3662
551.2725 432.5162
549.2625 438.9262
550.9025 440.0662
554.7725 440.4162
555.2925 441.7562
558.1325 441.7262
561.5125 439.6062
565.0225 434.8162
569.2425 434.6462
570.1425 435.3062
570.1425 435.3062
572.6425 433.2362
572.6025 431.3562
571.7825 429.8462
569.9225 429.5062
567.7025 426.0262
572.9025 421.3362
579.9825 419.7962
581.9825 414.0762
596.3925 406.5462
611.7025 404.9162
612.2325 399.8362
611.2225 397.9762
611.5725 396.0262
607.3825 395.4262
603.3225 400.0962
600.8825 399.8662
600.1125 395.9162
597.7525 395.9162
588.9425 400.3962
588.5325 399.4962
590.0125 397.7962
589.6525 395.9462
585.4425 389.7862
584.0025 389.0862
579.8825 389.6062
579.7925 386.8762
581.4125 384.4362
580.4925 382.6662
582.3725 380.5462
582.3125 378.1862
580.4925 376.2862
581.2225 372.0962
580.2325 370.2462
575.9525 367.5762
582.1325 366.5962
585.1325 368.0862
586.4025 364.3662
585.1825 362.6362
581.1825 360.9262
578.6425 357.8362
571.5225 356.8162
572.9625 350.0362
567.3725 349.2062
555.0725 349.8562
545.9925 357.3762
546.8525 359.5462
544.7525 362.5562
545.6725 363.0062
548.4525 361.5962
550.2825 362.6062
548.2025 366.2762
549.2225 369.9562
545.3125 371.0262
542.2825 370.3462
543.1225 373.5562
540.8925 376.3562
538.6625 376.9262
536.1225 380.1362
538.0525 382.2562
537.0125 384.4062
535.9025 384.6062
534.8425 383.3562
535.3325 379.9362
534.6125 379.1562
529.6125 380.3862
529.6825 381.2762
532.5025 383.4362
532.1025 384.7862
531.1225 384.7162
529.8525 382.7362
525.9325 384.6662
525.5525 383.8762
527.0125 382.1962
526.2725 380.6062
525.2025 382.8562
522.1125 384.4462
522.1125 384.4462
520.0025 385.1062

Splitsko-dalmatinska_županija
23
279.0325  95.6162
278.9025  94.8662
280.4025  94.6862
279.0225  92.7762
280.0425  92.3362
282.4725  94.5962
284.4325  94.4162
284.8725  93.3562
286.3025  94.5162
286.2125  91.5062
283.8225  89.8862
283.6925  88.4162
281.8625  87.1662
280.2425  86.8162
277.6525  86.3062
271.6025  85.1362
267.0825  85.2362
269.3825  87.4662
269.4725  89.5662
268.4925  90.9662
266.6825  90.0062
265.3425  92.0662
270.0425  94.6762

Splitsko-dalmatinska_županija
7
331.6625  98.1162
333.6725  97.9062
335.7025  97.6262
336.7125  96.4562
333.9225  95.3162
328.5925  96.3362
329.6825  97.8062

Splitsko-dalmatinska_županija
9
296.3625 108.7862
299.3925 107.0862
301.3725 107.7362
301.5625 106.1062
299.5825 105.6662
297.8525 105.7362
295.7025 106.9862
294.2525 107.4962
295.0925 108.9962

Splitsko-dalmatinska_županija
66
318.3125 116.8162
319.3725 116.8762
318.7325 115.0362
319.0725 114.1462
320.3025 114.3062
320.1425 113.1462
322.8825 114.8862
323.5725 113.9662
326.2825 114.0462
326.7925 114.1462
327.3525 114.8562
329.1925 114.0362
328.8925 111.9562
332.4225 109.1862
329.6825 109.6762
332.0225 108.1662
333.0125 106.9362
335.1425 106.1762
337.4925 107.3762
338.6225 107.4062
340.5525 106.3462
345.8025 106.9062
347.1925 106.1162
350.9325 106.9662
353.0825 105.4862
359.3525 105.5262
374.4825 102.9262
378.6325 103.8562
383.8925 101.7062
375.3425 100.1362
373.5925 100.7562
369.1725  99.9962
367.8025 100.7162
364.3225  99.9962
361.4225 100.2062
357.0125  99.8762
340.1525 102.0962
328.7825 101.2362
318.7025 104.1162
316.1325 103.8862
309.6425 107.1262
308.2125 106.2762
305.5525 107.2362
305.8425 108.3562
304.1225 108.3862
303.5825 109.3662
297.8325 111.5862
299.2525 112.2362
303.2925 111.4562
305.2725 112.6962
306.8925 113.4462
308.1625 113.1062
308.9125 113.8362
314.5025 112.8062
318.7225 109.3262
321.7825 110.0762
319.6825 110.8262
319.4925 112.6062
318.0325 112.9062
317.6225 114.9662
315.7825 113.8862
313.8325 115.8762
314.8025 116.5862
315.3025 115.7362
317.0025 115.7062
316.5725 116.9962

Splitsko-dalmatinska_županija
53
306.0225 139.3962
312.9925 138.4462
316.8125 139.2562
323.0025 138.0762
330.3325 136.7562
336.1225 135.3462
340.6825 134.8262
340.9325 133.6362
342.5725 134.4062
344.6525 133.2462
342.5225 132.6062
342.6625 131.7862
344.9225 132.3962
345.9725 131.2462
346.0725 132.4562
346.9225 132.6562
352.0725 129.3562
353.1325 128.1262
351.8025 127.6062
352.6625 126.3562
351.3025 125.9062
351.2525 124.0062
349.4925 124.5462
348.5825 122.4462
341.9425 121.1462
338.1125 121.5862
325.7725 120.2162
323.6625 121.2062
314.8425 122.2562
312.8025 123.1062
311.8425 123.4462
310.5825 124.4262
310.2425 125.4362
308.9925 125.6162
308.0125 126.2662
306.9125 126.3762
307.4325 127.4262
306.6625 128.1062
305.7825 127.9362
305.9625 127.0562
304.9325 127.4262
304.3225 127.9062
302.4225 128.8462
302.2225 131.2862
303.9425 129.6562
306.3325 130.0862
304.9325 130.8262
304.8025 132.8562
307.7025 133.9662
306.2725 134.7462
306.6925 136.3062
304.5025 138.4162
304.3225 139.2562

Splitsko-dalmatinska_županija
26
285.1925 142.6962
290.5425 141.2162
291.0925 139.7262
292.0725 140.4762
292.8525 139.7962
293.9025 140.0262
296.4225 136.4962
297.3725 136.7962
297.6625 134.7662
300.5625 132.5262
301.2025 130.6162
299.3325 130.2462
299.0025 131.3362
297.8925 131.2762
296.8725 131.4162
296.1225 132.4962
292.8325 133.4362
291.5625 134.1762
291.8525 135.1962
289.7325 135.5962
288.6225 135.9962
283.8025 138.7162
281.2025 138.8162
281.0325 139.8662
281.4025 141.4462
280.7225 142.3662

Splitsko-dalmatinska_županija
6
269.2225 148.5362
270.0525 147.3262
268.9425 145.8862
268.1525 147.1462
265.4525 147.4462
265.6625 148.0962

Splitsko-dalmatinska_županija
11
274.5225 148.9362
277.1425 148.7062
278.0825 146.8262
277.3225 145.4162
275.7825 146.1662
274.8325 144.9862
271.2125 144.8862
272.2225 146.7762
272.9525 146.6362
272.8825 147.9862
273.7125 148.4662

Splitsko-dalmatinska_županija
13
288.9925 156.9062
291.3025 156.8362
296.5225 153.9462
300.5225 152.9762
292.5125 152.2462
288.0625 153.7262
287.5625 152.6462
285.2825 151.8462
281.0825 154.0062
282.5125 154.8162
286.3625 153.8962
286.6525 155.9862
284.7625 156.7162

Splitsko-dalmatinska_županija
138
261.7425 155.0462
264.2525 156.1662
264.8825 158.6362
268.1825 158.6662
269.4525 159.7662
268.7825 163.4962
265.9725 163.9662
264.6525 167.3262
267.1625 168.9062
267.7325 170.6462
270.6525 171.2962
273.8025 176.3262
278.2525 176.4562
279.4725 179.7662
284.1225 179.3762
286.0225 182.0562
293.9525 181.4762
296.9925 184.8962
296.9525 185.9262
294.9325 187.5962
296.9325 189.7462
295.7025 192.6162
300.1025 195.1162
301.0425 196.9062
305.0025 199.8662
294.8225 209.5062
296.4825 214.8762
299.9025 213.7062
302.9225 214.0462
303.1225 214.9762
301.7125 215.9162
301.9725 217.0662
304.0825 218.0562
305.9625 217.5962
310.9625 221.0762
315.3525 220.8362
315.3525 220.8362
320.3125 217.4862
323.7625 212.6162
332.1925 206.5862
333.0325 205.0962
333.0725 200.6462
335.7725 196.2162
337.4725 194.4562
342.0125 193.4262
344.8625 188.4462
348.4725 185.9462
350.3825 182.8162
353.0125 181.2562
355.2625 176.9762
359.0825 173.5262
367.2525 162.7462
368.5325 163.6962
370.3825 162.9562
372.4425 160.5962
375.6325 158.7862
378.1025 155.5262
386.5025 155.8562
389.8125 153.6062
392.0525 150.5362
392.5425 147.8962
392.1625 144.9262
389.5425 139.2162
397.4425 124.4862
398.2825 120.0062
403.6425 119.0062
406.3725 116.8962
408.6625 112.7362
408.1425 109.7062
409.6525 109.3262
409.6525 109.3262
406.0825 105.9862
400.8225 107.2862
398.6525 106.1962
398.8225 104.1762
402.3925 103.0262
402.3325 100.1462
399.6625  97.1562
399.6625  97.1562
398.2425  99.7862
393.4325 101.9862
392.8425 103.4962
390.3125 105.4162
381.4925 108.6262
379.2825 111.2762
377.8025 111.4162
375.1125 113.4762
374.4825 116.1062
371.6425 117.0262
368.8125 122.2362
365.5825 124.5162
364.5625 125.5462
357.9825 134.9462
352.9125 139.0462
351.9525 140.7762
341.8925 141.1462
335.0025 142.5762
331.4825 146.8762
326.5425 146.1362
324.2425 148.1662
320.0225 149.7262
315.7725 153.4362
314.4525 154.4862
309.5125 155.2862
306.6425 154.7562
304.0625 154.8662
300.0525 156.0462
301.6525 157.0662
303.4525 157.9462
305.2725 158.8962
306.0925 159.0662
309.0425 158.6662
309.1025 159.3362
308.4425 160.0362
296.3225 162.1862
292.3625 160.5062
290.3125 158.4962
282.9625 157.3162
281.7325 156.3662
278.9625 155.8962
278.6325 156.6662
276.4525 156.5062
273.6525 157.6562
272.0525 156.5462
277.9925 155.0362
278.2925 153.7662
276.3325 152.3462
273.8125 152.1462
273.3225 151.8062
271.8325 150.6662
269.6025 150.9362
266.9625 152.6262
266.1625 151.2362
264.8425 152.0862
263.9125 151.7062
264.4425 153.3962
262.6125 153.7262
261.5425 152.7262

Istarska_županija
13
 26.9925 360.2262
 27.9225 359.2962
 28.7725 359.6062
 29.7625 359.1862
 29.4825 357.9862
 30.4325 357.5062
 28.7025 356.6762
 28.6425 357.4462
 27.8625 357.3462
 27.3625 354.5962
 26.6925 357.1762
 27.5425 358.8962
 25.5025 359.9862

Istarska_županija
200
 54.7325 445.9762
 59.9825 441.9562
 64.7825 441.5162
 64.7825 441.5162
 65.3825 439.1062
 64.8025 437.1762
 66.5325 434.1362
 74.4425 429.1062
 72.5525 427.3262
 72.4725 425.7562
 74.1225 423.9362
 75.6425 417.3362
 74.2325 416.7462
 73.5325 414.9162
 72.8825 408.3362
 74.4825 401.7462
 73.7625 394.8262
 76.3025 393.1562
 76.3025 393.1562
 76.1125 390.9362
 74.3125 387.9562
 73.3825 386.5662
 71.2825 382.8562
 70.0025 381.5562
 68.7925 382.5462
 68.0625 380.8362
 69.3525 379.5262
 69.7225 376.9462
 69.4825 375.7462
 68.9625 375.0162
 70.2725 372.4762
 70.6925 368.9162
 68.3125 364.7562
 67.0425 366.2762
 65.6425 365.3462
 65.0925 366.5562
 64.0125 366.6262
 59.6425 362.9062
 60.4925 366.5462
 62.7025 367.4862
 61.2525 368.8662
 60.9125 371.6062
 59.8325 370.9062
 58.5125 371.4762
 59.0325 373.5962
 57.6225 377.1162
 56.9525 375.3462
 57.7425 373.0262
 56.8125 370.9362
 60.0025 370.1062
 60.7725 367.7862
 59.5425 367.7562
 59.6325 366.2262
 58.3425 365.5862
 58.3125 363.3362
 56.2325 364.2362
 58.0825 361.9062
 56.8825 358.9162
 55.9725 358.3062
 55.7425 357.1162
 53.4625 355.3362
 50.9125 356.7362
 50.9225 355.3362
 53.3225 354.1162
 52.0425 353.2862
 53.0425 351.0462
 50.9125 349.4762
 50.7225 347.6762
 51.7425 345.9562
 52.0025 344.8162
 53.1925 342.2962
 47.6225 342.2862
 46.1525 344.3462
 44.9125 344.1462
 45.0825 345.3562
 43.5325 346.1862
 42.4925 345.3262
 42.7025 344.3662
 43.9925 343.8862
 45.1125 342.2562
 44.0425 340.6962
 44.7325 338.8662
 44.7625 338.3262
 44.4425 337.5562
 43.2425 337.2362
 42.9125 343.1062
 40.4325 343.2062
 38.6525 343.6962
 38.0125 344.0262
 37.1625 345.2362
 38.8025 345.8862
 38.4725 346.5962
 36.8625 346.3362
 36.7325 347.9362
 35.6225 346.6162
 35.1025 347.1962
 36.0325 349.1162
 33.6525 349.7262
 31.9825 350.9762
 31.8925 352.8362
 34.0525 351.1662
 36.0725 351.1662
 36.6025 351.7962
 36.9825 352.3762
 37.2725 354.0362
 35.9425 354.2262
 35.5025 353.2462
 34.1825 353.0662
 32.8025 354.0562
 31.8325 354.9762
 33.2625 356.3262
 33.7725 358.4562
 32.7425 358.6862
 32.5925 360.6262
 28.5225 368.8062
 25.6225 368.8062
 24.0225 372.0162
 23.0625 372.2062
 23.2725 374.1862
 20.9325 374.3462
 21.0025 376.5962
 19.9725 377.2562
 20.8225 378.3062
 17.0325 380.6262
 14.7325 380.1162
 14.2825 381.0762
 15.4825 381.2962
 14.7125 383.0962
 15.6725 383.5362
 15.8025 385.0562
 14.8625 385.4762
 13.0525 386.2762
 12.2325 387.7062
 11.2525 391.5062
 11.4825 392.5762
 11.4825 393.2362
 12.7225 394.0662
 10.4225 396.5962
 12.0525 397.1662
  9.5725 399.8762
 10.3225 400.7562
 10.3225 401.4862
 11.1825 403.4062
 11.3625 404.3262
 11.6625 406.4662
 11.0825 408.0962
  9.1425 408.3162
  8.8325 409.5662
  9.8225 411.4462
 12.0625 411.3862
 11.7425 412.6362
 10.2425 412.5462
  8.3425 414.6162
 10.6225 414.4262
 10.6325 415.5862
 13.0625 416.8762
 11.1525 417.1562
 10.6225 417.0662
  7.3925 417.0062
  6.9025 417.2962
  7.7925 418.0862
  5.3225 419.0862
  5.1925 422.3462
  6.9325 423.2862
  5.6325 423.6862
  5.7725 425.4362
  5.6825 426.2162
  4.6925 427.2862
  4.9625 429.6062
  2.8925 431.7262
  3.7125 434.8862
  2.3025 435.4562
  2.9725 437.2762
  2.1325 437.8462
  2.2425 440.0762
  0.3025 442.5062
  1.6025 444.7262
  4.0225 444.1862
 12.2125 438.9762
 16.4825 437.8862
 19.3525 435.6362
 24.2325 437.9262
 25.4425 439.5562
 27.1425 439.7762
 31.7925 437.8762
 31.8725 435.5562
 33.0625 434.2062
 35.8725 434.2462
 37.1525 432.9662
 39.6625 432.9662
 42.9825 436.9662
 47.2625 437.6962
 49.4225 436.3862
 51.0125 437.6962
 51.4325 441.6862
 48.2625 444.7162
 48.9925 446.0262
 52.2025 445.3762
 52.0725 446.7162
 52.9625 447.1162

Dubrovačko-neretvanska_županija
7
468.4325  38.8162
469.4125  37.3862
468.8425  36.5762
468.2425  37.6562
465.3325  38.5262
467.4725  38.7962
467.3225  39.6262

Dubrovačko-neretvanska_županija
8
463.0925  40.0062
464.2525  38.7562
462.0825  39.2062
462.3825  38.4862
461.5725  38.2162
459.0325  40.3462
460.5125  39.9562
461.4725  41.5562

Dubrovačko-neretvanska_županija
5
446.6325  48.7662
450.4125  47.2162
450.4125  45.7962
446.7925  47.5962
445.1725  49.5862

Dubrovačko-neretvanska_županija
6
449.4825  49.7362
451.6325  49.6362
457.9025  45.0962
458.5725  44.1162
457.5825  41.7262
452.6825  45.6562

Dubrovačko-neretvanska_županija
21
349.8225  51.8562
351.0725  52.5262
351.4125  51.5462
353.6225  52.2162
356.6625  51.6862
357.4125  51.0962
357.0025  49.2562
353.5525  45.7162
351.6825  45.1862
351.2625  45.6062
350.9125  47.1762
349.7525  47.1362
347.3025  46.3062
347.0425  45.1362
344.0825  48.6762
345.3425  48.2962
345.3325  51.1762
346.5825  51.7662
346.3325  52.7062
347.4625  52.4362
348.3925  52.7462

Dubrovačko-neretvanska_županija
36
401.9025  56.0562
404.6025  56.1662
403.4225  54.7762
401.9425  54.8462
402.7225  54.0562
409.0725  54.1662
409.9725  53.0262
425.2225  48.2362
425.5025  47.0562
429.9725  47.2062
430.7225  46.0262
432.6625  46.9762
432.9525  45.4562
434.4825  45.9562
440.8125  43.1862
440.2925  42.2462
441.3125  40.3462
439.8025  40.3162
439.1925  41.0862
438.0825  41.8562
436.3325  41.4862
430.3625  44.2062
426.3925  44.9962
424.4125  44.5162
418.6025  46.5362
416.2225  46.4262
410.8825  49.3862
409.3725  48.1662
408.7325  49.6162
406.3925  49.6262
405.8225  50.6962
403.6825  51.2762
403.7925  50.2262
403.6325  49.8062
397.6825  52.3862
398.0225  54.0062

Dubrovačko-neretvanska_županija
48
332.0125  82.9662
332.1025  82.2462
334.8525  82.5662
336.6025  80.9862
340.5825  80.1962
341.0125  79.3262
348.0325  78.0462
353.0625  78.8662
354.1225  80.0262
364.9025  81.0962
368.5425  81.3962
368.2725  80.4262
374.1625  78.7062
374.9825  78.3362
377.6525  78.9962
378.6025  78.1262
380.5025  74.9562
380.1625  73.9862
384.6025  72.4362
377.2225  71.1862
375.9025  71.0162
368.3825  73.4062
360.7525  73.8462
352.5725  69.4362
349.2725  68.9562
347.5925  69.5462
348.8225  70.3162
348.1325  70.8062
340.0025  70.4962
329.2625  74.0262
328.5725  72.1262
326.2125  73.5662
326.8125  74.0162
326.1425  75.0762
329.2425  75.9762
328.5925  77.3962
333.5125  77.9462
333.1625  78.6062
332.7325  79.5062
329.7725  79.5362
330.1225  80.3662
327.7825  81.9162
326.7725  80.3262
326.2525  81.6762
324.9725  81.8762
326.3325  82.7762
327.3525  82.1562
329.6825  83.1962

Dubrovačko-neretvanska_županija
137
364.4525  90.6262
367.1425  89.9062
366.9625  89.3462
370.8625  87.5062
380.9825  87.7362
394.6825  84.5062
401.2425  81.4762
403.7625  79.3462
409.4525  77.3062
410.1025  73.9762
413.1025  72.8462
414.2825  71.3562
416.5925  71.6762
418.3525  70.3662
416.9725  73.3362
418.0525  73.4162
423.9925  69.8962
426.5025  69.3362
430.6225  65.9162
433.8425  65.7462
434.0125  64.5962
439.2325  60.6562
440.5425  60.7862
436.4425  64.0762
435.8725  65.4862
434.9725  65.4262
430.9425  68.0962
431.8925  69.7462
435.2525  73.4262
438.7925  72.8162
445.2425  68.5362
447.7925  72.5662
451.4325  69.5262
451.6525  65.2362
453.6225  61.2562
456.0325  60.4862
455.4825  57.1662
457.4725  57.2062
461.5325  55.5362
463.9525  53.0962
466.2125  52.6062
467.4925  49.5162
470.9425  48.7562
477.6025  43.7762
477.4925  40.3662
481.7725  39.1862
483.0025  35.9162
485.8125  36.2662
489.5725  31.3862
491.6925  30.2062
493.1025  27.5562
497.7525  29.0262
498.3825  30.3862
500.5025  30.9762
505.0125  30.3862
506.7725  27.3562
512.1325  23.1162
513.9725  15.0662
512.8825  13.1462
513.0825  11.0462
520.1225   3.0062
519.3225   0.5062
513.5925   7.2862
512.6825   6.5462
511.2525   7.4262
510.4225   8.9362
503.6225  13.7462
496.8625  17.2162
491.2625  22.0262
490.0025  24.3562
489.9325  25.5062
490.7025  27.8462
488.4325  30.9862
487.4925  31.2562
485.5825  29.9262
479.9525  33.5262
477.4125  33.4662
476.1825  33.9962
473.1925  35.0362
472.9625  36.2262
473.2925  36.8962
474.9525  36.9062
474.3625  37.5662
471.7225  39.6262
463.5625  43.6362
462.3225  45.6262
456.9125  48.3462
454.2325  50.6762
453.9425  52.1262
454.9325  52.1862
455.3725  54.1662
453.2025  52.5662
451.1225  54.2762
450.7925  56.4162
448.4825  55.8962
445.8725  56.9962
446.1525  56.0562
444.5425  54.1562
442.5125  56.5462
435.7825  60.8862
436.1725  59.7462
440.8225  56.4462
443.1525  52.9462
442.1225  50.5462
440.9025  51.8062
441.6725  52.8162
440.5025  55.4262
439.5725  54.6962
437.4125  55.8862
436.7325  55.4662
433.7325  57.0162
433.5925  58.2862
431.5625  57.7062
409.8925  65.4262
408.0725  66.4962
408.8725  67.7362
410.0925  67.7962
410.3425  68.9062
406.9525  71.5262
405.0525  72.4262
404.9825  71.8462
401.1725  71.8862
398.3925  74.3662
388.9525  78.6062
386.1425  81.4262
382.1625  80.2962
377.5025  80.3962
373.6825  81.9362
370.7525  81.8762
367.5525  84.4462
365.2725  85.0062
366.1425  87.3362
367.2025  87.5162
366.6925  88.3862
365.2225  88.0062
365.0025  90.0062
363.7525  90.6162

Dubrovačko-neretvanska_županija
30
412.9325 106.7662
429.7425  96.4962
432.3225  89.3662
437.2025  80.0762
432.5525  78.9162
428.9625  76.6162
427.5925  76.9562
427.0125  75.7062
419.0725  75.7662
412.3725  82.4162
413.3125  84.4162
412.1725  85.0962
411.0625  87.5762
408.2825  86.2062
407.1425  87.9962
407.8425  90.6462
408.4525  91.5162
407.3525  93.5662
407.1025  90.8562
405.8625  89.7662
399.6025  97.1762
399.6025  97.1762
402.2725 100.1662
402.3325 103.0462
398.7625 104.1962
398.6025 106.2162
400.7725 107.3062
406.0325 106.0062
409.6025 109.3462
409.6025 109.3462

Međimurska_županija
77
301.6925 597.1262
304.3125 597.0962
305.2325 595.1362
307.3325 595.6262
308.0025 594.2962
310.7925 593.7862
310.7725 592.5862
313.8225 591.2962
313.3125 590.1262
314.0925 589.5562
315.3425 590.1562
319.8925 587.5562
324.4225 587.9462
324.9725 586.8462
327.6625 587.0262
328.7925 586.0962
329.3925 584.9362
334.1625 576.6262
335.9025 577.7062
336.4025 575.8362
338.5025 574.6562
340.3625 574.5762
341.2325 575.6362
342.4625 575.5662
345.2825 572.7862
346.3325 572.5162
348.2425 570.7062
348.2425 570.7062
347.9525 566.2662
346.4825 564.4762
345.7925 560.7262
343.3825 560.3662
342.8625 564.1462
341.3925 562.2362
340.8425 563.6262
339.7125 562.6662
339.1625 563.5062
339.0425 562.6962
339.0425 562.6962
338.6625 562.6062
338.6625 562.6062
337.6025 562.6962
337.6025 562.6962
335.0425 563.4462
335.6125 566.2762
332.1525 563.6862
329.9825 565.7162
328.4325 564.3662
326.4125 565.5362
324.3025 563.3562
322.0225 563.6362
317.4825 567.1062
315.6025 564.5362
312.6525 564.6962
312.4725 563.6362
309.7725 564.9062
306.6525 564.8462
305.9925 566.7162
304.3825 564.8162
303.4425 565.4462
302.2625 564.7162
301.0425 566.1062
297.2525 566.1262
294.0425 571.4362
289.8525 573.6362
289.8525 573.6362
291.6425 577.4462
287.8525 582.1162
285.7325 591.3462
287.5825 594.8362
290.5025 594.8262
293.7125 597.1562
294.9225 596.6262
295.4825 598.5062
296.7625 597.9262
297.5425 598.7062
298.5825 596.9962

Grad_Zagreb
41
275.8025 513.1662
278.1225 508.3662
277.3925 506.0662
278.2925 502.4562
280.8125 501.2962
283.9825 493.9662
280.9125 492.3762
280.4025 487.4662
274.8625 489.0462
275.0225 487.9862
273.7825 486.7362
270.5525 485.6162
268.6325 482.8862
263.1525 480.0562
261.9725 475.9462
259.5025 475.4962
258.5925 469.5562
255.0325 461.9862
252.9325 460.2462
249.1925 460.2462
249.5525 463.5462
245.8325 467.2162
241.1825 468.7562
236.6025 471.6062
235.7425 475.4162
237.3525 478.6562
238.8425 479.6262
239.8625 478.0862
242.5125 478.1962
243.7525 476.4462
245.5325 477.8262
246.2525 480.8362
240.8325 484.4162
242.9225 486.9962
241.1425 493.0062
242.8825 496.3462
254.5225 503.9962
254.5225 503.9962
264.5425 508.5362
267.6225 510.9962
271.1225 511.3562

