775 265

Mayabeque
161
233.8634 256.2314
233.8634 256.2314
233.7634 255.6014
233.0434 254.6514
233.9534 250.5714
234.0834 249.5814
234.1034 249.0414
233.9934 249.0114
233.8034 249.0814
233.1134 249.4914
232.7434 249.4814
232.3734 249.2714
231.8734 248.5614
231.7334 248.1714
231.7734 247.8814
232.3834 247.3814
232.7034 246.9614
232.7234 246.7414
232.5434 246.5114
232.2634 246.3914
231.6034 245.4614
230.1534 244.4614
229.7534 244.1114
229.7134 244.0514
229.6334 243.8914
229.5134 243.6114
229.3334 243.0114
229.4534 242.7614
229.7034 242.6214
230.4934 242.5214
231.0134 242.3214
231.5334 241.9114
232.0934 241.3914
233.2634 239.8714
234.0934 238.6414
234.1534 238.4014
234.2034 237.8714
234.1334 237.5514
233.9534 235.3314
233.0334 232.4314
234.2034 230.3314
235.3034 229.2914
236.2234 228.6314
236.5234 228.2014
236.5234 227.7214
235.7434 225.7614
235.7134 224.5714
236.1334 223.8414
238.8334 222.1714
240.0033 221.1314
240.1333 219.9714
239.5833 216.0514
239.4433 215.5114
239.2134 214.9414
238.8034 214.2614
238.1933 213.4614
237.2734 211.9714
237.0333 211.7414
236.7233 211.5114
236.4833 211.4014
236.4233 211.3514
236.3433 211.2214
236.2333 211.0614
235.7333 211.2314
234.6633 211.2614
232.7033 212.9614
231.3633 214.0514
228.8933 215.9414
226.3833 216.8714
220.0133 219.1714
217.5133 219.0814
211.7833 218.5514
204.1833 217.2514
201.8833 218.2514
197.0233 219.6414
191.5933 219.6314
188.5633 219.2714
187.0033 219.0914
185.5133 219.2614
183.2433 219.8514
183.5033 221.4914
183.2633 222.4714
182.3233 223.0614
181.4233 223.5914
179.9633 225.6514
178.5033 228.6614
178.5033 231.5214
179.0833 234.0514
179.9633 235.9614
179.9633 238.0214
180.0633 240.7114
181.2233 241.1814
181.7733 241.3514
182.2733 241.0214
183.0433 240.0714
183.4433 239.9814
183.9333 240.1914
184.8733 241.0314
185.1533 241.5814
185.7933 242.2214
188.6033 241.9614
190.4433 242.0814
191.1933 241.7414
191.9033 241.6514
192.7533 241.6514
193.3833 241.9014
193.8133 242.5014
194.3533 243.5014
196.7933 246.2214
196.8533 246.5014
196.7533 246.8714
196.1533 248.1214
196.0433 248.8014
196.0733 249.3014
196.2433 249.9514
196.2933 250.3414
196.2833 250.7214
196.1733 251.0214
196.1233 251.2414
196.2033 251.3514
196.6133 251.3814
197.0133 250.9514
197.5233 250.2214
197.7633 250.1814
198.1733 250.4614
198.6433 250.9014
199.0033 251.8714
199.0833 252.2914
199.2033 252.5414
199.4533 252.7814
199.7533 252.8814
200.3833 252.5614
200.8033 252.2614
203.3133 249.2914
204.0033 250.5614
204.0933 251.8814
204.1833 252.2314
204.3533 252.4514
204.7433 252.7814
204.8133 253.1114
204.6133 253.8114
204.5833 254.2514
204.7533 254.5214
205.4333 254.5614
205.8033 254.8714
204.5933 256.3914
204.1933 257.0814
204.3233 257.8614
204.0933 258.6214
204.0933 258.6214
204.9333 258.8414
206.6033 259.0114
207.3233 259.1814
208.1033 259.4814
208.8733 259.6214
209.5733 259.2714
212.2633 257.3614
214.3833 256.7514
218.9733 256.3014
221.0933 255.7714
222.6933 256.3014

Villa_Clara
36
385.0734 228.8214
385.0734 228.8214
388.7934 224.5914
390.3434 223.3114
393.6334 222.2914
396.3134 220.0714
399.2334 218.9314
400.6734 217.4314
401.8434 215.6814
402.4634 214.2714
400.8434 215.7314
400.2734 215.9114
399.6434 216.0414
398.9834 216.3414
398.0234 216.9714
396.9634 217.9214
394.5634 220.6214
393.2734 220.1514
391.9534 220.3014
390.7334 220.9014
389.1034 222.1714
388.6434 222.3514
388.3634 222.6814
388.2534 223.5714
388.0134 223.8714
386.8734 224.7314
386.5234 224.9114
385.9334 225.4114
385.5634 226.5014
384.9434 227.5914
383.5934 228.0914
381.4734 227.1914
380.5234 227.2514
380.4034 228.6714
382.4334 229.2914
383.8934 229.3714

Villa_Clara
24
377.1934 233.1114
377.1934 233.1114
378.1834 232.5414
378.5734 232.0014
377.9334 231.3114
376.8234 231.1114
376.3234 231.6214
376.3234 232.1614
376.1134 232.4214
375.8334 232.5714
375.4434 232.5214
374.9434 232.6514
373.5634 233.6314
372.9234 234.3814
373.0034 235.1614
373.9034 235.4114
373.7534 235.9014
373.8034 236.5714
374.1834 236.8214
374.6634 235.9614
374.4634 234.7114
374.9634 234.5414
376.3434 234.2414
376.7834 233.5714

Villa_Clara
13
360.6834 241.4214
360.6834 241.4214
361.7934 240.8614
362.3834 240.9014
362.3334 239.8614
361.5734 239.1114
360.0434 240.0914
359.3634 239.8714
358.6234 238.8114
357.9134 238.4714
357.3634 240.3814
358.3934 241.0114
359.5134 241.4114

Villa_Clara
21
366.1234 237.1814
366.1234 237.1814
365.2934 237.0714
364.4734 237.5814
364.0034 238.2814
364.2234 238.7414
364.6634 239.1114
364.8334 239.5014
364.1934 239.6014
363.5334 239.9714
364.2534 241.1214
365.8634 241.5514
366.7434 241.2814
367.3034 240.4814
367.4034 239.9314
366.9634 239.5614
366.1134 239.2914
365.6034 238.7314
365.9234 238.2914
366.5434 238.1814
366.6634 237.7514

Villa_Clara
17
336.3134 242.9814
336.3134 242.9814
336.9634 242.6814
337.4234 242.2214
337.6834 241.6214
337.7334 240.8614
330.5234 242.1114
329.4334 242.9814
329.8734 243.3314
330.2934 243.5114
330.7834 243.4314
331.3834 242.9814
334.8634 244.7114
336.4534 244.8814
337.7334 244.0414
337.3634 243.8214
336.6634 243.2114

Villa_Clara
336
321.7634 241.8614
321.7634 241.8614
322.5034 240.9514
323.4434 240.1414
324.7434 239.8014
328.7834 239.8114
329.6734 239.5314
330.7534 238.5814
331.9034 237.9214
333.0934 237.4814
334.3134 237.2014
336.6634 237.1214
338.8834 237.5914
343.1534 239.2714
342.6134 241.1214
343.8134 241.1614
347.6134 239.2614
349.3034 238.7314
350.7334 239.0014
351.0034 240.8614
351.7734 240.4414
352.5534 239.8914
353.1634 239.2214
353.4034 238.4714
355.0234 235.5314
355.1834 235.0314
357.8934 233.4414
358.2834 233.3714
359.5534 233.4414
360.0434 233.2614
360.2534 232.8814
360.2934 232.5014
360.2834 232.3314
361.7734 232.7814
364.1034 235.0014
368.4934 236.2414
369.1234 236.0914
369.1234 235.5014
368.4534 234.8814
367.1234 233.9714
365.4834 234.7614
364.6834 234.1314
363.7534 231.3114
364.5334 230.1114
364.9834 229.5914
365.6634 229.1514
366.4234 228.9414
369.3634 228.6714
370.6334 228.2414
374.8334 225.2314
375.0634 224.8614
375.3334 224.5214
375.7634 224.3814
376.1534 224.5614
376.5834 224.9414
376.9034 225.3214
376.9834 225.4914
378.6134 225.7014
379.2234 225.3014
380.9934 217.4514
381.0334 217.4014
382.1034 217.0514
382.9734 216.6014
383.7434 215.9814
384.5534 215.0914
385.3734 213.8614
386.3534 211.4614
387.0134 210.3314
388.8334 208.2814
389.2334 207.9314
390.3034 207.7214
392.3634 207.6814
393.1934 207.4514
395.0934 204.4914
395.4634 203.6014
396.0334 203.1214
395.9934 203.0414
396.0234 201.2614
394.7034 198.7814
395.5334 198.1314
396.1334 197.1614
398.5334 192.3414
400.5633 189.5314
400.6133 188.9614
400.3334 188.0014
400.1534 187.0714
400.2334 185.8414
400.0133 184.4514
398.1733 184.7514
396.3934 185.6914
395.6934 185.8514
394.8134 185.7914
393.5534 185.3214
392.7034 184.8714
391.4234 183.5514
391.0334 182.1614
390.6634 181.1914
390.1334 180.1114
389.5234 179.2914
388.8834 178.7014
388.0834 178.3614
387.0734 178.2314
386.0634 178.6514
385.4434 179.0714
384.4734 179.5114
383.0134 179.0414
380.0834 179.9314
379.4234 179.9814
378.4734 179.8814
377.4534 179.1814
376.9334 178.9014
376.3134 178.8614
375.5734 179.0514
374.8234 179.7114
374.4634 180.2414
374.2034 180.7414
373.3734 181.4314
371.0034 181.4914
370.2234 180.7914
370.0734 180.2614
370.1034 179.4614
370.5634 178.1314
371.6034 176.0814
371.9234 175.2114
372.1834 174.7114
372.4034 174.4814
372.7134 174.4114
373.0734 174.4514
373.4934 174.4314
373.8134 174.2714
374.0834 173.8514
374.0234 172.8414
373.6434 171.4214
372.4634 169.0414
371.0534 166.7214
369.2834 165.2014
367.1534 165.3614
366.1334 165.9014
365.7834 166.1714
365.2634 166.3914
361.1134 167.3914
360.4334 167.3014
359.7034 166.9914
358.9934 166.0814
358.7234 165.4714
358.5734 164.8214
358.3734 164.4214
358.0134 164.1914
356.9534 164.2814
356.4634 164.1414
355.1334 163.0514
352.5934 161.8614
352.6534 162.9114
352.5434 163.0714
351.0934 164.1814
350.8534 164.8514
350.7434 165.5814
350.7934 166.7414
350.6734 168.7914
350.4934 169.4214
350.1134 169.9514
348.7734 171.0714
348.2934 172.0214
347.9234 173.0714
347.1734 176.1314
347.1234 176.7814
347.1734 178.3014
346.9034 181.2914
346.9834 181.9914
347.2634 182.6314
347.5234 183.0814
348.3034 185.5714
346.5034 186.4014
345.6234 187.5614
345.0034 188.7114
344.6034 189.5914
344.4134 190.2914
344.1834 192.0214
344.0634 192.3014
343.8934 192.4414
343.5934 192.5114
343.2234 192.4714
342.1534 192.1414
341.6434 192.1014
341.1334 192.2014
340.2534 192.6614
337.6534 195.2114
337.2134 195.8214
336.9634 196.3214
336.9334 197.1514
338.2934 198.6414
338.5234 199.6614
338.3234 199.9914
338.0534 200.2914
337.5434 200.5614
337.2534 201.1214
337.2134 201.5614
337.3334 202.1214
337.6134 202.7914
337.3934 203.5814
336.0334 204.3514
335.7834 204.7514
334.9834 206.6214
334.9034 207.3014
334.9234 207.7014
335.1434 207.8914
335.3734 208.0014
335.6534 208.0814
335.8634 208.1914
336.0334 208.5714
336.1434 209.2214
336.1434 210.5914
336.0434 211.1014
335.8934 211.3314
335.7034 211.1814
335.3734 210.8014
335.1634 210.6614
334.7334 210.5814
334.2734 210.5814
333.2734 210.6714
332.8534 210.6614
332.6034 210.5614
332.3634 210.2714
332.1034 209.7614
331.5634 208.0414
331.4234 207.8314
331.1934 207.7014
330.8034 207.6814
330.2534 207.7014
329.8634 207.6714
329.5334 207.5414
328.7334 207.0114
328.2734 206.7814
327.4634 206.5014
327.0734 206.4914
326.7534 206.5914
326.6434 206.7714
326.5934 206.9814
326.6534 207.3214
327.0034 208.3514
327.1434 209.0814
327.1834 210.2014
326.8434 210.6214
326.2434 210.7414
324.4734 210.3914
322.7634 211.8114
322.3934 211.9414
321.7934 211.9914
321.4534 211.8014
321.1834 211.5514
320.9834 211.2514
320.1134 210.2414
317.1434 208.5014
316.1034 210.2914
315.6634 210.7814
315.3434 211.5514
315.1434 212.3314
314.9734 213.8614
314.6234 214.4614
314.3034 214.8314
314.1334 215.1514
314.0634 215.7214
314.4334 219.3614
314.4034 220.0314
314.2834 220.5414
313.9534 221.0714
313.4334 221.6214
313.3134 221.9614
313.4034 222.4014
313.8034 222.9914
314.4734 223.2814
314.8434 223.5014
314.9434 223.9014
314.7534 224.4814
313.6734 226.3414
313.1634 227.9414
312.8534 228.6214
312.7734 228.8814
312.4734 229.5614
312.2734 229.8614
311.7434 230.0914
311.0534 230.0814
309.6534 229.5414
308.2434 228.5014
307.7134 228.2714
306.5634 228.1914
305.1234 229.4514
303.9234 230.2414
303.6334 230.5114
303.4234 230.8114
303.2134 231.2414
302.7634 231.8914
302.0234 232.7014
301.7834 233.0714
301.6434 233.4314
301.5634 233.9414
301.4234 234.1914
301.1634 234.3814
300.8934 234.5314
300.7734 234.7514
300.8634 235.0414
301.3734 235.3314
301.7334 235.7014
302.1234 236.2614
302.3034 237.3914
302.2234 238.0214
301.9334 239.2014
301.8934 240.0714
301.9434 240.6814
302.1434 241.4214
302.3834 241.7514
302.7634 241.9514
304.5434 241.9014
304.8434 241.9414
305.8534 242.3214
306.1934 242.4114
306.5834 242.4314
306.8534 242.3814
307.1434 242.2414
307.7634 241.8114
308.0934 241.7414
308.5134 241.7814
309.2334 242.0114
309.7534 242.4314
310.1034 243.0414
310.1434 244.3414
310.0934 245.1414
310.3034 246.9214
311.4434 249.1314
311.8834 249.3214
311.8934 249.3214
314.4834 244.6014
315.9534 243.5614
317.0934 243.4814
319.9934 242.9214
321.0834 242.5014

Villa_Clara
18
349.6934 248.5414
349.6934 248.5414
349.9234 247.9014
350.1934 247.3314
350.4834 246.3014
350.2834 246.1014
349.8834 246.6914
349.5534 247.0514
349.2534 247.0314
348.7834 246.9314
348.2034 247.0114
347.7934 247.3614
347.5334 247.7914
347.5534 247.9714
347.8034 247.9214
347.9134 248.3414
348.0434 249.2714
348.8234 249.4614

Villa_Clara
17
344.1234 249.9314
344.1234 249.9314
342.6934 249.2614
341.2434 249.5514
338.2234 250.9914
338.3834 251.7914
338.7634 252.3614
339.2334 252.9314
339.6834 253.6914
340.2234 253.6914
340.6734 252.6914
341.4534 251.8214
342.4034 251.2214
343.3934 250.9914
344.5434 250.9514
344.9234 250.7914
344.7234 250.4714

Villa_Clara
24
336.8134 250.6614
336.8134 250.6614
336.4034 250.6314
335.9234 250.9714
335.5834 251.5114
335.2934 252.1014
334.7334 252.2914
333.6734 252.9014
333.3534 253.0414
333.2334 253.3914
333.1034 253.5614
332.6434 253.8614
332.4434 254.4914
333.1434 254.9514
333.6734 255.0514
334.2034 255.1014
334.8234 254.9214
334.8134 254.4814
335.3234 253.9414
336.3634 252.9914
336.8134 252.3914
336.9934 252.1414
337.2734 251.6214
337.1834 251.1014

Villa_Clara
19
327.2734 255.5114
327.2734 255.5114
326.6934 255.3714
326.1334 255.4214
324.2934 255.1814
323.6034 254.6214
322.5234 254.1514
321.5434 253.8914
321.4234 254.0314
321.2534 254.5414
321.5234 254.7014
322.1634 254.6214
322.0434 255.3114
322.4034 255.7414
323.4234 255.8914
323.9534 255.9114
325.5934 256.0514
326.4134 256.0414
327.3934 255.8614

Matanzas
14
243.4834 171.1114
243.4834 171.1114
243.6534 170.0414
243.0834 170.0014
242.3334 170.4514
241.5934 170.3914
241.1633 170.5114
240.8434 170.9914
240.6633 171.5714
240.6633 172.2114
241.1133 172.5114
241.9033 172.3214
242.6433 171.9414
242.9933 171.7014

Matanzas
25
293.9634 257.8914
293.9634 257.8914
295.0634 256.8814
295.0634 257.9414
295.6034 257.9414
296.2934 256.8114
296.7434 256.2814
296.7434 255.9214
296.0834 255.2914
294.8934 254.5814
294.0434 254.6614
293.2834 255.0514
292.4034 255.2914
290.0934 255.0514
288.3434 254.4414
284.8033 252.6314
285.6133 253.5314
289.9433 256.4114
291.2233 256.6914
292.6133 256.6414
294.1333 256.3014
293.8533 256.7214
293.4533 257.5314
293.1533 257.9414
293.6433 258.4314

Matanzas
25
316.6833 259.0114
316.6833 259.0114
317.3033 258.9514
319.1333 259.0114
319.5133 259.1014
320.0233 259.3014
320.4533 259.2714
320.6333 258.7214
320.4733 258.1514
320.0533 257.8314
319.4933 257.5514
318.8933 257.1214
318.1733 257.2314
316.9033 257.7714
315.4633 258.2014
314.2433 257.9414
313.9633 258.4014
313.6533 258.4314
312.7833 257.9414
313.0433 259.0114
313.5133 259.6514
314.2733 259.9814
315.4433 260.0714
315.7333 259.9214
316.3033 259.2314

Matanzas
16
306.8433 259.6914
306.8433 259.6914
306.6633 259.1514
306.3533 259.1814
306.1233 259.1214
306.0533 258.5614
305.6833 258.4614
304.8633 258.6314
304.3233 258.3314
304.1833 257.8114
303.9333 258.0514
303.8833 259.0414
304.6033 259.8914
305.8433 260.3814
306.4933 260.5414
306.6833 260.3014

Matanzas
448
269.5533 248.0814
269.5533 248.0814
272.1133 246.7414
273.5333 246.7114
274.1433 247.0614
274.6533 247.8614
275.7333 249.1614
276.0733 249.8014
276.8333 251.7014
277.1933 252.1014
278.0033 252.1914
279.4733 252.5714
279.9233 252.6314
282.9033 252.1014
283.3933 252.1214
283.6733 252.2614
283.8033 251.9814
283.8333 250.7514
284.3733 249.0414
285.6833 248.6214
287.3033 248.9214
288.7633 249.4014
299.9933 251.5714
301.7533 251.6214
305.0933 250.9214
306.8733 250.9914
308.3733 251.6314
309.7133 252.8114
310.1033 254.2714
308.7833 255.7714
309.7133 256.2214
310.6933 256.3314
311.5933 256.1714
312.2933 255.7714
312.2933 255.2914
311.6833 254.7214
309.8033 250.9914
311.7933 249.4814
311.8833 249.3214
311.4433 249.1314
310.3033 246.9214
310.0933 245.1414
310.1433 244.3414
310.1033 243.0414
309.7533 242.4314
309.2333 242.0114
308.5133 241.7814
308.0933 241.7414
307.7633 241.8114
307.1433 242.2414
306.8533 242.3814
306.5833 242.4314
306.1933 242.4114
305.8533 242.3214
304.8433 241.9414
304.5433 241.9014
302.7633 241.9514
302.3833 241.7514
302.1433 241.4214
301.9433 240.6814
301.8933 240.0714
301.9333 239.2014
302.2233 238.0214
302.3033 237.3914
302.1233 236.2614
301.7333 235.7014
301.3733 235.3314
300.8633 235.0414
300.7733 234.7514
300.8933 234.5314
301.1633 234.3814
301.4233 234.1914
301.5633 233.9414
301.6433 233.4314
301.7833 233.0714
302.0233 232.7014
302.7633 231.8914
303.2133 231.2414
303.4233 230.8114
303.6333 230.5114
303.9233 230.2414
305.1233 229.4514
306.5633 228.1914
307.7133 228.2714
308.2433 228.5014
309.6533 229.5414
311.0533 230.0814
311.7433 230.0914
312.2733 229.8614
312.4733 229.5614
312.7733 228.8814
312.8533 228.6214
313.1633 227.9414
313.6733 226.3414
314.7533 224.4814
314.9433 223.9014
314.8433 223.5014
314.4733 223.2814
313.8033 222.9914
313.4033 222.4014
313.3133 221.9614
313.4333 221.6214
313.9533 221.0714
314.2833 220.5414
314.4033 220.0314
314.4333 219.3614
314.0633 215.7214
314.1333 215.1514
314.3033 214.8314
314.6233 214.4614
314.9733 213.8614
315.1433 212.3314
315.3433 211.5514
315.6633 210.7814
316.1033 210.2914
317.1433 208.5014
315.7033 207.5114
315.4533 207.2014
313.8833 204.2314
313.4233 203.5914
313.1033 203.2614
312.8133 203.2014
312.2133 203.1314
311.7733 203.0314
311.2833 202.8614
309.7033 202.1114
309.2433 202.0914
308.8933 202.1314
308.2033 202.3714
301.6033 203.0814
299.9233 202.9414
299.3933 202.9714
295.7833 203.9314
294.9933 203.9614
294.4333 203.8614
293.8133 203.4314
293.5333 203.2014
292.6733 202.6614
291.1633 201.9514
290.7233 201.6714
289.8833 200.8614
289.6633 200.6114
289.2833 200.2614
288.4233 199.6414
287.8833 198.9914
287.9033 198.8514
288.1133 198.7414
288.4833 198.6714
288.7633 198.5414
288.8733 198.3614
288.8333 198.0414
288.3833 196.7714
288.1333 196.2414
287.0233 194.4214
286.8633 194.0214
286.9333 193.8614
287.1133 193.8214
287.3933 193.8414
287.7433 193.9614
288.0733 194.1214
288.3033 194.2014
288.5033 194.1914
288.7233 194.1114
288.9733 193.9614
289.0633 193.6414
288.9733 193.2414
288.4133 192.4014
288.1933 191.9514
288.1033 191.5414
288.1933 191.2314
288.4133 190.7214
288.4133 190.3214
288.3233 189.7114
287.9433 188.6314
287.7933 187.9614
287.7233 187.3814
287.8033 186.6814
287.9133 186.2814
288.0433 186.0214
288.2433 185.8714
288.5433 185.7814
289.6933 185.9214
289.9833 185.9114
290.1333 185.8314
290.2033 185.6514
290.2433 185.3014
290.3433 185.0114
290.4133 184.3714
290.1133 182.9314
293.1333 180.8014
294.0133 179.9514
294.7833 178.7614
297.0333 177.4714
299.5233 176.4414
300.5133 175.8314
301.0333 175.6314
301.2933 175.6314
301.5033 175.8214
301.6933 176.0514
301.8933 176.2214
302.1733 176.3214
303.3133 176.3614
303.8433 176.4514
304.5033 176.4614
304.8733 176.3014
305.3333 175.8414
305.6733 175.7014
306.3333 175.7414
307.3533 176.0114
308.8533 176.2014
309.6233 176.1414
310.0933 175.9614
310.6033 175.4014
310.8033 175.0914
310.9533 174.7414
311.0233 174.3414
311.0533 172.9914
311.1833 172.1214
311.3333 171.6414
311.8633 170.7914
311.8733 170.7914
308.6733 170.7014
299.8733 171.3214
289.5533 170.1614
283.3433 170.7914
281.9533 171.2714
279.2633 172.6614
276.4533 173.2314
275.3633 174.0014
274.6433 175.1914
272.8033 179.0914
272.5533 179.8514
272.5033 181.0714
273.0433 184.3514
272.7133 184.5714
270.8233 187.5214
269.8633 188.1414
268.9033 188.3514
268.1033 188.0814
267.6333 187.2814
267.6433 186.3214
268.6433 183.0114
268.6933 173.6514
268.1433 171.2614
266.6533 171.3614
267.6733 173.0514
267.3733 175.4814
266.3433 177.7114
265.6733 178.2614
263.6733 177.5314
263.2333 177.2114
263.0033 176.5514
263.0933 175.1114
262.7833 174.5214
261.9433 174.1314
261.3733 174.4214
260.8833 174.8914
260.3033 175.0614
259.7833 174.6914
259.6933 174.1514
259.4933 173.6814
258.6133 173.4714
256.0233 174.6414
254.4433 179.7814
251.7333 180.9514
248.2933 180.9514
247.4733 181.1814
246.1033 182.2014
245.3333 182.4314
244.7833 182.2014
243.7333 181.1814
242.8933 180.9514
242.7133 180.8614
242.5733 180.6614
242.3533 180.4614
241.9233 180.3714
241.7033 180.5114
241.5233 181.1814
241.2133 181.4314
238.2333 182.4314
237.8733 182.6614
237.0333 183.0314
236.1833 183.0514
235.7933 182.2014
235.0933 181.8814
233.5233 181.8014
231.8533 181.9814
230.8633 182.4314
230.4233 182.4314
230.2333 181.4914
229.7733 181.2414
228.4233 181.4314
228.6333 181.1214
228.7533 180.9114
228.9533 180.3714
228.1633 180.3814
224.8233 180.7914
223.8033 181.1914
222.0033 183.2014
221.3533 184.2814
221.0933 185.4114
219.8533 186.7114
209.7233 190.8014
208.6833 191.4014
207.6033 192.2914
206.9633 192.6614
205.5333 192.8114
204.9333 193.0414
204.5833 193.4714
203.7633 194.8914
203.6933 195.2014
202.7233 195.1914
201.4033 195.3514
200.1933 195.9514
199.5233 197.2714
199.9233 198.4814
200.7733 199.2214
201.8633 199.6814
202.7533 199.9714
210.9933 199.6914
213.6733 200.3814
215.5833 200.0814
217.7533 200.2514
219.0733 200.4914
220.9833 200.0314
222.6133 199.8914
226.2933 200.4714
229.1233 201.6914
229.9333 201.5414
230.6733 201.9314
232.0833 201.9314
232.8633 202.1114
233.8933 202.4314
234.8333 203.3814
235.5033 204.0214
236.1733 204.3014
236.0833 205.9314
236.3733 206.6614
236.1933 207.8714
236.8133 210.0414
236.7633 210.8814
236.2333 211.0614
236.3433 211.2214
236.4233 211.3514
236.4833 211.4014
236.7233 211.5114
237.0333 211.7414
237.2733 211.9714
238.1933 213.4614
238.8033 214.2614
239.2133 214.9414
239.4433 215.5114
239.5833 216.0514
240.1333 219.9714
240.0033 221.1314
238.8333 222.1714
236.1333 223.8414
235.7133 224.5714
235.7433 225.7614
236.5233 227.7214
236.5233 228.2014
236.2233 228.6314
235.3033 229.2914
234.2033 230.3314
233.0333 232.4314
233.9533 235.3314
234.1333 237.5514
234.2033 237.8714
234.1533 238.4014
234.0933 238.6414
233.2633 239.8714
232.0933 241.3914
231.5333 241.9114
231.0133 242.3214
230.4933 242.5214
229.7033 242.6214
229.4533 242.7614
229.3333 243.0114
229.5133 243.6114
229.6333 243.8914
229.7133 244.0514
229.7533 244.1114
230.1533 244.4614
231.6033 245.4614
232.2633 246.3914
232.5433 246.5114
232.7233 246.7414
232.7033 246.9614
232.3833 247.3814
231.7733 247.8814
231.7333 248.1714
231.8733 248.5614
232.3733 249.2714
232.7433 249.4814
233.1133 249.4914
233.8033 249.0814
233.9933 249.0114
234.1033 249.0414
234.0833 249.5814
233.9533 250.5714
233.0433 254.6514
233.7633 255.6014
233.8633 256.2314
233.8633 256.2314
235.7033 256.2214
236.8333 256.3814
237.7933 256.8814
238.6033 256.4414
239.4033 256.3814
240.2533 256.4214
241.2133 256.3014
241.7033 256.0014
242.9533 254.9814
244.4733 254.0914
244.7233 252.5314
244.4933 250.7414
244.1433 249.4014
243.7133 248.7914
243.2633 248.4914
243.2533 248.2514
244.1433 247.8114
244.9533 247.7014
245.7533 247.9014
246.8233 248.3314
247.1033 248.7314
247.5533 250.6314
247.8033 251.2814
248.3933 251.8314
248.9233 252.0114
249.5733 252.0314
255.5933 253.0814
256.3933 253.4314
257.1633 254.2714
258.9333 254.7814
262.3033 255.2914
263.3633 255.6614
266.0233 256.9714
267.7733 258.3214
270.9333 260.1914
272.1133 260.5514
273.4433 260.0214
272.4233 259.1414
270.4433 258.3114
267.1933 257.4614
263.3133 255.0714
262.3033 254.1814
262.3033 253.6914
265.4733 252.8714

Matanzas
22
303.3533 259.5814
303.3533 259.5814
303.4533 259.3514
303.3933 258.8714
302.9733 258.7214
302.4433 259.0214
301.9333 259.0414
301.6033 258.5514
301.3233 258.3614
299.8033 259.0514
298.9633 259.3214
298.4633 259.4014
297.1433 259.2614
296.3733 259.3214
294.3333 260.0714
293.6333 260.2414
293.1133 260.9614
292.6933 261.1714
292.9833 261.5914
294.3733 261.4214
296.3733 260.6614
298.8733 260.1014

Matanzas
15
289.0033 264.6914
289.0033 264.6914
290.9633 263.4814
291.4533 263.5114
291.7833 263.4014
292.0133 262.7314
291.4633 262.0814
290.6433 262.2214
289.8433 262.4814
288.9933 262.6014
288.1833 262.9414
287.8333 263.4914
287.5233 263.8214
286.8833 264.0414
287.3733 264.5014

Artemisa
7
162.6734 211.5214
162.6734 211.5214
161.9234 210.9114
161.2834 211.8614
161.8134 212.3114
162.1434 212.7414
162.6734 211.9214

Artemisa
14
174.1434 210.3414
174.1434 210.3414
173.8434 209.8414
173.5234 210.1614
173.6734 215.0414
173.4934 215.6914
173.4534 216.0914
173.7234 216.1614
174.0734 215.8314
174.3434 215.2514
174.4434 214.9414
174.7134 214.0114
174.9334 212.2214
174.5134 210.8614

Artemisa
93
173.0234 249.2214
173.0234 249.2214
174.2534 248.6714
175.1034 249.1214
175.4934 249.4714
175.9834 249.6014
176.5534 249.4414
177.2734 248.4514
177.3734 247.7414
176.7634 246.8314
175.3334 245.6214
175.2734 245.4514
175.5033 245.1114
176.0333 244.7114
178.6633 243.5814
178.8434 243.6014
179.0033 243.6814
179.2533 243.4914
179.4133 243.3014
180.0633 240.7114
179.9634 238.0214
179.9634 235.9614
179.0834 234.0514
178.5033 231.5214
178.5033 228.6614
179.9634 225.6514
181.4234 223.5914
182.3234 223.0614
183.2634 222.4714
183.5034 221.4914
183.2434 219.8514
178.5334 219.2214
174.7634 220.1514
173.9334 219.9814
172.5434 219.2614
171.8434 219.0914
168.5134 219.8114
165.9734 219.2114
158.4234 221.2414
156.8934 221.2114
155.4034 220.4414
154.6734 219.1814
154.4334 217.6814
154.4133 216.1514
153.9733 214.7514
152.9233 214.0314
152.2633 213.8114
152.2633 213.8114
152.2333 214.1214
152.0233 214.5714
151.4633 215.4114
149.0933 218.0914
148.7733 218.7014
147.3633 222.0014
146.8233 222.9614
146.3633 223.5914
145.9633 223.9014
145.3033 224.2714
145.0533 224.4614
144.1833 225.6314
143.0033 227.6714
142.6433 228.1614
142.3533 228.4314
141.5633 228.7914
141.4033 228.9114
141.2933 229.0514
141.3933 229.2014
141.7233 229.3414
143.4633 229.5414
144.0333 229.7514
144.4033 230.0714
145.7333 231.6514
145.8233 232.3414
145.5033 234.2314
143.6933 237.7414
143.9533 239.2814
143.9533 239.6414
143.6233 242.4414
143.6933 242.8714
143.6933 242.8714
143.8333 242.9714
144.6033 244.8914
145.6133 246.5514
147.9333 246.6014
150.4933 246.1914
152.2133 246.4814
153.7833 247.0514
160.2633 246.7414
166.9033 247.6214
168.6133 248.3314
170.0833 248.2314
172.7133 249.7514
172.7133 249.7514

Ciudad_de_la_Habana
96
204.0934 258.6214
204.0934 258.6214
204.3233 257.8614
204.1933 257.0814
204.5934 256.3914
205.8034 254.8714
205.4334 254.5614
204.7533 254.5214
204.5834 254.2514
204.6134 253.8114
204.8133 253.1114
204.7434 252.7814
204.3534 252.4514
204.1834 252.2314
204.0934 251.8814
204.0034 250.5614
203.3134 249.2914
200.8034 252.2614
200.3834 252.5614
199.7534 252.8814
199.4534 252.7814
199.2034 252.5414
199.0834 252.2914
199.0034 251.8714
198.6434 250.9014
198.1734 250.4614
197.7634 250.1814
197.5234 250.2214
197.0134 250.9514
196.6134 251.3814
196.2034 251.3514
196.1234 251.2414
196.1734 251.0214
196.2834 250.7214
196.2934 250.3414
196.2434 249.9514
196.0734 249.3014
196.0434 248.8014
196.1534 248.1214
196.7534 246.8714
196.8534 246.5014
196.7934 246.2214
194.3534 243.5014
193.8134 242.5014
193.3834 241.9014
192.7534 241.6514
191.9034 241.6514
191.1934 241.7414
190.4434 242.0814
188.6034 241.9614
185.7934 242.2214
185.1534 241.5814
184.8734 241.0314
183.9334 240.1914
183.4434 239.9814
183.0434 240.0714
182.2734 241.0214
181.7734 241.3514
181.2233 241.1814
180.0633 240.7114
179.4133 243.3014
179.2533 243.4914
179.0033 243.6814
178.8434 243.6014
178.6633 243.5814
176.0333 244.7114
175.5033 245.1114
175.2734 245.4514
175.3334 245.6214
176.7634 246.8314
177.3734 247.7414
177.2734 248.4514
176.5534 249.4414
175.9834 249.6014
175.4934 249.4714
175.1034 249.1214
174.2534 248.6714
173.0234 249.2214
172.7134 249.7514
172.7134 249.7514
173.1834 250.0214
174.7634 250.5114
175.1634 250.7514
175.8734 251.8514
176.2334 252.1014
177.1134 252.2114
177.7934 252.4714
178.9134 253.1614
181.0334 254.8314
182.1434 255.4914
184.9934 255.9314
188.2834 257.3614
193.2934 258.1914
195.5634 259.1414
200.4934 257.9414
202.0634 258.1114

Santiago_de_Cuba
331
643.8434  51.5814
643.8434  51.5814
644.7234  51.6014
645.2134  51.5114
645.3933  51.3114
645.3233  50.7914
645.1433  50.4314
644.9634  50.1114
644.7834  49.8914
644.6934  49.7314
644.9334  49.4114
645.4634  48.9614
647.5834  47.5114
648.7734  47.2014
649.0634  45.9614
649.1634  45.7014
649.2634  45.5014
649.5234  45.2414
650.7234  44.6114
652.9834  44.4214
658.1534  46.8214
658.7334  46.9714
659.5334  47.0514
661.8034  46.7314
664.8434  47.0114
667.9434  49.1714
668.1634  49.7214
668.3734  50.4014
667.9934  51.2414
667.9234  51.4714
667.9434  51.7114
668.0334  52.0214
668.2334  52.2914
668.3934  52.3714
668.9234  52.1114
669.3834  51.9314
670.3034  51.4414
670.6334  51.5314
671.1634  51.8714
672.2434  52.7314
673.6634  54.2014
673.9334  54.5514
674.1634  54.7214
674.4334  54.8514
674.8634  55.0014
675.1334  55.1514
675.3734  55.3614
675.6733  55.4314
676.0833  55.3314
677.2233  54.4114
678.5533  53.9914
681.6833  54.5914
682.5633  54.5914
682.8633  54.6514
683.2233  54.7814
683.8833  55.1014
684.0233  54.8614
684.0633  54.3514
683.8333  52.4714
683.7133  52.1114
683.5933  52.0114
683.1133  51.8014
682.8433  51.6514
682.6633  51.4314
682.5233  51.1514
682.4533  50.8914
682.3333  50.6414
682.1633  50.3714
681.9033  50.1514
681.6033  49.9814
681.6833  49.7014
682.1334  49.1014
683.2534  48.1214
685.1134  45.5814
684.4534  45.0414
684.1234  44.4014
683.8234  44.1614
683.4734  44.0914
682.8034  44.3314
682.5434  44.4614
682.1734  44.5314
681.9834  44.4414
681.8634  44.2014
681.8134  43.9214
681.8034  43.5414
681.7134  43.0514
681.4334  42.4314
680.7134  41.3314
679.8834  40.6514
679.0734  40.1414
678.1734  39.7714
677.8334  39.4814
677.7034  39.2614
677.9834  38.6114
678.7434  37.0614
678.9133  35.8014
678.8133  33.3414
678.6933  32.9214
678.5433  32.7614
678.3033  32.5814
678.1133  32.4014
677.9233  32.1114
677.6033  31.4914
677.5333  31.1514
677.5633  30.6714
677.9733  28.8414
678.3333  27.7414
678.5133  27.4214
678.8733  26.4114
678.9333  26.3014
679.0633  26.1414
679.7433  25.6514
679.6933  23.6214
679.9233  22.7614
680.1033  22.6014
680.3233  22.5414
680.6133  22.5214
681.0633  22.2614
681.2433  21.9214
681.3033  21.2414
681.1833  20.8314
680.9833  20.5614
679.2833  19.7114
678.4433  18.6514
678.1433  18.4714
677.9133  18.4714
676.9433  18.0514
677.0433  15.2214
677.3733  14.0814
678.3133  12.5014
678.7633  11.9614
680.3033  10.5214
684.6433   4.4214
684.6433   4.4114
684.5533   4.4114
683.7733   4.4914
681.3833   5.0314
680.6833   5.4114
680.1833   5.4914
679.9733   5.3414
679.3833   4.6414
678.9333   4.4114
677.0033   4.1514
674.7133   4.1914
672.5733   4.6114
671.0833   5.4914
668.7133   5.1414
665.7933   6.7014
662.8333   8.8114
660.3433  10.1214
658.7733  10.3014
653.6533  10.1214
652.2933  10.2914
649.5033  11.0314
648.0433  11.2114
645.2933  10.8914
643.8633  10.4814
642.9133   9.8814
641.8633   9.7314
632.4233  12.0214
625.9733  12.7714
622.6933  12.6414
616.9833  11.0814
614.2533  10.6914
609.0633  10.6914
607.5133  10.4714
604.5133   9.4214
602.9333   9.0814
593.8333   9.6314
584.5733   8.8414
583.0933   8.0814
581.5233   8.1414
579.9533   8.5014
578.4633   8.6114
577.3633   8.1314
575.0533   6.2514
573.5333   5.4914
571.8533   5.0614
566.4333   4.8114
566.4333   4.8214
566.3933   6.5514
565.7533   7.8814
565.5333   8.2414
565.4833   8.4714
565.4933   8.7014
566.1133   8.9014
570.2733   9.3614
570.7833   9.5114
571.1533   9.7714
573.8633  13.4314
574.2133  13.6114
574.7433  13.7314
576.4533  13.8414
577.4533  13.7514
579.0133  13.7814
580.1233  13.9914
580.8133  14.3014
582.0033  15.5314
583.1633  16.2414
583.8733  15.5814
584.0233  15.3914
584.3233  15.1214
584.5633  14.9714
584.8033  14.8914
585.0533  14.8314
585.2433  14.7414
585.4333  14.6014
585.6133  14.3814
585.8833  14.2114
586.1233  14.2214
586.3833  14.5014
586.5133  14.7414
586.7733  14.9214
587.1533  15.0714
588.5133  15.4214
588.9333  15.4314
589.3733  15.0714
589.9933  14.3414
590.4433  14.0214
591.0133  13.8014
592.1933  13.5214
592.4533  13.4114
592.5933  13.3314
592.9833  13.2914
593.6033  13.3014
594.8733  13.5014
596.5533  13.5214
596.8033  13.6614
597.0533  14.3314
597.1933  14.4514
597.6233  14.3414
598.2133  14.1214
600.2033  13.6414
600.7033  13.7714
600.7933  14.1314
600.2233  15.6614
600.1333  16.0914
600.1133  16.3014
600.5933  16.5914
602.6133  16.2514
604.2933  16.1414
604.7933  16.1914
605.4833  16.3614
606.3433  16.7014
607.3633  17.2514
608.4433  18.0014
610.4933  19.9514
611.2333  21.3714
610.9833  27.7914
610.5833  30.0414
610.3633  30.5714
610.4233  30.9514
610.8833  31.2314
611.5133  31.9314
612.6033  33.0614
612.5033  33.8114
612.5233  34.0414
612.5133  34.4014
614.0133  40.5314
614.4633  41.2914
615.0133  41.7714
616.1533  41.8014
616.8533  41.7414
618.4033  41.4414
619.0733  41.4414
619.4533  41.5914
619.6933  42.1114
619.7633  42.4514
619.8233  43.1714
619.9433  43.4814
620.1933  43.8214
620.6233  44.2714
620.9633  44.7214
621.2033  45.2414
621.3233  45.9014
621.3033  46.5914
621.0333  48.0114
621.1033  48.3514
621.4133  48.4614
621.9533  48.5014
622.6733  48.0614
623.0433  47.6614
623.2033  47.1914
623.2033  46.7214
623.1433  46.2614
623.1433  45.7914
623.2133  45.3814
623.5733  44.6614
623.9233  43.6514
624.1833  43.3214
624.7333  43.3714
625.7333  44.1814
627.5933  46.7114
629.3233  46.8114
629.9633  46.7814
630.5533  46.6514
631.1133  46.4514
631.7533  46.1214
632.1233  46.0114
632.4433  46.0414
632.8033  46.1514
632.8433  46.0014
632.7833  45.6814
632.2333  44.4714
632.4733  43.8914
633.8133  45.1714
633.9633  45.4114
634.4033  47.0514
634.5933  48.7614
634.1233  49.9114
633.9833  50.6214
633.7933  50.8614
633.5433  50.9714
633.5033  51.1714
633.6733  51.4314
634.7933  52.1714
635.6933  52.9814
636.0533  53.2114
637.3333  53.7314
637.5033  54.1214
637.4433  54.6414
636.9433  55.8714
636.7633  56.5214
636.9233  57.0014
637.1033  57.1014
638.0833  56.6614
641.4733  54.1314
642.1433  53.0114
641.8333  52.2114
642.0733  51.9214
642.6033  51.7014

Las_Tunas
344
618.0134 109.0414
618.0134 109.0414
617.9634 108.9414
617.6934 104.6114
617.1434 103.3314
616.7734 103.0914
616.4934 102.8314
616.1234 102.3314
616.1034 101.8514
616.3434 100.4814
616.2234 100.0014
615.8434  99.4914
613.9134  98.2814
612.3634  97.6314
609.1834  95.5714
608.0334  94.5914
607.6234  94.3714
605.8534  92.9614
604.5034  91.5714
603.6434  89.4314
603.4434  88.2914
603.1934  88.0714
602.7034  88.0014
602.3434  88.0614
601.9234  88.2214
601.2534  88.1714
600.3234  87.9314
596.5534  86.2914
595.3934  86.0214
594.8934  85.9714
594.4634  86.0114
594.1434  86.1414
593.7434  86.4214
593.0334  87.0614
592.1834  87.4514
591.2734  84.8314
591.3434  79.4214
591.2334  78.3514
590.9934  77.6214
589.6834  75.9114
589.1634  74.9014
588.9634  74.2014
588.8534  73.2014
588.8734  72.6014
589.0334  72.1714
589.8134  71.3114
590.1834  70.7714
590.4534  70.0214
590.4034  69.5514
590.2134  69.2114
589.4834  68.7214
588.8034  68.4614
585.9234  67.2914
585.6234  67.0914
584.4434  66.0714
583.6834  66.4014
582.3534  69.2514
581.6934  69.8014
580.6334  70.0714
579.0134  70.0514
575.9734  70.4214
574.5434  70.4014
573.9734  70.3214
570.9834  70.8514
569.3934  70.3114
568.3334  70.1614
567.3634  70.1214
566.1834  69.7414
565.5534  69.7214
565.0834  69.8814
564.0434  70.6314
561.4434  71.6114
554.4234  71.8214
552.7534  72.2814
552.5734  72.7414
552.3034  73.2014
551.8434  73.2014
551.2934  72.9514
550.1834  72.1514
549.7234  71.9214
549.4334  71.9214
549.1434  72.6514
548.7634  73.0914
548.5034  73.0014
548.3034  72.6514
548.2134  71.8414
548.0734  71.3914
547.9034  71.0214
547.1834  70.2014
546.9334  69.7614
546.7634  69.2814
546.6834  69.1014
546.5434  68.9314
546.2434  68.7514
545.1334  68.2314
544.8334  68.0114
544.8234  68.0114
544.3634  68.1714
542.3234  67.9914
540.0734  67.4614
538.1934  66.6414
537.2634  65.5614
536.5834  65.9914
536.1734  65.9814
535.8134  65.7614
535.3134  65.5614
534.5534  65.3614
534.0934  65.1714
533.6134  65.0314
532.8234  65.0414
531.5734  65.2514
527.9434  66.6014
525.1534  65.1114
524.5234  65.0414
523.4834  65.8314
523.0034  66.0814
522.4634  66.1914
520.3534  66.0814
519.7934  66.1514
518.4034  66.5614
517.9234  66.8414
517.6634  66.6714
516.7434  66.6014
513.2234  66.8114
512.0034  67.2114
510.1034  68.5214
509.4534  68.7114
509.4634  68.7214
510.4134  74.9714
514.1334  80.2414
515.8234  80.1214
520.1834  80.9714
521.2634  81.4114
521.8334  81.8214
521.7934  82.2614
521.8034  82.8014
521.8734  83.4014
522.1734  84.6414
522.2234  85.0814
522.1634  85.5614
522.0434  86.0614
522.0434  86.6714
522.5934  87.0514
523.0734  87.1314
523.4634  86.9614
523.8634  86.4314
524.1434  85.9514
524.5034  85.4614
524.7734  85.2314
525.1634  85.1614
525.9834  85.1114
526.3534  85.0214
526.8934  84.9514
527.1234  85.1414
527.2634  85.3814
527.2534  86.3514
527.6334  87.3814
528.3534  87.7814
529.8034  88.2114
530.8434  88.3614
531.0434  89.4814
531.2234  89.7314
531.4134  89.7414
532.3334  89.6714
533.2934  89.7714
534.5934  90.0314
535.0634  90.6414
535.2934  91.1714
535.3634  91.7014
535.6634  92.3714
535.6634  92.4814
535.5034  93.0614
535.4534  93.3914
535.4434  93.8314
535.5734  94.0914
535.8334  94.2714
536.8634  94.7814
537.3634  95.3814
537.6034  95.5514
537.7134  95.5614
537.7434  95.4014
537.8334  95.2114
537.9434  95.0214
538.2534  94.6114
538.4634  94.3714
539.0834  93.4114
539.2334  93.0614
539.2934  92.7114
539.2534  92.2514
539.3134  92.0614
539.4834  91.9014
540.7334  91.5814
541.9234  91.4914
542.5334  91.3714
542.8834  91.2614
543.0234  91.0614
543.0534  90.8914
542.9934  90.6814
542.5134  89.9614
542.4634  89.7414
542.4534  89.5014
542.6834  88.9914
543.4034  88.2414
544.1334  89.8414
544.6134  90.2214
545.0434  90.4514
545.3734  90.3714
545.7134  90.1214
546.4334  89.4314
546.8534  89.2114
547.4434  89.0414
548.0334  89.3414
550.0934  94.3114
551.1034  95.7314
551.9534  96.1314
552.6234  96.5614
552.9734  96.7114
555.0734  97.1614
555.5334  97.3114
556.4534  98.1214
556.9234  98.6814
559.5334 103.0214
559.2134 107.9814
559.2634 108.5014
559.6334 109.4014
563.6734 113.1514
563.7834 113.4314
563.6334 113.7014
563.2234 113.8114
560.4834 113.8014
560.1634 114.0214
559.8134 114.4714
559.4934 115.7314
559.5534 116.4514
559.9934 117.4514
560.5834 118.1614
561.7234 121.6814
563.1334 121.5114
564.8034 121.1014
566.0834 121.1614
568.0234 121.6514
568.9234 122.0714
570.9634 123.6714
572.1034 124.1314
572.6834 124.7014
572.8534 124.8514
573.9234 124.0914
576.5134 122.8414
580.4634 121.9914
581.3934 121.2714
580.9034 120.2214
582.3734 120.2214
581.9534 118.6414
581.3834 117.8514
580.5134 117.5814
577.9834 117.4214
576.9634 117.0014
576.2434 116.2714
575.9734 115.1914
576.9734 113.2914
580.6334 115.2214
580.4234 113.3114
581.1134 113.8114
581.4234 114.6014
581.6034 115.5414
581.8834 116.4614
581.3934 116.4614
582.3934 117.9614
582.6934 118.7314
582.8134 119.6514
587.2134 118.1314
587.6234 118.1514
588.1834 118.4914
588.5034 118.3614
589.7034 117.5514
591.6334 117.0814
592.4034 117.0314
593.5134 116.5414
594.4834 115.4614
594.9034 114.3714
594.3834 113.8814
593.2234 113.6214
589.2134 111.7814
589.4934 112.9314
588.8334 113.6114
588.1234 113.6414
588.2334 112.8314
587.8834 111.6214
588.8434 111.1214
590.2834 110.8814
591.4234 110.4214
592.5034 109.5814
593.7134 109.0414
595.0634 108.7414
596.5834 108.6414
596.5834 109.1214
595.0234 109.6714
594.5534 110.0114
594.1334 110.6914
593.6534 111.7914
593.6934 112.2814
595.0734 112.8314
596.3234 112.8714
598.0234 112.3314
599.6134 111.3814
600.5334 110.1614
600.9834 110.1614
600.9834 111.7814
601.4634 111.7814
601.2134 108.7114
600.3934 107.7014
596.5834 107.5414
596.5834 107.0214
598.0434 107.0214
597.3534 106.6014
597.0734 106.4914
597.6434 105.5114
598.3534 105.5414
599.1434 105.9314
600.0034 105.9714
600.6134 105.4614
601.3334 104.1214
601.9934 103.8814
602.3634 104.0414
602.8534 104.4114
603.2834 104.8414
603.4634 105.2114
603.6334 105.4614
604.0334 105.4714
604.5034 105.4214
604.8834 105.4514
606.9934 106.6914
607.8134 107.0214
606.7034 107.4114
604.3734 107.7314
603.4634 108.0714
602.5934 109.0914
602.3634 110.3214
602.8434 111.3514
604.1534 111.7814
612.7134 111.5314
614.4734 110.9714
615.4934 110.1214
617.8034 109.2214

Holguín
13
677.2334  70.5714
677.2334  70.5714
677.4834  69.6514
676.1433  69.6614
673.7733  70.3114
672.5034  70.5114
671.3734  71.1014
670.6433  72.0714
670.5934  73.4414
674.1234  74.0914
674.9834  73.9714
675.6234  73.3814
676.6533  71.4314

Holguín
510
631.3834  97.5514
631.3834  97.5514
632.0934  96.7314
632.5834  96.7914
633.3034  97.5514
634.4434  98.1914
635.2434  98.3814
636.2733  98.1214
637.0034  97.6814
637.5034  97.1314
637.7833  96.4114
637.7833  95.4514
638.2334  95.4514
638.3734  95.8214
638.6034  96.2014
638.7534  96.5514
639.2434  95.3714
639.8534  95.1114
640.2833  95.7014
640.2234  97.0714
640.8234  96.9714
642.7434  96.9214
643.6334  97.0714
644.0834  97.3714
645.2034  98.3814
645.8134  98.5914
646.7034  98.5514
647.6034  98.3614
648.2934  97.9814
648.8834  96.6414
649.4934  96.5214
649.8634  96.8514
649.5034  97.5514
653.1934 100.2114
653.5834 100.1214
654.6534  99.6314
654.8734  99.4314
655.1734  98.8514
655.8734  98.8114
657.1234  99.1714
659.5934  99.1714
661.6134  98.8414
663.0234  97.6214
663.6634  94.9814
666.4834  95.5714
668.1134  94.5214
670.5934  90.7414
669.1334  87.6014
668.7034  87.0714
667.9034  86.4114
667.6134  85.9814
667.4834  85.4914
667.3234  84.3514
667.1734  83.9014
666.5634  83.0214
665.5634  82.0114
664.3934  81.3014
663.2234  81.3314
662.8634  82.0614
662.5934  83.2214
662.1634  83.9714
661.2634  83.4214
660.6834  83.7914
660.2134  83.8514
659.7934  83.7014
659.3634  83.4214
659.9434  83.3314
660.3734  83.1714
660.6434  82.8514
660.7834  82.3314
658.7534  82.1814
658.7934  81.2514
659.7234  79.9314
660.3434  78.6214
660.7834  78.6214
661.5834  79.8314
663.4634  80.3914
665.6034  80.4914
667.1734  80.2814
670.1334  78.7614
670.5934  78.3814
670.6734  77.3214
670.9634  76.5114
671.5634  76.0514
672.5534  76.0514
671.9834  74.2314
670.9734  74.2314
669.8334  74.9914
668.8634  75.4914
668.3234  75.6714
668.0934  76.1314
667.9334  76.6814
667.6134  77.1514
667.0934  77.5814
666.8634  77.7014
662.9434  77.0914
661.5634  76.6014
656.8734  77.1514
657.2534  76.2714
657.1534  75.2914
656.4334  73.4414
656.4834  72.9814
656.4234  72.0114
656.2234  71.1114
655.8934  70.3114
656.5634  69.6314
657.3934  67.9814
660.1434  66.4114
661.2634  66.0414
661.7534  66.8414
662.5434  68.5114
665.9634  71.4014
666.6834  72.9214
667.8134  72.0114
668.5034  70.8214
668.6434  69.5114
668.1534  68.1714
669.9934  68.4014
670.6634  68.1714
670.3534  67.3714
670.2334  66.6214
670.9634  66.1014
672.5534  65.5614
672.1534  67.2514
676.3634  66.2514
677.4734  67.6514
677.9234  67.6514
678.2634  67.2314
678.7334  66.8014
679.2934  66.4114
679.9234  66.0814
680.4534  67.6514
679.2734  68.1314
678.6434  68.2314
677.9234  68.1714
678.8134  69.3614
680.5234  69.8614
682.3934  69.9014
683.7834  69.7414
685.0334  69.2214
686.5034  68.2814
686.9934  67.4114
685.2934  67.0814
685.9134  66.1014
686.2634  65.0414
686.7534  65.0414
686.8334  65.3714
687.2434  66.0814
687.8534  64.4414
689.5934  64.0614
693.6334  64.5214
692.3934  65.3514
689.6834  66.7114
688.2634  67.0814
689.1734  68.0714
690.9234  68.5314
692.8034  68.5414
694.1234  68.1714
693.6334  68.7414
694.7334  68.6514
698.0734  67.9514
698.9534  67.4614
699.2034  66.9314
698.0334  66.6014
698.0334  66.0814
700.0334  65.5614
700.1634  65.7214
700.1834  65.8214
700.2434  65.9314
700.4734  66.0814
701.3134  65.4614
702.5434  65.7914
703.7234  65.7314
704.3834  63.9514
704.5234  64.3614
704.8534  65.0514
704.9134  65.5614
705.5734  65.0514
706.2234  64.7414
706.8234  64.7114
707.3534  65.0414
706.3434  66.0814
712.0934  66.8114
713.4834  66.3414
714.1734  65.9614
714.9034  65.7914
715.4734  65.5014
715.7034  64.7814
716.2134  64.3414
717.3634  64.3114
719.1234  64.5214
720.3034  63.6614
721.3234  62.6214
722.6434  61.7614
728.2934  61.0814
729.7734  60.6114
730.8834  59.8214
730.1634  59.4114
729.8634  59.3014
730.8834  57.4714
730.9334  56.6414
731.1034  56.4314
731.4034  56.4014
731.8634  56.1214
732.3434  55.7614
731.4434  55.2814
730.7434  54.7214
730.5034  54.5814
730.2834  54.5314
729.7234  54.5414
729.4234  54.5114
729.1734  54.3814
728.6234  53.9014
728.2434  53.4614
727.7334  52.7114
727.3734  51.9814
726.9734  50.7914
726.8834  49.3014
727.4834  47.2614
724.5934  46.0714
724.3934  45.9214
724.1934  45.7014
724.0934  45.4714
723.9834  45.1714
723.9034  44.7314
723.7934  44.4914
723.5134  44.3614
723.0634  44.4614
722.1034  44.9114
721.3734  45.4514
720.5834  45.9314
717.9734  47.1514
715.5634  48.9014
714.8734  49.2814
714.2034  49.3414
712.2734  49.0514
711.8834  48.9314
711.7334  48.7914
712.0134  48.1914
712.0934  47.9714
712.1134  47.7714
711.9634  47.2314
711.9234  46.9914
711.9334  46.8714
712.0234  46.8414
712.5834  46.7814
713.0134  46.4314
713.2734  46.0914
713.4534  45.7614
713.5434  45.5414
713.6034  45.3314
713.5934  45.1114
713.5334  44.8314
713.2434  44.7614
712.7734  44.8514
710.8434  46.2214
708.5234  46.4114
706.9334  47.7214
704.9034  49.8914
704.4634  50.2614
704.0734  50.3114
703.6134  50.1914
701.9634  49.5614
700.6434  48.8414
700.2034  48.7814
699.8534  48.8514
699.2534  49.3614
698.8834  49.4314
698.4034  49.3114
696.7834  48.3614
695.8234  47.4814
695.6434  47.0514
695.4234  44.7614
694.7734  43.5914
693.7234  44.3814
693.6234  44.6214
693.3634  44.8014
693.0934  44.7714
691.7834  44.1214
691.4634  44.0914
691.1534  44.2214
690.5134  44.6214
690.0334  45.0514
689.9434  45.1814
689.6934  45.6014
689.3034  45.9914
688.6234  46.4514
688.3134  46.7414
687.8534  46.8814
687.3134  46.7814
685.9334  45.8014
685.1134  45.5814
683.2534  48.1214
682.1334  49.1014
681.6834  49.7014
681.6034  49.9814
681.9034  50.1514
682.1634  50.3714
682.3334  50.6414
682.4534  50.8914
682.5234  51.1514
682.6634  51.4314
682.8434  51.6514
683.1134  51.8014
683.5934  52.0114
683.7134  52.1114
683.8334  52.4714
684.0634  54.3514
684.0234  54.8614
683.8834  55.1014
683.2234  54.7814
682.8634  54.6514
682.5634  54.5914
681.6834  54.5914
678.5534  53.9914
677.2234  54.4114
676.0834  55.3314
675.6734  55.4314
675.3734  55.3614
675.1334  55.1514
674.8634  55.0014
674.4334  54.8514
674.1634  54.7214
673.9334  54.5514
673.6634  54.2014
672.2434  52.7314
671.1634  51.8714
670.6334  51.5314
670.3034  51.4414
669.3834  51.9314
668.9234  52.1114
668.3934  52.3714
668.2334  52.2914
668.0334  52.0214
667.9434  51.7114
667.9234  51.4714
667.9934  51.2414
668.3734  50.4014
668.1634  49.7214
667.9434  49.1714
664.8434  47.0114
661.8034  46.7314
659.5334  47.0514
658.7334  46.9714
658.1534  46.8214
652.9834  44.4214
650.7234  44.6114
649.5234  45.2414
649.2634  45.5014
649.1634  45.7014
649.0634  45.9614
648.7734  47.2014
647.5834  47.5114
645.4634  48.9614
644.9334  49.4114
644.6934  49.7314
644.7834  49.8914
644.9634  50.1114
645.1434  50.4314
645.3234  50.7914
645.3934  51.3114
645.2134  51.5114
644.7234  51.6014
643.8434  51.5814
642.6034  51.7014
642.0734  51.9214
641.8334  52.2114
642.1434  53.0114
641.4734  54.1314
638.0834  56.6614
637.1034  57.1014
636.9234  57.0014
636.7634  56.5214
636.9434  55.8714
637.4434  54.6414
637.5034  54.1214
637.3334  53.7314
636.0534  53.2114
635.6934  52.9814
634.7934  52.1714
633.6734  51.4314
633.5034  51.1714
633.5434  50.9714
633.7934  50.8614
633.9834  50.6214
634.1234  49.9114
634.5934  48.7614
634.4034  47.0514
633.9634  45.4114
633.8134  45.1714
632.4734  43.8914
632.2334  44.4714
632.7834  45.6814
632.8434  46.0014
632.8034  46.1514
632.4434  46.0414
632.1234  46.0114
631.7534  46.1214
631.1134  46.4514
630.5534  46.6514
629.9634  46.7814
629.3234  46.8114
627.5934  46.7114
625.8234  49.5114
623.7034  51.6914
622.9534  52.2014
622.3334  52.5114
620.4034  52.9714
618.9434  53.6514
618.0634  53.9314
616.2634  54.2514
614.6634  54.8814
613.7934  54.9714
614.1934  56.5814
614.1334  56.9714
613.9234  57.4814
613.6534  57.6814
613.4134  57.7714
613.2034  57.7914
612.8834  57.7214
612.7334  57.6114
612.5334  57.4414
612.3234  57.3214
612.1034  57.3114
611.4834  57.5814
608.9934  58.3414
605.6834  60.3214
604.4034  60.8914
601.0534  61.7014
600.3934  62.0314
600.0634  62.3114
600.0634  62.6414
600.1834  63.7714
600.1434  64.6614
600.0634  65.2314
599.6434  66.4914
598.8634  66.5314
596.9434  65.5214
596.2134  65.3614
595.5234  65.4114
594.9934  65.6014
593.9534  65.8214
593.3734  66.0714
592.9134  66.4614
592.2534  67.5714
592.0034  67.7614
591.7734  67.7614
591.0934  67.3614
590.3834  67.1014
589.8534  67.2314
589.4534  67.4914
589.1534  67.8714
588.8034  68.4614
589.4834  68.7214
590.2134  69.2114
590.4034  69.5514
590.4534  70.0214
590.1834  70.7714
589.8134  71.3114
589.0334  72.1714
588.8734  72.6014
588.8534  73.2014
588.9634  74.2014
589.1634  74.9014
589.6834  75.9114
590.9934  77.6214
591.2334  78.3514
591.3434  79.4214
591.2734  84.8314
592.1834  87.4514
593.0334  87.0614
593.7434  86.4214
594.1434  86.1414
594.4634  86.0114
594.8934  85.9714
595.3934  86.0214
596.5534  86.2914
600.3234  87.9314
601.2534  88.1714
601.9234  88.2214
602.3434  88.0614
602.7034  88.0014
603.1934  88.0714
603.4434  88.2914
603.6434  89.4314
604.5034  91.5714
605.8534  92.9614
607.6234  94.3714
608.0334  94.5914
609.1834  95.5714
612.3634  97.6314
613.9134  98.2814
615.8434  99.4914
616.2234 100.0014
616.3434 100.4814
616.1034 101.8514
616.1234 102.3314
616.4934 102.8314
616.7734 103.0914
617.1434 103.3314
617.6934 104.6114
617.9634 108.9414
618.0134 109.0414
619.6733 107.6414
620.7033 106.9814
628.3033 104.0714
630.5833 102.5414
630.8933 100.7414
631.1433 100.1114
631.0933  98.4714

Granma
315
565.5534  69.7214
565.5534  69.7214
566.1834  69.7414
567.3634  70.1214
568.3334  70.1614
569.3933  70.3114
570.9834  70.8514
573.9734  70.3214
574.5434  70.4014
575.9734  70.4214
579.0134  70.0514
580.6334  70.0714
581.6933  69.8014
582.3533  69.2514
583.6833  66.4014
584.4433  66.0714
585.6233  67.0914
585.9233  67.2914
588.8033  68.4614
589.1533  67.8714
589.4533  67.4914
589.8533  67.2314
590.3833  67.1014
591.0933  67.3614
591.7733  67.7614
592.0033  67.7614
592.2533  67.5714
592.9133  66.4614
593.3733  66.0714
593.9533  65.8214
594.9933  65.6014
595.5233  65.4114
596.2133  65.3614
596.9433  65.5214
598.8633  66.5314
599.6433  66.4914
600.0633  65.2314
600.1433  64.6614
600.1833  63.7714
600.0633  62.6414
600.0633  62.3114
600.3933  62.0314
601.0533  61.7014
604.4033  60.8914
605.6833  60.3214
608.9933  58.3414
611.4833  57.5814
612.1033  57.3114
612.3233  57.3214
612.5333  57.4414
612.7333  57.6114
612.8833  57.7214
613.2033  57.7914
613.4133  57.7714
613.6533  57.6814
613.9233  57.4814
614.1333  56.9714
614.1933  56.5814
613.7933  54.9714
614.6633  54.8814
616.2633  54.2514
618.0633  53.9314
618.9433  53.6514
620.4033  52.9714
622.3333  52.5114
622.9533  52.2014
623.7033  51.6914
625.8233  49.5114
627.5933  46.7114
625.7333  44.1814
624.7333  43.3714
624.1833  43.3214
623.9233  43.6514
623.5733  44.6614
623.2133  45.3814
623.1433  45.7914
623.1433  46.2614
623.2033  46.7214
623.2033  47.1914
623.0433  47.6614
622.6733  48.0614
621.9533  48.5014
621.4133  48.4614
621.1033  48.3514
621.0333  48.0114
621.3033  46.5914
621.3233  45.9014
621.2033  45.2414
620.9633  44.7214
620.6233  44.2714
620.1933  43.8214
619.9433  43.4814
619.8233  43.1714
619.7633  42.4514
619.6933  42.1114
619.4533  41.5914
619.0733  41.4414
618.4033  41.4414
616.8533  41.7414
616.1533  41.8014
615.0133  41.7714
614.4633  41.2914
614.0133  40.5314
612.5133  34.4014
612.5233  34.0414
612.5033  33.8114
612.6033  33.0614
611.5133  31.9314
610.8833  31.2314
610.4233  30.9514
610.3633  30.5714
610.5833  30.0414
610.9833  27.7914
611.2333  21.3714
610.4933  19.9514
608.4433  18.0014
607.3633  17.2514
606.3433  16.7014
605.4833  16.3614
604.7933  16.1914
604.2933  16.1414
602.6133  16.2514
600.5933  16.5914
600.1133  16.3014
600.1333  16.0914
600.2233  15.6614
600.7933  14.1314
600.7033  13.7714
600.2033  13.6414
598.2133  14.1214
597.6233  14.3414
597.1933  14.4514
597.0533  14.3314
596.8033  13.6614
596.5533  13.5214
594.8733  13.5014
593.6033  13.3014
592.9833  13.2914
592.5933  13.3314
592.4533  13.4114
592.1933  13.5214
591.0134  13.8014
590.4433  14.0214
589.9933  14.3414
589.3733  15.0714
588.9333  15.4314
588.5133  15.4214
587.1533  15.0714
586.7733  14.9214
586.5133  14.7414
586.3833  14.5014
586.1233  14.2214
585.8833  14.2114
585.6133  14.3814
585.4333  14.6014
585.2433  14.7414
585.0533  14.8314
584.8033  14.8914
584.5633  14.9714
584.3233  15.1214
584.0233  15.3914
583.8733  15.5814
583.1633  16.2414
582.0033  15.5314
580.8133  14.3014
580.1233  13.9914
579.0133  13.7814
577.4533  13.7514
576.4533  13.8414
574.7433  13.7314
574.2133  13.6114
573.8633  13.4314
571.1533   9.7714
570.7833   9.5114
570.2733   9.3614
566.1133   8.9014
565.4933   8.7014
565.4833   8.4714
565.5333   8.2414
565.7533   7.8814
566.3933   6.5514
566.4333   4.8214
566.4333   4.8114
562.6133   4.6314
560.7933   4.9314
557.2233   6.3614
555.3933   6.7014
554.4033   5.9614
553.9133   5.9614
553.3833   6.4714
552.6533   6.5814
551.9433   6.2614
551.4733   5.4914
549.6533   6.0914
547.5733   6.2514
545.7233   5.7614
544.5933   4.4114
546.5433   4.4114
546.5433   3.8914
545.2733   3.8314
543.2633   3.0414
541.9233   2.8514
535.2933   2.6714
530.7533   1.5514
528.1833   1.2914
525.1733   1.5314
520.7533   0.3414
519.3733   0.2514
518.4033   0.4214
517.4333   0.8614
516.6533   1.5414
516.1733   2.3714
516.2633   3.7814
517.5933   6.2914
517.6833   7.0014
518.2033   7.1614
519.1133   7.2614
519.6333   7.5214
520.1133   7.9914
520.6033   8.7814
521.1033   9.0814
520.8833   9.9114
521.2133  10.4914
522.5633  11.7314
524.1633  13.9414
524.2733  14.3214
524.5333  14.9014
527.9433  18.0014
527.8033  18.6714
526.8433  19.6314
526.9633  20.0914
527.6033  20.0514
529.4933  19.4314
530.2033  20.1114
531.5733  20.5514
531.8933  20.8514
532.0933  21.3014
533.3633  23.2114
534.6033  24.0814
537.6733  25.7214
538.8533  27.4514
540.2033  28.4414
547.4033  31.8414
548.7833  32.0614
549.8433  32.6414
550.9733  35.3914
552.0033  36.2714
552.2133  36.3014
552.4633  36.3114
552.9333  36.2714
552.5333  35.3814
552.9633  34.9414
553.8833  34.9014
554.9333  35.1814
555.9033  35.8214
556.6633  36.7614
557.1533  37.9014
557.3333  39.1314
557.8533  39.5714
560.7933  41.4314
561.0233  45.0914
561.5033  45.6414
562.0533  46.1414
563.0133  48.8214
560.7933  52.4214
560.0933  53.0714
558.1733  54.3714
555.6133  55.3614
554.9133  55.4614
555.3733  54.6014
554.9333  54.0814
553.6033  55.0014
552.4933  55.5214
551.7533  56.2914
551.4733  57.9914
551.7133  58.5114
552.2833  58.8114
552.9333  59.0214
553.4233  59.3014
554.9333  61.3914
554.9333  61.9114
552.3333  63.5714
550.9533  63.8614
550.4533  62.4314
549.0133  63.8614
547.7933  65.7714
546.3833  67.4514
544.8233  68.0114
544.8333  68.0114
545.1333  68.2314
546.2433  68.7514
546.5433  68.9314
546.6833  69.1014
546.7633  69.2814
546.9333  69.7614
547.1833  70.2014
547.9033  71.0214
548.0733  71.3914
548.2133  71.8414
548.3033  72.6514
548.5033  73.0014
548.7633  73.0914
549.1433  72.6514
549.4333  71.9214
549.7233  71.9214
550.1833  72.1514
551.2933  72.9514
551.8433  73.2014
552.3033  73.2014
552.5733  72.7414
552.7533  72.2814
554.4233  71.8214
561.4433  71.6114
564.0433  70.6314
565.0833  69.8814

Guantánamo
257
772.0834  34.1814
772.0834  34.1814
772.9534  33.1014
773.5134  31.8114
773.8434  30.4014
774.0034  28.9314
773.3534  27.2614
771.8534  26.3414
770.3434  25.7414
769.3334  24.6914
767.8834  23.8514
767.4033  23.6814
767.0333  23.2714
766.6234  20.5614
764.3734  18.5514
761.7234  18.6314
758.7134  19.4114
755.3933  19.5214
750.8933  18.5814
747.8534  18.3514
741.9834  16.9814
739.2534  17.5014
736.9934  16.5614
732.4934  17.2914
727.1034  16.3614
725.3534  16.1914
723.5634  15.3614
722.3334  14.3214
721.2234  13.1214
720.0034  12.1414
718.4133  11.7314
716.7334  11.6914
715.7434  11.5214
715.1533  10.9014
714.7234   9.3214
713.5534   7.4914
711.2534   6.6214
708.7034   6.3214
708.3234   7.2114
707.8034   7.4914
707.4334   7.3814
707.2234   6.8314
707.2334   6.1114
705.4034   5.5214
705.1734   5.5314
705.1834  11.1914
702.1734  11.1914
702.3034  11.5514
702.6934  11.9214
703.7434  12.6414
704.6733  12.8114
705.5233  14.4314
705.9033  15.3214
705.4734  16.0514
705.3634  18.0114
703.9033  17.7314
703.2234  16.6914
702.7733  15.9014
702.2634  14.9714
701.6833  15.3314
700.9333  15.7214
699.8533  15.3014
699.4233  14.4014
699.2833  13.6514
699.5233  12.8514
699.9033  12.7414
700.3734  12.6214
700.6633  12.6914
700.8534  12.9714
701.0034  13.2914
701.1533  12.9414
701.4633  12.1514
700.5933  11.6614
700.5133  11.1214
699.1833  11.1214
695.5933   8.5914
695.3133   5.7414
695.3133   5.7414
691.6133   4.8514
684.6433   4.4114
684.6433   4.4214
680.3033  10.5214
678.7633  11.9614
678.3133  12.5014
677.3733  14.0814
677.0433  15.2214
676.9433  18.0514
677.9133  18.4714
678.1433  18.4714
678.4433  18.6514
679.2833  19.7114
680.9833  20.5614
681.1833  20.8314
681.3033  21.2414
681.2433  21.9214
681.0633  22.2614
680.6133  22.5214
680.3233  22.5414
680.1033  22.6014
679.9233  22.7614
679.6933  23.6214
679.7433  25.6514
679.0633  26.1414
678.9333  26.3014
678.8733  26.4114
678.5133  27.4214
678.3333  27.7414
677.9733  28.8414
677.5633  30.6714
677.5333  31.1514
677.6034  31.4914
677.9234  32.1114
678.1134  32.4014
678.3034  32.5814
678.5434  32.7614
678.6934  32.9214
678.8134  33.3414
678.9134  35.8014
678.7434  37.0614
677.9834  38.6114
677.7034  39.2614
677.8334  39.4814
678.1734  39.7714
679.0734  40.1414
679.8834  40.6514
680.7134  41.3314
681.4334  42.4314
681.7134  43.0514
681.8034  43.5414
681.8134  43.9214
681.8634  44.2014
681.9834  44.4414
682.1734  44.5314
682.5434  44.4614
682.8034  44.3314
683.4734  44.0914
683.8234  44.1614
684.1234  44.4014
684.4534  45.0414
685.1134  45.5814
685.9334  45.8014
687.3134  46.7814
687.8534  46.8814
688.3134  46.7414
688.6234  46.4514
689.3034  45.9914
689.6934  45.6014
689.9434  45.1814
690.0334  45.0514
690.5134  44.6214
691.1534  44.2214
691.4634  44.0914
691.7834  44.1214
693.0934  44.7714
693.3634  44.8014
693.6234  44.6214
693.7234  44.3814
694.7734  43.5914
695.4234  44.7614
695.6434  47.0514
695.8234  47.4814
696.7834  48.3614
698.4034  49.3114
698.8834  49.4314
699.2534  49.3614
699.8534  48.8514
700.2034  48.7814
700.6434  48.8414
701.9634  49.5614
703.6134  50.1914
704.0734  50.3114
704.4634  50.2614
704.9034  49.8914
706.9334  47.7214
708.5234  46.4114
710.8434  46.2214
712.7734  44.8514
713.2434  44.7614
713.5334  44.8314
713.5934  45.1114
713.6034  45.3314
713.5434  45.5414
713.4534  45.7614
713.2734  46.0914
713.0134  46.4314
712.5834  46.7814
712.0234  46.8414
711.9334  46.8714
711.9234  46.9914
711.9634  47.2314
712.1134  47.7714
712.0934  47.9714
712.0134  48.1914
711.7334  48.7914
711.8834  48.9314
712.2734  49.0514
714.2034  49.3414
714.8734  49.2814
715.5634  48.9014
717.9734  47.1514
720.5834  45.9314
721.3734  45.4514
722.1034  44.9114
723.0634  44.4614
723.5134  44.3614
723.7934  44.4914
723.9034  44.7314
723.9834  45.1714
724.0934  45.4714
724.1934  45.7014
724.3934  45.9214
724.5934  46.0714
727.4834  47.2614
726.8834  49.3014
726.9734  50.7914
727.3734  51.9814
727.7334  52.7114
728.2434  53.4614
728.6234  53.9014
729.1734  54.3814
729.4234  54.5114
729.7234  54.5414
730.2834  54.5314
730.5034  54.5814
730.7434  54.7214
731.4434  55.2814
732.3434  55.7614
732.3534  55.7514
732.7334  55.4614
735.3334  54.6014
735.5834  53.5914
736.9634  52.4714
740.2134  50.3814
740.7834  49.7014
741.5534  48.1014
743.8234  44.9414
744.3634  44.6114
744.5934  44.1114
748.0934  40.4214
748.7634  40.0914
749.7334  39.9614
751.2934  39.5014
753.2134  38.3114
754.8134  36.7614
755.3934  35.1814
755.9234  35.1814
756.8834  36.2514
758.3334  36.2414
759.9234  35.8514
761.3034  35.7514
762.4934  36.2814
763.7434  37.0714
765.1034  37.7114
766.6234  37.8314
767.5134  37.5314
768.2234  37.0514
769.6534  35.7514

Camagüey
22
469.8934  56.2214
469.8934  56.2214
471.1034  55.6514
471.3033  56.8414
471.9634  57.0814
472.8033  56.6214
473.5533  55.6514
474.0533  54.1514
473.8933  53.1014
473.1333  52.8514
471.8233  53.8014
470.9834  54.2614
469.9233  54.5714
469.0033  55.0214
468.0633  57.1014
466.7733  58.0214
464.2233  59.3014
465.2433  60.1014
466.3633  59.8414
467.4133  59.0414
468.1833  58.2514
469.2333  56.8214

Camagüey
15
455.9933  63.5214
455.9933  63.5214
456.0133  62.8114
455.4834  62.4514
454.8934  62.3914
454.3834  62.5714
454.0034  62.9514
453.6234  63.2114
453.5034  63.5414
453.8134  63.7514
454.1634  63.5714
455.8934  63.2414
455.8334  63.5014
455.7934  63.6214
455.7634  63.8214

Camagüey
8
452.2234  63.1714
452.2234  63.1714
451.1334  63.1114
450.4434  63.5814
450.5434  63.9914
450.7734  64.0814
451.3334  63.9514
452.3334  63.6114

Camagüey
15
463.1534  68.9914
463.1534  68.9914
463.2934  68.7414
464.0534  69.1414
464.7734  69.1914
466.1834  68.7414
465.2534  67.6514
461.9134  66.8514
460.7634  66.0814
459.6234  66.7014
458.3634  67.0814
459.2334  67.7414
461.7334  68.3014
462.7634  69.2214
463.1434  69.0614

Camagüey
460
492.7234 173.3214
492.7234 173.3214
493.4034 172.5814
494.3534 170.5514
495.7134 169.2514
496.1034 168.7314
496.5734 167.3214
497.8634 165.0414
498.4334 164.2914
499.2834 163.9914
500.1434 163.3814
503.4334 159.9914
503.6734 159.3514
504.8834 157.1114
505.3834 156.5714
506.2434 156.7014
506.6534 157.4714
506.9934 163.2314
507.3834 163.9914
508.1734 164.3314
510.0934 164.0214
511.2434 163.9914
510.6134 163.1914
508.3234 162.7814
507.8234 162.1214
507.9234 160.7414
508.2134 159.7114
508.6734 158.8914
509.2934 158.1514
510.1134 157.3714
510.7334 157.0814
512.4934 157.0914
513.2634 156.5814
513.8034 155.3914
514.1134 154.0614
514.2234 153.1514
514.4834 152.2114
515.1434 151.5414
516.0934 151.0814
518.1134 150.4314
518.5134 150.3614
519.5734 150.8714
520.1734 150.5414
520.7534 150.0114
521.3634 149.7314
525.7134 150.3914
526.9634 150.2514
528.1634 149.6914
531.3534 147.6314
531.3934 148.6914
531.9534 149.2314
533.8034 149.7314
533.9134 148.9714
534.3334 148.5814
534.9834 148.4914
535.8034 148.6314
535.6534 148.9214
535.4634 149.4714
535.3134 149.7314
536.3134 149.4014
537.2734 148.6114
538.7234 147.0614
537.6934 146.9214
536.9834 147.3514
536.5334 147.3814
536.2834 146.0514
536.4534 144.6414
537.5034 142.2414
537.7534 141.0114
538.1334 140.2214
539.0434 139.9214
541.2134 139.6414
542.9134 138.7314
543.3934 138.6014
544.0734 138.7614
544.4334 139.1214
544.6334 139.4814
544.8334 139.6414
544.8134 140.0614
544.3834 140.9814
543.7034 141.9114
541.8434 142.7514
541.0734 143.7814
540.1934 146.0514
539.7934 147.8414
539.4634 148.3714
538.9634 148.6614
537.5534 149.2514
537.2634 149.4714
537.1734 150.2814
536.8034 151.3314
536.0634 151.9014
534.8234 151.2614
533.8034 152.3614
532.8334 151.4614
531.8134 152.1014
529.8934 154.5114
527.2034 156.8314
526.4434 158.0214
525.9534 158.1514
524.9634 157.6714
525.5734 158.9914
526.7134 160.3814
528.0234 161.2714
529.1334 161.0914
531.6234 158.9814
531.8934 158.3514
532.3534 156.4014
532.6034 156.0014
540.2034 150.4514
541.6534 149.7314
545.3034 148.5914
546.3234 147.8614
547.3334 146.8214
549.7534 144.8314
550.7234 144.4714
554.9334 141.2714
555.9834 140.7314
556.9834 140.4114
558.0434 140.4114
559.3234 140.7514
558.7734 139.2914
559.1634 138.3614
559.8834 137.6914
560.3034 137.0214
560.0534 135.4914
558.3334 133.6314
557.8634 132.2914
557.2334 132.7114
556.0034 134.1014
555.6434 134.3914
551.0434 136.5414
549.8834 136.8814
548.5434 137.0214
548.5734 136.8814
548.4034 136.6014
548.1634 136.3314
548.0534 136.2614
547.8934 135.9814
547.5334 136.0914
547.1134 136.3514
546.4734 136.6414
545.7034 137.3514
545.0734 137.5914
543.4334 137.4514
542.8534 136.6914
543.0934 135.8514
543.9034 135.4414
544.7334 135.2514
545.3234 134.7914
545.8734 134.2714
546.5434 133.8714
547.2534 133.7114
549.2534 133.8714
550.6634 133.2814
551.0234 132.0114
550.5134 130.7314
549.2534 130.1514
549.0534 129.5114
549.5034 128.1314
550.1334 126.8014
550.4534 126.2814
551.2634 126.1214
552.8634 126.3914
553.9934 126.2614
553.4234 124.9014
554.1334 125.0914
555.9134 125.9914
555.9734 126.0814
556.6534 126.4814
557.3334 126.5714
557.9634 127.7314
558.8434 131.8214
560.6533 135.2614
561.2334 136.0214
562.5934 136.2614
563.9033 135.4614
571.5833 125.9914
572.7133 124.9514
572.8533 124.8514
572.8533 124.8514
572.6833 124.7014
572.1033 124.1314
570.9633 123.6714
568.9233 122.0714
568.0233 121.6514
566.0833 121.1614
564.8033 121.1014
563.1334 121.5114
561.7234 121.6814
560.5834 118.1614
559.9934 117.4514
559.5533 116.4514
559.4934 115.7314
559.8134 114.4714
560.1634 114.0214
560.4834 113.8014
563.2234 113.8114
563.6334 113.7014
563.7834 113.4314
563.6734 113.1514
559.6334 109.4014
559.2634 108.5014
559.2134 107.9814
559.5334 103.0214
556.9234  98.6814
556.4534  98.1214
555.5334  97.3114
555.0734  97.1614
552.9734  96.7114
552.6234  96.5614
551.9534  96.1314
551.1034  95.7314
550.0934  94.3114
548.0334  89.3414
547.4434  89.0414
546.8534  89.2114
546.4334  89.4314
545.7134  90.1214
545.3734  90.3714
545.0434  90.4514
544.6134  90.2214
544.1334  89.8414
543.4034  88.2414
542.6834  88.9914
542.4534  89.5014
542.4634  89.7414
542.5134  89.9614
542.9934  90.6814
543.0533  90.8914
543.0233  91.0614
542.8834  91.2614
542.5333  91.3714
541.9233  91.4914
540.7333  91.5814
539.4833  91.9014
539.3133  92.0614
539.2534  92.2514
539.2933  92.7114
539.2334  93.0614
539.0834  93.4114
538.4634  94.3714
538.2534  94.6114
537.9434  95.0214
537.8334  95.2114
537.7434  95.4014
537.7134  95.5614
537.6034  95.5514
537.3634  95.3814
536.8634  94.7814
535.8334  94.2714
535.5734  94.0914
535.4434  93.8314
535.4534  93.3914
535.5034  93.0614
535.6633  92.4814
535.6633  92.3714
535.3634  91.7014
535.2933  91.1714
535.0633  90.6414
534.5933  90.0314
533.2933  89.7714
532.3333  89.6714
531.4133  89.7414
531.2233  89.7314
531.0433  89.4814
530.8433  88.3614
529.8033  88.2114
528.3533  87.7814
527.6333  87.3814
527.2533  86.3514
527.2633  85.3814
527.1233  85.1414
526.8933  84.9514
526.3533  85.0214
525.9833  85.1114
525.1633  85.1614
524.7733  85.2314
524.5033  85.4614
524.1433  85.9514
523.8633  86.4314
523.4633  86.9614
523.0733  87.1314
522.5933  87.0514
522.0433  86.6714
522.0433  86.0614
522.1633  85.5614
522.2233  85.0814
522.1733  84.6414
521.8734  83.4014
521.8033  82.8014
521.7933  82.2614
521.8333  81.8214
521.2633  81.4114
520.1833  80.9714
515.8233  80.1214
514.1333  80.2414
510.4133  74.9714
509.4633  68.7214
509.4533  68.7114
508.7633  68.9214
506.1433  69.2214
504.5833  68.8414
503.5133  68.0114
502.6133  67.1314
501.5233  66.6014
496.8733  66.4714
494.4333  67.1014
493.6633  68.7414
493.1333  68.7414
492.6933  67.6514
490.3433  70.4414
489.4933  70.8314
487.9333  71.1514
487.0733  71.9814
485.8033  74.4414
485.0533  75.3114
483.7333  76.5214
482.2833  77.4314
481.1433  77.3914
480.3733  76.9614
480.1133  77.3514
480.0733  78.0714
479.9433  78.6214
479.0833  79.6614
478.6333  80.3914
478.4333  81.0414
477.9133  82.1514
472.8633  85.8414
471.8833  86.1214
469.3733  85.9814
468.4833  86.5014
467.6933  87.6614
466.6233  89.7014
465.7433  90.5714
463.1133  92.6014
462.4733  92.6814
461.9833  93.3914
461.5433  96.0114
461.2933 101.0014
460.7333 103.1514
459.6433 105.3114
458.8833 107.4814
459.3433 109.6914
459.9933 108.9214
460.7933 108.8014
461.4633 109.3214
461.7433 110.4214
461.2133 111.2114
458.8933 111.9914
458.3633 112.5514
458.2133 113.8914
457.5433 116.3814
457.3933 117.8414
457.0833 119.1414
455.7433 121.4814
455.4333 122.5814
455.0033 125.1614
453.9033 127.6114
452.4433 129.7214
451.4834 130.7014
451.4933 130.7014
454.1133 131.8614
457.8434 134.2114
458.3334 134.6514
458.5734 134.9614
459.4134 135.7314
460.2134 136.2214
461.8334 136.9714
463.0634 137.3514
463.2434 137.3014
463.4034 137.1814
463.7634 136.7214
463.9034 136.5214
464.0434 136.3314
464.2234 136.2414
464.5134 136.2414
464.9134 136.6814
465.1234 137.0114
465.9434 139.2714
466.6534 141.1614
467.2934 141.4914
467.6833 141.4114
469.3434 141.3014
470.3033 141.1214
471.6433 141.1714
472.1633 141.2614
472.3633 141.4614
472.2233 141.6214
471.9033 141.8314
471.6733 142.1914
471.5633 142.7414
472.4233 144.0414
472.7733 144.4614
473.2233 145.1814
473.4633 145.3314
473.8433 145.3814
474.0133 145.4914
474.1433 145.7814
474.1933 146.2514
474.1733 146.8614
474.1034 147.3314
473.7334 148.5614
473.5033 150.0014
473.7334 150.4314
474.1733 151.0614
475.2433 152.1214
475.9834 152.5714
476.5834 152.8014
476.8934 152.7714
477.0834 152.6914
477.2034 152.5314
477.2734 152.2714
477.2834 151.8114
477.3834 151.4414
477.5934 151.0414
478.0334 150.6014
478.2634 150.1814
479.3534 148.6714
480.1034 148.3214
481.0834 148.2814
483.8633 148.6614
484.2734 148.8114
484.2434 149.0714
483.9434 150.6414
483.9534 150.9514
484.0634 151.1714
484.2934 151.3814
485.3134 151.9314
486.2134 152.5814
484.7734 155.0214
483.5634 156.2914
480.0534 159.2514
479.7934 159.5214
479.3534 160.8714
480.1834 163.1114
480.5634 163.3314
481.0534 163.5814
481.5434 163.6014
481.9734 163.6714
483.1334 164.0414
484.2434 164.0714
485.1234 164.2514
485.7434 164.5714
486.5334 165.1414
488.2634 166.9614
489.5334 168.0514
490.3734 168.5214
491.3334 168.8714
491.7334 169.1514
491.9934 169.5114
492.2534 170.3314
492.3234 170.7814
492.3134 171.2214
492.1634 171.6314
492.0134 171.9214
491.4034 172.3114
491.5234 172.9914
491.5234 172.9914
491.6634 172.9514

Camagüey
76
505.3834 172.4714
505.3834 172.4714
506.5534 172.4414
507.3634 172.8514
508.0534 173.4514
508.8434 174.0014
510.0734 174.3614
511.0734 174.2914
511.9434 173.9414
512.7534 173.4714
513.0234 173.1514
513.6934 172.1114
513.9934 171.8914
514.6134 172.0514
515.6433 172.7814
516.1733 172.9514
516.9533 172.5914
519.2533 171.0814
520.0833 170.7914
521.0033 171.3014
521.5933 171.9514
522.2933 172.0214
523.5433 170.7914
524.0933 169.8514
524.2433 168.9014
524.0533 167.8514
522.5133 164.3814
522.7333 163.6314
523.5433 162.3614
522.4433 162.3214
521.5933 161.9914
520.0833 160.8314
520.4233 162.2114
519.9633 162.8414
519.1933 162.6014
518.6133 161.3514
518.8033 161.1214
519.1133 160.6114
519.1633 160.0614
518.6133 159.7314
518.2033 159.8314
517.9333 160.2014
517.7033 160.6714
516.8233 161.8814
516.4733 162.6114
516.0333 163.3014
515.1533 163.9914
514.1333 163.5014
512.5933 163.8314
511.0633 164.5614
510.0733 165.3014
509.8833 165.9714
510.1733 166.7914
510.5933 167.6514
510.8033 168.4614
510.4633 169.0214
509.6833 169.3914
508.3133 169.7814
508.6733 169.1214
508.8133 168.4514
508.7033 167.7914
508.3133 167.1514
507.8233 168.7314
507.3833 168.7314
506.6633 167.6314
505.4933 167.3114
504.4033 167.7814
503.9133 169.0114
503.3033 169.9314
502.0633 170.9414
501.1633 172.2214
501.5233 174.0014
500.9933 174.5214
502.3733 174.4814
503.3633 173.8414
504.2733 173.0314

Camagüey
15
514.7033 180.3714
514.7033 180.3714
512.9933 180.3314
511.1733 182.2414
508.3133 186.7114
508.8533 187.7414
508.0533 188.9114
506.7833 189.9114
505.9133 190.4514
507.6733 190.7314
509.2333 189.4514
510.3633 187.5414
511.2733 184.2214
512.3833 182.9314
513.6833 181.7414

Camagüey
62
498.2733 184.8814
498.2733 184.8814
498.9033 184.6114
500.6733 184.8714
501.5233 184.5914
502.0133 183.9014
502.3433 183.1114
502.8533 182.5414
503.9133 182.4314
502.9833 183.0114
503.2733 183.5014
503.5833 183.9214
503.9533 184.2814
504.3633 184.5914
504.9033 183.6614
505.6133 183.1914
506.3133 183.3014
506.8533 184.1114
507.4233 182.7914
506.6433 182.2214
505.3433 181.9214
504.3633 181.4314
505.1933 181.2114
505.8033 180.7514
506.3233 180.2414
506.8533 179.8514
507.6033 179.5914
509.0833 179.2814
509.8233 178.7914
508.2133 175.5614
507.1433 174.2614
506.3633 175.0614
506.0333 174.9114
505.2133 174.6814
504.8933 174.5214
504.6633 175.1214
504.4733 175.4414
503.9133 176.1114
503.6133 177.6614
502.1033 178.2014
500.9033 177.5814
501.5233 175.6214
500.6033 176.0414
498.0833 177.5514
497.5733 177.9814
497.0833 179.1314
494.8033 180.7614
494.1033 181.9614
495.2733 182.3914
496.2033 183.3914
496.8133 184.6614
497.0333 185.9114
497.1433 188.7214
496.8933 189.5914
496.1033 190.9214
497.1833 190.7514
498.2933 190.3814
499.1733 189.6914
499.5233 188.6014
499.1233 187.8914
498.3434 187.1114
497.8534 186.1514

Camagüey
47
483.2434 200.3914
483.2434 200.3914
483.8134 199.4214
485.2334 200.2214
487.0634 199.7514
488.8634 198.5714
490.2034 197.2714
490.8834 196.3114
491.5134 195.1614
491.9734 193.9514
492.2533 191.3914
492.5833 190.5814
494.1033 188.8614
494.7133 188.8514
495.7033 188.4614
496.5933 188.3314
495.4033 187.1514
493.6833 187.6214
490.2033 189.9214
488.6433 190.2314
486.9133 190.2314
485.1033 190.6014
483.3233 192.0314
484.8333 192.9914
484.1533 194.2814
482.7033 195.0314
481.8933 194.3814
481.8033 193.6614
481.5333 192.8614
481.0533 192.3614
480.3933 192.5614
479.9433 193.3814
479.9133 194.3414
480.2333 194.9514
480.8733 194.6714
480.8933 196.0214
479.7533 197.5514
478.0833 198.2914
476.4833 197.2714
476.1133 197.6714
475.7933 197.7614
475.4533 197.7414
475.0133 197.8414
476.0033 199.0914
477.4133 199.4814
479.9433 199.4214
482.2433 200.3414

Ciego_de_Ávila
8
443.6634  68.7414
443.6634  68.7414
442.4333  67.6914
440.7033  68.2814
439.0933  69.6214
438.2533  70.8314
439.6533  71.1314
441.1533  70.5014

Ciego_de_Ávila
14
431.1333  75.9914
431.1333  75.9914
431.1533  75.0114
434.6733  75.1114
435.9633  74.3714
436.7833  72.3514
436.2533  72.3514
435.0333  73.2514
430.0233  73.8414
428.3933  75.4914
429.2733  76.8114
429.9733  77.4414
430.6533  77.3914
430.9933  76.7914

Ciego_de_Ávila
16
427.0833  77.8214
427.0833  77.8214
426.6433  77.4014
426.4433  77.8814
426.1933  78.1714
424.4933  78.6214
420.8933  80.9914
420.1333  81.8514
421.0533  82.0014
422.3533  81.9114
423.5333  81.5814
424.0433  81.0414
424.8733  80.7014
426.5633  80.5014
427.9033  80.0314
427.7033  78.9114

Ciego_de_Ávila
30
412.8133  90.3314
412.8133  90.3314
415.9933  88.3914
418.7633  85.6614
420.5833  83.4214
420.2233  83.4614
419.1133  83.4214
419.3133  82.9914
419.6033  81.8514
417.5733  82.8914
416.2233  84.1314
413.7433  87.0314
413.7433  87.6014
414.9933  87.1214
415.9133  86.2514
416.7233  85.2614
417.6533  84.4214
416.7133  85.9614
415.1333  87.9414
413.3233  89.4914
411.7433  89.7014
411.7433  89.1314
411.9833  88.8614
412.0533  88.7114
412.0933  88.5214
412.2833  88.1314
411.4633  88.3714
410.7733  88.7814
410.2033  89.3814
409.7933  90.1714

Ciego_de_Ávila
16
402.1033  98.4014
402.1033  98.4014
404.9133  95.4514
403.8133  94.9914
402.6133  94.9614
401.4733  95.3114
400.5133  96.0214
400.9933  95.9814
402.4634  96.0214
402.1534  96.8514
401.6334  97.3714
401.0434  97.4814
400.5134  97.0714
398.6434  98.4514
398.0234  99.1714
400.2834  99.5014

Ciego_de_Ávila
233
431.0534 197.4114
431.0534 197.4114
438.1034 196.6014
441.4534 196.7814
441.8134 196.0014
443.1834 191.5014
443.4434 191.6914
444.1134 192.0314
444.8334 191.0314
445.4934 191.6414
446.6034 194.1014
445.6834 195.4014
445.1934 195.8914
444.6034 196.2514
444.6034 196.7814
446.7234 196.4914
449.0134 194.1814
456.8234 191.4014
457.8334 190.6914
458.4434 189.7014
459.8634 188.4814
461.5034 187.3714
462.7634 186.7114
464.4634 186.1914
468.7734 185.4514
470.0834 185.6514
470.0534 185.1314
470.1234 184.0514
470.0834 183.5414
470.8234 183.9014
471.1034 184.1114
471.5934 183.3414
472.2634 181.8614
472.7734 181.1914
473.4234 180.7014
474.7034 180.0314
475.2634 179.5614
475.8134 179.2514
476.5234 179.2414
477.2734 179.3114
477.9434 179.2714
480.3934 178.2614
481.5034 177.9514
485.0534 177.6914
485.6734 177.3614
485.8134 176.6014
485.8734 175.7214
486.2434 175.0614
486.8434 174.9114
488.6734 174.9314
488.4334 174.8114
488.2034 174.5214
488.9534 173.8214
489.8434 173.4714
490.7634 173.2614
491.5234 172.9914
491.4034 172.3114
492.0134 171.9214
492.1634 171.6314
492.3134 171.2214
492.3234 170.7814
492.2534 170.3314
491.9934 169.5114
491.7334 169.1514
491.3334 168.8714
490.3734 168.5214
489.5334 168.0514
488.2634 166.9614
486.5334 165.1414
485.7434 164.5714
485.1234 164.2514
484.2434 164.0714
483.1334 164.0414
481.9734 163.6714
481.5434 163.6014
481.0534 163.5814
480.5634 163.3314
480.1834 163.1114
479.3534 160.8714
479.7934 159.5214
480.0534 159.2514
483.5634 156.2914
484.7734 155.0214
486.2134 152.5814
485.3134 151.9314
484.2934 151.3814
484.0634 151.1714
483.9534 150.9514
483.9434 150.6414
484.2434 149.0714
484.2734 148.8114
483.8634 148.6614
481.0834 148.2814
480.1034 148.3214
479.3534 148.6714
478.2634 150.1814
478.0334 150.6014
477.5934 151.0414
477.3834 151.4414
477.2834 151.8114
477.2734 152.2714
477.2034 152.5314
477.0834 152.6914
476.8934 152.7714
476.5834 152.8014
475.9834 152.5714
475.2434 152.1214
474.1734 151.0614
473.7334 150.4314
473.5034 150.0014
473.7334 148.5614
474.1034 147.3314
474.1734 146.8614
474.1934 146.2514
474.1434 145.7814
474.0134 145.4914
473.8434 145.3814
473.4634 145.3314
473.2234 145.1814
472.7734 144.4614
472.4233 144.0414
471.5633 142.7414
471.6733 142.1914
471.9034 141.8314
472.2234 141.6214
472.3633 141.4614
472.1634 141.2614
471.6434 141.1714
470.3034 141.1214
469.3434 141.3014
467.6834 141.4114
467.2934 141.4914
466.6534 141.1614
465.9434 139.2714
465.1234 137.0114
464.9134 136.6814
464.5134 136.2414
464.2234 136.2414
464.0434 136.3314
463.9034 136.5214
463.7634 136.7214
463.4034 137.1814
463.2434 137.3014
463.0634 137.3514
461.8334 136.9714
460.2134 136.2214
459.4134 135.7314
458.5734 134.9614
458.3334 134.6514
457.8434 134.2114
454.1134 131.8614
451.4934 130.7014
451.4834 130.7014
450.9534 131.2414
449.7834 132.0314
448.6634 132.4514
444.8734 133.0414
443.9934 133.3314
443.6534 133.9014
444.1134 134.9614
444.9234 134.5014
445.8334 134.3414
447.7934 134.3914
448.0834 134.7414
447.7234 135.5314
446.8234 136.7614
446.3234 137.2214
445.5934 137.7514
444.1134 138.6014
443.0634 138.9114
442.5434 138.8414
442.0834 138.5314
441.1834 138.1214
437.8734 137.3514
434.5434 137.0214
434.1834 136.8814
433.7834 136.5314
433.4634 136.1114
433.3234 135.7314
433.0834 135.4414
432.5334 135.3814
430.3434 135.5114
429.4834 135.6914
428.7134 135.7514
428.3634 137.3514
428.1534 139.7014
428.3634 141.7214
427.9434 142.7314
426.3834 143.8514
424.6134 144.6314
423.5734 143.0614
423.5734 141.8314
422.7334 140.8214
420.6534 139.9314
418.6734 139.9314
418.0534 140.8214
418.4634 142.1714
418.7834 144.3014
418.2534 145.5314
417.1134 147.3214
417.6334 148.5614
419.1934 151.9214
419.9234 154.9514
420.6534 156.6314
421.6934 158.6514
422.5234 160.3414
422.9434 161.9114
423.7734 162.4714
424.9234 162.3614
425.9634 162.1314
426.3834 163.0314
427.6334 164.9414
428.6734 166.8514
428.6734 168.6514
428.3634 170.0014
427.4234 170.4514
425.8634 171.2314
423.6734 173.0314
422.5234 174.0414
422.4234 175.6214
423.4634 178.0914
423.3634 180.2314
424.2934 181.1314
424.9234 182.9314
425.8634 184.6114
426.9034 186.4114
427.6334 187.8814
428.2534 190.3514
428.9834 191.9314
429.4034 192.8314
430.0234 193.3914
430.5434 193.9514
430.7534 196.3214

Ciego_de_Ávila
14
445.2434 208.4714
445.2434 208.4714
444.7134 207.6114
444.5334 207.1314
443.2334 206.6814
442.5834 206.7014
442.4534 207.2014
442.4334 208.4714
442.8534 208.6214
443.8534 208.3314
444.5234 208.4214
444.6134 209.0014
444.7734 209.2214
445.2834 208.9614

Ciego_de_Ávila
57
472.1934 208.5814
472.1934 208.5814
473.0134 207.4514
472.7534 207.5614
472.0834 207.9314
472.4034 206.8814
477.1934 201.9514
477.4534 201.2714
477.2434 200.5114
476.7234 200.5214
476.0834 200.8414
475.5034 201.0114
466.6234 198.9514
466.6234 199.4214
466.7734 199.6614
466.9534 199.8514
467.0934 200.1714
467.1534 200.7714
467.3634 201.0614
467.8334 201.0214
468.3334 200.9114
468.6234 201.0114
468.6834 201.7414
468.4334 202.4814
467.8434 202.8314
466.8934 202.3514
465.4934 201.7314
463.5634 201.4714
460.3234 201.5414
458.6934 202.0314
456.7334 203.4114
453.7734 203.9714
451.7134 204.6314
450.4534 205.4914
451.4834 206.3414
450.3834 207.5714
448.9234 206.4614
447.7634 205.8314
447.5734 208.4614
447.8434 208.2514
448.5134 207.9314
448.7534 209.4614
449.4034 209.6314
450.1634 209.2714
450.7234 209.2514
451.5034 209.3814
454.6834 208.7214
456.4234 207.6114
458.4334 207.4414
460.4634 207.6114
462.2734 207.4514
464.0134 207.5614
465.1534 208.4814
466.1334 209.5414
467.4034 210.0414
469.0234 209.8814
470.7434 209.3914

Sancti_Spíritus
226
401.3934 198.5214
401.3934 198.5214
403.4934 197.5314
405.3934 197.8414
406.1234 197.1114
407.4634 196.1414
408.7634 195.6814
409.3534 196.5214
410.1233 196.6114
413.8633 195.8014
415.2134 195.7814
415.9834 196.3314
416.1434 196.8214
416.3234 197.1714
417.2134 197.2714
417.9334 197.0914
419.0434 196.4014
419.8734 196.2514
421.4134 196.4814
424.0934 197.5014
425.4634 197.8414
427.0934 197.8614
431.0534 197.4114
430.7534 196.3214
430.5434 193.9514
430.0234 193.3914
429.4034 192.8314
428.9834 191.9314
428.2534 190.3514
427.6334 187.8814
426.9034 186.4114
425.8633 184.6114
424.9233 182.9314
424.2934 181.1314
423.3633 180.2314
423.4634 178.0914
422.4233 175.6214
422.5234 174.0414
423.6733 173.0314
425.8633 171.2314
427.4233 170.4514
428.3633 170.0014
428.6733 168.6514
428.6733 166.8514
427.6333 164.9414
426.3833 163.0314
425.9633 162.1314
424.9233 162.3614
423.7733 162.4714
422.9433 161.9114
422.5233 160.3414
421.6933 158.6514
420.6533 156.6314
419.9233 154.9514
419.1933 151.9214
417.6333 148.5614
417.1133 147.3214
418.2533 145.5314
418.7833 144.3014
418.4633 142.1714
418.0533 140.8214
418.6733 139.9314
420.6533 139.9314
422.7333 140.8214
423.5733 141.8314
423.5733 143.0614
424.6133 144.6314
426.3833 143.8514
427.9433 142.7314
428.3633 141.7214
428.1533 139.7014
428.3633 137.3514
428.7133 135.7514
427.9533 135.4414
427.4633 136.0214
426.2333 135.3314
424.9333 135.0214
421.8433 134.9614
420.4433 134.7214
416.6733 132.8614
413.7333 132.0714
410.9033 131.8214
408.0033 132.0914
402.2733 133.7614
401.0833 134.4914
399.7633 135.7314
398.7533 135.8814
395.0434 135.4314
393.6333 135.4414
392.0633 135.9414
391.3833 136.3514
390.7033 137.0214
389.6133 138.8514
388.9834 139.5314
388.7034 138.8814
388.4934 138.1014
387.9534 137.5914
387.2434 137.4814
386.5234 137.8614
385.8434 138.4814
385.4333 138.7014
382.3733 139.5614
381.9433 139.7314
381.3733 140.2214
380.9533 140.9414
380.6133 141.8114
380.1133 142.5414
379.2033 142.8414
374.1433 142.9814
369.3233 144.3814
367.4933 144.3514
366.6833 143.1114
366.1933 141.7614
364.9834 141.9514
363.4034 142.7814
361.7934 143.3714
361.7934 143.9014
363.2634 144.4714
363.2634 144.9514
362.1534 145.2114
361.9233 146.0714
361.9933 147.1614
361.7934 148.1014
360.5834 147.2114
359.3234 146.8214
357.9334 146.8014
356.3434 147.0614
354.8834 147.5914
354.0534 147.7814
353.4034 147.6314
353.2134 147.0814
353.6634 146.5614
354.3734 146.1814
354.9634 146.0514
354.0834 145.0914
352.7534 145.7314
351.5334 147.1114
351.0034 148.3714
350.8434 150.0214
350.3534 151.4714
349.5034 152.5014
348.2834 152.8914
347.0834 153.0914
347.0834 153.1014
347.2434 156.3014
347.3234 156.6914
347.5834 157.0714
348.0734 157.6114
350.0134 159.1814
352.5934 161.8614
355.1334 163.0514
356.4634 164.1414
356.9534 164.2814
358.0134 164.1914
358.3734 164.4214
358.5734 164.8214
358.7234 165.4714
358.9933 166.0814
359.7033 166.9914
360.4333 167.3014
361.1133 167.3914
365.2633 166.3914
365.7833 166.1714
366.1333 165.9014
367.1533 165.3614
369.2833 165.2014
371.0533 166.7214
372.4633 169.0414
373.6433 171.4214
374.0233 172.8414
374.0833 173.8514
373.8133 174.2714
373.4933 174.4314
373.0733 174.4514
372.7133 174.4114
372.4033 174.4814
372.1833 174.7114
371.9233 175.2114
371.6033 176.0814
370.5633 178.1314
370.1033 179.4614
370.0733 180.2614
370.2233 180.7914
371.0033 181.4914
373.3733 181.4314
374.2033 180.7414
374.4633 180.2414
374.8233 179.7114
375.5733 179.0514
376.3133 178.8614
376.9333 178.9014
377.4533 179.1814
378.4733 179.8814
379.4233 179.9814
380.0833 179.9314
383.0133 179.0414
384.4733 179.5114
385.4433 179.0714
386.0633 178.6514
387.0733 178.2314
388.0833 178.3614
388.8833 178.7014
389.5233 179.2914
390.1333 180.1114
390.6633 181.1914
391.0333 182.1614
391.4233 183.5514
392.7033 184.8714
393.5533 185.3214
394.8133 185.7914
395.6933 185.8514
396.3933 185.6914
398.1733 184.7514
400.0133 184.4514
400.2333 185.8414
400.1533 187.0714
400.3333 188.0014
400.6133 188.9614
400.5633 189.5314
398.5333 192.3414
396.1333 197.1614
395.5333 198.1314
394.7033 198.7814
396.0233 201.2614
395.9933 203.0414
396.0333 203.1214

Sancti_Spíritus
9
411.0833 214.8814
411.0833 214.8814
410.5933 214.8814
410.5933 215.4014
410.3633 215.8314
409.7833 216.0714
410.4133 216.3314
413.1933 216.4514
412.2733 215.6714

Sancti_Spíritus
11
428.6233 216.8014
428.6233 216.8014
426.9733 215.9114
426.5733 216.9814
425.5233 217.3914
421.2333 217.6714
420.5033 217.9714
419.6033 218.5614
420.8133 218.7314
427.5233 218.3014
428.6433 217.6514

Pinar_del_Río
10
 99.0834 164.0014
 99.0834 164.0014
100.1734 163.6214
100.3534 163.6314
100.7134 163.6114
100.3334 163.4714
 98.9334 163.4314
 97.3234 163.5314
 96.2434 164.0214
 96.9534 164.4214

Pinar_del_Río
368
137.4934 244.8614
137.4934 244.8614
138.2434 244.6214
138.6134 244.8314
139.0434 245.2714
139.5734 245.5214
140.2434 245.1514
140.6933 244.3514
140.2333 244.1014
139.5133 243.9914
139.2233 243.5614
139.5133 242.7514
139.9533 242.4914
140.5133 242.7614
141.1733 243.5614
141.0233 242.0214
142.2733 241.9214
143.6933 242.8714
143.6233 242.4414
143.9533 239.6414
143.9533 239.2814
143.6933 237.7414
145.5033 234.2314
145.8233 232.3414
145.7333 231.6514
144.4033 230.0714
144.0333 229.7514
143.4633 229.5414
141.7233 229.3414
141.3933 229.2014
141.2933 229.0514
141.4033 228.9114
141.5633 228.7914
142.3533 228.4314
142.6433 228.1614
143.0033 227.6714
144.1833 225.6314
145.0533 224.4614
145.3033 224.2714
145.9633 223.9014
146.3633 223.5914
146.8233 222.9614
147.3633 222.0014
148.7733 218.7014
149.0933 218.0914
151.4633 215.4114
152.0233 214.5714
152.2333 214.1214
152.2633 213.8114
152.2633 213.8114
150.5033 213.2214
146.2033 209.5514
145.3533 208.9914
143.7233 208.8514
142.6234 208.5014
137.8533 206.0014
135.5133 204.4314
133.5633 202.3714
129.4733 194.5114
127.7833 192.8314
125.4633 192.5614
123.1033 193.2414
122.1334 193.3214
121.1134 193.0414
121.0733 192.8514
121.1134 191.7614
120.9933 191.4714
120.7133 191.4914
120.3834 191.5914
119.8733 191.4014
119.5433 191.5014
119.2734 191.5314
119.1533 191.2214
119.1934 190.1314
119.1533 189.9214
116.5733 188.2414
115.6934 187.2814
115.3134 186.6314
115.2534 186.2614
115.2934 185.9914
115.2034 185.6514
114.7334 184.5314
114.3834 184.0414
113.7434 183.5414
113.5134 183.7714
113.4034 184.0214
113.3634 183.1114
112.8533 182.5814
112.4533 183.3714
111.8633 183.6214
111.2333 183.5314
111.1733 182.2614
109.9933 180.9714
106.4333 180.6614
102.7433 181.1314
 99.5733 182.4314
100.1733 183.0814
 99.9833 183.8714
 99.4533 184.7414
 99.0433 185.6514
 98.5533 185.6514
 97.5433 183.5814
 95.7733 181.7214
 93.6733 180.3714
 91.7233 179.8514
 91.8633 180.1214
 92.0233 180.6514
 92.1633 180.9514
 84.2433 179.7814
 83.8633 179.8514
 83.5833 180.1514
 83.3833 180.6814
 83.2933 181.2014
 83.3733 181.4314
 82.5533 181.1814
 81.7033 180.0914
 80.6633 179.8514
 75.1033 180.1714
 73.5233 179.8514
 70.5833 176.9414
 70.4933 176.3614
 69.9533 174.2314
 69.6133 173.4714
 69.9833 172.9714
 70.0933 172.5114
 70.1433 171.3614
 69.3333 172.0514
 68.5433 171.8714
 68.0533 171.0414
 68.1433 169.7814
 68.6833 168.7614
 69.3833 168.3914
 70.2133 168.5914
 71.1233 169.3014
 70.7133 167.6314
 68.2433 165.7914
 67.6533 164.2314
 67.9133 163.8614
 68.3933 163.4214
 68.6833 162.8514
 68.3634 162.1214
 67.6934 161.4614
 66.9234 160.8614
 66.0834 160.4214
 65.2133 160.2514
 63.8633 160.5814
 61.1633 162.0314
 59.5733 162.3614
 58.0133 162.0014
 55.2533 160.3014
 53.9333 159.7314
 53.2133 159.6714
 51.7233 159.7814
 51.0033 159.7314
 50.2133 159.4014
 48.5933 158.3714
 46.3533 157.7014
 37.9133 150.5914
 34.8433 148.9114
 31.8233 148.6314
 30.8933 150.1514
 33.7533 156.2114
 34.3133 159.2514
 32.6933 161.5014
 29.8433 161.9914
 26.6533 161.5114
 20.9733 159.8214
 18.2033 158.4914
 10.9833 153.6614
  8.1033 152.9514
  4.9933 153.0014
  1.9933 153.9414
  1.0133 154.7414
  0.4233 155.8314
  0.2533 157.1014
  0.5133 158.3914
  0.7533 158.8914
  1.1233 159.5214
  1.5733 160.0314
  2.0533 160.2214
  2.3933 160.0314
  2.6233 159.6314
  2.8133 159.1814
  3.0333 158.8114
  3.5533 158.4014
  4.1333 158.1614
  4.7633 158.0914
  5.4133 158.1514
  6.6333 158.6614
  7.4733 159.5414
  7.5133 160.5214
  6.3333 161.3514
  7.5533 162.0214
  8.6433 162.0214
  9.3233 161.2714
  9.3133 159.7314
 15.1733 162.8914
 20.3733 164.4314
 26.4633 167.1814
 30.3533 170.0214
 30.8933 170.3114
 31.8433 170.3914
 32.7133 170.2614
 33.1633 169.9114
 32.8433 169.3014
 35.0933 168.3014
 36.7633 168.7714
 38.3833 169.7714
 40.4833 170.3114
 41.5233 169.9914
 42.7333 169.2314
 43.7433 168.2814
 44.1633 167.4114
 44.5133 166.9614
 46.4533 168.3714
 47.5434 168.2014
 48.5634 172.4714
 47.7034 171.4914
 46.9534 170.1514
 46.1434 169.4314
 45.1434 170.3114
 44.7233 171.7814
 44.8134 172.9214
 44.5634 173.8114
 43.1534 174.5214
 43.8134 176.1714
 44.1634 176.6814
 42.8334 176.8314
 41.3934 177.3614
 40.0834 178.0714
 39.1934 178.7914
 38.6134 179.8814
 38.1434 181.1714
 37.4834 182.1814
 36.3034 182.4314
 37.0234 183.1014
 37.8234 184.3014
 38.4734 185.7114
 38.7534 186.9914
 38.8834 188.7914
 39.1934 190.4514
 40.2134 193.8514
 40.3934 194.0414
 41.4334 196.0114
 41.8034 196.2114
 42.5734 196.2914
 42.9234 196.5214
 43.2134 197.0114
 43.4934 197.9914
 43.6834 198.3614
 45.2034 200.6114
 46.2634 201.8114
 47.5434 202.6014
 47.5434 203.1714
 46.0734 203.1714
 47.3134 204.1814
 50.3734 204.7514
 51.7134 205.5314
 52.5634 206.7014
 53.4634 208.4314
 53.7934 210.1114
 52.9534 211.1014
 52.9534 211.6814
 53.7134 211.4514
 54.4234 211.1014
 55.4434 211.8814
 56.4134 212.0314
 57.2434 211.6014
 57.8434 210.6214
 58.4734 213.5214
 58.8634 214.2714
 59.5634 214.5614
 61.4134 214.7314
 61.7934 215.0914
 61.8434 215.8714
 62.0734 217.1914
 62.5834 218.1214
 63.5034 217.7414
 64.4534 217.1214
 65.2134 217.5214
 65.8934 218.3714
 66.6734 219.0914
 66.1334 219.9714
 65.3934 220.5214
 64.4434 220.7314
 63.2634 220.6214
 63.5834 221.2314
 64.1034 221.7714
 64.7534 222.1614
 65.4334 222.3114
 66.5834 221.8914
 67.2034 220.9414
 67.6734 220.0014
 68.3634 219.5714
 69.3234 219.7414
 70.1834 220.1614
 74.5334 223.3314
 75.5134 222.3114
 76.1934 223.9614
 77.2834 224.6814
 80.4034 224.9114
 81.5834 225.1414
 86.5134 227.6614
 88.9934 228.5514
 90.1634 228.6714
 90.9634 228.5314
 91.8634 228.1014
 92.6434 228.0914
 93.1434 228.2514
 94.1334 228.9014
 94.6534 229.1514
 94.6534 229.7314
 94.1334 229.4814
 93.6234 229.1514
 93.5334 229.4314
 93.5534 229.6114
 93.4934 229.6914
 93.1334 229.7314
 94.6634 230.7014
 96.2334 231.1714
 99.8034 231.3114
100.1034 231.7814
100.9934 234.2314
101.4534 234.4814
104.4134 234.5014
104.2334 233.9614
104.1234 233.7414
103.9234 233.4414
105.3234 233.1814
106.1634 233.9814
106.7334 235.1714
107.3534 236.0914
108.4134 236.5314
109.2334 236.2014
110.1034 235.5514
111.3034 235.0314
110.7934 234.2314
111.5734 234.4714
112.7134 235.1914
113.2934 235.8014
113.7234 237.0714
114.7934 238.7614
116.1334 240.2314
117.4234 240.8614
118.3934 241.1814
122.0834 243.5614
123.5334 244.1714
124.8634 244.2414
126.0234 243.8314
126.9734 242.9814
126.9734 242.5014
126.3134 242.0014
126.0334 241.0714
126.1734 239.9814
126.7234 239.0014
127.5934 238.6014
128.3334 239.0814
128.9534 239.8614
129.4534 240.3814
128.1534 241.4614
128.2334 242.4714
129.2834 243.3614
130.8734 244.0414
133.8534 244.6214
134.4134 244.9114
135.3434 245.5514
135.7634 245.6814
136.5034 245.5514

Isla_de_la_Juventud
25
204.9234 133.3414
204.9234 133.3414
203.3834 133.2814
203.0734 133.5014
203.9434 133.8214
205.3734 135.0214
206.1534 135.2514
206.8234 135.6614
207.3534 136.2614
207.7934 136.6114
209.8334 137.4114
210.6834 137.4414
211.4934 137.8314
212.1333 138.4714
212.3833 139.0114
212.4733 139.3514
212.5934 139.4614
213.1333 138.8514
213.1933 137.5014
211.9733 136.4714
209.1433 135.4114
207.0633 134.3614
206.5833 134.2314
206.2133 133.9814
205.9333 133.6514

Isla_de_la_Juventud
18
220.5433 138.8214
220.5433 138.8214
218.3033 136.9914
217.0533 136.9814
216.0833 137.9814
215.8533 139.0114
216.0533 138.8814
216.8133 138.0414
218.0033 138.1714
218.9633 138.9514
219.2533 139.4114
218.9733 139.4314
219.1833 139.5814
221.3233 140.5214
221.7933 140.6814
222.7633 140.8814
222.8533 140.4914
221.7933 139.6314

Isla_de_la_Juventud
24
252.9133 141.0114
252.9133 141.0114
247.2533 137.2114
245.0333 136.2414
242.6733 136.0214
242.6633 137.5114
243.3433 137.9114
245.3333 137.5914
246.1233 138.1614
246.7933 139.3014
247.4833 140.1814
248.2933 139.9314
249.2233 139.4914
250.2733 139.7714
251.1133 140.4014
251.4633 141.0114
251.9033 142.3314
252.9333 143.2714
255.1733 144.7114
255.7633 144.9414
256.1933 144.6214
256.3633 144.1414
256.1534 143.9014
255.8434 143.7214

Isla_de_la_Juventud
95
149.8033 161.4914
149.8033 161.4914
155.6333 160.0414
159.6433 158.9014
160.9133 158.3414
161.8833 157.4914
162.2733 156.2814
162.0233 154.8614
161.6433 153.9114
161.7133 153.0414
162.7633 151.7914
165.9733 149.1514
166.9334 149.2114
167.6434 148.8414
168.1234 147.9914
168.4834 147.0314
168.8634 146.3114
168.8734 145.7214
168.4934 144.8214
167.6834 143.3714
167.1534 143.3714
167.5333 142.7214
167.6534 142.0614
167.5134 141.4014
167.1534 140.7514
168.7734 139.7214
169.6234 139.3114
170.6134 139.1714
170.6134 138.6014
170.1034 137.6914
170.6834 136.7114
171.7134 135.8914
172.5634 135.4414
171.8434 134.2714
170.3734 132.6914
168.7134 131.3114
167.4234 130.7214
166.0834 130.4614
156.9434 125.8414
151.4834 123.8514
146.4234 123.2914
145.5734 123.6114
144.9234 124.3314
140.2434 124.4214
139.5534 124.6414
138.1534 125.2614
137.3133 125.4714
134.7434 125.4214
134.1034 125.7314
131.7634 128.8514
130.8734 129.6714
128.8634 131.0114
128.1234 131.8814
127.4634 133.3514
126.9734 135.4414
126.1634 137.3514
125.9934 138.1214
126.4834 138.1214
127.2734 137.3314
130.8734 134.6814
131.3434 133.6114
132.4734 132.6914
133.8534 132.0514
135.0534 131.8214
138.0033 131.8214
138.2434 132.1314
140.2434 133.8714
141.3734 134.6214
141.9234 135.1114
142.1534 135.7314
142.3833 135.6614
142.7434 135.2014
142.8234 134.4214
142.1534 133.3514
142.6434 132.8614
143.9334 135.2514
143.5734 136.1414
141.4434 136.4914
140.6034 137.3114
134.4634 148.1514
133.5934 151.2114
134.3434 154.5114
137.3734 156.9114
137.7634 157.9114
138.3834 158.7114
139.8234 159.7414
141.4534 160.5714
142.6434 160.8314
141.8534 161.2014
141.0734 161.3514
140.2434 161.3514
139.3833 161.7914
139.3434 161.9414
139.8034 162.1214
140.4733 162.6314

Isla_de_la_Juventud
8
168.1234 160.5814
168.1234 160.5814
166.1734 160.4914
164.1934 161.3614
163.4634 162.6814
165.1034 163.1014
167.7734 161.8814
168.9634 160.9514

Cienfuegos
265
324.4734 210.3914
324.4734 210.3914
326.2433 210.7414
326.8434 210.6214
327.1833 210.2014
327.1433 209.0814
327.0033 208.3514
326.6533 207.3214
326.5933 206.9814
326.6433 206.7714
326.7533 206.5914
327.0733 206.4914
327.4633 206.5014
328.2733 206.7814
328.7333 207.0114
329.5333 207.5414
329.8633 207.6714
330.2533 207.7014
330.8033 207.6814
331.1933 207.7014
331.4233 207.8314
331.5633 208.0414
332.1033 209.7614
332.3633 210.2714
332.6033 210.5614
332.8533 210.6614
333.2733 210.6714
334.2733 210.5814
334.7333 210.5814
335.1633 210.6614
335.3733 210.8014
335.7033 211.1814
335.8933 211.3314
336.0433 211.1014
336.1433 210.5914
336.1433 209.2214
336.0333 208.5714
335.8633 208.1914
335.6533 208.0814
335.3733 208.0014
335.1433 207.8914
334.9233 207.7014
334.9033 207.3014
334.9833 206.6214
335.7833 204.7514
336.0333 204.3514
337.3933 203.5814
337.6133 202.7914
337.3333 202.1214
337.2133 201.5614
337.2533 201.1214
337.5434 200.5614
338.0533 200.2914
338.3233 199.9914
338.5233 199.6614
338.2933 198.6414
336.9333 197.1514
336.9633 196.3214
337.2133 195.8214
337.6533 195.2114
340.2533 192.6614
341.1333 192.2014
341.6433 192.1014
342.1533 192.1414
343.2233 192.4714
343.5933 192.5114
343.8933 192.4414
344.0633 192.3014
344.1833 192.0214
344.4133 190.2914
344.6033 189.5914
345.0033 188.7114
345.6233 187.5614
346.5033 186.4014
348.3033 185.5714
347.5233 183.0814
347.2633 182.6314
346.9834 181.9914
346.9034 181.2914
347.1733 178.3014
347.1233 176.7814
347.1733 176.1314
347.9233 173.0714
348.2934 172.0214
348.7734 171.0714
350.1133 169.9514
350.4933 169.4214
350.6733 168.7914
350.7934 166.7414
350.7433 165.5814
350.8534 164.8514
351.0934 164.1814
352.5434 163.0714
352.6534 162.9114
352.5934 161.8614
350.0134 159.1814
348.0734 157.6114
347.5834 157.0714
347.3234 156.6914
347.2434 156.3014
347.0834 153.1014
347.0834 153.0914
346.8134 153.1414
343.8734 154.2614
340.8534 154.9214
338.7434 156.6914
335.0034 157.8914
332.8034 159.7914
324.9934 168.2014
324.8534 168.5414
324.8534 168.9414
324.8034 169.3714
324.5034 169.7814
324.1934 169.8414
323.3234 169.7014
323.0334 169.7814
322.2634 170.4814
322.0434 170.9714
322.0533 171.8914
323.0733 171.6914
324.3133 171.7514
325.5434 172.1314
326.5033 172.9514
325.4033 172.6614
324.9933 172.4714
325.2833 173.1414
325.6833 173.7914
325.9733 174.4314
325.9633 175.0614
325.3933 175.2914
324.5333 175.0614
323.8833 175.1014
323.9733 176.1114
322.5633 176.1114
321.6533 176.6714
321.5733 177.6214
322.5933 178.7914
320.8833 179.8514
320.2133 180.5114
319.6633 181.4314
319.1733 180.6414
318.2933 180.3614
317.2333 180.4914
316.2033 180.9514
315.8133 179.3014
316.4833 178.2514
318.6433 176.6814
319.6933 175.2414
320.6333 173.4814
321.0733 171.6014
320.6333 169.7814
317.5633 170.9514
311.8733 170.7914
311.8633 170.7914
311.3334 171.6414
311.1834 172.1214
311.0534 172.9914
311.0234 174.3414
310.9534 174.7414
310.8034 175.0914
310.6034 175.4014
310.0934 175.9614
309.6234 176.1414
308.8534 176.2014
307.3534 176.0114
306.3334 175.7414
305.6734 175.7014
305.3334 175.8414
304.8734 176.3014
304.5034 176.4614
303.8434 176.4514
303.3134 176.3614
302.1734 176.3214
301.8934 176.2214
301.6934 176.0514
301.5034 175.8214
301.2934 175.6314
301.0334 175.6314
300.5134 175.8314
299.5234 176.4414
297.0334 177.4714
294.7834 178.7614
294.0134 179.9514
293.1334 180.8014
290.1134 182.9314
290.4134 184.3714
290.3434 185.0114
290.2434 185.3014
290.2034 185.6514
290.1334 185.8314
289.9834 185.9114
289.6934 185.9214
288.5434 185.7814
288.2434 185.8714
288.0434 186.0214
287.9134 186.2814
287.8034 186.6814
287.7234 187.3814
287.7934 187.9614
287.9434 188.6314
288.3234 189.7114
288.4134 190.3214
288.4134 190.7214
288.1934 191.2314
288.1034 191.5414
288.1934 191.9514
288.4134 192.4014
288.9734 193.2414
289.0634 193.6414
288.9734 193.9614
288.7234 194.1114
288.5034 194.1914
288.3034 194.2014
288.0734 194.1214
287.7434 193.9614
287.3934 193.8414
287.1134 193.8214
286.9334 193.8614
286.8634 194.0214
287.0234 194.4214
288.1334 196.2414
288.3834 196.7714
288.8334 198.0414
288.8734 198.3614
288.7634 198.5414
288.4834 198.6714
288.1134 198.7414
287.9034 198.8514
287.8834 198.9914
288.4234 199.6414
289.2834 200.2614
289.6634 200.6114
289.8834 200.8614
290.7234 201.6714
291.1634 201.9514
292.6734 202.6614
293.5334 203.2014
293.8134 203.4314
294.4334 203.8614
294.9934 203.9614
295.7834 203.9314
299.3934 202.9714
299.9234 202.9414
301.6034 203.0814
308.2034 202.3714
308.8934 202.1314
309.2434 202.0914
309.7034 202.1114
311.2834 202.8614
311.7734 203.0314
312.2134 203.1314
312.8134 203.2014
313.1034 203.2614
313.4234 203.5914
313.8834 204.2314
315.4534 207.2014
315.7034 207.5114
317.1434 208.5014
320.1134 210.2414
320.9834 211.2514
321.1834 211.5514
321.4534 211.8014
321.7934 211.9914
322.3934 211.9414
322.7634 211.8114

