981 793

Hovedstaden
84
927.8775 177.2193
927.7475 175.8593
930.0975 174.5893
930.0475 174.0093
931.6075 172.7493
934.1475 166.8893
935.8575 165.6293
937.4175 165.5193
938.3775 164.2093
941.1675 163.1793
942.3975 160.9493
947.6175 158.8493
949.5175 156.9593
950.6275 156.4793
954.1875 157.7893
955.4275 156.5993
956.9275 152.6893
961.3175 148.5093
964.2475 147.3193
966.6875 144.6993
970.6875 142.1893
974.3675 141.1593
974.8275 140.4493
977.4775 140.6293
978.4975 139.8393
978.5975 138.2393
979.7775 138.0493
979.4775 136.5893
979.9475 135.5493
978.8375 134.8793
978.2775 133.0993
978.5075 131.8293
978.6375 130.5893
980.0775 127.9193
979.6475 127.3493
980.1975 125.8793
979.3275 123.9893
977.5375 122.3593
977.7975 120.5493
977.6175 119.5493
976.1675 119.3793
975.6175 117.0593
973.6575 115.2893
974.0675 113.6293
975.2475 112.2893
974.6275 110.7493
975.1075 109.2993
973.1775 107.7493
969.8975 103.0693
968.4375 102.7993
964.6275 104.3793
961.4075 104.5493
953.3875 106.7793
949.4275 109.4693
947.9475 109.3793
942.5975 113.4793
936.8275 116.0193
935.2275 115.6993
930.0375 118.8093
927.5575 118.4593
923.1375 121.1293
920.3375 124.9193
918.3675 125.4093
917.0275 127.1493
915.7475 127.7593
915.9775 128.2693
916.7075 128.8193
916.0975 129.8893
914.5175 129.2893
915.1075 130.7393
916.8575 131.6193
917.2475 133.3493
916.7675 135.2093
917.8975 137.2893
917.7175 147.0193
916.9975 150.0793
917.5475 150.9593
917.1175 153.2093
918.5575 159.6193
924.2175 170.6193
924.8875 172.8693
924.1475 173.8993
924.0975 175.2393
927.0775 178.1093

Hovedstaden
30
645.5875 258.2393
644.8175 260.8993
645.5575 261.2693
645.0475 262.2393
645.1675 262.6993
645.6275 262.9893
645.6175 265.2893
646.3875 266.1193
646.0475 266.9893
646.4575 267.8193
647.2075 267.8193
648.8875 268.0093
649.6275 269.1393
650.7375 267.7793
651.1075 266.2093
651.2975 261.4193
651.7975 261.0493
651.6275 256.9793
652.5375 256.3393
651.8575 255.2293
653.1875 253.8693
651.4775 252.8993
648.9975 252.9093
648.5875 254.8093
647.5275 255.5693
647.6175 256.5593
646.0875 256.1293
645.5275 257.2393
646.1175 256.9893
646.2075 257.8793

Hovedstaden
51
628.2275 272.6793
630.8875 273.5093
631.3075 272.8293
629.2175 271.1893
630.5775 268.7493
630.9675 268.9793
629.7875 271.0593
631.2575 272.1693
631.7575 271.0393
630.8675 269.9093
632.5375 270.7593
633.1075 269.8493
631.7275 268.0493
631.0475 268.8493
630.5975 268.6193
630.8175 267.0193
632.1475 263.8693
633.0675 263.0393
633.0675 261.7293
634.2575 260.5993
633.8975 259.6793
636.8375 259.3693
637.5575 258.4193
637.6275 254.6793
636.0275 252.4393
636.7275 249.8393
637.7175 249.4793
637.0075 249.0393
637.4475 248.5993
635.2375 247.0093
630.7975 245.6893
628.8575 243.0993
625.2475 240.3193
621.3675 241.6293
620.4175 245.1193
618.1975 244.6293
616.4375 245.6293
614.2275 249.9293
613.7775 253.4493
617.3675 258.9393
619.7875 261.2893
621.9775 266.3293
623.5775 268.4793
625.8575 270.4593
626.6075 271.9193
627.0175 271.9193
627.1475 273.1693
627.3075 273.6393
627.5075 275.1693
629.8175 275.2093
630.2975 274.3893

Hovedstaden
66
541.2675 328.2893
542.4575 328.0593
543.8475 328.7293
546.6175 326.7793
546.9375 325.0493
544.8175 322.5393
544.4375 321.1093
543.4575 320.5093
542.9775 315.9193
543.5175 314.7293
547.4575 312.9593
548.3775 309.6093
548.6475 304.1593
550.6075 302.7793
549.0375 301.9293
548.9575 300.1293
549.3675 299.4093
550.3975 299.6393
551.4275 299.7093
550.6275 296.5593
552.6275 292.1693
552.1375 290.6293
550.9975 289.7193
551.1675 289.0293
552.1175 288.7493
551.6875 287.9893
551.8475 285.6693
552.3475 285.2093
551.9675 283.1593
551.0275 284.0393
549.8575 283.9593
548.8675 283.0293
547.9675 282.6793
546.8775 282.5893
545.2875 281.1893
544.3275 281.3993
544.2375 284.2893
542.8175 283.5993
542.0575 285.7693
540.7375 283.1893
540.7375 283.1893
533.9275 286.9093
530.2075 283.4893
526.1575 285.0793
526.1575 285.0793
523.5375 284.7493
523.4475 288.6093
522.6675 288.2993
522.0275 289.5693
522.9875 289.4193
523.7275 291.0793
524.5875 299.4393
526.5675 300.7093
526.4475 303.7793
531.3375 305.3693
532.4875 304.4193
535.2075 305.6393
536.2975 307.1893
537.8475 312.9993
535.7675 317.8093
534.1775 318.6493
533.5775 320.2293
533.8375 322.9093
529.8075 329.4293
530.3175 334.2493
538.4375 332.2293

Hovedstaden
164
586.2075 380.6593
588.7175 379.6693
591.6375 379.2493
596.6275 374.6793
599.9575 374.2393
603.4975 372.6693
606.4775 373.0593
612.2575 372.2093
618.0075 369.3593
627.1975 360.4693
629.6875 359.3193
629.4075 358.7493
628.3675 358.8993
628.5175 357.5593
627.4275 356.4593
625.9075 352.8093
621.3675 348.4893
618.7875 342.8493
616.3475 334.8593
615.6575 333.6193
615.6975 332.0593
614.9175 330.3993
618.4375 321.8393
618.8175 320.5493
622.5475 312.1893
623.2175 303.2693
624.5775 301.3593
625.7875 297.4793
625.2975 294.1193
626.5175 290.4493
623.6375 283.7193
624.6775 282.5093
624.3175 281.9793
624.1975 279.6993
625.0575 278.9493
625.7575 280.6493
626.3875 280.8593
626.6875 282.1193
629.5675 280.1793
628.8275 279.6093
629.3675 279.3493
627.9675 278.1993
625.8375 278.9093
625.7375 278.3093
626.6775 277.5993
625.2475 277.3293
625.5775 276.5793
625.6675 274.8193
626.2075 274.7893
626.4675 273.5993
625.5375 270.7093
621.1875 266.8393
621.3575 266.0793
621.2575 265.8293
620.6375 264.3493
619.8975 262.9993
619.0675 263.9393
618.5275 263.5593
618.6875 262.5593
619.1575 263.0193
619.8875 262.6593
619.1175 261.4393
618.8975 260.9593
616.8575 259.1493
616.9075 260.6393
613.8075 259.7793
613.4375 260.1393
611.6875 256.1693
612.2475 255.1393
613.0475 254.9493
611.2675 251.4893
605.3575 252.3793
604.9975 253.6293
604.8875 254.1393
600.3575 254.5493
598.7375 254.0993
598.8175 254.7093
600.0575 254.9193
604.8375 254.3393
604.5275 255.0793
598.9875 255.3193
598.3775 254.0593
598.0175 254.8593
596.3975 254.4793
595.6175 253.5793
595.7675 253.2193
596.4375 253.8293
596.7875 253.5893
597.3875 253.9693
597.5575 253.1793
598.3475 253.4993
598.6775 252.8893
593.6375 249.8893
593.6375 249.8893
592.7175 250.6993
592.7175 250.6993
592.5275 250.9293
592.5275 250.9293
590.0275 253.2693
582.9375 255.5293
581.5875 256.7593
577.0075 254.7393
575.8975 256.4893
573.1575 255.6593
572.3675 252.4493
565.4775 254.4693
566.4675 259.6993
565.1275 259.6293
565.2675 263.3893
564.1975 268.7093
569.0475 272.9193
572.7275 272.6693
578.0875 277.8593
573.0575 282.3693
574.1975 285.4493
574.8275 285.6493
572.2675 288.2193
566.4975 287.3093
564.0975 289.6493
561.1675 290.9693
558.4275 294.1393
555.7475 295.6493
555.7475 295.6493
553.5575 297.0493
554.2275 300.1593
552.8375 302.4493
552.1175 307.2993
551.3475 307.1393
550.4275 308.8293
550.7775 309.2993
550.3775 310.6893
549.1975 311.1493
549.8375 314.5793
552.2875 315.0893
552.6375 319.3993
551.0875 321.3993
549.8275 324.9393
550.0575 328.5093
548.8575 332.2393
546.5375 336.4393
545.8875 339.6593
544.9375 339.5293
543.9875 339.8593
543.0075 340.7893
541.8775 340.9793
540.1775 341.4193
536.3975 339.3193
535.6575 338.0493
534.1475 337.2293
528.2575 335.2193
525.5575 336.0193
524.8775 335.9093
524.8275 335.1893
523.1175 336.2693
521.7475 341.4293
523.4075 343.8193
528.5775 346.6193
544.6075 357.2593
552.0175 364.2393
568.2175 376.3193
570.5475 377.5693
583.1175 381.5493
584.5875 381.1893
586.2475 381.5993

Midtjylland
16
312.0275 292.9393
311.2175 287.4693
310.8175 286.7193
309.1675 286.0193
305.5075 287.6393
300.8175 287.3293
299.1375 288.5393
299.1075 289.4593
301.0575 290.9693
304.5775 290.3493
308.1875 291.3493
307.7475 292.9693
308.9975 294.9293
308.6975 296.0493
309.7175 298.8693
311.1175 296.3293

Midtjylland
9
278.9175 307.6693
279.8175 307.6193
280.6975 306.5393
279.4675 305.0993
278.0475 304.6593
276.9475 304.7993
275.4375 305.8293
274.5575 307.8893
276.8675 308.9393

Midtjylland
6
 26.5675 322.6493
 27.5975 321.5093
 27.3675 320.9693
 26.1475 321.6793
 24.7775 321.5793
 24.9675 323.1893

Midtjylland
8
329.4575 336.8793
327.2775 335.6693
325.9975 335.9893
323.8975 337.5393
322.3375 339.6793
323.4975 339.9693
330.6475 337.7893
329.4575 337.3893

Midtjylland
31
  8.3075 350.1393
  8.7275 349.8793
  8.3375 349.1493
  8.7575 346.4493
 10.3075 344.2493
 10.0075 343.2593
 11.3475 340.5993
 11.5575 338.8093
 13.5675 337.2493
 13.4175 335.8093
 13.3775 334.9593
 13.0775 331.8993
 14.0675 331.0393
 13.8075 328.8393
 14.1675 327.8193
 14.0275 326.1393
 13.4275 325.3893
 15.2575 320.6793
 14.6475 318.5493
 15.4275 317.1593
 17.0575 316.0893
 13.9675 311.3193
 14.1875 306.5993
 16.1175 304.6393
 16.1175 304.6393
 13.5175 304.1593
 13.5175 304.1593
 11.1875 319.0593
  9.1775 338.7693
  8.0275 344.3893
  5.9275 349.3893

Midtjylland
45
347.1775 336.2493
350.3775 332.1093
352.2475 331.0993
356.8275 329.0293
356.8875 328.5493
355.6875 327.5893
353.7975 328.4593
352.0775 328.1793
350.9875 326.8393
352.0975 322.9593
353.8275 322.3993
353.1775 321.3193
354.1375 319.5693
355.1475 319.0993
355.7575 318.6293
360.3775 320.9393
360.6275 317.8293
357.8175 315.1293
355.3575 309.6193
354.8875 304.7393
355.7075 302.7593
355.5675 299.6593
354.5175 296.4193
353.2375 294.6693
352.5475 291.6793
346.9075 293.0093
342.9475 292.7793
340.9875 294.9693
339.6975 299.0693
339.3275 306.1293
339.9375 313.0593
342.5375 316.0393
346.4275 316.3693
347.3675 317.2693
348.7275 320.4093
349.7075 326.5993
348.8775 329.5693
346.6975 332.4193
343.6775 334.3393
340.7775 333.9393
339.8275 335.4993
338.7275 340.9693
338.8975 344.4693
344.3775 350.2693
345.6975 339.8593

Midtjylland
17
 80.5875 494.3893
 79.8575 493.2793
 79.1775 493.7693
 78.3475 493.3993
 78.5875 492.1593
 79.9175 491.4993
 77.4375 487.2193
 77.0375 484.3693
 77.8575 482.7793
 77.8575 480.1093
 75.5675 477.5393
 75.1175 477.8093
 76.9575 480.1093
 75.7575 482.4693
 75.7975 484.3793
 74.5075 487.3793
 78.2775 494.1693

Midtjylland
65
 70.5275 521.1793
 71.6275 519.0293
 70.2575 517.7093
 69.6075 514.0893
 68.6875 512.6693
 70.6975 509.4593
 72.2475 508.8093
 73.0075 509.9393
 72.6375 511.5593
 70.7875 512.3193
 71.2875 512.5693
 71.6875 514.6893
 73.1775 514.2993
 74.4975 514.9193
 77.1075 513.6893
 78.5775 514.3993
 78.0975 512.4093
 76.8775 510.6393
 77.8875 509.0293
 77.1575 506.1793
 78.2675 504.0993
 74.3775 507.9093
 72.2875 508.1393
 72.4475 505.0093
 71.7775 500.1793
 71.1375 499.1693
 65.9175 498.9993
 63.2275 497.2293
 63.3375 495.5593
 65.9575 494.5293
 66.9275 493.7293
 66.4175 493.3993
 62.9775 494.1293
 62.0975 495.7293
 61.0875 496.2593
 60.5675 498.9393
 59.3175 500.2293
 57.9475 505.8193
 56.6775 507.4893
 54.7475 508.5493
 53.3475 510.8093
 51.1075 512.4093
 48.8275 515.0893
 45.7475 516.6193
 45.7475 516.6193
 45.9075 517.9893
 45.9075 517.9893
 47.1575 517.7493
 47.5675 516.7693
 48.7375 516.6593
 51.2875 519.1193
 54.8175 520.2893
 56.9275 519.7493
 55.8175 519.7393
 55.7475 518.3293
 56.7275 517.0093
 58.7875 515.6593
 59.9675 515.7693
 62.8675 517.6593
 64.4375 519.8693
 66.1275 519.7693
 66.8975 521.0993
 69.2675 520.3293
 69.9975 521.8293
 70.4875 521.8593

Midtjylland
12
494.9375 533.5893
496.7575 533.1293
490.3675 528.5693
486.1475 522.6293
484.5875 521.4093
481.5275 520.8593
479.5875 521.3593
477.3775 525.9093
476.0875 527.9693
475.3375 528.2493
478.7075 530.6893
483.1375 529.8593

Midtjylland
906
137.4675 549.9793
143.8275 545.6593
143.0775 543.8093
143.5775 541.5293
146.4075 534.2293
151.9875 527.5793
152.4675 526.1193
148.5775 523.7693
146.8475 521.6393
144.9175 518.4893
144.5375 515.7693
141.6875 516.0093
142.0775 510.7993
142.7975 509.8593
140.8175 510.2193
139.7975 509.6793
135.7975 505.7693
134.5475 501.7293
134.1375 497.2093
134.4375 495.2893
135.3375 492.9793
135.8575 491.4793
135.4675 490.6593
136.0775 489.6593
135.1575 489.2993
136.2275 488.0293
138.7875 488.0493
140.9675 491.1493
141.6675 493.6293
140.6375 496.2893
141.4075 499.6393
144.1575 500.8893
145.3875 499.1593
146.9775 498.8393
149.2075 501.3693
149.2275 503.6193
145.7475 502.9193
143.5075 503.9893
147.2875 507.3793
149.2075 512.7493
149.8675 511.8993
149.8275 510.2893
149.1575 509.6093
149.0375 507.7793
150.2175 505.4793
151.8675 504.3193
153.9375 504.1593
157.3775 506.4093
159.2775 505.7193
164.7675 505.9993
163.9375 505.6393
164.5475 504.6593
165.8675 505.2693
167.5975 504.4293
169.0875 501.2193
168.4075 501.2693
167.9875 500.0093
168.3575 499.5093
164.4275 496.8193
163.7575 497.1693
163.4775 494.5893
162.1775 492.3793
163.5375 491.7693
164.2675 487.7893
166.2075 484.9293
169.1375 482.2793
170.9175 482.2293
169.8375 480.7693
169.7575 478.9793
170.7675 479.2893
170.7075 480.1393
174.8075 484.0393
177.2175 483.3693
178.5275 482.3493
179.3975 482.6593
178.8375 486.7493
179.1675 489.3193
180.0675 490.5293
179.1475 490.8693
177.7175 490.4193
175.0575 488.2893
170.9775 486.8393
169.2575 487.1393
167.9175 489.8993
169.3675 497.8193
169.4475 499.3893
168.6075 500.3093
170.0475 500.9493
171.2375 502.9793
171.6975 505.1493
171.3675 507.4993
172.5275 508.9293
173.1675 511.9993
172.4275 517.0093
172.4275 517.0093
177.1975 516.8093
178.7575 514.6093
182.9975 515.2993
182.8375 512.3093
187.7975 508.7793
191.2275 508.1493
194.2275 517.6193
196.3475 517.7793
196.7675 519.5693
200.8975 519.1293
201.4175 518.8093
200.5475 516.8693
201.1375 516.3293
201.9675 516.7193
202.1475 515.6093
202.6975 515.7293
203.1475 514.7893
201.3475 513.0893
201.7375 511.6393
206.8375 511.0293
206.2775 507.6693
210.8575 506.1093
214.8275 506.8793
221.0075 505.9993
221.7675 502.4593
217.3975 500.9693
217.2675 493.8293
221.9375 496.3793
226.8775 495.1293
232.0975 487.6793
238.3375 489.2393
243.4575 486.4393
249.8475 487.8493
250.3275 491.2893
251.1575 492.4093
253.2875 492.2493
259.5175 494.1193
260.9775 498.0393
263.6475 496.6093
272.3975 499.2893
278.6875 503.6593
282.6275 504.8193
283.8275 508.0693
283.6475 510.4993
288.5175 511.9493
288.2875 515.0693
293.8175 518.5893
293.4675 520.0793
293.4675 520.0793
294.9575 519.4493
301.4075 523.5393
303.5075 523.5893
305.9175 522.3293
308.3275 523.2093
309.4175 524.2593
313.4175 524.3593
315.4175 522.1893
316.8175 514.3693
315.2875 514.2093
314.9875 513.4593
316.4275 510.3293
316.2775 508.6693
314.1075 504.6893
307.8375 501.1993
305.6675 496.7193
303.1975 495.9293
300.6875 493.3793
300.2675 491.0593
299.1775 488.5293
298.3375 487.5193
297.1675 487.6093
296.3275 484.5993
298.0875 474.7193
296.0775 467.9493
295.2575 467.3593
291.9075 466.9393
284.3775 463.5493
283.0675 464.0293
282.7175 465.4993
278.7175 465.9493
276.8975 465.4493
277.0775 464.9493
274.0775 464.5893
272.4075 463.4093
271.4475 462.9993
265.8575 463.3493
262.7475 460.3893
263.7275 460.6993
264.9875 462.1793
266.0075 463.1893
271.5075 462.6993
275.6675 464.4793
278.9875 465.0493
282.0475 464.1893
284.8475 462.9893
292.3775 466.6593
294.0775 466.6993
296.9675 467.6293
301.1575 465.8793
307.3175 466.2993
307.0275 466.7593
303.4175 467.1993
301.1975 466.9293
299.7175 467.5393
298.8375 468.9393
298.7275 470.3093
298.9475 474.2693
298.8575 475.0993
298.9875 478.1293
298.4875 479.0593
299.2975 484.3193
300.0975 485.9793
301.5875 486.7593
301.6375 488.7493
304.4075 493.0793
306.3775 494.1193
308.4975 496.8193
308.4675 500.7993
309.6075 500.6293
310.6875 499.2193
311.8575 499.2093
314.1075 497.8793
314.5775 493.3293
315.5575 491.0193
318.9175 486.0593
322.7875 482.2293
325.7675 480.2093
336.8575 477.1693
344.1175 477.5393
359.5075 481.3593
365.5575 481.6293
369.2475 482.1393
372.8075 483.4293
376.7875 483.2893
378.8575 482.2193
382.4175 481.5893
385.8375 478.3293
388.0275 470.6893
391.0375 469.1193
393.3175 466.8093
394.6375 466.4093
398.0875 463.0093
398.4675 460.9193
399.2175 460.1793
398.7875 458.1293
397.3975 458.1693
396.0275 457.0393
394.6475 453.9993
395.2175 453.4093
394.8375 451.4893
394.9775 450.7893
393.9975 450.0593
394.1175 447.0793
393.1975 443.6393
393.1675 434.8793
387.3375 426.8193
386.1075 423.9893
382.7975 421.8993
381.7275 420.3593
378.8775 413.3393
376.1575 410.0993
372.8375 409.0693
370.5775 406.9593
368.9375 403.9893
368.2275 400.7693
369.0175 394.2093
365.4675 384.7493
361.9975 384.5893
360.7475 385.7493
360.4275 388.0093
359.2875 388.7593
355.9075 391.5893
354.8675 393.9693
354.8375 395.9793
355.6175 396.1993
357.2975 394.9693
358.5275 395.4793
359.2575 396.6093
359.1275 397.8593
360.3475 400.1693
359.9375 402.5093
358.5175 404.6493
357.3275 405.5493
351.6975 406.1293
349.8475 405.6993
347.7275 404.0193
346.3875 401.1393
346.4875 399.8293
344.4975 398.4193
341.7775 394.5593
340.4375 390.2193
341.8375 387.2493
343.0575 386.1393
343.9875 380.3493
343.7375 377.6393
342.0975 374.8293
337.5875 372.9993
333.2375 384.1693
334.5875 385.7593
338.1575 385.4793
339.7975 391.1693
338.6875 392.3193
336.4775 391.6993
336.6075 391.1493
334.7675 391.8093
331.5775 394.1893
329.3675 394.5793
327.2075 393.5393
326.6975 391.6693
324.6975 389.7693
321.2075 389.7493
318.9675 391.3393
318.1075 395.6493
316.2075 397.2593
314.9075 397.0593
314.5875 397.6193
314.9375 399.4293
316.4475 398.8593
322.9075 400.9693
323.6475 402.1493
323.3075 403.4493
324.2775 403.9893
325.6275 403.5693
325.7575 404.2493
327.5475 403.9393
325.4875 401.4393
326.7775 399.4993
329.2375 399.1993
330.0475 398.4593
331.1475 398.9393
333.1975 400.8993
331.4675 404.2693
331.8675 405.4093
331.2975 406.2693
330.0675 406.5493
328.7775 405.0693
328.5375 406.0793
330.8675 409.1893
332.4275 410.1393
333.5875 412.0993
333.7975 414.0493
334.7775 414.5593
336.8775 414.3493
337.0575 415.4293
336.1275 416.3693
336.5975 417.6593
333.2175 419.6193
332.1575 417.1693
331.1875 417.4893
332.3375 418.9993
330.1875 419.0693
329.4975 419.6893
329.8875 422.2293
329.3875 422.7393
328.3875 421.7393
325.9275 422.8293
324.2975 421.3593
324.4475 421.7293
323.3075 422.1493
322.3075 421.6993
320.6975 422.1093
319.6375 421.2893
319.4575 420.3193
320.5575 418.5293
318.6975 416.4193
316.7175 416.9393
314.5275 414.6893
314.6675 411.9993
315.5475 410.9793
314.2475 409.8493
313.6075 410.5093
313.3675 407.6993
309.0275 405.4493
306.3375 401.3293
305.5575 399.0693
302.4975 397.7593
300.2575 395.7893
298.1375 391.2193
298.8775 390.4993
296.9575 388.5493
296.5075 388.9193
296.4375 387.1893
298.2775 388.5793
297.0775 384.6093
300.2075 386.3993
300.6775 387.2193
300.0375 387.7693
300.8475 388.7293
301.4475 387.6793
301.0475 387.2893
301.4875 386.5693
298.2075 384.0393
296.2975 383.9793
295.6975 383.1093
296.3875 381.3293
298.2075 379.2993
299.6675 374.8693
301.0875 372.6293
302.6675 364.7793
304.2475 361.4493
304.2575 359.6193
303.7475 355.6093
302.1875 354.8093
301.9975 356.0793
300.6175 355.6493
298.2475 352.6393
296.3775 351.8693
297.1575 351.3093
299.7175 351.9493
301.4775 354.7993
302.3375 354.5493
303.0675 355.1893
304.8275 355.3293
305.7175 354.5893
304.1775 353.1093
301.8375 347.7993
301.7375 344.5093
303.5975 339.1593
302.4275 332.1893
302.4175 327.5693
299.6975 326.7593
295.4975 321.6093
293.3775 321.3793
293.6575 317.6093
294.8575 316.1393
295.1175 314.7993
294.7675 314.5393
293.4075 313.1093
294.2475 310.4393
293.4575 309.4193
288.8275 311.6293
286.4675 314.3693
286.0375 315.4493
286.7675 318.2593
285.1875 320.1593
284.6575 318.7193
283.2475 317.6793
282.7975 316.0093
283.4575 315.6293
283.2975 314.9793
281.2175 315.4093
278.0575 312.2893
274.2675 311.9193
272.1275 310.7593
271.9275 312.9493
274.9075 317.3693
282.5475 316.0193
283.0575 317.7493
282.2175 318.9393
282.0575 320.5393
276.7075 320.9193
275.4775 319.8393
271.8675 318.8693
269.0775 318.7793
266.5875 320.0093
263.2775 319.9193
262.4375 319.7193
261.5475 316.7393
262.2575 315.8993
262.1875 314.7393
257.4975 315.3693
255.2075 314.4793
251.9075 317.4393
252.0875 318.6893
253.2775 318.8093
252.8375 319.3593
250.3175 319.9493
249.0075 319.1693
248.4175 319.8893
246.6175 319.9093
246.8175 318.9093
249.2475 318.2393
251.6975 318.8093
251.5075 317.8493
252.3675 316.1593
250.3075 315.5893
249.4775 314.2093
249.5075 313.2193
249.9175 311.9393
250.2875 311.7193
251.8875 310.6793
259.4275 308.3593
262.4575 308.1093
263.3275 307.2593
266.7875 306.4493
267.9375 306.6493
269.5275 308.8093
269.9375 307.9093
269.0475 306.8193
269.7475 306.3693
268.7575 304.5193
271.0475 306.0393
273.7775 306.0293
274.1875 305.5493
274.1975 304.2993
275.9475 302.2593
269.5575 295.4893
269.0575 294.2493
269.2275 291.8093
270.3075 290.0993
277.4775 288.6693
278.1975 286.8693
274.2775 286.9393
271.8375 284.1993
269.1075 283.8793
266.9875 282.5793
266.7875 280.3593
269.0175 279.1193
269.4775 279.5693
270.9375 274.9293
268.5675 276.0993
263.4375 274.5793
255.9275 274.0193
250.4875 272.4893
247.8175 271.2593
245.4675 269.2393
241.7775 268.1393
240.2875 270.3593
236.8475 271.2393
231.7175 270.9693
227.9675 275.0693
227.4375 276.3993
225.2375 276.4993
224.4275 277.5093
221.4275 278.7293
221.4275 278.7293
223.1575 284.5493
222.7475 287.8793
218.6575 290.3593
218.0875 288.9593
214.8675 290.0393
211.7675 288.4993
209.3775 291.4593
211.0175 293.6393
209.4975 295.6993
208.6375 294.0793
203.0775 293.7193
203.3075 296.2593
200.4475 296.7693
198.6375 302.7993
198.1675 306.9193
195.2875 306.9893
195.3475 308.3093
190.3575 308.7993
191.5075 312.5693
189.3675 313.4993
192.1375 315.4893
181.9375 329.5793
182.3475 329.8093
181.8975 331.1593
181.8975 331.1593
181.9475 331.6793
176.7275 334.5093
176.2275 333.8293
176.2275 333.8293
176.2475 333.7593
176.2475 333.7593
175.5775 333.3593
175.5775 333.3593
175.0675 332.8193
175.0675 332.8193
172.8575 333.3893
171.3775 334.4893
170.4975 333.9593
170.4975 333.9593
167.3375 334.2993
164.0775 338.0493
158.8475 338.3493
155.4975 332.4393
155.5775 328.9893
149.2475 320.8093
144.7675 317.2993
141.9675 319.2493
140.2475 316.7193
138.3075 311.1893
136.6375 312.7193
134.9075 309.2093
132.6675 310.2293
129.8075 307.7893
122.6875 311.4493
123.7575 321.1293
112.1275 323.7993
111.7975 323.3193
109.8575 323.7193
108.5375 319.9893
106.3275 320.3693
104.0475 311.9293
100.0775 309.5493
104.5475 305.0293
 95.1675 301.7593
 90.1175 303.6693
 88.1275 309.5493
 83.7275 312.1393
 72.2175 308.8393
 69.0175 311.9793
 63.8175 310.3793
 65.7575 305.7493
 64.4475 303.4693
 61.1175 302.7793
 61.2875 297.1993
 58.6275 294.5493
 52.3575 294.4693
 51.1575 297.3293
 47.6175 299.1393
 48.8575 300.0193
 42.7575 300.6293
 38.7175 305.7293
 34.7075 300.4893
 29.4975 300.6093
 28.7775 299.6093
 27.7075 299.5493
 24.0375 303.0893
 21.1575 304.6593
 21.2775 306.7693
 16.3975 308.0793
 15.0875 307.7693
 15.0875 307.7693
 16.0875 311.6493
 15.6675 311.6693
 15.8475 312.7293
 17.4775 313.0993
 19.1175 315.6093
 18.6775 316.3093
 18.4875 316.9393
 18.9475 317.8593
 17.1475 319.4993
 17.5975 320.0993
 18.1175 319.7093
 19.6075 320.0693
 18.5975 321.7693
 19.1175 322.2193
 18.6575 323.4793
 19.4375 324.1993
 22.3075 323.6693
 22.3675 322.5493
 21.0575 322.6793
 22.7675 320.4893
 22.5375 320.0593
 23.8675 319.1893
 24.5775 319.3693
 24.5375 320.5493
 26.0075 320.9393
 27.1175 320.3793
 27.5475 320.8393
 28.8775 319.5793
 26.2575 316.5493
 26.6275 313.6593
 25.9075 311.7593
 27.5475 310.5593
 28.3275 312.3693
 28.9975 312.6593
 31.2575 313.8993
 32.0675 315.0393
 35.4775 317.2593
 36.4175 319.2093
 39.5975 322.8393
 42.9475 325.3093
 43.2775 326.1793
 42.6775 328.1193
 41.3775 329.3193
 42.2875 330.4593
 42.1375 332.1193
 42.1975 334.3093
 42.2575 336.0893
 41.2975 336.8193
 41.1175 337.8093
 40.5075 338.7993
 39.3275 340.0193
 37.8175 341.9193
 36.2475 343.6293
 33.5075 348.5893
 32.6475 352.9893
 32.9475 356.2593
 32.0475 358.9993
 32.7275 362.4493
 32.2975 363.8693
 28.4575 366.5693
 24.3675 370.5093
 22.1375 372.4693
 13.4375 375.6093
 12.4275 375.4593
 12.0775 376.2693
  7.7475 378.8193
  9.5075 376.7893
  9.5375 375.4093
 10.4475 374.0393
  8.6275 371.6393
  8.3775 370.4393
  7.7675 363.9993
  8.0975 362.2093
  7.3675 358.8393
  8.8375 351.8093
 10.1675 351.3693
  8.0475 350.4393
  6.9375 350.9193
  7.1675 350.1293
  6.0375 349.3793
  3.8275 360.4093
  4.6175 375.6193
  8.0075 401.5993
  8.2375 411.5293
  5.9975 441.7693
  6.4775 441.7793
  8.2175 441.6993
  8.6675 441.1393
  7.2375 441.3093
  6.8775 440.5993
  8.5075 440.8393
  9.2175 439.9393
  8.1775 438.2093
  8.2975 436.3993
  7.5575 436.0593
  7.9475 430.9693
 10.2675 431.6093
 10.7175 431.9393
 12.7475 433.1593
 13.2275 429.7393
 16.3875 430.6593
 18.6275 428.9893
 22.8375 429.3193
 22.4675 427.5293
 23.6975 424.4093
 22.2375 423.6293
 23.6675 421.4193
 24.6775 420.9893
 27.4175 423.2193
 28.3175 423.3493
 30.2475 427.3993
 31.6975 428.8093
 31.7175 429.5993
 30.2175 428.2293
 29.2675 429.1793
 26.0275 430.1293
 25.5575 430.3893
 25.2075 431.1893
 24.3275 431.3793
 24.7075 432.3193
 25.7275 432.5493
 24.8375 435.6093
 23.4275 436.4693
 23.4175 437.5493
 22.6075 438.4493
 20.1075 440.4993
 17.6375 441.5993
 15.6575 443.8493
 14.9475 446.3093
 13.1175 448.9293
 13.1375 451.7993
 12.3775 452.1593
 13.3275 453.1493
 12.6275 457.7993
 10.2375 456.9393
  8.0875 458.7293
  7.8775 457.2993
  7.0775 457.4993
  7.9075 456.2593
  8.1375 454.3693
  7.6975 453.3693
  6.9175 453.2493
  7.6675 451.0993
  6.8475 450.7293
  7.9875 450.0093
  6.8075 448.8793
  8.0275 448.7893
  8.6275 446.3293
  7.0875 446.5893
  8.0875 445.2493
  6.7275 443.9293
  7.9775 443.5593
  7.8775 442.5093
  5.7775 442.0893
  7.1675 467.2893
  5.8775 475.8593
  5.8175 480.0693
  6.9675 488.5593
 13.2475 514.0193
 17.9675 524.6293
 19.3475 526.2793
 20.6275 525.7893
 20.6475 524.8393
 20.0275 524.4593
 20.7575 523.7493
 21.1575 523.3393
 20.9175 521.4293
 20.5975 521.2793
 20.9375 520.0593
 21.7275 519.7593
 18.1575 515.3593
 20.0075 512.7293
 18.3875 511.9993
 16.9675 512.8593
 15.7775 506.9893
 17.4475 507.4693
 21.8175 505.3693
 21.9375 504.3893
 21.3475 504.0393
 21.9075 503.4793
 21.7675 500.5593
 22.6575 500.5993
 23.6775 499.4193
 27.4175 498.3793
 30.2275 498.6593
 31.5775 497.7393
 32.1575 495.8593
 29.5675 495.7293
 29.0275 495.0593
 29.2875 493.4093
 31.3075 490.1793
 30.5975 489.3993
 30.9075 487.2493
 31.8075 486.4593
 32.4775 486.6493
 32.4775 491.8493
 35.3375 493.3893
 38.5475 492.7293
 43.5275 493.6493
 57.3775 487.0093
 59.9975 484.4793
 61.0875 484.2193
 63.6875 485.6993
 66.6175 489.4593
 68.1975 494.1393
 68.3875 489.4793
 69.6175 487.5093
 69.2575 484.7093
 70.8675 483.5093
 73.4375 478.4793
 72.3675 477.6193
 70.5575 473.8693
 70.8575 472.7093
 70.2575 472.7493
 69.9775 474.7993
 68.3775 475.2693
 66.0575 474.5193
 65.0075 472.9893
 65.5175 472.0193
 64.8375 470.4293
 63.0275 470.6593
 62.3175 469.8693
 63.2275 469.2293
 65.7175 469.7093
 65.8075 471.6393
 66.9275 473.4093
 68.7475 472.3293
 71.6175 472.5393
 72.6775 471.9993
 73.2275 472.4293
 72.6975 472.8193
 74.4875 473.8793
 74.4975 470.1893
 75.9575 467.4693
 79.6475 465.6593
 80.9475 465.6693
 91.0375 468.4693
 91.8875 469.3393
 92.7475 473.8793
 92.3075 479.2193
 91.4275 481.7693
 93.2475 484.9193
 94.6375 485.6893
 95.2775 487.0593
 93.8775 490.1993
 90.4075 492.2793
 86.6475 496.0293
 85.4075 500.6393
 83.2075 501.5393
 84.0475 505.3693
 85.6775 505.8393
 87.7975 504.7893
 90.4475 504.8193
 94.6675 508.9693
 96.9775 512.6693
 98.3775 517.6393
102.3375 522.6393
103.5175 522.7593
105.6075 520.7893
106.8175 520.9893
107.6975 522.4093
110.0575 521.8993
110.0275 523.5693
111.7075 524.5793
113.2675 522.1593
115.2975 522.3693
116.9675 523.7693
116.5075 525.9893
114.6475 526.7293
112.9175 526.0193
112.2275 528.3293
111.0775 525.3593
109.2275 527.0393
107.5675 525.8993
104.2375 525.3193
103.9975 525.8093
107.9975 534.9593
110.3975 537.6193
109.2275 540.1893
111.0375 539.8993
112.1175 540.3593
116.2575 543.1793
118.0675 546.1393
123.2575 549.6893
129.2975 546.6493
131.2775 545.9693
132.6575 545.2793
133.6675 545.6493
133.8075 546.6593
132.6575 547.1693
132.9075 548.1693
131.7175 549.2793
134.3275 549.6793
135.8275 549.1993

Midtjylland
19
133.4975 561.0293
138.6075 560.2693
137.5075 559.8493
136.4175 558.4393
136.7675 556.7793
138.9675 556.4793
137.1475 554.2193
135.8275 553.6593
134.7275 554.4193
133.0475 553.6193
132.3375 554.0593
131.3975 552.0793
131.3275 550.1693
129.5575 549.6993
129.5875 548.2293
125.2775 552.0993
123.2175 556.4593
121.3775 557.5893
122.1275 558.6993

Nordjylland
4
 65.1975 523.1193
 62.9575 523.7193
 63.3075 524.7693
 64.7475 525.1893

Nordjylland
7
140.9475 570.0593
138.9375 570.9993
137.6375 572.8393
139.5675 575.7293
140.2675 575.7893
142.2875 571.8893
141.7175 569.7293

Nordjylland
126
115.8475 588.6393
115.4275 586.1793
117.5175 579.1493
115.6175 576.5593
113.2375 565.8593
112.2375 564.6093
112.7475 566.4893
112.5075 569.7593
111.4275 570.0093
110.3475 569.3493
110.5975 568.1893
109.0875 569.5593
109.4875 570.5893
108.7875 571.1893
106.6175 570.8193
106.2375 569.5593
104.5075 566.9193
104.3775 565.5493
105.8775 562.6093
106.3875 557.6893
107.8075 554.2193
110.8575 550.9093
111.5275 547.8893
111.2975 545.5393
110.4075 547.9693
109.4275 548.1293
108.9875 547.2193
108.1675 547.2993
108.0275 546.0693
109.5275 544.6993
106.5975 542.8493
106.0875 541.6793
105.5275 539.6893
106.1275 539.4293
105.7875 538.3293
106.2075 536.5893
105.2675 536.5693
104.6375 535.8493
104.7975 533.8893
102.7975 532.7093
101.9475 531.3693
100.4075 530.7893
 96.1075 525.0193
 97.1575 522.5593
 91.0475 519.5493
 90.8675 518.9893
 87.2575 519.5893
 78.7375 516.1293
 78.6075 517.4993
 77.6675 518.8093
 77.0775 519.7693
 77.6975 522.1893
 74.4975 525.5893
 74.6875 527.7893
 76.5275 528.3793
 76.5275 529.0393
 76.0075 529.3793
 73.9475 528.7293
 73.1375 527.9393
 71.9175 528.4893
 72.4575 529.9493
 71.6375 531.8793
 69.8175 531.8093
 69.5775 530.8193
 69.6375 529.7593
 71.5075 529.5193
 70.1875 528.3393
 71.4375 526.1893
 67.6575 524.7093
 67.4975 525.8893
 66.4975 528.6393
 66.5775 529.2593
 69.3875 529.8093
 68.7475 531.1593
 64.5675 534.1693
 61.0975 530.4993
 59.4375 529.6893
 59.9375 531.8093
 59.5575 533.7193
 60.4375 535.7893
 62.4875 536.2293
 64.9075 538.4093
 66.3475 537.9193
 67.0975 538.7293
 65.5975 544.8793
 64.5675 545.9593
 66.1675 546.9793
 66.7875 545.7293
 67.6975 545.6393
 69.3575 547.9593
 71.0075 548.2393
 75.6775 547.0893
 81.8475 550.5893
 82.0475 552.7793
 81.4575 553.4793
 74.1475 554.7493
 74.1575 555.7493
 75.8575 557.7493
 78.3775 556.9193
 79.4075 557.5793
 79.4875 559.0893
 77.1575 559.0693
 79.5375 563.0193
 79.3775 566.7593
 78.7275 568.1393
 79.1075 569.1893
 78.0375 570.5693
 82.5075 572.0193
 85.0275 571.2693
 90.2775 572.2693
 91.6975 571.6193
 94.5375 573.9193
 97.5375 574.0793
 99.5775 575.1893
102.8875 575.3593
104.0475 577.4893
104.7375 582.2393
107.5975 585.5893
108.7575 588.6393
109.9375 587.1593
112.6875 587.7093
114.0075 587.2493
116.9475 590.6693
117.2775 593.3593
118.0975 593.2993
117.8675 590.9293

Nordjylland
10
246.8975 613.8493
244.8875 613.4493
242.2675 614.6493
241.2975 615.6693
240.8475 618.0293
244.8675 618.8493
246.9975 618.3493
247.8575 616.9993
249.3575 616.1193
249.3275 615.4493

Nordjylland
231
269.9775 619.2093
271.7375 615.2493
275.6575 612.1393
275.3375 611.0093
279.4775 608.7693
283.5175 605.0893
285.5675 602.0893
293.0575 596.6193
298.5975 594.5193
308.2475 595.4793
307.9475 591.1293
306.6775 591.1193
305.6975 589.4293
306.7275 589.0093
306.9175 588.3393
304.2375 584.0893
302.8275 572.8793
303.4275 570.6993
304.1375 556.3093
304.8075 550.1093
307.7775 537.7893
312.6975 529.9793
312.6275 526.1493
311.4975 525.1093
308.0975 526.8093
301.6075 527.2793
297.9975 529.0893
296.9275 528.9993
294.7575 527.0193
294.2075 525.5093
292.0475 524.8193
289.4975 526.1293
288.8575 527.6993
289.0775 528.9793
287.6775 528.9393
286.4175 529.2393
281.1075 526.5893
280.4775 524.1893
278.0275 523.1293
277.9475 522.5393
276.9775 522.4993
276.5175 523.8093
275.0475 524.5893
272.4675 523.7593
271.9575 522.7793
269.9875 522.6793
268.4175 520.6893
268.6575 519.3693
264.5975 518.7293
261.5175 515.4593
259.5075 515.7293
260.5675 513.4893
259.3875 514.0493
257.7475 513.1693
257.5075 512.4193
256.8175 512.7593
254.9575 511.7893
252.1975 512.0493
250.9675 511.3893
246.3575 511.3993
245.2375 510.4393
241.9075 510.5693
238.8475 508.6493
239.9375 508.3693
241.2175 509.0193
245.4275 508.2893
247.1975 510.1093
250.4375 510.0493
253.3675 510.8293
253.7175 510.3193
256.2375 510.3993
258.2475 511.4793
259.4275 510.8993
261.0075 511.4593
262.1575 512.8493
264.1775 512.2493
264.6875 513.2693
264.1375 513.6093
265.5875 515.3293
266.8075 515.3593
268.0275 516.8793
269.2375 516.3993
270.9275 517.2093
271.0375 518.5093
273.5675 521.7293
274.7275 521.9493
277.1875 519.6493
278.6275 519.7793
282.0875 523.2193
282.3275 526.0193
283.0375 527.3093
283.8475 526.4793
285.5575 526.5993
287.7975 525.2093
289.3075 525.5993
293.4675 520.1393
293.4675 520.1393
293.8175 518.6493
288.2875 515.1193
288.5175 511.9993
283.6475 510.5493
283.8275 508.1193
282.6275 504.8693
278.6875 503.7093
272.4075 499.3393
263.6575 496.6593
260.9875 498.0893
259.5275 494.1693
253.2975 492.2993
251.1675 492.4593
250.3375 491.3393
249.8575 487.8993
243.4675 486.4893
238.3475 489.2893
232.1175 487.7293
226.8975 495.1793
221.9575 496.4293
217.2875 493.8793
217.4175 501.0193
221.7975 502.5093
221.0375 506.0493
214.8575 506.9293
210.8875 506.1593
206.3075 507.7193
206.8675 511.0793
201.7675 511.6893
201.3775 513.1393
203.1775 514.8393
202.7275 515.7793
202.1775 515.6593
201.9975 516.7693
201.1675 516.3793
200.5775 516.9093
201.4475 518.8493
200.9275 519.1693
196.8075 519.6093
196.3875 517.8093
194.2675 517.6493
191.2675 508.1793
187.8375 508.8093
182.8775 512.3393
183.0375 515.3293
178.7975 514.6393
177.2375 516.8393
172.4675 517.0393
172.4675 517.0393
170.4875 522.1493
168.8675 523.5593
167.2475 523.7393
164.7675 522.8593
163.0875 521.2993
160.8275 521.1893
159.2175 519.3793
155.6975 517.7893
153.3975 515.4593
152.5575 515.2493
150.7275 517.1893
150.3075 518.4793
150.3875 519.6793
152.4375 520.7093
154.7975 524.3393
155.4575 524.3593
158.6275 527.6293
161.0575 531.7293
161.9575 535.4893
161.5875 538.0393
160.3575 539.4393
155.8275 541.0693
154.0375 540.3693
153.7775 540.8493
154.2675 545.9293
152.3675 550.4993
151.5475 550.7893
154.3975 554.7093
157.0975 559.8593
157.4475 564.7593
155.8875 567.8493
151.4675 570.8793
151.1575 572.5893
152.9175 578.8893
155.5075 581.8893
155.7475 583.5593
157.9175 584.6993
159.8975 587.0793
161.8275 591.4093
166.6575 592.9093
167.4975 594.0593
168.1375 597.9593
169.2375 599.3493
170.0275 599.0793
177.2275 601.8493
187.4675 604.1593
195.9875 603.8093
198.8975 603.1093
206.4575 599.0793
209.0175 596.7493
206.9975 594.4093
206.4875 592.2893
207.4875 589.6593
206.4975 588.4493
205.3475 590.9193
204.3875 591.0793
202.7275 588.5793
204.6975 583.7193
205.7375 582.9993
206.8475 580.8893
207.3375 581.0493
208.2475 586.8193
207.8475 589.1093
210.4075 590.8093
212.1775 590.7893
214.0575 592.0693
215.6275 596.5493
216.9475 596.9493
221.1575 602.5693
221.0375 605.8093
221.5375 607.2693
222.2875 608.5093
224.9375 610.1493
231.3175 611.3893
236.0175 613.0093
245.0175 610.7293
248.5075 613.5393
249.9575 614.0693
251.9875 614.4393
253.9975 614.3093
257.0075 612.2093
259.0375 612.3593
261.0175 613.1693
263.2075 617.1693
266.3875 619.6293

Nordjylland
4
403.9675 651.5293
403.3475 651.6493
403.3475 652.6093
405.0875 653.4093

Nordjylland
9
409.7575 653.9793
410.3275 653.2493
409.6975 651.7793
405.5075 651.1493
404.5775 650.5293
404.0475 651.2293
404.3175 652.5393
405.5575 653.5493
408.7275 654.2993

Nordjylland
4
393.4975 661.0793
390.9675 660.9493
390.0375 662.3893
390.5175 662.6993

Nordjylland
9
385.8675 666.2993
386.2275 665.5793
386.6675 665.6893
386.9175 665.3893
391.2775 660.0393
390.3475 660.1693
385.6075 665.8793
385.3175 667.0493
386.4375 666.7793

Nordjylland
52
432.6375 681.3793
431.8375 672.4393
431.3075 672.6593
431.8675 674.5793
431.5775 675.8093
430.1875 676.5493
430.7975 678.6093
428.7075 676.7093
428.6075 675.8293
425.4975 676.4293
422.3075 675.5193
421.0875 675.7993
415.8175 673.2093
415.0675 671.8693
415.4975 671.1693
417.9575 670.7893
417.6875 666.6893
416.8675 664.4193
414.1375 661.3893
408.0075 661.9193
406.7775 661.4593
414.3275 660.9693
413.2175 659.4493
405.6775 655.2193
403.6175 655.7193
401.8275 654.7693
400.8375 658.1193
400.3275 658.3693
400.5375 659.2293
397.6875 659.8993
397.9575 660.8393
396.9875 662.0693
394.4075 662.6393
392.7375 661.8893
388.2175 664.1493
387.3075 665.3193
387.3675 667.2293
391.9675 670.9293
394.1375 674.6593
397.7775 676.8293
400.1975 676.8393
401.5775 677.8093
404.7575 677.3793
406.4675 677.8493
408.0075 680.2893
409.1575 680.9693
413.4275 680.6893
421.5375 681.2793
423.0275 681.6393
425.3775 683.3993
428.6075 682.3093
432.3975 682.1793

Nordjylland
289
350.0975 784.2993
348.9975 783.2793
347.9975 783.9893
347.1575 783.2893
347.8275 782.8293
346.4475 782.9793
342.8075 779.8793
334.2075 769.1193
327.8975 758.2493
326.4675 754.4093
325.3675 747.5893
326.5175 741.5393
328.4775 736.2993
336.3175 726.2493
336.2575 724.6593
339.0675 720.6593
340.6175 719.5393
342.1575 714.7393
342.8475 714.2793
343.6075 714.6593
344.2075 713.9793
343.4475 711.9793
342.4475 713.0693
342.0375 712.5693
342.9175 711.0493
341.6975 711.9593
341.1275 710.9293
342.1075 710.3793
340.7075 710.3993
340.5875 709.6593
339.7375 709.6793
339.3975 708.9693
339.6975 706.0093
339.1675 705.3293
339.2175 703.0493
337.8575 697.2893
338.8875 687.4693
340.6175 684.3493
339.7975 683.5993
339.5675 682.3093
342.0975 669.2693
342.7375 663.1893
342.3175 657.5193
341.5375 657.2793
339.5875 654.7293
337.4975 652.9593
334.8775 651.8793
331.4075 648.1193
327.8075 643.0193
324.5275 636.2093
322.2375 630.2793
318.6675 614.1393
318.5975 612.1793
315.3875 602.6293
312.3575 596.9193
309.8075 597.6693
308.1275 598.2493
304.2975 597.5793
302.3175 596.2993
297.3575 597.1293
291.6075 601.5493
290.3175 603.5193
281.7375 611.6493
279.5875 613.3093
277.4375 613.7893
272.7875 617.8293
269.0375 621.8993
267.1275 622.5193
263.9675 621.2193
260.4475 617.6193
260.4775 614.4093
257.6975 613.3593
256.0475 613.8593
253.5675 615.7993
252.3475 615.7793
249.1275 617.4993
248.0775 619.2093
244.1475 622.9193
242.7375 623.2593
237.1975 627.0793
235.8975 627.3093
235.7975 625.8793
236.3075 625.3993
235.7075 623.9493
232.9875 618.6693
233.2475 618.0193
231.3175 616.6093
225.3975 615.6493
220.4175 618.6893
218.3375 617.8793
218.3875 620.7393
220.9875 621.4293
222.5175 623.3793
222.5775 624.0993
220.4575 623.9093
216.5775 622.2093
214.7875 620.4893
212.8475 618.8193
214.5075 617.2393
216.4675 617.5193
217.1175 617.0993
214.6275 615.3793
212.8875 612.3693
209.6575 612.5593
207.8775 610.1493
203.7175 611.1393
198.5175 611.1293
196.9175 610.3993
195.8075 611.4193
191.4475 609.6193
187.6575 609.1693
180.2275 605.7893
177.1475 605.7593
170.8975 602.8593
169.5275 601.7093
168.1675 600.1993
164.7875 598.7793
164.8275 598.1693
163.7775 597.7793
160.7275 598.2193
159.0075 598.5293
157.2375 599.7293
150.9875 606.0493
146.6575 609.8093
136.7675 605.5593
136.4475 604.1593
134.2875 601.8393
132.8775 601.9993
132.8375 604.5193
131.9075 605.4693
128.4175 605.1393
126.0675 604.1893
123.5575 600.6793
120.6275 601.4193
118.0575 599.9793
116.0775 595.1193
114.0275 595.1293
112.9275 597.5693
109.5475 598.5293
108.0775 596.7493
107.7875 598.6793
106.7875 598.4893
105.7375 598.1593
104.6275 598.0393
104.0375 597.5893
104.5075 596.3493
106.9675 594.5793
107.0675 592.8993
105.0575 592.2393
104.4475 591.3293
102.7375 591.2493
 99.4475 589.6193
 98.5675 587.6293
 95.2575 586.2493
 93.5275 586.1093
 90.8275 587.2393
 89.4175 586.9693
 87.5775 587.8893
 85.7475 587.7293
 82.9675 587.8393
 82.1875 587.2293
 80.7375 583.1693
 81.4475 580.5193
 78.3775 577.4893
 78.3475 574.3993
 76.3075 571.5393
 77.1075 568.5093
 76.0575 567.1093
 76.1575 566.3893
 77.3975 565.5193
 74.2175 560.7493
 74.2075 559.7793
 69.3275 553.9293
 63.7175 553.6193
 63.3575 553.0493
 63.8075 550.6893
 61.6575 550.8793
 57.2275 548.2093
 54.6875 544.5093
 55.8575 541.8893
 59.0075 537.8393
 57.4675 535.9393
 56.0275 529.7693
 53.3175 527.2493
 56.7175 528.1993
 58.6975 527.7093
 61.1675 527.6493
 61.7675 526.5093
 60.4375 523.7593
 62.1575 524.7293
 62.8975 524.1693
 60.7875 521.5093
 61.0575 518.8093
 57.6675 519.9793
 56.3075 521.9493
 52.5675 523.3493
 48.7475 521.4093
 48.9175 520.6793
 47.6475 519.4993
 46.3675 520.0493
 45.7275 519.7393
 45.1475 518.0093
 45.9175 517.9493
 45.9175 517.9493
 45.7575 516.5693
 45.7575 516.5693
 39.0275 518.2993
 37.9475 522.1893
 36.9375 523.1193
 35.7075 525.9893
 33.6475 527.8993
 32.5575 530.8593
 31.2075 538.6093
 28.8375 541.4493
 25.3075 543.5693
 24.0475 525.2493
 24.0575 524.1593
 23.7775 523.6093
 22.8175 524.3193
 22.8275 527.0693
 21.3375 529.7393
 20.3175 529.7993
 20.8575 532.0393
 21.3575 544.3893
 22.6275 550.2093
 27.4675 563.8993
 39.8475 589.2293
 42.4875 590.7393
 46.5875 595.9593
 51.8175 604.0693
 54.4275 609.6193
 55.6875 610.9393
 57.7375 610.7493
 59.3575 611.6093
 63.3275 616.2793
 71.6175 630.1493
 71.4475 630.7693
 71.8675 631.0793
 72.3075 630.8393
 72.6875 630.2093
 75.7775 631.8993
 76.6075 631.0593
 83.9175 628.6893
 92.2775 624.9593
 94.3675 624.9493
103.7675 627.2693
109.4575 629.5393
113.9775 632.0493
122.1275 638.3393
125.5975 639.8193
128.8375 639.2293
132.3875 640.0293
142.5075 636.0793
148.7575 634.9593
154.0375 634.7393
163.3875 635.7793
166.9975 636.5793
172.6275 638.9493
179.0375 639.4493
183.4875 641.2593
200.9675 654.9793
202.8875 657.0793
216.6675 677.7393
225.6575 694.4293
227.3775 696.4793
238.1975 721.3093
247.7475 731.3893
251.0375 735.9793
257.6075 748.6993
260.8575 752.1593
260.2575 750.8893
263.4475 751.5393
263.4775 752.2093
264.7075 751.2393
266.9375 750.7993
270.6275 750.4593
273.7975 750.9593
278.5575 750.1593
281.5475 750.1393
288.7375 751.3793
300.5375 755.9593
311.3675 762.4493
338.8775 786.6193
343.7275 789.9893
346.3575 791.2493
350.9375 792.3793
353.1575 792.1893
356.1575 790.4193
351.5475 786.3593

Sjælland
15
474.9075  84.8193
474.2475  84.1093
473.3775  84.5893
472.0575  83.7493
473.9475  81.0593
476.5675  79.4893
476.6875  78.4293
475.0975  79.2193
471.4275  78.2793
470.8375  81.1693
472.8375  81.7993
471.9775  83.2693
471.5275  83.1293
470.5175  84.1193
470.3875  84.9593

Sjælland
230
441.4875  95.4493
445.5475  92.7493
449.0875  87.5293
450.1075  87.7593
452.8275  86.9793
454.7375  85.7293
454.9675  81.1893
458.0075  77.8093
460.1775  76.3693
461.6375  76.2093
463.1275  74.7993
464.5475  74.7293
463.9575  73.0793
464.8275  72.4393
466.7175  73.5593
469.0675  72.9793
469.8175  71.9793
469.1575  68.6693
469.6875  67.3093
470.8375  67.7293
473.1475  66.9893
473.1875  65.3593
475.7775  65.7993
478.5875  64.8293
481.7675  64.7893
483.1875  63.4693
486.6275  64.2093
487.0475  65.1293
484.7175  65.9693
482.6475  68.8193
483.0775  70.3493
484.3875  70.3293
485.7775  71.5993
489.2475  69.5093
491.9775  70.4393
493.2575  71.7493
495.1775  71.8693
495.0675  73.3093
493.9375  74.5693
494.7075  79.0493
493.0175  81.6193
493.1375  82.7293
496.2775  82.0793
496.8175  81.1493
498.0175  80.8393
499.6575  78.5293
503.5575  75.6893
504.6475  75.1993
507.6575  75.8093
508.4075  75.0093
507.2675  73.5993
506.9675  72.0793
508.6975  67.2393
510.0375  67.1593
512.8675  65.3393
514.2175  65.4293
512.9975  62.6593
513.1775  59.3893
515.3775  57.6193
515.6475  56.3893
516.9075  56.3693
517.2875  55.6693
518.6875  55.3293
520.3275  53.0593
522.7075  51.5093
523.6475  50.3393
523.5775  48.3793
523.6075  47.2893
524.5675  45.9293
524.7075  42.6293
522.1875  40.8593
522.1575  40.2093
520.3275  40.1293
517.8375  42.1793
518.2375  41.1993
517.7375  39.3593
518.8675  38.3193
516.6875  37.2993
517.3475  35.7993
517.8875  34.8193
519.8475  33.4793
521.9975  32.4993
522.8475  33.0093
523.9875  31.8293
523.7675  30.2993
521.0075  29.8093
522.9175  27.9493
521.1075  26.8193
522.3275  25.7393
521.3575  25.7993
518.0675  24.0793
520.4175  22.2793
519.1375  21.8193
518.2475  22.2593
517.9875  21.1293
516.8875  21.5093
516.1975  20.6493
513.6575  21.6893
509.6175  22.3593
507.3675  22.1393
505.7975  22.7593
506.5275  23.8093
505.4275  25.6893
504.6675  25.0693
505.1175  23.2293
503.4275  22.3393
502.4375  24.3093
500.1675  25.3693
497.6875  24.7293
496.9875  25.8693
496.3475  24.8193
496.8175  24.2893
496.0675  23.6393
495.7875  24.2693
494.9775  23.7593
493.6875  24.8493
491.9675  24.9593
491.8375  24.1993
490.5175  23.9893
489.0675  24.1493
486.7375  25.4393
485.6375  24.9293
486.7275  24.0393
486.4575  23.7493
482.6075  24.0493
482.4875  23.2793
483.7475  22.3593
481.2375  22.2193
481.1075  20.8193
480.1875  19.4793
477.2275  19.1993
476.5075  18.3693
473.7775  18.3793
468.8275  12.6693
473.1275   9.7493
474.3775   9.7293
475.5175   8.8693
477.2175   9.0293
477.8475   9.7893
477.9075   8.8593
475.8075   8.4393
474.0075   8.8293
466.8375  13.2393
461.2575  17.9093
455.9275  20.8793
453.5475  22.9293
452.5875  23.0893
446.1775  30.3993
441.4375  34.2693
437.7975  35.8493
436.2875  35.9193
432.9475  37.9593
420.6975  42.8993
412.3875  45.3693
405.4075  49.1193
399.8575  58.6893
398.7575  65.1693
399.2875  66.1893
400.1275  66.5893
402.8175  64.6693
400.0075  66.1093
399.7475  65.4793
400.6075  64.5893
400.5975  63.7693
399.7075  64.1393
399.1375  63.1693
399.9375  59.1093
401.1575  56.9193
401.8975  56.8093
402.3575  57.1293
404.7675  57.1193
406.1675  58.1393
406.8875  59.5193
406.0475  60.7893
402.9375  62.7493
405.1475  62.5293
407.0875  61.2593
407.8475  61.6093
409.0875  60.2093
410.1875  60.1893
411.2475  57.3893
414.7375  57.5593
416.0875  59.2593
414.4075  60.9693
414.6275  62.9393
416.8575  60.3593
417.9475  60.6493
418.7675  62.8493
420.5275  63.5593
420.1875  65.0493
422.0675  64.7193
422.6975  65.1493
422.3475  65.9293
421.1775  65.3793
419.6675  66.0193
417.8375  65.5993
417.7275  65.0193
416.6775  66.3093
415.8875  65.8993
415.8875  69.1293
414.5875  69.1293
414.3575  71.0193
412.7575  72.2893
413.4475  74.2493
411.3075  73.8193
411.3675  75.6693
410.7675  76.0193
409.6675  74.4393
409.2375  74.5593
409.1575  77.2693
408.3675  76.1793
407.4975  76.9193
407.2075  78.9793
408.8875  84.8393
413.3675  88.3993
414.9475  90.9793
416.5175  91.7993
417.4575  91.2093
419.7875  91.4393
421.0175  90.5093
421.5975  89.1893
421.6175  90.8993
420.4775  92.8293
421.2775  93.4393
422.9175  92.3393
423.0375  93.9993
424.8375  93.4493
426.7175  95.0693
428.1275  94.7893
430.1875  96.2093

Sjælland
27
461.8275  98.2993
463.9375  96.8693
467.2675  97.2893
469.9575  94.2293
470.1275  93.3393
469.8675  92.1393
464.9275  92.5293
461.0475  87.1893
460.3875  87.0193
459.9575  87.9393
456.4175  90.3293
455.1775  95.6493
453.9975  95.6393
453.3875  98.2093
454.5075  98.2393
455.6075  97.1693
455.9475  96.1593
455.5175  95.3393
456.2075  93.6393
457.0475  93.7493
457.1875  95.1393
457.6075  95.1493
459.7875  94.4493
460.8675  93.2493
461.4975  93.3993
461.8275  94.5093
461.3875  96.8093

Sjælland
104
521.0975  96.1193
522.4075  95.5793
522.9275  95.4793
526.4675  92.2493
525.8975  91.1593
527.9475  89.4693
528.1275  87.0893
530.0975  85.9393
531.8075  85.6493
532.2175  86.0593
532.5975  87.1193
532.8775  87.6893
533.0475  91.4493
534.1575  90.3993
536.7175  91.3293
538.7975  91.1393
540.7275  89.6593
540.3275  88.7693
540.7275  85.6093
541.6475  83.7693
541.2575  82.8293
543.8575  80.7693
547.5275  79.7893
549.3675  79.9493
551.4275  79.0493
553.4375  80.1893
556.4775  79.0593
560.0475  78.6393
560.9775  73.9593
564.9375  69.1893
566.2775  65.9793
565.4375  64.6093
561.9875  63.1893
560.9175  59.7193
559.4375  57.8193
554.5575  55.0093
548.9375  47.4593
546.8475  41.3593
545.5175  39.2593
541.6275  35.8593
539.3575  31.6793
538.0575  25.7793
537.9975  21.9593
539.7675   4.1993
539.2975   0.3793
531.9675   3.9793
532.6875   5.2593
532.6575   5.7793
532.1875   5.6593
532.3175   8.7793
528.4075  16.9393
525.6975  20.8793
524.8175  23.6393
526.3975  28.9193
526.5275  31.3493
529.4475  34.7693
530.9875  37.8293
530.4675  38.5793
529.7775  38.3493
525.3375  40.2993
526.0375  43.7793
527.3375  45.1793
525.0275  48.1793
524.2475  51.5093
522.3475  53.8693
520.7275  54.6693
519.9375  56.9793
517.3275  57.5393
515.1475  59.7293
514.9075  60.5893
516.5675  61.9093
517.6975  64.5793
517.5775  65.5693
516.2675  66.5493
516.5775  68.2193
513.3975  70.6893
509.4675  71.0793
509.8975  72.3893
509.2575  74.4493
508.6675  74.7893
509.6975  77.2793
508.3175  78.2793
507.4275  80.9293
507.8775  82.5693
509.4075  84.6293
509.4675  86.4893
508.0675  88.8793
503.1275  88.9493
502.4475  89.5293
504.6975  92.4493
505.8575  91.7493
506.8675  91.8993
507.3475  93.0193
506.0375  93.7293
507.8475  96.3693
511.0475  96.3693
513.3175  94.9693
515.7675  90.5393
517.6375  90.9793
518.7475  92.3793
519.6775  96.0093
518.7575  97.2293
518.8275  98.0193
519.8475  97.7893

Sjælland
7
557.6975  96.5693
557.3475  95.2493
556.6075  95.0393
557.0875  93.5393
555.9875  94.6693
553.8475  93.3893
551.6375  94.5893

Sjælland
9
476.6075 103.8293
480.9375 103.0193
483.4775  99.2293
480.0475  95.0893
479.3975  93.0093
477.5575  95.5893
476.2175  99.0093
473.8175 101.1393
474.4575 102.5993

Sjælland
10
561.5275 103.1093
559.5275 100.4893
559.3575  98.7993
558.1275  99.1893
557.6575  98.0493
557.4075  99.2493
559.2375 101.1293
558.7075 102.1493
559.3375 102.8993
560.4775 102.3593

Sjælland
6
528.6975 103.3593
529.2575 100.3593
527.5675 101.2893
525.9475 104.5293
527.1575 105.3793
528.2375 104.6393

Sjælland
6
454.2875 112.9493
452.5475 111.4893
452.4075 112.8293
455.3975 115.2893
456.6675 115.3493
456.4975 113.9593

Sjælland
10
576.0575 119.9393
573.4675 113.9093
570.8375 115.5193
569.1875 115.6193
568.2475 117.0993
570.6775 117.5793
572.2975 119.6593
573.3475 120.1093
574.7275 120.5093
576.1575 120.3993

Sjælland
107
581.9875 116.2293
583.3675 114.2893
587.0875 112.4893
597.0275 112.3793
601.5675 111.2193
603.5575 111.6893
607.2775 111.3493
615.5375 107.7093
619.0275 101.1993
619.7775  97.4493
619.7975  95.7993
618.1775  92.9193
613.7675  92.2393
607.9775  94.3193
607.1575  95.1893
601.2175  96.7393
596.6475  97.4893
593.0275  97.2693
587.0375  94.6293
582.3975  90.8593
577.0875  84.4593
575.6575  81.4393
571.9475  77.3593
568.2675  76.6293
562.9275  77.3493
560.5875  81.6293
561.4175  81.7593
561.9375  81.2593
561.5975  80.9693
562.9775  80.7593
562.9475  81.6693
563.9475  81.5693
563.7675  81.9593
558.2975  82.3693
543.6975  87.1093
542.4475  89.8493
542.7575  91.8193
540.9875  93.6493
541.1775  94.8993
542.3375  95.5193
542.9375  95.0293
542.9475  92.5593
543.6275  90.9193
544.6275  90.7693
544.4975  89.9793
546.1475  89.6393
547.7175  91.0093
552.8775  90.9893
555.5175  88.0693
553.7475  84.1093
554.5475  84.5293
554.8775  83.7993
557.7175  82.9893
560.2175  83.9593
559.3275  85.6593
558.4275  85.8893
559.8075  89.6493
563.5775  92.1293
561.3075  93.0693
560.4775  94.0193
560.1275  95.7993
563.4475  97.5093
563.4275  98.2493
565.9075  99.0193
568.4275  98.0593
568.7475  98.7893
566.8575 101.0293
566.4675 102.6193
570.6075 101.1793
571.3775 100.4693
571.3375  98.7693
571.9175  97.7993
575.5375  99.8393
578.5075 100.5693
579.3475 101.5593
581.6675 101.8893
582.6675 101.0393
581.3975  99.1893
581.0275  97.3493
580.2575  96.9593
581.2075  96.4693
582.1275  97.2393
583.6075  97.4093
586.5075 100.7093
591.9675 102.1293
592.3675 102.4493
591.1075 102.8293
586.4175 102.0893
585.3775 102.6493
584.8475 102.8793
582.8275 101.3793
582.0475 102.2493
580.7875 105.5893
582.4075 108.1093
582.4475 109.6093
580.3675 113.1693
579.3475 113.7593
579.5775 114.3193
578.4175 115.3593
577.5075 115.1893
577.3875 114.5293
576.0375 114.8293
575.4675 116.0393
575.8475 117.6393
578.3675 118.9093
579.5575 120.5093
580.8275 119.4793

Sjælland
10
581.1675 121.6093
580.6675 121.4793
580.4875 122.6493
579.1575 123.9393
579.1275 125.4593
578.0775 126.3893
579.0675 126.2193
579.9775 125.0693
579.5875 124.7493
581.0275 123.9193

Sjælland
4
560.0975 137.4593
558.3175 136.5093
556.4375 136.9993
558.1775 137.5993

Sjælland
6
505.6675 138.9593
504.1375 135.6493
503.5175 138.6793
504.5375 141.3793
504.9575 141.1293
504.5375 140.1893

Sjælland
8
429.4475 147.0193
429.7875 146.0593
427.4875 144.0393
425.7875 139.6193
423.4075 144.3993
426.9375 147.3293
427.5175 146.9193
429.7175 148.4493

Sjælland
14
498.9875 149.2093
498.9575 144.9893
501.0375 143.7493
501.7775 142.4293
502.2775 142.5493
503.2575 141.7693
503.4675 140.7293
502.8375 140.6293
499.3175 144.2593
496.4275 145.1893
494.5075 148.2993
495.2575 148.7393
496.8275 147.8393
498.0975 149.1993

Sjælland
5
470.9275 152.2893
470.1475 152.3093
470.8775 153.4893
472.4875 153.8793
472.7175 153.4593

Sjælland
11
504.7075 150.1893
503.9375 147.3393
502.5275 147.9893
500.4075 147.3793
500.0075 148.2193
500.8675 151.3693
502.0175 152.7593
502.1275 154.6393
502.7975 154.8093
503.9975 153.6393
506.2975 153.0393

Sjælland
22
431.2575 163.9193
430.1975 163.0693
429.5975 163.6193
429.2575 162.8493
429.7775 162.9793
429.4575 161.7393
431.7375 159.5393
432.2975 156.3193
433.5675 153.6493
433.1875 152.7393
432.2475 153.1693
432.1775 152.6093
433.9975 151.4393
435.3575 153.6293
434.8575 150.6793
434.2475 150.1493
429.1175 153.7393
428.5775 161.5393
429.2275 164.2093
428.3875 165.8093
428.9275 166.3993
430.4475 165.4993

Sjælland
6
403.4175 188.0493
401.6575 186.7793
403.9075 187.0493
397.3175 184.4593
401.1475 187.9493
403.4275 188.4793

Sjælland
6
592.6575 250.7093
593.5775 249.8993
593.5775 249.8993
592.3275 249.1393
591.9975 249.8593
592.2675 250.3293

Sjælland
8
446.7575 292.8693
447.3175 291.8693
445.4375 293.1093
443.6975 296.9093
444.3475 299.4293
445.7875 297.9793
445.0975 296.6793
447.0575 294.4593

Sjælland
17
521.9875 296.0893
521.8075 294.0893
520.2975 290.9693
520.6675 289.7493
517.6875 288.1293
515.9775 289.9993
514.6175 290.1093
512.1875 296.0593
512.8275 296.7993
514.3075 296.8193
515.4275 298.4893
516.6275 296.6493
517.8975 296.0893
519.3975 299.9893
518.5775 301.7493
519.3775 302.6093
521.4275 299.5493

Sjælland
13
427.9375 321.7893
431.3875 317.8193
434.4675 316.1093
434.9375 313.8193
433.3875 315.4693
426.5475 317.7193
424.8675 319.0793
420.9975 324.1393
416.6675 326.1093
415.8675 329.7493
420.9775 327.8993
421.9575 325.7993
425.2075 324.1893

Sjælland
667
453.3075 344.2993
457.8875 341.5293
462.9475 340.1993
471.7175 339.8593
477.2175 337.6093
486.8075 340.1793
489.1575 336.2493
492.3975 334.5893
494.9075 334.6293
501.7875 336.7893
504.4875 338.2593
507.9575 341.4093
512.4375 343.9093
514.3775 339.0393
514.5875 337.0193
514.0475 336.7893
514.0275 337.9193
512.8275 338.1493
509.3775 334.9193
508.5375 330.8993
509.2075 327.9793
508.9775 326.1793
506.4875 324.6693
503.3175 325.8593
502.7975 328.0993
501.3675 328.5393
500.1775 327.8093
498.9275 328.6393
498.1675 327.9693
497.0575 323.7493
497.4175 320.3193
500.6275 318.6093
503.0175 315.3693
503.7075 312.9293
506.0975 309.2693
506.4175 305.4293
503.8375 301.8193
503.2675 302.8993
496.7275 304.7893
494.7075 302.4093
495.6875 301.2293
494.4775 300.7193
494.4275 298.9293
489.5175 296.5293
489.3475 295.3693
492.2775 293.3493
495.0375 293.6493
497.4775 294.3093
499.3375 296.3293
500.9675 296.6993
502.2075 297.9593
504.8075 298.1793
506.2575 299.4293
507.9075 297.6393
508.6275 293.9193
510.2175 291.8093
509.1375 291.1593
508.6575 293.0893
507.5275 291.3493
508.4375 289.7293
511.4775 288.2793
511.5075 286.6493
510.5975 286.8293
508.5975 285.2993
506.3675 285.4193
504.7975 284.5693
496.6075 284.1193
495.1775 283.3393
495.8975 281.8893
495.2275 281.7393
495.2275 280.9293
496.7675 280.5693
496.8675 279.6593
502.6575 280.5093
503.6475 281.1593
504.8075 280.6593
505.6175 280.7793
506.9675 280.6793
508.6875 281.4293
511.4575 280.8193
512.1975 282.1893
510.7275 282.9393
510.6775 283.5693
511.0875 283.9093
511.7975 283.3093
513.4075 281.5293
514.7175 278.7793
514.5975 275.5793
515.3575 274.9993
516.1575 275.2493
516.6675 272.6093
516.0375 271.5693
514.2275 271.2593
514.2275 268.6893
512.4075 268.0293
511.4075 266.1593
511.6575 265.5593
513.2475 265.5493
514.2875 265.9193
515.5375 266.6693
516.1475 266.0193
517.1675 267.1693
517.4975 269.2893
520.0375 271.2193
520.7675 271.6993
521.2775 277.3493
523.5975 283.3993
524.6775 283.5193
526.1475 284.9793
526.1475 284.9793
530.1975 283.3893
533.9275 286.8093
540.7375 283.0893
540.7375 283.0893
540.6475 279.7293
539.8575 278.9093
538.3575 274.6293
537.6875 274.4893
535.4975 270.6393
534.7675 267.4093
534.0375 267.2293
533.6675 266.3393
533.2775 264.2693
534.0175 262.8193
535.2675 266.1393
536.8075 266.8393
536.3775 267.3993
536.6775 269.7693
542.9675 270.4093
542.0875 271.6493
542.0475 273.3093
540.6375 274.1193
542.1775 275.2493
542.1275 277.3993
542.6375 276.3993
544.4575 277.0293
542.9175 274.5693
543.3175 273.9793
544.1675 273.6093
545.2675 274.8693
546.0475 274.1093
547.6775 274.5493
549.4275 273.3793
549.0375 272.0793
550.0075 272.0293
550.6475 271.2093
550.3275 270.3893
548.4775 271.4993
546.6575 271.0393
545.3275 272.5493
543.1275 273.1793
542.8475 272.1793
544.0875 272.1493
545.0075 269.2793
544.3275 267.8693
545.6375 268.6693
546.4375 268.6293
546.8375 267.8193
547.6275 267.9793
548.2675 268.7293
549.2075 267.9093
549.6475 268.9893
551.4475 269.2193
551.2675 268.0293
551.9075 267.5293
551.1275 266.6993
551.1075 265.2293
553.0675 264.7693
554.4375 263.4193
555.2375 264.4293
555.9175 268.3593
554.6875 268.2393
553.5075 269.4093
553.0875 270.7793
554.2675 272.8793
555.1475 273.1693
556.0675 271.8493
556.5175 273.9193
554.7075 273.5393
554.8775 274.2893
555.2875 274.8393
557.0175 274.6493
558.4975 276.3893
559.0875 277.9193
557.4275 278.2593
557.4275 280.3593
558.7475 280.8793
558.2475 281.4893
559.6975 282.0893
559.8575 282.6993
559.4975 283.1693
557.9675 283.0493
558.3975 283.6993
556.5275 286.3093
557.3575 287.9493
557.2775 289.3593
555.1575 291.7793
555.7175 295.4693
555.7175 295.4693
558.3975 293.9593
561.1375 290.7893
564.0675 289.4693
566.4675 287.1293
572.2375 288.0393
574.7975 285.4593
574.1675 285.2593
573.0275 282.1793
578.0575 277.6693
572.6975 272.4793
569.0275 272.7293
564.1775 268.5093
565.2475 263.1893
565.1075 259.4293
566.4475 259.4993
565.4575 254.2693
572.3475 252.2493
573.1375 255.4593
575.8875 256.2893
576.9975 254.5393
581.5775 256.5493
582.9275 255.3193
590.0175 253.0593
592.5175 250.7193
592.5175 250.7193
591.6975 249.5293
592.0475 248.8793
584.3175 244.8693
582.9775 243.5293
579.8975 241.0593
576.5975 237.0293
573.2775 228.2393
570.1475 218.9993
570.9475 216.2993
570.6775 215.5193
570.3975 214.7993
571.0975 212.3793
573.2775 209.0693
574.8375 207.9993
585.2975 202.5393
593.8975 201.6593
601.0075 194.8693
604.9175 189.6893
605.2475 186.5393
606.2575 185.5693
604.9575 181.6193
605.3075 178.0893
606.3375 176.5193
605.9775 174.3693
604.9375 172.4493
603.3175 171.6893
600.6575 168.4493
598.5875 167.5793
598.1275 166.8393
596.6975 167.2793
595.7475 166.6193
594.5675 166.9593
592.3875 162.5793
590.5975 163.1493
584.5975 163.1293
581.1975 164.0293
575.7375 162.4193
571.7075 159.8293
570.0575 159.7193
566.4175 156.7993
566.1975 157.3793
565.5675 157.2793
562.2475 151.9493
559.1975 149.6893
558.3475 147.8693
558.1075 144.2493
558.9175 139.5293
556.9975 137.9893
555.2575 137.7993
554.1275 138.9493
555.0875 142.6593
554.9875 144.8593
556.6575 147.7293
555.9975 148.3393
551.8575 147.8693
547.5075 145.7493
544.8875 141.4393
544.9175 140.7993
545.9175 140.1593
547.7475 140.1793
548.3075 139.5593
548.9475 137.8893
548.0975 136.3393
548.2875 135.1593
549.9575 135.9293
550.5275 135.6193
550.0675 135.0693
551.0975 134.5893
552.7575 136.9493
555.2775 136.8893
555.8775 136.3493
555.2975 135.1193
557.4275 135.2693
557.7875 136.1393
559.1375 135.4893
560.8475 136.0893
560.4375 137.1693
561.4275 137.2793
566.2575 135.5293
568.4775 133.1493
568.3675 130.9393
567.6075 130.7693
566.9875 129.4193
566.9775 126.6493
564.7675 123.9093
562.1175 125.4893
560.4475 124.5593
560.0775 125.8793
559.0375 126.3493
558.6075 126.9093
557.2075 127.4993
557.6975 125.9193
559.4775 125.7393
559.9575 124.3093
559.4075 123.7593
560.8475 123.4093
559.2975 122.0493
560.2375 121.9993
560.4775 120.0293
561.4675 119.0093
561.0375 117.0593
563.3075 116.6093
562.6375 114.7893
567.0575 106.4893
566.7775 104.0693
566.2075 104.5893
563.7775 104.5493
562.8775 103.8793
560.1875 104.3293
558.4475 103.2393
557.7375 101.7493
556.4575 101.1693
554.0675  98.4793
550.5875  96.5293
546.8975  96.5693
540.3475  99.9193
538.0575 102.1793
537.0075 104.7293
531.2675 106.7293
530.6475 106.2793
531.9875 105.6893
532.1275 104.3793
529.1775 104.1993
527.3375 106.0593
524.5275 107.3393
523.0275 109.2593
519.7375 111.3193
517.0175 114.6093
512.1675 117.0093
506.0075 118.7593
501.7675 120.7893
499.0875 122.8293
491.5975 124.8393
490.7975 125.5793
492.6775 125.4793
505.0175 121.3693
508.3775 121.0393
519.2175 115.5093
520.2775 116.7693
519.7675 118.4893
517.3675 121.2693
516.9875 122.8493
513.0575 125.0793
512.1975 126.3893
511.1975 125.6893
511.6875 124.5193
512.7975 123.8093
510.2975 124.0093
508.5675 126.6593
509.7075 126.6293
510.5675 128.1993
509.6675 127.5493
507.8675 127.9893
504.6475 132.7893
504.5975 135.5193
505.2675 136.5493
506.2275 135.7393
505.7775 134.4393
508.7075 134.7193
510.1675 134.0993
510.8875 134.7393
511.3475 136.6093
512.7375 137.4493
516.7575 136.5393
517.9875 137.0793
518.1775 138.0393
517.1075 141.6393
515.9175 141.6793
515.0575 142.5693
514.2275 142.5193
513.6375 141.0893
512.8075 140.8793
511.6875 141.6393
511.9675 143.1893
509.0975 142.5793
507.5675 143.1493
506.5075 142.1993
504.1975 143.1593
503.7375 143.8193
503.9575 146.2993
507.8475 148.9893
507.2175 150.0293
505.6875 149.2593
505.1875 149.3293
505.2475 149.9193
508.1375 153.2293
506.8575 153.0493
506.2675 154.1093
503.6875 155.9193
499.9475 155.3793
495.6175 150.8793
495.7775 149.2793
493.4875 148.0693
492.2175 149.3793
490.6875 149.4993
487.6175 151.3693
485.3375 150.8893
484.0675 151.4993
481.2875 151.3993
478.0575 152.9593
474.6675 153.7193
473.2275 153.1893
472.6075 154.9693
471.0775 155.4493
469.6675 154.8793
469.7975 156.1493
468.2275 157.7693
467.0075 157.0893
465.6975 158.2393
464.5475 158.3893
463.6575 156.2793
462.4175 155.2993
462.7975 154.4893
463.8175 154.6793
464.1675 155.3593
466.5075 154.9293
467.2975 154.3193
466.9275 153.5093
468.0075 152.8693
468.1575 150.9293
465.1175 150.3293
460.9675 151.4793
458.5875 151.1993
459.7075 152.8393
460.4875 151.8793
461.0275 152.3693
462.7275 151.1593
463.4375 151.3593
462.6575 151.8493
462.1775 155.2893
459.9975 155.9093
457.4175 153.4793
456.0375 153.2393
455.0475 153.8593
453.7775 156.0893
452.3075 155.1693
452.3075 154.1393
451.6475 153.7693
450.7575 156.0293
448.8275 155.9793
448.1775 153.7993
448.8275 152.6693
447.9175 152.4693
445.9175 151.9693
443.9875 153.8293
440.6975 154.0493
439.4775 154.9993
438.8375 155.6593
439.6675 155.9393
437.8975 158.2293
438.0275 158.7393
439.8375 159.2293
437.3975 164.3593
438.1875 164.9393
439.3075 164.4093
439.2475 163.5593
442.5175 162.9693
443.1775 162.0593
443.9675 162.4493
444.9975 166.1893
445.5075 167.1093
446.3075 167.2393
447.4675 170.0693
446.7975 172.9093
445.3875 172.5593
444.8075 171.5893
444.3375 167.5293
445.3775 166.7393
442.9175 165.0893
442.0175 163.1193
440.7775 165.1093
439.9475 165.4593
439.1975 164.9293
438.1375 165.7793
438.9575 168.9793
437.8675 171.4993
437.5675 174.6493
432.7675 177.9093
429.2275 179.3993
425.9075 182.9693
423.0875 184.3193
422.9175 185.8893
423.8075 186.4393
424.4275 185.4793
426.2375 185.2593
426.4175 184.7193
428.6475 184.8893
429.9175 184.0793
431.0775 184.3993
431.4275 185.6393
433.4875 186.7893
433.7675 188.2693
433.3475 188.8793
432.2575 189.1193
430.0475 191.0893
427.9175 191.1593
426.7375 190.1293
427.3975 189.0793
426.9175 187.9393
427.6675 187.2093
424.5775 185.5993
424.0775 186.8993
422.2075 187.0493
420.1975 189.6893
417.8875 189.3393
418.1075 190.5893
420.8175 194.9993
421.6875 193.6893
425.9475 194.3693
429.6075 197.2893
433.0375 198.0293
434.6775 200.3993
434.8575 201.6693
434.6275 202.9893
432.0775 206.6793
433.3675 212.9293
432.8775 215.3393
429.6675 220.7293
429.7275 223.9693
429.1275 225.8393
424.6375 230.3393
423.9875 232.2393
422.6675 232.9593
422.1275 234.5493
421.0475 233.5093
421.3975 232.0293
422.2575 232.3093
420.7075 229.5893
418.1675 229.2193
416.2275 230.2493
417.4975 234.9993
418.3175 235.3993
419.5275 234.7993
421.0175 235.6093
424.5175 235.4893
424.3575 234.9093
425.1075 234.4193
426.2375 235.0293
426.6575 235.9693
424.8475 235.1493
424.7375 235.6893
426.2275 238.0593
426.9075 240.4993
425.9075 247.4293
423.0575 254.0493
420.4075 256.8193
410.5275 263.0993
406.3375 264.4093
397.3075 265.4193
395.8875 266.5293
395.7475 268.1893
396.9075 269.0393
399.4275 268.4993
400.2075 267.6993
403.3375 267.3793
404.9375 267.9193
413.0275 266.0693
414.7675 266.0193
416.7975 267.0193
417.1875 265.9993
417.7275 266.7893
419.2175 267.0793
419.4675 267.8793
418.8375 267.6093
417.5275 268.2593
417.7075 268.7993
418.6975 268.5693
418.6275 269.0593
419.3875 269.0693
419.2375 269.6593
418.4675 269.2993
415.0275 270.6493
416.1675 268.1993
415.6975 268.1193
413.5975 271.2093
408.4875 274.9893
404.3875 281.3393
402.9575 282.0993
400.7675 282.6893
395.2475 282.0293
392.5775 282.5193
389.2675 284.0493
386.9875 285.9893
390.8675 286.1393
397.5675 288.0593
403.2875 286.8393
406.1675 285.6993
407.3575 284.5293
411.5475 283.2293
416.3775 284.0593
420.1275 285.9993
422.8275 288.2293
425.3875 288.5193
427.2975 287.9593
429.7775 288.7893
430.1275 287.2693
429.5875 287.0093
432.3775 283.2393
434.5675 283.3893
435.4675 285.1493
434.8975 286.3793
435.9475 287.1193
436.6975 285.8593
440.6775 282.6993
442.5075 283.1493
444.7075 285.1393
445.4775 288.5193
446.1875 288.6993
447.1775 285.8993
447.9975 288.6493
450.6475 288.4893
453.4975 289.5193
456.4375 292.1593
457.3575 294.5393
458.1075 297.2493
457.1975 299.4493
457.3375 305.5393
456.7775 308.1493
455.5875 310.1893
454.2275 309.9293
454.6075 310.6693
455.3775 311.1493
456.9775 309.8493
457.3075 308.7593
459.6275 307.4693
461.4475 308.0493
467.0875 311.6093
470.3275 311.9093
472.0275 311.1893
473.2375 311.4693
476.5275 315.9493
477.7975 320.5493
477.5475 323.4893
477.9775 328.6093
476.6575 332.3993
469.0075 336.6493
457.2775 337.6493
451.6375 341.6093
448.0175 343.0893
446.3975 343.0693
445.1575 345.1793
443.5475 351.7893
447.1175 346.4993

Syddanmark
11
353.1175  82.4793
352.6775  80.6393
351.1275  79.2793
350.4275  79.5293
349.3075  81.7693
349.5975  82.1693
348.6775  83.0893
348.3775  85.3293
352.0075  86.2393
352.7875  85.5993
352.3375  84.1893

Syddanmark
4
334.2975  86.1793
334.6075  85.2193
332.2675  85.8593
333.1575  87.7093

Syddanmark
5
336.1375  90.2493
337.3575  88.3993
335.5575  88.2193
335.1275  90.0193
335.8475  91.0693

Syddanmark
10
358.7075  96.3793
360.6775  95.8493
361.4575  96.2993
363.2675  95.5493
363.7875  93.5593
362.2075  93.5493
361.6075  94.7693
360.7175  94.6993
360.4275  95.5793
358.6275  95.7793

Syddanmark
6
335.3775  97.7893
334.3475  95.9793
333.6875  95.8593
332.4675  97.9093
334.3275  97.6193
335.1975  98.2493

Syddanmark
58
295.0375  99.0393
297.3275  98.4193
297.6775  96.2493
301.6775  92.1693
305.6875  91.3593
311.4775  85.3893
313.1475  81.8493
316.9775  80.5793
317.9175  78.1293
319.6775  78.5993
322.8975  82.5993
322.2175  83.7493
320.6275  84.4393
320.4975  85.2393
321.2575  85.1993
323.8075  82.3793
323.6275  81.3293
322.9375  81.5293
322.6475  81.0293
323.8775  79.5193
324.6875  76.2893
326.9475  73.7493
328.5975  72.7293
329.9675  73.8893
330.4475  75.8693
333.2875  73.1593
333.8775  73.5693
332.6975  74.5393
332.7075  75.3493
330.3975  78.3993
328.7675  79.2493
328.8375  79.9193
331.7475  80.2193
329.9575  79.6693
329.9275  78.9793
331.8575  78.6793
338.7175  71.6593
339.0075  69.3793
338.5675  68.5093
340.3175  68.9793
339.4675  69.7093
339.3775  70.8393
340.9175  69.0293
339.1275  68.3193
329.9075  67.1993
327.9475  66.0193
327.0775  65.0593
326.7475  63.1593
324.8475  61.7093
321.7375  64.5993
318.1975  66.6993
314.1275  71.3093
310.9375  76.1393
306.4475  79.0493
300.7075  86.3493
299.6975  91.7893
295.8875  95.7293
295.1375  97.0193

Syddanmark
18
325.0275 102.0693
327.4975  98.6693
325.5275  96.7993
324.7575  96.8193
320.2375 100.4093
319.2375 100.1893
318.0775  98.8293
317.0875  99.0493
316.4875 100.2893
317.6475 100.8993
318.3175 100.5493
319.3675 101.5593
319.9475 101.4593
320.0075 100.6593
322.9675 100.6993
323.7675  99.7593
324.9675  99.7293
325.5275 100.3393

Syddanmark
8
331.0075 108.7193
333.1475 107.8393
334.5675 106.3793
332.4375 106.8393
331.3375 105.5593
329.6575 105.7593
329.3375 107.3693
330.7975 109.4293

Syddanmark
14
304.4775 111.4193
305.8775 110.4493
307.9975 110.5793
310.4575 108.7693
313.2375 109.8893
313.6175 107.3193
312.2375 106.9793
309.4675 108.3193
307.4675 110.2393
302.1475 110.2093
299.1875 113.3893
299.6475 114.8893
301.4675 115.4293
303.6175 113.2593

Syddanmark
54
353.8875 119.1993
354.6875 118.6993
354.3075 117.6293
355.5375 116.8093
354.9175 114.7193
355.7975 114.0393
357.4475 114.0093
357.7975 111.7993
357.3775 110.9493
356.3375 110.6993
354.9175 105.4393
354.2775 104.5293
353.6475 104.4693
353.5475 105.0693
352.7975 103.4193
354.2975 101.3193
357.2675 100.6393
358.9275 102.2993
359.4175 104.5693
361.1575 105.3693
362.3175 105.0893
361.6175 102.2993
361.8675  99.5993
361.5475  98.9993
361.2375  99.5493
359.2575  99.6193
356.8475  99.0593
355.6075  97.1893
354.1575  96.6393
352.3775  93.3893
347.3575  95.1693
346.3075  94.9993
348.0375  93.1993
345.6175  93.5193
343.2775  92.1793
343.3875  93.0893
344.6575  94.1693
344.3775  94.6593
342.6275  94.3493
342.7475  96.7593
339.8875  99.1493
339.2675 100.3993
339.1075 104.1393
339.7775 105.0793
338.0775 105.9193
337.8575 107.8593
340.2675 107.8393
341.9175 110.1693
345.8875 112.1993
347.7675 114.6393
349.2175 114.8893
350.3475 116.7993
353.1175 118.5793
352.4675 119.1293

Syddanmark
16
363.5475 119.3393
364.5375 118.7093
365.8275 113.0193
364.7675 113.0593
363.7275 113.9593
360.9475 112.9693
359.0075 113.1493
359.3875 114.8993
362.3475 115.0093
363.5075 115.8393
359.2175 116.0293
356.8775 114.9593
356.5375 115.2593
356.1175 117.6393
356.9475 118.3593
359.3275 117.9193

Syddanmark
10
288.6875 117.8093
290.7275 117.3093
291.4775 116.0093
290.1175 114.5393
286.8975 113.5493
285.5475 114.1693
283.9975 116.7293
283.8475 118.9693
285.9975 120.5093
285.8875 118.5893

Syddanmark
7
303.4175 119.3093
303.5375 118.8293
301.8675 119.3893
299.8075 121.0893
298.9875 122.3493
299.2475 123.0893
302.4075 120.8993

Syddanmark
118
244.5175 117.7793
246.2075 117.0593
247.3775 114.7793
249.6375 112.3693
252.4075 110.7193
256.3675 110.4093
259.5475 109.0093
261.7875 107.3193
263.9075 104.3793
264.4775 103.8993
266.0975 102.1193
270.1775  93.8093
272.6875  89.3993
272.7675  86.3893
273.4075  84.0193
274.6775  81.1393
275.7375  80.2693
276.4575  76.2793
275.5175  75.4093
271.5675  75.8093
269.5475  75.1793
265.0175  70.3893
258.6075  70.6893
253.9775  73.2393
251.4775  73.3993
248.2775  76.2993
248.4575  76.9893
252.7175  81.0093
255.1175  77.9693
256.5975  77.7293
259.9475  75.6093
260.2675  74.2093
262.5975  74.0393
265.1675  71.2593
266.2475  72.2693
264.9575  75.4193
263.7375  76.7993
260.2275  79.0993
259.5275  80.1393
255.2675  81.8293
254.0375  83.2393
251.6175  83.7493
250.8375  83.4193
249.9575  81.5993
248.7975  81.8593
243.3275  79.2293
238.3675  81.2393
236.5875  83.3193
236.8775  84.3993
236.3775  85.5393
234.6875  86.2893
234.7175  88.2293
233.8275  90.0193
234.0975  92.2793
233.2775  98.9293
232.1475 100.4893
233.3475 101.6693
235.2375  98.7793
237.9775  97.9493
241.7175  91.8293
243.0275  90.8893
242.1875  89.9593
243.7375  89.8993
244.4275  90.2293
249.1075  92.0293
249.0375  92.4993
246.3375  91.8893
243.8275  93.4393
246.7275  94.5293
246.5075  95.0093
244.4875  94.6593
243.4275  95.4793
244.8375  97.6693
246.1475  97.3693
246.6275  97.8393
246.1675  98.4893
245.2275  98.2893
242.0575 100.8993
236.8075 101.6993
236.2775 102.9493
236.7575 103.8093
239.3475 104.9793
236.1675 104.2093
235.5675 104.8193
235.6775 105.7493
237.8175 106.6293
238.0875 108.2293
234.2075 108.5193
225.1375 107.4493
221.9875 109.4293
220.7375 110.8893
219.8075 110.9593
219.6875 112.7293
223.1675 113.6393
224.6975 115.0393
225.8475 114.6693
225.7475 113.4593
227.6675 113.3593
226.1375 114.8393
226.4575 115.1393
224.8375 115.2993
226.0575 115.8993
225.9775 116.5993
224.6375 116.4893
224.6775 115.9793
223.2375 115.0493
223.6975 114.3293
222.3375 114.2893
219.8175 115.2193
217.3575 115.2293
216.6175 116.5493
216.6775 118.1593
218.4875 119.0193
220.5775 121.6893
225.0275 124.4993
231.2075 126.0193
234.5275 125.2693
241.2475 121.3693

Syddanmark
9
207.2975 133.1593
206.6575 132.5693
204.7075 132.5393
204.5975 134.4293
203.7475 134.7193
203.6375 135.8393
204.2475 137.2993
205.9575 137.0393
207.3175 135.0593

Syddanmark
77
398.8075 141.1193
396.0475 125.7293
390.5975 107.6693
390.3875 104.5693
385.2675  98.0193
381.4775  89.5293
380.9775  85.8593
379.7075  83.9093
379.3075  78.3693
373.9875  64.8293
373.7475  62.3493
370.9975  54.7693
368.3875  44.3293
365.7375  40.4593
362.6375  39.1393
361.5275  39.5693
358.9575  43.4593
359.3375  43.9393
358.8275  45.5893
359.9475  46.3493
360.0875  47.7993
357.8975  52.9593
357.6775  57.1993
354.5075  62.1193
349.9575  65.1093
348.9975  67.1293
349.5175  67.1993
349.7075  66.4693
352.6675  66.2793
354.3175  65.0093
354.7475  65.7293
355.3975  65.6193
355.3575  64.8593
356.1575  65.0993
357.8975  68.9093
359.2675  69.2893
358.3675  70.1693
359.4875  77.4393
361.0075  77.6393
361.4975  75.7493
363.7175  74.6993
364.2375  76.2193
367.2775  76.4593
365.7775  78.0693
365.5975  79.0793
365.0175  80.2193
364.4075  81.0993
364.3575  83.5393
363.1075  81.0993
361.5275  82.0093
360.6675  81.3193
359.9875  84.2593
361.0075  85.0793
361.4475  87.4493
363.3275  89.2493
363.9675  91.0193
365.5675  92.0193
366.1575  92.7093
366.7475  94.8193
371.2075  99.9993
372.7075 100.7493
373.0675 101.6793
375.5875 101.3993
378.4875 104.5393
379.0675 106.5693
380.5575 108.4393
381.0175 110.7693
383.6975 114.1093
384.0075 116.6693
385.7775 120.2793
387.8275 130.4293
390.9175 136.0893
391.2975 139.2193
393.9775 141.7193
395.3575 144.4693
396.5875 145.5293
398.3275 144.1293

Syddanmark
15
232.9375 171.5993
233.6075 167.5893
233.9475 167.6593
234.7575 168.6993
233.6775 169.1893
233.7975 169.9693
234.5175 169.7993
235.9875 170.9293
235.5875 169.2293
233.2175 166.1093
230.4375 166.0193
228.5175 168.3493
229.5475 169.0793
228.7075 170.9893
231.4675 172.0293

Syddanmark
11
241.6875 184.8693
243.0775 180.8593
242.7375 178.5393
238.7275 177.1993
238.2175 177.9193
238.2775 180.8193
237.5375 182.2093
238.3375 184.5993
240.3875 182.9093
240.5675 183.8293
239.7175 183.9693

Syddanmark
6
226.9875 191.6893
225.1075 190.7093
223.2975 192.1393
224.7375 193.7493
226.3775 193.9993
228.0275 192.2193

Syddanmark
28
 37.5575 216.8793
 38.3375 215.6293
 38.9475 217.6593
 41.2375 219.4893
 44.4575 219.2693
 46.4875 218.3493
 45.9475 211.1393
 46.6775 209.7393
 48.0375 208.6793
 49.7275 211.3893
 50.7175 211.8093
 52.7375 210.4293
 52.5975 209.1993
 54.3675 204.0493
 51.7675 201.2693
 51.9575 200.0393
 54.5075 197.0493
 55.3075 191.7693
 56.6575 191.9593
 55.0975 188.6993
 55.5275 187.8193
 52.2875 188.3093
 48.7875 191.0293
 41.7875 206.4393
 38.5475 210.5493
 35.7175 212.5393
 35.2775 216.7093
 39.4775 219.6693

Syddanmark
7
332.2475 218.7493
329.7475 217.9193
329.5375 218.8693
329.6475 220.5193
330.7475 221.7693
332.1775 222.1693
331.0575 220.3793

Syddanmark
9
225.2875 220.7993
223.5075 221.1693
223.2175 222.6193
221.6975 224.8293
222.2275 227.0693
223.9975 226.4293
225.6475 223.6593
227.1675 223.3893
227.3375 221.7693

Syddanmark
4
351.2575 245.5693
350.7775 245.5193
350.5075 247.0093
350.9075 248.0293

Syddanmark
6
351.4875 250.8793
351.7875 248.6193
352.8075 248.4993
352.0575 248.1393
352.2575 246.9293
350.9875 249.1193

Syddanmark
456
348.8875 254.0593
349.6875 253.6393
351.7175 253.9193
352.0375 255.8993
350.6875 255.6493
350.3475 254.5993
350.1975 255.2493
349.4875 255.0093
349.9275 255.6293
352.0675 256.1193
352.9575 254.9293
359.5675 243.7193
361.0175 240.0693
364.1875 236.3893
363.8575 233.6593
365.3375 229.5193
366.4075 227.8093
368.8975 225.7293
370.2775 222.4793
370.0475 221.2993
368.6175 220.6193
366.9175 220.4493
365.2475 221.0293
359.7975 218.1793
358.6975 216.2493
358.7275 214.9493
356.9575 214.0093
356.0175 215.0493
354.3275 215.3693
354.1475 214.3493
354.6175 214.0793
353.3775 213.8193
351.6875 214.5893
350.6675 216.3393
347.0875 217.7393
346.9975 216.8593
343.3075 215.7693
343.8775 214.5893
343.4275 213.5793
341.8375 213.7193
341.9675 212.6693
345.7675 208.1093
346.4075 208.0193
347.3375 209.4393
346.2175 214.8993
347.9975 216.5493
350.4875 215.3293
350.5075 214.2693
353.1075 213.3793
355.0875 211.8893
356.3575 213.0193
357.4375 212.8993
357.7775 214.0193
358.9475 214.7893
359.0675 213.9993
361.8475 211.5893
363.7375 208.5193
365.3575 206.7893
367.0175 206.3093
369.3475 202.2093
372.2375 199.6793
373.8875 195.7993
376.1375 192.6693
379.9875 180.8493
382.8975 178.3293
384.6275 178.3493
384.5675 177.8793
383.3275 177.6393
384.4875 176.3093
384.2675 175.6193
380.8375 174.6693
380.4275 174.9393
380.8475 175.5093
381.4075 175.2193
381.6475 175.6293
380.7375 176.4393
381.0075 177.3093
379.9275 178.0193
379.4175 177.1693
379.2275 177.9693
378.3775 178.1093
378.0575 178.9793
376.9575 179.6293
376.4775 179.2593
375.4275 179.7893
375.8075 177.8693
375.1875 178.4193
374.3075 177.5293
371.5775 177.9293
370.0875 177.1493
374.6575 177.1993
375.7475 176.1893
376.2375 175.1193
375.6475 171.7393
379.4675 161.5993
378.6275 158.8593
379.0675 155.5993
378.2975 149.3893
376.1675 145.2793
376.0675 143.2393
375.1375 141.1493
375.3375 139.2493
374.4475 137.6393
374.4175 134.8893
373.3475 132.3093
373.9675 130.2093
372.5375 130.0293
371.3575 128.9793
370.5875 124.5993
369.5475 122.3393
366.7675 121.2993
364.2475 119.4593
364.4275 120.4793
362.0675 121.0993
361.3375 119.7593
359.0775 119.8893
358.5275 119.3293
357.6475 119.7693
355.5275 119.0393
354.7075 120.1793
352.9475 120.1093
351.7475 120.7993
351.5775 118.7393
350.5075 118.4393
349.4075 117.1893
339.9875 113.5293
338.1375 112.1693
334.3375 113.2893
333.1575 115.2293
331.8275 115.9693
330.1075 115.4393
325.1175 115.8093
324.1475 115.2893
320.1175 117.5793
320.4675 118.7993
318.4475 121.4893
317.5975 121.1993
317.8975 120.0393
315.7475 117.9793
314.5675 118.1693
314.4875 118.7193
312.6275 118.3693
310.9875 118.7993
310.8075 120.8693
307.8875 121.8093
307.5975 122.9693
306.0675 124.0793
305.9575 125.0893
304.6075 126.1393
302.6375 126.4593
300.6775 128.1293
299.7275 128.1693
298.8575 128.9593
299.2375 129.3993
298.3075 130.1293
295.5675 128.4393
297.5775 127.0793
298.4275 124.4393
297.7375 123.3093
296.3875 122.8193
296.1775 121.6393
294.6775 121.7793
294.6975 121.0193
296.6875 121.2193
295.2475 120.0793
294.1675 120.8693
293.9175 122.5893
292.3375 124.7793
288.9075 124.9793
284.7775 127.4993
277.0475 124.0393
276.3575 126.5693
277.9375 129.5593
278.1975 131.4093
278.9675 131.9493
279.7075 131.2793
281.0775 131.4193
282.8375 133.7593
284.4975 134.3993
285.4375 134.1593
285.9475 135.0693
286.8775 134.7793
286.8675 135.5593
288.4975 135.1393
290.8875 136.6993
289.2475 137.6593
286.5975 142.7893
285.9075 142.4093
285.3375 142.9293
285.1275 145.8893
283.2775 148.2793
282.2975 151.4893
281.4975 151.6093
280.5675 149.9093
279.7375 150.2893
278.5275 148.2693
273.3375 148.5393
269.3475 149.5793
269.1775 152.9493
265.8875 154.4993
265.2475 153.7893
266.3675 152.1393
267.0875 151.6693
266.1175 150.0893
265.2175 150.6793
264.7775 148.1193
266.0775 149.0993
265.5975 147.5693
266.3875 145.7493
268.4075 144.3793
272.8275 137.9493
271.4875 135.6493
270.1475 134.7893
267.3675 135.4593
263.7675 137.7493
263.5775 138.3493
265.0275 139.7793
265.4975 141.2993
264.2175 146.0993
265.0775 154.4593
264.6875 155.7193
263.6475 157.3593
262.0075 158.5293
256.7775 158.6593
255.8575 160.9993
254.0175 162.8793
250.3975 165.0993
249.9675 164.5093
248.2775 166.5893
249.1875 167.0393
249.8375 166.2293
251.3775 165.9993
250.5475 165.3193
251.7575 164.7693
251.9375 164.9793
252.7575 166.5693
252.3275 167.6293
250.8375 168.4193
250.2875 170.0593
250.8475 169.9693
251.4875 170.7693
251.9675 179.6393
251.1775 183.1793
249.8075 186.0593
249.9475 187.8393
251.1575 187.1593
252.1875 186.7793
252.7475 187.8893
250.3075 188.7893
249.3375 190.6593
249.5175 192.0693
247.6975 190.6093
244.6475 190.4593
237.2675 193.6793
237.6775 196.4593
241.7375 196.8393
243.4675 197.5093
244.6575 198.7693
244.7375 200.4593
242.3975 203.1893
241.1875 204.2593
237.5175 205.2193
238.8975 206.3493
241.3675 205.4393
242.5075 205.7993
242.9675 206.9493
242.6875 208.2493
237.9475 210.3993
235.3875 210.1893
231.3475 211.0593
230.8775 211.7093
231.7475 213.6993
228.7375 217.0393
227.6175 219.2893
228.3875 220.4893
229.1975 218.7093
232.9375 215.5793
234.1875 215.1893
234.6075 213.7893
236.9575 212.2193
240.9275 210.4793
242.6175 211.0893
241.8475 212.4893
240.0475 213.2893
239.6675 214.8493
238.5775 214.6293
236.6675 215.8893
236.6875 216.5393
235.9375 216.5593
236.4175 217.6693
237.3375 216.7993
238.6575 216.6993
237.7475 218.2893
236.8575 218.0993
235.9775 219.3993
233.3675 218.7993
231.0675 220.2993
229.3575 225.0493
225.5175 225.4593
224.9375 226.9493
222.7175 228.4793
222.2575 230.6293
223.1675 231.3693
224.9175 231.2093
228.4575 228.7993
231.6075 228.3793
232.9975 229.5993
234.9075 234.2693
233.1075 237.2493
236.8575 237.2493
240.0275 239.5193
243.8975 240.1693
245.8275 239.1493
246.3375 237.8793
245.9575 232.9193
248.2175 230.1093
255.2575 229.0393
258.4575 229.6693
266.3875 236.1293
270.0475 238.0393
271.7875 240.6793
276.9775 241.8293
277.9875 243.0593
278.6175 243.5093
281.4175 244.9093
283.9175 245.5393
285.8775 245.5893
288.0875 247.2393
291.4975 248.5393
293.6075 248.3993
293.9075 248.8393
292.9275 250.3493
294.0575 250.1293
294.7475 249.0893
295.8975 251.2393
299.0675 252.3093
306.4675 253.4693
307.4475 252.8493
305.9175 253.1393
305.5075 252.3693
306.3675 249.8693
305.5175 249.1493
305.8775 248.7093
305.9875 248.1293
305.5875 247.1493
307.2875 246.6793
307.9875 247.3993
310.3075 247.3893
310.6075 248.3193
308.8975 249.8893
308.9675 253.4093
307.2675 256.2093
309.9875 256.6893
324.3475 248.5093
329.2175 243.5693
341.4075 234.4393
344.5575 230.7593
343.4875 230.1493
341.2975 232.1693
339.3975 235.6793
335.4075 238.4993
334.7775 237.9193
335.6175 236.2893
334.4375 236.0193
335.6575 234.5793
333.6775 235.2093
332.9175 234.1693
332.1175 234.4293
332.0075 233.2393
333.8275 231.7893
333.8775 229.6393
334.8175 228.1593
336.0475 227.7993
336.6175 226.5993
335.0775 225.5793
333.9175 226.1493
333.1475 224.8293
334.3075 224.2293
334.5875 223.0393
330.2175 224.0993
329.7075 223.5893
329.7675 221.5693
328.2675 221.8793
327.5575 219.4193
328.2175 218.6693
327.3375 218.2393
326.9075 215.8993
327.1575 215.1293
325.6475 211.8693
325.9175 211.3593
326.7475 212.0093
328.2475 211.4193
330.0975 213.1193
332.3175 211.7593
333.5475 213.2593
334.7875 213.7693
335.7875 215.3393
334.9375 217.1193
334.2175 216.7593
334.4575 216.0693
333.2875 216.3993
333.4975 217.5293
334.1175 216.8393
334.7975 217.2993
333.6475 220.2393
339.1975 218.3693
340.2675 218.9393
341.5075 220.9793
343.2975 219.7693
344.1375 219.8793
344.1575 220.7493
346.2875 221.1893
347.1175 222.5293
349.5675 222.9593
351.4575 221.5293
353.1975 223.6293
353.5375 224.4993
352.5775 225.8293
352.6175 227.8293
348.6475 230.0393
345.8075 230.7793
345.2775 231.5793
345.3875 232.6593
346.8175 234.0893
348.2675 234.5793
349.3275 234.1993
350.2675 232.0093
351.8975 230.9293
352.8975 230.6293
353.8275 231.5293
353.9575 232.4593
352.3975 234.1593
352.7275 237.8793
350.6675 241.1093
350.5375 243.8793
349.3575 247.2993
350.3975 249.7893
350.7075 249.1393
350.2875 248.9493
349.5475 247.4093
351.3275 243.6493
353.5775 240.8493
354.3475 242.3293
354.1175 242.9493
354.7775 243.2393
352.9975 244.6993
353.0575 245.1793
354.3275 245.0593
353.7975 248.6593
352.7375 250.0193
352.1075 253.1893
351.2175 253.2793
350.8275 252.3793
348.2275 254.3793
348.5875 256.1993
349.6575 254.4193

Syddanmark
11
290.0275 262.7693
292.8475 261.8993
293.1075 260.4393
291.7375 258.7593
291.7575 255.1293
292.5575 253.5993
291.8575 252.5793
291.2375 253.6493
291.5275 258.3093
289.5075 260.6993
288.9975 262.8093

Syddanmark
585
170.2175 334.0593
171.4975 333.9093
172.0275 332.7393
173.4275 333.1093
174.2875 332.2293
174.7875 332.9093
174.7875 332.9093
175.2975 333.4493
175.2975 333.4493
176.6675 333.4693
175.9675 333.8493
175.9675 333.8493
175.9575 333.9193
175.9575 333.9193
176.6275 334.2493
178.6675 332.4593
181.6375 331.2493
181.6375 331.2493
182.0875 329.8993
181.6775 329.6593
191.8775 315.5593
189.1075 313.5693
191.2475 312.6393
190.1075 308.8693
195.0975 308.3793
195.0375 307.0593
197.9175 306.9893
198.3875 302.8693
200.1975 296.8393
203.0575 296.3293
202.8375 293.7893
208.3975 294.1493
209.2575 295.7693
210.7775 293.7093
209.1375 291.5293
211.5275 288.5693
214.6275 290.1093
217.8575 289.0193
218.4275 290.4193
222.5175 287.9393
222.9375 284.6093
221.2075 278.7893
221.2075 278.7893
211.6875 276.9893
211.0575 277.6093
208.4275 276.8693
206.6375 277.2893
206.3475 278.0693
205.4375 278.3993
205.0675 277.2793
205.6175 276.7793
205.2075 275.5693
209.5775 273.3493
217.5175 274.3693
218.9175 273.3193
220.5775 274.5193
223.1475 271.5893
223.4875 269.8693
225.7075 267.2493
226.7975 267.5893
230.3275 265.6293
231.5375 259.3893
232.1875 257.7793
233.3175 256.9293
238.7575 257.6393
239.8675 258.2593
247.2175 257.4493
245.5175 255.3393
238.2475 250.0193
237.5575 247.0493
234.7575 243.6793
234.4875 240.5693
232.7875 241.3493
231.1775 240.9993
230.2075 241.3493
229.7175 240.9593
229.0375 239.5193
229.2175 237.3693
230.9275 232.7693
230.6975 231.4493
228.3875 231.3293
224.3375 233.0893
221.3975 233.6493
216.8275 229.1093
214.9275 230.2293
213.7475 229.4493
212.3975 229.4393
211.9775 231.7193
211.4275 231.4793
206.9475 233.5993
206.2875 232.7593
207.2675 231.1493
207.9475 230.9293
208.8175 231.6293
209.7575 231.4693
209.7575 231.0093
208.1275 229.6093
205.9975 231.0193
205.3775 230.5093
208.6075 229.2693
209.0375 226.1693
207.6075 226.6793
203.1975 226.0093
200.4975 226.3193
199.4775 227.1193
194.9975 224.4293
196.9075 224.3093
199.4075 222.8693
201.2875 223.8293
207.0475 225.0793
208.0575 223.7193
209.4275 223.3993
211.7475 226.1093
212.7175 225.6793
214.8375 226.5693
224.2075 217.3793
223.3575 215.6693
218.6875 211.4193
215.8675 209.9493
213.0275 209.8293
211.0775 208.9293
210.2875 207.0893
213.1075 201.5193
214.2775 200.4893
214.3275 199.2693
213.3975 195.7593
211.5175 193.0193
211.1775 194.2993
210.0075 195.4493
207.5775 196.2793
206.2875 195.7293
207.0075 195.5193
207.8475 193.3493
208.9075 192.9293
209.9975 193.2593
210.3075 192.7693
210.9775 193.1593
211.3875 192.0693
214.6275 191.9393
217.7775 188.3993
218.2175 184.8593
215.7275 181.2593
217.1775 181.3393
221.2375 174.6893
220.4875 175.2593
218.3675 174.9093
216.8675 175.9593
215.2075 175.7093
212.8175 171.9593
209.0575 170.9793
208.9075 168.1993
207.3875 168.0493
206.4075 166.4293
206.2775 165.7193
206.8975 165.5093
207.2875 166.6793
209.8275 167.9393
209.3475 169.5893
209.8275 170.5993
212.8675 171.2593
215.1775 174.4993
216.2075 174.6993
217.6575 173.5493
219.2875 174.1993
222.8975 171.1193
226.8375 169.0893
227.7375 166.3393
226.7975 164.4593
227.3075 163.1293
224.8075 160.5393
223.9075 158.7593
224.5975 154.0593
224.2375 152.7693
215.3675 147.7893
214.2075 149.4193
214.9075 151.4093
215.6275 150.3293
215.1975 150.1793
215.3275 148.1393
216.3475 148.1193
216.5975 148.6493
215.3475 151.4593
209.8675 152.4093
205.9775 148.6093
204.0475 147.8593
201.0075 145.2293
197.2675 143.5693
196.9875 142.5793
197.7575 141.7893
198.1675 138.4193
200.2275 136.9293
200.1175 136.3893
197.2875 136.3193
193.8975 137.4293
192.4775 135.7893
192.6775 135.0993
193.2075 135.2793
193.0975 133.8393
192.2775 133.8793
192.3575 134.7093
191.5675 133.2793
192.7975 133.1893
194.4375 134.3193
194.9875 133.3993
196.2375 134.5393
197.0875 134.4093
198.4375 132.4793
200.2275 132.1293
202.1075 129.8493
202.9075 127.8693
204.5275 127.3193
204.4675 123.8893
197.5375 116.6293
196.8875 117.2093
192.8275 117.3593
191.9975 116.3293
189.4575 115.5293
187.6075 116.0293
187.2975 117.0093
187.4575 115.9893
186.8375 115.7993
187.4675 115.7193
186.8575 115.4493
187.4075 115.4793
187.5675 114.7593
186.7675 114.9093
187.1175 114.1893
186.6275 113.8193
187.1175 111.7293
188.3875 110.9493
188.5275 111.6693
189.3375 111.8293
191.0775 109.6493
194.7875 110.0193
196.4075 109.2893
198.3575 109.7293
200.0575 111.6193
204.0875 113.3293
207.6175 114.0093
207.7075 115.9193
208.8775 116.3193
212.2175 114.2693
213.7775 110.3493
215.4875 108.1993
218.6875 107.1693
222.7975 104.4793
224.2475 102.8193
227.0275 103.3793
230.3875 102.7093
230.6075  99.4993
232.3375  97.5693
232.0175  95.8693
232.7375  88.6293
233.9875  87.8293
234.4775  85.4993
236.5475  84.3193
235.9275  82.4993
232.9775  80.9793
226.5475  82.5093
225.3775  80.6793
225.5975  79.4093
226.7575  78.7893
228.6275  79.0393
230.6975  77.1793
231.0675  74.3593
233.2575  72.4793
233.6475  69.7693
232.4475  67.3393
228.9175  66.0793
228.1475  67.4993
225.7975  68.8693
226.0475  70.2293
222.4475  71.3793
219.3475  70.8793
216.6875  72.2593
216.3475  73.6793
218.3175  75.0693
219.1775  77.0893
217.9575  77.2693
217.1475  78.0893
216.4075  80.1093
214.3875  80.5793
212.6075  82.5593
211.1375  83.0593
212.1775  84.1693
216.5175  85.3893
218.0675  85.2693
219.0775  83.6793
220.9175  83.9193
221.6575  84.8093
221.0875  86.2393
218.8075  88.0393
216.7675  89.3993
214.3275  89.9593
213.4175  88.7193
212.9275  85.3693
212.3975  85.0793
211.7375  86.2593
210.6175  85.9693
209.8375  84.9993
210.9975  85.0293
211.5975  83.9093
207.7775  81.7893
208.4575  81.1093
208.2575  79.1993
206.6675  76.6593
205.3775  75.8893
202.8675  77.1893
202.4975  75.9993
200.8175  76.0593
200.2475  74.8793
198.8075  74.7393
197.2575  72.1993
196.2675  71.6693
195.3575  69.3693
193.3475  68.6393
192.1775  67.1993
190.1675  66.9693
187.9875  65.5093
186.0375  65.5193
186.0475  66.9193
184.7575  67.9893
183.9075  67.4993
181.1875  67.1993
180.6275  65.7193
179.9775  62.8793
177.5275  61.4593
176.1375  59.3993
175.7575  57.8593
173.7875  59.1393
168.8275  59.9293
169.0175  58.1993
167.8375  58.8193
167.5375  60.0993
165.6375  60.6993
162.8175  60.0993
160.8475  65.2693
160.7875  66.2693
162.0975  68.2993
161.4575  69.7693
156.5875  71.9393
155.1375  71.9893
149.3975  74.8593
143.4875  75.5293
140.7675  74.6193
134.8275  75.0493
130.2075  78.5293
126.0075  79.8793
121.0575  82.3593
116.2175  82.2393
113.2975  82.9293
108.7775  80.9693
107.2675  81.1093
105.1475  83.3793
103.8875  83.3893
103.1075  82.6993
102.1175  83.1793
100.4075  82.8793
100.4175  82.3893
 97.2975  80.6393
 97.3575  79.9993
 94.3075  81.0093
 90.5575  80.0193
 84.0775  84.2493
 82.3475  84.4693
 81.1375  83.8493
 77.7775  84.5293
 80.8675  96.9393
 81.0275 102.5193
 77.2475 115.4193
 79.2575 127.3593
 79.7675 127.2893
 81.0575 129.6893
 83.0575 136.2393
 84.2575 137.2693
 83.6475 138.4893
 84.7875 140.5393
 82.9375 141.3993
 80.0575 141.5793
 74.0475 140.6993
 66.8175 141.8693
 66.0175 140.0193
 66.6675 135.9793
 67.2475 135.2793
 66.0875 130.1893
 68.6575 126.2793
 67.8875 126.1893
 66.9875 124.6093
 65.5775 123.8093
 62.5075 124.1493
 63.5875 123.3493
 62.9475 122.7593
 64.1375 121.4093
 62.6875 120.7193
 61.7275 120.4093
 59.8275 119.8293
 58.8075 120.6893
 54.4875 127.7293
 54.0575 127.5293
 53.7775 129.5693
 53.9975 130.0093
 55.4475 129.8793
 55.6175 130.3593
 54.0575 130.3793
 55.7575 140.3693
 56.1875 148.6993
 57.2375 150.4993
 58.6475 149.5793
 59.0275 149.9793
 58.9875 150.5793
 57.3375 151.1993
 58.1975 154.4193
 59.6775 155.8693
 59.9775 155.5093
 62.5975 156.3493
 61.9675 154.4093
 66.2575 154.4893
 69.2575 153.7793
 69.7175 153.2093
 71.7075 151.6693
 71.9375 150.8793
 70.9675 149.0793
 69.0675 147.2893
 68.6275 145.4093
 69.2875 144.8493
 68.4375 142.8093
 77.1175 141.4493
 81.8175 142.1493
 81.7375 142.7793
 82.7675 143.7493
 83.8075 143.8493
 84.2975 142.9693
 85.0475 142.9493
 84.7475 143.5593
 85.4575 144.2393
 84.6275 144.9893
 81.9975 159.3993
 81.5075 158.0593
 80.6275 158.3293
 80.6475 159.9093
 81.5175 159.9493
 81.1475 161.7193
 81.9475 162.7093
 80.8775 163.2493
 80.7275 164.5093
 81.4475 165.4493
 80.9275 166.1193
 81.9075 167.1093
 80.6375 167.4393
 80.4075 168.4493
 81.6575 168.8893
 81.3975 169.7393
 80.3275 169.5193
 80.0575 170.4093
 79.2275 170.3893
 78.8875 170.9793
 79.7375 171.6293
 79.9675 173.1793
 80.4675 172.4593
 81.1775 172.6493
 80.3575 176.7793
 81.0875 179.5193
 78.9075 180.2493
 74.7975 177.8693
 73.7975 176.5893
 71.0975 175.5493
 68.7775 170.3993
 67.0675 169.7193
 65.2475 169.8793
 63.5275 171.7193
 63.5775 173.8193
 65.6975 176.6193
 67.6375 177.2793
 71.7275 176.6793
 78.8475 180.9693
 81.2475 180.2193
 82.5975 183.8893
 82.7375 186.0993
 81.9275 187.1593
 82.0775 188.2893
 80.8475 190.0493
 76.1475 208.7893
 73.6175 210.1493
 71.0475 212.5193
 68.0275 213.8193
 66.3775 215.7393
 65.1275 216.1293
 61.8975 214.9993
 55.3275 216.5993
 54.5075 214.9093
 51.0475 216.4293
 52.1875 216.5193
 52.0075 217.1593
 50.4175 217.5993
 50.2175 216.6793
 49.5775 217.2193
 50.3375 218.6093
 49.3775 219.9293
 48.1575 221.7793
 47.6075 222.7193
 33.7975 238.1393
 30.5175 243.1093
 30.9875 244.9493
 33.5575 246.2193
 33.6075 247.1393
 32.6375 248.5393
 30.0575 249.9693
 27.0975 250.2193
 24.3175 246.5893
 23.8875 244.7693
 22.7075 243.1293
 22.7375 240.2593
 23.4775 238.0793
 24.8575 236.1093
 27.3075 235.0893
 25.9675 232.6893
 27.1875 230.7293
 29.3475 229.3893
 32.2975 225.9493
 32.3675 222.2593
 30.6075 221.2093
 16.4775 233.4593
  0.2575 241.1193
  0.3275 242.6193
  2.9975 249.1893
 12.0075 278.7493
 14.2475 293.6493
 13.4975 304.1693
 13.4975 304.1693
 16.0975 304.6493
 16.0975 304.6493
 15.7175 305.8793
 14.6775 306.5693
 14.7375 307.8893
 14.7375 307.8893
 16.0475 308.1893
 20.9275 306.8793
 20.8075 304.7693
 23.6875 303.1993
 27.3575 299.6593
 28.4275 299.7193
 29.1475 300.7193
 34.3675 300.5993
 38.3775 305.8393
 42.4175 300.7393
 48.5175 300.1293
 47.2775 299.2493
 50.8175 297.4293
 52.0175 294.5693
 58.2875 294.6493
 60.9475 297.2993
 60.7875 302.8793
 64.1175 303.5593
 65.4275 305.8393
 63.4875 310.4693
 68.6975 312.0693
 71.8975 308.9193
 83.4075 312.2193
 87.8075 309.6293
 89.7975 303.7493
 94.8475 301.8393
104.2375 305.1093
 99.7675 309.6293
103.7375 312.0093
106.0175 320.4493
108.2275 320.0693
109.5475 323.7993
111.4875 323.3993
111.8175 323.8793
123.4475 321.2093
122.3775 311.5193
129.4975 307.8593
132.3575 310.2993
134.5975 309.2793
136.3275 312.7893
137.9975 311.2593
139.9375 316.7893
141.6575 319.3193
144.4575 317.3693
148.9375 320.8793
155.2675 329.0593
155.1875 332.4993
158.5375 338.4093
163.7675 338.1093
167.0275 334.3593

Syddanmark
8
219.2675 157.7193
218.7175 157.6293
219.1775 156.6093
222.7275 157.2293
222.2175 158.2693
222.1475 158.7593
221.0775 160.6393
219.3175 159.5793

