793 557

Distrito_Nacional
29
435.6061 215.0127
435.7761 217.2527
438.1461 219.7427
438.0161 225.2727
436.6961 227.0727
431.6861 230.6626
430.3661 233.0127
433.1361 234.5327
433.1361 237.0227
434.3261 239.7827
436.0461 241.0227
438.4161 240.0526
439.6061 238.2526
440.2661 235.3526
442.5061 234.2426
444.8761 231.0626
448.1761 232.4426
455.8261 233.9626
458.9961 231.8926
458.9961 230.0926
457.1461 226.6326
457.4461 224.2626
457.4461 224.2626
455.6561 224.5126
453.4461 222.8826
449.2061 221.3126
446.9961 218.3026
444.5461 217.0526
437.7961 214.9826

Azua
6
250.5461 193.5427
250.7261 193.1627
247.9761 192.6027
245.5261 188.9127
245.5861 190.5427
247.6161 192.9827

Azua
240
239.7961 342.0727
242.8761 343.2027
244.0361 344.7327
245.9561 345.4927
247.4961 344.7127
250.9561 340.4727
249.4161 337.4127
249.7961 333.9527
251.3361 333.1826
253.6461 330.1027
253.6461 328.1826
252.1061 328.1926
250.9561 327.0427
251.3361 317.4526
254.7961 313.2126
254.4061 310.0826
255.6761 307.9827
259.7261 306.0626
262.0761 303.5927
267.8661 295.1226
272.0961 295.4827
273.5661 294.3927
277.8661 293.8627
282.6961 289.7527
284.0061 285.7727
284.0061 279.1927
283.2261 274.2627
280.5161 272.0827
280.9361 271.6627
280.9361 271.6627
283.2461 270.5026
286.3261 267.8026
288.6361 263.9627
289.0161 257.4527
286.3261 253.2527
287.0961 251.7127
289.0161 249.7827
295.9361 245.5327
296.7061 244.3827
296.7061 242.0827
299.0161 239.3927
299.3961 237.8627
300.5461 237.4727
302.8561 238.6127
304.3961 238.6027
305.5461 235.9127
310.5461 234.7327
311.6961 233.5727
312.8461 233.9527
315.9261 229.7227
321.3061 228.9226
322.4561 227.7727
322.4561 227.0027
321.3061 226.2427
321.3061 223.9427
323.2261 222.7827
323.2261 220.4826
325.1461 217.4126
324.7561 214.7326
328.4561 212.1826
328.4561 212.1826
330.1361 209.3526
330.1361 206.2926
325.8961 200.5827
325.5061 194.8526
326.6561 191.4027
326.6561 189.4926
324.3461 184.1527
322.0361 183.0227
318.1861 183.0426
315.4961 181.5327
307.0361 181.1927
305.9261 180.1427
305.9261 180.1427
304.0761 181.5827
304.0761 183.3327
306.5861 188.8427
308.3761 189.2827
308.6761 191.9126
307.6561 196.0426
307.8961 197.9226
309.0361 199.8626
308.7961 202.6826
307.3061 204.5626
306.4061 210.7626
304.9161 212.3226
302.1061 213.6326
298.8761 214.2626
297.1461 214.2026
293.3861 215.5126
290.4561 215.3226
287.1661 216.4526
283.4061 215.8926
282.0261 212.8226
278.6761 211.3826
278.7961 209.5026
279.0961 208.2526
280.2961 205.4326
278.5061 202.3026
277.0761 200.8026
275.8861 200.4926
275.2261 199.0526
271.4661 197.1126
267.8761 197.7426
260.6461 196.8626
260.4661 198.5526
258.4961 198.9926
256.7061 197.9326
257.0661 196.0526
255.2761 195.4926
253.1261 193.4226
252.6461 193.8626
253.3661 194.5526
251.8761 194.6726
253.3061 196.4226
252.4761 196.6126
252.2961 197.3626
250.3261 197.5526
249.3661 196.6126
249.7861 196.1126
248.1161 195.9826
246.8661 194.9226
245.0761 192.2326
244.4761 189.7326
244.8961 189.1026
242.9861 187.3526
242.0861 185.3526
234.7361 178.3427
233.0061 178.0927
231.1561 176.4027
228.2261 176.3427
225.6561 174.9027
223.9861 175.4627
223.2061 177.1227
223.2061 177.1227
224.3861 177.0827
225.5461 178.9826
225.5461 181.2727
226.7061 182.4126
227.4761 185.8526
226.7061 189.2926
224.3961 191.6026
222.4761 195.4326
223.6261 196.9526
225.1661 197.7126
225.1661 199.6226
224.0161 201.1626
222.0961 201.5526
219.7861 200.4126
219.3961 199.2627
217.8561 198.1227
213.2361 199.6827
212.8561 201.5927
211.3161 203.5127
209.0061 203.9127
207.8561 203.1527
207.0861 206.2127
205.1661 209.2827
205.1661 210.0427
210.5561 211.1627
211.7061 211.9227
212.8661 216.5027
213.6361 217.2627
213.6361 220.7027
215.1761 221.4527
217.4861 221.4427
219.0261 223.3427
218.6461 226.0227
217.8761 227.1726
212.1061 230.6527
210.1861 233.7227
209.0361 237.5526
209.0361 237.5526
211.3461 236.7727
212.8861 234.4627
213.2661 232.1626
214.0361 232.1527
215.1861 233.6726
219.0361 234.4126
220.1861 235.5526
215.9561 239.7827
208.2661 242.5027
204.8061 242.9027
202.1161 244.8327
197.8861 245.6227
195.1961 247.5527
189.4261 249.1127
187.8861 250.2627
186.3461 252.9527
182.8861 255.2727
181.7361 257.8327
181.7361 257.8327
187.2261 258.0127
192.4461 263.4227
194.7061 263.4227
197.2561 269.7527
201.0961 269.8527
203.2861 272.0227
205.2061 272.3927
204.8261 275.0727
202.5161 277.3827
202.5161 279.3027
203.6661 280.4427
205.2061 280.4327
205.9761 281.1927
205.5961 283.1127
204.4461 283.5027
204.4461 285.0327
203.6761 285.8027
203.2961 291.9327
204.4461 293.8427
206.7561 295.3627
209.4461 295.3427
210.9861 294.1827
211.7561 291.1127
213.6761 287.2727
215.2161 287.2627
215.9861 289.5627
218.2961 291.8527
219.0661 294.5327
221.7661 299.1127
221.7661 301.7927
219.0761 307.1727
217.5361 312.9327
218.3061 314.0827
219.8461 314.4527
222.1561 319.0427
222.5361 321.3427
221.7661 322.1127
221.7661 323.2627
224.8461 324.7827
226.0061 324.7727
227.5461 327.4527
232.9361 328.5727
234.4761 330.8627
232.5561 335.4727
239.0961 336.5827
240.2561 338.1127
240.2561 339.6527
239.4861 340.4227

Baoruco
121
101.2861 265.7727
102.8261 265.0027
103.9761 263.4627
107.0561 261.9127
111.2861 260.7426
113.9761 260.7227
116.2861 261.8627
118.9761 261.4627
124.7461 258.3627
125.9061 256.0626
127.4361 256.0526
128.9761 257.5726
131.6661 256.7927
132.0561 254.4926
139.7461 252.9226
143.9761 255.9627
145.9061 255.9527
147.0561 257.8527
148.5961 258.9926
151.2861 258.9827
154.3661 257.8126
161.6761 257.7726
170.5261 261.5526
175.5261 262.6726
180.5261 261.1126
181.2961 260.3426
181.6761 257.9126
181.6761 257.9126
182.8261 255.3626
186.2961 253.0426
187.8261 250.3526
189.3661 249.1926
195.1361 247.6326
197.8261 245.7026
202.0661 244.9126
204.7561 242.9826
208.2161 242.5826
215.9061 239.8526
220.1361 235.6226
218.9861 234.4826
215.1361 233.7326
213.9761 232.2126
213.2061 232.2126
212.8261 234.5126
211.2861 236.8226
208.9861 237.6026
208.9861 237.6026
207.8261 236.8426
207.4461 235.3126
209.3661 233.3826
209.3661 231.8526
203.9761 232.2726
203.9761 231.1226
205.5161 230.3427
205.5161 227.6626
204.7461 226.1427
202.8261 226.1527
202.0561 225.3927
200.5161 225.7827
199.3561 225.0227
198.5861 223.8827
198.5861 221.2027
195.8961 220.4527
193.9761 221.9927
192.8161 221.2327
191.2761 218.5627
190.1261 218.5727
188.9661 217.4327
184.7361 217.8327
184.7361 217.8327
184.3561 216.3127
184.3561 216.3127
185.5061 215.5327
187.4361 215.5227
188.2061 214.7527
187.8161 213.2327
186.2761 212.0927
183.9661 212.4827
183.1961 210.9627
179.7361 210.2127
175.5061 208.3227
174.7361 206.4127
172.4261 204.5127
172.4261 202.6027
172.4261 202.6027
172.4261 201.4527
172.4261 201.4527
172.0361 198.4027
173.9561 197.2427
173.1861 195.3327
173.1861 195.3327
169.3461 195.3527
165.8861 194.2327
163.9561 194.6227
160.8861 198.0827
160.4961 201.5227
158.5761 203.4427
158.9661 205.3627
158.1961 207.2727
154.7361 209.5927
152.4261 213.4227
151.6561 213.8127
147.4261 213.8427
146.2661 212.3127
137.8061 208.1527
134.7261 205.4926
132.8061 205.5026
125.4961 211.6626
123.1861 212.4426
122.4261 213.9826
116.2661 217.0726
111.6561 217.4826
107.4261 218.6527
 83.1961 230.6527
 81.2661 233.7227
 80.5061 241.7727
 81.2761 244.8227
 86.2761 255.1327
 86.2761 261.6427
 87.8161 262.4027
 94.7461 263.1327

Barahona
195
208.9861 237.6027
210.1361 233.7727
212.0561 230.7027
217.8261 227.2227
218.5961 226.0727
218.9761 223.3927
217.4361 221.4927
215.1261 221.5027
213.5861 220.7427
213.5861 217.3027
212.8161 216.5427
211.6661 211.9527
210.5161 211.1927
205.1261 210.0727
205.1261 209.3027
207.0461 206.2327
207.8161 203.1727
208.9661 203.9327
211.2761 203.5327
212.8161 201.6127
213.1961 199.7027
217.8161 198.1427
219.3561 199.2827
219.7461 200.4227
222.0561 201.5527
223.9761 201.1627
225.1261 199.6227
225.1261 197.7127
223.5861 196.9527
222.4361 195.4327
224.3561 191.6027
226.6661 189.2927
227.4361 185.8427
226.6661 182.4027
225.5061 181.2627
225.5061 178.9727
224.3461 177.0727
223.1761 177.1127
223.1761 177.1127
221.3861 178.5827
221.4461 180.0827
220.1861 183.4627
217.9161 184.5227
216.7861 186.5827
211.4061 189.0827
209.0161 188.3927
208.7161 189.5827
206.3861 190.6427
204.4161 190.7027
203.1061 192.1427
201.9161 191.9527
200.0061 191.2627
199.5261 190.4527
199.8861 189.7027
202.2761 191.0827
202.9961 190.9527
203.2361 190.1427
198.3361 186.6427
194.4561 182.3227
192.9661 178.5727
192.9661 176.3827
193.8061 173.9427
195.2461 173.1927
195.5461 171.5627
197.3961 170.2527
198.5361 168.1927
196.6261 166.1327
199.3761 162.3827
200.7561 161.7527
202.0761 157.0027
204.5861 154.2527
202.7361 151.6227
202.4961 147.7427
201.3661 145.9927
200.9461 143.6827
195.9861 134.5627
195.1461 133.8127
193.7161 133.6827
191.2661 130.5627
191.3861 128.6227
186.7861 125.4327
186.8461 121.0627
185.3561 120.8727
183.8061 118.3127
182.6061 118.0027
181.1161 116.4427
178.2461 110.8227
172.2061 101.7727
170.7161 101.0227
168.3861  97.1527
165.3961  95.5327
164.9161  94.4727
160.4961  91.1027
158.5261  88.4827
157.0961  84.9227
156.4361  84.7927
155.8561  86.7327
155.8561  86.7327
155.5461  89.2627
156.6961  90.7827
155.9261  95.7427
154.4761  96.8027
154.2261 100.0527
149.1361 106.4327
146.3361 106.4327
145.0661 102.1827
141.5061 101.1227
137.4661 106.1527
135.1561 107.6927
133.3661 107.3927
133.3661 108.8327
132.3461 110.6927
129.8061 112.5527
125.2261 112.5527
123.6961 114.4127
123.1861 116.0027
123.9461 118.3927
123.9461 123.1727
124.4561 124.2327
126.9961 122.9027
129.7961 123.7027
133.8661 129.0227
134.3761 131.4127
133.8661 135.9327
130.3061 141.7827
134.8861 142.0527
136.4061 143.9127
136.1561 144.9727
134.3761 146.5727
130.3061 149.2327
125.6761 149.7427
125.6761 149.7427
126.3161 151.6327
126.3161 156.6027
128.2361 159.2627
131.3161 160.0127
134.3961 158.4627
137.8561 158.8227
140.1661 158.0427
140.9361 158.8027
137.8661 169.1327
132.0961 180.2427
132.0961 181.7727
137.8661 189.3827
144.0161 184.7627
152.8661 182.8027
157.8661 182.7727
167.0961 185.3927
169.0161 187.2927
170.5561 190.7227
172.4761 192.2427
173.2461 195.2927
173.2461 195.2927
174.0161 197.2027
172.0961 198.3627
172.4861 201.4227
172.4861 201.4227
172.4861 202.5727
172.4861 202.5727
172.4861 204.4827
174.7961 206.3827
175.5661 208.2927
179.7961 210.1827
183.2561 210.9227
184.0261 212.4527
186.3361 212.0527
187.8761 213.1927
188.2661 214.7227
187.4961 215.4927
185.5761 215.5027
184.4261 216.2727
184.4261 216.2727
184.8161 217.8027
184.8161 217.8027
189.0461 217.3927
190.1961 218.5327
191.3461 218.5227
192.8861 221.1927
194.0361 221.9527
195.9561 220.4127
198.6461 221.1627
198.6461 223.8427
199.4161 224.9827
200.5761 225.7427
202.1161 225.3527
202.8861 226.1127
204.8061 226.1027
205.5761 227.6327
205.5761 230.3127
204.0361 231.0827
204.0361 232.2326
209.4261 231.8226
209.4261 233.3526
207.5061 235.2726
207.8961 236.8026

Dajabón
122
 58.3061 491.1527
 60.2161 488.8527
 62.5161 488.4527
 63.2861 487.2927
 67.1361 487.6527
 79.4461 482.5827
 87.1361 482.5327
 92.5361 483.6527
 97.9061 483.2427
 99.4461 484.7727
101.7561 485.5327
107.1361 485.1227
108.2961 482.0327
107.9061 480.4927
109.0561 478.9427
111.7561 478.1527
112.9061 476.6127
114.8261 475.4427
118.2861 474.2727
120.9761 470.7827
124.0561 470.0027
127.5161 468.0526
127.5161 468.0526
127.5161 466.5127
121.7461 460.3827
119.4361 455.7727
119.4361 448.8427
120.5861 444.9927
120.5861 441.5227
119.4261 439.6027
116.7361 438.4727
116.3561 437.7027
117.1161 432.3026
116.3461 427.3126
116.7261 421.1527
110.9561 420.0327
105.5761 421.2127
106.3461 417.3627
110.5761 414.2627
111.3461 412.3427
111.3461 412.3427
110.9561 411.1827
108.2661 409.6627
105.5661 405.4527
102.8761 405.8527
101.7261 407.3927
 99.0361 408.1727
 95.9561 407.4227
 91.7261 409.7527
 89.7961 407.8427
 89.0261 402.0827
 88.2561 401.3127
 85.5661 402.1027
 82.8761 400.1927
 80.5661 397.1327
 79.7461 397.4027
 77.4761 397.8627
 74.1061 397.5927
 73.6761 398.6427
 71.3961 399.0827
 70.2161 399.6927
 68.6161 399.6927
 67.0061 401.0127
 64.7261 402.8527
 65.1461 403.9127
 64.7261 404.6127
 61.2561 406.2827
 61.6761 407.0727
 61.0861 408.5727
 60.4961 408.3927
 59.6561 404.9527
 58.2261 406.4527
 57.8761 408.3827
 56.0261 407.7627
 55.8561 408.8227
 54.5861 408.9927
 55.0061 411.1127
 53.4061 411.5526
 53.4061 412.6027
 53.8261 414.2827
 52.9761 415.1627
 51.5361 418.3327
 50.5261 418.0626
 49.3361 420.1727
 47.9061 420.6127
 50.9361 422.2927
 55.1561 422.5627
 56.1661 425.9127
 58.8661 426.9727
 61.0561 428.6527
 62.4861 427.8627
 63.2461 429.9827
 65.6961 428.2227
 66.1161 427.1727
 67.5561 427.1727
 68.1461 427.8727
 67.7161 429.2827
 67.7161 430.6127
 66.6961 435.4527
 68.5461 438.0127
 68.7161 441.3627
 70.7361 443.9227
 70.3061 445.1527
 70.9861 446.2127
 70.7261 447.9827
 69.2861 449.2127
 68.6961 452.8227
 67.5261 453.8627
 68.0961 454.9427
 67.5061 456.6127
 68.2661 457.2327
 68.9361 459.6127
 68.6761 462.0827
 67.9161 461.2927
 66.2361 461.9027
 65.4661 464.1927
 65.6261 466.5727
 64.1961 465.9527
 63.4361 466.5727
 63.4261 470.5427
 61.9961 472.9227
 56.7561 477.9427

Duarte
163
385.2461 457.3527
387.1661 455.0327
390.6261 454.2427
391.7861 453.0827
393.3161 453.0727
394.4761 452.2927
394.4761 451.1427
395.2461 450.3627
397.9361 450.7327
399.8561 449.5727
402.9361 439.5427
401.7761 431.8527
403.3161 430.6927
404.4661 426.4527
408.6961 417.9627
410.2361 417.1926
417.1561 417.5327
422.9261 416.3527
424.4661 415.1826
423.6961 410.9627
424.0761 408.2627
426.3861 405.9427
436.3861 403.9627
444.4661 400.4627
457.5361 396.9227
459.0761 396.1427
460.6161 394.2127
465.6161 391.1127
471.7661 389.5427
477.5361 389.5127
477.5361 389.5127
479.8461 393.7227
481.3861 394.4827
485.2361 394.4627
487.9261 392.9127
492.1561 392.5027
495.6161 393.2527
497.5461 390.9327
502.1561 391.6727
504.0861 390.8927
503.6961 389.3627
502.1561 389.3727
500.2361 387.0727
499.0761 382.4727
497.5361 382.4827
497.1561 380.9427
495.6161 380.9527
494.8461 381.7227
494.0761 380.1927
492.1561 379.8227
492.9261 378.2827
492.1561 377.5127
488.6861 375.2327
486.3861 375.2427
486.3861 372.9326
488.6861 370.2327
490.2261 365.6127
485.2261 365.6427
484.0661 364.5027
484.0661 364.5027
481.3761 365.6627
477.5261 366.0727
476.3761 366.0727
472.9161 364.1727
466.3761 364.9827
462.1461 363.0827
457.5261 364.6527
457.5261 354.2827
455.9861 353.1327
448.6761 353.5626
448.6761 353.5626
449.4461 359.7026
451.7561 365.0626
451.3761 365.8327
448.6761 367.0027
444.8361 367.4127
442.1461 369.7327
437.5261 372.0626
435.6061 372.0726
432.9061 369.3927
431.7561 369.4027
429.0661 371.3426
420.2161 373.6926
417.5261 376.0126
416.7561 376.0226
416.3761 377.1727
413.6761 377.1926
412.5261 379.5026
411.3761 378.3526
408.6761 377.6026
407.5261 378.3726
407.5261 379.1427
404.8361 379.5427
404.0661 378.0127
402.9061 378.4027
402.5261 376.8627
401.3661 377.2627
401.7561 379.5626
401.3661 380.3327
400.2161 379.1826
399.0661 379.5726
397.1361 376.1327
397.1361 378.8226
396.3661 378.0526
395.5961 378.8226
394.4461 378.0626
392.9061 378.0726
393.6761 380.7627
392.1361 381.1527
390.5961 380.3927
387.9061 377.3326
386.7561 378.8726
385.9861 378.1127
385.5961 376.1926
381.7561 377.3727
380.5961 379.2927
378.2961 378.5427
377.5261 380.4626
376.7561 379.7026
375.9861 380.4727
374.4461 379.7127
372.9061 380.4927
371.3661 380.1127
370.2161 379.3527
370.2161 378.5827
370.9861 378.9627
370.9761 377.8126
370.9761 377.8126
369.4461 377.8226
367.9061 380.9027
364.8261 383.2327
362.1361 384.0127
358.2961 388.6427
356.3661 389.8026
354.0661 392.8927
353.2961 395.5927
353.2961 395.5927
352.5261 398.6727
351.3761 400.2127
351.3761 403.2927
352.5261 405.9727
354.8361 407.5027
356.3761 409.8027
356.3761 413.6427
358.3061 417.8627
357.9161 420.5627
360.2261 427.0827
361.3861 434.0027
367.5461 438.5927
369.0861 439.3527
371.0061 439.3427
373.3161 441.6327
377.9361 443.1527
377.9361 444.3027
374.8561 445.4727
374.0861 447.4027
375.2361 449.7127
379.0861 451.6127
380.6261 451.6027
382.1661 452.7527
382.5561 455.8227
381.7861 457.3727
380.6261 457.7627

El_Seibo
154
616.0461 354.5827
617.8361 354.0127
621.8361 347.2927
625.3061 347.1027
626.0861 344.4627
628.1161 343.4627
628.7161 343.8427
630.7461 341.6427
631.8861 341.8927
633.0861 341.1427
637.5661 341.8927
641.2161 341.3327
644.2061 342.0227
645.7661 343.2827
646.1261 344.7227
643.6161 347.2327
643.6761 348.0527
645.9461 349.0527
647.4361 347.8627
649.7661 347.8027
651.0261 348.4927
651.5061 349.5627
651.1461 350.3127
653.2961 351.7527
656.5861 350.5627
657.8361 351.8227
659.2161 351.8227
661.9661 350.8127
664.7761 350.6227
676.0161 342.7727
677.7461 342.8327
678.9461 343.9027
682.1161 343.5827
686.8961 340.3127
688.5661 340.7527
691.4261 339.9327
691.4261 339.9327
691.4261 336.0627
689.5061 336.8427
689.8861 334.1527
689.1161 333.3927
687.1961 334.1727
686.0461 331.8727
682.9661 331.5027
682.1961 329.9727
682.5761 325.3627
681.0361 324.9827
678.3461 322.6927
678.3461 321.5427
680.2661 318.4627
685.6461 306.1627
686.0261 298.8726
685.2561 296.1926
682.5661 294.6727
679.4861 290.4727
675.6361 288.1927
672.1761 281.6927
670.2561 281.3227
666.7961 282.4927
661.4161 282.1427
660.6461 281.3827
659.8761 278.7027
660.2561 275.2527
658.7161 273.7327
659.1061 271.8127
660.6461 270.2727
660.6461 269.1227
660.6461 269.1227
656.7961 269.1427
654.1061 270.6927
653.3361 270.3127
650.6461 264.5827
649.1061 262.6727
646.4161 255.7926
642.9561 251.2127
636.4161 246.2727
635.6461 243.5927
631.4161 239.4027
626.7961 237.8927
626.7961 237.8927
627.9561 247.0727
629.8761 247.8227
629.1061 249.3526
622.9561 249.3927
620.6461 247.8727
618.3361 247.5027
612.5661 250.5927
610.6461 255.2027
604.4961 259.4527
601.0361 260.6227
598.7261 259.4827
596.4161 259.4927
595.2661 262.1827
592.1961 263.3527
592.1961 263.3527
592.5861 267.1827
593.7361 267.1727
594.8861 268.3127
595.6561 268.3127
596.4261 269.4527
597.1961 272.5127
597.1961 277.1127
599.5061 283.9927
599.1261 287.8227
600.2761 290.5027
600.2761 292.8027
598.3561 297.0327
591.8261 305.1227
589.9061 306.6627
584.5261 308.2227
583.3761 312.0627
581.4561 312.4527
579.9161 313.6127
577.2261 320.1527
574.9161 322.4627
574.9161 324.7627
576.0661 326.6727
576.8361 334.3427
578.7561 334.7127
582.6061 332.7727
589.1461 328.1327
591.0661 327.7327
594.1461 325.7927
604.9161 323.8127
606.4561 324.1827
607.6161 326.0927
607.2361 328.7827
603.3861 333.0227
599.1561 335.7327
596.0761 341.1227
595.6961 345.3427
598.7761 346.0927
601.0761 348.4427
601.0761 348.4427
602.5061 347.8227
602.5061 346.6327
603.1061 346.2527
603.9461 346.9427
605.8561 346.6927
607.1761 348.3227
607.2361 347.1327
609.3261 347.0027
610.8161 346.7527
611.6561 347.5027
613.5661 347.5027
613.9261 346.3127
614.7061 346.1827
614.1661 344.5527
615.9561 343.9227
617.5661 346.3727
617.3261 351.8427
615.9461 353.6627
613.3761 353.0327
614.6261 354.2227

Espaillat
143
351.4761 506.7927
351.4761 505.9027
354.7061 501.9327
364.3861 494.0427
367.9161 492.0227
373.5961 490.0727
382.4961 489.8127
384.8261 488.5526
390.8661 486.9127
392.2361 487.0427
394.6261 485.4027
396.2461 485.7827
400.0061 485.2727
411.4261 487.6226
411.4261 487.6226
411.7961 486.0927
411.0261 483.7827
411.0261 479.9326
410.2561 476.8527
409.0961 475.7026
403.7161 473.4227
400.2461 470.3627
397.5561 469.9926
394.8661 468.4626
393.7061 469.2426
389.0961 468.8826
387.5561 469.6627
386.4061 468.9027
387.1661 463.1127
385.2461 457.3526
385.2461 457.3526
380.6261 457.7626
380.6261 457.7626
377.9361 460.0926
375.2461 463.9526
374.4761 466.6526
375.6261 468.1926
375.2461 469.3526
374.0961 470.5126
371.3961 471.2927
369.0961 471.3126
367.1661 470.1626
364.4761 469.7926
362.5561 467.1126
360.2461 466.3526
359.4761 465.5826
356.7761 457.5126
354.8561 456.7526
352.5461 457.5326
351.3961 459.0826
351.0061 463.7026
350.2361 464.4826
346.0061 465.2726
344.0861 466.4426
342.1661 469.1526
341.3961 469.1526
336.3961 457.6326
336.7761 452.2326
334.8461 449.1626
334.8461 446.0826
335.6161 444.1626
337.9261 441.4526
337.9261 438.7526
335.2261 433.0026
332.5361 421.8526
330.9961 418.7826
330.9861 416.8626
330.9861 416.8626
329.8361 416.4926
329.4461 414.1826
328.6861 413.4227
323.6761 413.4426
322.9161 414.6026
322.9161 421.5226
319.4561 428.0826
318.6861 428.0926
317.1461 426.5626
315.6061 423.8726
312.1461 423.5126
301.7561 424.7226
300.6061 425.8826
300.2161 427.8126
299.4461 428.2026
299.4461 428.2026
300.2261 430.1226
301.7661 431.6526
303.6861 431.6426
305.2261 430.0926
305.9961 430.4726
305.9961 431.6226
304.8361 432.7826
303.6861 436.2526
303.3061 440.1026
303.3061 441.6426
305.9961 446.2526
305.6161 452.0226
306.7761 453.5626
309.8461 454.3126
313.6961 457.3726
313.6961 461.9926
313.6961 461.9926
314.8561 463.5226
316.0061 463.9026
316.7761 472.7626
320.2461 476.9826
320.2461 478.9026
319.0861 480.8326
319.0861 481.9926
320.6261 484.6826
320.6361 486.6126
319.8661 487.0026
319.8661 488.1526
322.1661 488.9126
321.4061 489.6826
321.7861 490.8426
323.7061 492.7526
324.8661 491.9826
325.6361 492.3626
326.7861 491.2026
327.9461 492.3526
330.6361 492.3326
330.6361 491.5626
331.4061 491.1727
331.7861 493.8726
335.2561 493.4626
336.7961 494.6127
337.5561 494.6026
339.0961 491.5126
340.6361 491.5026
341.7961 493.4227
343.3261 491.8726
343.7161 493.8026
344.4861 493.7927
345.2561 491.8626
346.7861 492.2426
346.4061 493.4026
345.2561 493.4026
345.2561 494.5626
350.2561 495.3026
350.6361 496.0726
350.6361 498.0026
349.1061 501.4826
351.4161 506.7926

Hato_Mayor
154
600.9961 348.5427
598.6961 346.1927
595.6161 345.4427
595.9961 341.2227
599.0761 335.8327
603.3061 333.1227
607.1561 328.8827
607.5361 326.1927
606.3861 324.2827
604.8461 323.9027
594.0761 325.8827
590.9961 327.8227
589.0761 328.2127
582.5361 332.8527
578.6861 334.7927
576.7661 334.4227
575.9961 326.7527
574.8461 324.8427
574.8461 322.5427
577.1561 320.2327
579.8461 313.6926
581.3861 312.5327
583.3061 312.1327
584.4561 308.2927
589.8361 306.7327
591.7561 305.1826
598.2961 297.0927
600.2161 292.8627
600.2161 290.5626
599.0661 287.8826
599.4461 284.0427
597.1361 277.1527
597.1361 272.5526
596.3661 269.4926
595.5961 268.3427
594.8261 268.3427
593.6761 267.2027
592.5261 267.2127
592.1361 263.3827
592.1361 263.3827
590.2061 260.7127
587.8961 259.5727
582.8961 259.2127
582.1261 257.6827
582.1261 254.6227
580.9761 253.0927
580.9761 248.8827
581.7461 247.7327
579.4361 247.7427
579.0461 245.4427
575.1961 243.1627
572.1161 240.1127
570.5761 236.6727
566.3461 243.5827
565.9661 245.8827
564.0461 249.3427
563.2761 253.5627
559.8161 255.8827
558.2761 259.3427
557.8961 262.4127
555.5861 265.1027
554.4361 268.1727
552.1261 269.3327
551.7461 270.8627
554.4461 274.2927
552.9061 276.6027
552.9061 282.7327
550.5961 286.9627
550.5961 289.2627
549.4461 290.4227
547.1361 290.8227
546.3661 292.7427
547.1361 298.8727
547.9061 300.0227
547.9061 300.0227
549.4461 301.1627
549.8361 303.8427
551.3761 304.2127
554.8461 308.7927
559.0761 309.9227
560.6161 313.7527
563.6961 314.1227
565.2361 316.8027
565.2361 319.1027
563.6961 320.2627
561.3861 320.2727
555.2361 319.1527
551.3861 321.8627
545.6161 323.8127
541.3861 326.9027
537.5361 328.0727
533.6961 331.1627
531.3861 331.5627
529.4661 332.7227
528.3161 334.6427
526.7761 335.8027
521.3961 338.1327
517.5561 341.6127
515.2461 342.7727
511.3961 343.5627
509.4761 346.6427
509.4761 346.6427
511.7861 352.0027
514.5361 363.0727
514.5361 363.0727
516.9861 362.5727
522.0061 363.8327
522.4261 364.5827
524.1561 364.3927
525.1761 365.4627
526.7261 364.1427
528.2761 364.2027
528.6961 363.2627
531.3861 363.2627
535.3861 364.5227
537.4161 364.7727
538.8561 365.0227
540.7061 363.2027
540.6461 362.1927
545.7861 362.4427
546.2661 363.0727
547.5161 361.9427
548.2961 360.9327
549.0161 360.5527
551.5261 361.8127
552.2461 366.5227
550.0361 367.0827
549.4961 366.0127
548.4161 366.8927
547.9361 365.7627
546.5061 366.0227
543.8761 365.2627
543.8161 365.8927
549.9161 367.5927
553.0861 367.1527
557.6861 367.9727
560.1361 366.7827
562.8861 364.1427
564.2561 363.7627
563.8361 362.6327
564.5561 361.8827
563.7761 361.0627
563.8361 359.9327
565.1461 357.7927
570.5861 356.4727
573.0361 354.4627
579.9061 355.6527
581.5161 353.8927
582.4761 353.8327
582.8961 352.5127
586.4261 351.6327
590.3661 348.2427
597.0561 350.8827
598.6661 350.8827

Independencia
116
 44.8761 273.7527
 53.5861 273.7027
 72.4361 269.7727
 84.7461 270.0827
 88.9761 268.1427
 99.7461 266.5527
101.2861 265.7727
101.2861 265.7727
101.2861 265.7727
101.2861 265.7727
101.2861 265.7727
101.2861 265.7727
 99.7461 264.6327
 94.7461 263.1327
 87.8161 262.4027
 86.2761 261.6427
 86.2761 255.1327
 81.2761 244.8227
 80.5061 241.7727
 81.2661 233.7227
 83.1961 230.6527
107.4261 218.6527
111.6561 217.4827
116.2661 217.0727
122.4261 213.9827
123.1861 212.4427
125.4961 211.6627
132.8061 205.5027
134.7261 205.4927
137.8061 208.1527
146.2661 212.3127
147.4261 213.8427
151.6561 213.8127
152.4261 213.4227
154.7361 209.5927
158.1961 207.2727
158.9661 205.3627
158.5761 203.4427
160.4961 201.5227
160.8861 198.0827
163.9561 194.6227
165.8861 194.2327
169.3461 195.3527
173.1861 195.3327
173.1861 195.3327
172.4161 192.2827
170.4961 190.7627
168.9561 187.3327
167.0361 185.4327
157.7961 182.8027
152.7961 182.8327
143.9461 184.7927
137.7961 189.4127
132.0261 181.8027
132.0261 180.2727
137.7961 169.1627
140.8661 158.8227
140.0961 158.0727
137.7861 158.8427
134.3261 158.4827
131.2461 160.0227
128.1761 159.2827
126.2461 156.6127
126.2461 151.6527
125.6061 149.7627
125.6061 149.7627
122.1061 152.1727
118.0361 156.6927
109.8961 163.8827
101.5061 164.6727
 96.9061 166.0027
 92.0161 169.0327
 86.7561 170.5327
 82.9361 170.5327
 80.1461 172.1227
 77.8561 174.7927
 72.3961 178.6927
 69.7061 182.1527
 67.5461 182.1627
 66.1561 183.3027
 61.5861 184.9127
 61.5861 184.9127
 68.3661 196.3127
 46.6661 204.9427
 44.8061 208.0927
 39.1461 209.3127
 36.0961 216.2227
 28.9961 220.0627
 22.9161 222.5127
 20.8861 228.8127
 28.1361 230.1427
 27.9661 233.0327
 11.9061 250.1026
  9.2761 255.9727
  7.5061 255.9727
  5.2161 259.1226
  2.1761 258.6826
  0.4061 260.3427
  2.7661 261.8427
  6.0561 262.9027
  9.5061 267.5526
 14.1561 265.6326
 17.7861 262.7426
 19.2261 263.1826
 20.9861 265.9127
 22.8461 265.9127
 27.3261 263.2027
 28.0861 261.1027
 29.5261 261.2727
 30.5261 263.3827
 34.1561 262.9527
 35.8461 261.4627
 39.4761 262.5227
 42.0961 261.9127
 43.9461 262.9727
 43.2661 268.8527

La_Altagracia
38
696.6061 163.8927
697.8061 162.7027
705.2161 160.6427
709.6361 157.8327
713.8161 157.7027
713.1561 158.3927
713.4561 158.8927
716.8061 158.3327
717.9461 156.3327
720.3961 155.9527
721.8361 154.8927
725.8961 155.4527
727.5061 154.7627
730.7361 155.8927
732.6461 155.4527
735.9961 152.9527
738.0861 150.2627
739.2261 147.7027
739.1061 145.0127
737.3161 143.8827
736.6561 145.0727
735.5761 144.8227
735.0361 145.8227
733.1861 145.8227
728.7661 147.4427
723.0861 148.4427
720.8761 147.1327
719.4461 147.3827
716.6361 146.5727
715.1461 144.9427
713.5361 144.8127
699.0161 149.8727
699.5561 150.6827
699.1361 151.8727
695.6161 156.1827
692.9861 158.1227
693.3461 161.7527
694.7261 163.1327

La_Altagracia
167
691.4661 339.9427
693.7961 338.7527
695.0561 338.8827
698.1661 336.2427
701.2161 335.6827
708.2061 330.8427
708.9861 329.7127
711.3761 328.7127
714.2461 324.9427
721.8361 318.4127
722.4361 316.8427
727.7561 311.0627
728.1161 309.7427
730.9861 308.1727
732.0061 306.0427
735.4161 304.0327
743.7861 295.2427
746.5961 293.2927
747.6761 293.3527
748.3361 294.8627
749.8361 293.9827
749.5961 293.2327
750.3761 292.2327
757.3661 286.0227
759.5161 284.8927
761.7261 284.6427
763.9361 281.7527
766.6261 279.4927
766.6861 278.3627
767.7061 276.9827
771.8261 274.7927
773.4361 271.7227
776.4261 269.2127
778.4561 267.8927
779.2961 267.8927
780.2561 269.0227
784.2561 265.6327
787.9061 263.8727
791.9061 258.4227
791.1261 257.1027
792.4461 256.2827
792.0861 253.5227
790.7161 253.3927
791.9161 251.7027
790.3061 247.5027
788.6961 245.6227
786.8461 241.8627
783.8561 238.3527
783.4961 236.3427
782.5961 235.7127
780.1461 231.3227
777.5161 230.6327
777.5761 228.3127
775.5461 224.6127
775.5461 223.4827
772.1961 220.7227
770.9461 220.4727
769.4561 217.9627
766.3461 215.0827
765.2761 211.3227
764.9761 200.4927
761.8661 196.6727
756.5461 194.9827
741.8461 199.6727
740.0561 201.2327
738.3861 201.5427
735.9961 203.0427
733.9661 204.8527
730.3261 203.1027
729.5461 201.7927
729.4261 199.6627
732.1761 196.2227
732.4761 193.9027
729.4261 187.1427
726.9161 184.5727
725.7161 182.0127
724.7661 177.2527
723.8061 176.6227
723.9261 170.8027
724.0461 170.1127
724.1661 167.6127
723.6261 166.2327
719.7461 167.9827
719.0261 167.4827
715.8561 167.5427
713.5261 166.2327
710.0061 166.1727
707.1361 167.1127
706.2961 166.0527
705.1061 166.2427
704.0861 164.9927
703.0661 164.8027
702.5561 165.1127
702.8961 166.0027
704.0261 165.8027
704.8061 167.8627
702.8961 169.2427
701.7061 169.1827
700.8061 168.0527
701.1661 166.6127
702.4161 166.3027
702.2161 165.8027
699.5561 164.6127
700.3361 166.4927
699.4961 171.4327
696.9861 174.6227
693.4661 183.1927
689.4661 188.6327
686.7761 194.7027
681.9361 198.2727
680.3861 201.1527
681.0461 202.4627
680.3861 203.2727
667.7261 209.2127
667.7261 209.2127
668.3561 211.1927
669.8961 213.0927
670.2861 221.1227
672.5961 222.2627
672.2161 223.7927
673.7561 225.6927
674.1461 227.6027
675.6861 229.1227
679.1461 235.9927
678.3761 236.7627
678.3761 244.8027
672.6061 248.6627
668.3761 255.5827
666.4561 256.3627
666.0761 261.7227
665.3061 262.8727
663.3861 263.2627
663.3861 265.5627
661.0761 267.1027
660.6961 269.0227
660.6961 269.0227
660.6961 270.1727
659.1561 271.7127
658.7761 273.6327
660.3161 275.1527
659.9361 278.6027
660.7061 281.2827
661.4761 282.0427
666.8561 282.3927
670.3161 281.2227
672.2361 281.5927
675.7061 288.0927
679.5561 290.3727
682.6361 294.5727
685.3261 296.0927
686.0961 298.7727
685.7161 306.0627
680.3361 318.3627
678.4161 321.4427
678.4161 322.5927
681.1161 324.8827
682.6561 325.2527
682.2761 329.8627
683.0461 331.3927
686.1261 331.7627
687.2761 334.0627
689.1961 333.2827
689.9661 334.0427
689.5861 336.7327
691.5061 335.9527
691.5061 339.8227
691.5061 339.8227

La_Estrelleta
218
111.3461 412.3427
113.2661 411.5527
115.1861 411.9327
120.1861 409.5927
122.8761 405.7327
123.2661 401.1227
131.3361 394.9227
133.6461 394.9127
138.2561 391.4227
143.2561 389.8627
145.9561 387.9227
145.9561 387.9227
145.5661 387.9227
145.5661 387.9227
144.4161 386.3927
144.4161 386.3927
143.2561 376.0227
144.0261 373.3327
142.8661 371.8026
140.1761 370.2827
135.5561 370.3026
132.4761 367.6327
130.9461 367.6427
130.5561 369.1826
127.8661 369.1926
124.0261 373.0626
116.7161 374.2527
114.4061 373.5027
110.5561 367.7527
110.9361 363.1427
108.2461 358.9426
105.1661 351.2727
104.7761 346.2827
104.0061 345.5227
101.6961 345.1527
 94.3861 347.1127
 92.4661 346.7427
 90.1561 344.8327
 82.0761 334.9027
 82.0761 333.7527
 82.8461 332.9727
 84.3861 332.5827
 83.9961 328.7527
 80.5361 323.0127
 80.1461 318.4127
 80.9161 318.4027
 83.2261 320.6926
 83.9961 320.3126
 83.6061 312.2527
 84.7561 308.0327
 83.2161 306.1227
 82.4561 303.4426
 81.2961 302.6826
 84.3761 300.7427
 84.3761 299.2127
 85.9061 297.2827
 88.9861 295.7327
 90.5261 295.7327
 90.9061 294.5726
 93.6061 293.0226
 93.9861 291.1126
 92.8261 288.8126
 91.6761 288.0526
 91.2961 286.5226
 92.0561 284.9826
 93.2161 284.2126
 94.7461 280.7526
 97.0561 279.5926
100.9061 279.9526
102.8261 278.7926
104.3661 274.9526
104.3661 273.4227
102.8261 267.6826
101.2861 265.7726
101.2861 265.7726
 99.7461 266.5526
 88.9761 268.1426
 84.7461 270.0826
 72.4361 269.7726
 53.5861 273.7026
 44.8761 273.7526
 44.8761 273.7526
 44.5261 274.3826
 45.9561 275.8726
 47.7261 275.1726
 48.5661 275.8826
 48.9861 279.0426
 58.8561 282.8326
 62.1161 301.3626
 62.4361 307.8626
 61.2561 309.7927
 61.2561 311.4626
 61.4161 317.3526
 61.0761 317.7926
 58.7961 318.0526
 59.0461 319.7226
 58.3661 320.9426
 53.7161 324.3626
 52.1161 324.5326
 48.8961 333.8426
 49.2261 335.2526
 47.2061 336.1326
 46.4461 334.8926
 42.5561 336.2926
 42.1361 337.6126
 39.3461 338.4026
 38.0861 337.1626
 37.3261 338.8326
 35.7261 337.1626
 34.7061 336.5426
 33.4461 335.2226
 33.4461 335.9226
 32.0061 337.1526
 32.0161 333.5526
 30.4161 333.3726
 28.9761 333.9826
 27.9661 332.3126
 27.3761 332.4826
 26.7761 336.2626
 27.7961 335.6526
 28.9761 335.9126
 28.7961 339.0826
 30.8261 339.8726
 30.6561 341.3726
 31.6661 341.8126
 31.8361 340.3226
 33.2661 340.4926
 33.0161 341.5526
 34.0261 342.6126
 33.8561 343.9226
 35.4561 343.4926
 36.2961 345.6026
 37.7361 345.6026
 37.8961 346.8326
 38.4861 346.4826
 39.0861 344.1126
 43.8061 345.1726
 43.9761 346.2326
 45.4161 346.6726
 46.0061 345.4426
 45.5861 344.7426
 47.0161 343.9526
 47.8661 344.1326
 48.0261 345.0126
 47.0161 345.8026
 47.1861 347.2926
 48.4461 348.3526
 49.2061 347.9126
 50.4761 348.6226
 48.8661 349.6726
 51.4761 352.8426
 52.0661 352.8426
 52.6561 351.5226
 53.5061 351.7926
 52.9061 353.4626
 55.9461 356.3726
 57.9661 355.3126
 58.5561 357.0826
 60.7561 357.4326
 61.7661 358.7526
 63.1961 359.3726
 63.1961 359.9926
 62.1861 360.2526
 63.1961 361.9226
 64.6261 360.8726
 66.3961 362.5426
 64.0361 363.4226
 64.1961 364.8326
 66.2161 364.8326
 67.2361 365.5426
 66.8161 367.3826
 65.2061 368.2626
 65.6261 369.3226
 67.2261 370.3726
 70.0961 368.8826
 71.1061 370.3826
 70.4361 372.2326
 71.6961 372.2326
 72.8761 372.2326
 74.4861 371.4526
 76.5061 372.6826
 78.3561 376.4726
 76.4961 377.7826
 79.5361 379.0226
 77.9261 380.5226
 78.7761 380.6926
 78.9461 381.4026
 78.7661 382.4526
 77.9261 382.8026
 78.1761 383.8626
 80.3761 383.5126
 80.9661 384.1326
 77.9261 385.8026
 78.5161 386.6826
 79.9461 386.2426
 80.5361 387.0326
 81.9661 386.8626
 82.3961 387.9226
 79.7761 389.4126
 79.9361 391.5226
 82.2161 392.5826
 82.8061 391.7026
 83.3961 392.5826
 81.9561 393.6426
 80.1761 396.5426
 80.5661 397.1326
 82.8761 400.1926
 85.5661 402.1026
 88.2561 401.3126
 89.0261 402.0826
 89.7961 407.8426
 91.7261 409.7526
 95.9561 407.4226
 99.0361 408.1726
101.7261 407.3926
102.8761 405.8526
105.5661 405.4526
108.2661 409.6626

La_Romana
10
644.1961 204.2427
647.3661 200.5527
648.2661 197.7327
648.5061 196.7927
648.0261 195.5427
643.2461 197.1027
641.1561 198.7327
641.1561 199.5427
642.1761 199.3527
642.8961 204.0427

La_Romana
58
626.7361 237.9327
631.3561 239.4327
635.5861 243.6227
636.3561 246.3027
642.8961 251.2427
646.3561 255.8227
649.0461 262.7027
650.5861 264.6127
653.2861 270.3427
654.0561 270.7227
656.7461 269.1727
660.5961 269.1527
660.5961 269.1527
660.9761 267.2327
663.2861 265.6827
663.2861 263.3827
665.2061 262.9927
665.9761 261.8427
666.3561 256.4827
668.2861 255.7027
672.5161 248.7827
678.2861 244.9227
678.2861 236.8827
679.0561 236.1127
675.5961 229.2427
674.0561 227.7227
673.6661 225.8127
672.1261 223.9027
672.5061 222.3727
670.1961 221.2327
669.8061 213.2027
668.2661 211.3027
667.6361 209.3227
667.6361 209.3227
665.5361 209.3827
661.2961 210.2627
659.2661 211.3927
657.9561 210.5827
657.1761 212.1527
655.5661 212.5227
652.4561 211.2127
652.0961 209.9627
651.1961 209.3327
646.8961 209.6427
643.1961 208.2027
633.4561 207.3227
628.6661 207.5727
628.6661 207.5727
627.1261 211.5327
627.8961 214.2027
626.7461 216.1227
626.7461 217.2727
623.2861 222.2627
622.1361 223.0327
620.5961 226.1027
620.5961 228.0127
622.1361 231.0627
625.5961 234.4927

La_Vega
195
299.4461 428.2027
300.2161 427.8127
300.6061 425.8827
301.7561 424.7227
312.1461 423.5127
315.6061 423.8727
317.1461 426.5627
318.6861 428.0927
319.4561 428.0827
322.9161 421.5227
322.9161 414.6027
323.6761 413.4427
328.6861 413.4227
329.4461 414.1827
329.8361 416.4927
330.9861 416.8627
330.9861 416.8627
331.7561 412.2427
332.9061 409.5527
335.9861 406.8427
338.2961 402.5927
339.4461 398.3627
342.1361 394.8827
348.6761 396.0027
353.2961 395.5927
353.2961 395.5927
354.0661 392.8927
356.3661 389.8027
358.2961 388.6427
362.1361 384.0127
364.8261 383.2327
367.9061 380.9027
369.4461 377.8227
370.9761 377.8127
370.9761 377.8127
372.1361 377.4227
371.7461 376.2727
370.9761 375.8927
369.8261 377.0527
369.0561 377.0527
367.9061 373.6027
365.5961 372.4627
360.9761 372.1027
360.5961 372.8727
358.2861 372.8927
354.8261 368.3027
353.2861 368.3127
350.2061 366.7927
348.6661 364.8827
347.1261 361.0427
347.1261 361.0427
347.1261 366.0427
344.4361 367.9727
338.2861 369.9327
335.2061 368.0227
334.8161 364.5727
330.9661 361.5227
327.8961 363.0727
322.1161 362.3427
319.4261 360.8227
317.5061 358.1427
317.5061 355.4527
318.6561 353.9127
319.0461 350.4527
320.9661 344.3027
320.9561 338.5427
318.2661 337.0227
316.7261 337.0327
315.1861 335.8827
314.4161 333.2027
310.5661 329.7727
309.0261 327.4827
302.8761 324.0627
300.1761 318.3227
300.5661 316.0227
302.8661 314.8527
305.1761 311.7727
308.2561 309.4527
310.5561 303.6927
315.5561 299.0627
316.7161 296.7527
316.7161 296.7527
316.7161 296.7527
316.7161 296.7527
315.5561 295.2227
315.5561 294.0727
316.7061 288.7027
313.6261 287.5727
312.4761 286.4227
310.9361 283.7527
311.7061 281.4527
311.3161 280.3027
307.0861 280.3227
304.7761 279.1927
302.8561 277.2827
302.8561 272.6827
300.9261 271.9327
297.0861 271.9527
295.5461 273.1127
292.0861 273.5127
285.9261 272.0127
280.9261 271.6627
280.9261 271.6627
280.5161 272.0727
283.2161 274.2527
284.0061 279.1927
284.0061 285.7627
282.6961 289.7427
277.8661 293.8527
273.5661 294.3727
272.0861 295.4727
267.8561 295.1127
262.0661 303.5827
259.7161 306.0527
255.6761 307.9727
254.4061 310.0727
254.7861 313.2127
251.3261 317.4427
250.9461 327.0427
252.0961 328.1827
253.6361 328.1727
253.6361 330.0927
251.3361 333.1827
249.7961 333.9527
249.4061 337.4127
250.9561 340.4727
247.4861 344.7127
245.9461 345.4927
244.0261 344.7327
242.8761 343.2027
239.7961 342.0727
239.7961 342.0727
239.0261 345.1427
236.7161 348.9927
234.4161 350.5427
234.4161 350.5427
235.9561 352.4527
235.9561 353.9927
235.1861 357.4527
234.0361 359.3827
234.4161 361.6827
239.8061 361.2727
241.7261 362.7927
242.8761 365.4727
244.0361 366.2327
247.4961 365.8327
250.5761 368.1227
254.0361 368.8727
255.1961 370.0127
256.7361 374.6127
260.1961 374.5927
264.4261 375.7227
265.5861 376.8727
266.3561 376.8627
266.3561 377.6327
267.5061 378.3927
269.8161 378.7727
270.5861 379.9127
272.8861 380.6727
273.6661 385.6627
275.2061 389.1127
276.7461 390.6427
277.8961 390.2527
279.0461 387.1727
281.7361 386.7727
283.2761 385.6127
285.2061 386.3627
286.7461 388.2827
286.7461 389.0527
285.2061 389.4427
285.5861 392.1327
284.0561 393.2927
285.5961 395.9727
284.8261 398.2827
285.9761 399.8127
285.2061 400.2027
284.8261 402.1327
285.9761 404.0427
284.4461 405.2027
279.4461 406.7727
270.9761 410.6627
270.2061 411.8226
273.2861 411.8026
273.2861 412.9626
270.9761 414.1326
270.2161 417.2126
273.2861 417.1926
274.0561 418.7226
275.5961 418.7126
277.5261 420.2426
282.9061 419.8326
283.6761 420.9827
283.6761 422.9027
284.4461 423.6627
291.3761 425.5526

María_Trinidad_Sánchez
118
433.8961 499.6627
435.3861 499.5327
437.1161 498.9027
439.7461 499.0927
441.7161 497.6427
443.0361 497.7627
443.9961 496.0027
445.2461 495.8727
445.3661 493.8527
446.6161 492.7227
447.3361 492.4027
448.5361 493.2827
449.9661 491.5827
453.0761 490.9527
456.1261 484.6427
456.6061 481.8727
456.0061 479.4727
454.2061 476.7027
454.1561 472.4727
452.0561 468.5627
453.7361 464.6527
455.4661 462.5727
458.0361 461.7627
459.8261 459.9927
458.8761 458.4227
458.8761 449.2127
458.1561 447.7727
458.9361 444.5527
461.3861 438.8227
464.5461 433.9127
464.5461 430.7027
466.5261 427.8027
471.2461 424.0227
471.4861 422.0127
473.2161 420.8127
473.3361 419.4927
475.0661 417.1027
480.2261 412.1927
480.2261 412.1927
480.6261 409.1027
484.0861 406.0027
482.5461 406.0127
479.8561 407.5627
479.0861 407.1827
481.0061 404.8627
480.6261 403.7127
479.8561 403.7227
477.5461 405.6527
476.0061 405.2827
476.3861 402.9727
477.5461 401.0427
477.5461 399.5027
478.3161 399.5027
478.6961 398.3427
477.9261 397.9627
477.9261 396.4227
477.1561 395.6627
475.6161 396.8227
474.4661 396.4427
474.0761 393.3727
477.1561 391.4327
477.5361 389.5127
477.5361 389.5127
471.7661 389.5427
465.6161 391.1127
460.6161 394.2127
459.0761 396.1427
457.5361 396.9227
444.4661 400.4627
436.3861 403.9627
426.3861 405.9427
424.0761 408.2627
423.6961 410.9627
424.4661 415.1827
422.9261 416.3527
417.1561 417.5327
410.2361 417.1927
408.6961 417.9627
404.4661 426.4527
403.3161 430.6927
401.7761 431.8527
402.9361 439.5427
399.8561 449.5727
397.9361 450.7327
395.2461 450.3627
394.4761 451.1427
394.4761 452.2927
393.3161 453.0727
391.7861 453.0827
390.6261 454.2427
387.1661 455.0327
385.2461 457.3527
385.2461 457.3527
387.1661 463.1127
386.4061 468.9027
387.5561 469.6627
389.0961 468.8827
393.7061 469.2427
394.8661 468.4627
397.5561 469.9927
400.2461 470.3627
403.7161 473.4227
409.0961 475.7027
410.2561 476.8527
411.0261 479.9327
411.0261 483.7827
411.7961 486.0927
411.4261 487.6227
411.4261 487.6227
413.6361 489.2527
415.1261 493.3527
416.3861 494.8627
419.1861 497.2627
420.9261 497.3227
422.5961 497.8327
426.8361 499.0927
427.7361 499.0927
428.3961 498.2727

Monseñor_Nouel
81
316.7161 296.7527
315.5561 299.0627
310.5561 303.6927
308.2561 309.4527
305.1761 311.7727
302.8661 314.8527
300.5661 316.0227
300.1761 318.3227
302.8761 324.0627
309.0261 327.4827
310.5661 329.7727
314.4161 333.2027
315.1861 335.8827
316.7261 337.0327
318.2661 337.0227
320.9561 338.5427
320.9661 344.3027
319.0461 350.4527
318.6561 353.9127
317.5061 355.4527
317.5061 358.1427
319.4261 360.8227
322.1161 362.3427
327.8961 363.0727
330.9661 361.5227
334.8161 364.5727
335.2061 368.0227
338.2861 369.9327
344.4361 367.9727
347.1261 366.0427
347.1261 361.0427
347.1261 361.0427
347.8961 357.5827
352.1261 352.9527
351.3561 346.8127
351.7361 343.7427
352.5061 342.9727
356.7361 342.1827
359.4261 341.0127
360.1961 339.8527
360.1961 336.4027
366.3461 331.7627
365.9261 331.3827
368.7261 328.8327
373.0861 326.4727
376.0961 322.9027
379.3661 320.4027
382.3861 315.8927
383.3661 311.8527
383.3661 311.8527
381.3461 310.1927
379.0361 309.4427
378.2661 308.2927
378.2661 301.7727
377.4961 299.8627
377.4961 299.8627
375.5661 298.3427
370.9461 296.8327
368.2561 294.9327
366.3361 292.6427
365.9461 290.7227
367.0961 289.1827
367.4861 286.5027
367.0961 285.3527
364.0161 282.6927
363.2561 280.7727
360.9461 278.8727
359.7861 278.8827
356.2261 281.4427
356.2261 281.4427
353.2561 282.3627
351.3261 283.5227
349.0161 286.2227
345.5561 287.7727
339.7861 285.8927
335.5561 286.2927
334.4061 285.1527
333.2461 285.1627
329.4061 289.0127
324.4061 290.9627
321.3261 295.1927

Cristi
151
100.7161 551.6027
101.4961 550.9827
108.6661 549.8427
111.2361 550.8527
119.4261 547.3127
122.1161 544.7827
126.7061 543.4027
131.2061 540.5527
132.5861 540.6827
134.9761 539.1627
142.8061 537.5227
147.8861 536.7627
148.4361 537.3327
151.8361 537.2027
152.4361 536.3827
153.8761 536.3927
153.9961 535.3127
155.8561 534.6727
157.7061 533.5427
162.6061 532.6527
164.5961 533.6727
168.6261 534.3627
168.6261 534.3627
169.9161 533.7127
170.2861 532.5727
169.5161 531.0227
169.5161 529.0927
170.6661 526.8027
171.0461 522.1427
177.2061 519.0227
184.5161 517.0527
187.6061 515.0927
187.6061 515.0927
185.2861 505.4827
183.3661 503.5827
183.3661 500.0927
182.5961 498.9427
182.5961 497.3927
184.5161 492.7627
184.5161 486.5827
183.7461 486.5827
182.9761 487.7527
181.8361 486.5827
178.3661 487.3927
177.5961 485.0827
180.2861 478.9227
180.6661 473.8927
179.8961 472.3527
179.8961 470.4227
178.3661 469.2827
176.8161 466.2027
176.8161 466.2027
170.6661 468.5527
168.7461 464.7127
166.4361 464.3427
163.3561 467.0526
158.7461 467.0627
154.1261 471.7327
152.9861 471.3627
151.4361 469.0526
149.1261 469.4527
147.5861 467.5327
142.2061 464.8627
139.8961 464.8727
138.3561 466.0327
136.8161 466.0427
135.6661 464.1227
134.8961 464.1227
134.8961 466.0527
129.8961 469.9327
130.2861 471.8527
128.3661 471.4827
128.7661 468.4227
127.5961 468.0227
127.5961 468.0227
124.1361 469.9627
121.0561 470.7527
118.3661 474.2327
114.9061 475.4027
112.9861 476.5727
111.8361 478.1227
109.1461 478.9127
107.9961 480.4627
108.3861 482.0027
107.2361 485.0927
101.8561 485.5127
 99.5461 484.7527
 98.0061 483.2227
 92.6361 483.6327
 87.2461 482.5127
 79.5561 482.5527
 67.2461 487.6327
 63.3961 487.2727
 62.6261 488.4327
 60.3161 488.8327
 58.4061 491.1327
 58.4061 491.1327
 59.1961 491.9527
 58.5661 495.5727
 56.1561 496.6227
 54.8061 498.7427
 53.9661 498.9227
 54.5561 501.0427
 53.3761 501.4827
 52.9561 502.5427
 53.1361 503.8026
 58.5961 505.0027
 60.3861 508.2227
 60.2761 510.0526
 59.2461 510.7426
 59.0661 512.8927
 57.8761 512.1327
 55.9061 516.1727
 54.4161 518.8927
 55.6761 519.5227
 55.1361 522.8027
 53.7061 522.8627
 53.2861 521.2827
 52.3261 520.8427
 52.0961 519.8927
 49.8161 518.9527
 49.8161 517.8827
 50.4761 517.5627
 50.0761 516.6727
 48.8061 517.3127
 49.4661 519.7727
 49.2261 521.6027
 55.8661 527.4727
 56.3461 529.1727
 62.0861 530.2427
 67.5261 533.0227
 67.8261 535.1027
 70.9361 535.8627
 74.4061 538.7627
 75.5461 540.4027
 75.9661 542.3827
 74.4161 547.8627
 75.5561 547.6227
 75.6161 548.6527
 77.4161 548.4027
 78.6061 547.3927
 79.0861 545.1827
 80.8761 544.3027
 83.4361 546.0727
 83.2061 548.0827
 83.9861 548.9627
 86.4361 549.4627
 87.2161 548.8927
 89.1261 550.3527
 91.3861 551.1127
 95.3461 550.2227

Monte_Plata
163
484.0661 364.5027
484.8361 364.4927
486.3761 362.5627
488.2961 361.4027
489.4561 361.3927
491.3761 360.2327
495.9861 355.9827
498.2961 352.5127
507.5261 349.0027
509.4561 346.6927
509.4561 346.6927
511.3761 343.6127
515.2161 342.8227
517.5261 341.6527
521.3761 338.1827
526.7561 335.8427
528.2961 334.6827
529.4461 332.7627
531.3761 331.6027
533.6761 331.2027
537.5261 328.1127
541.3661 326.9427
545.5961 323.8427
551.3661 321.8927
555.2161 319.1927
561.3761 320.3027
563.6761 320.2927
565.2161 319.1327
565.2161 316.8327
563.6761 314.1527
560.5961 313.7827
559.0561 309.9627
554.8261 308.8327
551.3661 304.2527
549.8261 303.8727
549.4361 301.1927
547.8961 300.0527
547.8961 300.0527
547.5161 301.5927
545.5961 302.7527
544.4361 302.7527
543.6661 302.3827
540.5861 297.4127
539.4361 297.0327
537.1261 292.4427
532.1261 285.9627
528.2661 273.3327
525.5761 268.3727
522.8961 265.2027
522.8961 265.2027
513.8361 268.4627
509.9761 268.4627
508.4261 265.2127
503.2761 264.1327
501.2161 262.7827
497.0561 263.1127
492.4961 261.6627
490.1861 262.4427
485.5661 259.0227
485.5661 257.1027
483.6461 252.9027
480.5661 251.3827
479.7961 249.8627
476.7161 247.9627
475.5661 251.0327
475.9461 254.4727
474.7961 255.6327
474.0261 258.7027
470.1761 258.7227
469.4161 259.8727
469.0261 265.6227
469.7961 265.6127
469.7961 266.3827
469.0261 267.1527
467.4961 267.1627
466.3361 265.6327
465.5661 266.0227
464.7961 268.3327
461.7261 272.1727
461.3361 274.8627
459.8061 276.4027
459.8061 277.5526
457.1061 276.8026
454.4161 277.1926
450.1861 274.5427
448.6461 274.5526
446.7261 276.0927
444.0261 276.1027
442.4861 277.2627
439.7961 278.0427
439.4161 276.9027
440.1861 276.1227
440.1761 273.8327
438.6461 271.9227
435.9461 271.5526
433.6461 268.5026
431.7161 268.5126
430.5661 269.2826
426.7161 269.3126
424.4061 267.4026
422.8661 267.0326
417.8661 271.6526
414.7961 271.6726
412.0961 270.9226
407.8661 271.7126
406.7161 272.4826
403.6461 278.6326
400.1761 283.2526
399.7961 284.7826
397.4861 285.1826
395.5661 284.0426
395.5661 284.0426
394.4061 285.9626
390.1861 289.8226
385.1761 290.6226
384.0261 291.7726
383.2561 294.0826
377.4961 299.8626
377.4961 299.8626
378.2661 301.7726
378.2661 308.2926
379.0361 309.4426
381.3461 310.1926
383.3661 311.8526
383.3661 311.8526
384.4161 313.2426
388.2661 315.1426
392.8861 314.3526
398.6561 315.0826
402.8861 314.2926
403.6561 315.0526
404.4261 318.1226
405.9661 319.6426
410.1961 319.6226
414.4261 322.2826
415.9661 322.2726
417.5061 319.9626
419.8161 320.3326
421.7361 319.5526
422.8861 320.7026
424.0461 324.1426
425.1961 324.9026
427.8961 323.7426
431.3561 320.6526
433.6561 319.4926
437.5061 319.0826
439.8161 321.3726
441.3561 325.2026
443.2761 327.1126
446.7461 335.5326
447.1361 341.2826
445.5961 342.4426
444.8261 345.9026
448.6761 353.5626
448.6761 353.5626
455.9861 353.1326
457.5261 354.2826
457.5261 364.6526
462.1461 363.0826
466.3761 364.9826
472.9161 364.1726
476.3761 366.0726
477.5261 366.0726

Pedernales
6
 78.2461   2.5827
 79.4461   1.8327
 79.6261   0.5827
 77.8361   0.2727
 77.2361   1.0827
 76.9961   2.2027

Pedernales
18
104.3661  33.5427
105.6161  32.1127
108.1861  31.9227
109.5061  30.9827
110.9961  27.1827
112.4361  25.7527
115.4261  25.7527
114.1161  24.4427
113.8761  22.8827
109.2161  18.8927
102.7661  16.4627
 99.0661  16.1527
 98.1061  16.6527
 97.2661  19.0227
 98.6361  22.9427
100.2461  25.1827
100.6661  28.3027
102.8161  29.6127

Pedernales
156
 61.5861 184.9127
 66.1561 183.3027
 67.5461 182.1627
 69.7161 182.1527
 72.4061 178.6927
 77.8561 174.7827
 80.1461 172.1227
 82.9461 170.5227
 86.7661 170.5227
 92.0261 169.0227
 96.9161 165.9927
101.5161 164.6627
109.9061 163.8627
118.0461 156.6827
122.1161 152.1627
125.6261 149.7427
125.6261 149.7427
130.2561 149.2327
134.3261 146.5727
136.1061 144.9727
136.3561 143.9127
134.8361 142.0527
130.2561 141.7827
133.8161 135.9327
134.3261 133.2727
133.8161 129.0227
129.7461 123.7027
126.9461 122.9027
124.4061 124.2327
123.8961 123.1727
123.8961 118.3927
123.1361 116.0027
123.6461 114.4027
125.1761 112.5427
129.7561 112.5427
132.2961 110.6827
133.3161 108.8227
133.3161 107.3827
135.1061 107.6827
137.4161 106.1427
141.4561 101.1127
145.0161 102.1727
146.2861 106.4227
149.0861 106.4227
154.1761 100.0427
154.4361  96.7927
155.8861  95.7327
156.6561  90.7727
155.5061  89.2527
155.8161  86.7227
155.8161  86.7227
154.9061  86.3427
154.5461  85.2827
154.6061  80.4727
152.5161  78.7827
151.4361  79.8427
149.5261  78.9027
145.6461  73.6627
141.4061  65.4327
138.9561  53.7727
138.1161  51.5927
136.8661  50.9027
137.0461  48.1627
136.0861  47.2227
136.1461  46.0327
134.8861  43.7927
132.9161  42.8527
132.8561  41.2327
130.2261  37.4327
130.6461  35.8727
129.0961  33.2527
127.5461  33.2527
125.5161  30.1327
123.9661  32.6227
121.3361  34.6127
120.5561  36.5427
120.7361  37.8527
114.7561  43.4026
111.8861  52.3227
109.3761  57.7427
107.2861  60.5527
105.6761  61.9227
102.6861  62.9827
102.8661  63.8527
101.6761  64.6627
 96.6561  66.5927
 86.7361  67.0327
 78.0661  64.5327
 73.8861  64.4027
 73.4061  64.9627
 71.7961  64.7727
 70.1861  66.6427
 68.1561  67.2027
 68.1561  67.7027
 71.8661  68.5727
 74.3161  70.7527
 75.8661  76.6827
 78.0161  75.8127
 79.6861  76.2527
 81.2961  79.2427
 81.3561  82.1727
 80.2161  85.2327
 77.5261  88.1027
 77.5861  89.7927
 75.6761  93.7827
 71.9061  96.2827
 71.3061  97.5327
 72.0261  98.5327
 73.7561  98.4027
 74.3561  98.9627
 75.7261 102.9527
 75.6061 105.2627
 73.6961 108.1927
 73.2761 110.5627
 71.9661 112.9327
 66.1061 118.1827
 61.6261 120.4927
 57.9161 124.7427
 54.4061 125.8627
 55.1261 126.7227
 55.3761 128.6427
 57.7361 130.3127
 58.1561 134.0727
 59.1661 134.6827
 59.1661 136.6027
 60.0061 137.0427
 59.5761 139.1427
 58.7361 139.3127
 59.7461 140.8027
 59.1561 141.8527
 57.7161 141.5827
 56.5361 144.3827
 57.3761 145.1727
 57.3661 148.7627
 58.1261 148.7627
 57.5361 150.2427
 56.5261 150.2427
 56.9461 151.0327
 57.5361 150.8627
 57.3661 152.5227
 56.9461 152.7827
 55.9361 151.0327
 55.0861 153.3927
 54.4961 153.3927
 52.6361 155.6627
 53.3061 157.1527
 50.9461 156.5327
 48.5761 159.2427
 48.5761 160.9027
 49.8361 162.8327
 51.0161 163.0127
 51.8561 163.8927
 51.4361 165.5527
 52.4461 168.8827
 54.8861 170.3727
 54.8861 173.0827

Peravia
130
354.8261 232.5727
359.7461 232.3827
362.6961 230.8327
363.2361 229.0727
365.5461 228.2927
366.3161 227.5227
366.3161 225.9927
369.0061 225.2127
369.0061 225.2127
369.0061 223.6827
369.0061 223.6827
369.0061 221.7727
369.7761 220.6227
374.7761 220.9727
374.7761 220.9727
374.7761 219.4427
374.7761 219.4427
375.5461 219.0527
375.5461 217.9027
374.7761 217.5227
374.7761 216.7527
376.3161 216.3627
375.5461 214.8327
377.0861 214.8227
377.8561 217.1127
378.6261 217.4927
378.6261 214.8127
380.9361 215.5627
384.0161 214.0127
384.0161 213.2427
382.8661 212.1027
382.0961 212.1027
381.7161 213.6327
380.9461 214.0227
380.9461 210.9627
381.7161 210.5727
380.9461 209.8127
376.7161 206.7727
371.7161 207.1827
369.7961 205.2827
369.7961 203.7527
372.4861 204.5027
373.2561 202.9727
372.8661 200.2927
373.6361 198.7627
374.4061 198.7527
375.5661 200.2727
378.6461 199.4927
378.6461 196.8127
379.7961 192.6027
382.4861 191.0527
382.8661 189.5227
385.5561 187.5927
386.3261 186.4427
386.7061 183.0027
387.4761 182.2327
390.5561 181.4527
392.0961 180.2927
391.7061 176.8527
390.9361 176.0927
390.9361 173.0327
392.8561 171.4627
392.8561 171.4627
390.7761 170.4627
386.5361 172.1527
380.4961 169.0927
378.5861 170.6527
371.7761 172.6527
365.0261 170.4027
360.0061 169.9627
355.1061 171.1527
351.6961 171.0227
348.9461 172.3927
347.0361 172.5227
339.0861 169.8927
331.0161 165.3227
326.7761 164.5127
322.5361 162.7627
317.9961 165.7627
315.6661 165.8227
314.1161 165.1927
309.9961 165.9427
311.4261 169.0727
313.1561 169.7627
313.1561 168.4527
312.9161 169.3927
311.6061 168.8927
310.8861 166.8327
312.0861 166.2727
311.8461 167.3927
313.0961 167.0827
313.0361 168.2127
313.5161 167.1527
315.4861 166.5327
316.3861 167.7227
318.8361 166.9127
320.2061 167.7827
323.0761 167.9127
323.4361 168.8527
319.9661 170.9127
318.1761 170.9127
316.8661 170.9127
313.3361 174.5427
313.1561 175.6027
311.7861 175.9827
311.0061 176.9827
307.7761 177.5427
305.9861 180.1027
305.9861 180.1027
307.0961 181.1527
315.5561 181.4827
318.2461 182.9927
322.0961 182.9727
324.4061 184.1027
326.7161 189.4427
326.7161 191.3527
325.5661 194.8027
325.9561 200.5327
330.1961 206.2427
330.1961 209.3027
328.5161 212.1327
328.5161 212.1327
329.0761 216.6027
330.5461 218.6627
332.0161 219.6927
334.7161 219.6927
341.8461 223.8127
345.0361 223.8127
348.7261 225.1027
350.6961 228.4527

Puerto_Plata
195
213.6061 556.1727
218.5661 555.7927
223.2861 552.6327
228.2461 550.2327
229.2061 550.3627
230.9961 552.5727
236.9161 549.6627
240.9161 549.9827
241.2161 549.0327
241.9961 548.7827
243.3661 550.0427
245.9361 549.2227
248.9261 550.6727
249.5261 549.7927
251.0161 550.1027
251.5561 549.0327
251.1361 547.3227
251.7961 546.4427
254.1861 544.8027
256.9361 544.8627
264.1061 535.6427
262.7361 533.6227
263.3261 532.6727
264.5261 532.7327
265.4861 534.3127
267.0961 533.8127
268.5861 534.6927
270.9761 534.6927
273.4261 533.0527
273.5461 532.1627
274.5661 532.0427
274.6261 530.7727
278.5661 529.4527
280.3661 527.5527
279.5861 526.8627
280.3661 525.7927
281.7361 527.1727
282.5761 526.9927
282.6961 526.2927
287.3561 523.9627
287.9561 522.9427
289.5061 522.5727
291.5361 519.9127
293.9861 519.9127
294.2261 518.4627
295.6561 517.6427
296.9761 517.8327
298.1761 519.2227
300.9761 517.1427
305.1061 515.8127
309.4061 517.8927
310.6661 517.5227
311.6761 518.0227
313.8261 515.7527
315.0861 516.2527
316.5161 516.1927
319.1461 515.7527
320.2261 516.0627
319.6861 517.7727
321.5961 521.4927
327.3961 522.6927
335.1061 522.1227
337.1361 521.1127
339.0461 518.7227
341.0261 517.6427
342.7561 515.1827
345.4461 515.1227
347.3561 513.1627
351.4161 506.7927
351.4161 506.7927
349.1061 501.4827
350.6361 498.0027
350.6361 496.0727
350.2561 495.3027
345.2561 494.5627
345.2561 493.4027
346.4061 493.4027
346.7861 492.2427
345.2561 491.8627
344.4861 493.7927
343.7161 493.8027
343.3261 491.8727
341.7961 493.4227
340.6361 491.5027
339.0961 491.5127
337.5561 494.6027
336.7961 494.6127
335.2561 493.4627
331.7861 493.8727
331.4061 491.1727
330.6361 491.5627
330.6361 492.3327
327.9461 492.3527
326.7861 491.2027
325.6361 492.3627
324.8661 491.9827
323.7061 492.7527
321.7861 490.8427
321.4061 489.6826
322.1661 488.9127
319.8661 488.1527
319.8661 487.0027
320.6361 486.6127
320.6261 484.6826
319.0861 481.9926
319.0861 480.8327
320.2461 478.9027
320.2461 476.9827
316.7761 472.7627
316.0061 463.9027
314.8561 463.5227
313.6961 461.9926
313.6961 461.9926
308.6961 464.7127
303.3161 466.6727
294.8561 468.2627
293.3161 470.5826
293.3161 472.5026
295.6261 480.5826
294.8561 484.0526
289.0861 487.5626
286.7761 487.5726
285.2461 488.3527
279.0861 492.2426
278.3161 492.2426
278.3161 490.3126
280.2361 482.2127
279.4661 479.9027
277.9261 477.9827
272.1561 475.7026
271.0061 475.7127
270.2361 476.4926
269.4661 479.1926
268.6961 479.9627
265.2361 480.3726
261.3861 484.6327
256.7761 488.1226
256.0061 488.1327
256.0061 486.9727
255.2361 486.5927
252.1661 488.1527
249.8561 488.1627
245.6261 490.1127
245.6261 490.1127
237.1561 490.5526
235.6161 490.9427
233.6961 492.8827
232.1561 492.1227
228.6961 495.6127
228.3161 497.5327
226.7761 497.5427
222.1561 500.2727
217.5461 504.9227
215.6261 504.9326
213.6961 503.7827
209.4661 503.8126
204.8561 505.7627
203.3161 510.4027
201.0061 511.5727
193.3161 512.3827
189.8561 513.5627
187.5661 515.1027
187.5661 515.1027
184.4661 517.0627
177.1661 519.0327
171.0061 522.1527
170.6261 526.8227
169.4661 529.1127
169.4761 531.0427
170.2461 532.5927
169.8761 533.7327
168.5861 534.3727
168.5861 534.3727
170.5161 535.5127
170.3361 537.7827
171.5361 539.5527
170.5761 540.1827
170.8161 542.0227
174.4661 540.0627
175.5361 538.5427
178.2861 537.9227
179.1261 539.0527
180.0861 540.2527
181.3961 540.3127
183.0061 539.2427
188.0861 538.9227
189.8261 540.5627
194.7861 541.5727
196.9961 542.7126
199.2061 544.8627
198.8461 548.7127
200.3361 550.2327
202.5461 551.1827
203.1461 552.9527
207.1561 554.0227

Hermanas_Mirabal
69
330.9861 416.8627
330.9961 418.7827
332.5361 421.8527
335.2261 433.0027
337.9261 438.7527
337.9261 441.4527
335.6161 444.1627
334.8461 446.0827
334.8461 449.1627
336.7761 452.2327
336.3961 457.6327
341.3961 469.1527
342.1661 469.1527
344.0861 466.4426
346.0061 465.2727
350.2361 464.4827
351.0061 463.7026
351.3961 459.0826
352.5461 457.5327
354.8561 456.7526
356.7761 457.5127
359.4761 465.5826
360.2461 466.3527
362.5561 467.1127
364.4761 469.7927
367.1661 470.1627
369.0961 471.3126
371.3961 471.2927
374.0961 470.5127
375.2461 469.3527
375.6261 468.1927
374.4761 466.6527
375.2461 463.9527
377.9361 460.0927
380.6261 457.7627
380.6261 457.7627
381.7861 457.3727
382.5561 455.8227
382.1661 452.7527
380.6261 451.6027
379.0861 451.6127
375.2361 449.7127
374.0861 447.4027
374.8561 445.4727
377.9361 444.3026
377.9361 443.1527
373.3161 441.6327
371.0061 439.3427
369.0861 439.3527
367.5461 438.5927
361.3861 434.0026
360.2261 427.0826
357.9161 420.5626
358.3061 417.8627
356.3761 413.6427
356.3761 409.8026
354.8361 407.5026
352.5261 405.9726
351.3761 403.2927
351.3761 400.2126
352.5261 398.6727
353.2961 395.5926
353.2961 395.5926
348.6761 396.0026
342.1361 394.8826
339.4461 398.3626
338.2961 402.5926
335.9861 406.8426
332.9061 409.5526

Samaná
209
596.3261 427.0427
597.2861 426.7927
598.0661 425.6627
598.3661 426.2327
600.1561 426.3627
600.6361 424.9727
599.2661 421.7627
595.9161 418.4927
592.8661 413.6427
591.8461 411.5626
592.5061 410.5526
593.5261 409.8627
597.3461 409.3627
597.9461 409.9326
599.9161 409.6826
602.3661 412.1327
604.5761 410.8727
606.3061 411.1227
610.1861 413.7027
611.6261 413.7627
611.8061 412.8827
614.0161 413.1327
614.3761 412.5627
614.1961 409.2227
611.7461 404.6327
605.7661 400.4827
604.3361 398.5927
601.8261 397.3927
601.3461 394.8127
600.2061 392.9227
600.3861 389.7127
599.7261 389.5827
599.6061 387.3827
599.1861 386.1227
596.7961 385.2427
593.3861 385.9327
591.3561 386.2427
586.8161 386.3027
583.4761 388.7527
582.4561 387.6827
580.2461 389.2527
579.1061 388.3727
575.2261 390.5127
574.0861 390.1327
573.5461 389.1227
573.3061 388.2427
567.2661 389.1227
560.0961 388.7427
559.1361 387.8027
559.0761 386.2327
557.5261 386.8627
557.2861 388.1827
554.9561 388.4327
553.6961 387.6127
551.5461 389.8727
549.6961 390.5627
547.4861 390.4327
545.1561 391.5627
543.0661 391.7527
541.8161 391.1827
540.6861 391.8127
539.8461 391.3727
538.2361 392.8227
536.3861 391.6227
535.7861 392.3727
533.6361 392.9427
532.0861 392.3727
530.3561 393.0627
527.3661 392.4927
522.5861 393.4327
521.5661 394.1227
519.4761 393.6827
516.5461 395.4427
513.3161 395.5727
511.7661 394.5027
512.4261 393.1227
511.9461 385.2627
510.8061 382.2427
509.6161 375.5727
508.9561 375.1927
510.8061 368.0227
509.6761 366.7627
511.4061 363.6227
514.5161 363.0527
514.5161 363.0527
511.7661 351.9827
509.4561 346.6227
509.4561 346.6227
507.5361 348.9327
498.3061 352.4427
495.9961 355.9127
491.3861 360.1627
489.4661 361.3227
488.3161 361.3327
486.3961 362.4927
484.8561 364.4227
484.0861 364.4227
484.0861 364.4227
485.2361 365.5727
490.2361 365.5427
488.6961 370.1627
486.3861 372.8627
486.3861 375.1727
488.6961 375.1627
492.1561 377.4527
492.9261 378.2127
492.1561 379.7527
494.0761 380.1227
494.8461 381.6527
495.6161 380.8827
497.1561 380.8727
497.5461 382.4027
499.0861 382.3927
500.2461 387.0027
502.1761 389.2927
503.7161 389.2827
504.1061 390.8227
502.1861 391.6027
497.5661 390.8627
495.6461 393.1827
492.1861 392.4327
487.9561 392.8427
485.2661 394.3927
481.4161 394.4127
479.8761 393.6527
477.5661 389.4327
477.5661 389.4327
477.1861 391.3527
474.1061 393.2927
474.4961 396.3627
475.6461 396.7427
477.1861 395.5827
477.9561 396.3427
477.9561 397.8827
478.7261 398.2627
478.3461 399.4227
477.5761 399.4227
477.5761 400.9627
476.4261 402.8927
476.0461 405.2027
477.5861 405.5827
479.8961 403.6427
480.6661 403.6427
481.0561 404.7927
479.1361 407.1127
479.9061 407.4927
482.5961 405.9427
484.1361 405.9327
480.6761 409.0327
480.2761 412.1227
480.2761 412.1227
487.0661 408.3427
493.9361 407.0227
502.3061 408.9727
505.8961 411.1727
519.8761 412.1127
522.8061 413.7527
522.9261 416.0827
525.3761 415.7727
525.3761 417.2827
527.0461 416.8427
527.8861 418.3527
529.0861 418.7327
530.8161 417.5327
533.0261 418.6627
533.5661 418.0327
535.9561 418.7227
538.8861 418.5927
541.8161 417.6527
547.1961 418.7827
548.9861 418.5927
549.8861 417.2027
550.8461 417.4527
551.4461 418.5227
552.2261 418.3927
553.1861 416.8227
555.0361 415.6227
557.0061 416.5027
556.8861 417.3227
558.0861 417.6327
558.9261 416.4327
560.0061 416.3727
562.5761 414.4227
563.2361 414.2927
563.6561 415.2327
565.0961 415.1027
565.0361 414.2827
566.8861 413.2727
568.6161 412.7727
570.5861 413.2127
571.8361 410.5727
573.0361 409.7527
573.8761 410.0627
574.2961 408.8627
575.8561 408.7327
576.6961 409.1127
577.1761 412.0727
576.6961 412.9527
577.6561 414.2127
579.9261 415.4727
581.0061 416.9827
583.0961 417.4827
584.7061 419.4327
589.4861 420.2527
589.1261 421.5727
590.7361 422.9527
591.9861 423.1427
592.7661 421.9427
595.3361 426.8527

San_Cristóbal
169
377.4961 299.8627
383.2561 294.0827
384.0261 291.7727
385.1761 290.6227
390.1861 289.8227
394.4061 285.9627
395.5661 284.0427
395.5661 284.0427
394.4061 283.2827
393.6361 281.7527
393.6361 279.4527
397.0961 274.4527
397.0961 271.7727
398.2561 269.8527
397.8661 266.7927
400.5561 263.7127
401.7061 261.0227
401.3261 259.4927
400.5561 259.4927
399.4061 261.0327
397.8661 260.6627
397.0861 254.5327
399.0161 252.9927
399.3961 249.9227
401.7061 245.7027
403.2461 245.3127
403.2461 243.4027
404.3961 242.2427
405.1661 238.7927
404.7761 237.2627
405.5461 235.7327
407.8561 235.3327
410.9361 235.7027
410.9361 237.2327
412.0861 237.6027
413.2361 235.3027
415.9361 233.3727
416.3161 230.6927
417.8561 228.3827
417.0861 227.6227
414.0061 227.6427
414.0061 226.8827
414.3961 225.7327
417.4661 225.7127
417.0861 221.5027
418.2361 221.8827
418.2361 223.4127
419.7761 224.5527
421.6961 224.5427
423.2361 222.2327
425.1561 221.8427
428.2361 225.2627
428.6261 224.1127
427.8561 221.0627
429.0061 221.4327
429.3861 219.1427
430.9261 217.9827
429.8761 214.5727
429.8761 214.5727
428.1561 212.9427
427.9161 213.9427
427.1961 213.5127
427.4961 212.0727
426.2461 211.3827
423.1361 205.1227
422.5361 205.4327
421.2861 204.1127
421.8761 203.9927
421.0461 202.8627
419.7861 202.2427
413.0361 189.0327
411.0661 187.3427
409.5661 187.8427
407.8961 185.9727
407.4761 183.5327
405.2061 180.4027
402.5161 178.3327
399.1061 171.6427
397.4361 170.7027
395.1661 172.4527
392.8261 171.5227
392.8261 171.5227
390.9061 173.0927
390.9061 176.1427
391.6761 176.9027
392.0661 180.3427
390.5261 181.5027
387.4461 182.2827
386.6761 183.0527
386.2961 186.4927
385.5261 187.6427
382.8361 189.5727
382.4461 191.1027
379.7561 192.6427
378.6061 196.8627
378.6061 199.5327
375.5261 200.3127
374.3761 198.7927
373.6061 198.8027
372.8361 200.3327
373.2261 203.0027
372.4561 204.5427
369.7561 203.7927
369.7561 205.3227
371.6861 207.2227
376.6861 206.8127
380.9161 209.8527
381.6861 210.6127
380.9161 210.9927
380.9261 214.0527
381.6861 213.6727
382.0761 212.1327
382.8461 212.1327
383.9961 213.2727
383.9961 214.0426
380.9261 215.5827
378.6161 214.8327
378.6161 217.5127
377.8461 217.1327
377.0761 214.8427
375.5361 214.8526
376.3061 216.3726
374.7661 216.7726
374.7661 217.5326
375.5361 217.9126
375.5361 219.0626
374.7661 219.4426
374.7661 219.4426
374.7661 220.9726
374.7661 220.9726
369.7661 220.6226
368.9961 221.7726
368.9961 223.6826
368.9961 223.6826
368.9961 225.2126
368.9961 225.2126
366.3061 226.0026
366.3061 227.5326
365.5361 228.3026
363.2361 229.0726
362.6861 230.8326
359.7361 232.3826
354.8261 232.5726
354.8261 232.5726
354.8261 234.4426
353.5961 236.5026
349.6661 240.8826
349.6661 242.9426
352.3661 249.6426
352.8561 253.2526
352.8561 258.9226
350.1561 263.3026
350.3961 266.6526
352.8561 270.0126
353.3461 271.8126
353.5961 276.9726
356.2261 281.4426
356.2261 281.4426
359.7861 278.8826
360.9461 278.8726
363.2561 280.7726
364.0161 282.6926
367.0961 285.3526
367.4861 286.5026
367.0961 289.1826
365.9461 290.7226
366.3361 292.6426
368.2561 294.9326
370.9461 296.8326

San_José_de_Ocoa
86
316.7161 296.7527
319.4061 296.3527
321.3261 295.1927
324.4061 290.9627
329.4061 289.0127
333.2461 285.1627
334.4061 285.1527
335.5561 286.2927
339.7861 285.8927
345.5561 287.7727
349.0161 286.2227
351.3261 283.5227
353.2561 282.3627
356.2261 281.4426
356.2261 281.4426
353.5961 276.9726
353.3461 271.8126
352.8561 270.0126
350.3961 266.6526
350.1561 263.3026
352.8561 258.9226
352.8561 253.2526
352.3661 249.6426
349.6661 242.9426
349.6661 240.8826
353.5961 236.5026
354.8261 234.4426
354.8261 232.5726
354.8261 232.5726
350.6461 228.5226
348.6761 225.1726
344.9961 223.8826
341.7961 223.8826
334.6761 219.7626
331.9661 219.7626
330.4961 218.7326
329.0161 216.6726
328.4561 212.2026
328.4561 212.2026
324.7561 214.7526
325.1461 217.4326
323.2261 220.5026
323.2261 222.7926
321.2961 223.9526
321.3061 226.2526
322.4561 227.0126
322.4561 227.7726
321.3061 228.9326
315.9161 229.7226
312.8461 233.9526
311.6861 233.5726
310.5361 234.7326
305.5361 235.9126
304.3861 238.5926
302.8461 238.6026
300.5361 237.4626
299.3761 237.8526
298.9961 239.3926
296.6861 242.0826
296.6861 244.3826
295.9161 245.5326
288.9961 249.7826
287.0761 251.7126
286.3061 253.2426
289.0061 257.4426
288.6161 263.9526
286.3161 267.8026
283.2361 270.5026
280.9261 271.6626
280.9261 271.6626
285.9261 272.0126
292.0861 273.5126
295.5461 273.1127
297.0861 271.9526
300.9261 271.9326
302.8561 272.6826
302.8561 277.2827
304.7761 279.1927
307.0861 280.3227
311.3161 280.3027
311.7061 281.4527
310.9361 283.7527
312.4761 286.4227
313.6261 287.5727
316.7061 288.7027
315.5561 294.0727

San_Juan
181
145.9561 387.9227
146.7261 387.5327
147.8761 384.4527
149.0261 383.6727
151.7261 384.8126
155.1861 384.7927
160.5661 382.8427
163.6461 383.9827
166.7261 383.1926
166.7261 383.1926
170.5661 380.0927
176.3361 379.2927
182.8761 376.5726
185.1861 373.1027
189.0261 371.1527
189.7961 367.6926
189.7961 362.7026
192.8761 359.6127
195.5661 358.0626
197.8761 358.0526
205.1761 354.9326
206.7161 352.2426
206.7161 350.3226
207.4861 349.5427
209.4061 349.5327
210.9461 348.7627
211.7161 349.9027
215.5661 351.4227
216.3361 353.3326
217.8761 354.0926
220.9461 352.9227
221.7161 352.9227
222.8761 354.0626
224.4161 354.0626
228.6461 352.5026
230.1861 351.3426
234.4161 350.5427
234.4161 350.5427
236.7161 348.9926
239.0261 345.1426
239.7961 342.0726
239.7961 342.0726
239.4061 340.5327
240.1761 339.7626
240.1761 338.2326
239.0261 336.7026
232.4861 335.5826
234.4061 330.9726
232.8661 328.6726
227.4761 327.5526
225.9461 324.8826
224.7861 324.8826
221.7061 323.3726
221.7061 322.2126
222.4761 321.4426
222.0961 319.1426
219.7861 314.5526
218.2461 314.1826
217.4761 313.0326
219.0061 307.2726
221.6961 301.8926
221.6961 299.2026
219.0061 294.6226
218.2361 291.9426
215.9261 289.6526
215.1561 287.3626
213.6161 287.3626
211.6961 291.2126
210.9261 294.2826
209.3861 295.4426
206.6961 295.4626
204.3861 293.9326
203.2361 292.0226
203.6161 285.8926
204.3861 285.1226
204.3861 283.5926
205.5361 283.1926
205.9261 281.2826
205.1561 280.5126
203.6161 280.5226
202.4561 279.3826
202.4561 277.4626
204.7661 275.1526
205.1461 272.4726
203.2261 272.1026
201.0361 269.9326
197.1961 269.8326
194.6461 263.5126
192.3861 263.5126
187.1661 258.0926
181.6761 257.9126
181.6761 257.9126
181.2961 260.3426
180.5261 261.1126
175.5261 262.6726
170.5261 261.5526
161.6761 257.7726
154.3661 257.8126
151.2861 258.9826
148.5961 258.9926
147.0561 257.8526
145.9061 255.9526
143.9761 255.9626
139.7461 252.9226
132.0561 254.4926
131.6661 256.7926
128.9761 257.5726
127.4361 256.0526
125.9061 256.0626
124.7461 258.3626
118.9761 261.4626
116.2861 261.8626
113.9761 260.7226
111.2861 260.7426
107.0561 261.9126
103.9761 263.4626
102.8261 265.0026
101.2861 265.7726
101.2861 265.7726
101.2861 265.7726
101.2861 265.7726
102.8261 267.6826
104.3661 273.4227
104.3661 274.9526
102.8261 278.7926
100.9061 279.9526
 97.0561 279.5926
 94.7461 280.7526
 93.2161 284.2126
 92.0561 284.9826
 91.2961 286.5226
 91.6761 288.0526
 92.8261 288.8126
 93.9861 291.1126
 93.6061 293.0226
 90.9061 294.5726
 90.5261 295.7327
 88.9861 295.7327
 85.9061 297.2827
 84.3761 299.2127
 84.3761 300.7427
 81.2961 302.6826
 82.4561 303.4426
 83.2161 306.1227
 84.7561 308.0327
 83.6061 312.2527
 83.9961 320.3126
 83.2261 320.6926
 80.9161 318.4027
 80.1461 318.4127
 80.5361 323.0127
 83.9961 328.7527
 84.3861 332.5827
 82.8461 332.9727
 82.0761 333.7527
 82.0761 334.9027
 90.1561 344.8327
 92.4661 346.7427
 94.3861 347.1127
101.6961 345.1527
104.0061 345.5227
104.7761 346.2827
105.1661 351.2727
108.2461 358.9426
110.9361 363.1427
110.5561 367.7527
114.4061 373.5027
116.7161 374.2527
124.0261 373.0626
127.8661 369.1926
130.5561 369.1826
130.9461 367.6427
132.4761 367.6327
135.5561 370.3026
140.1761 370.2827
142.8661 371.8026
144.0261 373.3327
143.2561 376.0227
144.4161 386.3927
144.4161 386.3927
145.5661 387.9227

San_Pedro_de_Macorís
125
547.8961 300.0527
547.1261 298.9027
546.3561 292.7727
547.1261 290.8527
549.4361 290.4627
550.5861 289.3027
550.5861 287.0027
552.8961 282.7727
552.8861 276.6427
554.4261 274.3427
551.7361 270.9027
552.1161 269.3727
554.4261 268.2127
555.5761 265.1327
557.8861 262.4427
558.2661 259.3727
559.8061 255.9227
563.2661 253.6027
564.0361 249.3827
565.9561 245.9327
566.3461 243.6327
570.5661 236.7127
572.1061 240.1527
575.1861 243.1927
579.0361 245.4727
579.4261 247.7727
581.7261 247.7527
580.9661 248.9027
580.9661 253.1227
582.1161 254.6427
582.1161 257.7127
582.8861 259.2327
587.8861 259.5927
590.1961 260.7227
592.1261 263.4027
592.1261 263.4027
595.1961 262.2327
596.3561 259.5427
598.6561 259.5327
600.9661 260.6627
604.4261 259.5026
610.5861 255.2526
612.5061 250.6426
618.2761 247.5526
620.5861 247.9226
622.8861 249.4326
629.0461 249.4027
629.8161 247.8626
627.8861 247.1126
626.7361 237.9326
626.7361 237.9326
625.5761 234.4926
622.1161 231.0626
620.5761 228.0126
620.5761 226.1026
622.1161 223.0326
623.2661 222.2626
626.7261 217.2626
626.7261 216.1226
627.8761 214.2026
627.1061 211.5226
628.6461 207.5626
628.6461 207.5626
621.0661 210.2526
617.2461 210.3126
613.2361 211.3826
607.1461 213.7626
604.0361 216.1426
605.1161 216.6426
604.2161 219.8326
601.8861 221.0826
598.1161 220.2026
596.2061 218.8326
589.0961 218.7026
582.9961 216.7626
582.2261 216.8226
582.6361 217.1426
582.2761 217.8926
579.5361 218.2026
579.8361 219.5826
578.8161 219.8326
577.5561 218.9526
577.5061 217.6426
578.5161 217.2026
578.0361 216.7026
577.4361 217.0126
577.4361 215.8226
575.4661 214.8226
569.6761 214.4426
561.7861 215.3826
556.4661 215.0126
548.8161 213.6926
537.2861 210.1226
532.8861 210.1926
532.8861 210.1926
532.8661 220.0826
533.2561 220.8526
534.7961 220.8426
535.1761 224.6626
525.1761 225.4926
518.6361 229.3526
516.7161 234.3426
514.0261 235.8826
514.7961 237.4126
517.1061 238.5426
519.0261 243.5126
522.4961 249.2326
522.4961 250.3826
520.5661 252.6926
522.1061 256.8926
522.1161 258.8126
521.3361 259.2026
519.4161 257.6727
518.6461 259.9827
522.8961 265.2027
522.8961 265.2027
525.5761 268.3727
528.2661 273.3327
532.1261 285.9627
537.1261 292.4427
539.4361 297.0327
540.5861 297.4127
543.6661 302.3827
544.4361 302.7527
545.5961 302.7527

Sánchez_Ramírez
119
370.9761 377.8127
370.9861 378.9627
370.2161 378.5827
370.2161 379.3527
371.3661 380.1127
372.9061 380.4927
374.4461 379.7127
375.9861 380.4727
376.7561 379.7027
377.5261 380.4627
378.2961 378.5427
380.5961 379.2927
381.7561 377.3727
385.5961 376.1927
385.9861 378.1127
386.7561 378.8727
387.9061 377.3327
390.5961 380.3927
392.1361 381.1527
393.6761 380.7627
392.9061 378.0727
394.4461 378.0627
395.5961 378.8227
396.3661 378.0526
397.1361 378.8227
397.1361 376.1327
399.0661 379.5727
400.2161 379.1827
401.3661 380.3327
401.7561 380.3327
401.3661 377.2627
402.5261 376.8627
402.9061 378.4027
404.0661 378.0127
404.8361 379.5427
407.5261 379.1427
407.5261 378.3727
408.6761 377.6027
411.3761 378.3527
412.5261 379.5027
413.6761 377.1927
416.3761 377.1727
416.7561 376.0227
417.5261 376.0127
420.2161 373.6927
429.0661 371.3427
431.7561 369.4027
432.9061 369.3927
435.6061 372.0727
437.5261 372.0627
442.1461 369.7327
444.8361 367.4127
448.6761 367.0027
451.3761 365.8327
451.7561 365.0627
449.4461 359.7027
448.6761 353.5627
448.6761 353.5627
444.8261 345.9027
445.5961 342.4427
447.1361 341.2827
446.7461 335.5327
443.2761 327.1127
441.3561 325.2027
439.8161 321.3727
437.5061 319.0827
433.6561 319.4927
431.3561 320.6527
427.8961 323.7427
425.1961 324.9027
424.0461 324.1427
422.8861 320.7027
421.7361 319.5527
419.8161 320.3327
417.5061 319.9627
415.9661 322.2727
414.4261 322.2827
410.1961 319.6227
405.9661 319.6427
404.4261 318.1227
403.6561 315.0527
402.8861 314.2927
398.6561 315.0827
392.8861 314.3527
388.2661 315.1427
384.4161 313.2427
383.3661 311.8527
383.3661 311.8527
382.3861 315.8927
379.3661 320.4027
376.0961 322.9027
373.0861 326.4727
368.7261 328.8327
365.9261 331.3827
366.3461 331.7627
360.1961 336.4027
360.1961 339.8527
359.4261 341.0127
356.7361 342.1827
352.5061 342.9727
351.7361 343.7427
351.3561 346.8127
352.1261 352.9527
347.8961 357.5827
347.1261 361.0427
347.1261 361.0427
348.6661 364.8827
350.2061 366.7927
353.2861 368.3127
354.8261 368.3027
358.2861 372.8927
360.5961 372.8727
360.9761 372.1027
365.5961 372.4627
367.9061 373.6027
369.0561 377.0526
369.8261 377.0526
370.9761 375.8927
371.7461 376.2727

Santiago
220
245.6261 490.1127
249.8561 488.1627
252.1661 488.1527
255.2361 486.5927
256.0061 486.9727
256.0061 488.1327
256.7761 488.1227
261.3861 484.6327
265.2361 480.3727
268.6961 479.9627
269.4661 479.1927
270.2361 476.4927
271.0061 475.7127
272.1561 475.7027
277.9261 477.9827
279.4661 479.9027
280.2361 482.2127
278.3161 490.3126
278.3161 492.2427
279.0861 492.2427
285.2461 488.3527
286.7761 487.5727
289.0861 487.5626
294.8561 484.0526
295.6261 480.5827
293.3161 472.5027
293.3161 470.5827
294.8561 468.2627
303.3161 466.6727
308.6961 464.7127
313.6961 461.9927
313.6961 461.9927
313.6961 457.3727
309.8461 454.3126
306.7761 453.5626
305.6161 452.0227
305.9961 446.2527
303.3061 441.6427
303.3061 440.1027
303.6861 436.2527
304.8361 432.7827
305.9961 431.6227
305.9961 430.4727
305.2261 430.0927
303.6861 431.6427
301.7661 431.6527
300.2261 430.1227
299.4461 428.2027
299.4461 428.2027
295.6061 428.2227
291.3761 425.5527
284.4461 423.6627
283.6761 422.9027
283.6761 420.9827
282.9061 419.8327
277.5261 420.2427
275.5961 418.7127
274.0561 418.7227
273.2861 417.1927
270.2161 417.2127
270.9761 414.1327
273.2861 412.9627
273.2861 411.8027
270.2061 411.8227
270.9761 410.6627
279.4461 406.7727
284.4461 405.2027
285.9761 404.0427
284.8261 402.1327
285.2061 400.2027
285.9761 399.8127
284.8261 398.2827
285.5961 395.9727
284.0561 393.2927
285.5861 392.1327
285.2061 389.4427
286.7461 389.0527
286.7461 388.2827
285.2061 386.3627
283.2761 385.6127
281.7361 386.7727
279.0461 387.1727
277.8961 390.2527
276.7461 390.6427
275.2061 389.1127
273.6661 385.6627
272.8861 380.6727
270.5861 379.9127
269.8161 378.7727
267.5061 378.3927
266.3561 377.6327
266.3561 376.8627
265.5861 376.8727
264.4261 375.7227
260.1961 374.5927
256.7361 374.6127
255.1961 370.0127
254.0361 368.8727
250.5761 368.1227
247.4961 365.8327
244.0361 366.2327
242.8761 365.4727
241.7261 362.7927
239.8061 361.2727
234.4161 361.6827
234.0361 359.3827
235.1861 357.4527
235.9561 353.9927
235.9561 352.4527
234.4161 350.5427
234.4161 350.5427
230.1861 351.3427
228.6461 352.5027
224.4161 354.0627
222.8761 354.0627
221.7161 352.9227
220.9461 352.9227
217.8761 354.0927
216.3361 353.3327
215.5661 351.4227
211.7161 349.9027
210.9461 348.7627
209.4061 349.5327
207.4861 349.5427
206.7161 350.3227
206.7161 352.2427
205.1761 354.9327
197.8761 358.0527
195.5661 358.0627
192.8761 359.6127
189.7961 362.7027
189.7961 367.6927
189.0261 371.1527
185.1861 373.1027
182.8761 376.5727
176.3361 379.2927
170.5661 380.0927
166.7261 383.1927
166.7261 383.1927
166.3361 385.5027
167.8761 389.7227
168.2661 395.1027
166.3461 399.3327
163.6561 400.1227
162.1161 403.5927
162.8861 405.1227
164.8061 404.7327
165.1961 405.4927
164.4261 410.5027
165.5861 412.0327
165.5861 415.1127
163.2761 417.8127
163.2761 418.9627
165.1961 419.3427
166.3561 422.4127
167.1261 421.2527
169.0461 421.2427
169.4361 422.7827
168.6661 426.2427
169.8161 427.0127
170.5861 428.5427
174.0461 430.4427
180.2061 431.9527
181.7461 428.8627
184.4361 428.8527
185.2061 430.3827
184.8261 431.5427
187.8961 431.9127
187.8961 433.0627
190.9761 432.6627
191.7461 433.4227
192.5161 436.8827
195.5961 438.4027
199.4361 438.0027
201.3661 440.3027
198.6761 440.7027
197.9061 441.4727
198.6761 444.1627
197.5261 446.0927
196.3661 446.1027
196.3661 446.8727
198.6761 447.6227
200.2161 450.6927
200.2161 450.6927
203.2961 448.7527
204.4461 448.7527
208.2961 446.0327
212.1361 444.4727
219.4461 444.8127
221.3661 445.9627
222.9061 449.0327
225.2161 445.9427
229.0661 445.5327
230.6061 444.3727
233.6761 445.8927
236.3761 445.8727
238.6761 445.0927
241.7561 445.4627
244.0661 448.5227
239.0661 450.8627
236.7661 454.3427
236.7661 457.4227
238.6861 460.8727
239.8461 466.2627
237.5361 467.4327
235.6161 467.4427
234.8461 469.3727
233.6861 468.6127
230.9961 470.9327
231.7661 473.6227
229.8461 475.5627
229.8461 478.2627
230.2361 478.6427
231.7661 477.8627
238.3061 472.8227
239.4561 472.8127
240.6161 475.5027
242.1561 476.6527
242.5361 478.9627
244.4661 481.6427

Santiago_Rodríguez
116
127.5161 468.0527
128.6961 468.4527
128.2961 471.5127
130.2161 471.8927
129.8261 469.9627
134.8261 466.0827
134.8261 464.1627
135.5961 464.1527
136.7561 466.0727
138.2861 466.0627
139.8261 464.9027
142.1361 464.8927
147.5261 467.5526
149.0661 469.4727
151.3661 469.0727
152.9261 471.3827
154.0661 471.7527
158.6861 467.0827
163.2961 467.0827
166.3661 464.3627
168.6761 464.7427
170.6061 468.5827
176.7561 466.2327
176.7561 466.2327
176.7561 461.6127
178.2961 460.0627
178.6761 455.4427
179.4461 454.6627
181.3661 454.6527
183.6761 453.4827
186.3661 453.4727
191.3661 450.3627
194.4461 450.3427
197.1361 451.1027
200.2161 450.6927
200.2161 450.6927
198.6761 447.6227
196.3661 446.8727
196.3661 446.1027
197.5261 446.0927
198.6761 444.1627
197.9061 441.4727
198.6761 440.7027
201.3661 440.3026
199.4361 438.0027
195.5961 438.4027
192.5161 436.8827
191.7461 433.4227
190.9761 432.6627
187.8961 433.0627
187.8961 431.9127
184.8261 431.5427
185.2061 430.3827
184.4361 428.8527
181.7461 428.8627
180.2061 431.9527
174.0461 430.4427
170.5861 428.5427
169.8161 427.0127
168.6661 426.2427
169.4361 422.7827
169.0461 421.2427
167.1261 421.2527
166.3561 422.4127
165.1961 419.3427
163.2761 418.9627
163.2761 417.8126
165.5861 415.1127
165.5861 412.0327
164.4261 410.5027
165.1961 405.4927
164.8061 404.7327
162.8861 405.1227
162.1161 403.5927
163.6561 400.1227
166.3461 399.3327
168.2661 395.1027
167.8761 389.7227
166.3361 385.5027
166.7261 383.1927
166.7261 383.1927
163.6461 383.9827
160.5661 382.8427
155.1861 384.7927
151.7261 384.8127
149.0261 383.6727
147.8761 384.4527
146.7261 387.5327
145.9561 387.9227
145.9561 387.9227
143.2561 389.8627
138.2561 391.4227
133.6461 394.9127
131.3361 394.9227
123.2661 401.1227
122.8761 405.7327
120.1861 409.5927
115.1861 411.9327
113.2661 411.5527
111.3461 412.3427
111.3461 412.3427
110.5761 414.2627
106.3461 417.3627
105.5761 421.2127
110.9561 420.0327
116.7261 421.1527
116.3461 427.3127
117.1161 432.3027
116.3561 437.7027
116.7361 438.4727
119.4261 439.6027
120.5861 441.5227
120.5861 444.9927
119.4361 448.8427
119.4361 455.7727
121.7461 460.3827

Santo_Domingo
177
395.5661 284.0427
397.4861 285.1827
399.7961 284.7827
400.1761 283.2527
403.6461 278.6327
406.7161 272.4827
407.8661 271.7127
412.0961 270.9227
414.7961 271.6727
417.8661 271.6527
422.8661 267.0327
424.4061 267.4027
426.7161 269.3127
430.5661 269.2827
431.7161 268.5127
433.6461 268.5027
435.9461 271.5527
438.6461 271.9227
440.1761 273.8327
440.1861 276.1227
439.4161 276.9027
439.7961 278.0427
442.4861 277.2627
444.0261 276.1027
446.7261 276.0927
448.6461 274.5527
450.1861 274.5427
454.4161 277.1927
457.1061 276.8027
459.8061 277.5527
459.8061 276.4027
461.3361 274.8627
461.7261 272.1727
464.7961 268.3327
465.5661 266.0227
466.3361 265.6327
467.4961 267.1627
469.0261 267.1527
469.7961 266.3827
469.7961 265.6127
469.0261 265.6227
469.4161 259.8727
470.1761 258.7227
474.0261 258.7027
474.7961 255.6327
475.9461 254.4727
475.5661 251.0327
476.7161 247.9627
479.7961 249.8627
480.5661 251.3827
483.6461 252.9027
485.5661 257.1027
485.5661 259.0227
490.1861 262.4427
492.4961 261.6627
497.0561 263.1127
501.2161 262.7827
503.2761 264.1327
508.4261 265.2127
509.9761 268.4627
513.8361 268.4627
522.8961 265.2027
522.8961 265.2027
518.6461 259.9827
519.4161 257.6727
521.3361 259.2027
522.1161 258.8127
522.1061 256.8927
520.5661 252.6927
522.4961 250.3827
522.4961 249.2327
519.0261 243.5127
517.1061 238.5427
514.7961 237.4127
514.0261 235.8827
516.7161 234.3427
518.6361 229.3527
525.1761 225.4927
535.1761 224.6627
534.7961 220.8427
533.2561 220.8527
532.8661 220.0827
532.8861 210.1927
532.8861 210.1927
528.6761 211.3827
525.4461 214.0127
524.0761 216.2627
518.9961 219.7727
513.0761 220.0227
510.5061 217.9527
511.8861 210.6927
510.9261 209.3127
509.7261 209.2527
502.6761 211.5027
500.2861 215.3827
499.8661 219.6427
496.2261 221.4627
492.8761 221.6527
488.1561 223.2127
477.8161 224.0227
470.8861 223.6527
467.8961 224.7127
457.4361 224.2827
457.4361 224.2827
457.1361 226.6427
458.9861 230.1027
458.9861 231.8927
455.8161 233.9727
448.1661 232.4527
444.8761 231.0727
442.4961 234.2427
440.2561 235.3527
439.5961 238.2527
438.4161 240.0527
436.0461 241.0227
434.3261 239.7727
433.1361 237.0127
433.1361 234.5227
430.3761 233.0027
431.6861 230.6527
436.6961 227.0627
438.0161 225.2627
438.1461 219.7327
435.7761 217.2527
435.6061 215.0127
435.6061 215.0127
432.8761 213.8827
429.8761 214.5727
429.8761 214.5727
430.9261 217.9827
429.3861 219.1427
429.0061 221.4327
427.8561 221.0627
428.6261 224.1127
428.2361 225.2627
425.1561 221.8427
423.2361 222.2327
421.6961 224.5427
419.7761 224.5527
418.2361 223.4127
418.2361 221.8827
417.0861 221.5027
417.4661 225.7127
414.3961 225.7327
414.0061 226.8827
414.0061 227.6427
417.0861 227.6227
417.8561 228.3827
416.3161 230.6927
415.9361 233.3727
413.2361 235.3027
412.0861 237.6027
410.9361 237.2327
410.9361 235.7027
407.8561 235.3327
405.5461 235.7327
404.7761 237.2627
405.1661 238.7927
404.3961 242.2427
403.2461 243.4027
403.2461 245.3127
401.7061 245.7027
399.3961 249.9227
399.0161 252.9927
397.0861 254.5327
397.8661 260.6627
399.4061 261.0327
400.5561 259.4927
401.3261 259.4927
401.7061 261.0227
400.5561 263.7127
397.8661 266.7927
398.2561 269.8527
397.0961 271.7727
397.0961 274.4527
393.6361 279.4527
393.6361 281.7527

Valverde
87
187.5661 515.1027
189.8561 513.5627
193.3161 512.3827
201.0061 511.5727
203.3161 510.4027
204.8561 505.7627
209.4661 503.8127
213.6961 503.7827
215.6261 504.9327
217.5461 504.9227
222.1561 500.2727
226.7761 497.5427
228.3161 497.5327
228.6961 495.6127
232.1561 492.1227
233.6961 492.8827
235.6161 490.9427
237.1561 490.5527
245.6261 490.1127
245.6261 490.1127
244.4661 484.7327
244.4661 481.6427
242.5361 478.9627
242.1561 476.6527
240.6161 475.5027
239.4561 472.8127
238.3061 472.8227
231.7661 477.8627
230.2361 478.6427
229.8461 478.2627
229.8461 475.5627
231.7661 473.6227
230.9961 470.9327
233.6861 468.6127
234.8461 469.3727
235.6161 467.4427
237.5361 467.4327
239.8461 466.2627
238.6861 460.8727
236.7661 457.4227
236.7661 454.3427
239.0661 450.8627
244.0661 448.5227
241.7561 445.4627
238.6761 445.0927
236.3761 445.8727
233.6761 445.8927
230.6061 444.3727
229.0661 445.5327
225.2161 445.9427
222.9061 449.0327
221.3661 445.9627
219.4461 444.8127
212.1361 444.4727
208.2961 446.0327
204.4461 448.7527
203.2961 448.7527
200.2161 450.6927
200.2161 450.6927
197.1361 451.1027
194.4461 450.3427
191.3661 450.3627
186.3661 453.4727
183.6761 453.4827
181.3661 454.6527
179.4461 454.6627
178.6761 455.4427
178.2961 460.0627
176.7561 461.6127
176.7561 466.2327
176.7561 466.2327
178.3061 469.3127
179.8361 470.4527
179.8361 472.3827
180.6061 473.9127
180.2261 478.9427
177.5361 485.1027
178.3061 487.4127
181.7761 486.6027
182.9161 487.7727
183.6861 486.6027
184.4661 486.6027
184.4661 492.7927
182.5461 497.4227
182.5461 498.9627
183.3261 500.1127
183.3261 503.5927

