793 308

Azuay
146
587.6815 119.2212
589.0915 119.7912
590.7115 119.8512
591.6115 119.4712
591.7115 119.2012
592.5215 119.3212
595.2615 118.6112
597.0414 116.5912
597.5115 113.1412
597.3214 112.3612
596.9214 112.0112
597.5115 109.9912
599.7715 108.5712
602.8415 108.9612
603.1015 108.8012
604.6415 108.6912
605.5915 109.9912
606.6615 111.0612
607.5015 110.2312
609.0415 107.5012
610.1115 106.9012
610.7015 105.3612
610.8215 104.0512
611.5415 103.2212
612.6015 102.8612
614.0315 103.2212
616.6515 103.4612
616.7815 105.1112
616.9115 105.1412
617.9115 106.0712
618.6615 108.1312
619.9115 109.4812
621.0615 110.2012
622.2615 110.6112
623.6015 110.8212
624.9915 111.1812
625.4115 111.4412
625.8015 113.6812
626.8615 114.9812
627.5215 114.9412
627.5115 115.1112
629.2914 115.7312
629.1215 113.9112
629.4815 112.6112
630.6715 112.6112
632.0915 113.8012
632.4115 114.6312
632.4115 114.6312
632.9215 114.3912
632.9215 114.3912
634.2315 114.2712
635.6615 113.4412
635.7815 112.2512
635.5414 111.1812
634.4714 110.9412
633.7414 110.9112
633.4014 110.4112
631.9714 110.5912
629.2414 109.7612
628.0514 108.9212
627.2214 107.9712
626.8614 106.4312
627.1014 104.8812
627.3514 104.8612
628.0514 104.0712
627.8114 102.5112
627.2214 101.4412
625.8014 100.3712
624.9614  99.0612
624.7314  97.5212
624.7314  94.3112
624.2514  92.1712
623.3014  90.8612
621.9914  90.0312
619.5014  89.5512
617.9514  88.2512
617.0014  86.2312
615.8114  83.8512
612.8414  83.0212
611.0614  81.7112
610.3514  81.8312
610.1114  79.8112
610.1114  79.8112
608.4514  78.8612
608.4514  78.8612
606.6614  77.4312
605.0014  76.0112
605.3614  74.7012
605.7514  73.6112
605.7214  73.3212
604.8814  72.3812
604.2914  70.3612
605.1214  67.5112
604.4114  66.5612
603.3014  66.2812
603.3014  66.2812
603.1614  66.4212
603.1614  66.4212
602.3914  66.5612
601.2014  67.5112
600.6014  70.9612
600.0114  72.3812
598.8214  73.5712
598.2214  73.9212
597.7914  73.5612
595.3114  72.0112
594.4314  72.6312
593.6414  74.3512
593.4114  75.3812
593.4214  76.3812
593.3414  78.6812
591.1914  79.4712
586.7314  79.5712
585.3714  79.8512
585.3714  79.8512
581.8014  80.2412
581.8014  80.2412
580.5514  80.3012
580.5314  80.4612
579.5714  80.4612
578.5014  81.0612
578.1514  83.3212
578.6214  83.6712
579.5714  85.2212
580.1714  85.9312
580.2114  87.0512
580.1714  88.6612
578.8614  89.3812
577.5914  89.3812
573.5114  90.6212
573.5114  90.6212
572.0014  92.4912
572.3114  93.3212
572.3114  93.3212
573.1414  92.6612
573.7414  94.1912
574.9614  96.9212
575.5514  96.9212
576.4214  98.5412
577.1814 101.0512
578.9314 104.5612
580.9414 108.3312
583.9514 113.6012
585.7114 114.8512
587.2114 115.8512
587.2114 119.1312

Bolívar
120
596.0615 181.4412
596.7715 181.3112
597.3915 181.3912
598.2315 182.1812
599.5315 183.1312
601.0815 183.6112
603.1015 183.8412
605.3615 183.7212
605.9615 182.7412
606.0715 182.6912
607.0915 181.8412
609.2815 181.4112
612.0115 181.6412
612.9615 183.3112
616.1715 183.0712
616.9215 182.5712
616.9215 182.5712
615.0615 181.5112
615.0615 181.5112
614.9715 180.5012
614.9015 178.8812
614.1015 176.7212
613.2115 175.7112
612.3315 175.0312
613.1415 172.5112
613.2515 172.4112
613.4415 171.3112
613.9115 170.1212
615.1015 168.4512
615.6515 168.2512
615.6515 168.0312
615.7715 167.2312
615.7715 167.2312
615.8015 167.0812
615.4615 166.4912
614.6315 164.5912
614.0315 162.9312
614.0315 161.7412
615.6915 161.5012
616.2915 160.3212
616.0515 158.7712
614.9815 158.8912
614.9815 157.8212
615.0815 157.0912
614.9415 156.9912
615.2215 156.3912
614.0315 155.2112
612.9614 154.3712
611.4314 154.5112
611.3014 154.4412
610.9414 154.6112
608.4514 153.7812
607.9714 150.8112
607.8514 147.8412
608.2114 144.2712
607.3814 142.3712
607.3814 139.2812
607.3214 137.4012
605.5814 135.9212
605.5814 135.9212
603.7214 134.5712
603.1014 135.3612
603.1014 135.3612
603.6914 136.1912
604.1714 137.8612
602.6215 137.5012
602.6215 137.5012
601.4214 137.6112
601.4714 138.9112
601.4714 138.9112
601.4115 139.4712
598.4714 140.9512
596.8014 143.6812
595.8514 146.2912
596.5614 148.4312
597.2715 149.2512
596.9414 150.6112
596.9115 152.6012
596.7214 154.0212
597.7514 154.0212
598.9414 154.7312
599.1814 155.6812
598.1114 155.8012
597.1614 156.0412
596.4414 156.0412
595.9814 159.4212
593.3614 159.9612
593.1214 161.0312
594.3114 161.7412
595.5614 162.1012
595.5114 162.3412
596.2114 162.4512
597.0414 163.4012
597.2815 165.1912
596.3314 165.5412
594.9314 165.5412
594.4814 168.0012
593.5914 167.9212
592.0514 168.6312
591.8114 169.5812
593.0015 169.7012
594.0015 170.5212
593.7914 171.5212
594.0714 172.3212
595.2615 172.6712
595.8515 176.0012
594.5415 176.4812
593.7415 176.5412
593.8215 176.7712
593.3115 176.9912
591.3415 176.0012
589.9115 176.1212
589.2015 176.5912
590.1515 177.7812
591.3415 178.5012
592.2915 178.7612
592.2915 178.9712
593.3615 180.1612
594.9015 180.8712
594.9015 180.8712

Carchi
77
656.9915 279.5612
659.3615 277.4212
664.0015 277.1812
665.8715 276.8412
668.2715 277.7712
672.2014 278.6112
673.8514 277.3712
674.6214 276.8412
674.6914 275.8712
673.1515 274.8012
673.1515 273.5012
674.3815 273.0212
676.6315 270.6612
676.6315 270.6612
675.6814 269.5912
674.1515 269.8112
672.7215 268.2712
672.0115 265.5412
672.0115 265.5412
669.8715 262.8012
668.6015 261.0812
668.6015 261.0812
668.1415 260.7812
667.3915 259.9012
667.3915 259.9012
667.0614 258.9512
666.6315 256.7412
666.6315 256.7412
664.9314 256.8012
663.5714 257.0512
662.2414 257.5512
660.4114 258.5612
659.4314 259.9312
655.5714 262.1712
653.3014 262.2912
653.0514 262.4312
652.2814 264.1712
652.4014 266.4312
652.1614 268.2112
650.5014 270.5912
648.3614 272.3712
646.7014 274.7412
645.1515 276.5312
643.7315 276.9312
643.2015 277.4612
641.5215 278.4212
640.0415 278.3112
637.4315 278.7812
637.4315 278.7812
636.7615 278.7812
636.7615 278.7812
635.2015 279.4412
635.1015 279.7312
633.7415 280.0312
633.7415 282.0012
632.4715 282.6512
632.2515 284.3012
632.4115 284.9412
632.2015 285.9712
632.0815 289.1812
632.8815 289.3312
632.8515 289.6012
634.1015 290.3712
634.3415 292.0312
633.9815 294.4112
634.1715 295.2612
634.1715 295.2612
635.3415 294.9212
638.3315 292.9812
638.9315 290.9612
641.2815 289.1012
642.9715 288.2312
645.2215 287.4012
648.4315 286.6912
649.6215 285.2612
649.7415 284.3112
652.4515 282.5612

Orellana
205
692.4015 236.2212
696.6215 234.5212
696.6215 234.5212
698.6415 234.6712
700.0614 234.3212
702.3214 233.4912
703.7414 233.4912
705.2914 234.4412
707.0714 235.1512
709.2114 234.9112
709.2114 234.9112
711.1114 232.7712
711.1114 232.7712
711.5914 232.3012
712.0614 230.9912
712.0614 230.9912
713.4914 229.4512
714.5614 228.0212
714.5614 228.0212
716.3414 226.2412
716.3414 226.2412
718.3614 223.0312
718.3614 223.0312
719.9014 221.9612
719.9014 221.9612
722.2814 220.8912
722.2814 220.8912
722.9914 219.5812
723.9714 218.7312
724.2614 218.9412
725.5714 219.0812
725.9914 218.7612
726.3214 218.8712
727.3914 218.9912
728.4614 218.2812
729.4114 217.2112
730.5514 215.4212
730.5514 215.4212
734.3714 214.2512
734.3714 214.2512
735.5914 213.5812
737.2514 213.5812
738.5614 214.6512
738.5614 214.6512
740.0814 216.2712
749.0114 216.4812
749.9214 216.5512
750.8714 214.7712
751.4014 213.4012
751.4014 213.4012
753.1314 212.4912
753.5414 212.3412
753.6014 211.0912
753.6014 211.0912
756.2214 210.7312
757.7614 210.3712
757.7614 210.3712
757.7614 211.4412
756.9114 211.9712
756.9114 211.9712
756.8614 213.4312
756.9814 217.3912
756.9814 217.3912
757.9314 217.6212
759.3514 217.5012
761.3814 216.9112
762.4414 216.0812
763.2614 215.3712
764.0414 215.6012
768.9014 215.6012
772.6014 214.8812
772.6014 214.8812
774.8014 212.6912
774.8014 212.6912
775.0014 212.6112
775.4714 211.3312
777.3714 210.8512
777.3714 210.8512
780.8114 210.7312
782.4414 210.8012
782.4414 210.8012
782.8114 209.7112
782.8114 209.7112
788.3214 207.4612
789.2014 205.2612
788.1114 204.2612
789.3014 203.3012
789.4214 201.4012
790.1314 200.6912
790.1314 198.9112
791.3214 198.4312
791.0814 193.8012
792.2715 192.1412
785.9715 192.1412
785.0215 193.4412
783.6015 193.0912
783.6015 189.8812
782.5315 187.9812
781.5814 185.2412
779.4414 178.5912
777.1814 170.6312
774.8815 166.4812
774.3915 165.2312
773.2615 164.5012
773.3915 165.8712
773.3915 167.5412
771.4915 167.5412
770.4715 167.0612
770.0615 167.1912
766.8915 169.1112
766.5815 170.8112
765.3915 172.1112
763.7315 172.3512
762.0815 172.1312
761.9815 173.1212
761.0315 174.0712
758.7715 175.1412
758.1015 174.4212
757.6715 174.6812
749.3115 177.2012
746.6815 177.8812
741.2015 177.1712
739.1115 176.4712
735.9815 177.0412
735.2515 178.5912
734.5315 179.3012
732.6315 178.9512
731.6515 178.9512
730.5815 179.9612
728.4415 181.0312
727.5815 182.1812
727.5815 184.5212
728.3115 185.9612
728.5415 187.5012
727.9515 188.5712
725.2215 188.8112
723.8515 189.7212
720.9515 189.1012
717.4415 187.8412
715.4315 187.3412
712.9215 187.0912
712.4215 183.8312
710.4115 184.0812
708.1515 186.5912
705.6515 186.3412
704.6415 187.5912
701.7215 187.2712
701.6315 188.3412
700.8615 189.4412
700.1215 189.4712
699.6215 191.1012
701.8815 190.8512
703.8915 191.8612
701.1315 194.1112
703.3915 195.1212
703.3915 196.3712
698.8715 196.6212
697.3615 197.6312
695.6115 198.1312
695.6115 200.1412
697.1115 201.3912
699.6215 203.6512
699.6215 206.1612
697.3615 206.1612
695.6115 204.4012
691.3415 199.6412
689.3415 199.1312
686.3215 197.3812
683.3115 196.8712
682.3115 195.3712
680.5515 194.6212
676.7915 194.8712
677.5415 196.8712
679.0515 198.6312
679.5515 201.3912
678.8015 203.4012
680.8015 205.1612
680.0515 206.6612
679.3015 209.6712
678.3015 210.9312
676.5415 211.1812
675.7915 212.9312
674.2815 213.9412
675.7915 215.1912
677.0415 215.1912
677.0415 217.4512
679.0515 217.7012
680.3015 216.2012
682.5615 215.9412
682.5615 215.1912
684.8215 215.6912
685.3215 216.9512
687.0815 216.9512
687.8315 219.4612
689.0815 219.4612
689.0815 222.2212
691.0915 223.9712
693.3515 225.4812
692.1015 226.4812
692.1015 229.7412
691.3415 232.2512
691.1015 234.5312
691.1015 234.5312
691.3815 234.8512
692.1915 236.2812

Esmeraldas
169
634.1715 295.2612
633.9815 294.4112
634.3415 292.0312
634.1015 290.3712
632.8515 289.6012
632.8815 289.3312
632.0815 289.1812
632.2015 285.9712
632.4115 284.9412
632.2515 284.3012
632.4715 282.6512
633.7415 282.0012
633.7415 280.0312
635.1015 279.7312
635.2015 279.4412
636.7615 278.7812
636.7615 278.7812
636.6015 278.7812
636.6015 278.7812
636.8315 277.8312
637.0715 277.2412
637.0715 276.1712
636.1615 276.2212
636.1715 276.1012
635.5315 276.1712
634.3415 275.4612
634.2215 274.6312
634.2215 272.1312
636.0015 271.4512
636.9515 270.7012
638.1415 269.0412
638.1415 267.5012
637.1915 265.8312
636.7215 265.1212
635.4115 264.5312
634.6915 264.0512
633.7615 264.0512
633.5215 263.7812
632.0815 263.9912
631.8115 261.8212
627.4515 256.8212
626.5115 256.1712
625.0115 256.0212
624.0815 256.5812
623.1115 257.9712
620.2715 257.6612
619.3715 256.6812
618.5315 255.6112
616.2815 255.8512
613.7815 255.8512
612.6115 256.1012
612.0715 255.8412
610.6615 255.4912
609.5015 254.4312
607.0115 254.5412
607.0115 254.5412
604.1615 254.3112
602.8015 253.9512
601.3315 254.4712
601.3315 254.4712
598.2515 255.1712
596.6715 254.6612
596.4315 252.6412
595.7215 251.9312
594.8915 251.2212
593.5815 251.2212
593.7015 248.9612
594.7715 248.1312
595.3615 247.5312
594.4115 245.1612
592.9115 242.9612
592.7915 239.8612
592.7915 239.8612
591.2315 240.3112
591.2315 240.3112
589.9715 239.0512
589.4715 237.8012
584.2015 237.8012
581.9415 238.5512
580.6715 239.0812
580.6715 239.0812
580.6315 239.9312
580.6315 239.9312
580.8715 241.8312
582.3515 243.8112
581.3415 244.0312
581.0615 244.2412
581.1215 244.9212
580.2815 245.6312
578.3215 245.5612
576.6215 246.3512
575.9315 247.0412
575.8215 247.1912
576.9615 249.0812
577.2015 249.9112
577.6715 249.9112
577.4315 251.6912
576.2415 252.1712
575.5315 252.5212
575.5315 253.7112
576.0115 254.6612
575.8915 255.3812
574.9414 257.0412
573.3915 257.2812
572.5614 257.2812
571.5414 254.3912
571.3715 254.5112
571.3715 253.9512
569.8315 253.1212
568.0515 253.1212
566.7315 253.1812
565.8115 252.3212
565.2515 250.8812
563.8115 250.3012
562.8615 250.7712
562.2115 251.7712
561.1115 254.4712
560.9415 255.1912
560.9415 255.1912
561.1615 255.4612
561.4315 256.5912
559.8115 257.3412
559.5015 259.3512
559.1015 260.2812
560.0515 261.8512
560.8815 263.9912
561.0015 265.4212
561.0015 266.9612
559.3615 268.3612
558.6815 269.3112
557.6715 269.6912
556.4815 271.3612
557.2015 273.7312
557.4415 275.1612
558.8615 277.0612
560.8815 277.1812
563.8515 276.7112
566.7015 278.4912
569.2015 279.5612
570.9815 280.1512
571.8115 281.7012
573.0015 282.8812
574.6615 283.8312
577.4015 284.9012
579.5215 286.1412
581.3315 285.9612
582.7615 286.2012
584.4315 287.4012
587.0515 288.3512
589.5415 289.5412
593.5815 289.6612
595.3615 290.1312
597.0115 290.3512
599.2615 290.5312
600.8315 290.2512
602.1415 290.6112
603.6815 291.8012
606.1315 293.5812
606.4915 295.8412
609.5815 298.4512
612.5515 300.5912
615.2115 302.7412
617.3915 307.0712
618.3215 307.4912
622.5315 305.2212
625.2615 301.4212
626.2615 299.8812
627.5715 298.8112
628.8115 298.1912

Cañar
102
602.7715 134.0012
604.7315 129.9312
605.8215 128.5212
606.8015 127.6112
609.4315 125.6812
610.1015 125.2512
610.6315 124.4812
612.5614 124.6412
616.4214 124.6412
617.4015 124.9612
618.6415 125.5712
618.6615 125.1012
620.0814 125.8912
621.3414 127.9012
622.3414 127.9012
623.0914 126.6412
625.3514 126.3912
626.3614 128.6512
627.8614 128.6512
628.8614 127.9012
630.8714 127.9012
630.8714 127.9012
630.6914 127.6512
630.6914 127.6512
633.1615 125.2012
633.4614 124.1012
633.2815 122.7112
633.7615 121.1612
633.4015 117.7212
633.1615 116.2912
632.2114 115.8212
631.8814 114.8712
631.8814 114.8712
632.4114 114.6312
632.4114 114.6312
632.0914 113.8012
630.6714 112.6112
629.4814 112.6112
629.1214 113.9112
629.2914 115.7312
627.5114 115.1112
627.5214 114.9412
626.8614 114.9812
625.8014 113.6812
625.4114 111.4412
624.9914 111.1812
623.6014 110.8212
622.2614 110.6112
621.0614 110.2012
619.9114 109.4812
618.6614 108.1312
617.9114 106.0712
616.9114 105.1412
616.7814 105.1112
616.6514 103.4612
614.0314 103.2212
612.6014 102.8612
611.5414 103.2212
610.8214 104.0512
610.7014 105.3612
610.1114 106.9012
609.0414 107.5012
607.5014 110.2312
606.6614 111.0612
605.5914 109.9912
604.6414 108.6912
603.1014 108.8012
602.8414 108.9612
599.7714 108.5712
597.5114 109.9912
596.9214 112.0112
597.3214 112.3612
597.5114 113.1412
597.0414 116.5912
595.2614 118.6112
592.5214 119.3212
591.7114 119.2012
591.6114 119.4712
590.7114 119.8512
589.0914 119.7912
587.6814 119.2212
587.6814 119.2212
586.5714 119.0512
586.5714 119.0512
585.2814 118.2512
584.0914 118.7312
583.3714 119.8012
584.8014 120.8612
585.9914 121.9312
587.4114 123.4812
588.0114 125.8612
588.6014 127.1612
589.9114 127.4012
590.7414 127.0412
591.5714 126.9712
593.4814 128.3912
594.6614 128.3512
597.5114 128.7112
600.2514 128.7112
601.3214 130.4912
602.2714 132.3912
602.2714 132.3912

Guayas
26
555.1615  94.7612
551.7914  93.8112
550.9214  93.7212
549.7014  92.0612
545.6615  92.4212
543.7615  94.6812
542.2215  97.4112
541.9815  99.6712
543.1715  99.5512
545.1915  97.5312
546.2615  95.2712
547.9515  94.7512
548.3415 102.6112
548.4915 103.1312
548.6815 103.6112
551.0815 108.5812
556.9815 111.0812
559.2415 111.5712
560.1315 111.6412
562.8915 109.8912
565.7615 108.7712
565.7515 107.2712
564.6815 105.7312
561.8315 105.2512
556.2515  97.6812
555.6915  95.4812

Guayas
237
581.4415 198.2912
586.3515 198.4612
585.8715 196.4412
585.3615 195.5512
585.3215 195.3712
585.6315 195.1912
586.1015 193.2912
586.2215 191.8612
585.0315 190.6712
584.1615 190.5712
583.7615 188.9312
581.2914 187.9912
576.8314 185.3012
575.9214 184.5812
574.2615 182.6812
573.8715 181.7612
573.3115 179.3312
573.0415 178.3912
572.6815 177.4312
571.5115 175.9012
570.2115 174.7512
568.8915 173.4812
568.2815 172.6312
567.8015 171.1812
567.6415 169.4312
567.7215 168.0412
568.1815 163.3112
568.3115 162.9512
567.6815 161.8312
567.6815 160.5212
568.5115 159.5712
568.9915 157.4312
569.7015 156.8412
572.3115 156.4812
572.6715 154.9412
573.8615 153.2812
574.2215 151.2612
575.2915 150.0712
577.5515 147.8112
579.0915 147.6912
579.5815 148.3212
579.7215 148.2612
580.2815 148.7612
582.0615 149.5912
584.2015 149.4712
584.7015 148.7512
585.3515 148.8612
586.8315 148.2812
590.0615 145.6312
591.8715 143.6212
592.7915 142.1912
593.4615 140.7412
594.0915 139.7612
595.5115 138.4912
595.7615 138.3412
596.3415 139.5012
596.9315 139.5012
597.8815 138.4312
599.4215 137.3612
599.5415 136.3912
599.5415 136.3912
600.9015 135.7312
601.1815 136.3912
601.2915 136.5712
601.4315 137.5412
602.6315 137.4812
602.6315 137.4812
604.1715 137.8412
603.7015 136.1812
603.1115 135.3512
603.1115 135.3512
603.7115 134.5412
603.3115 134.2212
602.8115 133.9812
602.5015 133.9012
602.2715 132.3912
602.2715 132.3912
601.3215 130.4912
600.2515 128.7112
597.5215 128.7112
594.6715 128.3512
593.4915 128.3912
591.5815 126.9712
590.7515 127.0512
589.9215 127.4112
588.6115 127.1712
588.0215 125.8612
587.4315 123.4812
586.0015 121.9412
584.8115 120.8712
583.3815 119.8012
584.0915 118.7312
585.2815 118.2512
586.5715 119.0512
586.5715 119.0512
587.2115 119.1312
587.2115 119.1312
587.2115 115.8512
585.7115 114.8512
583.9515 113.6012
580.9415 108.3312
578.9315 104.5712
577.1715 101.0612
576.4215  98.5512
575.5515  96.9312
574.9615  96.9312
573.7415  94.2012
573.1415  92.6712
572.3115  93.3412
572.3115  93.3412
571.9815  92.5212
566.4715  92.7512
566.4715  92.7512
566.2815  92.6612
566.2815  92.6612
566.6714  93.6312
566.9814  94.5912
567.8514  99.6512
569.2014 104.9012
571.6314 111.7812
572.1814 112.5612
573.2514 113.2112
570.4014 113.3312
571.2314 117.0112
570.0414 117.6012
569.3314 112.3712
566.2414 112.4912
566.8314 115.1012
567.4214 117.3612
566.3714 117.7812
565.6214 116.5412
564.3914 115.4712
563.7314 112.3712
560.6414 112.9612
558.2614 114.1512
557.9714 115.8712
559.6914 122.8912
560.8214 126.1012
562.2114 126.6412
563.2114 128.1512
559.8614 126.9112
558.2314 123.5512
557.5314 121.6012
556.0214 118.7512
552.7314 115.1812
550.6314 113.3212
549.1014 112.1212
548.9514 108.2112
547.1114 108.4612
546.1114 108.7912
543.1614 111.7612
539.9714 112.4912
533.7414 118.7812
532.9914 119.7112
532.9914 119.7112
535.7814 122.8912
538.0414 123.3912
539.0414 124.1412
541.3014 127.1512
544.8114 127.6512
548.0714 128.4012
549.3214 129.1512
550.3214 132.6612
551.3214 134.9212
549.5614 136.9312
549.3114 140.6912
548.5614 140.9412
546.3014 141.4412
545.8014 143.7012
543.5414 145.4612
541.2814 146.2112
539.0214 146.7112
538.0214 149.4712
537.2714 150.9812
537.0214 153.2412
537.0214 158.0112
537.0214 158.0112
538.7814 158.0112
538.7814 158.0112
542.0414 158.7612
544.0514 157.1512
544.1914 157.1412
544.7514 157.7012
545.7014 158.4112
546.8914 157.7012
548.5514 157.3412
548.7914 158.1712
550.8114 158.2912
550.8114 160.3112
549.5014 161.3812
547.9614 163.0412
547.7214 164.1112
549.9814 163.8712
552.1214 164.8212
552.9514 165.3012
552.8314 166.1312
551.6414 167.4412
551.5214 168.2712
551.7614 169.7012
552.7114 171.7212
554.1414 171.8412
554.2614 175.2912
555.1714 175.2912
555.2114 175.4812
555.6414 176.5012
556.9914 176.2412
559.0114 178.3812
559.8414 178.9712
560.4514 180.1812
562.1414 180.8912
562.2214 181.4612
562.3414 183.4812
563.5314 184.0712
564.2414 183.5912
565.1914 183.7112
565.6714 184.1912
566.3414 184.3712
566.5214 184.8212
567.9314 185.5612
568.7614 186.6312
568.8814 187.8212
569.8314 188.4112
570.7815 188.4112
571.0215 190.7912
572.5614 191.6212
573.2715 192.6912
573.3314 194.2012
573.6515 194.3712
574.5814 196.7412
575.4115 196.7412
575.6515 196.1512
577.3815 195.8312
578.8415 196.1712
579.2615 196.9412
579.9815 196.8712
581.4815 197.8212
581.4815 197.8212

Chimborazo
100
615.7715 167.2312
616.4115 167.7412
617.2415 169.1712
618.0715 170.2412
619.1415 170.3612
620.5015 170.4212
621.3415 169.6912
622.1115 168.3412
623.3015 167.3912
624.6115 167.3912
625.4315 168.4112
626.2815 168.3912
627.7315 168.4512
629.4115 168.6412
630.8715 168.4512
632.9315 167.6112
634.3815 167.7612
635.2215 168.0312
636.6415 167.0412
638.6515 166.2912
640.3415 165.8712
640.3415 165.8712
640.4115 164.4112
640.4115 164.4112
640.5015 161.8712
639.6315 160.1912
638.9915 159.1912
637.8015 158.8312
635.9015 156.9312
634.8315 155.5012
636.1315 153.9612
637.3215 152.4112
637.5615 150.1612
635.1815 146.4712
633.0415 144.5712
633.4015 143.8612
634.9415 143.0312
636.2515 142.6712
635.6615 141.0112
635.7815 139.2212
635.9015 138.0412
634.2315 137.3212
632.0915 136.9712
632.5715 135.7812
633.6415 134.2312
633.7615 131.9812
632.2115 131.1412
632.6115 129.8012
631.0515 128.1412
631.0515 128.1412
630.8715 127.9012
630.8715 127.9012
628.8615 127.9012
627.8615 128.6512
626.3615 128.6512
625.3515 126.3912
623.0915 126.6412
622.3415 127.9012
621.3415 127.9012
620.0815 125.8912
618.6615 125.1012
618.6415 125.5712
617.4015 124.9612
616.4215 124.6412
612.5615 124.6412
610.6315 124.4812
610.1015 125.2512
609.4315 125.6812
606.8015 127.6112
605.8215 128.5212
604.7315 129.9312
602.7715 134.0012
602.7715 134.0012
603.2415 134.2212
605.5815 135.9212
605.5815 135.9212
607.3215 137.4012
607.3815 139.2812
607.3815 142.3712
608.2115 144.2712
607.8515 147.8412
607.9715 150.8112
608.4515 153.7812
610.9415 154.6112
611.3015 154.4412
611.4315 154.5112
612.9615 154.3712
614.0315 155.2112
615.2215 156.3912
614.9415 156.9912
615.0815 157.0912
614.9815 157.8212
614.9815 158.8912
616.0515 158.7712
616.2915 160.3212
615.6915 161.5012
614.0315 161.7412
614.0315 162.9312
614.6315 164.5912
615.4615 166.4912

Imbabura
106
666.6315 256.7412
665.8515 254.7612
664.5215 254.1312
664.2815 252.2312
664.2815 250.7512
663.8615 249.6612
662.1415 249.0212
660.3615 247.8312
659.8815 246.6612
659.8815 246.6612
659.5514 246.6312
659.5514 246.6312
658.5814 247.7112
657.6314 248.0712
655.1314 248.0712
654.1814 247.4712
652.2814 246.7612
650.9714 246.4012
650.5114 245.5712
646.6614 244.9812
645.5714 244.9212
645.3514 244.9512
644.2014 246.4612
644.2014 247.7712
643.7314 249.7912
642.5414 248.1312
642.0614 247.5312
640.4314 247.1812
639.1714 249.1012
638.3614 250.1612
637.4614 250.5112
635.8314 250.4812
633.7814 250.2012
631.3514 249.9212
626.9614 249.5612
624.6114 249.6312
623.4914 250.1512
621.9614 250.2512
618.9614 250.2512
612.9214 249.8112
612.3615 250.2712
610.1015 250.7412
609.2715 251.5712
609.1515 252.5212
606.8915 253.2412
606.4715 254.5012
606.4715 254.5012
607.0115 254.5412
607.0115 254.5412
609.5015 254.4312
610.6615 255.4912
612.0714 255.8412
612.6114 256.1012
613.7814 255.8512
616.2814 255.8512
618.5314 255.6112
619.3714 256.6812
620.2714 257.6612
623.1114 257.9712
624.0814 256.5812
625.0114 256.0212
626.5114 256.1712
627.4514 256.8212
631.8114 261.8212
632.0814 263.9912
633.5215 263.7812
633.7615 264.0512
634.6914 264.0512
635.4115 264.5312
636.7214 265.1212
637.1914 265.8312
638.1415 267.5012
638.1415 269.0412
636.9514 270.7012
636.0014 271.4512
634.2214 272.1312
634.2214 274.6312
634.3414 275.4612
635.5315 276.1712
636.1714 276.1012
636.1615 276.2212
637.0714 276.1712
637.0714 277.2412
636.8314 277.8312
636.6014 278.7812
636.6014 278.7812
637.4314 278.7812
637.4314 278.7812
640.0414 278.3112
641.5215 278.4212
643.2014 277.4612
643.7314 276.9312
645.1514 276.5312
646.7014 274.7412
648.3614 272.3712
650.5014 270.5912
652.1614 268.2112
652.4014 266.4312
652.2814 264.1712
653.0514 262.4312
653.3014 262.2912
655.5714 262.1712
659.4314 259.9312
660.4114 258.5612
662.2414 257.5512
663.5714 257.0512

Loja
161
603.4315  66.1612
603.1015  65.6112
602.5115  64.7812
601.0815  64.5412
599.8915  63.1212
599.4214  62.1712
599.4214  60.3812
600.0115  58.8412
600.5115  58.5912
600.8915  57.4412
601.8315  56.3412
601.9115  54.6212
601.7915  52.1212
601.4415  48.6812
601.4415  45.4712
600.9615  43.9312
600.7215  42.1412
601.4415  40.8412
602.7415  39.0512
602.7415  35.6112
602.8615  29.6712
602.0315  28.1212
598.8214  24.7912
598.3114  24.0212
597.8815  24.0612
597.0915  24.4112
596.8015  25.2712
595.1415  25.3912
593.7115  24.9112
592.2915  23.7212
592.0515  21.1112
591.3415  19.3312
590.0315  17.7812
588.8415  15.7612
588.8415  14.6912
586.8115  14.3912
586.8115  14.3912
586.3115  17.1312
584.4015  17.9012
584.1915  19.7812
584.6515  21.2912
584.2915  23.0712
582.3915  22.7212
580.9615  23.9012
579.3015  26.1812
578.2515  26.7612
577.0515  26.8212
575.2615  25.7312
571.4915  24.5312
569.9615  24.6812
567.3015  26.4012
565.6315  28.8912
563.7315  29.3712
561.2015  29.7512
559.8815  30.6212
557.3515  33.2412
554.6215  33.9912
552.7015  33.3212
552.1215  32.2312
550.2115  30.1612
548.4815  28.5812
545.0215  25.9512
543.8515  25.3212
542.3115  24.6912
541.3915  25.0312
538.7915  26.4612
538.5415  27.5912
538.0115  29.0112
540.3615  32.5112
541.9015  34.1212
542.6815  35.0012
544.7315  38.0612
542.6815  38.2012
541.3515  37.5712
539.6715  37.0312
538.7615  37.6812
537.9815  39.2812
537.8415  42.1412
536.9915  44.9712
536.9715  45.2112
538.7115  48.3212
540.8815  48.6712
542.3815  48.6212
544.4715  47.7012
545.7615  47.0612
547.0415  47.8012
549.3515  51.2312
552.6615  52.2612
553.7215  53.1612
553.7215  53.1612
556.4815  53.7112
557.5515  54.0012
560.2615  54.9812
560.8115  55.2112
561.2715  55.8712
562.9415  56.5812
564.6015  56.9412
567.1015  57.0612
568.8815  56.5812
570.4215  55.9912
570.9415  55.2112
571.8615  55.2612
573.6615  55.6112
574.1115  56.9412
575.0615  58.0112
575.6515  59.0812
576.2415  59.6712
578.0315  60.1512
579.4515  60.2612
580.0515  59.6712
580.2315  58.9212
581.4315  57.9312
582.0715  58.2412
583.4915  58.4812
585.1615  58.1312
587.4115  58.0112
588.1315  57.8912
589.0815  58.9612
588.9615  60.3812
589.0815  62.2812
589.7915  63.9512
590.1915  64.3112
590.8615  64.4212
591.3415  65.3712
590.6215  66.3212
589.9115  67.8712
589.2015  68.9412
588.1315  69.1812
587.2515  68.3712
586.8815  68.9212
586.6715  69.7312
586.1115  70.0112
585.7515  71.3112
586.3515  72.1512
587.8715  73.0812
587.9915  74.5312
587.7415  75.5412
587.3015  75.7112
586.3515  75.5912
585.7515  77.8512
584.6814  79.2812
584.2214  79.9712
584.2214  79.9712
585.3714  79.8512
585.3714  79.8512
586.7314  79.5712
591.1914  79.4712
593.3414  78.6812
593.4214  76.3812
593.4115  75.3812
593.6415  74.3512
594.4314  72.6312
595.3114  72.0112
597.7914  73.5612
598.2214  73.9212
598.8214  73.5712
600.0115  72.3812
600.6015  70.9612
601.2015  67.5112
602.3915  66.5612
603.1615  66.4212

Manabí
182
581.4715 197.8012
579.9715 196.8612
579.2615 196.9312
578.8415 196.1612
577.3815 195.8212
575.6515 196.1412
575.4115 196.7412
574.5814 196.7412
573.6515 194.3712
573.3314 194.2012
573.2715 192.7012
572.5614 191.6312
571.0215 190.7912
570.7815 188.4212
569.8314 188.4212
568.8814 187.8212
568.7614 186.6412
567.9314 185.5712
566.5214 184.8312
566.3414 184.3812
565.6714 184.2012
565.1914 183.7212
564.2414 183.6112
563.5314 184.0812
562.3414 183.4912
562.2214 181.4712
562.1414 180.9012
560.4514 180.1812
559.8514 178.9712
559.0214 178.3812
556.9914 176.2412
555.6414 176.5012
555.2114 175.4712
555.1714 175.2912
554.2614 175.2912
554.1414 171.8412
552.7214 171.7212
551.7714 169.7012
551.5314 168.2812
551.6514 167.4512
552.8414 166.1412
552.9514 165.3112
552.1214 164.8312
549.9814 163.8812
547.7314 164.1212
547.9614 163.0512
549.5114 161.3812
550.8214 160.3212
550.8214 158.3012
548.8014 158.1812
548.5614 157.3412
546.9014 157.7012
545.7114 158.4112
544.7614 157.7012
544.1914 157.1412
544.0614 157.1512
542.0514 158.7612
538.7914 158.0112
538.7914 158.0112
536.7814 158.0112
536.7814 158.0112
534.0214 158.0112
534.0614 158.3312
534.1814 158.4112
533.9414 159.6012
532.8714 159.9612
531.2114 159.9612
530.5114 159.2012
529.9314 159.3012
523.6214 159.3612
522.6714 159.1912
521.6614 158.6812
521.6614 158.6812
520.3414 161.5012
519.9914 162.6412
520.4214 164.2912
521.6014 167.2512
523.0914 168.0412
524.0414 168.7512
525.4714 174.5712
522.1714 179.2612
519.8914 180.9912
518.3014 184.5812
517.1014 188.3012
517.2014 189.3112
521.9114 194.0612
524.9814 194.8612
526.8914 194.4712
531.3414 194.5312
534.2614 195.8412
535.8114 199.4112
536.4014 202.7412
537.4714 204.8712
538.1914 207.1312
540.2014 210.3412
541.7814 211.5812
540.7914 213.2212
538.3014 217.1112
538.0714 220.2012
542.1114 223.8912
542.8214 226.8612
544.1314 228.1112
545.9114 229.4112
547.1014 230.1312
548.7614 230.8412
550.1914 231.7912
554.4114 237.3112
555.6614 238.8112
557.7514 241.7012
558.8914 245.0512
559.4514 246.5212
559.9314 247.9512
559.9314 249.8512
560.1714 251.4012
559.9314 253.1812
559.9314 255.6712
560.9414 255.1912
560.9414 255.1912
561.1114 254.4712
562.2114 251.7712
562.8614 250.7712
563.8114 250.3012
565.2514 250.8812
565.8114 252.3212
566.7314 253.1812
568.0514 253.1212
569.8314 253.1212
571.3714 253.9512
571.3714 254.5112
571.5414 254.3912
572.5614 257.2812
573.3914 257.2812
574.9414 257.0412
575.8914 255.3812
576.0114 254.6612
575.5314 253.7112
575.5314 252.5212
576.2414 252.1712
577.4314 251.6912
577.6714 249.9112
577.2014 249.9112
576.9614 249.0812
575.8214 247.1912
575.9314 247.0412
576.6214 246.3512
578.3214 245.5612
580.2814 245.6312
581.1214 244.9212
581.0614 244.2412
581.3414 244.0312
582.3514 243.8112
580.8714 241.8312
580.6314 239.9312
580.6314 239.9312
580.7514 237.2012
580.7514 237.2012
581.2214 233.9912
582.3414 231.2012
584.4414 230.5412
586.4614 230.4212
588.8414 230.4212
589.6714 229.8312
590.3914 228.5212
590.2714 226.3812
590.5014 223.2912
590.7414 219.4912
589.0814 218.6612
587.2014 214.6712
586.3614 213.0212
585.8814 212.5112
585.8814 212.5112
586.8714 212.5412
586.8714 212.5412
586.3514 208.8612
585.2814 208.1412
584.2514 207.5812
583.7614 206.4612
584.0914 204.1012
583.2614 204.1012
582.6814 204.5612
581.7314 203.9912
581.1214 202.4312

Napo
163
668.3215 240.1112
668.8015 234.8812
670.4615 235.5912
672.1315 234.7612
674.8615 235.0012
677.3515 234.5212
679.0215 234.5212
679.3515 235.0312
679.6115 235.7112
680.5615 236.3012
681.6315 236.4212
681.8715 236.7812
681.9915 237.6112
682.8215 238.0912
684.0115 237.9712
684.3615 236.3012
685.2015 236.1912
685.3115 235.5912
684.1315 234.8812
684.3015 232.9912
686.9415 232.5612
687.6915 231.9112
688.7615 232.2612
690.1915 233.4512
690.1915 233.4512
691.1015 234.5512
691.3415 232.2812
692.1015 229.7712
692.1015 226.5112
693.3515 225.5012
691.0915 224.0012
689.0815 222.2412
689.0815 219.4812
687.8315 219.4812
687.0815 216.9712
685.3215 216.9712
684.8215 215.7212
682.5615 215.2212
682.5615 215.9712
680.3015 216.2212
679.0515 217.7312
677.0415 217.4812
677.0415 215.2212
675.7915 215.2212
674.2815 213.9612
675.7915 212.9612
676.5415 211.2012
678.3015 210.9512
679.3015 209.7012
680.0515 206.6912
680.8015 205.1812
678.8015 203.4212
679.5515 201.4212
679.0515 198.6612
677.5415 196.9012
676.7915 194.8912
680.5515 194.6412
682.3115 195.3912
683.3115 196.9012
686.3215 197.4012
689.3415 199.1612
691.3415 199.6612
695.6115 204.4312
697.3615 206.1812
699.6215 206.1812
699.6215 203.6812
697.1115 201.4212
695.6115 200.1612
695.6115 198.1512
697.3615 197.6512
698.8715 196.6512
703.3915 196.4012
703.3915 195.1412
701.1315 194.1412
703.8915 191.8812
701.8815 190.8812
699.6215 191.1312
700.1215 189.5012
700.8615 189.4612
701.6315 188.3712
701.7215 187.2912
700.1215 187.1112
700.1215 187.1112
695.8615 187.1112
693.6015 186.3612
691.0915 186.1112
689.2515 186.6812
689.2515 186.6812
689.3315 185.9812
689.3315 185.9812
689.0715 186.0512
685.8215 185.3612
682.3115 185.1112
680.3015 184.1012
675.5315 183.6012
670.2715 181.8412
666.0015 180.3412
665.4615 181.7212
664.4715 182.0612
662.9315 182.0612
662.8115 181.1112
662.2915 181.1812
662.4915 177.5812
650.8515 178.3712
650.8515 178.3712
650.8815 178.7312
650.8815 178.7312
650.7215 179.7912
650.8715 179.7712
650.7315 180.5712
650.0115 182.2412
649.3015 183.5512
647.7515 184.2612
645.1415 184.0212
642.7615 184.1412
642.2115 184.1012
642.3015 185.9212
642.4215 187.4712
642.3015 189.4912
641.3515 190.6812
639.9215 191.3912
638.7815 191.2612
638.7815 191.2612
638.6715 191.3612
638.8515 192.5812
638.8515 192.5812
638.6215 194.7212
638.0715 196.7812
638.2415 197.0312
639.4515 197.2112
639.8015 199.1112
639.2115 201.4912
638.7615 202.3912
638.7615 202.7712
638.0215 203.5112
637.6715 204.9312
637.6715 204.9312
637.5715 205.0512
637.5715 205.0512
638.3815 206.6012
639.4515 207.0712
640.4015 206.9312
641.8115 207.3112
642.0015 207.5512
641.9615 208.8012
642.6715 210.9412
644.6915 212.8412
645.5215 215.0912
646.0015 217.5912
645.2815 219.6112
647.6215 222.2912
651.5415 230.4812
654.0115 230.8012
656.7515 231.4612
658.2715 232.1912
661.1315 234.3012
661.4315 236.6612
662.3815 237.3712
663.5015 237.5812
663.7615 238.0612
665.0015 238.3212
665.7115 238.9212
665.6315 239.8912

El_Oro
91
573.5115  90.6212
577.5915  89.3812
578.8615  89.3812
580.1714  88.6612
580.2114  87.0512
580.1714  85.9312
579.5714  85.2212
578.6214  83.6712
578.1514  83.3212
578.5014  81.0612
579.5714  80.4612
580.5315  80.4612
580.5514  80.3012
581.8014  80.2412
581.8014  80.2412
584.2214  79.9712
584.2214  79.9712
584.6814  79.2812
585.7515  77.8512
586.3515  75.5912
587.3015  75.7112
587.7415  75.5412
587.9915  74.5312
587.8715  73.0812
586.3515  72.1512
585.7515  71.3112
586.1115  70.0112
586.6715  69.7312
586.8815  68.9212
587.2515  68.3712
588.1315  69.1812
589.2015  68.9412
589.9115  67.8712
590.6215  66.3212
591.3415  65.3712
590.8615  64.4212
590.1915  64.3112
589.7915  63.9512
589.0815  62.2812
588.9615  60.3812
589.0815  58.9612
588.1315  57.8912
587.4115  58.0112
585.1615  58.1312
583.4915  58.4812
582.0715  58.2412
581.4315  57.9312
580.2315  58.9212
580.0515  59.6712
579.4515  60.2612
578.0315  60.1512
576.2415  59.6712
575.6515  59.0812
575.0615  58.0112
574.1115  56.9412
573.6615  55.6112
571.8615  55.2612
570.9415  55.2112
570.4215  55.9912
568.8815  56.5812
567.1015  57.0612
564.6015  56.9412
562.9415  56.5812
561.2715  55.8712
560.8115  55.2112
560.2615  54.9812
557.5515  54.0012
556.4815  53.7112
553.7215  53.1612
553.7215  53.1612
552.6015  54.3612
550.9315  60.1012
551.1015  61.1512
551.1815  65.0112
550.8615  66.9612
549.7915  71.6812
548.6315  75.5012
544.7215  77.2712
545.5315  78.2612
547.0815  79.7612
548.1115  79.2712
554.2315  79.4612
557.2015  82.1912
558.7415  85.6312
560.4015  87.1812
562.6615  88.9612
564.9215  91.1912
566.2715  92.6512
566.2715  92.6512
566.4715  92.7412
566.4715  92.7412

Pichincha
134
592.7915 239.8612
592.9115 242.9612
594.4115 245.1612
595.3615 247.5312
594.7715 248.1312
593.7015 248.9612
593.5815 251.2212
594.8915 251.2212
595.7215 251.9312
596.4315 252.6412
596.6715 254.6612
598.2515 255.1712
601.3315 254.4712
601.3315 254.4712
602.7815 253.9512
604.1615 254.3112
606.4715 254.5012
606.4715 254.5012
606.8915 253.2412
609.1515 252.5212
609.2715 251.5712
610.1015 250.7412
612.3615 250.2712
612.9215 249.8112
618.9615 250.2512
621.9615 250.2512
623.4915 250.1512
624.6115 249.6312
626.9615 249.5612
631.3515 249.9212
633.7815 250.2012
635.8314 250.4812
637.4614 250.5112
638.3614 250.1612
639.1714 249.1012
640.4314 247.1812
642.0614 247.5312
642.5414 248.1312
643.7314 249.7912
644.2014 247.7712
644.2014 246.4612
645.3514 244.9512
645.5714 244.9212
646.6615 244.9812
650.5115 245.5712
650.9715 246.4012
652.2815 246.7612
654.1814 247.4712
655.1315 248.0712
657.6315 248.0712
658.5815 247.7112
659.5515 246.6312
659.5515 246.6312
660.6915 246.6912
660.6915 246.6912
662.7315 244.5712
662.9615 244.4912
663.9315 242.2512
665.1015 240.9812
664.5615 239.8012
664.5615 239.8012
665.6315 239.8912
665.6315 239.8912
665.7115 238.9212
665.0015 238.3212
663.7615 238.0612
663.5015 237.5812
662.3815 237.3712
661.4315 236.6612
661.1315 234.3012
658.2715 232.1912
656.7515 231.4612
654.0115 230.8012
651.5415 230.4812
647.6215 222.2912
645.2815 219.6112
646.0015 217.5912
645.5215 215.0912
644.6915 212.8412
642.6715 210.9412
641.9615 208.8012
642.0015 207.5512
641.8114 207.3112
640.4015 206.9312
639.4514 207.0712
638.3814 206.6012
637.5714 205.0512
637.5714 205.0512
636.2414 206.6012
636.2414 206.6012
635.5314 207.3112
633.7414 207.6712
633.2714 209.9312
633.2314 210.5112
632.9714 210.5312
632.4914 210.2212
628.5314 210.1012
626.3914 208.3212
625.5714 207.9812
624.8414 207.2512
623.3014 207.2512
623.3614 208.7312
622.7714 209.3112
622.5914 212.1812
621.0414 212.6612
619.8514 213.1312
618.8814 213.0512
618.6514 213.2712
617.6014 213.6712
617.5314 215.5312
616.2014 218.3012
615.6514 219.1812
614.6314 219.2512
614.5614 220.9212
614.0514 221.7312
614.2714 222.7612
614.2714 222.7612
613.3114 222.7612
613.3114 223.5012
613.3114 223.5012
617.3214 223.5012
619.3314 224.5012
620.0814 226.2612
621.3414 226.7612
621.3414 229.0212
619.0814 230.7712
614.5614 230.7712
613.3114 234.2912
606.7814 234.5412
603.7714 234.7912
605.7814 237.0512
606.0314 238.5512
596.2514 238.5512
592.9814 239.8112

Los_Ríos
165
599.5415 136.4112
599.4215 137.3812
597.8715 138.4512
596.9215 139.5212
596.3315 139.5212
595.7515 138.3612
595.5015 138.5112
594.0815 139.7812
593.4515 140.7712
592.7915 142.2112
591.8715 143.6512
590.0615 145.6612
586.8315 148.3112
585.3515 148.8912
584.7015 148.7812
584.2115 149.5012
582.0715 149.6212
580.2815 148.7912
579.7215 148.2912
579.5915 148.3512
579.1015 147.7212
577.5515 147.8412
575.2915 150.1012
574.2315 151.2812
573.8715 153.3012
572.6815 154.9712
572.3215 156.5112
569.7115 156.8712
569.0015 157.4612
568.5215 159.6012
567.6915 160.5512
567.6915 161.8612
568.3215 162.9812
568.1915 163.3412
567.7315 168.0712
567.6515 169.4512
567.8115 171.2012
568.2915 172.6512
568.9115 173.5012
570.2315 174.7712
571.5315 175.9212
572.7015 177.4512
573.0615 178.4112
573.3315 179.3512
573.8915 181.7812
574.2715 182.6912
575.9314 184.5912
576.8414 185.3112
581.3014 188.0012
583.7715 188.9312
584.1714 190.5712
585.0414 190.6812
586.2315 191.8612
586.1115 193.2912
585.6315 195.1912
585.3315 195.3712
585.3615 195.5512
585.8715 196.4412
586.3515 198.4612
581.4415 198.2912
581.4415 198.2912
581.1215 202.4312
581.1215 202.4312
581.7315 203.9912
582.6815 204.5612
583.2615 204.1012
584.0915 204.1012
583.7615 206.4612
584.2515 207.5812
585.2815 208.1412
586.3515 208.8612
586.8715 212.5412
586.8715 212.5412
587.1015 212.5512
587.1015 212.5512
588.1915 212.4412
589.6715 213.3712
593.1215 213.1312
593.1215 211.1112
592.5215 209.6812
592.7215 208.6812
592.5515 207.2712
592.8615 206.0412
594.5515 205.6312
595.1015 205.6712
597.5015 207.3712
603.2215 212.0112
604.1815 212.9412
604.1815 212.9412
605.6415 211.4912
605.6415 211.4912
604.2915 209.5712
603.4615 207.7912
603.2215 206.2412
602.5115 204.9312
600.9615 202.9112
600.8415 201.2512
599.6515 199.7112
598.1115 197.3312
596.4415 195.7812
595.3815 194.2412
595.6115 192.1012
596.3315 191.9812
596.4415 191.2712
595.2615 189.1312
594.1915 187.5912
594.1915 185.5712
595.4915 183.9012
595.7315 182.0012
595.7315 182.0012
595.8215 181.5612
594.9015 180.8712
594.9015 180.8712
593.3615 180.1612
592.2915 178.9712
592.2915 178.7612
591.3415 178.5012
590.1515 177.7812
589.2015 176.5912
589.9115 176.1212
591.3415 176.0012
593.3115 176.9912
593.8215 176.7712
593.7415 176.5412
594.5415 176.4812
595.8515 176.0012
595.2615 172.6712
594.0715 172.3212
593.7915 171.5212
594.0015 170.5212
593.0015 169.7012
591.8115 169.5812
592.0515 168.6312
593.5915 167.9212
594.4815 168.0012
594.9315 165.5412
596.3315 165.5412
597.2815 165.1912
597.0415 163.4012
596.2115 162.4512
595.5115 162.3412
595.5614 162.1012
594.3114 161.7412
593.1214 161.0312
593.3614 159.9612
595.9814 159.4212
596.4414 156.0412
597.1615 156.0412
598.1115 155.8012
599.1815 155.6812
598.9415 154.7312
597.7515 154.0212
596.7215 154.0212
596.9115 152.6012
596.9415 150.6112
597.2715 149.2512
596.5615 148.4312
595.8515 146.2912
596.8015 143.6812
598.4715 140.9512
601.4115 139.4712
601.4715 138.9112
601.4715 138.9112
601.4315 137.6612
601.2915 136.6512

Morona-Santiago
184
640.3215 166.1312
641.4115 166.0412
644.4215 166.2912
648.4415 168.0412
649.7615 169.8112
649.7615 169.8112
650.4415 169.5712
650.4415 169.5712
651.3015 168.9412
652.7315 167.4112
652.9815 166.9512
654.3115 166.3212
654.7915 163.3512
656.1015 161.3312
656.7415 159.2112
657.5815 159.2212
660.0215 159.9712
661.2515 159.2412
662.3615 157.2412
662.3415 156.0112
662.4115 155.5912
663.0815 155.4412
664.2715 154.9712
664.6315 153.3012
665.1015 150.8112
665.7015 148.3112
665.4015 147.3712
671.0015 142.0112
671.8015 141.4712
673.2015 141.0412
675.2015 140.7512
679.1915 139.2412
685.3715 136.7412
687.7815 135.4912
688.1015 135.2912
688.2715 134.7112
690.8915 132.6912
692.6715 130.9112
695.4015 129.2412
697.1915 127.7012
699.2115 126.5112
700.7515 123.9012
701.5815 121.5212
703.3615 119.9712
703.6015 118.1912
704.4315 117.9512
705.8615 116.2912
708.9515 115.9312
710.9715 116.4112
711.9215 115.3412
713.4015 116.9012
715.1015 116.6612
716.2015 115.1012
722.7015 115.5512
722.7015 115.5512
710.1415 111.3612
703.7215 108.9812
694.5715 105.5412
684.4715 102.2112
667.8415  96.2712
663.8015  94.9612
660.8415  93.5612
655.6015  88.0012
654.2815  85.6912
651.6615  85.6912
651.6615  82.2712
650.4615  81.4012
648.8015  80.4412
647.6215  79.4812
646.8915  78.2212
647.4715  76.7012
648.5415  75.7012
649.0615  73.8512
650.5915  72.6212
649.5215  70.4812
647.5015  71.3112
645.3815  70.6012
644.9615  70.7412
645.1015  73.8512
644.6915  75.1512
643.8215  75.8512
642.7715  75.9612
641.4215  75.5112
640.6115  74.6612
640.3215  73.6212
640.3815  71.2012
640.2415  69.6912
640.2415  69.6912
635.6415  69.6912
630.8715  70.1912
630.6215  68.4312
628.3615  68.6812
627.6115  69.6912
626.3615  69.6912
625.1015  67.4312
622.2415  66.8812
621.8915  67.3212
620.9915  68.1012
619.6215  68.0512
617.9515  68.2812
616.8815  69.4712
615.1215  70.1812
615.3115  72.7012
615.8215  76.2112
614.0615  78.2212
612.3015  78.2212
611.3415  78.5412
610.5015  79.4212
610.2615  79.3012
609.8815  79.6812
609.8815  79.6812
610.1115  79.8112
610.1115  79.8112
610.3515  81.8312
611.0615  81.7112
612.8415  83.0212
615.8115  83.8512
617.0015  86.2312
617.9515  88.2512
619.5015  89.5512
621.9915  90.0312
623.3015  90.8612
624.2515  92.1712
624.7315  94.3112
624.7315  97.5212
624.9615  99.0612
625.8015 100.3712
627.2215 101.4412
627.8115 102.5112
628.0515 104.0712
627.3515 104.8612
627.1015 104.8812
626.8615 106.4312
627.2215 107.9712
628.0515 108.9212
629.2415 109.7612
631.9715 110.5912
633.4015 110.4112
633.7415 110.9112
634.4715 110.9412
635.5415 111.1812
635.7815 112.2512
635.6615 113.4412
634.2315 114.2712
632.9215 114.3912
632.9215 114.3912
631.8815 114.8712
631.8815 114.8712
632.2115 115.8212
633.1615 116.2912
633.4015 117.7212
633.7615 121.1612
633.2815 122.7112
633.4615 124.1012
633.1615 125.2012
630.6915 127.6512
630.6915 127.6512
631.0515 128.1412
631.0515 128.1412
632.6115 129.8012
632.2115 131.1412
633.7615 131.9812
633.6415 134.2312
632.5715 135.7812
632.0915 136.9712
634.2315 137.3212
635.9015 138.0412
635.7815 139.2212
635.6615 141.0112
636.2515 142.6712
634.9415 143.0312
633.4015 143.8612
633.0415 144.5712
635.1815 146.4712
637.5615 150.1612
637.3215 152.4112
636.1315 153.9612
634.8315 155.5012
635.9015 156.9312
637.8015 158.8312
638.9915 159.1912
639.6315 160.1912
640.5015 161.8712
640.4115 164.4112

Santo_Domingo_de_los_Tsáchilas
71
592.9815 239.8112
596.2515 238.5512
606.0315 238.5512
605.7815 237.0512
603.7715 234.7912
606.7815 234.5412
613.3114 234.2912
614.5614 230.7712
619.0814 230.7712
621.3414 229.0212
621.3414 226.7612
620.0814 226.2612
619.3314 224.5012
617.3214 223.5012
613.3114 223.5012
613.3114 223.5012
613.2515 222.7612
612.0115 222.0512
612.0115 222.0512
611.1814 221.5712
610.9414 220.3812
609.4015 219.3112
609.3515 218.3812
607.9815 217.0212
607.9715 215.8112
609.1615 214.5012
609.9915 213.4312
608.5615 212.9612
608.4515 211.0512
605.8315 211.2912
605.8315 211.2912
604.1815 212.9412
604.1815 212.9412
603.2215 212.0112
597.5015 207.3712
595.1015 205.6712
594.5515 205.6312
592.8615 206.0412
592.5515 207.2712
592.7215 208.6812
592.5215 209.6812
593.1215 211.1112
593.1215 213.1312
589.6715 213.3712
588.1915 212.4412
587.1015 212.5512
587.1015 212.5512
585.8815 212.5112
585.8815 212.5112
586.3615 213.0212
587.2015 214.6712
589.0815 218.6612
590.7415 219.4912
590.5015 223.2912
590.2715 226.3812
590.3915 228.5212
589.6714 229.8312
588.8414 230.4212
586.4614 230.4212
584.4414 230.5412
582.3414 231.2012
581.2214 233.9912
580.7514 237.2012
580.7514 237.2012
580.6714 239.0812
580.6714 239.0812
581.9414 238.5512
584.2014 237.8012
589.4714 237.8012
589.9714 239.0512
591.2314 240.3112

Santa_Elena
54
521.6615 158.6812
522.6714 159.1912
523.6215 159.3612
529.9314 159.3012
530.5115 159.2012
531.2115 159.9612
532.8715 159.9612
533.9415 159.6012
534.1815 158.4112
534.0615 158.3312
534.0215 158.0112
536.7815 158.0112
536.7815 158.0112
537.0315 158.0112
537.0315 158.0112
537.0315 153.2412
537.2815 150.9812
538.0315 149.4812
539.0415 146.7212
541.3015 146.2212
543.5515 145.4612
545.8115 143.7112
546.3115 141.4512
548.5715 140.9512
549.3215 140.7012
549.5815 136.9312
551.3315 134.9212
550.3315 132.6712
549.3215 129.1512
548.0715 128.4012
544.8115 127.6512
541.3015 127.1512
539.0415 124.1312
538.0315 123.3812
535.7715 122.8812
532.9915 119.7012
532.9915 119.7012
531.2315 121.8612
529.2515 123.5312
528.2815 124.3012
525.8515 125.1112
523.3715 125.0712
521.8415 125.7212
518.3015 127.9512
514.2115 132.9112
514.1315 134.4312
516.6215 133.3812
520.0015 134.9012
523.2315 137.2312
524.0015 138.1012
524.8315 139.6012
525.9515 146.2412
525.8915 147.3812
523.8815 154.6612

Tungurahua
88
638.7815 191.2612
639.9214 191.3912
641.3514 190.6812
642.3014 189.4912
642.4214 187.4712
642.3014 185.9212
642.2114 184.1012
642.7614 184.1412
645.1414 184.0212
647.7514 184.2612
649.3014 183.5512
650.0114 182.2412
650.7314 180.5712
650.8714 179.7712
650.7214 179.7912
650.8814 178.7312
650.8814 178.7312
650.7614 177.1912
650.7614 177.1912
651.5914 174.6912
651.0014 172.6712
650.4614 172.4012
650.4414 171.8112
649.7615 170.9512
648.8214 170.1412
648.8214 170.1412
649.7615 169.8112
649.7615 169.8112
648.4414 168.0412
644.4214 166.2912
641.4115 166.0412
640.3214 166.1312
640.3214 166.1312
640.3414 165.8712
640.3414 165.8712
638.6514 166.2912
636.6414 167.0412
635.2214 168.0312
634.3814 167.7612
632.9314 167.6112
630.8714 168.4512
629.4114 168.6412
627.7314 168.4512
626.2814 168.3912
625.4314 168.4112
624.6114 167.3912
623.3014 167.3912
622.1114 168.3412
621.3414 169.6912
620.5014 170.4212
619.1414 170.3612
618.0714 170.2412
617.2414 169.1712
616.4114 167.7412
615.7714 167.2312
615.7714 167.2312
615.6514 168.0312
615.6514 168.2512
615.1014 168.4512
613.9114 170.1212
613.4414 171.3112
613.2514 172.4112
613.1414 172.5112
612.3314 175.0312
613.2114 175.7112
614.1014 176.7212
614.9014 178.8812
614.9714 180.5012
615.0614 181.5112
615.0614 181.5112
617.7114 183.0212
617.7114 183.0212
618.8214 183.6112
620.5514 184.3112
623.2114 183.9712
624.4014 184.0312
625.3514 184.2012
629.9514 185.5612
630.1914 186.4012
630.7914 188.0612
633.2814 187.4712
633.7814 186.7012
633.9814 186.5212
635.8814 186.5212
636.9514 187.9412
638.0214 189.0112
638.6214 190.0812
638.6214 190.0812

Sucumbíos
255
788.3215 207.4612
782.8115 209.7112
782.8115 209.7112
782.4415 210.8012
782.4415 210.8012
780.8215 210.7312
777.3715 210.8512
777.3715 210.8512
775.4715 211.3312
775.0015 212.6212
774.8014 212.7012
774.8014 212.7012
772.6014 214.8912
772.6014 214.8912
768.9014 215.6212
764.0414 215.6212
763.2714 215.3912
762.4514 216.1012
761.3814 216.9312
759.3614 217.5212
757.9314 217.6412
756.9814 217.4012
756.9814 217.4012
756.8814 213.9312
756.9214 211.9912
756.9214 211.9912
757.7714 211.4712
757.7714 210.4012
757.7714 210.4012
756.3914 210.7212
753.6214 211.1112
753.6214 211.1112
753.5614 212.3612
753.1314 212.4912
751.4114 213.4112
751.4114 213.4112
750.8014 214.9312
749.9314 216.5612
748.2414 216.4712
740.0914 216.2812
738.5714 214.6712
738.5714 214.6712
737.2614 213.6012
735.6014 213.6012
734.3814 214.2712
734.3814 214.2712
730.5614 215.4412
730.5614 215.4412
729.4314 217.2212
728.4814 218.2912
727.4114 219.0012
726.3414 218.8812
726.0114 218.7712
725.5914 219.0912
724.2914 218.9412
724.0014 218.7412
723.0314 219.5912
722.3214 220.9012
722.3214 220.9012
719.9414 221.9712
719.9414 221.9712
718.4014 223.0412
718.4014 223.0412
716.3814 226.2512
716.3814 226.2512
714.6014 228.0312
714.6014 228.0312
713.5314 229.4612
712.1014 231.0012
712.1014 231.0012
711.6214 232.3112
711.1414 232.7912
711.1414 232.7912
709.2414 234.9312
709.2414 234.9312
707.1014 235.1712
705.3214 234.4612
703.7414 233.4912
702.3114 233.4912
700.0514 234.3212
698.6214 234.6812
696.6114 234.5212
696.6114 234.5212
692.1814 236.2812
692.1814 236.2812
691.3715 234.8512
691.1015 234.5212
691.1015 234.5212
690.1815 233.4512
690.1815 233.4512
688.7515 232.2612
687.6815 231.9012
686.9315 232.5512
684.2915 232.9712
684.1215 234.8612
685.3115 235.5712
685.1915 236.1612
684.3615 236.2812
684.0015 237.9412
682.8115 238.0612
681.9815 237.5812
681.8615 236.7512
681.6215 236.3912
680.5514 236.2712
679.6014 235.6812
679.3314 235.0012
679.0014 234.5012
677.3414 234.5012
674.8414 234.9812
672.1114 234.7412
670.4514 235.5712
668.7914 234.8612
668.3114 240.0912
668.3114 240.0912
664.5514 239.7812
664.5514 239.7812
665.0914 240.9612
663.9115 242.2312
662.9614 244.4912
662.7314 244.5712
660.7014 246.6912
660.7014 246.6912
659.8814 246.6712
659.8814 246.6712
660.3714 247.8412
662.1514 249.0312
663.8614 249.6712
664.2914 250.7612
664.2914 252.2412
664.5314 254.1412
665.8614 254.7712
666.6414 256.7512
666.6414 256.7512
667.0314 258.7512
667.4014 259.9112
667.4014 259.9112
668.1514 260.7912
668.6114 261.0812
668.6114 261.0812
672.0114 265.5412
672.0114 265.5412
672.7214 268.2712
674.1514 269.8112
675.6814 269.5912
676.6314 270.6612
676.6314 270.6612
678.4114 269.9212
680.0114 268.7912
681.8914 267.6612
683.1114 265.8712
682.3614 263.2312
682.7414 261.9112
682.8314 260.6912
683.2114 259.1812
683.5914 257.4912
685.1014 256.6412
686.9814 255.7012
687.6414 256.5512
688.5814 256.6412
690.1814 256.3612
691.9714 255.6112
693.8514 255.4212
695.3614 255.7012
696.7714 256.0812
698.2814 256.5512
700.1614 255.8912
701.5714 252.5912
703.4514 252.1212
705.2414 251.9312
707.3114 251.4612
709.3814 250.6112
710.7914 250.1412
713.4314 249.8612
714.4714 250.5212
717.4814 250.7112
717.9514 251.8412
719.2714 251.8412
720.6814 251.2812
721.5314 251.0012
723.1314 251.0012
724.3514 250.3412
725.2014 249.6812
726.4214 249.9612
726.9814 250.4312
728.1114 250.9012
729.0514 250.9012
729.5215 250.0512
730.6515 250.0512
731.5915 250.6112
732.4415 250.8012
734.6115 250.2412
734.6115 256.5512
735.0815 257.5912
736.3015 258.7212
737.8115 259.0012
740.0715 259.5612
741.6715 258.9012
742.7115 257.8612
744.5015 257.3912
747.6115 257.3012
749.0215 255.0412
751.4715 255.0412
752.9815 254.2912
753.9215 253.3512
755.5215 251.1812
757.2215 248.2612
759.2015 246.2812
761.7415 244.4012
763.8115 242.5212
765.9815 241.5812
768.4315 241.5812
772.2015 241.7712
773.5215 241.3012
774.3715 240.3612
775.9715 239.0412
775.6915 238.0012
777.2015 237.4412
778.1415 236.6912
780.7815 235.4712
782.7615 234.7212
784.3615 234.2512
786.2415 234.1612
787.9415 233.7812
787.7515 232.3712
787.1815 231.9912
784.9215 231.5212
784.4515 232.3712
783.9815 231.3312
782.2815 231.0512
778.4215 232.7412
771.9215 232.7412
771.9215 226.0612
774.5615 223.7112
776.2515 222.6712
779.8315 222.8612
780.4915 222.2012
781.1515 221.1612
781.9015 218.7112
782.7515 218.1512
783.3215 217.1112
784.5415 217.1112
785.2915 216.6412
785.4815 215.7012
786.0415 215.3212
787.2615 215.5112
788.0115 214.3812
788.8615 214.1012
789.7115 213.6312
790.2815 211.9412
789.7115 211.5612
789.9015 210.3412
790.3715 209.8712
790.1815 208.7412
789.7115 207.9912
788.6715 208.0812

Galápagos
11
 97.2314 169.8412
 93.8214 169.4112
 91.9014 170.4812
 89.5614 172.4012
 89.5614 174.1112
 91.2714 175.8212
 93.4014 176.6712
 97.2414 176.2412
 98.7314 175.1712
100.8614 173.0412
 99.5814 171.3312

Galápagos
14
 59.5014 174.1312
 59.0914 174.0412
 57.8614 174.2312
 56.4614 175.0712
 55.4214 176.0312
 55.1114 176.4012
 56.7414 180.2912
 57.2314 180.6212
 59.3114 180.6312
 62.5214 178.4612
 62.6914 177.7712
 62.4114 177.0712
 61.2014 175.4912
 60.4914 174.7112

Galápagos
7
 79.9714 196.4912
 77.4114 196.4912
 75.4914 198.2012
 75.2814 200.5412
 77.6214 201.6112
 80.1814 200.9712
 81.4614 198.2012

Galápagos
24
107.1515 194.1212
102.7215 193.0312
102.1315 193.1012
 98.1714 194.4312
 98.2014 195.0912
 98.6714 195.9312
 99.8914 196.6912
100.5815 196.9812
101.6015 197.6012
102.3915 198.1212
105.5215 200.3712
105.8515 201.8212
106.0915 202.2412
106.8614 203.3112
108.1914 204.2712
110.9614 205.8112
112.5814 206.0412
113.1914 206.0812
115.9914 205.8812
116.5214 205.0912
115.8314 203.1312
115.1414 202.1712
113.6614 200.5012
108.3714 194.8612

Galápagos
8
 50.9814 207.3612
 48.2114 206.2912
 46.0814 207.5712
 45.0114 209.9112
 45.4414 211.1912
 48.2114 212.2612
 50.3414 211.1912
 51.4114 209.9112

Galápagos
14
 68.0314 203.0812
 63.9914 201.4912
 59.5714 202.0212
 54.3314 205.7612
 53.8014 208.5812
 54.5414 210.9212
 55.9814 212.7712
 56.8114 213.5712
 58.4314 214.2612
 66.2414 215.0012
 71.2814 212.7112
 71.6814 211.5812
 71.1814 207.4412
 70.6714 205.9912

Galápagos
7
 68.0314 217.8012
 65.6914 217.8012
 63.7714 219.2912
 64.8414 221.8512
 67.8214 222.9212
 70.3814 220.7912
 70.1714 218.8712

Galápagos
15
  8.2014 215.1212
  7.9514 215.1212
  2.7414 217.4012
  1.4614 219.0712
  0.8314 220.4112
  0.2714 223.7212
  1.7914 224.9012
  8.9814 226.8612
  9.6414 226.9012
 11.0914 225.8812
 12.8514 224.1212
 13.1914 223.0712
 13.1214 217.8012
 12.7114 216.9012
 11.9414 216.5312

Galápagos
20
 53.9514 224.4112
 52.1614 221.5212
 51.3714 220.9012
 51.1414 220.8712
 48.0114 222.1412
 47.0314 222.2212
 45.3314 221.8112
 44.6614 221.7312
 40.5214 222.6712
 38.2214 225.9112
 40.1314 230.3512
 41.1514 231.3112
 42.1214 231.6712
 44.3214 231.0212
 47.7114 229.8412
 49.3114 229.2212
 50.3414 228.6012
 50.7414 228.3312
 51.4614 227.7512
 53.7614 225.4912

Galápagos
61
 19.9114 238.8112
 21.7414 238.2012
 22.4314 237.2512
 22.6614 234.4612
 22.5114 232.9512
 22.4814 231.9612
 23.3014 228.6912
 24.0014 227.3212
 27.0614 224.0412
 28.5714 223.2612
 30.1514 222.3012
 31.2414 221.3212
 33.9114 218.6112
 34.6714 213.6912
 33.9814 212.5512
 36.8514 208.7512
 38.0014 207.6112
 39.1914 206.3012
 41.2914 203.8212
 38.2314 195.0812
 35.7214 192.6012
 24.2614 189.4912
 22.5514 189.3912
 21.7214 189.8812
 17.9914 190.3012
 16.7814 190.3912
 15.5614 190.1312
 14.2714 189.7812
 12.0114 190.2612
 11.0014 191.2312
  8.4814 194.9412
  8.0714 196.3012
  8.4214 198.0012
  9.2814 199.3512
 10.3114 200.6212
 17.1014 206.0212
 20.7514 207.2012
 22.5914 206.6912
 24.4314 206.2512
 28.1514 210.6512
 26.3114 212.5712
 24.7514 212.6312
 14.8814 224.2812
 12.5814 227.8612
 12.7514 229.1312
 13.2414 230.5812
 12.7914 233.7212
 12.0814 236.7812
 11.2214 237.9712
  9.5114 238.2212
  7.5514 237.5412
  6.1514 236.4112
  4.5314 236.4312
  3.0914 238.3312
  3.1514 238.8212
  6.2814 240.2912
 13.3414 244.7712
 17.0214 244.1612
 17.1314 243.0312
 18.9214 239.8212
 19.7114 238.9712

Galápagos
9
 87.6414 249.3412
 85.9314 248.7012
 83.3714 248.9112
 81.8814 251.4712
 82.0914 253.8112
 85.0714 254.0212
 87.6314 253.5912
 89.1214 252.3112
 89.1214 250.8212

Galápagos
9
 61.2114 249.3412
 56.0914 249.1312
 53.7514 251.2612
 53.9614 253.6012
 56.5214 254.8812
 61.2114 254.6712
 62.9214 253.1812
 64.6314 252.1112
 63.7814 250.4112

Galápagos
8
 49.4914 261.0612
 46.7214 259.7812
 44.3814 261.7012
 42.6714 264.9012
 43.5214 267.0312
 46.5014 268.5212
 49.0614 266.3912
 50.3414 263.6212

Cotopaxi
114
616.9215 182.5712
616.1715 183.0712
612.9615 183.3112
612.0115 181.6412
609.2815 181.4112
607.0914 181.8412
606.0714 182.6912
605.9614 182.7412
605.3614 183.7212
603.1014 183.8412
601.0814 183.6112
599.5315 183.1312
598.2315 182.1812
597.3915 181.3912
596.7715 181.3112
596.0614 181.4412
596.0614 181.4412
595.8014 181.5712
595.7314 182.0012
595.7314 182.0012
595.4914 183.9012
594.1914 185.5712
594.1914 187.5912
595.2615 189.1312
596.4414 191.2712
596.3314 191.9812
595.6114 192.1012
595.3814 194.2412
596.4414 195.7812
598.1114 197.3312
599.6514 199.7112
600.8414 201.2512
600.9614 202.9112
602.5114 204.9312
603.2214 206.2412
603.4614 207.7912
604.2914 209.5712
605.6414 211.4912
605.6414 211.4912
605.8314 211.2912
605.8314 211.2912
608.4514 211.0512
608.5614 212.9612
609.9914 213.4312
609.1614 214.5012
607.9714 215.8112
607.9814 217.0212
609.3514 218.3812
609.4014 219.3112
610.9414 220.3812
611.1814 221.5712
612.0114 222.0512
612.0114 222.0512
613.2014 222.7612
614.2714 222.7612
614.2714 222.7612
614.0514 221.7312
614.5614 220.9212
614.6314 219.2512
615.6514 219.1812
616.2014 218.3012
617.5314 215.5312
617.6014 213.6712
618.6514 213.2712
618.8814 213.0512
619.8514 213.1312
621.0414 212.6612
622.5914 212.1812
622.7714 209.3112
623.3614 208.7312
623.3014 207.2512
624.8414 207.2512
625.5714 207.9812
626.3915 208.3212
628.5315 210.1012
632.4915 210.2212
632.9715 210.5312
633.2315 210.5112
633.2715 209.9312
633.7415 207.6712
635.5315 207.3112
636.2415 206.6012
636.2415 206.6012
637.6714 204.9312
637.6714 204.9312
638.0215 203.5112
638.7615 202.7712
638.7615 202.3912
639.2115 201.4912
639.8015 199.1112
639.4515 197.2112
638.2415 197.0312
638.0715 196.7812
638.6215 194.7212
638.8515 192.5812
638.8515 192.5812
638.6815 191.3612
638.6215 190.0812
638.6215 190.0812
638.0215 189.0112
636.9515 187.9412
635.8815 186.5212
633.9815 186.5212
633.7815 186.7012
633.2815 187.4712
630.7914 188.0612
630.1914 186.4012
629.9514 185.5612
625.3514 184.2012
624.4014 184.0312
623.2114 183.9712
620.5514 184.3112
618.8214 183.6112
617.7114 183.0212

Pastaza
128
722.7015 115.5512
722.7015 115.5512
716.2015 115.1012
715.1015 116.6612
713.4015 116.9012
711.9214 115.3412
710.9714 116.4112
708.9514 115.9312
705.8614 116.2912
704.4314 117.9512
703.6014 118.1912
703.3614 119.9712
701.5814 121.5212
700.7514 123.9012
699.2114 126.5112
697.1914 127.7012
695.4015 129.2412
692.6714 130.9112
690.8915 132.6912
688.2715 134.7112
688.1015 135.2912
687.7815 135.4912
685.3715 136.7412
679.1915 139.2412
675.2015 140.7512
673.2015 141.0412
671.8015 141.4712
671.0015 142.0112
665.4015 147.3712
665.7015 148.3112
665.1015 150.8112
664.6315 153.3012
664.2715 154.9712
663.0814 155.4412
662.4115 155.5912
662.3414 156.0112
662.3614 157.2412
661.2514 159.2412
660.0214 159.9712
657.5814 159.2212
656.7414 159.2112
656.1014 161.3312
654.7914 163.3512
654.3114 166.3212
652.9814 166.9512
652.7314 167.4112
651.3014 168.9412
650.4414 169.5712
650.4414 169.5712
648.8214 170.1412
648.8214 170.1412
649.7614 170.9512
650.4414 171.8112
650.4614 172.4012
651.0014 172.6712
651.5914 174.6912
650.7614 177.1912
650.7614 177.1912
650.8514 178.3712
662.4914 177.5812
662.2914 181.1812
662.8114 181.1112
662.9314 182.0612
664.4714 182.0612
665.4614 181.7212
666.0014 180.3412
670.2714 181.8412
675.5314 183.6012
680.3014 184.1012
682.3114 185.1112
685.8214 185.3612
689.0714 186.0512
689.3314 185.9812
689.3314 185.9812
689.2514 186.6812
689.2514 186.6812
691.0914 186.1112
693.6014 186.3612
695.8614 187.1112
700.1214 187.1112
700.1214 187.1112
704.6414 187.6212
705.6514 186.3612
708.1514 186.6112
710.4114 184.1012
712.4214 183.8512
712.9214 187.1112
715.4314 187.3712
717.4414 187.8712
720.9514 189.1212
723.8514 189.7412
725.2214 188.8312
727.9514 188.6012
728.5414 187.5312
728.3114 185.9812
727.5814 184.5512
727.5814 182.2112
728.4414 181.0512
730.5814 179.9812
731.6514 178.9712
732.6314 178.9712
734.5314 179.3312
735.2514 178.6112
735.9814 177.0712
739.1114 176.5012
741.2014 177.2012
746.6814 177.9012
749.3114 177.2212
757.6714 174.7012
758.1014 174.4412
758.7714 175.1712
761.0314 174.1012
761.9814 173.1512
762.0814 172.1612
763.7314 172.3812
765.3914 172.1412
766.5814 170.8312
766.8914 169.1412
770.0614 167.2212
770.4714 167.0812
771.4914 167.5612
773.3914 167.5612
773.3914 165.9012
773.2414 164.5212
771.3414 162.5612
763.9314 153.6912
749.8514 137.0112
734.3814 124.3112

Zamora-Chinchipe
121
609.8815  79.6812
610.2615  79.3012
610.5015  79.4212
611.3415  78.5412
612.3015  78.2212
614.0615  78.2212
615.8215  76.2112
615.3115  72.7012
615.1215  70.1812
616.8815  69.4712
617.9515  68.2812
619.6215  68.0512
620.9915  68.1012
621.8915  67.3212
622.2415  66.8812
625.1015  67.4312
626.3615  69.6912
627.6115  69.6912
628.3615  68.6812
630.6215  68.4312
630.8715  70.1912
635.6415  69.6912
640.2415  69.6912
640.2415  69.6912
640.1415  68.1112
639.6615  65.1412
639.6615  61.6912
638.9514  59.7912
637.8814  57.8912
635.9814  55.1512
632.7714  51.5912
632.0614  48.7412
630.8714  48.5012
630.5514  47.1312
630.5414  45.3712
629.5614  44.7012
629.3214  43.1512
628.4914  41.7312
628.4914  36.3812
626.4114  34.2812
625.5514  33.2212
625.5214  30.0812
625.8714  27.6112
625.9914  24.9312
625.0514  23.5512
623.7414  22.0012
622.7914  20.7012
622.4714  19.4112
620.8914  17.3712
618.9914  16.4212
615.9414  15.9312
615.1314  15.1812
612.9314  13.5712
611.9814  11.3112
611.6214   8.2212
610.1914   6.6712
608.4114   3.8212
608.4114   1.4512
607.1014   0.4912
605.5614   0.2612
603.5414   1.5612
600.3514   1.4412
599.3914   1.5012
598.0214   1.4412
595.4414   1.4012
593.6814   4.8912
591.1814   5.6012
591.0614   8.1012
588.9514   8.1112
587.7814   9.4212
587.4614  10.9012
586.8114  14.3912
586.8114  14.3912
588.8414  14.6912
588.8414  15.7612
590.0314  17.7812
591.3414  19.3312
592.0514  21.1112
592.2914  23.7212
593.7114  24.9112
595.1414  25.3912
596.8014  25.2712
597.0914  24.4112
597.8814  24.0612
598.3114  24.0212
598.8214  24.7912
602.0314  28.1212
602.8614  29.6712
602.7414  35.6112
602.7414  39.0512
601.4414  40.8412
600.7214  42.1412
600.9614  43.9312
601.4414  45.4712
601.4414  48.6812
601.7914  52.1212
601.9114  54.6212
601.8314  56.3412
600.8914  57.4412
600.5114  58.5912
600.0114  58.8412
599.4214  60.3812
599.4214  62.1712
599.8914  63.1212
601.0814  64.5412
602.5114  64.7812
603.1014  65.6112
603.4314  66.1612
603.4314  66.1612
603.3014  66.2812
603.3014  66.2812
604.4114  66.5612
605.1214  67.5112
604.2914  70.3612
604.8814  72.3812
605.7214  73.3212
605.7514  73.6112
605.3614  74.7012
605.0014  76.0112
606.6614  77.4312
608.4514  78.8612

