597 585

Alsace
102
483.1350 376.0509
486.5950 377.7609
485.6350 380.2909
486.9950 381.4609
486.2750 382.0509
487.6050 387.0209
489.9550 388.3709
493.1350 393.8309
492.4150 396.0509
498.2150 406.3109
497.4150 408.1409
494.7950 407.7409
493.0950 408.9309
494.4350 410.5009
493.4650 411.7909
494.8050 416.5409
493.6650 418.3609
495.5050 418.0009
492.6450 419.6609
496.8050 419.8609
499.0150 421.4109
502.5950 428.1509
500.9750 428.3009
500.0150 430.1609
503.0150 434.8809
500.2850 437.4309
500.7350 438.3309
496.3050 439.7809
495.1850 437.0609
493.1850 435.9609
493.6350 437.6509
492.0950 437.9309
492.0550 439.7009
493.8850 440.8609
492.0350 440.6409
491.9550 441.6209
488.0550 442.8109
487.6050 445.3209
489.0450 445.3109
489.5350 447.0809
491.2750 446.7609
492.7350 453.6509
494.0150 454.4109
495.1850 449.9009
502.1650 447.8809
502.0250 446.7309
503.4850 445.9609
508.7250 447.5409
512.2450 445.2709
513.9750 446.8209
516.3950 452.9109
516.3950 452.9109
520.3550 453.1009
520.4750 452.2809
522.9150 453.6909
525.9150 451.6509
528.7150 453.1909
535.3250 448.9009
541.1150 447.3909
537.6550 443.5109
535.1850 437.0909
530.3050 434.2509
529.9750 432.0409
524.7950 426.9709
523.1750 423.4009
523.4250 419.0609
521.8650 417.5309
520.3750 411.5509
520.8850 407.3609
518.7450 405.7809
517.6350 400.8009
513.9150 394.5209
513.6150 389.1609
515.8050 385.3109
513.0750 379.5709
511.9550 373.4109
512.7150 370.6109
511.2050 368.3709
514.5150 362.6609
514.1750 360.9009
510.6750 358.6809
511.9850 357.9709
510.6150 357.5209
511.1750 356.1509
510.2350 355.1909
507.8650 355.9809
507.4250 355.0709
508.8650 354.5009
505.9950 352.1209
503.5950 352.6809
500.0550 351.4609
499.5950 352.5609
497.0150 352.8409
498.3350 355.9109
495.4550 356.4609
495.4550 356.4609
495.8950 357.7909
493.5250 361.9709
490.1750 362.5409
491.8550 366.8109
491.4650 369.9509
487.4550 372.9109

Aquitaine
219
225.5050 248.4309
226.4750 247.1409
229.2850 247.5709
231.5250 245.9009
230.5550 242.9609
233.0650 240.4309
235.4250 243.2609
236.6050 241.9809
241.6250 242.5509
244.4150 237.8409
245.6850 238.8309
247.7850 237.5309
245.8950 234.5809
253.0650 232.0809
251.5250 230.2509
254.3450 228.8809
251.8850 225.5909
250.7050 225.5309
250.3150 222.6209
252.4150 221.5509
250.3350 218.6209
252.8750 217.7009
251.6750 216.3809
251.6750 216.3809
251.4650 216.3609
251.4650 216.3609
253.6650 214.4409
257.9650 213.9609
256.5550 212.8009
259.4650 207.7909
259.4650 207.7909
257.8950 206.8909
257.8950 206.8909
258.0650 206.2009
258.0650 206.2009
259.2350 201.7109
258.0350 201.3609
259.1950 199.5009
255.9450 197.4209
256.1150 195.5209
253.3050 194.6409
254.0350 191.3909
250.2250 188.1109
247.0950 187.3109
247.3450 185.5109
244.8950 182.8709
245.2950 181.7009
241.6050 179.5909
240.2050 180.0009
241.6750 177.8409
241.6950 174.2909
243.2650 173.2509
243.5050 169.7209
238.9550 169.4909
238.5150 168.5409
237.6450 170.7909
236.6450 170.6209
235.5250 166.5209
238.9050 164.4609
237.0750 159.6409
234.8650 159.2609
236.1950 158.7409
236.5550 156.6009
235.2250 155.9509
232.1950 156.9309
232.5650 155.0609
230.8450 154.8509
230.1150 152.2209
226.9450 150.0709
224.0050 153.2909
222.4650 151.8409
218.5250 151.8909
217.7450 150.3209
212.4350 149.1909
211.8450 148.1109
208.9550 149.9109
207.3250 149.5109
205.8650 147.0809
204.6350 148.7409
201.6750 146.4209
202.5250 143.8509
201.8150 142.6709
198.4950 144.5609
199.6450 145.9909
197.8550 147.7309
195.3850 144.5209
191.9150 145.1409
189.4250 142.7509
191.6350 141.0709
190.7150 140.4609
191.3450 137.7209
189.9750 137.6209
191.2950 133.5609
189.0050 131.8409
189.3250 128.8409
187.6750 128.1709
187.7650 126.7609
189.1050 126.6109
189.4650 124.7209
192.0150 125.5009
195.3650 124.6809
195.4850 122.4809
196.6150 122.7509
198.6050 118.4209
196.6350 117.9109
196.5750 114.9409
199.3350 116.9009
199.2150 112.7409
200.5950 111.2609
197.4450 108.7109
198.6450 106.9509
197.3150 104.0009
196.3250 104.2409
196.5450 101.6309
194.4850 101.8009
193.2950  98.9009
191.3450  98.0709
191.8850  94.5409
188.5350  93.7109
187.4050  91.9109
187.6850  87.8809
185.7650  86.9409
186.3550  83.1109
186.3550  83.1109
182.9750  80.2609
180.9750  80.0609
178.3350  81.8609
176.4350  79.0709
171.1850  85.1109
168.9550  85.7809
168.0350  89.8209
160.1750  88.9909
153.0750  92.9909
151.9150  92.0809
151.0250  93.6209
148.3250  94.7509
146.9250  94.0909
144.9950  95.5009
146.5850  98.3309
143.5450  96.9809
143.1450  93.2409
139.5750  94.2409
138.2050  96.6209
140.6450  98.8509
141.9950 102.3409
141.7250 106.2409
135.6450 108.2809
134.4950 107.9609
133.9350 105.7709
132.6050 105.9009
131.9450 109.0309
127.5850 108.4309
127.2450 110.3709
125.1950 111.5309
125.1250 112.8609
130.1550 113.7109
132.9450 116.2609
139.3250 128.5009
145.5350 160.8209
147.1950 180.0609
149.8150 186.7309
157.6850 185.4009
157.1150 187.8909
154.9750 188.9009
156.4550 188.9209
150.9150 193.5409
148.2050 188.7309
147.6150 184.1809
146.9850 185.2209
151.3250 234.6109
153.9150 239.3809
155.3050 240.4009
156.1850 238.1909
154.5850 237.9109
155.6350 237.8409
155.0750 236.7409
165.9650 226.9809
170.7050 211.0609
174.6550 207.2109
171.6050 214.2809
169.6650 225.8909
169.6650 225.8909
174.6350 225.4709
174.9750 226.9909
175.9050 224.0409
181.7150 222.9809
182.6750 217.5709
182.6750 217.5709
182.7250 217.3109
182.7250 217.3109
183.4650 215.0609
184.3150 216.6109
185.3650 216.4109
186.3550 214.7409
187.7650 215.0209
188.6550 213.3909
191.4750 212.1909
193.4350 211.9109
195.7450 213.7909
197.5650 212.4409
197.8650 214.8709
199.5650 215.6209
198.6050 216.3209
199.7350 218.5409
201.7150 219.9809
204.9950 218.7509
206.6750 221.9709
210.4450 224.1109
209.6650 228.3709
210.8550 231.7809
212.5550 232.3509
211.9450 233.6809
213.1150 232.6609
215.1950 235.2409
217.3150 235.2509
218.0350 237.4809
220.3350 239.1209
220.6050 243.9209
222.8650 243.9509

Aquitaine
9
196.2150 109.0109
196.2150 109.0109
195.9750 112.5809
195.9750 112.5809
195.5850 112.7709
195.5850 112.7709
195.7450 110.6209
194.5350 110.1309
195.5350 109.1709

Aquitaine
10
194.6250 109.1409
194.6250 109.1409
194.3350 108.9209
194.3350 108.9209
193.5250 106.9909
194.3050 105.2409
196.0350 106.4809
195.0050 109.0009
195.0050 109.0009
194.7650 109.1609

Auvergne
214
294.0150 290.7709
294.7550 293.8009
295.7850 293.8109
297.3450 296.5809
302.5850 297.5409
304.6450 296.7309
307.8850 298.7909
307.4350 301.2709
305.8850 302.1309
307.1050 303.9709
306.0350 305.1609
307.4850 305.9109
308.4350 305.1409
308.2850 307.0509
311.4950 308.7609
312.0850 310.3709
313.9650 308.6609
315.5250 309.7409
317.5050 309.1909
320.5950 313.2509
325.1850 313.3709
325.1850 313.3709
326.2950 310.7309
332.1750 306.2209
335.0550 308.6709
338.2850 306.6809
339.6250 308.4109
341.3450 308.4909
342.8450 304.7209
347.1650 306.9809
346.6150 309.0209
348.6650 309.1109
348.3250 311.3709
349.8350 310.9509
350.3950 308.0609
354.4750 301.7309
354.7050 297.9109
357.3450 296.7109
358.7350 297.4709
359.9850 294.8709
363.3450 295.1609
365.4050 293.2909
364.4250 289.4909
364.7850 285.3109
365.6050 285.2309
363.1950 284.8809
361.2250 282.1409
361.2250 282.1409
360.9550 282.0709
360.9550 282.0709
360.5950 282.0209
360.5950 282.0209
355.7750 279.9409
357.4650 275.3809
356.8150 272.3309
357.9950 270.9409
357.3250 268.8409
358.3950 265.6109
356.5950 264.0709
353.0150 263.8509
352.6850 261.5009
355.2450 258.8809
353.6250 257.9409
353.9150 254.5809
352.5250 253.2509
356.3350 249.3309
356.1850 247.3409
358.1250 243.8009
362.6950 240.6409
364.8150 235.7809
363.9250 232.2509
360.8450 229.8409
361.4750 226.2509
363.2850 228.7209
364.8450 228.4809
366.1950 225.8909
366.2950 227.1509
368.3950 226.3609
368.8150 227.6809
371.8250 228.0709
371.4550 229.1909
372.8550 229.7109
375.1150 229.5009
376.7350 227.6709
379.3250 228.2709
380.6850 226.3909
379.1950 225.3009
380.8250 224.3409
379.9250 222.7609
381.4350 221.6709
383.5150 222.7609
385.7850 219.7109
383.9950 216.0509
384.4050 213.6009
383.5050 213.0709
382.9750 214.6209
380.9350 215.0609
381.9750 213.3109
381.9750 213.3109
381.9750 212.7809
381.9750 212.7809
380.8350 212.8609
379.8150 211.1109
381.1850 208.7709
377.7250 207.7609
378.4450 205.0509
374.7550 204.4709
371.9150 199.2009
366.8550 199.1609
366.5950 196.9009
365.4250 196.1009
364.6950 196.8609
364.9350 195.6109
363.3150 196.5109
362.2450 193.1109
359.6650 191.6909
359.6650 191.6909
358.5950 191.9009
358.8950 193.3209
357.5050 192.8809
355.4950 194.9909
354.7550 197.1709
351.5650 196.6209
351.8450 198.2509
350.0450 199.6909
348.5350 199.3709
348.3250 196.4709
343.7350 195.5009
341.1950 200.6909
341.1250 203.2309
339.2950 205.1809
335.7450 202.3609
333.9250 202.8709
333.6850 200.0709
331.8550 198.6009
329.3450 201.0009
328.4250 198.7909
328.4250 198.7909
328.1850 198.7909
328.1850 198.7909
327.9950 196.9209
326.8950 197.1509
325.8050 194.9609
325.5150 190.0409
323.1350 185.8909
323.1350 185.8909
321.2650 187.9609
320.2250 192.7009
321.2850 193.4409
320.5950 194.5809
319.2550 194.3309
318.0650 199.2909
314.4650 198.2109
314.5250 201.4909
312.9750 203.2009
307.4850 197.6209
307.3050 194.4809
305.2050 192.2309
305.6350 190.2909
303.1150 188.4809
302.4650 186.2509
297.0050 185.6609
295.9350 187.4009
294.6250 187.2809
291.3750 186.2209
290.8550 184.3409
289.4550 185.5509
288.9650 188.8709
287.7550 188.9309
289.4950 194.2809
286.1550 199.2309
286.6450 201.9709
284.9250 205.2009
284.9250 205.2009
286.5750 205.6309
286.5750 205.6309
286.9250 205.5409
286.9250 205.5409
288.3050 206.6909
286.4650 210.1209
289.5550 211.4209
289.8250 214.6409
292.0150 216.3109
290.7050 217.2409
290.4250 219.6109
297.3050 226.3909
296.8450 230.8209
302.3250 228.3509
304.3050 229.6509
302.6150 231.2509
303.8750 239.2309
301.5350 241.7009
302.5650 244.3509
304.0450 244.4309
304.1250 248.4609
298.5050 255.2909
301.3350 257.7209
301.3350 257.7209
301.5150 257.7609
301.5150 257.7609
302.8350 257.5809
305.4950 260.5409
305.8150 263.1009
307.7750 264.0109
307.3650 267.7609
305.2250 270.8109
305.8750 274.9409
302.4050 282.4009
300.2950 283.3609
299.8750 282.5809
298.4750 285.4809
297.5250 284.2109
294.9250 286.1809
296.2350 287.9209

Bourgogne
234
404.4650 378.8309
404.4650 378.8309
402.9150 382.2009
401.5150 381.9909
401.1450 380.6709
399.9450 381.4409
401.3450 383.3909
400.5250 384.6409
397.9950 384.7509
399.0150 386.3709
398.3450 387.4409
394.4850 388.5509
389.4450 388.8709
387.6750 387.4709
388.4450 385.0909
378.4750 384.6709
377.5750 382.4209
375.5750 382.7409
374.8150 385.3309
373.5050 385.0409
373.8150 383.4409
372.3550 384.5609
372.3550 384.5609
371.8350 384.2809
371.8350 384.2809
369.9850 382.4809
367.9050 383.7009
367.2650 382.4309
365.5950 383.5009
361.0450 382.6809
361.8150 385.8009
361.0350 387.1509
360.4350 385.7409
359.2550 386.0009
358.7350 387.2909
360.0950 387.9809
358.0350 389.7809
356.7450 394.3509
354.6050 395.2609
354.9650 397.3309
353.5550 397.8509
353.9050 396.7309
351.5950 395.7309
350.0650 398.8309
347.9250 398.5009
349.6850 401.0509
348.8250 401.4809
349.5850 403.7309
347.8550 404.6809
348.2650 405.7109
344.7950 409.8209
343.2450 410.4309
341.6550 409.3309
341.0750 411.3009
341.0750 411.3009
339.4750 411.9109
339.0150 410.1909
337.8150 410.0309
329.7150 410.2109
328.1750 408.7309
325.8450 409.3809
324.5150 406.0009
325.8450 402.5609
324.0650 399.9009
321.2850 398.4409
321.2750 397.1809
321.2750 397.1809
325.1150 395.3309
324.5550 394.2609
325.3750 394.3209
325.9550 391.6109
329.0650 388.9209
328.0150 388.2809
329.2050 385.3909
327.8250 383.7809
327.8250 383.7809
327.5750 383.5709
327.5750 383.5709
324.2750 381.2709
323.7150 378.8709
325.2450 377.7909
324.9450 373.9109
317.7350 372.0909
317.5750 369.6009
318.8450 369.8109
320.8250 367.4409
321.9550 365.1809
321.2550 362.3409
322.9150 360.5309
318.1050 359.1609
318.1050 359.1609
318.1050 359.3809
318.1050 359.3809
317.5850 358.6109
321.0150 352.4909
318.3950 346.4009
323.1250 341.7209
325.1550 333.1609
324.6250 329.7009
327.1150 327.2409
327.1850 323.1109
325.9350 320.1909
326.7550 316.8109
325.1850 313.3709
325.1850 313.3709
326.2950 310.7309
332.1750 306.2209
335.0550 308.6709
338.2850 306.6809
339.6250 308.4109
341.3450 308.4909
342.8450 304.7209
347.1650 306.9809
346.6150 309.0209
348.6650 309.1109
348.3250 311.3709
349.8350 310.9509
350.3950 308.0609
354.4750 301.7309
354.7050 297.9109
357.3450 296.7109
358.7350 297.4709
359.9850 294.8709
363.3450 295.1609
365.4050 293.2909
364.4250 289.4909
364.7850 285.3109
365.6050 285.2309
363.1950 284.8809
361.2250 282.1409
361.2250 282.1409
360.8650 278.4609
364.2850 277.7609
364.9750 275.7609
369.6850 277.5309
372.8150 276.0409
374.0350 277.2709
374.7850 276.2709
375.9750 276.8609
375.7850 275.1209
376.8450 274.9909
380.8850 276.7609
382.2550 283.3309
384.4550 283.4109
386.3350 281.6409
389.0150 283.2209
391.0850 281.5209
391.8750 283.6409
393.6450 283.9509
394.9150 282.3009
393.6250 281.1209
395.9750 279.5909
395.2850 277.2809
396.8950 275.9409
397.7950 276.1809
404.4850 296.7009
404.8850 295.6309
406.2750 296.4709
409.2950 294.6309
413.8550 295.8209
413.9050 296.7309
415.4850 295.9209
416.7150 293.0609
419.9750 292.3609
419.9750 292.3609
420.3650 293.3709
424.2350 294.2009
424.3950 295.7309
421.8350 296.7709
421.7850 299.3309
423.6950 300.5009
423.3450 302.2309
425.2350 303.8709
423.3150 306.7209
423.2050 309.3409
421.8750 309.4209
423.1450 311.8709
420.4950 314.5909
426.2450 316.1109
423.6250 317.8009
423.4850 319.2509
420.5850 318.9509
419.1250 322.1109
417.8850 321.4509
417.4850 324.4509
420.1350 326.5609
418.3550 327.4009
418.7050 328.7609
422.9050 330.7709
425.1550 334.5609
425.1550 334.5609
425.1350 334.8709
425.1350 334.8709
427.1750 343.3209
428.4750 344.2109
426.5450 345.0209
426.5450 345.0209
426.4050 345.0209
426.4050 345.0209
427.4950 346.5209
427.0150 349.7109
427.0150 349.7109
426.8550 349.8109
426.8550 349.8109
425.1350 349.6909
425.1350 349.6909
424.8750 349.6909
424.8750 349.6909
425.1450 353.2309
422.1650 354.0909
423.8750 354.8709
423.0250 355.1109
423.5050 356.2009
425.5550 356.1209
427.5750 359.6609
425.2550 364.2409
423.3250 362.0709
422.3950 362.7109
422.3950 362.7109
421.6850 361.8509
419.6750 362.9809
417.3950 360.9709
417.7150 363.7609
414.1550 365.6009
414.3650 367.3309
411.8350 365.2509
409.1850 366.5909
409.4850 368.2509
408.1650 368.0709
408.1350 369.1909
405.6350 367.6909
405.2350 372.3709
403.4350 372.6909
406.6150 375.2109

Bretagne
8
 64.5150 349.3809
 65.7550 347.8909
 68.2750 347.9509
 69.0050 345.8209
 72.2450 344.9009
 71.6850 343.2009
 64.9050 344.2009
 63.8750 347.2209

Bretagne
229
 65.4750 441.2009
 65.6850 438.9709
 71.2550 441.2309
 71.2550 438.1909
 74.3150 438.3809
 74.6350 436.9109
 72.9950 435.6809
 77.7650 434.1409
 77.0750 431.9609
 82.3950 427.4409
 82.1950 424.0909
 86.6850 421.6209
 85.5750 419.6709
 86.7450 420.1609
 88.3550 417.3609
 87.9950 420.1609
 90.2850 419.5009
 93.3050 424.3709
 96.6650 425.8009
 96.0450 427.2109
 98.1750 427.6909
 98.8950 426.2209
103.1050 429.9409
104.5550 428.6709
102.3350 425.6409
103.2950 425.0109
106.2250 427.1609
107.5850 423.5709
107.0150 421.2609
108.1850 425.0609
108.8850 422.8909
110.0750 425.5109
111.1550 424.4209
110.0150 426.4709
114.3550 426.8109
114.7950 424.3609
116.4550 423.2809
115.7050 422.6009
117.4550 420.8609
116.9350 417.8209
117.7850 419.7409
118.8750 419.3709
116.8750 423.3609
118.5050 422.4909
117.9450 423.8209
115.7950 424.2709
116.4250 425.3309
114.9450 426.5409
116.6750 429.6009
122.8250 431.4109
123.1450 429.3509
121.7850 426.7609
125.5350 424.6309
134.0750 426.5309
134.0750 426.5309
137.5350 417.4409
140.3250 415.6809
143.1250 416.1809
147.2850 420.8709
154.9150 418.6409
154.9150 418.6409
154.4550 412.7909
155.9450 407.4409
153.6250 403.5409
154.5550 399.6309
154.5550 399.6309
154.7250 399.4709
154.7250 399.4709
157.1350 387.2109
151.3850 384.8409
147.5850 373.2209
142.7450 374.6109
141.7150 376.4009
137.9550 376.8409
138.1950 374.8509
132.0050 372.4209
130.4350 369.1009
122.1250 369.0409
118.1850 366.7509
117.4250 368.1309
112.9150 365.4309
112.2350 358.2509
109.7750 357.5609
109.5150 355.6109
108.6250 357.0109
106.1350 355.9009
103.9050 357.2309
103.1250 353.8509
 99.6250 353.5609
 98.7250 354.8309
 97.2950 353.0609
 97.2950 353.0609
 95.7350 353.1809
 95.4750 355.7609
 97.9950 356.1409
 95.1450 357.7309
 82.4450 355.4009
 78.4650 359.5009
 76.3150 359.5109
 75.2150 361.1209
 74.5850 360.3109
 73.7450 361.8909
 73.9450 360.3609
 69.6550 360.4909
 69.4650 357.0709
 71.4650 354.3109
 69.3250 354.5809
 68.0250 358.0209
 69.1650 358.9709
 68.5650 362.0909
 62.8950 367.6109
 59.8050 367.6509
 59.5850 369.1809
 55.9450 368.2609
 52.8850 372.4409
 46.5850 373.2009
 44.5650 374.9809
 39.2850 374.1009
 37.3250 376.8009
 38.1750 378.2909
 36.9750 377.7609
 35.4950 380.9909
 33.7150 379.8109
 34.3150 378.0309
 31.5450 377.3109
 28.8750 379.0709
 27.1850 378.1609
 25.3250 374.4409
 18.0150 374.4309
 18.4050 380.0809
 15.7950 384.6909
 12.0750 387.3409
  9.6550 387.0109
  7.0250 388.7909
  2.6850 389.4309
  3.9350 389.7109
  3.6150 391.0109
 15.9850 393.6409
 20.6150 392.5409
 22.1850 395.0609
 20.1750 399.6609
 14.0350 401.8409
 12.5750 401.4209
 10.0850 397.5809
  9.5350 401.5709
 10.7350 402.4809
  7.4850 402.8109
  7.2050 404.3809
  9.6350 404.5409
  9.5650 407.5609
 11.1950 408.2009
 10.2250 405.8409
 11.0750 404.6809
 12.5650 406.3809
 12.4350 404.4809
 14.5450 405.4609
 16.7650 404.1009
 20.5450 405.5409
 22.4750 404.4409
 24.0950 406.5309
 23.0150 405.6309
 19.2950 406.6109
 20.7250 407.5809
 19.5250 408.1509
 20.0850 409.5609
 17.8050 407.3109
 15.9950 407.2109
 16.8150 408.3109
 14.2850 407.3309
 16.6950 410.8609
 15.7150 411.6409
  8.0850 408.0609
  5.0250 409.1209
  3.9250 407.6309
  1.2150 407.5009
  0.4850 409.4909
  1.6750 410.8009
  0.2850 412.7309
  1.7050 416.0909
  1.0450 419.1009
  2.9950 421.6409
  7.9550 422.9109
  8.1450 424.6409
  9.8950 424.2509
 10.7850 426.6909
 12.5750 425.7009
 16.6350 426.7109
 15.1650 427.7909
 18.9250 429.2109
 21.0050 428.4209
 21.0150 426.4809
 25.1950 427.6209
 24.0650 428.0509
 25.5650 429.8209
 29.1550 430.3509
 30.8450 429.1509
 31.0950 431.0109
 32.9850 432.3609
 33.2450 431.3709
 34.5250 432.3509
 34.4550 429.0109
 36.1250 428.3009
 36.3750 430.5609
 36.4550 429.0109
 39.6650 428.1609
 39.2950 429.9809
 40.2750 431.5509
 40.7250 430.6909
 40.6050 431.8509
 46.5650 429.7709
 48.0550 430.3809
 47.4450 428.0509
 48.9150 429.7709
 50.6250 428.7709
 50.5550 432.1809
 52.0050 433.4809
 50.5150 434.2409
 51.2450 436.6309
 50.4150 437.3209
 51.7550 436.4109
 53.8450 439.4109
 54.3850 438.2209
 54.8350 439.3009
 55.7150 437.9209
 57.0050 438.2509
 56.4750 436.8209
 58.2450 436.9509
 61.4850 439.3509
 63.8450 439.1009

Centre
236
261.6850 445.7509
264.2550 442.6009
263.5350 441.3309
265.7150 439.3909
265.0150 434.4609
266.8950 433.5609
264.8250 430.8009
266.2850 429.9209
265.8650 428.4309
268.5150 425.2409
270.5450 425.2609
270.2950 422.9209
273.5350 421.4509
273.0650 418.9309
274.1350 416.0209
276.9650 414.3809
279.4750 415.4209
279.3750 412.2409
281.4350 411.9609
281.8750 409.5909
280.6150 406.2909
281.2250 404.9309
289.1550 405.5809
288.6650 406.6709
289.8950 406.3809
290.7950 408.4209
292.5650 407.6609
292.5450 405.5809
294.7650 406.4409
294.7650 406.4409
294.9850 406.8509
294.9850 406.8509
295.9750 407.7309
297.2750 406.1609
299.1550 406.6509
299.9650 403.1709
303.8450 401.0709
303.8650 397.4309
302.4350 397.2809
300.7950 394.7509
305.5950 395.8109
311.6650 394.7209
313.6850 396.0809
312.9450 397.4109
314.0450 396.5809
315.5450 397.5309
316.3950 395.1209
318.3350 396.7509
321.2750 397.1809
321.2750 397.1809
325.1150 395.3309
324.5550 394.2609
325.3750 394.3209
325.9550 391.6109
329.0650 388.9209
328.0150 388.2809
329.2050 385.3909
327.8250 383.7809
327.8250 383.7809
327.5750 383.5709
327.5750 383.5709
324.2750 381.2709
323.7150 378.8709
325.2450 377.7909
324.9450 373.9109
317.7350 372.0909
317.5750 369.6009
318.8450 369.8109
320.8250 367.4409
321.9550 365.1809
321.2550 362.3409
322.9150 360.5309
318.1050 359.1609
318.1050 359.1609
318.1050 359.3809
318.1050 359.3809
317.5850 358.6109
321.0150 352.4909
318.3950 346.4009
323.1250 341.7209
325.1550 333.1609
324.6250 329.7009
327.1150 327.2409
327.1850 323.1109
325.9350 320.1909
326.7550 316.8109
325.1850 313.3709
325.1850 313.3709
320.5950 313.2509
317.5050 309.1909
315.5250 309.7409
313.9650 308.6609
312.0850 310.3709
311.4950 308.7609
308.2850 307.0509
308.4350 305.1409
307.4850 305.9109
306.0350 305.1609
307.1050 303.9709
305.8850 302.1309
307.4350 301.2709
307.8850 298.7909
304.6450 296.7309
302.5850 297.5409
297.3450 296.5809
295.7850 293.8109
294.7550 293.8009
294.0150 290.7709
294.0150 290.7709
290.5350 291.2909
286.0450 290.1809
281.4950 292.1709
275.6950 291.1309
273.3650 292.9809
271.8950 292.6009
272.4150 291.1109
271.1250 289.0009
269.3250 290.6909
266.9550 288.8709
266.1650 290.8709
263.4850 289.1409
262.6950 291.1909
258.1050 286.3509
255.5550 289.5709
253.8650 289.2809
253.4650 287.8709
249.9350 287.5309
249.5450 288.9909
248.2550 288.6809
248.2550 288.6809
248.2550 288.6809
248.2550 288.6809
249.0150 289.6909
249.0150 289.6909
249.6550 291.6109
247.1150 292.5009
246.8450 296.0209
244.7150 297.7909
241.6750 297.7609
241.4550 299.6109
237.1450 301.6709
236.3950 303.3709
237.8550 307.2709
237.2450 309.2509
233.1950 313.0109
232.4150 316.6709
228.6050 319.9109
228.0750 324.1909
225.0050 326.2409
222.9350 326.1509
224.2050 323.1809
220.3550 323.2809
217.5750 321.5009
214.5350 322.7109
212.8050 321.5709
211.4650 325.2109
212.3550 325.6909
211.9550 328.9009
210.5150 328.3809
209.5550 330.1409
206.7850 329.3809
207.6850 331.3609
206.9250 332.8009
206.1050 331.9409
204.9750 332.3209
205.1950 333.4009
202.7050 333.0409
201.6150 335.7709
201.6150 335.7709
202.5650 342.9309
206.9250 349.0409
205.7050 350.1209
208.5550 356.2909
208.7450 357.9509
207.4150 358.6809
209.0650 362.2009
209.0650 362.2009
209.0150 362.7209
209.0150 362.7209
215.3050 360.5809
216.1050 361.0909
214.5050 363.6109
215.2850 365.0809
218.0250 363.5809
218.6350 365.1609
224.1150 366.8209
225.0650 368.1209
224.1050 367.8309
223.6850 369.6409
225.3850 371.7309
228.4950 372.6609
228.1150 373.6609
231.2750 376.6709
230.9350 380.8909
232.1450 381.5809
233.0350 380.1309
233.2050 382.8309
234.5950 383.3209
233.3350 386.1609
234.3150 388.8609
232.4450 389.3209
232.2950 391.3909
234.3450 391.5409
234.4350 392.9109
233.1150 393.2009
234.2650 393.4709
234.6750 395.3009
237.3650 395.6409
232.4650 399.0809
232.4650 399.0809
233.8150 400.2809
232.0650 403.2209
232.8150 404.9709
230.7050 405.6309
231.3150 407.0509
237.2950 410.1909
239.8650 414.4109
238.2050 416.6709
239.4750 419.6109
233.3550 425.1409
233.2150 428.7709
233.2150 428.7709
235.2150 429.8809
235.7450 431.6209
240.4150 432.2409
240.4150 432.2409
241.2750 432.2409
241.2750 432.2409
243.5050 434.3109
245.6650 433.5709
245.9250 436.2609
250.1150 434.2909
254.6750 434.4909
256.3350 435.7409
255.9050 439.0909
259.9850 441.4509

Champagne-Ardenne
243
400.0850 523.2209
402.6050 522.0909
401.4150 520.9909
401.5950 518.9409
400.7250 519.8209
399.4350 517.4609
400.3150 515.7209
398.1750 511.2609
402.2750 507.4509
400.5650 504.7009
401.7150 501.6809
400.7550 499.9709
406.7250 500.4209
410.8350 498.0309
413.8250 493.5809
418.1550 493.7409
420.6950 491.0609
419.9650 488.3309
421.3750 489.5909
423.3650 488.6709
423.3650 488.6709
417.8250 483.9009
416.6850 485.6609
413.7250 485.2509
412.8850 487.0209
411.6050 487.1209
410.6750 483.9409
410.6750 483.9409
410.6050 483.5609
410.6050 483.5609
409.3850 481.2809
411.5450 478.5609
411.7150 476.1109
410.1250 475.0409
411.1250 473.4909
409.1650 472.8009
407.9650 469.1509
409.2650 468.1309
409.0250 466.8809
404.8950 464.5309
406.5950 462.7509
404.4050 461.2209
407.1050 453.8709
405.4850 450.8909
407.2850 451.7809
408.4350 451.0209
408.3450 449.1009
406.6950 448.5109
408.5650 447.8809
407.6050 445.7009
404.3650 444.3609
404.3650 444.3609
404.1850 444.1809
404.1850 444.1809
403.2950 441.2309
404.3350 439.6109
402.3950 436.8509
407.3550 433.2909
406.9050 425.3609
409.3250 426.4209
409.9050 424.1409
411.8950 424.1109
415.7450 419.9109
420.5650 418.7409
426.3950 413.3509
423.2550 411.3609
425.2650 410.6209
424.6350 407.6309
426.8150 409.1809
428.6950 408.6609
431.3650 404.0609
432.3050 405.1709
434.0550 403.6809
433.5450 402.0509
435.4550 401.5709
437.2150 399.3209
435.1750 398.1609
434.7650 393.7509
432.9950 392.3309
435.8450 391.7909
436.9050 389.7609
439.1750 389.1209
439.6250 384.1209
442.0950 385.5509
443.6650 382.4809
443.6650 382.4809
443.6450 380.8909
442.2450 381.2809
441.0550 379.1009
441.3050 377.9409
438.5150 378.3909
437.7250 375.9609
435.6250 376.0109
435.0050 373.4409
436.3650 371.4509
435.6150 367.6309
431.7150 366.8609
430.4950 369.0309
428.7550 366.9109
423.9750 367.0009
422.3950 362.7109
422.3950 362.7109
421.6850 361.8509
419.6750 362.9809
417.3950 360.9709
417.7150 363.7609
414.1550 365.6009
414.3650 367.3309
411.8350 365.2509
409.1850 366.5909
409.4850 368.2509
408.1650 368.0709
408.1350 369.1909
405.6350 367.6909
405.2350 372.3709
403.4350 372.6909
406.6150 375.2109
405.0150 378.8309
405.0150 378.8309
404.4650 378.8309
404.4650 378.8309
402.9150 382.2009
401.5150 381.9909
401.1450 380.6709
399.9450 381.4409
401.3450 383.3909
400.5250 384.6409
397.9950 384.7509
399.0150 386.3709
398.3450 387.4409
394.4850 388.5509
389.4450 388.8709
387.6750 387.4709
388.4450 385.0909
378.4750 384.6709
377.5750 382.4209
375.5750 382.7409
374.8150 385.3309
373.5050 385.0409
373.8150 383.4409
372.3550 384.5609
372.3550 384.5609
371.8350 384.2809
371.8350 384.2809
369.9850 382.4809
367.9050 383.7009
367.2650 382.4309
365.5950 383.5009
361.0450 382.6809
361.8150 385.8009
361.0350 387.1509
360.4350 385.7409
359.2550 386.0009
358.7350 387.2909
360.0950 387.9809
358.0350 389.7809
356.7450 394.3509
354.6050 395.2609
354.9650 397.3309
353.5550 397.8509
353.9050 396.7309
351.5950 395.7309
350.0650 398.8309
347.9250 398.5009
349.6850 401.0509
348.8250 401.4809
349.5850 403.7309
347.8550 404.6809
348.2650 405.7109
344.7950 409.8209
343.2450 410.4309
341.6550 409.3309
341.0750 411.3009
341.0750 411.3009
339.7650 416.9109
342.0250 417.5809
340.7250 419.9209
343.8150 420.7809
343.1450 422.5809
345.1850 423.7909
344.6750 424.7209
347.0850 425.4609
345.4550 426.4809
346.0350 427.3209
342.5850 426.6209
343.2950 433.0609
340.2350 434.3309
342.2650 436.3309
340.6050 437.4809
344.0850 437.8109
344.0050 440.2109
344.0050 440.2109
345.7850 443.9809
347.5450 444.1409
347.6850 445.7009
348.9050 445.9209
348.3650 447.0109
352.0050 450.4109
350.8850 452.2409
348.1650 451.8509
348.2350 453.3209
350.3650 454.3909
348.8150 457.0709
349.7050 459.0209
353.1450 458.5009
354.9450 459.5509
354.9750 460.9609
353.5550 460.6909
352.8950 462.5909
352.2050 461.9709
351.0250 462.9709
352.0350 464.3609
350.6650 469.3609
356.1750 472.0809
359.2250 471.3509
359.4050 473.6009
362.2350 475.2909
363.7250 473.4209
366.9250 472.3309
366.9850 477.3009
368.2550 477.7609
367.1250 481.6709
368.7050 482.8009
367.4750 484.1009
368.6450 485.7809
366.3850 489.0309
367.1150 490.0409
370.1850 489.7409
370.6550 492.6209
373.0950 493.9609
375.7850 497.6809
373.9650 499.1509
375.9250 504.8209
376.0250 507.1109
374.4450 507.7409
375.0450 510.6409
375.0450 510.6409
378.2750 511.3109
383.9350 509.2709
390.2250 512.4409
394.1550 513.0109
393.6250 517.5609
394.5450 519.4209

Corse
110
563.6550  12.8909
564.8650  15.5709
567.6950  15.8609
569.4850  18.1209
565.1750  19.5909
563.9050  18.7909
563.6250  21.0809
560.8050  19.9909
560.7050  20.9709
558.8050  21.0409
561.7850  23.0409
561.0150  24.4709
563.4950  24.9909
563.9850  26.1509
562.6250  26.8509
564.1850  27.1509
563.7750  28.9509
564.7950  29.6509
562.5150  31.7609
561.3050  30.3609
556.6850  29.5709
557.3250  31.8609
556.0550  33.5409
558.3750  33.7309
558.8650  36.1709
562.4850  38.2409
560.5150  41.7309
558.8250  41.0709
556.8650  42.9809
555.5650  42.6109
555.7450  43.9209
554.5950  43.5909
556.0850  44.8509
554.7350  45.0309
555.5650  46.9409
553.8650  48.7209
560.2950  50.3609
558.8650  52.3609
556.5450  52.5409
556.9850  55.0109
554.4050  54.1209
554.0650  56.4309
556.7350  57.0609
556.5950  58.7309
558.6550  58.6709
558.3750  60.1909
559.6850  61.6809
558.3950  62.2209
559.1350  64.3009
561.3650  64.8409
560.7850  67.3209
561.5950  68.1709
561.6650  66.8609
562.8150  67.4309
564.2150  66.4309
564.7650  69.1709
567.4550  69.5009
570.1650  71.6509
573.6050  71.3509
575.4850  72.4809
575.3750  74.4609
578.1550  76.4409
582.1850  76.6509
585.3750  73.3509
587.2850  76.6909
587.1850  80.0109
585.8150  82.1609
587.0950  84.0009
586.3350  85.9309
587.9650  87.2909
587.0850  91.2409
590.5350  92.2209
592.2150  90.8109
593.4350  80.6709
591.4850  73.2509
595.0850  66.1109
596.1650  46.3609
595.7750  41.2309
590.0750  32.8809
589.0250  15.8209
587.1950  15.0809
587.7150  14.2309
585.7850  14.8809
584.5650  13.1009
584.9350  11.9209
586.2050  13.5809
588.3250  12.9909
587.2550  11.0409
584.3650   9.4609
584.5650   5.8009
582.2650   4.6009
581.6850   2.9909
584.0250   3.8109
583.7750   3.0009
582.1750   0.3909
580.4650   0.2609
579.5150   1.8109
576.8750   1.9109
578.0050   4.3109
575.9050   4.6709
576.2950   6.7009
574.6350   5.3509
572.9350   7.1909
572.3050   6.3009
569.6850   7.1409
567.8550   9.0809
566.4650   8.7209
566.9250  10.3309
564.1650  10.8209
564.8750  11.8809

Franche-Comté
142
443.6650 382.4809
445.6750 385.6609
446.8050 385.0909
445.4650 383.2309
446.3650 383.0909
448.5750 384.3609
450.1150 387.2709
454.0750 388.2509
454.0750 388.2509
454.1750 388.1809
454.1750 388.1809
454.6350 384.9809
456.9350 383.1709
456.9350 383.1709
456.9350 382.8509
456.9350 382.8509
464.6150 384.6209
466.5250 383.4509
468.3050 379.9809
473.4950 383.7109
475.2750 381.1109
483.1350 376.0509
483.1350 376.0509
484.3850 373.6209
487.4550 372.9109
491.4650 369.9509
491.8550 366.8109
490.1750 362.5409
493.5250 361.9709
495.8950 357.7909
495.4550 356.4609
495.4550 356.4609
489.2450 355.9109
490.0250 353.4309
487.4650 352.1609
484.9250 347.2609
490.6250 348.4909
491.9750 347.8409
492.2550 346.1009
490.3750 345.5409
489.8050 343.7109
487.5850 343.2509
488.0950 340.5309
483.3650 336.2109
484.0950 335.7809
483.2650 334.8209
477.6150 330.7509
478.2950 328.8609
474.2250 325.3409
469.0550 324.2109
466.3550 321.4109
467.6950 319.0409
466.3150 314.4009
467.2050 312.1509
453.0150 300.1909
454.9350 298.3009
451.4450 293.3409
451.1150 290.5409
451.1150 290.5409
443.0150 281.4709
437.0250 281.2409
436.5450 284.1409
433.7550 285.0309
433.6050 286.2609
429.2850 281.7009
426.5750 281.4509
426.6450 284.5209
425.0550 284.5109
424.5250 286.4609
423.6750 284.2209
421.9150 287.8009
422.5650 288.5209
419.3350 290.3709
419.9750 292.3609
419.9750 292.3609
420.3650 293.3709
424.2350 294.2009
424.3950 295.7309
421.8350 296.7709
421.7850 299.3309
423.6950 300.5009
423.3450 302.2309
425.2350 303.8709
423.3150 306.7209
423.2050 309.3409
421.8750 309.4209
423.1450 311.8709
420.4950 314.5909
426.2450 316.1109
423.6250 317.8009
423.4850 319.2509
420.5850 318.9509
419.1250 322.1109
417.8850 321.4509
417.4850 324.4509
420.1350 326.5609
418.3550 327.4009
418.7050 328.7609
422.9050 330.7709
425.1550 334.5609
425.1550 334.5609
425.1350 334.8709
425.1350 334.8709
427.1750 343.3209
428.4750 344.2109
426.5450 345.0209
426.5450 345.0209
426.4050 345.0209
426.4050 345.0209
427.4950 346.5209
427.0150 349.7109
427.0150 349.7109
426.8550 349.8109
426.8550 349.8109
425.1350 349.6909
425.1350 349.6909
424.8750 349.6909
424.8750 349.6909
425.1450 353.2309
422.1650 354.0909
423.8750 354.8709
423.0250 355.1109
423.5050 356.2009
425.5550 356.1209
427.5750 359.6609
425.2550 364.2409
423.3250 362.0709
422.3950 362.7109
422.3950 362.7109
423.9750 367.0009
428.7550 366.9109
430.4950 369.0309
431.7150 366.8609
435.6150 367.6309
436.3650 371.4509
435.0050 373.4409
435.6250 376.0109
437.7250 375.9609
438.5150 378.3909
441.3050 377.9409
441.0550 379.1009
442.2450 381.2809

Île-de-France
138
270.0750 464.1409
271.5750 463.6609
271.0550 461.8009
271.0550 461.8009
271.4350 461.8109
271.4350 461.8109
272.1850 460.5809
274.2150 461.2009
277.5250 459.7709
282.4550 460.6009
285.7350 462.7809
289.4550 459.8209
291.4450 460.8209
292.0450 459.0409
294.2250 459.5809
295.3950 461.2709
297.2150 458.8409
297.9350 459.5809
300.6350 458.7509
300.3950 457.9309
301.4650 458.4009
303.2850 456.9409
302.7250 456.2209
304.4650 455.8109
305.3050 457.3709
306.5950 454.5509
308.6450 456.3609
312.8450 453.3609
315.9250 455.6309
317.7350 453.9609
322.5950 455.3009
323.3750 454.0109
324.2650 455.3009
326.6550 454.9009
326.7950 456.9109
329.6350 456.2209
331.7950 452.6809
330.8250 450.2909
334.3050 447.7809
334.8550 445.6609
336.5250 446.2809
337.5250 443.7209
339.1250 445.0009
339.7650 441.4509
342.3650 440.7209
343.0050 439.2909
344.0050 440.2109
344.0050 440.2109
344.0850 437.8109
340.6050 437.4809
342.2650 436.3309
340.2350 434.3309
343.2950 433.0609
342.5850 426.6209
346.0350 427.3209
345.4550 426.4809
347.0850 425.4609
344.6750 424.7209
345.1850 423.7909
343.1450 422.5809
343.8150 420.7809
340.7250 419.9209
342.0250 417.5809
339.7650 416.9109
341.0750 411.3009
341.0750 411.3009
339.4750 411.9109
339.0150 410.1909
337.8150 410.0309
329.7150 410.2109
328.1750 408.7309
325.8450 409.3809
324.5150 406.0009
325.8450 402.5609
324.0650 399.9009
321.2850 398.4409
321.2750 397.1809
321.2750 397.1809
318.3350 396.7509
316.3950 395.1209
315.5450 397.5309
314.0450 396.5809
312.9450 397.4109
313.6850 396.0809
311.6650 394.7209
305.5950 395.8109
300.7950 394.7509
302.4350 397.2809
303.8650 397.4309
303.8450 401.0709
299.9650 403.1709
299.1550 406.6509
297.2750 406.1609
295.9750 407.7309
294.9850 406.8509
294.9850 406.8509
294.7650 406.4409
294.7650 406.4409
292.5450 405.5809
292.5650 407.6609
290.7950 408.4209
289.8950 406.3809
288.6650 406.6709
289.1550 405.5809
281.2250 404.9309
280.6150 406.2909
281.8750 409.5909
281.4350 411.9609
279.3750 412.2409
279.4750 415.4209
276.9650 414.3809
274.1350 416.0209
273.0650 418.9309
273.5350 421.4509
270.2950 422.9209
270.5450 425.2609
268.5150 425.2409
265.8650 428.4309
266.2850 429.9209
264.8250 430.8009
266.8950 433.5609
265.0150 434.4609
265.7150 439.3909
263.5350 441.3309
264.2550 442.6009
261.6850 445.7509
261.6850 445.7509
261.3250 447.4409
262.4250 448.1609
260.4050 447.9909
260.7450 450.4009
259.4850 452.8909
261.1550 452.7109
262.0350 454.9109
262.4850 453.8909
262.4850 453.8909
262.7050 453.8909
262.7050 453.8909

Languedoc-Roussillon
206
323.1350 185.8909
325.5150 190.0309
325.8050 194.9509
326.8950 197.1409
327.9950 196.9109
328.1850 198.7809
328.1850 198.7809
328.4250 198.7809
328.4250 198.7809
329.3450 200.9909
331.8450 198.5909
333.6850 200.0609
333.9250 202.8509
335.7450 202.3409
339.2850 205.1609
341.1150 203.2109
341.1850 200.6609
343.7250 195.4809
348.3150 196.4409
348.5150 199.3409
350.0250 199.6609
351.8250 198.2209
351.5550 196.6009
354.7450 197.1409
355.4750 194.9609
357.4850 192.8509
358.8750 193.2909
358.5750 191.8709
359.6450 191.6609
359.6450 191.6609
361.3750 182.9509
363.4350 181.5809
364.9150 175.8609
368.2650 171.9909
367.0850 171.1809
367.4050 167.0009
370.8050 168.0209
376.0950 163.8809
378.9650 168.1209
381.6950 168.5909
381.8450 165.3509
383.6050 164.9309
384.2350 168.1209
386.3950 168.4309
392.3750 164.2009
392.3750 164.2009
393.3550 161.0209
394.7750 160.9509
395.3650 159.4009
395.3250 153.3009
398.0650 152.3909
400.4750 147.9809
399.2050 147.9209
399.2150 146.4809
392.0550 140.9409
393.1250 139.6909
390.8550 132.8609
391.4850 130.5709
387.8350 131.8109
385.5650 131.2409
383.0950 127.0509
384.9950 126.3909
384.5650 125.0709
379.2450 121.9909
378.4150 123.1009
378.8250 121.5509
375.4250 119.9009
374.9850 117.6509
374.9850 117.6509
371.0250 119.1209
370.3650 120.4509
371.1950 121.7409
369.8650 122.9309
364.2650 122.5109
353.9850 114.2309
350.6350 113.2609
344.9350 106.6609
345.1350 107.6509
344.8650 106.7309
337.7150 107.9009
338.0850 106.7009
331.4150 101.2809
327.3350  94.6909
325.7650  89.5209
326.4650  86.8909
325.1450  74.8209
325.9050  65.6209
329.7950  64.2709
329.3350  62.3809
331.1650  59.7209
327.4950  59.2009
325.6050  61.8709
322.5450  61.4409
321.7150  62.3809
320.4950  60.9309
317.2450  61.0709
314.7050  58.4409
312.8450  59.1209
310.4050  58.0309
309.4550  57.0009
310.2850  54.4309
306.3350  55.4209
304.4050  53.9909
302.4050  54.4009
300.3650  57.3809
293.0550  59.8809
290.7550  58.6309
288.8450  59.0709
285.9350  55.6409
283.0750  54.8509
280.8750  56.7609
279.6550  60.7209
277.4350  60.5109
275.0350  62.6409
271.1150  63.0909
271.5050  66.5009
273.5050  67.5409
273.5050  67.5409
276.9350  67.8909
278.2450  69.8609
281.2750  69.9609
282.2850  72.4509
289.1750  72.5609
289.7150  73.5709
285.9050  77.5309
282.5550  76.5209
278.7850  77.9009
279.3050  78.8909
276.5250  81.5809
277.1950  83.2209
281.8150  84.2409
281.5550  87.5809
279.6450  88.3009
280.6250  89.5409
282.6550  89.4509
281.1150  92.0409
281.7750  93.4309
279.9550  94.4509
280.8550  95.4409
280.3950  97.9409
278.8550  99.1009
277.8050  98.0909
276.1950 100.6009
276.1850  99.8109
273.3950 100.1309
270.2550 102.3409
270.9150 104.2609
269.4450 107.0209
271.3750 109.3409
270.8150 110.9009
274.6050 110.8809
274.1050 113.8009
276.2050 116.6509
277.9650 114.0009
278.9250 115.4209
278.9250 115.4209
279.1650 115.4009
279.1650 115.4009
281.8650 114.7309
283.8850 116.2709
285.3450 114.0009
289.4050 115.1809
291.2450 113.3209
291.5250 116.0409
293.0450 117.6509
298.7850 115.1709
300.2550 116.2809
307.5450 116.0109
310.0550 118.2409
310.3150 120.8609
307.8750 123.7509
309.1250 129.1009
312.2150 128.2309
313.6750 126.4809
319.9450 128.8009
320.6150 130.8009
323.2150 131.8909
326.3650 130.9709
326.4850 139.1009
332.7050 137.9009
334.1950 138.8109
333.6150 140.7109
334.8350 142.5309
338.1150 142.5009
338.7150 145.6709
342.1650 148.5209
342.4450 150.0409
339.9750 151.9009
338.4250 151.4309
337.5250 153.0509
336.0450 152.4709
334.7350 153.9109
337.2050 154.7809
337.7450 157.6709
339.3150 158.3209
338.8950 160.1209
332.3450 159.5309
333.4250 161.8709
330.5450 162.7009
330.1750 164.4609
328.8750 163.7209
330.2550 166.3609
328.8150 169.5509
329.8550 173.8909
326.6150 177.6309
327.4050 180.9009

Languedoc-Roussillon
3
280.2050  61.1109
282.4250  60.5209
281.4250  62.7509

Limousin
125
248.2550 288.6809
249.5450 288.9909
249.9350 287.5309
253.4650 287.8709
253.8650 289.2809
255.5550 289.5709
258.1050 286.3509
262.6950 291.1909
263.4850 289.1409
266.1650 290.8709
266.9550 288.8709
269.3250 290.6909
271.1250 289.0009
272.4150 291.1109
271.8950 292.6009
273.3650 292.9809
275.6950 291.1309
281.4950 292.1709
286.0450 290.1809
290.5350 291.2909
294.0150 290.7709
294.0150 290.7709
294.3050 288.4709
296.2350 287.9209
294.9250 286.1809
297.5250 284.2109
298.4750 285.4809
299.8750 282.5809
300.2950 283.3609
302.4050 282.4009
305.8750 274.9409
305.2250 270.8109
307.3650 267.7609
307.7750 264.0109
305.8150 263.1009
305.4950 260.5409
302.8350 257.5809
301.5150 257.7609
301.5150 257.7609
301.3350 257.7209
301.3350 257.7209
298.5050 255.2909
304.1250 248.4609
304.0450 244.4309
302.5650 244.3509
301.5350 241.7009
303.8750 239.2309
302.6150 231.2509
304.3050 229.6509
302.3250 228.3509
296.8450 230.8209
297.3050 226.3909
290.4250 219.6109
290.7050 217.2409
292.0150 216.3109
289.8250 214.6409
289.5550 211.4209
286.4650 210.1209
288.3050 206.6909
286.9250 205.5409
286.9250 205.5409
286.5750 205.6309
286.5750 205.6309
284.9250 205.2009
284.9250 205.2009
281.7950 205.1009
280.2250 203.8209
278.5750 205.3009
274.1750 202.0909
272.0350 202.9409
267.7150 208.2809
263.5350 208.3509
263.2150 209.3709
259.4750 207.7909
259.4750 207.7909
256.5650 212.8009
257.9750 213.9609
253.6750 214.4409
251.4650 216.3509
251.4650 216.3509
251.6750 216.3809
251.6750 216.3809
252.8850 217.7009
250.3350 218.6209
252.4150 221.5409
250.3150 222.6209
250.7050 225.5309
251.8850 225.5909
254.3450 228.8809
251.5250 230.2509
253.0550 232.0809
245.8850 234.5809
247.7750 237.5309
245.6750 238.8309
244.4150 237.8409
241.6150 242.5509
236.5950 241.9809
235.4150 243.2609
233.0650 240.4309
230.5450 242.9609
231.5150 245.9009
229.2750 247.5709
226.4650 247.1409
225.5050 248.4309
225.5050 248.4309
229.0150 251.5209
228.8850 254.0109
231.8250 253.2609
233.6450 258.6809
233.0250 261.5809
235.9350 261.0509
238.6350 263.8809
237.7150 266.2909
236.0350 267.6209
234.9550 266.7909
233.1350 268.7009
233.9850 271.4309
232.9650 273.0409
234.5050 273.8809
232.2650 278.3609
234.6750 279.4809
236.8150 282.9109
241.0950 282.4109
242.8750 287.3509
246.2550 286.4509

Lorraine
187
424.3050 487.6609
425.8350 485.5509
426.5550 481.1009
430.0350 483.1509
432.3150 481.7009
433.5950 484.4309
437.8950 483.7109
439.0250 485.2609
441.6850 483.9509
442.9950 481.1509
447.0450 480.8109
447.6850 478.1009
450.1750 477.8809
451.4750 479.1209
452.5950 478.2609
453.7150 480.7809
458.3550 482.1109
463.5750 478.6709
466.2350 479.7209
471.5450 476.2209
470.8450 475.0109
473.3850 472.6809
471.9850 471.5009
476.2550 467.2409
475.8750 465.9009
477.0650 465.3209
477.3350 463.1809
478.5050 463.3309
478.0050 461.3709
479.1250 459.9109
483.1450 459.2109
484.2450 460.9609
483.2550 462.9809
487.4150 463.6209
491.3650 461.5809
492.0850 456.7209
494.0650 459.3509
496.4650 457.1109
500.1550 457.7109
502.1450 456.7609
503.4850 458.5709
504.9950 458.5509
505.0950 460.3309
508.4050 461.1009
508.0350 459.9009
510.4550 460.1709
511.8750 455.6609
516.1650 454.1309
516.3950 452.9109
516.3950 452.9109
513.9750 446.8209
512.2450 445.2709
508.7250 447.5409
503.4850 445.9609
502.0250 446.7309
502.1650 447.8809
495.1850 449.9009
494.0150 454.4109
492.7350 453.6509
491.2750 446.7609
489.5350 447.0809
489.0450 445.3109
487.6050 445.3209
488.0550 442.8109
491.9550 441.6209
492.0350 440.6409
493.8850 440.8609
492.0550 439.7009
492.0950 437.9309
493.6350 437.6509
493.1850 435.9609
495.1850 437.0609
496.3050 439.7809
500.7350 438.3309
500.2850 437.4309
503.0150 434.8809
500.0150 430.1609
500.9750 428.3009
502.5950 428.1509
499.0150 421.4109
496.8050 419.8609
492.6450 419.6609
495.5050 418.0009
493.6650 418.3609
494.8050 416.5409
493.4650 411.7909
494.4350 410.5009
493.0950 408.9309
494.7950 407.7409
497.4150 408.1409
498.2150 406.3109
492.4150 396.0509
493.1350 393.8309
489.9550 388.3709
487.6050 387.0209
486.2750 382.0509
486.9950 381.4609
485.6350 380.2909
486.5950 377.7609
483.1350 376.0509
483.1350 376.0509
475.2750 381.1109
473.4950 383.7109
468.3050 379.9809
466.5250 383.4509
464.6150 384.6209
456.9350 382.8509
456.9350 382.8509
456.9350 383.1709
456.9350 383.1709
454.6350 384.9809
454.1750 388.1809
454.1750 388.1809
454.0750 388.2509
454.0750 388.2509
450.1150 387.2709
448.5750 384.3609
446.3650 383.0909
445.4650 383.2309
446.8050 385.0909
445.6750 385.6609
443.6650 382.4809
443.6650 382.4809
442.0950 385.5509
439.6250 384.1209
439.1750 389.1209
436.9050 389.7609
435.8450 391.7909
432.9950 392.3309
434.7650 393.7509
435.1750 398.1609
437.2150 399.3209
435.4550 401.5709
433.5450 402.0509
434.0550 403.6809
432.3050 405.1709
431.3650 404.0609
428.6950 408.6609
426.8150 409.1809
424.6350 407.6309
425.2650 410.6209
423.2550 411.3609
426.3950 413.3509
420.5650 418.7409
415.7450 419.9109
411.8950 424.1109
409.9050 424.1409
409.3250 426.4209
406.9050 425.3609
407.3550 433.2909
402.3950 436.8509
404.3350 439.6109
403.2950 441.2309
404.1850 444.1809
404.1850 444.1809
404.3650 444.3609
404.3650 444.3609
407.6050 445.7009
408.5650 447.8809
406.6950 448.5109
408.3450 449.1009
408.4350 451.0209
407.2850 451.7809
405.4850 450.8909
407.1050 453.8709
404.4050 461.2209
406.5950 462.7509
404.8950 464.5309
409.0250 466.8809
409.2650 468.1309
407.9650 469.1509
409.1650 472.8009
411.1250 473.4909
410.1250 475.0409
411.7150 476.1109
411.5450 478.5609
409.3850 481.2809
410.6050 483.5609
410.6050 483.5609
410.6750 483.9409
410.6750 483.9409
411.6050 487.1209
412.8850 487.0209
413.7250 485.2509
416.6850 485.6609
417.8250 483.9009
423.3650 488.6709

Midi-Pyrénées
10
194.7550 109.1609
194.9950 109.0009
194.9950 109.0009
196.0250 106.4809
194.2950 105.2409
193.5150 106.9909
194.3250 108.9209
194.3250 108.9209
194.6150 109.1409
194.6150 109.1409

Midi-Pyrénées
9
195.9750 112.5809
196.2150 109.0109
196.2150 109.0109
195.5250 109.1809
195.5250 109.1809
194.5250 110.1409
195.7350 110.6309
195.5750 112.7809
195.5750 112.7809

Midi-Pyrénées
257
259.4750 207.7909
263.2150 209.3709
263.5350 208.3509
267.7150 208.2809
272.0350 202.9309
274.1750 202.0809
278.5750 205.2909
280.2250 203.8109
281.8050 205.0909
284.9250 205.1909
284.9250 205.1909
286.6450 201.9609
286.1550 199.2209
289.4950 194.2809
287.7550 188.9209
288.9750 188.8709
289.4650 185.5509
290.8550 184.3409
291.3850 186.2209
294.6350 187.2809
295.9550 187.4009
297.0150 185.6609
302.4750 186.2509
303.1250 188.4709
305.6450 190.2809
305.2250 192.2209
307.3250 194.4809
307.4950 197.6109
312.9950 203.1909
314.5450 201.4809
314.4850 198.2009
318.0850 199.2809
319.2750 194.3209
320.6150 194.5809
321.3050 193.4409
320.2450 192.7009
321.2950 187.9609
323.1550 185.9009
323.1550 185.9009
327.4650 180.9509
326.6750 177.6809
329.9150 173.9409
328.8750 169.6009
330.3150 166.4109
328.9350 163.7709
330.2350 164.5109
330.6050 162.7509
333.4850 161.9209
332.4050 159.5809
338.9550 160.1709
339.3750 158.3709
337.8050 157.7209
337.2650 154.8309
334.7950 153.9609
336.1050 152.5209
337.5850 153.1009
338.4850 151.4809
340.0350 151.9509
342.5050 150.0909
342.2250 148.5709
338.7750 145.7209
338.1750 142.5509
334.8950 142.5809
333.6750 140.7609
334.2550 138.8609
332.7650 137.9509
326.5450 139.1509
326.4250 131.0209
323.2750 131.9409
320.6750 130.8509
320.0050 128.8509
313.7350 126.5309
312.2750 128.2809
309.1850 129.1509
307.9350 123.8009
310.3750 120.9109
310.1150 118.2909
307.6050 116.0609
300.3150 116.3309
298.8450 115.2209
293.1050 117.7009
291.5850 116.0909
291.3050 113.3709
289.4650 115.2309
285.4050 114.0509
283.9450 116.3209
281.9250 114.7809
279.2250 115.4509
279.2250 115.4509
278.9850 115.4709
278.9850 115.4709
278.0250 114.0509
276.2650 116.7009
274.1650 113.8509
274.6650 110.9309
270.8750 110.9509
271.4350 109.3909
269.5050 107.0709
270.9750 104.3109
270.3150 102.3909
273.4550 100.1809
276.2450  99.8609
276.2550 100.6509
277.8650  98.1409
278.9150  99.1509
280.4550  97.9909
280.9150  95.4909
280.0150  94.5009
281.8350  93.4809
281.1750  92.0909
282.7150  89.5009
280.6850  89.5909
279.7050  88.3509
281.6150  87.6309
281.8750  84.2909
277.2550  83.2709
276.5850  81.6309
279.3650  78.9409
278.8450  77.9509
282.6150  76.5709
285.9650  77.5809
289.7750  73.6209
289.2350  72.6109
282.3450  72.5009
281.3350  70.0109
278.3050  69.9109
276.9950  67.9409
273.5650  67.5909
273.5650  67.5909
273.8050  68.3609
271.0350  68.4909
271.4450  69.9909
265.7750  70.5409
263.7550  72.1809
260.8250  71.9509
260.7350  69.8509
259.0650  69.2109
255.7150  75.7509
250.5050  76.2309
247.9650  75.1509
244.2250  79.6409
240.2650  79.5409
239.2850  80.6209
237.8650  79.6909
228.8150  83.7809
226.7650  82.5209
227.2250  80.6009
226.1750  79.3709
227.0750  78.9409
226.0550  77.7909
227.5450  76.1909
227.4450  74.2009
224.1850  75.0209
216.9250  74.1809
214.3350  76.0509
211.6050  73.2009
210.1650  75.5809
206.7050  76.7709
199.3050  73.8409
197.0350  74.2509
196.5450  75.6709
194.7350  76.1409
192.7450  80.2009
191.6050  79.5809
186.4150  83.1009
186.4150  83.1009
185.8250  86.9309
187.7450  87.8709
187.4650  91.9009
188.5950  93.7009
191.9450  94.5309
191.4050  98.0609
193.3550  98.8909
194.5450 101.7909
196.6050 101.6209
196.3850 104.2309
197.3750 103.9909
198.7050 106.9409
197.5050 108.7009
200.6550 111.2509
199.2750 112.7309
199.3950 116.8909
196.6350 114.9309
196.6950 117.9009
198.6650 118.4109
196.6750 122.7409
195.5450 122.4709
195.4250 124.6709
192.0750 125.4909
189.5250 124.7109
189.1650 126.6009
187.8250 126.7509
187.7350 128.1609
189.3850 128.8309
189.0650 131.8309
191.3550 133.5509
190.0350 137.6109
191.4050 137.7109
190.7750 140.4509
191.6950 141.0609
189.4850 142.7409
191.9750 145.1309
195.4450 144.5109
197.9150 147.7209
199.7050 145.9809
198.5550 144.5509
201.8750 142.6609
202.5850 143.8409
201.7350 146.4109
204.6950 148.7309
205.9250 147.0709
207.3850 149.5009
209.0150 149.9009
211.9050 148.1009
212.4950 149.1809
217.8050 150.3109
218.5850 151.8809
222.5250 151.8309
224.0650 153.2809
227.0050 150.0609
230.1750 152.2109
230.9050 154.8409
232.6250 155.0509
232.2550 156.9209
235.2850 155.9409
236.6150 156.5909
236.2550 158.7309
234.9250 159.2509
237.1350 159.6309
238.9650 164.4509
235.5850 166.5109
236.7050 170.6109
237.7050 170.7809
238.5750 168.5309
239.0150 169.4809
243.5650 169.7109
243.3250 173.2409
241.7550 174.2809
241.7350 177.8309
240.2650 179.9909
241.6650 179.5809
245.3550 181.6909
244.9550 182.8609
247.4050 185.5009
247.1550 187.3009
250.2850 188.1009
254.1050 191.3909
253.3750 194.6409
256.1850 195.5209
256.0150 197.4209
259.2650 199.5009
258.1050 201.3609
259.3050 201.7109
258.1350 206.2009
258.1350 206.2009
257.9650 206.8909
257.9650 206.8909

Nord-Pas-de-Calais
124
305.6950 581.9709
306.2250 578.5109
308.6350 574.8809
306.9050 573.0609
307.2950 568.4609
308.7750 566.0209
312.4150 565.8809
315.3750 560.2409
317.5450 560.1409
320.0250 558.1309
321.9350 562.0409
330.1750 564.5309
331.8350 560.2909
334.7150 558.7509
333.8250 555.9009
335.9950 547.1909
339.5050 545.0309
342.4650 546.0309
343.6050 547.7709
345.4350 547.1409
344.6750 544.7809
349.1550 545.3509
351.3150 542.7909
351.2450 537.1609
353.3150 532.9809
354.9550 535.9709
359.2150 536.0309
361.3650 534.4009
366.4550 536.4809
368.6050 533.3609
370.2950 532.8809
371.1550 529.9309
372.3850 529.9509
372.1850 531.9509
374.1050 530.8409
374.6350 529.5909
371.7150 527.0109
371.8950 523.7909
370.7950 521.8809
373.7750 521.8409
375.0250 517.7309
372.1150 516.3709
371.3550 511.9609
371.3550 511.9609
369.0350 511.2809
364.6050 512.8409
364.6750 516.1109
360.7450 513.8709
360.1050 515.6909
353.5650 517.7709
351.4550 516.7409
351.2750 515.1909
349.3850 514.9009
346.4750 516.8109
344.2750 514.4509
338.9950 515.6509
337.5750 514.3109
335.4350 514.2109
334.6450 515.3809
331.0650 514.0309
327.8150 516.6909
324.4950 517.1009
322.6950 515.9709
320.5850 516.4509
318.2450 514.6109
317.9850 518.2809
313.3950 516.1109
314.7750 520.4609
312.6550 521.4009
311.7250 521.4709
311.5750 518.5109
306.2650 520.5809
306.3450 522.3109
305.2950 522.4809
304.4950 520.6209
303.7250 522.3709
302.3350 522.2009
299.7450 518.9109
297.9750 520.3409
298.4650 523.1809
302.9050 525.8209
301.0950 528.1409
299.2250 528.4109
297.2450 526.5909
296.1550 528.6909
295.9350 527.0109
293.5650 528.0309
288.5550 525.5409
287.7250 526.7909
285.8850 526.2109
285.5150 529.5409
280.1050 531.8509
279.5050 532.6009
280.8950 534.0309
280.1450 534.6509
278.5350 533.3809
274.2350 536.5709
268.4350 534.5709
267.4650 536.0109
267.4650 536.0109
263.8250 539.1509
265.1650 548.1109
267.1750 546.4809
264.7350 550.1309
264.1650 560.3609
264.3350 561.3209
264.7150 559.7509
265.4650 560.7809
266.2850 565.4509
264.9350 569.8709
268.2650 570.8509
271.7350 574.6809
276.9650 576.3809
275.7450 576.6109
286.2850 579.3309
286.8150 578.6509
289.0150 580.9109
288.5550 579.7309
289.8350 578.5109
290.5250 580.9109
290.8650 580.1409
297.0250 582.2509
298.1750 581.4209
304.9750 584.2109

Basse-Normandie
154
119.0650 495.7009
121.0450 494.3709
122.5050 495.1309
123.6450 493.3809
132.2150 491.3509
132.0150 489.8709
132.5350 491.2809
137.5650 491.9909
138.1450 493.8309
146.7850 493.7809
148.2850 488.0709
147.2050 488.4509
146.4750 485.7909
146.4950 486.6809
145.4250 486.4809
144.9450 484.2709
150.8750 475.3109
149.4250 470.6909
151.3750 472.4709
152.9950 471.2809
154.7050 474.2009
159.2450 474.6809
167.9650 471.6009
182.9650 470.5909
187.7350 468.0209
189.2250 468.5509
190.0850 467.2609
199.2750 470.0609
204.6050 474.9209
208.6150 476.6109
203.9350 476.8109
211.1750 476.9209
211.1750 476.9209
212.8650 471.0209
211.6450 469.4909
212.8050 468.2609
212.2250 467.4309
214.4350 468.3009
215.3050 467.5609
215.3050 466.2109
212.6850 465.2009
215.7550 462.8109
215.3650 459.2309
217.3550 458.4209
216.0050 456.2409
216.7950 454.2909
214.6250 452.8609
217.9650 450.5209
215.3150 443.9809
218.1850 441.8809
222.2450 441.6009
223.4850 442.7709
223.8550 441.4509
224.9350 441.8209
224.7150 440.3709
225.8050 440.3509
224.6850 438.9509
230.8050 434.8709
231.4650 433.0109
229.5550 431.0809
231.2850 430.3509
231.3650 428.7309
233.2250 428.7609
233.2250 428.7609
233.3750 425.1309
239.4950 419.6009
238.2250 416.6609
239.8850 414.4109
237.3250 410.1809
231.3350 407.0409
230.7250 405.6209
232.8350 404.9709
232.0850 403.2209
233.8350 400.2809
232.4850 399.0809
232.4850 399.0809
230.0050 398.7109
226.5050 403.4109
225.8950 401.5009
221.6050 402.4809
219.6950 406.3009
219.2750 405.5809
215.6550 407.0309
215.2450 413.4509
211.8650 416.9509
205.3750 415.5009
205.8950 414.5009
202.3350 412.4509
201.7850 410.5209
199.3350 411.7509
197.2550 410.3309
197.2650 415.1109
193.2750 415.4709
192.1550 418.8209
193.3250 419.9109
190.7550 422.1409
189.0150 422.1809
189.3350 420.4309
188.0850 418.6209
186.0150 419.5609
184.6850 417.1709
182.8750 418.7809
178.1750 418.7209
176.4650 416.4809
172.3050 414.6709
171.8050 417.2409
170.7550 416.1809
169.0350 416.5009
169.7350 415.0309
167.8150 414.1609
167.0350 415.9909
165.5850 415.3609
164.2750 418.1109
161.6350 417.9409
159.6950 419.2309
157.6850 417.4809
154.9650 418.6609
154.9650 418.6609
147.3350 420.8909
143.1750 416.2009
140.3750 415.7009
137.5850 417.4609
134.1250 426.5509
134.1250 426.5509
136.5950 425.6509
136.6450 426.7509
137.4950 425.8209
140.1850 427.0809
143.1750 426.4209
140.7650 428.1009
141.8150 429.1309
139.2750 427.8509
134.2250 433.6109
134.0450 438.3109
132.3850 439.1509
135.4350 445.2409
134.5250 445.8309
134.7350 451.2009
136.9350 450.8209
134.6150 451.9409
133.8750 449.5409
132.9750 451.9509
132.3550 463.3209
134.2950 463.5109
132.3450 464.3309
131.8350 462.7609
128.4950 470.3309
124.2350 473.1309
122.6450 481.4909
120.9950 483.4209
122.9550 485.7709
122.6250 489.6209
121.5150 491.4009
118.5250 492.4209

Haute-Normandie
115
256.5550 517.4009
259.5150 517.7709
259.6650 515.8009
270.4450 505.9709
271.3650 501.3609
273.5150 497.9909
271.9950 498.0509
269.4950 493.6609
270.2050 492.7609
272.0850 493.6609
269.8350 490.4209
270.8250 489.0809
269.9750 486.4709
269.9750 486.4709
269.7950 486.4709
269.7950 486.4709
271.9650 483.6409
270.6750 481.4509
271.8150 480.5309
272.4250 481.9509
273.7050 481.4509
272.9450 479.2909
272.9450 479.2909
272.5450 479.0309
272.5450 479.0309
270.5350 475.3109
271.6050 475.2009
270.8450 474.4209
272.4850 472.6809
272.9550 467.9409
274.2650 466.8509
273.6450 465.0409
272.3550 466.7109
270.3350 466.2209
270.1050 464.1309
270.1050 464.1309
266.7250 454.9009
262.7250 453.8809
262.7250 453.8809
262.5050 453.8709
262.5050 453.8709
262.0550 454.8909
261.1750 452.6809
259.5050 452.8609
260.7650 450.3709
260.4250 447.9709
262.4450 448.1309
261.3350 447.4109
261.7050 445.7209
261.7050 445.7209
259.4950 444.6709
260.0050 441.4109
255.9250 439.0609
256.3550 435.7109
254.6950 434.4509
250.1350 434.2509
245.9350 436.2209
245.6850 433.5309
243.5250 434.2709
241.2950 432.2009
241.2950 432.2009
240.4350 432.2009
240.4350 432.2009
235.7650 431.5909
235.2350 429.8509
233.2350 428.7309
233.2350 428.7309
231.3750 428.7009
231.2950 430.3209
229.5650 431.0509
231.4750 432.9809
230.8150 434.8409
224.6950 438.9209
225.8150 440.3209
224.7250 440.3409
224.9450 441.7909
223.8650 441.4209
223.4950 442.7409
222.2550 441.5709
218.1950 441.8509
215.3250 443.9509
217.9750 450.4909
214.6350 452.8309
216.8050 454.2609
216.0150 456.2109
217.3650 458.3909
215.3750 459.2009
215.7650 462.7809
212.6950 465.1709
215.3150 466.1809
215.3150 467.5309
214.4450 468.2709
212.2350 467.4009
212.8150 468.2309
211.6550 469.4609
212.8750 470.9909
211.1850 476.8909
211.1850 476.8909
211.5950 478.0209
210.6150 477.2609
204.0850 479.2709
202.1050 481.8109
205.6950 490.4709
204.4850 492.0809
205.7950 491.4809
207.9450 494.8309
213.3350 496.9909
223.7050 504.0309
231.4250 505.2109
239.1950 508.5009
241.6450 507.7909
244.3550 509.0109
244.7750 507.8709
244.5050 509.1309
248.9550 511.2509

Pays_de_la_Loire
9
105.6650 327.5109
107.3050 326.3609
106.7150 324.3109
109.8250 322.7409
110.1250 319.4309
107.6950 323.2809
105.4850 323.3709
103.8750 325.3009
103.5950 327.3309

Pays_de_la_Loire
218
154.9250 418.6509
157.6450 417.4709
159.6550 419.2209
161.5950 417.9309
164.2350 418.1009
165.5450 415.3509
166.9950 415.9809
167.7750 414.1509
169.6950 415.0209
168.9950 416.4909
170.7150 416.1709
171.7650 417.2309
172.2650 414.6609
176.4250 416.4709
178.1350 418.7109
182.8350 418.7709
184.6450 417.1609
185.9750 419.5509
188.0450 418.6109
189.2950 420.4209
188.9750 422.1709
190.7150 422.1309
193.2850 419.9009
192.1150 418.8109
193.2350 415.4609
197.2250 415.1009
197.2150 410.3209
199.2950 411.7409
201.7450 410.5109
202.2950 412.4409
205.8550 414.4909
205.3350 415.4909
211.8250 416.9409
215.2050 413.4409
215.6150 407.0209
219.2350 405.5709
219.6550 406.2909
221.5650 402.4709
225.8550 401.4909
226.4650 403.4009
229.9650 398.7009
232.4450 399.0709
232.4450 399.0709
237.3450 395.6309
234.6550 395.2909
234.2550 393.4609
233.0950 393.1909
234.4150 392.9009
234.3250 391.5209
232.2750 391.3709
232.4250 389.3009
234.2850 388.8409
233.3050 386.1409
234.5650 383.3009
233.1750 382.8109
233.0050 380.1109
232.1150 381.5609
230.9150 380.8709
231.2450 376.6409
228.0850 373.6309
228.4750 372.6309
225.3650 371.7009
223.6650 369.6109
224.0850 367.8009
225.0450 368.0909
224.1050 366.7909
218.6150 365.1409
218.0050 363.5609
215.2650 365.0609
214.4850 363.5909
216.0850 361.0709
215.2750 360.5509
208.9950 362.6909
208.9950 362.6909
209.0450 362.1709
209.0450 362.1709
207.3950 358.6509
208.7250 357.9309
208.5350 356.2609
205.6850 350.1009
206.9050 349.0109
202.5450 342.9009
201.5950 335.7409
201.5950 335.7409
200.1150 336.4109
199.0150 335.5009
197.8050 331.0209
195.7250 331.8809
193.9350 329.0509
191.8650 330.0309
193.3850 332.0509
191.6650 332.3509
190.8150 331.4909
188.2750 332.1909
182.8450 331.3109
182.3850 329.8209
179.3250 329.0109
180.2250 330.7209
178.7650 330.8409
176.2050 329.6609
176.7350 327.7409
174.4450 325.5809
171.4850 325.9609
169.6550 324.7909
166.6350 326.0909
163.9350 323.9309
162.1250 324.2109
163.4750 323.4509
162.8650 322.4709
164.1250 322.4309
163.6450 321.7709
165.7950 320.9609
164.8350 318.7709
167.1450 316.0509
167.1450 316.0509
167.3150 316.0509
167.3150 316.0509
168.9650 314.9409
168.9650 314.9409
169.2550 314.9409
169.2550 314.9409
170.3450 314.2309
169.5150 313.4609
169.5150 313.4609
169.5550 313.2109
169.5550 313.2109
169.4550 310.9609
172.0950 307.6309
171.1250 306.7909
172.8950 305.4109
171.9950 303.7809
173.7750 302.9009
173.2350 300.1209
174.2050 297.5309
172.3950 296.8109
174.0250 292.8709
172.6650 289.4209
173.5350 289.0409
174.1450 290.3809
176.9050 288.6409
172.4150 284.5509
170.3250 285.0609
169.3250 283.6609
164.9450 285.7809
164.9450 285.7809
164.7650 286.0409
164.7650 286.0409
163.9850 284.5609
162.4650 285.1209
160.6050 284.1309
159.3750 284.8709
160.6850 287.7809
155.5450 286.5109
154.6650 284.5609
152.9650 284.5209
152.9650 284.5209
149.4050 284.4209
149.2350 281.7209
144.6850 285.5609
145.5250 282.9909
143.5350 286.0509
138.3750 286.0609
136.4350 289.7509
130.8550 290.7209
124.0250 295.2109
122.2250 302.2109
118.4450 307.4909
110.3850 315.0009
109.9750 319.0809
111.6950 319.2309
111.3250 320.2609
114.9050 323.8909
115.1050 326.3409
117.2050 327.5509
112.1850 332.7809
106.0650 333.8709
109.4250 336.0409
109.2150 341.8709
107.5450 342.2309
103.9050 339.9509
100.7450 342.7209
 98.4150 341.5009
 93.7150 343.4409
 95.2150 344.5609
 95.3350 346.3709
 93.1050 348.5709
 97.2850 351.5809
 97.3050 353.0709
 97.3050 353.0709
 98.7350 354.8409
 99.6350 353.5709
103.1350 353.8609
103.9150 357.2409
106.1450 355.9109
108.6350 357.0209
109.5250 355.6209
109.7850 357.5709
112.2450 358.2609
112.9250 365.4409
117.4350 368.1409
118.1950 366.7609
122.1350 369.0509
130.4450 369.1109
132.0150 372.4309
138.2050 374.8609
137.9650 376.8509
141.7250 376.4109
142.7550 374.6209
147.5950 373.2309
151.3950 384.8509
157.1450 387.2209
154.7350 399.4809
154.7350 399.4809
154.5650 399.6409
154.5650 399.6409
153.6350 403.5509
155.9550 407.4509
154.4650 412.8009

Picardie
196
266.9150 536.4809
267.5050 536.0109
267.5050 536.0109
268.4750 534.5709
274.2750 536.5709
278.5750 533.3809
280.1850 534.6509
280.9350 534.0309
279.5450 532.6009
280.1450 531.8509
285.5550 529.5409
285.9250 526.2109
287.7650 526.7909
288.5950 525.5409
293.6050 528.0309
295.9750 527.0109
296.1950 528.6909
297.2850 526.5909
299.2650 528.4109
301.1350 528.1409
302.9450 525.8209
298.5050 523.1809
298.0150 520.3409
299.7850 518.9109
302.3750 522.2009
303.7650 522.3709
304.5350 520.6209
305.3350 522.4809
306.3850 522.3109
306.3050 520.5809
311.6150 518.5109
311.7650 521.4709
312.6950 521.4009
314.8150 520.4609
313.4350 516.1109
318.0250 518.2809
318.2850 514.6109
320.6250 516.4509
322.7350 515.9709
324.5350 517.1009
327.8550 516.6909
331.1050 514.0309
334.6850 515.3809
335.4750 514.2109
337.6150 514.3109
339.0350 515.6509
344.3150 514.4509
346.5150 516.8109
349.4250 514.9009
351.3150 515.1909
351.4950 516.7409
353.6050 517.7709
360.1450 515.6909
360.7850 513.8709
364.7150 516.1109
364.6450 512.8409
369.0750 511.2809
371.3950 511.9609
371.3950 511.9609
375.0950 510.6409
375.0950 510.6409
374.4950 507.7509
376.0750 507.1109
375.9750 504.8209
374.0150 499.1509
375.8350 497.6809
373.1450 493.9709
370.6950 492.6309
370.2350 489.7509
367.1550 490.0509
366.4250 489.0409
368.6850 485.7909
367.5150 484.1109
368.7350 482.8109
367.1650 481.6809
368.2950 477.7709
367.0250 477.3109
366.9650 472.3409
363.7550 473.4309
362.2750 475.2909
359.4450 473.6009
359.2650 471.3509
356.2150 472.0809
350.7150 469.3609
352.0750 464.3609
351.0750 462.9709
352.2450 461.9709
352.9350 462.6009
353.6050 460.6909
355.0250 460.9609
354.9950 459.5509
353.1850 458.5009
349.7450 459.0109
348.8550 457.0609
350.4050 454.3809
348.2750 453.3109
348.2050 451.8409
350.9250 452.2309
352.0550 450.4109
348.4150 447.0009
348.9550 445.9209
347.7350 445.6909
347.5950 444.1309
345.8350 443.9709
344.0650 440.2109
344.0650 440.2109
343.0650 439.2909
342.4150 440.7209
339.8150 441.4509
339.1750 445.0009
337.5650 443.7309
336.5650 446.2909
334.8950 445.6709
334.3450 447.7909
330.8550 450.3009
331.8250 452.6909
329.6650 456.2309
326.8250 456.9209
326.6850 454.9109
324.2950 455.3109
323.4050 454.0109
322.6250 455.3109
317.7750 453.9609
315.9650 455.6309
312.8750 453.3709
308.6850 456.3709
306.6350 454.5609
305.3450 457.3809
304.5050 455.8209
302.7650 456.2309
303.3250 456.9509
301.5150 458.4109
300.4350 457.9409
300.6850 458.7609
297.9850 459.5909
297.2650 458.8609
295.4450 461.2809
294.2750 459.5909
292.0950 459.0509
291.4950 460.8309
289.5050 459.8309
285.7850 462.7909
282.5050 460.6009
277.5750 459.7809
274.2750 461.2009
272.2450 460.5809
271.4950 461.8109
271.4950 461.8109
271.1150 461.8009
271.1150 461.8009
271.6350 463.6609
270.1350 464.1409
270.1350 464.1409
270.3650 466.2309
272.3850 466.7209
273.6750 465.0509
274.2950 466.8609
272.9850 467.9509
272.5150 472.6909
270.8750 474.4309
271.6350 475.2109
270.5650 475.3209
272.5750 479.0409
272.5750 479.0409
272.9750 479.3009
272.9750 479.3009
273.7350 481.4609
272.4550 481.9609
271.8450 480.5409
270.7050 481.4609
271.9950 483.6509
269.8250 486.4809
269.8250 486.4809
270.0050 486.4809
270.0050 486.4809
270.8550 489.0909
269.8650 490.4309
272.1150 493.6709
270.2350 492.7709
269.5250 493.6709
272.0250 498.0609
273.5450 498.0009
271.3950 501.3709
270.4750 505.9809
259.6950 515.8109
259.5450 517.7809
256.5850 517.4109
256.5850 517.4109
259.6650 520.2609
262.5950 526.6209
264.5050 527.2509
265.3050 525.3309
268.2650 524.5409
269.4750 525.4209
263.2750 530.9809
263.9550 536.6309

Poitou-Charentes
8
140.9250 268.5109
144.7450 265.3009
147.9650 264.6909
148.0350 261.4109
150.1050 257.3009
148.2550 253.7209
146.6750 258.5509
141.7850 262.8909

Poitou-Charentes
13
136.6350 281.0309
138.1550 279.6309
136.2150 279.3509
137.0150 277.8409
140.6750 279.4009
139.5750 278.4109
140.1650 277.6709
142.6550 278.1209
147.4050 275.3609
145.0050 274.1709
138.6750 277.7109
135.6950 277.7009
134.5250 280.1909

Poitou-Charentes
202
153.0050 284.5709
154.7050 284.6109
155.5850 286.5609
160.7250 287.8309
159.4150 284.9209
160.6450 284.1809
162.5050 285.1709
164.0250 284.6109
164.8050 286.0909
164.8050 286.0909
164.9850 285.8309
164.9850 285.8309
169.3650 283.7109
170.3650 285.1109
172.4550 284.6009
176.9450 288.6909
174.1850 290.4309
173.5750 289.0909
172.7050 289.4709
174.0650 292.9209
172.4350 296.8609
174.2450 297.5809
173.2750 300.1709
173.8150 302.9509
172.0350 303.8309
172.9350 305.4609
171.1650 306.8409
172.1350 307.6809
169.4950 311.0109
169.5950 313.2609
169.5950 313.2609
169.5550 313.5109
169.5550 313.5109
170.3850 314.2809
169.2950 314.9909
169.2950 314.9909
169.0050 314.9909
169.0050 314.9909
167.3550 316.1009
167.3550 316.1009
167.1850 316.1009
167.1850 316.1009
164.8750 318.8209
165.8350 321.0109
163.6850 321.8209
164.1650 322.4809
162.9050 322.5209
163.5150 323.5009
162.1650 324.2609
163.9750 323.9809
166.6750 326.1409
169.6950 324.8409
171.5250 326.0109
174.4850 325.6309
176.7750 327.7909
176.2450 329.7109
178.8050 330.8909
180.2650 330.7709
179.3650 329.0609
182.4250 329.8709
182.8850 331.3609
188.3150 332.2409
190.8550 331.5409
191.7050 332.4009
193.4250 332.1009
191.9050 330.0809
193.9750 329.1009
195.7650 331.9309
197.8450 331.0709
199.0550 335.5509
200.1550 336.4609
201.6350 335.7909
201.6350 335.7909
202.7250 333.0609
205.2150 333.4209
204.9950 332.3409
206.1250 331.9609
206.9450 332.8209
207.7050 331.3809
206.8050 329.4009
209.5750 330.1509
210.5350 328.3909
211.9750 328.9109
212.3650 325.7009
211.4850 325.2109
212.8250 321.5809
214.5550 322.7209
217.5950 321.5109
220.3850 323.2909
224.2250 323.1909
222.9650 326.1609
225.0350 326.2409
228.1050 324.1909
228.6350 319.9209
232.4450 316.6809
233.2250 313.0209
237.2750 309.2609
237.8750 307.2809
236.4150 303.3809
237.1650 301.6809
241.4750 299.6309
241.7050 297.7809
244.7350 297.8009
246.8750 296.0409
247.1450 292.5209
249.6850 291.6209
249.0450 289.7109
249.0450 289.7109
248.2850 288.7009
248.2850 288.7009
248.2850 288.7009
248.2850 288.7009
247.4250 288.9909
246.2850 286.4709
242.9150 287.3609
241.1350 282.4209
236.8550 282.9209
234.7150 279.4909
232.3050 278.3709
234.5450 273.8909
233.0050 273.0509
234.0350 271.4409
233.1850 268.7109
235.0050 266.8009
236.0850 267.6309
237.7650 266.3009
238.6750 263.8909
235.9750 261.0609
233.0650 261.6009
233.6850 258.7009
231.8650 253.2809
228.9250 254.0309
229.0450 251.5309
225.5350 248.4409
225.5350 248.4409
222.8450 243.9109
220.5850 243.8809
220.3150 239.0809
218.0150 237.4409
217.2950 235.2109
215.1750 235.2009
213.0950 232.6209
211.9250 233.6409
212.5350 232.3109
210.8350 231.7409
209.6450 228.3309
210.4250 224.0709
206.6550 221.9309
204.9750 218.7109
201.6950 219.9409
199.7150 218.5009
198.5850 216.2809
199.5450 215.5809
197.8450 214.8309
197.5450 212.4009
195.7250 213.7509
193.4150 211.8709
191.4550 212.1509
188.6350 213.3509
187.7450 214.9809
186.3350 214.7009
185.3450 216.3709
184.2950 216.5709
183.4450 215.0209
182.7050 217.2709
182.7050 217.2709
182.6550 217.5309
182.6550 217.5309
181.6950 222.9409
175.8850 224.0009
174.9550 226.9509
174.6150 225.4309
169.6450 225.8509
169.6450 225.8509
167.9950 231.6209
165.3150 235.5409
159.0750 239.5709
156.8550 243.2509
149.2950 247.6309
148.1650 247.3909
148.6450 246.1809
148.0350 247.3809
147.9750 252.9209
152.2750 253.9209
150.3950 256.9109
153.0350 257.2509
154.6950 260.1509
153.6450 262.3809
154.5550 262.6309
154.3350 264.4009
152.8350 265.8209
155.6450 265.8009
153.6150 271.3009
151.8850 271.9909
152.4750 273.2109
150.6050 273.8609
151.5850 275.0109
149.2250 274.3009
147.9350 275.4009
149.4850 278.2709
153.2250 281.1609
152.2650 283.7009

Provence-Alpes-Côte_d'Azur
25
406.5350 172.9509
406.9450 172.4909
406.9450 172.4909
409.8550 170.7209
409.8550 170.7209
409.8850 170.3809
409.8850 170.3809
407.9050 169.4509
406.3950 165.5309
402.3450 166.2109
401.6950 168.8209
403.2050 171.5509
403.2050 171.5509
403.5650 172.1909
403.5650 172.1909
403.8850 172.3609
403.8850 172.3609
404.5750 172.5209
404.5750 172.5209
405.8550 173.5509
405.8550 173.5509
406.0250 173.1109
406.0250 173.1109
406.4550 173.0609
406.4550 173.0609

Provence-Alpes-Côte_d'Azur
223
421.0950 103.7509
422.5050 106.1209
421.2750 107.5509
422.4250 108.3109
419.7350 112.0709
416.3850 110.2109
408.9750 109.9909
405.6550 115.7009
403.5850 116.0909
402.4950 114.5409
402.9950 115.9409
401.9950 115.3509
401.1350 117.3809
401.8250 114.8609
399.7750 115.9509
401.1450 114.3509
398.8450 113.4509
400.7550 113.5809
400.0850 112.9009
401.8650 111.7609
403.4650 113.1509
400.1250 110.1409
389.5650 111.9909
388.5650 113.1509
389.9150 115.5109
387.5350 117.2209
374.9550 117.6809
374.9550 117.6809
375.3950 119.9309
378.7950 121.5809
378.3850 123.1309
379.2150 122.0209
384.5350 125.1009
384.9650 126.4209
383.0650 127.0809
385.5350 131.2709
387.8050 131.8409
391.4550 130.6009
390.8250 132.8909
393.0950 139.7209
392.0250 140.9709
399.1850 146.5109
399.1750 147.9509
400.4450 148.0109
398.0350 152.4209
395.2950 153.3309
395.3350 159.4309
394.7450 160.9809
393.3250 161.0509
392.3450 164.2309
392.3450 164.2309
392.3950 167.6709
398.1250 166.7009
399.3850 161.7409
409.3850 166.3709
411.4050 164.6309
413.1650 166.4809
413.1650 166.4809
413.8250 166.7909
413.8250 166.7909
413.2150 161.9909
416.4350 160.7909
417.2450 161.9509
419.2750 160.5509
421.6450 160.9709
422.8750 160.1609
422.7950 157.5609
424.9750 157.3609
425.7850 155.4909
429.3750 156.2609
431.8750 159.6509
433.4450 158.2909
433.0950 157.2909
435.0550 157.0509
435.2250 158.0409
433.5850 158.5009
435.3750 159.9209
435.3850 164.0109
433.7450 164.0109
433.3050 165.9609
432.1150 166.2809
432.9950 167.8609
429.6150 167.6709
428.5150 168.8609
427.3450 168.1009
424.7350 170.2509
424.2650 173.1609
426.6650 172.8209
427.5350 173.8509
426.1450 174.4609
425.8750 177.4409
432.3550 175.8309
432.9550 177.4909
434.4250 177.6209
431.6450 180.0309
433.7550 183.9709
433.5550 186.2909
437.1250 185.5509
437.9650 186.8909
439.6350 186.3909
441.3350 188.5409
440.0250 189.4709
441.1950 192.5609
443.5150 191.8009
446.3550 192.6209
447.5650 193.8509
446.2850 195.2109
449.1150 197.0109
450.7250 195.8709
453.9450 198.6909
458.6550 197.9709
460.4850 199.2509
463.1550 198.1409
463.2550 203.0809
461.7850 203.9309
461.8350 206.5609
456.8750 207.5809
458.5850 213.7009
460.5950 212.9709
462.2250 213.8609
463.5350 210.7509
467.1150 209.6809
468.5950 209.8609
468.3350 212.0809
469.5850 213.0409
470.8850 212.4809
472.3950 213.8909
474.5850 213.0209
474.5850 213.0209
476.3450 207.7209
479.2850 207.3909
479.5650 201.0209
484.2350 197.8009
486.1750 197.4309
487.2250 198.4909
490.8250 196.2309
489.8850 194.2309
493.0450 188.0709
488.3150 187.7209
488.5350 184.3709
483.8750 179.1409
484.8150 176.3409
487.7350 173.4209
485.4250 172.9409
485.2050 169.5209
489.6550 164.7609
490.1550 162.2009
497.6450 160.2109
501.4550 156.7209
504.0950 157.0309
504.6950 155.2509
507.4850 155.0709
507.7350 156.1209
515.5350 157.2309
516.2950 158.8009
518.2550 158.6809
517.5250 156.1709
519.5250 153.4509
519.1450 151.0509
517.3750 150.2609
516.9350 147.1309
513.3950 145.2709
513.0350 142.6409
510.4950 141.3009
511.9350 136.1209
506.7750 132.4709
503.9850 132.1009
503.7450 130.0209
503.0050 131.7609
502.5550 130.5509
499.9750 130.7709
498.5950 128.5709
496.4350 128.7109
494.9750 124.9309
495.9450 122.9409
494.9450 122.3609
493.9950 124.0209
491.5150 121.9809
490.5850 122.8909
488.3750 122.3809
487.3050 120.7809
488.1250 119.8109
485.4150 115.9309
481.1850 114.7809
479.3550 115.5909
478.1650 111.3309
472.2850 107.0309
477.3750 106.7109
476.0450 105.3609
476.7050 102.9009
475.0750 102.1609
475.2850 101.0809
474.2050 100.5409
471.7350 102.3109
469.0450 100.1409
464.3950  99.7709
463.5450  96.4809
459.8150  98.4509
456.1950  98.1009
454.6750  95.2909
454.8850  93.1109
452.3950  93.2309
453.8150  94.1009
453.6050  96.0809
449.3250  96.0209
448.5050  97.5909
445.4450  97.3809
445.2450  98.6509
443.5850  97.3909
446.3450  95.4409
443.9950  96.0609
442.6750  94.2309
441.3850  94.4109
439.9150  95.4809
440.5450  98.1109
438.8150  98.1609
439.0450  99.4509
435.8450  99.7209
435.4650 101.7709
432.7850 102.1509
432.0450 100.6409
429.2050 103.7309
427.6850 102.7309

Rhône-Alpes
263
361.2250 282.1409
360.8650 278.4609
364.2850 277.7609
364.9750 275.7609
369.6850 277.5209
372.8150 276.0309
374.0350 277.2609
374.7850 276.2609
375.9650 276.8509
375.7750 275.1209
376.8350 274.9809
380.8750 276.7509
382.2450 283.3309
384.4450 283.4109
386.3250 281.6409
388.9950 283.2109
391.0650 281.5109
391.8550 283.6409
393.6250 283.9509
394.9050 282.3009
393.6150 281.1209
395.9650 279.5909
395.2750 277.2809
396.8950 275.9409
397.7850 276.1909
404.4750 296.7009
404.8750 295.6409
406.2650 296.4809
409.2750 294.6309
413.8350 295.8309
413.8850 296.7409
415.4750 295.9309
416.6950 293.0709
419.9550 292.3709
419.9550 292.3709
419.3150 290.3809
422.5450 288.5309
421.8850 287.8109
423.6450 284.2309
424.4950 286.4709
425.0250 284.5209
426.6150 284.5309
426.5550 281.4609
429.2650 281.7109
433.5850 286.2709
433.7350 285.0409
436.5250 284.1509
437.0050 281.2509
442.9950 281.4809
451.1050 290.5409
451.1050 290.5409
455.4750 287.5909
452.6650 282.6809
453.5950 280.6409
447.6050 278.5809
446.9650 277.3809
448.2150 276.4809
446.6750 273.3109
450.5950 274.7109
453.7650 273.9909
460.6950 279.0909
461.2850 280.9409
459.2550 280.6609
458.7250 283.7809
457.5850 284.2809
458.9150 287.1709
469.9850 292.9909
476.7550 292.8509
482.4850 291.2009
480.4350 286.9009
484.3350 282.4409
481.8150 277.8609
481.5250 273.9109
485.7350 273.1309
484.7850 268.5809
487.2350 269.5509
491.4950 262.9709
491.7650 261.1209
489.7850 258.0609
486.3250 256.2009
482.4750 255.9709
481.9250 249.3609
486.4150 244.9809
489.9250 244.2809
488.9750 241.2109
489.9350 236.3109
492.1950 235.7009
491.9750 234.3809
494.0750 234.2309
494.6850 232.0809
497.7050 230.4709
494.5050 225.8509
495.5350 221.6409
492.8250 219.0409
489.9850 219.5309
487.6550 216.5609
485.4750 216.4809
485.4650 214.6209
483.6350 214.0609
480.2650 215.9609
474.5950 213.0509
474.5950 213.0509
472.4050 213.9209
470.8950 212.5109
469.5950 213.0709
468.3450 212.1109
468.6050 209.8909
467.1250 209.7109
463.5450 210.7809
462.2350 213.8909
460.6050 213.0009
458.5950 213.7309
456.8850 207.6109
461.8450 206.5909
461.7950 203.9609
463.2650 203.1109
463.1650 198.1709
460.4950 199.2809
458.6650 198.0009
453.9550 198.7209
450.7350 195.9009
449.1250 197.0409
446.2950 195.2409
447.5750 193.8809
446.3650 192.6509
443.5250 191.8309
441.2050 192.5909
440.0350 189.5009
441.3450 188.5709
439.6450 186.4209
437.9750 186.9209
437.1350 185.5809
433.5650 186.3209
433.7650 184.0009
431.6550 180.0609
434.4350 177.6509
432.9650 177.5209
432.3650 175.8609
425.8850 177.4709
426.1550 174.4909
427.5450 173.8809
426.6750 172.8509
424.2750 173.1909
424.7450 170.2809
427.3550 168.1309
428.5250 168.8909
429.6250 167.7009
433.0050 167.8909
432.1250 166.3109
433.3150 165.9909
433.7550 164.0409
435.3950 164.0409
435.3850 159.9509
433.5950 158.5309
435.2350 158.0709
435.0650 157.0809
433.1050 157.3209
433.4550 158.3209
431.8850 159.6809
429.3850 156.2909
425.7950 155.5209
424.9850 157.3909
422.8050 157.5909
422.8850 160.1909
421.6550 161.0009
419.2850 160.5809
417.2550 161.9809
416.4450 160.8209
413.2250 162.0209
413.8350 166.8209
413.8350 166.8209
413.1750 166.5109
413.1750 166.5109
411.4150 164.6609
409.3950 166.4009
399.3950 161.7709
398.1350 166.7309
392.4050 167.7009
392.3550 164.2609
392.3550 164.2609
386.3750 168.4909
384.2150 168.1809
383.5850 164.9909
381.8250 165.4109
381.6750 168.6509
378.9450 168.1809
376.0750 163.9409
370.7850 168.0809
367.3850 167.0609
367.0650 171.2409
368.2450 172.0509
364.8950 175.9209
363.4150 181.6409
361.3550 183.0109
359.6250 191.7209
359.6250 191.7209
362.2050 193.1409
363.2750 196.5409
364.8950 195.6509
364.6550 196.8909
365.3850 196.1309
366.5550 196.9309
366.8250 199.1909
371.8850 199.2409
374.7150 204.5109
378.4050 205.0909
377.6850 207.8009
381.1450 208.8109
379.7750 211.1509
380.7950 212.9009
381.9350 212.8209
381.9350 212.8209
381.9350 213.3509
381.9350 213.3509
380.8950 215.1009
382.9250 214.6609
383.4550 213.1109
384.3550 213.6409
383.9450 216.0909
385.7350 219.7409
383.4650 222.8009
381.4650 221.7109
379.8650 222.8009
380.7650 224.3809
379.1350 225.3409
380.6250 226.4309
379.2650 228.3109
376.6750 227.7109
375.0550 229.5409
372.7850 229.7509
371.3950 229.2409
371.7650 228.1109
368.7550 227.7209
368.3350 226.4009
366.2450 227.1809
366.1450 225.9309
364.7850 228.5109
363.2250 228.7609
361.4250 226.2909
360.7950 229.8809
363.8750 232.2809
364.7650 235.8109
362.6450 240.6809
358.0750 243.8409
356.1250 247.3709
356.2750 249.3609
352.4650 253.2909
353.8550 254.6209
353.5650 257.9809
355.1950 258.9309
352.6350 261.5509
352.9550 263.8909
356.5450 264.1109
358.3450 265.6509
357.2750 268.8809
357.9450 270.9809
356.7650 272.3709
357.4150 275.4209
355.7250 279.9809
360.5450 282.0609
360.5450 282.0609
360.9050 282.1109
360.9050 282.1109

Rhône-Alpes
23
403.8650 172.3809
403.8650 172.3809
403.5450 172.2109
403.5450 172.2109
403.1850 171.5709
403.1850 171.5709
401.6750 168.8409
402.3250 166.2309
406.3750 165.5509
407.8850 169.4709
409.8650 170.4009
409.8650 170.4009
409.8350 170.7409
409.8350 170.7409
406.9250 172.5109
406.9250 172.5109
406.4250 173.0909
406.4250 173.0909
405.9950 173.1409
405.9950 173.1409
405.8250 173.5809
405.8250 173.5809
404.5450 172.5509

