613 445

Kwai_Tsing
80
315.8225 208.5000
315.1925 206.7100
316.2425 205.7600
313.6925 203.4800
311.5625 204.8500
309.0125 203.4800
307.7425 204.3900
303.4925 205.3000
301.7925 203.0200
300.5225 203.4800
299.2425 203.0200
300.1025 201.1900
303.9225 200.2800
304.1125 196.7600
308.5925 195.7100
308.8125 192.3700
307.6725 189.6800
299.0825 182.2400
301.1425 178.5200
301.1425 178.5200
299.6825 177.6200
296.6025 177.6200
289.8725 182.7400
291.0025 186.3600
292.9625 185.7600
303.0625 189.3700
302.7825 191.1800
301.0925 191.4800
296.0525 189.6700
294.0925 190.5700
292.4125 198.4100
297.1825 199.6100
296.8925 201.1200
295.4925 201.4200
291.5625 199.9100
291.0125 203.2200
287.9225 211.0600
287.0825 211.3600
285.6825 210.1500
282.5925 212.8600
282.8825 220.0900
281.1925 223.4100
279.7925 222.8100
279.7925 224.0100
279.2325 224.0100
279.7925 226.2800
279.7925 226.2800
280.1725 226.3900
280.1725 226.3900
280.3725 226.3700
280.3725 226.3700
288.2225 230.4000
292.4725 237.2500
304.6225 238.1600
304.3625 243.1900
305.6425 245.9300
305.2225 247.3000
303.5225 247.7600
303.5225 249.1300
312.4525 251.4100
313.3025 250.5000
312.0825 248.3800
312.4625 245.4800
315.4325 245.0200
317.5625 246.3900
317.5625 246.3900
317.5625 243.6500
316.2825 242.2800
313.7325 241.8200
312.8825 239.5300
315.4325 236.3300
313.3025 234.9600
312.4525 232.6800
314.1525 228.5700
313.7225 227.2000
312.0325 226.2900
309.4825 222.6400
310.3325 213.5000
313.3025 212.1300
313.3025 210.7600

Kwai_Tsing
62
268.5625 228.8400
272.7625 228.2400
276.6925 225.8300
276.4025 219.8000
278.3625 216.7900
278.0825 214.9800
279.4825 212.8700
280.8825 212.2700
279.7625 207.4500
280.0425 206.2500
282.0025 204.7400
281.4525 202.3300
282.8525 199.6200
281.1625 196.9100
281.7225 194.8000
280.5925 194.5000
279.7525 191.1900
277.7925 189.9800
276.9525 186.6600
275.2725 186.6600
273.0225 189.6700
271.0625 189.6700
270.2225 188.4700
269.1025 188.4700
267.1425 189.3700
266.3025 191.4800
264.0525 191.4800
263.2125 190.5800
263.4925 187.5700
260.1325 187.2700
256.4825 192.3900
257.6125 196.9100
259.0125 198.7200
258.4525 200.2300
257.6125 199.3300
257.0525 199.6300
257.3325 200.8300
258.1825 200.8300
258.1825 201.4400
257.0625 201.1400
257.0625 205.0600
258.7425 205.3600
257.3425 206.2600
253.1425 206.8600
252.0225 208.6700
252.0225 211.3800
249.7725 211.3800
248.9325 213.7900
248.9325 215.9000
249.7725 217.4100
248.6525 220.7300
247.2525 222.2400
247.5325 223.4500
252.0225 226.1600
254.5425 226.4600
255.3925 228.5700
257.3525 228.2700
257.9125 226.1600
259.6025 225.8600
262.6825 227.9700
266.0525 227.9700
266.8925 228.8700

Wong_Tai_Sin
43
392.3025 196.1700
383.3825 194.8000
380.4125 197.5400
378.2825 196.6200
374.0325 197.0800
374.0325 197.0800
373.1825 197.9900
370.6325 198.4500
363.8325 193.8800
360.8625 196.1700
359.1625 196.6200
357.8825 195.2500
356.1825 195.2500
356.1825 197.5400
354.9125 197.9900
354.9125 201.6500
352.3625 203.0200
353.2125 207.1300
351.5125 208.5000
350.2425 208.5000
350.2425 210.3300
348.5425 212.6100
348.5425 212.6100
352.3625 214.4400
355.3425 213.5200
360.3525 214.4400
360.0125 217.1800
360.8625 218.0900
362.5625 218.0900
363.8325 216.2700
366.3825 216.7200
368.5125 220.3800
369.7825 219.4600
376.5825 219.9200
378.2825 220.8400
379.5525 220.3800
382.1125 220.8400
382.5325 222.6600
384.6625 222.6600
386.7825 224.0300
390.6025 224.0300
390.6025 224.0300
390.3125 215.6500

Tsuen_Wan
134
280.3525 226.3900
280.6125 227.9400
279.7725 230.3600
277.8125 231.8700
276.9725 233.9700
273.0425 236.6800
271.3625 236.6800
267.9925 234.8700
267.1525 233.6700
263.2225 233.3700
263.2225 232.7700
260.4225 232.4700
259.5825 231.5700
257.3325 231.5700
256.4925 230.3600
250.8825 233.6800
246.1125 234.2800
241.0725 231.5700
239.3825 229.7600
239.1025 228.2500
236.0125 227.6500
232.6425 228.2500
230.9525 230.3600
227.3225 230.0600
225.6325 230.6600
224.7925 229.4500
223.1125 229.4500
220.8625 227.0400
217.7825 226.4400
216.6625 224.3200
210.7825 225.2300
209.9325 224.3200
208.8125 224.3200
207.4125 222.2100
206.8525 222.5100
206.2925 221.0100
202.6525 221.3100
201.2325 220.1000
198.1725 219.5000
198.1725 218.8800
194.8425 219.5000
194.8425 219.5000
193.6925 220.3200
193.8425 224.0200
197.6725 226.7600
201.4925 231.7800
204.8925 232.2400
206.1625 233.1500
206.5925 234.5200
206.1625 235.8900
202.3425 234.9700
201.0625 235.8900
199.7925 240.0000
197.6625 240.4600
197.6625 244.1200
199.3625 245.0300
201.0625 244.1200
202.3425 244.5800
205.7425 248.6900
210.8425 245.9500
213.4025 245.9500
212.5525 250.5200
214.2525 253.2600
221.0525 250.9800
222.7525 252.8100
228.6925 252.3500
230.8225 252.8100
230.8225 255.5500
232.1025 257.8400
232.1025 257.8400
236.7725 261.0400
238.4625 261.5000
239.7425 260.5900
242.2925 265.1600
243.5625 264.7000
246.9625 265.1600
251.2125 269.7300
252.9025 270.6500
255.4525 270.1900
258.0125 268.3600
260.1325 268.3600
265.2425 272.4700
267.7925 276.1200
271.6125 276.5800
272.8925 275.6700
273.3125 274.3000
274.5925 274.3000
275.8625 275.2100
277.5625 274.7500
280.1125 275.6700
280.9625 277.5000
284.3625 280.2400
286.4925 279.3300
289.8925 279.3300
289.8925 280.7000
292.4425 283.4400
292.8625 286.1800
292.8625 286.1800
292.7925 284.4700
297.1625 286.0200
314.0225 285.3100
314.5425 281.1600
323.2225 281.1300
325.7825 280.4200
329.1925 281.9500
334.9325 281.3500
334.9325 281.3500
334.5125 277.5100
336.2125 275.6800
336.6325 272.4800
336.6325 269.2800
334.9325 268.3600
335.7925 262.4200
334.9325 261.0500
331.1125 258.3100
329.8325 255.5700
326.8625 253.2800
324.3125 250.0800
319.6425 248.7100
317.5125 246.4200
317.5125 246.4200
315.3825 245.0500
312.4125 245.5100
312.0325 248.4100
313.2525 250.5300
312.4025 251.4400
303.4725 249.1600
303.4725 247.7900
305.1725 247.3300
305.5925 245.9600
304.3125 243.2200
304.5725 238.1900
292.4225 237.2800
288.1725 230.4300

Tsuen_Wan
80
203.8025 174.6100
161.7525 175.0600
161.7525 175.0600
164.2825 178.2200
165.9625 182.1400
167.3625 182.4400
168.4925 181.5400
169.0525 182.4400
174.9325 184.8500
175.7725 186.0600
178.5825 186.3600
178.3025 189.3700
180.2625 189.9700
181.6625 191.4800
184.7525 191.4800
186.7125 195.0900
187.5625 194.7900
187.5625 193.2800
190.9325 194.4900
189.5325 198.7100
190.6525 198.7100
192.0525 197.5000
192.0525 195.3900
191.7725 193.8800
189.8125 192.3700
189.8125 190.2600
187.8525 188.7500
187.8525 187.2400
191.7825 188.7500
194.5825 191.7600
194.5825 192.6600
197.1125 195.9800
201.0325 198.9900
202.7225 199.2900
204.6825 201.1000
206.0825 201.4000
207.2025 202.6000
207.7625 204.7100
209.4525 205.3100
209.7325 203.8000
211.4125 203.5000
211.7025 204.4000
210.8625 206.2100
211.9825 206.8100
211.7025 209.8200
212.2625 210.4200
215.3425 209.2100
216.7425 209.5100
218.9825 208.3100
222.6325 204.6900
222.9125 202.2800
225.7125 197.7600
222.3425 196.2500
222.9025 192.9300
224.5925 191.7200
224.5925 190.8200
223.7425 189.3100
222.9025 189.3100
222.6225 186.6000
221.2225 184.4900
223.1825 182.9800
223.4625 181.7700
221.2225 182.6700
218.4225 179.0600
214.2125 179.3600
213.9325 177.2500
212.5325 176.6500
210.5725 177.5500
210.2925 179.0600
207.7625 181.7700
207.2025 184.7800
205.8025 186.2900
204.1225 186.2900
203.8325 186.8900
201.5925 186.5900
202.4325 184.1800
202.1525 182.9800
202.7125 182.9800
203.2725 179.3600
204.1125 178.4600

Tsuen_Wan
25
228.1925 220.7100
228.7525 218.9000
231.5525 220.1100
232.9525 219.8100
232.6625 218.6100
231.2725 218.6100
231.2725 215.9000
230.1525 215.3000
229.5925 213.7900
230.4325 212.2800
232.1225 212.5800
233.8025 209.8700
233.8025 208.6700
226.7925 205.3500
225.9525 207.7600
224.5525 208.6700
224.5525 210.1800
222.3025 211.6900
221.7525 213.2000
224.5525 213.5000
224.8325 214.1000
225.1125 217.1100
223.4325 217.7100
224.2725 219.8200
225.9625 220.7300

Tsuen_Wan
3
279.7725 226.3200
280.1525 226.4300
280.1525 226.4300

Sham_Shui_Po
62
315.8225 208.5000
318.3725 208.5000
319.6525 210.7900
321.3525 209.8700
323.4625 210.7900
327.2925 208.9600
328.9925 211.2400
330.2625 211.2400
331.5425 212.6100
334.0925 210.3300
336.6425 209.8700
338.7625 210.7900
341.7425 210.3300
341.7425 210.3300
342.1625 208.5000
340.8925 206.6700
340.8925 205.3000
343.4425 203.4800
345.1425 199.3700
345.1425 194.3400
343.0225 188.8600
343.0225 188.8600
341.7425 189.7700
330.2625 189.7700
329.4225 188.8600
330.6425 187.4800
328.9925 187.0300
325.5525 184.2600
324.7425 186.1200
322.6225 187.9500
320.9125 186.1200
320.8825 184.3000
320.8825 184.3000
314.8225 188.7600
312.8525 188.7600
311.4525 186.3600
314.2625 184.5400
315.3825 182.7400
312.0225 179.4200
312.5825 177.6100
311.7425 176.1100
310.6125 176.1100
308.3725 178.8200
302.2025 179.1200
301.1425 178.5200
301.1425 178.5200
299.0925 182.2400
307.6825 189.6800
308.8225 192.3700
308.5925 195.7100
304.1125 196.7600
303.9225 200.2800
300.1025 201.1900
299.2525 203.0200
300.5325 203.4800
301.7925 203.0200
303.5025 205.3000
307.7525 204.3900
309.0225 203.4800
311.5725 204.8500
313.6925 203.4800
316.2425 205.7600

Kowloon_City
83
374.0325 197.0800
374.0325 187.4900
371.9025 185.2100
378.7025 178.3600
379.5525 176.5300
378.4625 176.2300
378.4625 176.2300
373.9825 178.8200
373.4125 180.0200
372.2925 180.3300
370.0525 182.7400
369.4925 180.6300
371.7325 178.2200
373.4125 177.6100
375.3825 174.9000
376.4925 174.6000
376.4925 173.7000
380.4225 170.9800
380.4225 170.0800
382.6625 170.3800
383.7925 169.7800
383.5025 168.8800
384.6225 167.9700
384.6225 166.4700
386.2625 164.9600
386.3125 163.7600
384.9025 162.5500
382.1025 164.6600
379.3025 168.2700
376.2225 170.3800
367.8125 179.4200
365.0025 181.2300
363.6025 180.0200
363.0425 177.6100
362.4825 177.6100
362.4825 176.4100
361.0825 175.2000
360.7925 174.0000
362.1925 171.2900
362.1925 169.4800
363.0425 169.1800
362.1925 161.9500
359.3925 159.8400
358.2725 159.8400
358.2725 159.2400
356.0325 159.5400
354.9125 158.9400
354.3525 157.1300
353.7625 157.1200
353.7625 157.1200
353.6325 162.3700
351.5125 163.7400
351.5125 165.5700
344.7225 174.7000
342.1625 181.5500
341.3125 184.7500
343.0225 188.8600
343.0225 188.8600
345.1425 194.3400
345.1425 199.3700
343.4425 203.4800
340.8925 205.3000
340.8925 206.6700
342.1625 208.5000
341.7425 210.3300
341.7425 210.3300
343.0225 212.6100
348.5425 212.6100
348.5425 212.6100
350.2425 210.3300
350.2425 208.5000
351.5125 208.5000
353.2125 207.1300
352.3625 203.0200
354.9125 201.6500
354.9125 197.9900
356.1825 197.5400
356.1825 195.2500
357.8825 195.2500
359.1625 196.6200
360.8625 196.1700
363.8325 193.8800
370.6325 198.4500

Tuen_Mun
190
232.1225 257.8400
230.8425 255.5500
230.8425 252.8100
228.7125 252.3500
222.7725 252.8100
221.0725 250.9800
214.2725 253.2600
212.5725 250.5200
213.4225 245.9500
210.8625 245.9500
205.7625 248.6900
202.3625 244.5800
201.0825 244.1200
199.3825 245.0300
197.6825 244.1200
197.6825 240.4600
199.8125 240.0000
201.0825 235.8900
202.3625 234.9700
206.1825 235.8900
206.6125 234.5200
206.1825 233.1500
204.9125 232.2400
201.5125 231.7800
197.6925 226.7600
193.8625 224.0200
193.7125 220.3200
194.8625 219.5000
194.8625 219.5000
193.7025 218.8900
190.6125 220.1000
189.4925 219.5000
187.8025 219.8000
185.5625 221.9100
185.0025 224.0200
181.6325 227.6400
178.2725 226.4300
177.1525 230.3500
172.3825 228.5400
170.9825 227.0300
166.4925 226.4200
165.0925 228.2300
163.4025 228.5300
162.8525 229.4300
159.7625 229.7300
158.6425 231.8400
158.9225 233.0400
157.7925 233.0400
157.2325 235.1500
156.3925 235.1500
156.3925 232.7400
155.8325 232.7400
155.2825 230.6300
153.8825 229.1200
151.6325 229.1200
148.8325 227.6100
148.2725 229.1200
146.3125 230.3300
146.5925 227.6200
147.4325 226.7100
146.8725 225.2000
144.0725 225.2000
143.5125 225.8000
144.0725 227.6100
143.2325 229.1200
140.9925 231.5300
138.4625 231.8300
136.7825 233.9400
134.8225 233.9400
134.5325 232.4300
135.3825 231.5300
135.3825 229.1300
133.9825 228.2200
129.4925 227.3100
126.4125 230.6300
125.8525 229.7200
127.2525 226.7100
127.5325 224.0000
128.3725 223.7000
128.9325 224.3000
130.0625 222.4900
128.9325 222.1900
128.6525 220.6800
128.0925 220.6800
126.4125 223.3900
124.7225 223.6900
123.8825 224.8900
122.7625 224.5900
123.8825 219.1600
122.7625 218.5600
121.6425 219.7600
122.4825 221.2700
121.3525 221.2700
121.0725 219.7600
118.5425 220.0600
115.4625 222.4700
114.6125 224.2800
114.0625 223.3800
112.6525 223.0800
111.5325 224.8900
108.4425 226.1000
107.6025 227.0000
108.1625 228.2000
107.6025 230.6100
106.4825 230.6100
105.3625 233.0200
104.2325 232.7200
101.7125 225.7900
100.5825 225.7900
100.0225 227.9000
101.4225 231.8200
100.5125 233.6300
 98.0525 233.9300
 96.9325 232.1200
 94.1225 231.8200
 93.0025 230.9200
 86.8325 234.2300
 87.3925 236.0400
 85.9925 239.3500
 84.8725 238.7500
 84.8725 237.5500
 84.0325 236.9500
 81.2325 241.7700
 81.5725 243.9200
 82.6925 244.2200
 82.9725 245.1300
 84.1025 244.8300
 86.0625 246.6400
 87.4625 253.5800
 86.6125 256.9000
 81.2925 259.6100
 81.0025 262.6300
 80.1625 263.2300
 80.1625 264.4300
 81.5625 265.3300
 81.2825 268.9500
 79.3225 270.7600
 77.0825 270.4600
 75.3925 272.2700
 73.1525 271.9700
 68.6625 273.1800
 67.8225 274.6900
 73.4325 282.5300
 74.5525 282.5300
 75.1125 284.0400
 79.5925 287.3600
 80.7225 291.5800
 83.5225 291.5800
 88.8525 293.9900
 95.3025 293.0900
 96.1425 294.3000
 98.9425 294.9000
100.3425 296.1100
104.8925 297.0300
104.8925 297.0300
104.6325 291.2300
105.4825 289.4000
111.8625 297.1700
115.2625 304.4800
136.0825 304.0200
136.0825 302.6500
137.3525 301.7400
150.1025 301.2800
151.3725 301.7400
152.6525 300.8200
156.4725 301.7400
157.3325 302.6500
162.4325 303.5600
162.4325 302.1900
160.7325 299.4500
160.7325 296.7100
163.7025 292.6000
164.9825 293.0600
173.0525 292.6000
173.4725 285.7400
174.7525 284.8200
177.3025 284.8200
178.1525 283.9100
178.5825 274.3100
217.6725 274.3100
217.6725 277.0500
218.5225 277.9600
226.1725 277.9600
227.0225 277.0500
226.5925 274.3100
224.0425 273.8500
223.6225 272.4800
223.6225 265.6300
231.2725 265.6300
232.5525 264.7100

Tuen_Mun
18
 45.9625 248.4400
 47.3625 246.9400
 50.4525 246.9400
 51.5725 245.7300
 51.5725 244.5200
 50.1725 243.3200
 49.8925 241.2100
 50.7325 238.8000
 49.8925 236.0900
 48.7625 234.8800
 47.0825 234.8800
 46.2425 235.7900
 47.0825 240.0100
 48.2025 240.3100
 47.9225 243.3200
 44.8425 245.4300
 43.1525 245.7300
 43.1525 248.4400

Tuen_Mun
7
132.8725 196.6000
133.1525 194.7900
135.9425 193.8900
135.6725 192.0800
134.2725 190.5700
131.4825 191.1700
131.7425 195.6900

Tuen_Mun
13
 54.3725 211.0600
 55.7725 209.5500
 56.6225 209.5500
 56.6225 210.4600
 57.4625 210.7600
 58.0225 208.9500
 56.8925 207.7500
 57.1825 205.6400
 56.6225 205.0400
 55.7725 205.0400
 54.3725 209.8600
 52.4125 210.4600
 52.9625 211.6600

Tuen_Mun
7
149.4125 204.1300
150.5425 201.7200
149.6925 200.8200
149.4125 198.4100
147.4525 196.3000
147.7425 200.2200
148.8525 200.8200

Tuen_Mun
4
 52.4125 214.3800
 52.4125 217.0900
 54.0925 217.6900
 54.9325 215.8800

Tuen_Mun
3
105.1125 297.2800
104.9025 297.0000
104.9025 297.0000

Kwun_Tong
57
392.3025 196.1700
398.2525 196.6200
401.2325 190.2300
402.5025 185.2100
403.7825 183.8400
405.4725 183.8400
408.8725 181.5500
410.5725 181.5500
411.4225 182.9200
412.7025 182.4700
411.8525 178.8100
409.7225 176.5300
412.7025 176.0700
414.3925 174.2500
411.0025 168.7700
408.8725 167.4000
409.7225 164.6600
411.4225 164.2000
411.8525 162.8300
413.1225 162.3700
413.1225 159.6300
414.3925 158.2600
414.8225 154.1500
411.4225 155.0700
410.5725 153.7000
411.4225 152.7900
410.5725 151.8700
411.8525 149.1300
410.1425 146.8500
411.4225 145.9400
411.8525 144.1100
413.2225 144.4800
413.2225 144.4800
412.3825 143.5700
411.2625 143.5700
407.0625 144.7700
406.2225 145.9800
406.4925 148.6900
401.4525 153.2100
398.9325 157.7300
393.6025 161.9500
391.6325 164.0600
391.0725 165.8600
386.8725 169.4800
386.3125 171.8900
382.9525 173.7000
379.3025 173.7000
378.4625 176.2300
378.4625 176.2300
379.5525 176.5300
378.7025 178.3600
371.9025 185.2100
374.0325 187.4900
374.0325 197.0800
374.0325 197.0800
378.2825 196.6200
380.4125 197.5400

Yau_Tsim_Mong
48
353.7625 157.1200
353.5125 155.9200
352.1125 155.3200
350.4225 157.1300
348.4625 157.4300
345.0925 153.8100
344.8225 152.6100
342.8525 151.1000
339.7725 152.0000
338.0925 151.4000
336.9725 151.7100
335.8525 153.2100
333.8825 153.2100
336.4125 154.4100
336.1225 156.5200
334.1625 156.5200
334.1625 158.9400
335.5625 159.2400
335.0125 164.0600
333.0425 163.7600
331.6425 162.2500
329.4025 161.6500
324.6325 158.6300
324.0725 163.1500
324.9125 164.3600
324.0725 166.7700
323.5125 175.5100
326.5925 176.1100
326.5925 176.7100
324.0725 181.2300
320.8825 184.3000
320.8825 184.3000
320.9125 186.1200
322.6225 187.9500
324.7425 186.1200
325.5525 184.2600
328.9925 187.0300
330.6425 187.4800
329.4225 188.8600
330.2625 189.7700
341.7425 189.7700
343.0225 188.8600
343.0225 188.8600
341.3125 184.7500
342.1625 181.5500
344.7225 174.7000
351.5125 165.5700
351.5125 163.7400

Islands
404
178.2925  86.9500
179.4125  86.0500
182.7825  85.7500
183.6225  84.2400
185.0225  85.4500
185.5825  84.2400
186.9725  83.9400
186.9825  83.3400
184.7425  82.4400
185.5825  80.6300
185.2925  79.7300
184.4525  79.7300
184.7425  79.1300
181.9325  77.3200
178.8525  76.7100
176.8925  74.3000
177.4525  72.5000
172.9625  71.2900
171.2825  67.0800
168.1925  67.0800
167.3525  67.9800
167.3525  69.4900
165.9525  70.0900
165.9525  70.6900
164.2725  70.6900
161.7425  69.1900
161.1825  67.6800
160.0625  67.0800
158.3725  67.3800
157.2525  66.4800
156.7025  63.7700
154.7425  64.3700
153.6225  63.7700
153.9125  66.4800
153.3525  67.3800
150.8225  67.0800
147.4525  69.4900
147.4525  70.6900
149.1425  71.8900
151.1025  76.1100
146.9025  80.9300
144.9425  81.2300
144.3925  82.7300
145.5125  83.9400
145.8025  86.9500
147.7625  88.4500
148.6025  91.1600
145.5125  93.5700
144.1125  93.2700
142.9925  94.4800
140.1925  94.7800
138.7825  93.5700
136.5425  92.9700
135.9825  91.4700
132.9025  90.2600
131.7725  90.5600
129.2525  88.7500
128.9625  87.2500
129.5225  86.9500
128.6825  86.0500
126.7225  86.3500
125.5925  85.1400
124.4725  85.1400
124.4725  84.5400
123.3425  85.4400
123.6225  87.2500
121.9425  87.8500
119.1425  87.2500
119.1425  87.8500
118.3025  87.8500
108.4825  84.5400
107.9325  83.0300
106.8025  83.0300
105.6825  81.5300
102.8825  81.8300
101.4825  80.9300
100.9225  79.1200
 99.8025  78.2200
 95.0325  76.4100
 93.3425  77.0100
 92.2225  79.1200
 89.6925  78.5200
 89.4125  77.3200
 88.5625  77.0200
 88.0025  74.3100
 85.2025  73.4100
 85.2025  71.0000
 90.5325  69.5000
 90.5325  70.4000
 92.7725  71.9000
 92.7725  71.3000
 97.2625  69.8000
 97.8225  69.2000
 97.2725  63.1600
 99.2325  61.9500
 98.9425  61.3500
 95.8625  61.6500
 94.1725  60.7500
 93.0525  61.0500
 91.6525  60.4500
 91.6525  59.8500
 87.4525  58.6400
 86.6025  59.2400
 86.3225  60.7400
 84.9225  60.7400
 84.0825  63.1500
 81.5525  63.4500
 80.7125  63.1500
 79.8725  58.3300
 78.7525  58.3300
 77.9125  57.4300
 76.7925  58.6300
 73.9925  59.5300
 71.1925  62.5400
 69.7925  61.9300
 69.2325  64.3400
 68.3925  64.3400
 67.5525  65.8500
 65.3025  65.8500
 64.7525  66.4500
 64.1925  69.4600
 63.0725  70.6600
 63.9125  72.7700
 64.7625  73.0700
 64.4725  74.5800
 60.5425  74.5800
 60.2625  73.9800
 59.7025  75.7900
 58.0225  76.0900
 58.0225  73.3800
 55.7725  71.8700
 54.3725  72.4800
 54.3725  73.9800
 51.5725  73.6800
 47.6525  70.3700
 46.8025  67.6600
 44.5625  66.4600
 45.6825  62.5500
 43.9925  61.9400
 43.1525  63.1500
 41.1925  63.1500
 39.2325  61.3400
 38.3925  61.3400
 36.1525  57.4300
 34.7525  56.8300
 34.7525  55.3300
 33.9125  55.0300
 33.9125  53.8300
 32.7825  52.6200
 32.2225  53.2200
 29.9825  52.6200
 30.2625  55.0300
 28.3025  55.3300
 26.6225  55.0300
 25.7825  53.8200
 23.2525  54.1200
 22.9725  53.2200
 19.6025  52.6200
 18.4725  51.4100
 18.4725  50.2100
 20.1625  49.3000
 20.1625  48.0900
 19.0425  48.0900
 18.4825  46.5900
 15.6825  47.7900
 13.7225  47.7900
 12.6025  46.5900
 12.8925  45.0900
 11.7625  44.7900
 10.0825  47.5000
 12.6025  49.0000
 12.6125  52.9100
 14.8525  52.9100
 15.1325  55.3200
 14.2925  56.2200
 12.6025  56.2200
 12.0525  55.3200
 11.7625  56.2200
 10.1125  56.8200
  9.8025  58.0200
  7.2825  59.2300
  7.5625  61.3400
  7.0025  62.5500
  7.8525  64.6600
  8.9725  64.6600
  9.2625  68.2700
  5.3325  71.5800
  5.3325  78.2000
  5.8925  79.1000
  5.6025  79.7000
  4.7625  79.4000
  4.7625  81.2100
  6.4525  83.0200
  7.5725  88.7400
 11.5025  89.6400
 15.4325  85.7200
 15.4325  84.8200
 16.5525  84.5200
 18.7925  88.4300
 17.9525  91.1400
 17.9525  94.4500
 16.5525  95.3500
 17.6825  98.6600
 19.3625  98.9600
 21.3225 100.4700
 25.5225 100.4700
 28.8925 103.1800
 28.6125 107.4000
 26.0825 108.0100
 26.6425 109.5100
 23.5525 110.1100
 23.2725 108.9000
 22.1525 108.9000
 21.6025 108.0000
 18.7725 108.0000
 17.6525 110.4100
 17.6525 112.2200
 20.4425 114.0300
 21.0125 116.1400
 23.2525 116.4400
 25.2125 117.6500
 27.7425 117.3500
 28.8625 114.9400
 30.5525 114.9400
 31.6725 117.3500
 33.0725 118.2500
 34.4725 121.2600
 35.0325 121.2600
 35.5925 124.5700
 37.5525 125.7800
 41.7625 125.4800
 43.7225 126.9900
 46.5225 127.2900
 48.2025 129.7000
 50.4525 128.8000
 50.7325 127.0000
 51.8625 126.7000
 51.8625 125.1900
 53.8225 126.0900
 53.8225 129.4000
 52.9725 129.7000
 51.8525 131.8100
 52.1325 135.4200
 58.3025 138.1300
 60.2625 140.2400
 59.9825 142.0400
 60.8225 144.7500
 60.2625 146.5600
 60.8225 146.5600
 60.8225 147.7600
 62.5025 148.0600
 62.7925 150.4700
 63.3525 149.5700
 65.8725 150.1800
 66.1625 148.0700
 68.4025 148.0700
 68.6825 149.5800
 70.0825 150.4800
 70.0825 151.6900
 73.1725 151.3900
 73.7325 150.4900
 74.5725 150.7900
 75.4125 148.9800
 77.3725 148.9800
 77.3725 150.1900
 79.9025 150.7900
 80.7425 151.9900
 82.1425 152.2900
 82.4225 151.3900
 85.5125 150.7900
 85.7925 149.8900
 88.5925 150.1900
 90.5525 148.6800
 91.3925 146.8800
 91.3925 143.8700
 92.5225 143.2700
 93.3625 141.4600
 94.2025 141.4600
 93.9225 140.2600
 94.7625 139.9600
 95.6125 138.1500
 97.0125 138.1500
 98.1325 139.0500
100.0925 138.4500
 99.2525 140.5600
100.9125 142.6700
101.2125 143.5700
100.6525 143.8700
105.1325 152.0000
107.0925 152.0000
107.9425 153.5100
109.6225 153.5100
110.4625 152.0000
113.2625 152.0000
114.1125 153.5100
121.6825 154.4100
125.8925 157.1200
130.6625 157.7200
137.3825 159.8300
144.3525 163.7500
146.9125 166.4600
146.9125 167.3600
149.4425 169.4700
154.2125 171.8800
159.5425 172.7800
161.7825 175.0400
161.7825 175.0400
203.8325 174.5900
203.8325 174.5900
203.8325 172.1700
204.6825 170.9600
202.1525 169.4500
200.4625 169.4500
199.0625 172.1600
195.9825 173.3800
195.6925 172.4900
192.0325 170.0500
185.8825 170.6600
184.7625 167.6400
183.0725 167.3400
183.9125 165.2300
183.0725 162.8200
186.4425 162.8200
187.2825 160.4100
185.0425 159.2100
182.5125 158.9100
181.9525 156.5000
183.3625 155.6000
185.3225 156.5000
186.7225 154.9900
187.5725 157.1000
188.6925 157.4000
189.8125 156.2000
190.6525 158.0100
191.7725 158.3100
192.8925 154.3900
195.1425 151.3800
195.1425 149.8700
194.2725 149.8700
193.9925 150.7700
190.3525 150.1700
188.1025 152.5800
186.9825 152.5800
186.4225 151.6800
187.5425 149.5700
188.3825 149.5700
186.1425 147.7600
186.9825 143.8400
187.8225 142.6300
189.7825 142.6300
190.3425 141.7300
190.0525 139.0200
189.2125 138.4200
190.6125 135.7100
188.6525 135.1100
188.9425 133.3000
188.0925 132.7000
190.0525 130.8900
190.0525 129.3900
188.9325 127.8800
188.9325 126.3700
189.7725 125.7700
188.6525 124.2700
188.9425 122.4600
186.6925 123.0600
184.1725 121.2500
181.0825 121.8500
179.9625 122.7500
177.7125 122.7500
176.8725 125.4600
173.7925 125.7600
172.9425 127.5700
170.4225 129.0800
168.1725 129.0800
165.9325 126.0700
166.4925 123.6600
169.8625 121.8500
169.5725 119.4400
172.6625 118.5400
173.2225 117.0400
174.6225 116.1400
177.1525 110.4200
178.2725 110.4200
179.1125 109.2200
179.1125 107.1100
176.8725 106.8100
174.9125 105.6000
174.6325 104.7000
172.3925 103.8000
168.1825 103.2000
166.7825  99.8900
160.9025  97.1800
160.9025  95.3700
162.8625  94.7700
163.4125  93.8700
165.9425  95.0700
166.5025  92.9600
167.6225  92.9600
169.5825  90.8500
170.7025  87.5400
171.8325  86.9400
174.6325  86.6400
176.3125  89.0500
177.4325  88.7500

Islands
144
293.2325  27.0400
292.9425  29.1500
291.2625  30.6500
290.4225  30.3500
289.5725  28.5400
286.7725  28.8400
285.9325  30.0500
282.8525  31.2500
282.0025  33.6600
283.4025  38.1800
284.8125  38.4800
285.3625  37.8800
286.7625  40.2900
288.4525  40.5900
288.4525  45.7100
289.0125  47.8200
289.8525  48.1200
290.1325  54.1400
289.5725  54.7400
290.6925  54.7400
290.9825  55.9400
288.7425  56.8400
287.9225  58.0500
288.1725  59.2600
289.5725  59.5600
289.2925  61.9700
290.1325  62.5800
290.1325  63.4800
288.7325  64.9900
289.2925  66.4900
288.4525  67.3900
288.4525  69.5000
287.8925  69.5000
288.1725  71.0000
285.6525  71.6000
284.5325  72.8000
282.0025  72.8000
281.1625  68.5900
270.7925  68.5900
270.7925  71.0000
272.4825  72.8100
272.4825  74.0200
275.5625  77.3300
278.9225  78.8300
278.6525  79.7300
276.9625  79.7300
276.6825  80.9300
276.6825  81.8300
278.3625  83.0400
278.3025  84.5500
274.7225  86.0500
273.8825  87.8600
277.4825  89.3700
278.3725  90.8700
280.6125  91.1700
283.1425  92.6700
284.8325  92.6700
285.9525  95.6800
286.7925  95.3800
287.0825  93.8800
289.8825  93.5800
290.4425  92.0800
291.2825  91.7800
291.0025  87.8600
288.7525  87.2600
288.4725  85.4500
289.3125  81.8500
291.8325  80.9400
294.0225  79.1300
294.0825  76.4200
293.5225  75.8200
294.6525  75.5200
296.8925  72.2100
299.9825  71.6100
300.2625  73.1100
303.0625  74.0100
305.5825  71.6000
305.3025  68.5900
303.9025  68.2900
303.3525  68.8900
304.1925  66.1800
300.2625  65.5800
295.4925  60.4600
294.9325  57.4500
297.7325  54.1400
298.8525  54.7400
298.8525  57.4500
301.0925  58.3500
303.8925  60.7600
309.2225  61.0600
313.9925  59.2500
313.9925  60.7500
315.1225  61.0500
315.4025  63.1600
317.3625  62.8600
317.3625  63.7600
319.0425  64.3600
320.4425  64.3600
321.5725  61.6500
327.7425  61.9500
329.1425  59.8500
328.5825  57.7400
327.1825  57.1400
326.0625  55.0300
322.9725  54.7300
321.0125  57.4400
319.6125  57.7400
318.7725  56.5400
317.3725  56.5400
317.9325  55.9400
317.6425  54.4300
316.2425  54.4300
315.6925  53.2300
314.5725  53.5300
314.2925  50.2200
312.6125  49.9200
312.0525  48.7100
308.6825  49.3100
308.4025  46.3000
310.9325  46.6000
311.7725  45.3900
312.0525  42.3800
317.1025  33.6500
317.3825  30.3400
316.2525  30.9400
315.9725  32.4500
314.5725  32.7500
314.5725  33.3500
312.8825  33.0500
310.6425  36.0600
309.2425  36.3600
308.4025  37.8600
306.7125  38.4600
305.5925  39.6600
305.3025  41.4700
303.0625  39.6600
303.0625  38.4600
306.1525  32.1400
305.8625  26.7200
303.0625  27.9200
300.5325  32.7400
296.6125  28.8200
296.6125  27.3100
294.3625  26.4200

Islands
57
 80.7325 179.1200
 85.7725 180.3200
 86.3325 181.2200
 99.5025 185.7400
104.5525 184.8400
102.0225 183.9400
102.0225 182.4300
105.9525 183.3300
107.6325 183.0300
107.9225 183.6300
109.6025 183.0300
110.1625 184.5400
111.5625 183.9400
111.8425 184.8400
112.6825 184.8400
112.6825 181.2300
111.5625 178.8200
110.7225 178.5200
111.0025 177.3200
107.9225 172.5000
106.7925 171.8900
106.7925 170.3800
105.9525 169.4800
105.3925 165.5600
106.5125 163.4500
104.2725 161.0400
103.1525 161.6500
103.4325 157.4300
105.1125 153.2100
 99.7925 148.3900
 98.9425 148.3900
 98.1025 149.8900
 93.0625 150.1900
 82.4025 154.1100
 80.7225 154.1100
 80.4325 153.5100
 80.4325 154.1100
 75.3925 154.4100
 73.1525 153.5100
 68.1025 153.2100
 65.3025 152.0000
 61.1025 152.0000
 60.5425 153.2100
 57.1825 152.3100
 57.7325 153.8200
 59.6925 154.4200
 61.6525 158.0400
 64.1825 159.8500
 64.7425 161.3600
 62.2125 164.6700
 62.2125 167.0800
 59.4125 168.2900
 56.0425 167.6900
 55.7625 168.9000
 58.2925 169.5000
 59.1325 171.9100
 62.7825 172.5200

Islands
37
421.3525   8.9700
421.3525  10.1800
423.8725  12.8900
420.5025  11.9900
419.3825  13.1900
419.3825  14.4000
420.2225  16.2100
421.3525  16.8100
422.1925  20.1200
426.6725  24.9400
433.4025  26.4400
433.6925  29.1500
435.6525  29.4500
435.9325  30.0500
436.7725  29.7500
437.6125  27.6500
441.5425  25.5400
442.3825  21.9300
442.9425  21.9300
441.8225  17.4100
444.3425  13.5000
444.3425  10.1900
440.7025   9.5900
438.4625  10.4900
435.9325  10.1900
435.6525  12.0000
434.5325  12.3000
433.6925  10.5000
431.1625   8.3900
431.1625   5.9800
428.3625   3.2700
426.1225   2.3700
425.2725   2.3700
424.9925   3.2700
427.5225   6.5800
427.5225   7.4800
425.2725   8.6900

Islands
6
419.9525   9.2800
419.6625   8.3800
418.5425   8.0800
418.5425   7.1800
421.0625   7.4800
421.3525   8.9900

Islands
63
185.5825  52.6200
188.3825  52.6200
189.2225  53.2200
190.6225  57.1400
193.1525  57.1400
195.3925  58.9500
193.7125  62.5600
190.3425  63.1600
189.5025  65.2700
189.5025  66.1700
191.4625  65.8700
192.3125  66.4700
192.5925  68.5800
193.7125  68.8800
193.4225  70.3800
192.0225  70.9800
192.8625  73.0900
194.8225  74.2900
195.1125  75.1900
199.0325  75.1900
199.5925  74.5900
200.4325  76.0900
202.3925  76.9900
202.3925  75.4800
203.7925  74.8800
203.7925  73.9800
202.9525  72.4800
200.1525  70.6700
203.5225  70.6700
203.8025  69.1700
200.4325  67.6600
198.4725  67.6600
196.7825  66.1600
197.0625  63.4500
198.7425  60.4400
201.2725  58.6300
202.9525  58.3300
204.0825  59.8400
205.7625  59.8400
206.3225  58.3300
208.0025  57.1300
206.6025  55.9200
206.6025  54.1100
203.8025  52.9000
203.5225  50.7900
202.4025  51.3900
201.0025  54.1000
200.1625  54.1000
199.6025  53.2000
197.9225  53.2000
195.3925  51.0900
195.3925  49.8900
193.9925  48.9900
192.3125  48.9900
192.3125  47.1800
191.1925  47.4800
190.9125  46.8800
188.9525  46.8800
188.6625  48.3800
185.8625  48.0800
185.5825  50.4900
184.7425  51.0900
184.7425  52.3000

Islands
25
197.3525 114.9500
197.3525 114.0500
200.7225 114.6600
207.4525 113.7600
209.4125 114.3600
211.6525 113.4600
213.0525 111.3500
211.6525 105.3300
213.3325 103.8300
214.7325 100.8200
214.1725  97.5100
212.7725  96.0100
211.0925  95.4100
208.0025  97.5200
207.4525  99.9300
205.7625 102.0400
205.7625 104.7500
202.1225 105.6500
202.1225 107.1600
201.2825 107.4600
200.4325 109.2700
195.1125 109.5700
193.7125 112.5800
195.3925 112.5800
195.1125 114.6900

Islands
36
 78.4925  19.5100
 79.0425  17.4000
 81.5725  17.7000
 82.9725  16.8000
 82.6925  14.6900
 79.3325  14.0900
 79.6125  11.0800
 81.3025  10.7800
 81.5825   8.3700
 82.7025   7.1700
 82.1425   6.5700
 80.7425   7.4700
 78.7825   7.1700
 78.2225   5.3600
 76.8225   5.3600
 76.2625   6.2600
 74.3025   5.3600
 72.6225   5.6600
 72.0625   4.1600
 68.9825   3.2600
 68.4225   4.4700
 66.4625   5.0700
 66.4625   5.9700
 65.0725   6.5700
 65.8925   9.8800
 69.2625  11.6900
 71.2225  11.6900
 71.7825  10.1900
 72.9025  10.1900
 73.4625  12.0000
 74.3025  11.4000
 75.9925  12.9000
 75.9925  14.4000
 74.8925  15.0000
 75.4325  18.3100
 77.1225  19.5200

Islands
20
155.0225  39.6900
154.4625  41.2000
152.5025  41.2000
151.9425  42.4100
149.9825  42.7100
149.1425  44.2100
149.9825  49.3300
154.1925  53.5500
156.7225  53.2500
159.2425  50.5400
158.9625  49.3400
159.8025  47.8300
158.6825  47.2300
158.6825  45.4200
159.8025  45.4200
160.0825  46.3200
161.7625  46.0200
161.4825  40.3000
158.1125  39.0900
157.5525  37.5900

Islands
15
425.0025  39.9900
426.6825  38.1800
426.1325  32.1600
424.4425  30.3600
421.0725  28.5500
419.3925  30.0600
417.4325  29.7600
416.5925  30.9700
415.4625  30.9700
415.4625  28.2600
414.3325  27.9600
414.3325  29.4700
412.9325  30.9700
413.4925  34.2800
412.9325  38.1900

Islands
18
211.6525 151.1100
212.4925 148.4000
208.5625 145.9900
208.0025 144.1800
209.1225 143.2800
209.9625 145.0900
213.8925 145.0900
215.0225 141.7800
212.4925 137.8600
210.2525 137.8600
207.4625 136.3500
207.1725 137.8600
205.4925 138.7600
204.6525 140.2700
204.9325 142.0700
202.9725 144.1800
203.2525 145.9900
202.4025 148.1000

Islands
36
 73.4425  37.8800
 73.4425  37.2800
 76.5325  36.0700
 77.6525  33.3600
 79.9025  32.7600
 80.1825  33.6600
 81.5825  33.6600
 83.2725  31.2500
 84.3925  31.2500
 85.2325  32.1500
 86.0825  31.8500
 87.7625  29.4400
 87.2025  27.0300
 86.0825  27.0300
 85.7925  28.2300
 83.8325  29.7300
 82.9925  29.4300
 83.8325  27.6200
 83.2825  26.1100
 81.8725  26.4100
 81.3225  28.8200
 80.7625  27.6200
 79.3625  27.6200
 79.0725  29.1200
 79.6325  30.0200
 78.7925  31.5200
 75.4225  30.9200
 75.4225  29.1100
 74.0225  28.8100
 74.0225  27.6100
 71.4925  28.2100
 71.4925  30.3200
 72.6225  31.8200
 71.7825  33.0200
 71.7825  34.8300
 72.3425  37.5400

Islands
9
222.3025 121.2900
223.9925 119.4800
223.1525 116.1700
218.3825 112.5500
215.2925 113.4500
214.1625 114.9500
215.0125 118.5700
216.4125 118.8700
217.2525 120.6800

Islands
14
460.3225  40.2900
461.1725  38.7900
459.2125  34.8700
459.7725  33.3600
459.2125  30.6500
458.0825  29.7500
454.4425  30.3500
453.3125  31.5500
452.7525  36.0600
454.1525  36.9600
455.5625  36.3600
456.4025  39.6700
458.0825  39.9700
459.2125  39.0700

Islands
6
246.9725 145.0900
246.9725 139.9700
242.7725 139.9700
241.6525 142.3800
243.6125 144.1900
245.5725 144.1900

Islands
10
474.0625  30.9600
473.5025  30.0600
472.6525  30.0600
471.8125  31.8600
473.5025  32.7600
473.5025  33.6600
474.6225  34.5600
475.1825  38.4800
476.8725  39.0800
476.5825  35.1700

Islands
10
  2.2325  70.4000
  2.5225  69.8000
  3.6225  70.4000
  4.4825  69.5000
  3.9225  67.3900
  2.5225  66.4900
  1.6825  66.7900
  1.6825  68.3000
  0.2825  68.9000
  0.5625  70.4000

Islands
7
304.4425  79.1300
304.4425  76.7200
302.7625  75.8200
300.8025  76.4200
301.9225  78.8300
303.3325  79.7300
304.7325  79.7300

Islands
6
 90.5425   4.4700
 90.8225   1.7600
 89.7025   0.2600
 88.5725   0.2600
 88.0125   2.3600
 89.7025   4.4700

Islands
6
226.7925 148.7000
227.9225 147.1900
227.9225 145.9900
225.6725 145.3900
225.3925 146.6000
223.9925 147.5000

Islands
9
 68.1125  22.2300
 68.6725  21.9300
 68.1125  19.8200
 66.1525  20.4300
 65.8625  19.2200
 64.4625  19.2200
 63.6225  20.1200
 63.9025  20.7200
 67.2625  21.3200

Islands
7
 90.2625  29.7500
 91.1025  28.2500
 92.7825  27.3500
 92.5025  26.1500
 91.3725  26.1500
 89.9725  27.3500
 89.4225  29.4600

Islands
5
 71.7625  24.6300
 72.3225  21.6500
 71.4725  21.3200
 70.3525  21.9200
 70.0625  23.4200

North
366
387.1525 403.4700
388.5525 404.9800
390.7925 409.8100
394.9925 408.3000
395.8325 409.5100
398.3625 410.7200
398.6525 413.1300
399.7725 413.1300
402.3025 411.3200
405.1025 412.5300
405.3825 414.0400
407.0725 415.2500
407.9125 420.9800
410.1525 423.7000
410.1525 426.7200
411.0025 427.3300
411.5525 430.0400
412.6725 430.3400
413.5125 429.4400
414.6425 430.6500
416.3225 430.3500
416.8825 429.7500
416.8825 426.7300
418.2825 425.2200
419.9725 426.4300
419.6825 428.2400
422.2125 428.2400
423.3425 426.7300
424.1825 426.7300
424.4625 430.3500
427.2625 430.0500
428.1025 428.8400
429.2325 429.4400
430.0725 429.4400
430.0725 428.8400
426.7025 425.5200
426.9925 424.6200
430.6325 426.7300
432.0325 426.4300
431.1925 424.9200
428.3925 424.3200
428.1025 421.9100
425.5825 419.1900
425.8625 418.2900
427.5525 417.6800
429.5125 418.8900
430.0625 420.4000
432.3125 420.1000
433.4325 418.5900
431.4725 415.2700
431.4725 413.4600
432.6025 414.0600
433.7325 416.4700
436.5325 416.1700
437.3725 414.3600
436.8125 412.2500
434.2825 411.9500
432.8825 410.1400
432.0425 407.7300
432.8825 404.1100
435.4125 404.1100
436.2525 405.6200
438.7825 405.6200
439.3425 404.4100
442.7025 404.4100
444.3825 406.5200
443.2625 407.7300
443.8125 408.9400
445.7725 407.1300
451.1025 408.0300
448.3025 402.9000
449.1425 401.0900
451.1025 401.6900
452.7825 403.8000
454.7425 404.7100
455.8725 404.4100
456.1525 402.0000
455.3125 401.7000
455.3125 400.7900
452.2325 398.9800
451.6725 396.2600
449.6725 395.9200
449.3925 393.2000
448.5425 393.2000
448.5425 390.7900
447.7025 390.7900
446.5725 392.9000
444.6125 393.8100
444.6125 394.4100
442.3625 394.7100
442.3625 393.5000
443.2125 393.5000
442.3625 391.3900
444.6125 391.0900
443.4825 387.1700
444.8825 385.6600
445.4425 385.6600
445.4425 387.1700
447.4025 387.7700
454.4125 388.3800
454.6925 387.2200
453.5725 385.6700
457.7725 385.6700
458.0525 383.8600
459.1825 383.2600
459.1825 385.3700
461.9825 385.9800
462.5425 384.7700
463.3825 384.7700
464.2225 382.0500
466.4625 381.7500
467.8725 383.2600
466.7425 383.8600
466.7425 384.7700
468.1425 386.2800
466.7425 388.0900
465.6225 388.0900
464.5025 389.9000
469.5425 389.9000
470.3825 390.8000
471.5125 390.8000
472.3525 390.2000
472.6325 388.6900
474.3225 387.7800
475.1625 390.5000
476.0025 391.7100
477.4025 391.7100
477.9625 394.4200
479.9225 396.2300
480.2125 397.7400
479.0825 399.2500
479.6425 402.8700
478.5125 403.7800
478.7925 404.9900
485.5225 402.2700
487.4825 398.6500
486.6425 398.0500
486.9225 397.1500
489.4525 397.1500
491.4125 395.0400
491.1225 393.8300
490.0025 393.8300
488.8725 391.4200
487.4725 390.8200
486.6325 389.3100
482.1425 388.1000
480.4625 385.3800
479.3725 385.3800
477.3725 386.8900
475.1325 386.2900
473.4525 383.2700
471.7625 383.2700
467.5525 380.5500
468.3925 379.0400
470.3525 379.0400
472.8825 376.3400
474.5625 375.7200
475.9625 377.5300
479.3325 379.3400
482.1325 379.3400
484.0925 380.8500
489.1425 380.8500
494.4625 382.9600
496.9925 383.2600
499.5225 386.2800
504.2425 388.3900
504.2425 388.3900
504.8525 386.7500
502.7225 385.3800
501.4425 382.6400
497.6225 379.9000
493.3725 379.4400
486.1525 374.4100
484.4525 372.1200
481.9025 371.2000
472.5525 364.8000
471.2825 364.8000
467.0325 367.0900
464.4825 367.0900
463.2025 368.9200
454.2825 373.9500
447.9125 374.4100
444.9325 372.5800
441.9625 372.5800
440.6925 373.5000
438.9925 372.1300
436.4425 372.1300
436.8625 370.7600
436.0125 369.8400
433.4525 369.3800
421.1325 369.8400
419.0025 371.6700
414.7525 377.6100
411.7825 379.4400
411.3625 381.7200
409.2325 381.2600
408.3825 380.3400
408.8025 377.6000
407.9525 376.6900
406.6725 377.1500
404.1225 374.8700
401.5725 373.9600
399.8725 370.3000
398.1725 368.4700
395.2725 367.5400
394.4225 366.6200
393.5625 362.5100
389.3225 365.7100
386.7725 365.7100
382.5225 367.0800
376.9925 366.1600
370.1925 368.9100
365.0925 369.3700
363.4025 371.2000
360.8425 370.7400
355.7425 372.5700
351.0725 372.1100
347.6725 370.7400
343.4225 367.0800
340.8725 359.7600
339.5925 359.7600
338.3225 362.0500
337.0425 362.5100
333.2225 361.5900
332.7925 366.1600
326.0025 364.7900
321.3325 364.7900
320.0525 363.4200
320.0525 362.0500
322.6025 357.9300
322.6025 355.1900
319.6325 356.1000
317.5025 354.2700
317.0825 352.4400
315.3825 350.1500
310.2825 348.3200
303.0625 342.8300
301.7825 342.3700
299.2325 342.8300
295.8325 340.5500
295.8325 340.5500
289.8825 339.6300
287.3325 342.8300
286.0625 342.8300
283.5025 345.5700
282.2325 346.0300
275.8625 343.7500
271.1925 344.2100
268.2225 341.9200
264.8225 341.0100
257.1725 340.5500
257.1725 355.6500
260.1425 362.9600
260.1425 367.0800
261.0025 368.4500
258.8725 371.6500
258.0225 374.3900
259.7125 376.6800
258.8625 382.6200
257.5825 383.5300
257.5825 386.2700
258.4425 387.1900
259.7125 386.7300
260.9925 388.5600
259.2925 390.3900
259.2925 392.6800
258.4425 393.6000
259.7125 399.5400
257.5825 401.3700
256.3125 401.3700
254.1825 398.6300
252.4825 398.1700
252.4825 398.1700
255.0225 402.7700
254.6025 404.5800
249.0825 409.1600
248.6625 410.5300
255.8825 413.2700
259.2825 417.3900
262.2525 417.3900
266.0325 414.2100
271.1725 415.1000
271.5925 413.2700
270.7425 411.9000
272.0225 411.4400
273.7225 412.3600
275.0025 414.6500
276.7025 415.1100
277.9725 416.4800
278.3925 412.3600
279.6725 410.0700
282.2225 409.1600
283.9225 410.0700
285.6225 412.3600
285.6225 414.6500
289.8725 414.6500
290.7225 416.4800
291.9925 416.4800
291.5725 418.3100
295.4025 421.0500
296.2525 420.1400
297.5225 420.1400
299.6425 422.4300
308.5625 423.8000
309.8425 424.7100
314.0925 421.9700
317.9125 422.8800
318.7625 424.2500
317.9125 425.1700
322.1625 428.3700
321.7425 430.2000
319.6125 431.1100
321.7425 433.8600
321.7425 436.1400
323.8725 436.6000
325.1425 435.6900
326.4225 436.6000
327.2725 441.1700
330.2625 443.9200
331.9625 443.4600
333.2425 441.6300
334.5125 441.6300
336.2125 443.4600
338.7625 443.4600
341.3125 442.0900
344.2825 442.0900
345.9825 443.0000
347.6825 441.1700
348.1125 437.9700
349.8125 437.0600
355.3325 437.5200
360.8525 436.1500
362.1325 437.0700
371.0525 439.3600
374.0225 437.5300
375.3025 438.4400
383.7925 436.6100
386.7725 436.6100
392.2925 432.4900
394.4225 432.0300
397.8125 428.3700
396.1125 425.6300
396.1125 423.3900
394.1525 423.0900
394.1525 422.4900
393.0225 424.0000
387.7025 423.4000
386.5725 421.2900
385.1725 420.6900
384.3325 416.1600
382.9325 415.2500
382.6425 414.0400
381.8025 413.1300
378.4325 413.7300
377.8725 412.5200
378.1625 410.7100
378.7225 410.7100
378.7225 409.2000
377.5925 407.6900
378.1525 403.4700
379.2725 403.4700
379.5625 404.6800
383.2025 404.3800
385.1625 406.4900
385.7225 406.1900
385.7225 404.0800

North
58
463.1325 436.3600
463.9725 435.7600
463.1325 433.3400
463.9725 432.1300
470.4225 431.5300
477.1525 432.1300
479.9525 431.2200
486.9625 430.9200
485.2825 430.6200
483.5925 428.2200
481.6325 427.9100
481.6325 427.3100
478.2725 429.1200
477.9825 427.3100
475.4625 427.6100
475.1725 425.8000
473.7725 424.5900
468.1625 429.4200
466.7625 428.5100
465.9225 429.1100
464.5225 427.6000
463.9625 424.2800
467.0425 423.3700
467.3325 421.2600
468.7325 419.1500
472.9325 415.8300
475.4625 416.4300
476.0125 414.6200
474.0525 411.0000
469.5625 411.6000
469.8425 414.6200
469.2925 415.2200
467.0425 414.9200
464.8025 412.8100
458.6325 412.8100
457.5025 412.5100
457.5025 411.9200
455.2725 412.5200
455.2725 414.0300
457.5125 415.8400
457.5125 418.2600
460.0425 418.2600
461.1625 419.7700
462.0025 419.7700
461.4425 418.2600
462.8425 418.2600
463.9725 419.1600
462.5725 421.8800
460.6125 423.0900
460.6125 424.0000
456.1225 427.3200
456.1225 428.5200
458.6525 428.5200
459.4925 429.4300
457.5325 431.8400
457.8225 434.5600
458.6625 434.5600
459.7825 436.3700

North
22
490.3225 417.0600
491.7225 413.1400
491.7225 410.7300
490.6025 410.4300
490.3125 405.9000
492.0025 402.8800
491.1525 402.8800
490.3125 401.3700
488.9125 401.3700
488.3525 403.1800
485.5525 403.1800
483.3125 405.5900
478.2725 407.7000
477.9825 412.5300
479.6725 414.6400
482.7525 412.8300
484.7125 408.3100
486.6725 408.0100
488.3525 411.0300
487.5125 414.0500
487.7925 416.1600
488.6325 417.0700

North
6
478.8225 422.2000
480.7825 420.0900
476.8625 416.7700
475.1725 417.0700
474.8925 420.3900
477.1325 422.2000

North
7
395.5625 420.0800
396.4025 418.8700
395.5625 416.4600
394.1625 415.5500
392.2025 415.5500
390.7925 418.2700
393.0325 418.5700

North
6
456.4025 399.5600
456.6825 398.9600
458.6425 398.6600
458.3625 397.1500
454.9925 397.7500
454.7025 399.2600

North
5
500.9725 422.8000
502.0925 420.9900
501.5425 419.4800
500.4225 419.1800
499.2925 422.2000

Yuen_Long
220
295.8525 340.5600
294.5725 336.4500
289.6825 330.2900
289.3425 328.5700
286.9325 326.3900
280.5225 317.8100
279.7025 314.9600
281.4125 309.9300
283.9325 305.8600
284.6725 299.9700
292.3625 290.3200
292.8725 286.1700
292.8725 286.1700
292.4525 283.4300
289.9025 280.6900
289.9025 279.3200
286.5025 279.3200
284.3825 280.2300
280.9825 277.4900
280.1325 275.6600
277.5825 274.7400
275.8825 275.2000
274.6125 274.2900
273.3325 274.2900
272.9125 275.6600
271.6325 276.5700
267.8125 276.1200
265.2625 272.4600
260.1525 268.3500
258.0425 268.3500
255.4825 270.1800
252.9325 270.6300
251.2425 269.7200
246.9925 265.1500
243.5825 264.6900
242.3125 265.1500
239.7625 260.5800
238.4925 261.4900
236.7925 261.0400
232.1225 257.8400
232.1225 257.8400
232.5425 264.6900
231.2625 265.6100
223.6225 265.6100
223.6225 272.4600
224.0425 273.8300
226.5925 274.2900
227.0125 277.0300
226.1725 277.9400
218.5225 277.9400
217.6725 277.0300
217.6725 274.2900
178.5825 274.2900
178.1525 283.8900
177.3025 284.8000
174.7525 284.8000
173.4725 285.7100
173.0525 292.5700
164.9825 293.0200
163.7025 292.5700
160.7325 296.6800
160.7325 299.4200
162.4325 302.1700
162.4325 303.5400
157.3325 302.6200
156.4825 301.7100
152.6625 300.7900
151.3825 301.7100
150.1125 301.2500
137.3625 301.7100
136.0925 302.6200
136.0925 303.9900
115.2725 304.4500
111.8725 297.1400
105.4925 289.3700
104.6425 291.2000
104.9025 297.0000
104.9025 297.0000
105.1125 297.2800
105.1125 297.2800
112.4025 302.1100
113.5325 305.7300
113.5325 308.7400
116.3325 312.9700
119.9725 315.3800
120.2625 319.6000
121.9425 321.4100
125.0225 321.4100
132.0325 326.2300
137.3525 326.8400
143.8125 330.4600
144.0825 331.6600
145.7725 333.1700
146.6125 338.0000
148.8525 342.5200
152.7825 345.5400
153.9025 347.6500
155.5825 347.9500
156.4225 350.3700
157.8225 350.3700
159.5125 352.1700
160.3525 354.8900
161.4725 356.1000
162.8725 361.8300
164.5525 362.7400
166.7925 365.7500
167.9125 365.1500
171.0025 365.4500
172.6825 363.6400
179.1325 362.1300
178.2925 353.0800
176.0525 353.0800
175.7625 347.6500
174.6425 346.7500
174.6425 345.8400
176.6125 346.7500
176.8825 344.6300
181.9325 339.5100
183.0525 339.5100
185.0225 341.6200
187.2625 341.0100
188.3825 342.5200
186.4225 344.9400
185.2925 345.2400
187.8225 348.2500
189.7825 348.2500
191.1925 349.4600
192.8625 349.4600
195.1125 348.2500
196.2325 346.4400
195.1125 339.2000
195.6725 337.7000
196.7925 338.3000
197.0725 342.5200
197.6325 343.1300
199.8825 343.1300
204.6425 341.3200
206.0425 339.8100
209.6825 338.3000
209.6925 337.7000
211.9325 336.4900
211.3725 339.2000
209.6925 339.5100
206.0425 342.2200
200.7225 344.6300
198.7525 346.4400
198.1925 348.2500
195.9525 348.5600
190.9125 354.5900
189.7825 354.2900
189.7825 352.7800
186.9825 352.4800
183.8925 350.3700
182.7825 347.3500
182.2125 347.3500
181.9325 341.6200
181.3725 341.6200
181.3725 347.0500
179.9725 348.2500
178.8525 348.2500
176.8825 350.6700
178.2925 350.9700
179.1325 349.7600
181.3725 350.3700
182.7825 351.8700
182.7825 353.6900
186.7025 355.7900
188.9425 356.1000
189.5125 357.3000
192.5925 358.5100
192.8625 360.6200
192.3125 360.6200
192.0225 363.3400
193.9925 365.1500
194.5525 369.3700
199.4025 374.8600
201.0925 375.3100
206.1925 381.2600
207.8925 380.8000
209.5925 382.6300
215.9725 380.8000
223.1925 381.2600
226.1725 384.4600
226.1725 387.6600
227.4425 391.3200
231.6925 394.9700
237.2225 396.8000
241.4725 397.2600
246.1325 394.0600
252.5125 398.1800
252.5125 398.1800
254.2125 398.6300
256.3425 401.3800
257.6025 401.3800
259.7325 399.5500
258.4625 393.6000
259.3125 392.6900
259.3125 390.4000
261.0125 388.5700
259.7325 386.7400
258.4625 387.2000
257.6025 386.2800
257.6025 383.5400
258.8825 382.6300
259.7325 376.6800
258.0425 374.4000
258.8825 371.6500
261.0125 368.4500
260.1525 367.0800
260.1525 362.9700
257.1825 355.6500
257.1825 340.5600
264.8325 341.0200
268.2325 341.9300
271.2025 344.2200
275.8825 343.7600
282.2525 346.0500
283.5225 345.5900
286.0825 342.8500
287.3525 342.8500

Tai_Po
248
379.8625 342.5200
378.4625 340.1100
379.0225 337.7000
377.9025 334.6800
378.1925 332.2700
381.2725 330.7600
383.8025 331.0600
384.3625 330.1600
388.0025 330.1600
389.9625 327.7500
391.3625 327.1500
393.6025 327.4500
393.6025 325.9400
389.3925 325.3400
387.9925 325.9400
387.7125 328.3500
386.5825 328.6500
384.3425 326.5400
385.7425 324.7900
390.7825 322.9200
391.3425 321.7100
390.2125 320.5000
386.2925 321.4100
386.8525 319.6000
385.4525 318.6900
384.0525 320.8000
379.2825 321.1000
378.7325 322.3100
380.1325 322.9200
380.4125 324.7300
378.7325 325.0300
377.0425 324.1200
375.0825 324.1200
374.2425 325.9300
374.8025 327.7400
377.3225 328.0400
377.3225 328.6400
376.7725 329.2400
374.5225 329.2400
371.7225 330.7500
371.4425 332.2600
370.3125 332.2600
367.7925 329.5500
368.0725 326.5300
366.3925 324.7200
362.4625 322.9100
357.4125 324.4100
351.5325 325.0200
350.1325 324.1100
349.8425 321.7000
347.6025 321.1000
346.7625 319.5900
348.4425 316.0400
350.6925 314.4700
352.9325 314.4700
352.9325 312.9600
355.1725 311.4500
357.7025 310.8400
359.9425 312.0500
364.1425 311.7500
365.8325 311.1500
366.1125 309.6400
367.5125 308.1300
371.4425 307.2200
372.2825 306.3100
372.2825 304.2000
371.1525 303.2900
371.1525 302.3800
372.8425 301.7800
373.6825 299.0700
376.4825 298.4700
377.4825 297.5600
377.4825 297.5600
376.4625 296.0600
373.1325 296.4400
372.2325 292.9400
371.5125 293.0000
370.5325 295.8100
369.5825 295.8100
368.5325 293.7100
367.3125 287.4800
354.3725 287.4400
353.3825 284.3100
343.6425 284.6100
342.3025 284.0700
341.3525 281.9200
336.5625 281.9200
334.9225 281.3000
334.9225 281.3000
329.1825 281.9000
325.7725 280.3700
323.2125 281.0800
314.5325 281.1100
314.0125 285.2600
297.1525 285.9700
292.7825 284.4200
292.8525 286.1300
292.8525 286.1300
292.3425 290.2800
284.6525 299.9300
283.9125 305.8200
281.3825 309.9000
279.6825 314.9300
280.5025 317.7700
286.9125 326.3500
289.3325 328.5300
289.6725 330.2500
294.5625 336.4100
295.8425 340.5300
295.8425 340.5300
299.2425 342.8100
301.7925 342.3500
303.0725 342.8100
310.2925 348.3000
315.3925 350.1300
317.0925 352.4200
317.5125 354.2500
319.6425 356.0800
322.6125 355.1700
322.6125 357.9100
320.0625 362.0300
320.0625 363.4200
321.3425 364.7900
326.0125 364.7900
332.8025 366.1600
333.2325 361.5900
337.0525 362.5100
338.3325 362.0500
339.6025 359.7600
340.8825 359.7600
343.4325 367.0800
347.6825 370.7400
351.0825 372.1100
355.7525 372.5700
360.8525 370.7400
363.4125 371.2000
365.1025 369.3700
370.2025 368.9100
377.0025 366.1600
382.5325 367.0800
386.7825 365.7100
389.3325 365.7100
393.5725 362.5100
394.4325 366.6200
395.2825 367.5400
398.2525 368.4500
399.9525 370.2800
401.6525 373.9400
404.2025 374.8500
406.7525 377.1300
408.0325 376.6700
408.8825 377.5800
408.4625 380.3200
409.3125 381.2400
411.4425 381.7000
411.8625 379.4200
414.8325 377.5900
419.0825 371.6500
421.2125 369.8200
433.5325 369.3600
436.0925 369.8200
436.9425 370.7400
436.5225 372.1100
439.0725 372.1100
440.7725 373.4800
442.0425 372.5600
445.0125 372.5600
447.9925 374.3900
454.3625 373.9300
463.2825 368.9000
464.5625 367.0700
467.1125 367.0700
471.3625 364.7800
472.6325 364.7800
481.9825 371.1800
484.5325 372.1000
486.2325 374.3900
493.4525 379.4200
497.7025 379.8800
501.5225 382.6200
502.8025 385.3600
504.9325 386.7300
504.3225 388.3700
504.3225 388.3700
506.8825 387.1600
507.1625 384.7500
501.2725 379.6200
500.1525 379.6200
497.3425 376.6000
495.6625 376.3000
493.4225 372.9800
490.0625 370.2600
489.2225 368.1500
486.4225 366.3400
485.2725 364.2400
483.3125 363.0300
481.6325 363.9400
479.1025 363.6400
477.9825 361.5300
479.3825 360.6200
479.3825 359.7200
477.9825 359.1200
477.7025 358.2100
475.7425 357.0000
473.7825 357.0000
469.8525 353.9800
465.3725 353.3800
463.4125 350.3700
460.3225 349.4600
459.7725 348.5500
455.0025 347.6500
453.6025 346.1400
451.9125 345.8400
449.9525 344.3300
446.0325 345.2400
443.2325 344.6300
441.8325 342.8200
442.6725 342.2100
444.0725 342.5100
443.2325 340.7000
437.0625 337.9800
435.3725 335.8700
432.2925 334.6600
428.3625 328.6300
424.1625 325.0100
423.3225 326.2200
420.5125 325.9200
420.2325 324.7100
417.9925 324.1100
416.5925 322.0000
416.0325 322.0000
416.0325 326.8300
416.8725 326.8300
416.8725 327.7400
403.7025 341.3100
401.7425 341.9100
401.7425 344.0200
400.3425 345.8300
395.3025 344.6200
393.0525 341.9100
388.0125 341.0000
387.4525 341.6000
386.3325 341.3000
386.0525 344.3200
384.9325 346.1300
382.9725 346.1300
382.1225 344.0200
380.7225 343.7200

Tai_Po
235
415.1925 301.8100
416.0325 303.0100
420.5125 303.9100
421.3625 305.1200
422.4825 305.1200
423.3325 306.0200
425.2925 302.7000
436.7925 304.5100
437.9125 304.8100
438.1825 305.7100
438.7525 303.6000
440.6825 301.4900
441.2725 293.9500
437.9025 288.5200
439.8625 288.5200
440.1425 286.1100
442.9425 284.3000
442.9425 283.3900
444.3425 282.1800
444.6325 279.7700
445.1825 279.7700
445.4725 282.7900
444.6325 284.3000
445.7525 288.5200
447.1525 290.0300
452.2025 291.8400
454.4425 294.8600
457.5225 296.9700
457.2425 299.0800
455.8425 299.3800
454.7125 298.7800
455.0025 301.1900
453.3125 302.7000
453.0325 306.0200
451.9025 306.9300
450.7825 310.2500
450.7825 311.7600
452.7425 313.2700
453.0325 314.4800
449.1025 315.0800
447.7025 314.1700
446.8625 315.3800
446.8625 317.1900
448.8225 317.7900
451.9025 323.2200
454.4325 324.1300
456.1125 326.5400
458.9025 325.3300
459.7525 322.6200
461.1525 322.6200
461.4325 331.0600
462.2725 331.6600
463.6725 331.0600
465.3625 328.6500
469.5625 329.2500
469.8425 327.1400
471.8025 327.1400
473.2125 329.8500
472.0925 336.1900
474.6125 337.1000
475.7325 341.9300
477.6925 343.4400
478.8125 345.5500
483.3025 347.0600
485.5425 350.9800
486.6725 351.5800
490.3125 351.5800
491.4425 355.2000
492.5625 355.2000
494.2525 351.5800
495.0925 351.2800
493.6925 348.5700
494.5325 346.4600
497.3325 345.8600
499.2925 347.6700
501.5425 347.6700
501.8225 344.3600
500.1425 344.6500
499.5825 343.7500
499.0225 338.9200
497.6225 336.8100
498.1825 335.0000
499.8625 335.0000
501.8225 337.7100
505.1925 336.5000
506.8725 337.1000
506.3225 339.8200
508.2825 341.0300
509.6825 344.9500
509.1325 347.3600
507.7325 348.2600
507.7325 349.1700
509.9625 349.4700
510.2425 352.1800
511.9325 353.9900
513.3325 353.0800
515.0125 347.6500
514.7325 344.3300
518.3725 335.8800
515.0025 333.4700
512.7625 333.7700
509.1225 336.4800
508.2725 335.8800
509.3925 333.1700
507.4325 327.1400
509.1225 324.1200
508.8325 320.2000
511.9225 318.9900
512.2025 316.5800
509.4025 311.4600
504.6325 311.7600
504.6325 310.2500
507.4325 307.2300
507.9925 305.4200
507.4325 301.8000
506.8725 301.8000
505.1925 298.4800
506.5925 298.1800
508.5525 299.6900
508.2625 301.5000
508.8225 302.4000
512.1925 302.4000
512.1925 306.6200
512.7525 306.6200
514.4325 309.9400
516.6825 310.5500
518.0525 309.3400
517.8025 306.3200
519.7625 303.3000
521.1525 298.4800
520.8925 296.3700
518.0925 295.4700
518.3725 293.6600
519.7725 292.1500
525.9425 292.1500
524.2625 293.6600
523.9725 295.1700
525.6625 295.4700
524.2625 298.1800
524.2625 303.6100
524.8225 304.8200
524.5325 308.4400
526.2225 310.8500
525.3725 312.0600
524.5325 312.0600
524.8225 309.6500
523.4125 309.6500
522.5725 313.2700
524.2625 319.0000
522.8625 320.5100
522.8625 322.0200
524.5425 323.2300
525.9425 322.6300
527.6325 322.9300
527.9125 324.1400
529.3125 325.3500
530.7125 324.4400
532.4025 324.4400
530.7125 328.9600
531.2625 329.8600
530.7125 332.8800
531.2725 334.3900
532.4025 334.3900
534.6425 332.2800
538.2825 331.6800
538.2825 329.8700
541.3425 327.1600
540.8025 322.6400
537.7125 319.0200
537.7125 316.6100
538.8325 315.7000
539.1125 313.4000
539.1125 313.4000
538.0625 314.5300
535.5125 313.6200
535.0925 312.2500
535.9425 308.5900
534.6725 305.8500
535.5225 304.0200
537.6525 302.6500
536.8025 298.0800
539.3525 295.3400
536.3725 287.1100
536.3725 284.3700
533.4025 282.5400
532.1325 279.8000
526.6025 274.7700
523.6325 274.3100
522.3525 275.2200
522.3525 277.9600
519.8025 279.3300
516.4025 279.3300
509.1825 288.0100
507.9025 288.4700
504.9125 284.3500
500.6725 283.9000
496.4225 285.7300
493.8725 288.0100
492.1725 290.3000
494.7325 292.5900
493.4525 293.5000
490.9025 293.9600
488.7825 296.7000
479.4325 298.5300
476.4625 296.2400
477.3125 291.6700
475.1825 288.4700
476.4625 286.6400
473.9125 284.8100
469.2425 285.7300
466.6925 284.8100
463.2925 286.1800
458.1925 284.8100
457.3425 283.4400
456.4825 277.5000
452.6625 273.8400
451.3825 271.1000
448.8325 271.1000
447.5525 272.0100
442.0325 266.5300
427.1625 266.5300
426.3125 265.1600
421.6425 261.9600
421.6425 261.9600
421.6425 266.5300
423.3425 270.1900
422.4925 271.1100
422.4925 273.8500
420.7925 275.6800
420.7925 281.1600
416.9625 283.4500
418.6625 292.5900
418.6625 297.1600
416.5325 298.0700
417.8125 302.1800

Tai_Po
25
530.4125 361.8300
534.6125 360.3200
535.7325 357.9100
534.6125 353.9900
536.8525 352.1800
538.5425 349.4700
537.1425 346.1500
534.6125 345.2400
534.3225 343.4300
535.1725 342.8300
534.6125 340.7200
533.2125 340.4200
532.0825 338.3100
528.7125 339.2200
529.2725 345.5500
528.1425 345.5500
528.4325 349.1700
527.3025 350.3800
525.3425 350.0800
523.6625 354.9100
523.9425 356.4200
525.0725 356.4200
525.9125 357.9300
527.3125 358.2300
528.1525 360.3400

Tai_Po
23
601.3325 433.9500
601.0525 429.4900
601.6125 429.1200
601.8925 425.8000
602.7325 424.9000
603.8525 424.9000
607.2225 421.2800
608.9025 422.1900
612.2725 421.2800
612.2725 420.0700
611.1425 419.4700
610.3025 417.6600
605.2625 417.0600
604.9725 417.9600
600.4925 420.6800
598.5325 420.3800
597.1325 422.1900
596.0025 424.9100
596.5625 426.7200
595.1625 428.2300
595.1625 429.1300
596.2925 430.0400
596.8525 432.4500

Tai_Po
12
401.7325 331.6600
403.1325 331.0600
403.9725 328.9500
401.1725 324.4200
399.4925 322.9100
395.8425 322.0000
395.0025 320.7900
393.0425 321.4000
392.4925 322.9100
395.8525 325.0200
396.7025 328.6400
400.0625 331.6600

Tai_Po
21
529.8525 382.0400
533.2225 380.8300
535.4625 381.7400
535.7425 380.2300
532.9425 378.7200
532.9425 376.9100
531.8225 376.3100
531.8225 372.6900
531.2625 372.0800
528.1725 372.0800
527.6225 372.6800
528.1725 373.8900
526.7725 374.8000
526.7725 375.7000
525.6525 376.0000
525.6525 376.9000
527.6125 377.5100
527.6125 379.3200
526.7625 379.6200
526.7625 380.5200
528.4525 380.8200

Tai_Po
5
391.0725 336.7900
392.7625 334.9800
393.0425 333.1700
389.6725 333.1700
389.1225 335.2800

Tai_Po
6
501.5325 355.7900
502.3725 355.1900
502.3725 352.1700
502.0825 351.2700
500.9625 350.9700
500.6725 354.8900

Tai_Po
8
391.9225 312.0600
392.4825 310.2500
391.9225 310.2500
391.6425 309.0400
390.8025 309.0400
390.8025 312.0600
391.0825 312.6600
392.4925 312.6600

Tai_Po
6
542.1825 359.1100
542.1825 358.2000
543.3125 358.2000
543.3125 357.3000
540.7925 357.9000
540.5025 359.1100

Sha_Tin
186
390.6025 224.0300
386.7825 224.0300
384.6625 222.6600
382.5325 222.6600
382.1125 220.8400
379.5525 220.3800
378.2825 220.8400
376.5825 219.9200
372.3325 219.4600
369.7825 219.4600
368.5125 220.3800
366.3825 216.7200
363.8325 216.2700
362.5625 218.0900
360.8625 218.0900
360.0125 217.1800
360.3525 214.4400
355.3425 213.5200
352.3625 214.4400
348.5425 212.6100
348.5425 212.6100
343.0225 212.6100
341.7425 210.3300
341.7425 210.3300
338.7625 210.7900
336.6425 209.8700
334.0925 210.3300
331.5425 212.6100
330.2625 211.2400
328.9925 211.2400
327.2925 208.9600
323.4625 210.7900
321.3525 209.8700
319.6525 210.7900
318.3725 208.5000
315.8225 208.5000
315.8225 208.5000
313.2725 210.7900
313.2725 212.1600
310.3025 213.5200
309.4525 222.6600
312.0025 226.3200
313.6925 227.2300
314.1225 228.6000
312.4225 232.7100
313.2725 234.9900
315.3925 236.3600
312.8525 239.5600
313.6925 241.8500
316.2425 242.3000
317.5225 243.6700
317.5225 246.4100
317.5225 246.4100
319.6525 248.7000
324.3225 250.0700
326.8725 253.2700
329.8425 255.5500
331.1225 258.2900
334.9425 261.0400
335.7925 262.4100
334.9425 268.3500
336.6425 269.2600
336.6425 272.4600
336.2225 275.6600
334.5125 277.4900
334.9425 281.3300
334.9425 281.3300
336.5825 281.9500
341.3725 281.9500
342.3125 284.1000
343.6525 284.6400
353.3925 284.3400
354.3925 287.4800
367.3225 287.5200
368.5525 293.7500
369.6025 295.8400
370.5525 295.8400
371.5325 293.0300
372.2525 292.9700
373.1525 296.4600
376.4825 296.0800
377.5025 297.5800
377.5025 297.5800
381.2625 293.6600
384.6225 293.6600
383.7925 290.9500
384.0625 285.2200
382.6625 280.7000
384.3525 278.8900
385.1925 278.8900
386.5925 275.8800
375.9325 265.0200
374.8225 262.3100
373.1325 262.0000
372.5825 260.2000
370.0525 258.3900
369.2125 256.2800
366.1225 254.1700
366.1225 253.2600
364.1625 251.7500
363.8825 250.2500
362.1925 248.7400
362.1925 247.8300
358.2725 243.6200
357.1525 243.3200
357.4325 242.7100
359.6825 243.3200
361.0825 245.1200
362.1925 245.4200
363.3225 246.6300
363.8825 248.7400
365.8525 249.9500
367.2525 252.3600
369.4925 253.5700
369.2125 254.4700
370.3325 254.7700
371.7325 256.8800
374.5325 258.9900
375.9325 262.0000
377.9025 263.2100
379.0225 265.3200
380.1425 265.6200
382.6625 268.3400
387.9925 275.2700
390.7925 275.5700
391.0725 277.0800
389.9525 278.8900
390.7925 279.7900
390.5225 281.9000
391.3525 282.5100
392.4825 287.0300
392.1925 288.8400
393.0325 288.8400
393.3225 291.8600
396.4025 297.5800
400.0525 298.7900
403.1325 297.5800
403.6925 299.3900
405.3725 299.7000
408.1725 302.1100
408.1725 304.8200
406.4925 306.0300
406.4925 307.2300
407.6225 307.5400
408.4625 306.9300
409.5725 308.7400
412.3825 308.4400
414.3425 306.0300
415.4625 306.0300
416.0225 306.9300
417.4325 306.3300
417.1525 305.7300
415.7425 305.7300
413.7825 303.6100
413.7825 302.1100
415.1925 301.8100
415.1925 301.8100
417.8025 302.1700
416.5225 298.0500
418.6525 297.1400
418.6525 292.5700
416.9425 283.4300
420.7725 281.1400
420.7725 275.6600
422.4725 273.8300
422.4725 271.0900
423.3225 270.1800
421.6225 266.5200
421.6225 261.9500
421.6225 261.9500
421.6225 257.8400
423.3225 256.0100
423.3225 254.6400
415.6725 254.6400
416.5225 251.9000
413.5525 247.3300
411.4225 246.8700
410.5725 244.1300
408.8725 242.3000
405.4725 239.5600
403.3525 239.1100
402.5025 238.1900
396.9825 237.7400
395.2725 236.3600
394.4325 233.6200
391.8825 229.5100

Eastern
85
346.7825 141.4600
347.0625 142.6700
351.5525 142.9700
351.5525 143.5700
352.1125 143.2700
354.3525 145.0800
356.8725 144.4700
357.4325 146.5800
360.2425 148.0900
362.4825 151.1000
365.5625 151.7100
368.0925 153.5100
371.4525 153.2100
371.7325 154.1200
373.1325 154.1200
375.0925 152.6100
377.6225 152.9100
378.7425 151.4000
382.3825 151.4000
382.3825 150.8000
385.1925 149.9000
385.7525 148.6900
387.7125 148.6900
389.6725 147.2000
390.7925 147.1800
395.2825 144.1700
395.8425 141.4600
397.5225 140.2600
401.4525 141.1600
403.6925 142.6700
404.8225 142.3600
406.4925 139.9500
409.0225 138.7500
411.2625 136.3400
412.1025 132.4200
413.5025 130.9200
414.3425 130.9200
412.1025 126.7000
412.3825 124.8900
414.9025 126.7000
414.6225 128.2100
415.4625 129.7100
416.8625 126.7000
418.5425 126.4000
420.2325 124.3100
421.9125 123.9900
422.1925 122.4800
426.9625 118.2700
426.9625 117.0600
425.8425 116.4600
425.8425 110.7400
425.0025 110.1400
426.4025 107.7300
423.3225 102.9100
421.3525 103.8100
420.0025 102.0400
420.0025 102.0400
416.5225 108.9600
413.5525 109.4200
411.0025 111.7000
407.5925 112.6100
405.9025 112.6100
402.5025 110.3300
400.3725 110.3300
397.8225 113.0700
389.7525 113.5200
385.5025 114.8900
383.8025 117.1800
379.1325 116.7200
375.3125 114.8900
373.1825 115.8100
369.7825 114.4400
367.3025 114.6900
367.3025 114.6900
368.2625 121.3900
375.6025 127.2200
375.5425 130.4900
370.6325 134.9800
369.7825 134.0700
369.7825 132.7100
366.9325 130.9600
364.3725 133.9300
361.2925 140.9200
356.4025 138.4700
356.1625 139.5900

Central_and_Western
52
335.7425 139.3500
337.1025 136.2300
337.0725 132.2400
335.4125 130.4500
334.5525 126.8000
334.5525 120.4100
332.4225 116.7600
332.4225 116.7600
330.7025 115.3500
329.4225 115.8100
327.2925 114.9000
325.5925 115.3600
323.4625 117.1900
321.7725 117.1900
320.0725 113.5400
314.5525 110.3500
313.2725 111.2600
313.6925 114.0000
310.7225 116.7400
311.1425 118.1100
309.0125 122.2200
307.7425 123.1300
305.6125 127.6900
302.6425 130.4300
299.6625 132.2600
294.9925 132.2600
291.5925 130.4300
286.4925 130.3500
286.4925 130.3500
284.2525 132.4400
284.8125 136.9600
286.4925 139.3700
293.5025 141.7800
294.0625 144.1900
296.5925 144.7900
297.7125 146.0000
299.9625 146.0000
300.5125 147.5100
301.9125 148.4100
305.0025 148.1100
308.0825 149.6200
315.1025 149.3200
318.4725 147.8100
319.5925 149.0200
320.9925 149.0200
321.5525 147.8100
322.3925 147.8100
322.3925 146.9100
329.9625 146.9100
329.6825 142.0900
331.0825 141.1900
334.7225 140.5900

Central_and_Western
7
282.0225 143.8700
283.1425 143.2700
283.4225 141.7600
279.5025 140.5500
279.2125 142.6600
280.6125 142.9600
280.6125 143.8600

Wan_Chai
35
367.3025 114.6900
354.9425 110.8200
349.8425 111.7300
348.1425 113.5600
346.4425 113.5600
346.0225 112.1900
344.7525 111.7300
339.2225 113.1100
332.4225 116.7600
332.4225 116.7600
334.5425 120.4100
334.5425 126.8000
335.4025 130.4500
337.0625 132.2400
337.0925 136.2400
335.7425 139.3500
335.7425 139.3500
340.0525 139.6500
340.3325 142.9700
343.4225 142.9700
344.2525 140.5600
345.6625 140.5600
346.7825 141.4600
346.7825 141.4600
354.3125 140.7400
356.1625 139.5900
356.4025 138.4700
361.2925 140.9200
364.3725 133.9300
366.9325 130.9600
369.7825 132.7100
369.7825 134.0700
370.6325 134.9800
375.5425 130.4900
375.6025 127.2200

Sai_Kung
567
445.1825 227.0400
447.9825 225.2300
448.5425 222.8200
447.4225 221.3100
447.7025 218.6000
445.7425 217.0900
445.4625 214.0800
444.6225 214.0800
442.9325 215.2900
441.2525 218.9100
439.2925 218.6100
439.5725 220.1200
440.9725 220.4200
440.6925 221.3200
434.5225 221.0200
435.0825 224.3300
437.3225 224.9300
438.4425 226.1400
439.5625 230.0600
439.0025 231.5700
436.7625 231.8700
436.2025 231.2700
435.3625 231.8700
435.9225 235.4900
434.5225 237.0000
433.6825 237.0000
433.9625 235.1900
432.8325 233.9800
432.8325 232.1700
432.5525 232.7700
430.5925 233.0700
430.8825 229.7600
429.7525 229.1600
430.0325 226.7500
427.2325 226.7500
426.9525 225.8500
426.9525 224.9500
428.6325 223.7400
429.1925 221.6300
422.4625 218.3200
423.3125 218.0200
424.4325 218.9200
425.5625 218.0200
428.6425 218.3200
428.9325 220.7300
429.7725 221.0300
430.6125 219.2200
432.8525 218.6200
435.9425 215.6000
438.7425 215.0000
438.1825 211.9900
437.6225 211.9900
435.9425 208.6800
436.2225 205.9700
436.7825 205.6700
436.2225 203.8700
437.0725 201.1600
439.3025 200.5600
440.7125 197.2400
440.4225 193.9300
442.0825 191.5200
441.8325 184.8900
443.2325 183.9900
446.3125 183.6900
448.2725 180.9800
452.2025 181.8900
452.7525 182.7900
454.1625 183.0900
455.2725 183.0900
456.1125 181.2800
457.5125 181.2800
459.2025 182.7900
460.3225 178.2700
460.3225 174.6500
462.5725 173.7500
462.5725 170.4300
461.7325 170.1300
460.8825 167.4200
462.8425 167.4200
463.1325 164.4100
465.3725 164.7100
465.0825 167.4200
466.2025 167.7200
465.9225 168.3200
467.8825 170.1300
469.8425 169.5300
470.4025 170.4300
471.7925 169.8300
472.0825 170.7300
473.7625 170.7300
474.8825 169.2200
474.6025 167.4100
476.5625 166.2100
476.8525 165.0000
477.6925 165.0000
479.9325 162.5900
479.9325 161.6900
482.1725 160.1800
482.1725 156.8700
480.4925 156.5700
481.3325 154.7600
481.0525 152.0500
479.6525 150.5500
476.2825 150.5500
475.7225 149.3500
473.4825 148.4500
472.0825 145.1400
470.1225 144.8400
464.7925 146.3400
464.2325 147.2400
463.3925 147.2400
463.9525 148.1400
463.3925 149.3500
460.5925 149.3500
458.3525 146.9400
458.6325 144.2300
460.8725 144.8300
460.3125 142.4200
457.7925 141.2100
458.0725 139.1000
459.2025 137.5900
460.8825 136.9900
465.3725 137.2900
466.2125 136.6900
465.6525 134.2900
466.4925 134.2800
467.6125 134.8800
468.1725 136.6900
469.5725 137.8900
473.2125 137.5900
472.3725 136.3800
470.6925 135.7800
470.9725 132.7700
471.8125 132.1700
472.3725 128.5600
474.3325 127.6600
474.3325 125.5500
475.7325 126.4500
477.6925 125.5500
476.8625 121.9400
475.1725 120.7400
473.7725 120.7400
470.9725 122.8500
470.4125 121.9500
470.4125 120.4400
471.2525 119.8400
470.9725 117.4300
470.6925 116.5300
469.0025 116.2300
466.7925 118.0400
466.4725 120.1500
465.3525 121.6600
461.4225 122.8600
461.4225 123.4600
460.0225 124.0600
459.4625 126.7700
457.7825 126.7700
456.3825 127.6700
453.2925 127.3700
452.7325 128.2700
451.8925 128.2700
451.6125 127.0700
452.1725 127.0700
452.4525 125.5600
449.6525 124.0500
449.6525 121.0400
449.0925 121.3400
446.2925 117.7200
445.1625 118.9200
442.6425 118.6200
442.9225 120.4300
441.8025 121.0300
441.2425 123.4400
438.9925 125.5500
438.9925 126.4500
441.5225 129.1600
444.8925 128.8600
444.8925 130.0700
442.6525 130.3700
442.3725 131.2700
441.5325 131.2700
442.9325 132.7800
442.9325 133.9900
441.8125 133.9900
439.5625 131.5800
437.8825 131.2800
437.8825 130.6800
435.0825 131.2800
433.9625 132.7900
434.5225 135.5000
436.7625 137.9100
436.2025 140.9200
438.4525 145.4400
438.1625 149.9600
435.6425 152.0700
435.9225 154.1800
433.6825 157.4900
433.3925 160.2000
427.2225 161.1000
427.5125 163.2100
426.6625 163.8100
424.9825 163.5100
425.8225 161.4000
425.5425 159.8900
426.1025 159.8900
425.8125 158.0800
422.4425 156.2700
420.2025 152.6500
416.2725 149.0400
416.8325 147.8300
415.1525 146.0200
414.0225 146.0200
413.1825 144.5200
413.1825 144.5200
411.8025 144.1500
411.3825 145.9800
410.1025 146.8900
411.8025 149.1700
410.5325 151.9100
411.3825 152.8200
410.5325 153.7300
411.3825 155.1000
414.7725 154.1900
414.3525 158.3000
413.0825 159.6700
413.0825 162.4100
411.8025 162.8700
411.3825 164.2400
409.6825 164.7000
408.8325 167.4400
410.9625 168.8100
414.3625 174.2900
412.6625 176.1200
409.6825 176.5700
411.8125 178.8500
412.6625 182.5000
411.3825 182.9600
410.5325 181.5900
408.8325 181.5900
405.4325 183.8700
403.7425 183.8700
402.4625 185.2400
401.1925 190.2600
398.2125 196.6500
392.2725 196.1900
392.2725 196.1900
392.6325 200.3300
390.2825 215.6700
390.5725 224.0600
390.5725 224.0600
392.2725 224.0600
391.8525 229.5400
394.4025 233.6500
395.2525 236.3900
396.9525 237.7600
402.4725 238.2200
403.3225 239.1400
405.4425 239.6000
408.8425 242.3400
410.5425 244.1700
411.3925 246.9100
413.5225 247.3700
416.4925 251.9400
415.6425 254.6800
423.2925 254.6800
423.2925 256.0500
421.5925 257.8800
421.5925 261.9900
421.5925 261.9900
426.2625 265.1900
427.1125 266.5600
441.9825 266.5600
447.5025 272.0400
448.7825 271.1300
451.3325 271.1300
452.6125 273.8700
456.4325 277.5300
457.2925 283.4700
458.1425 284.8400
463.2425 286.2100
466.6425 284.8400
469.1925 285.7600
473.8625 284.8400
476.4125 286.6700
475.1325 288.5000
477.2625 291.7000
476.4125 296.2700
479.3825 298.5600
488.7325 296.7300
490.8525 293.9900
493.4025 293.5300
494.6825 292.6200
492.1225 290.3300
493.8225 288.0400
496.3725 285.7600
500.6225 283.9300
504.8625 284.3800
507.8525 288.5000
509.1325 288.0400
516.3525 279.3600
519.7525 279.3600
522.3025 277.9900
522.3025 275.2500
523.5825 274.3400
526.5525 274.8000
532.0825 279.8300
533.3525 282.5700
536.3225 284.4000
536.3225 287.1400
539.3025 295.3700
536.7525 298.1100
537.6025 302.6800
535.4725 304.0500
534.6225 305.8800
535.8925 308.6200
535.0425 312.2800
535.4625 313.6500
538.0125 314.5600
539.0625 313.4300
539.0625 313.4300
540.4625 309.4000
542.1525 308.4900
542.9925 309.0900
545.2325 308.7900
546.6325 310.6000
547.4825 310.6000
548.3225 308.4900
552.2525 307.5900
555.3325 309.7000
557.5725 310.3000
561.5025 310.0000
562.0625 312.1100
563.1825 313.0200
562.9025 309.1000
563.4625 308.2000
565.9925 309.7100
567.3925 306.0900
567.9525 306.6900
570.7525 306.0900
571.3025 307.6000
573.2625 307.0000
569.8925 303.9800
569.8925 301.5700
568.7725 301.2700
568.7725 300.6700
567.3725 300.6700
566.8125 299.4600
567.9425 298.8600
568.2225 297.3600
569.0625 296.7500
568.7825 292.2300
570.4625 291.3200
570.7425 289.8100
572.4225 290.1100
573.2625 289.2100
574.3925 289.2100
574.3925 287.1000
575.7925 286.1900
575.2325 284.0800
576.3525 283.4800
576.6325 281.6700
574.6725 280.4600
571.8725 280.7600
569.9125 280.1500
570.2025 280.7600
568.8025 281.6600
568.5125 282.8700
565.4325 284.3800
565.1425 287.0900
563.4625 289.8000
559.8225 288.8900
558.4225 289.1900
557.2925 290.7000
556.1625 290.7000
553.0825 285.8800
551.1225 286.4800
548.8825 283.1600
548.5925 281.3500
550.2825 279.8400
549.9925 278.0300
548.8725 277.7300
546.9125 279.8400
545.2225 278.0300
545.2225 276.8200
546.0725 276.2200
545.5125 270.4900
543.8225 268.6800
541.0225 268.3800
540.1825 267.1700
541.0225 265.9700
542.4225 265.6700
542.7125 263.8600
544.1025 263.8600
544.9525 265.3700
546.3425 264.7700
546.6325 266.2800
547.7625 266.2800
549.1625 263.5700
551.1225 263.8700
552.8025 260.8600
552.8025 258.1500
554.7625 258.4500
555.6125 256.0400
558.1325 258.1500
558.1325 256.3500
559.8225 256.6400
561.7825 255.4300
561.7825 247.5900
563.1825 243.3700
561.7825 242.1700
558.9725 242.1700
558.6925 241.5700
561.4925 236.4500
562.3325 236.1500
562.8925 233.4400
561.7725 232.2300
562.0525 230.7200
561.2125 230.1200
557.8425 230.4200
556.4425 231.9300
555.6025 235.8500
554.7525 236.1500
553.3525 238.8600
553.3525 241.2700
550.8325 239.1600
549.4325 239.4600
548.8725 240.6700
547.4725 241.2700
546.0725 239.1600
546.9125 235.2400
550.2825 233.4300
550.5625 232.5200
551.9625 232.2200
552.2425 229.5100
550.5525 227.4000
547.7525 227.7000
545.7925 224.0800
549.1625 223.4800
550.2825 221.9700
546.0825 221.6700
546.3625 220.1600
544.9625 219.2500
544.6825 217.1500
542.4325 217.1400
542.1525 215.6300
539.9125 216.2400
539.3525 217.7500
535.9825 218.6600
534.8625 216.2500
537.6625 215.6400
538.5125 214.4400
538.2325 212.9300
536.8325 213.5300
536.2725 212.0200
534.6325 212.6200
534.3125 213.8300
532.9125 214.1300
531.7925 215.6400
530.3925 215.0400
530.9525 212.6300
530.3925 207.8100
531.5125 207.2100
532.0725 203.9000
530.3925 203.2900
530.1025 199.3800
529.2625 198.4700
526.7325 197.5600
525.3325 199.0700
524.7825 200.8800
525.0625 204.5000
523.3725 205.7000
522.8225 209.9200
521.6925 210.5200
522.5325 211.7200
521.9725 213.8300
523.0925 214.7400
522.5325 218.3600
521.4125 218.0600
521.4125 216.8500
520.0125 216.8500
520.0125 213.5400
518.6125 212.9400
517.7625 214.1400
516.0825 213.8400
515.5225 211.7300
513.8425 209.9200
509.3525 215.0400
509.0725 217.1500
508.2425 218.0600
508.2325 218.9600
511.8825 218.6600
511.3225 220.7700
509.3625 221.0700
507.4025 223.4800
504.6025 223.4800
501.5225 227.1000
501.2425 228.9100
502.9325 229.8200
502.9325 232.5300
504.0525 232.8300
503.4925 234.6400
504.6125 236.1500
504.3325 239.1600
505.1725 240.9700
505.1725 243.6800
502.6425 241.8700
502.3625 242.7800
500.4025 243.6900
497.0325 244.2900
493.1025 247.3100
492.5525 250.0200
491.7025 249.7200
491.7025 248.8100
488.6225 247.9000
488.0625 250.0100
489.1825 253.0300
488.3325 252.7300
486.9325 250.0200
484.6925 251.2200
486.3825 255.4400
487.5025 255.4400
487.5025 259.6600
488.9025 259.9600
487.7825 260.8700
480.7725 259.6600
480.4925 256.9500
478.8025 254.8400
478.8025 253.9300
480.7625 252.4200
480.4825 251.2100
477.3925 251.8100
474.5925 250.3000
474.0425 252.1100
472.3525 252.1100
472.3525 251.5100
468.7125 250.3100
468.4225 253.0200
466.4625 256.0400
464.2225 254.8300
460.8625 255.4300
460.0225 257.8400
458.6225 259.0500
458.6225 261.1600
457.7825 261.7600
453.8525 262.6700
452.1725 261.1600
451.8825 259.9600
450.4825 259.9600
449.6425 261.1600
448.2425 261.4600
446.8425 259.3500
446.8425 256.3300
446.2825 256.3300
446.2825 253.0200
447.4125 250.9400
441.5225 244.8800
441.8125 243.9700
443.7725 244.2700
445.1325 241.5600
444.0525 240.3600
443.7625 238.2500
442.0825 236.4400
441.8025 233.7300
442.9225 231.9200
442.9225 229.8100
444.0525 229.2100
444.6125 227.1000

Sai_Kung
80
469.8525 240.9600
470.4125 246.6900
472.1025 247.2900
476.0225 245.7800
476.5825 244.2700
476.0225 241.5600
476.5825 240.6600
477.4225 240.9600
478.2725 243.0700
477.4225 247.2900
479.3825 245.7800
481.6325 246.6800
483.8725 246.3800
484.1525 244.8700
482.7525 242.4600
483.5925 242.4600
484.7225 244.2700
487.5225 244.5700
488.6425 242.1600
487.2425 239.7500
487.5225 237.6400
489.7625 234.9300
490.8825 231.0100
489.7625 225.8900
490.3225 224.9800
493.9725 224.0700
495.0925 222.5600
498.1825 221.0500
497.0525 218.0400
497.3325 214.7300
496.2125 212.9200
496.4925 211.7100
496.2125 211.1100
494.2525 210.8100
495.0925 208.7000
494.5325 205.0800
495.0925 204.1700
496.4925 203.8700
497.3325 201.1600
500.9825 196.3400
500.9825 193.3200
500.6925 189.4000
498.7325 189.4000
497.0425 186.9900
496.2025 186.9900
494.8025 188.5000
493.6725 187.9000
491.9925 188.2000
491.7025 187.6000
489.7425 187.9000
488.3425 193.9300
487.2225 195.1300
487.2225 197.8400
485.5325 200.5500
486.6625 202.9600
486.6625 205.0700
488.3425 205.0700
488.6325 206.2800
486.6725 206.2800
485.2725 208.6900
483.8725 208.9900
483.0325 206.5800
481.6325 205.9800
479.9425 208.0900
477.1425 208.9900
476.3025 210.8000
475.1725 211.4100
474.6125 214.1200
474.0625 214.1200
473.2125 216.2300
473.7725 218.9400
475.1725 219.5400
476.0125 221.6500
475.1725 224.9700
476.0125 225.2700
476.3025 226.4700
474.3425 231.2900
472.3825 231.8900
470.7025 233.4000
470.9825 236.7100

Sai_Kung
43
466.4825 112.3000
468.1625 111.7000
467.6125 109.8900
466.7725 109.5900
466.7725 107.7800
467.3325 107.4800
467.0425 106.5800
468.7325 105.6800
469.0125 103.5700
466.7725 101.4600
467.0525  99.3500
466.2125  98.4500
465.9325  96.0400
464.2425  95.7400
460.8825  96.6400
460.6025  95.1400
460.0425  95.1400
460.6025  94.2400
460.3125  92.7400
457.7925  91.5400
456.3925  92.7400
456.3925  93.6400
457.7925  95.1400
456.9525  96.3500
454.4225  96.6500
452.4625  97.5500
451.3325  99.0500
449.9325  99.3500
450.4925 102.6600
449.6525 104.7700
451.0525 105.6700
453.0125 108.9800
455.5425 110.4900
456.3825 109.2900
458.6225 109.2900
458.6225 110.7900
459.4625 110.7900
460.8625 112.6000
462.5525 112.9000
462.8325 114.1000
464.7925 114.1000
466.4625 115.0000
465.9225 113.5000

Sai_Kung
19
537.1425 183.7000
536.8525 180.9900
539.0925 179.4800
540.2225 176.7700
539.6625 174.0600
540.7825 172.8500
542.4625 172.5500
541.3425 170.4400
538.5425 169.8300
539.0925 167.7200
538.5425 166.2100
534.8925 167.4100
535.7325 170.7200
535.1825 171.6200
532.9325 172.5200
531.2525 176.4400
531.8125 180.9600
534.0525 181.2600
536.2925 183.6700

Sai_Kung
36
464.5325 240.0300
464.8125 239.4300
465.9425 239.7300
466.2225 238.8200
462.5825 238.8200
463.9825 236.4100
463.6925 234.3000
465.6525 232.7900
465.0925 232.4900
465.6525 231.2800
467.6125 230.9800
467.6125 228.8700
466.2125 228.5700
465.6525 227.3600
466.4925 221.0300
467.3425 220.1200
467.3425 218.0100
466.2125 216.5000
464.8125 217.1000
464.8125 218.9100
465.9425 219.5100
465.9425 220.7200
464.2525 221.9200
462.8525 221.6200
463.1425 223.7300
462.0125 224.9300
462.2925 227.6400
459.2125 229.7500
457.8125 232.1600
456.9725 232.1600
460.0525 234.5700
459.7725 235.4700
460.8925 236.9800
460.3325 237.8800
461.7425 239.9900
464.8225 241.1900

Sai_Kung
19
527.3225 187.5900
527.6125 186.4000
524.2425 182.1700
523.9525 177.6500
522.2725 177.3500
521.9825 176.1500
519.7425 176.1500
519.1825 177.0500
518.9025 173.4300
517.5125 173.4300
516.3825 175.2400
516.3825 178.2500
518.0725 180.0600
517.7825 182.1700
518.9125 184.5800
520.5925 186.3900
522.5525 186.3900
523.6825 185.1800
525.3625 187.5900

Sai_Kung
19
535.7325 200.2400
536.0125 202.0500
538.5425 201.7500
539.0925 200.8500
539.0925 199.0400
537.9725 196.6300
536.8425 196.0300
536.8425 194.2200
537.9725 192.7100
537.9725 191.8100
536.8425 191.5100
536.8425 190.3000
533.7625 192.1100
530.6725 192.1100
531.8025 194.8200
530.9625 195.4200
531.5125 200.8400
534.0425 201.7400
534.6025 200.5400

Sai_Kung
11
465.0825 193.9200
472.3725 187.2900
472.6525 183.9800
471.8125 183.0700
466.2025 183.9800
464.2425 185.4900
464.5325 186.3900
463.4125 186.9900
462.5725 190.0000
463.4125 192.1100
463.1325 193.3100

Sai_Kung
25
493.1225 242.7400
493.4025 241.8300
495.6425 241.8300
497.8825 239.7200
499.5725 239.4200
500.1325 237.0100
499.8425 235.5000
498.7225 235.5000
499.0025 231.2800
497.3125 230.0800
496.7625 234.0000
495.9125 234.3000
495.9125 238.2200
496.4725 238.5200
494.5125 239.7200
494.5125 237.6100
493.1125 235.8000
492.8325 237.0100
490.5925 238.2100
491.1425 238.8100
490.8625 240.3200
491.4225 240.3200
490.8625 242.1300
491.9825 241.8300
491.9825 242.7400

Sai_Kung
10
521.4425 128.8400
521.9925 126.1300
520.0325 123.1200
520.0325 120.4100
518.0725 118.9000
515.2725 118.9000
516.1125 119.8000
516.6725 124.3200
518.9125 125.8200
519.1925 127.6300

Sai_Kung
12
541.0525 197.5300
541.6225 195.7200
542.7525 195.7200
546.6725 191.5000
549.2025 190.6000
548.6425 189.0900
545.2725 189.0900
542.1925 190.2900
540.7925 193.9100
541.0725 196.0200
540.2325 196.3200
540.5125 197.5200

Sai_Kung
11
522.8425 117.6900
523.3925 114.0700
523.9525 113.7700
523.6725 109.8500
522.8325 108.9500
520.5825 109.2500
519.1825 108.6500
518.3425 109.5500
518.3425 113.4600
521.1425 113.1600
521.7025 117.0800

Sai_Kung
9
484.7125 135.1500
485.8325 133.6500
486.1125 131.2400
485.2725 130.3400
484.1525 130.3400
483.8725 131.8500
481.9125 132.7500
481.9125 133.3500
483.0325 134.8600

Sai_Kung
7
504.6125 200.2300
506.5725 196.6100
505.1725 195.7100
503.2125 195.7100
502.3725 197.8200
502.9325 197.8200
503.4825 199.9300

Sai_Kung
7
450.2325 248.1600
452.7525 246.6500
452.4725 244.5400
450.7925 244.8400
450.5125 246.3500
449.3925 246.0500
448.8325 247.8600

Sai_Kung
4
539.6625 188.7800
540.5025 186.9700
536.8625 186.6700
537.1525 188.1800

Sai_Kung
4
556.7625 271.9700
557.3225 268.6500
556.1925 268.6500
555.6425 271.6700

Sai_Kung
6
516.1125 111.3600
516.9525 109.8500
518.0725 109.5500
518.0725 108.3500
515.8225 108.9500
515.5425 111.3600

Sai_Kung
6
540.2225 123.1100
541.5725 121.3000
541.6225 120.0900
540.7825 120.0900
539.3825 121.9000
539.3825 122.8000

Sai_Kung
6
456.4025 241.8300
456.4025 239.7200
455.8425 239.1200
454.4425 239.4200
454.1525 240.3300
455.5625 240.6300

Sai_Kung
5
599.3725 340.7300
600.2225 338.0100
599.3725 338.0100
597.9725 339.8200
597.9725 340.7200

Sai_Kung
5
458.0825 246.3400
458.0825 245.7400
459.2125 245.7400
459.2125 243.9300
457.2525 245.4400

Sai_Kung
4
456.9625 228.8500
456.4025 226.7400
455.2825 227.9400
456.9625 228.8500

Southern
227
391.0825  54.4300
391.9225  52.0200
392.7625  51.7200
393.8925  49.6100
393.3325  46.3000
388.8425  45.1000
386.6025  45.7000
385.4825  44.8000
382.6825  44.5000
380.4425  47.5100
380.1625  51.4200
381.0025  53.2300
380.4425  60.4600
383.4725  63.7700
383.8025  66.1800
381.8425  69.4900
381.0025  69.4900
381.0025  70.3900
379.8725  70.3900
379.0325  69.1900
377.3425  69.1900
376.2225  67.9800
376.7825  66.7700
375.0925  64.3600
370.8825  64.6600
369.4825  62.2500
368.3525  61.6500
366.1125  61.9500
365.5525  64.3600
366.4025  67.6700
366.9525  67.9700
367.2425  67.3700
368.6425  69.1800
370.3225  68.8800
370.8825  69.4800
370.8825  70.9800
369.4825  73.6900
366.1125  73.9900
362.4725  76.7000
362.4725  77.9100
364.9925  76.7000
366.1125  76.7000
366.6725  77.6000
365.2725  82.4200
366.9525  83.3200
366.9525  87.5300
366.1125  89.9400
364.4325  91.7500
359.6625  89.3400
357.1325  91.1500
355.1725  94.7600
355.7325  96.8700
356.8625  97.4700
356.3025  99.2800
354.6125  99.8800
354.3325  99.2800
350.6925  99.5800
348.1625  98.9700
347.3225  97.7700
347.6025  96.5600
345.0725  94.1500
343.3925  90.8400
343.1125  86.9300
341.9825  85.4200
341.9825  83.9200
340.2925  83.0200
334.9725  86.6300
334.6825  87.8400
335.5325  89.6500
334.1225  90.2500
333.5725  94.4700
332.4425  96.2800
330.4825  96.8800
329.3625 101.4000
313.9425 102.3000
309.7325 102.9000
309.4525 103.5000
306.3625 102.6000
304.1225 103.2000
302.4325 106.5100
300.1925 107.7200
299.6325 112.5400
297.1125 114.3500
296.2625 117.3600
293.7425 120.3700
290.6525 127.6000
287.2825 129.1100
286.4425 130.3300
286.4425 130.3300
291.5425 130.4100
294.9425 132.2400
299.6125 132.2400
302.5925 130.4100
305.5625 127.6700
307.6925 123.1100
308.9625 122.2000
311.0925 118.0900
310.6725 116.7200
313.6425 113.9800
313.2225 111.2400
314.5025 110.3300
320.0225 113.5200
321.7225 117.1700
323.4125 117.1700
325.5425 115.3400
327.2425 114.8800
329.3725 115.7900
330.6525 115.3300
332.3725 116.7400
332.3725 116.7400
339.1725 113.0900
344.7025 111.7200
345.9725 112.1800
346.3925 113.5500
348.0925 113.5500
349.7925 111.7200
354.8925 110.8100
367.2525 114.6800
367.2525 114.6800
369.7325 114.4200
373.1325 115.7900
375.2625 114.8800
379.0825 116.7100
383.7525 117.1700
385.4525 114.8900
389.7025 113.5200
397.7725 113.0700
400.3225 110.3300
402.4525 110.3300
405.8525 112.6100
407.5425 112.6100
410.9425 111.7000
413.4925 109.4200
416.4625 108.9600
419.9425 102.0400
419.9425 102.0400
419.0525 100.8000
416.5325 101.4000
416.2425 100.5000
418.4925  96.8900
420.7325  95.9900
421.0125  94.1800
420.4525  93.2800
423.5425  89.9700
422.4125  86.6600
421.5725  86.3600
421.5725  85.1500
423.5325  84.8500
423.8125  84.2500
428.5825  84.5500
429.1425  85.1500
430.2725  84.5500
429.9825  83.0400
428.8625  82.1400
426.0625  82.7400
425.7725  81.5400
422.9725  81.5400
422.1325  82.4400
421.0025  82.4400
419.8825  80.9300
421.0025  80.0300
421.0025  78.5300
423.5325  76.1200
424.6625  73.4100
425.2125  68.5900
424.6625  62.5700
428.5825  63.1700
429.1425  61.3600
431.1025  60.4600
430.2625  58.3500
430.5425  55.3400
429.4225  55.0400
428.0125  56.2400
428.0125  57.4500
429.1425  57.7500
429.4325  58.9600
426.6225  58.6600
425.5025  59.5600
424.6625  57.4600
422.9725  57.4600
421.8425  58.9600
415.9625  57.7500
411.4725  59.8600
410.6325  62.8700
412.0325  63.7700
412.3225  65.2700
411.1925  67.9800
411.1925  70.0900
410.6325  70.6900
408.1025  70.3900
406.4225  72.2000
406.7025  73.1000
404.4625  75.2100
405.8625  79.7300
404.7425  80.9300
404.7425  85.7500
403.8925  88.4600
403.0525  89.0600
403.8925  92.6700
400.2525  95.6800
396.6125  95.6800
395.4925  94.7800
394.3625 100.2000
392.6825 101.1000
392.6825  95.3800
394.3625  95.3800
398.2925  92.0700
399.4125  86.0500
399.1225  83.6400
398.8425  83.0400
395.5325  82.4400
393.8025  85.4500
392.6725  86.0500
390.7125  82.7400
387.3425  82.1400
387.0625  78.8300
384.8225  77.3300
383.9725  74.9200
384.2625  71.9100
386.2225  71.3100
386.7825  70.1000
389.5825  69.2000
392.1125  67.0900
391.8325  63.7800
390.4325  64.0800
389.5825  61.6700
387.9025  61.0700

Southern
25
326.5925 100.5000
327.4425 100.2000
327.7225  97.7900
330.5225  94.4800
330.5225  91.7700
329.6825  89.6600
329.1225  89.6600
328.8425  87.5500
330.5225  86.6500
331.0825  81.8300
329.9525  81.8300
328.2725  83.6400
327.1525  88.1600
324.9125  88.1600
323.5125  89.3700
322.3925  89.3700
321.2725  92.6800
318.4725  91.7800
318.4725  92.9800
316.5125  92.9800
315.3825  96.9000
313.9825  97.8000
313.9825  98.7000
315.9425  99.9000
321.8225  99.3000

Southern
9
356.3125  90.8600
358.5525  89.0500
358.5525  88.1500
356.8725  86.3400
355.1825  86.6400
354.0625  85.4400
352.6525  85.4400
350.4125  88.1500
350.7025  89.6600

Southern
7
353.7925  70.0800
356.5925  68.5800
356.8825  65.8700
355.7525  66.1700
354.9125  65.2700
353.2225  65.8700
352.1025  69.7900

Southern
5
428.6425  79.7200
428.9325  78.2100
428.3725  77.6100
425.2725  78.8200
425.8325  79.7200

