764 303

Saint_Thomas
98
645.6678 117.0519
645.6678 117.0519
647.2978 117.2119
650.1278 118.2619
651.4778 119.1519
653.0378 120.6619
653.7378 121.2319
654.5578 121.6519
655.9778 121.8219
660.8978 121.8519
662.6478 122.0919
663.8978 122.4319
666.2378 123.7219
668.0078 124.4719
669.4278 124.4019
671.1578 123.9519
678.8278 119.4919
690.2378 117.7019
700.5678 114.6319
702.4278 113.8519
703.0778 113.3219
703.6678 112.6219
705.9478 109.3019
706.9178 108.2819
708.2778 107.1119
713.0078 105.9319
725.7278 104.1919
729.3978 104.6219
739.1278 107.6519
739.3378 107.7219
739.3378 107.7119
742.1378 100.9419
747.2778  92.1619
753.8378  85.2019
763.3478  78.0519
759.7078  75.1019
741.6778  70.5319
728.9678  63.5419
721.6878  61.4219
715.4678  63.0319
717.8978  64.7919
718.8778  66.0419
720.2378  70.5319
713.9378  68.2219
708.3378  59.8719
702.2578  58.0219
696.8478  59.5719
690.5578  62.4819
684.1578  64.1319
673.6778  60.1919
646.2478  57.8119
626.8878  60.7619
624.0778  60.6419
621.4478  60.1319
618.5978  60.5119
614.9778  63.0319
613.3978  66.3419
612.6878  70.5819
611.6378  74.2219
608.9178  75.7719
606.1078  76.6419
604.2278  78.7019
602.6078  81.1419
600.4478  83.0719
599.6178  83.2719
599.6178  83.2819
601.7178  86.5919
603.9178  89.1219
604.2878  90.2919
604.4578  91.8919
604.2578  95.3119
604.6078  97.4419
606.1478  99.7719
607.5078 100.4119
608.9078 100.7119
612.3778 100.4119
613.3478 100.5919
613.8978 101.3019
613.8978 102.5619
612.7678 104.6419
610.2478 108.2219
609.6278 109.4419
607.7078 116.3219
606.7478 117.9519
605.9378 120.0319
605.4678 122.2919
605.6078 127.8119
606.0578 130.7919
606.6578 133.1119
609.8678 136.0819
616.4078 131.5919
619.0578 127.9719
619.6978 127.3219
620.4278 126.6919
622.7378 125.1119
625.3678 123.8619
641.8878 118.6119
644.3478 117.1919

Saint_Andrew
106
566.7178 159.9419
566.7178 159.9419
568.8978 152.4919
569.0178 151.5619
572.1378 142.3519
572.5678 141.5719
573.6378 140.1419
574.9378 139.3519
577.1978 138.6519
581.7178 137.7119
585.2278 138.3519
586.9078 139.0519
587.6078 140.1319
588.3878 141.9519
588.9078 142.7519
589.5778 143.3219
594.1078 142.6319
609.8678 136.0819
606.6578 133.1119
606.0578 130.7919
605.6078 127.8119
605.4678 122.2919
605.9378 120.0319
606.7478 117.9519
607.7078 116.3219
609.6278 109.4419
610.2478 108.2219
612.7678 104.6419
613.8978 102.5619
613.8978 101.3019
613.3478 100.5919
612.3778 100.4119
608.9078 100.7119
607.5078 100.4119
606.1478  99.7719
604.6078  97.4419
604.2578  95.3119
604.4578  91.8919
604.2878  90.2919
603.9178  89.1219
601.7178  86.5919
599.6178  83.2819
599.6178  83.2719
589.9678  85.5919
587.3578  87.0519
581.9878  89.2319
574.7478  88.8019
562.1178  85.8019
556.7178  85.1419
538.5178  85.8019
538.5178  88.3119
576.8478  90.5819
575.2578  92.1119
577.1878  93.2019
576.8778  97.9719
573.9578 104.7819
570.5078 106.6119
565.3278 107.8219
556.3278 107.3719
553.3578 106.5919
549.8878 105.1619
547.1778 103.3919
546.5778 102.0419
545.4278  98.6219
543.1278  99.9919
536.9178 104.0619
532.3378 106.2319
531.2078 110.4719
528.8278 113.7819
527.8978 113.5819
526.0978 112.7819
525.2278 112.5819
524.2578 112.5819
523.4378 112.9019
522.7978 113.4719
522.3278 114.2419
521.6878 115.9119
521.3178 116.4919
521.0178 116.8819
518.4878 119.1619
518.4478 121.2319
518.9278 124.4319
520.9978 131.8419
522.2078 134.9119
523.2778 136.8419
523.9778 137.3719
524.6278 137.9819
525.2178 138.6819
525.6678 139.4819
526.8478 142.1219
526.9078 143.5219
526.5678 145.3319
524.2578 150.1419
523.7078 152.4619
523.5378 153.8819
524.3578 163.5019
529.0978 165.4519
529.8878 166.1019
530.7378 167.0819
531.0978 168.0319
531.5678 168.9119
532.9178 169.5219
535.0478 169.8919
539.4978 169.9119
541.4978 170.3419
547.3378 169.1919

Saint_Mary
74
584.1678 207.0219
584.1678 207.0219
584.1578 207.0219
583.1178 205.8319
566.7178 159.9419
547.3378 169.1919
541.4978 170.3419
539.4978 169.9119
535.0478 169.8919
532.9178 169.5219
531.5678 168.9119
531.0978 168.0319
530.7378 167.0819
529.8878 166.1019
529.0978 165.4519
524.3578 163.5019
516.1278 166.8419
512.4278 170.4519
508.3578 176.0719
507.5978 177.6419
507.1678 180.7619
506.4278 183.7319
505.0878 186.5919
503.5978 188.2119
500.8378 190.2319
499.6578 191.8519
497.5578 196.8919
496.5078 198.2219
495.3678 199.0519
488.6778 199.7819
487.5878 199.7319
486.5878 199.5319
481.2378 197.9019
474.5478 204.6619
472.2278 207.7819
471.8078 208.7519
471.2478 210.7619
470.7578 213.8819
469.6878 217.2719
468.2078 219.6019
463.8778 224.7519
463.1478 226.1119
463.0178 227.2219
463.7678 235.4619
463.1278 236.8419
462.1778 238.1819
460.3478 239.9519
459.6278 241.2519
458.9478 243.8919
458.7278 245.8019
455.7178 259.2519
455.4278 260.9119
455.4378 260.9119
461.8378 262.0019
466.0078 260.9619
473.2978 257.5119
477.4278 256.7719
498.0778 257.6519
502.0978 259.7919
507.7778 260.4819
512.3878 260.1219
516.6478 259.4019
519.1278 256.2019
518.0478 252.3019
518.0378 247.3419
521.9278 243.7819
534.3478 235.9419
545.3178 229.5319
547.1178 225.9619
550.3578 216.3119
552.4278 213.1319
555.7678 211.0819
562.1178 209.3219
580.1778 207.9119

Saint_Catherine
97
524.3578 163.5019
524.3578 163.5019
523.5378 153.8819
523.7078 152.4619
524.2578 150.1419
526.5678 145.3319
526.9078 143.5219
526.8478 142.1219
525.6678 139.4819
525.2178 138.6819
524.6278 137.9819
523.9778 137.3719
523.2778 136.8419
522.2078 134.9119
520.9978 131.8419
518.9278 124.4319
518.4478 121.2319
518.4878 119.1619
521.0178 116.8819
521.3178 116.4919
521.6878 115.9119
522.3278 114.2419
522.7978 113.4719
523.4378 112.9019
524.2578 112.5819
525.2278 112.5819
526.0978 112.7819
527.8978 113.5819
528.8278 113.7819
531.2078 110.4719
532.3378 106.2319
531.2578 102.4519
529.6178  98.5719
525.2878  93.6719
523.9478  90.8519
519.3578  91.4019
518.0078  88.7019
516.6378  80.3319
510.3978  58.1919
505.7678  51.6019
500.1778  48.0219
495.5778  47.9819
492.5378  49.3619
489.7278  51.2719
485.8878  52.7919
466.6078  52.7919
466.6078  55.5119
473.9778  58.0219
470.2178  61.3119
465.4978  67.6719
461.8378  70.5319
457.5778  72.1919
447.5278  73.2919
438.4178  70.1119
433.0078  66.9219
431.3678  84.4619
431.4978  85.6519
431.1878  87.1919
430.5778  88.8319
423.8178  97.8319
423.3678  98.6919
422.9478  99.7019
422.5478 101.8319
422.2678 104.6419
422.1678 117.4519
421.7078 119.3019
420.8678 121.7219
418.9278 125.3419
416.9578 128.3019
416.3878 128.9719
414.9778 131.2019
414.6778 132.5219
414.5778 134.3219
415.3878 139.6319
416.3878 143.0619
417.6878 145.6719
416.3078 152.2119
406.3978 177.3819
453.1878 183.3319
460.2878 186.0819
481.2378 197.9019
486.5878 199.5319
487.5878 199.7319
488.6778 199.7819
495.3678 199.0519
496.5078 198.2219
497.5578 196.8919
499.6578 191.8519
500.8378 190.2319
503.5978 188.2119
505.0878 186.5919
506.4278 183.7319
507.1678 180.7619
507.5978 177.6419
508.3578 176.0719
512.4278 170.4519
516.1278 166.8419

Saint_Ann
70
455.4278 260.9119
455.4278 260.9119
455.7178 259.2519
458.7278 245.8019
458.9478 243.8919
459.6278 241.2519
460.3478 239.9519
462.1778 238.1819
463.1278 236.8419
463.7678 235.4619
463.0178 227.2219
463.1478 226.1119
463.8778 224.7519
468.2078 219.6019
469.6878 217.2719
470.7578 213.8819
471.2478 210.7619
471.8078 208.7519
472.2278 207.7819
474.5478 204.6619
481.2378 197.9019
460.2878 186.0819
453.1878 183.3319
406.3978 177.3819
374.8078 177.8119
357.6878 180.9619
350.9678 183.6619
349.1778 183.9519
347.7378 183.9819
335.9078 181.2819
335.0578 180.8819
332.6178 178.9519
331.3178 178.2119
328.8278 177.1819
327.1778 176.8819
325.6578 176.8119
316.7878 178.3419
308.5878 181.0619
322.4378 247.2219
322.5378 249.0219
322.4278 250.7019
320.5678 253.0219
320.0778 254.0619
320.0678 255.3819
321.0078 257.6919
321.2878 259.8219
321.0078 262.4819
317.0078 272.8919
316.7278 275.9119
317.4878 283.2219
317.6078 283.9819
321.2078 283.7119
330.3178 281.4619
337.5078 277.0919
348.5778 279.9719
366.4578 279.9219
384.8478 277.8419
397.5178 274.5819
399.0778 272.9319
400.3678 268.3819
402.0578 266.8119
404.0978 266.7919
405.9878 267.6919
407.0978 268.8619
406.8278 269.5519
422.4178 266.8119
424.3478 265.6419
430.2278 260.4519
432.0478 259.2819
443.4378 258.8919

Portland
79
736.9078 113.6019
736.9078 113.6019
739.3378 107.7219
739.1278 107.6519
729.3978 104.6219
725.7278 104.1919
713.0078 105.9319
708.2778 107.1119
706.9178 108.2819
705.9478 109.3019
703.6678 112.6219
703.0778 113.3219
702.4278 113.8519
700.5678 114.6319
690.2378 117.7019
678.8278 119.4919
671.1578 123.9519
669.4278 124.4019
668.0078 124.4719
666.2378 123.7219
663.8978 122.4319
662.6478 122.0919
660.8978 121.8519
655.9778 121.8219
654.5578 121.6519
653.7378 121.2319
653.0378 120.6619
651.4778 119.1519
650.1278 118.2619
647.2978 117.2119
645.6678 117.0519
644.3478 117.1919
641.8878 118.6119
625.3678 123.8619
622.7378 125.1119
620.4278 126.6919
619.6978 127.3219
619.0578 127.9719
616.4078 131.5919
609.8678 136.0819
594.1078 142.6319
589.5778 143.3219
588.9078 142.7519
588.3878 141.9519
587.6078 140.1319
586.9078 139.0519
585.2278 138.3519
581.7178 137.7119
577.1978 138.6519
574.9378 139.3519
573.6378 140.1419
572.5678 141.5719
572.1378 142.3519
569.0178 151.5619
568.8978 152.4919
566.7178 159.9419
583.1178 205.8319
584.1578 207.0219
584.1678 207.0219
586.1678 206.5819
591.2978 203.8419
597.9378 197.1219
603.0478 193.8019
608.9678 191.9419
620.5578 192.6819
626.6278 188.3819
628.5678 187.8819
630.3178 186.2019
632.4578 184.6819
635.3378 183.9919
661.5378 183.9919
663.3678 182.8819
666.1078 177.6219
667.3778 176.0119
693.0578 171.1719
706.4078 166.3219
708.1078 158.6919
718.0178 149.1719
725.7178 138.1219

Kingston
18
575.2578  92.1119
575.2578  92.1119
574.4378  92.9019
572.6778  94.6119
568.1078  95.6519
557.5678  95.8019
550.4178  95.6419
545.4278  98.6219
546.5778 102.0419
547.1778 103.3919
549.8878 105.1619
553.3578 106.5919
556.3278 107.3719
565.3278 107.8219
570.5078 106.6119
573.9578 104.7819
576.8778  97.9719
577.1878  93.2019

Westmoreland
68
158.4378 217.8119
158.4378 217.8119
162.2578 209.5619
164.2678 207.1419
165.1278 206.7019
165.8478 206.1619
166.4778 205.4719
167.0078 204.7719
168.0378 202.9419
170.8278 194.0619
170.6678 190.5719
167.3478 180.8619
162.0778 178.2319
160.8778 177.2419
159.3278 175.6719
155.4878 169.5419
153.2678 164.8819
152.6878 162.6119
152.5678 161.5119
152.6478 160.4819
153.1378 158.5519
153.4578 157.6719
152.6678 152.2319
145.7978 132.3619
143.3678 127.6219
143.3578 127.6219
138.0078 140.0619
135.2478 144.0619
132.2578 146.1419
128.7778 147.9219
125.9878 148.6519
123.8378 150.5819
122.1578 155.0119
120.0278 163.7119
113.4678 177.0219
104.7778 181.9119
 79.0878 181.2719
 63.3978 183.9319
 57.6678 183.9919
 54.3878 180.9719
 51.6978 179.4919
 49.3478 179.9819
 40.7578 183.4519
 39.8878 183.9919
 35.0078 184.7819
 24.2678 188.2419
 18.2478 189.0019
 12.1178 190.5219
  6.1778 194.5119
  1.8078 200.1719
  0.2678 206.5819
  2.1978 209.6319
  7.3678 213.2919
  9.8178 216.3719
 10.2578 218.4819
 10.2578 218.4819
 13.4178 218.2319
 32.2478 215.5019
 34.1378 215.4819
 35.9278 215.8419
 37.6478 217.2119
 50.7478 232.6919
 52.7278 233.2219
 96.0578 233.4219
 99.2878 232.9719
102.3378 232.1119
121.5478 220.9419
129.1878 219.5419

Trelawny
31
317.6078 283.9819
317.6078 283.9819
317.4878 283.2219
316.7278 275.9119
317.0078 272.8919
321.0078 262.4819
321.2878 259.8219
321.0078 257.6919
320.0678 255.3819
320.0778 254.0619
320.5678 253.0219
322.4278 250.7019
322.5378 249.0219
322.4378 247.2219
308.5878 181.0619
292.9978 191.9319
287.9978 194.1419
286.8878 194.1019
273.5478 196.1119
271.5378 196.1719
269.5878 195.6419
267.0378 194.4419
263.1678 192.0819
261.0278 191.2819
256.5378 190.1519
207.2978 195.1419
223.1778 294.6119
223.3078 295.2519
248.0778 289.8219
282.0278 289.1719
297.0278 285.5019

Saint_James
47
223.3078 295.2519
223.3078 295.2519
223.1778 294.6119
207.2978 195.1419
167.3478 180.8619
170.6678 190.5719
170.8278 194.0619
168.0378 202.9419
167.0078 204.7719
166.4778 205.4719
165.8478 206.1619
165.1278 206.7019
164.2678 207.1419
162.2578 209.5619
158.4378 217.8119
154.0078 226.7619
153.1378 227.9319
151.4078 229.5819
146.5378 232.1519
145.2778 233.0619
144.5578 233.8319
142.8178 237.8019
138.8778 245.0919
137.8978 247.3919
137.3578 250.0419
136.4978 251.8319
135.9178 252.8319
130.2378 257.5419
129.0478 259.0119
128.4178 260.3119
130.7178 268.5619
130.9078 269.6719
130.9578 273.1719
130.9578 273.1719
133.6578 272.1819
137.5178 271.2119
141.4978 271.8419
145.0378 274.3519
145.3778 276.7619
145.2778 279.5819
147.4378 283.3819
155.3378 293.5319
158.9378 296.9019
165.0978 299.7019
179.2078 302.0219
195.1978 301.4119
223.2978 295.2519

Saint_Elizabeth
40
256.5378 190.1519
256.5378 190.1519
258.2978 157.2219
282.1078  58.3119
282.9678  56.6619
282.9678  56.6519
274.6578  58.0819
227.3778  55.3619
224.9878  55.8119
217.7178  60.7619
205.4378  66.8619
202.3578  69.2819
200.8378  72.0619
197.2178  81.4619
196.4878  84.4319
195.1678  86.7619
188.9278  88.9919
186.9678  90.5819
186.4578  98.2819
187.0778 107.5319
184.9078 115.3119
176.0278 118.5819
151.8378 118.7919
146.2678 120.8719
143.3578 127.6219
143.3678 127.6219
145.7978 132.3619
152.6678 152.2319
153.4578 157.6719
153.1378 158.5519
152.6478 160.4819
152.5678 161.5119
152.6878 162.6119
153.2678 164.8819
155.4878 169.5419
159.3278 175.6719
160.8778 177.2419
162.0778 178.2319
167.3478 180.8619
207.2978 195.1419

Manchester
49
286.8878 194.1019
286.8878 194.1019
287.9978 194.1419
292.9978 191.9319
308.5878 181.0619
309.4178 175.5919
347.3978  97.6119
346.9178  95.5319
345.9378  92.6419
345.8278  90.8619
346.0078  88.3819
346.7778  83.4119
347.3878  81.1919
347.9878  79.6119
349.6078  77.4619
353.5978  74.0019
354.3678  72.7119
354.7178  71.4919
354.5678  70.3319
352.4978  63.5019
351.7878  59.0219
351.4078  58.0719
350.8278  57.3919
350.1078  56.8819
349.1878  56.6819
348.1078  56.6219
344.9978  57.0019
343.9878  56.6919
343.2778  56.2219
342.2878  55.2919
342.2878  55.2819
341.9278  55.4919
334.2078  58.3419
326.0778  59.4219
319.6478  56.7619
312.2578  51.7519
304.8578  51.0919
289.6278  55.5119
282.9678  56.6519
282.9678  56.6619
282.1078  58.3119
258.2978 157.2219
256.5378 190.1519
261.0278 191.2819
263.1678 192.0819
267.0378 194.4419
269.5878 195.6419
271.5378 196.1719
273.5478 196.1119

Hanover
55
130.9578 273.1719
130.9578 273.1719
130.9078 269.6719
130.7178 268.5619
128.4178 260.3119
129.0478 259.0119
130.2378 257.5419
135.9178 252.8319
136.4978 251.8319
137.3578 250.0419
137.8978 247.3919
138.8778 245.0919
142.8178 237.8019
144.5578 233.8319
145.2778 233.0619
146.5378 232.1519
151.4078 229.5819
153.1378 227.9319
154.0078 226.7619
158.4378 217.8119
129.1878 219.5419
121.5478 220.9419
102.3378 232.1119
 99.2878 232.9719
 96.0578 233.4219
 52.7278 233.2219
 50.7478 232.6919
 37.6478 217.2119
 35.9278 215.8419
 34.1378 215.4819
 32.2478 215.5019
 13.4178 218.2319
 10.2578 218.4819
 10.2578 218.4819
 10.8378 221.2119
 10.3378 232.2919
 11.0078 235.4319
 13.6578 239.7819
 13.9578 242.5519
 15.1778 244.0019
 20.6078 244.4519
 24.0078 246.6819
 26.7778 250.9919
 30.3778 253.9219
 36.2278 251.9819
 39.8278 262.3919
 50.5378 272.2719
 62.9778 276.4019
 71.9478 269.5519
 77.1278 275.6819
 82.6678 275.8019
 89.1478 273.4119
 97.0778 271.8419
119.6578 274.6219
127.1878 274.5819

Clarendon
91
406.3978 177.3819
406.3978 177.3819
416.3078 152.2119
417.6878 145.6719
416.3878 143.0619
415.3878 139.6319
414.5778 134.3219
414.6778 132.5219
414.9778 131.2019
416.3878 128.9719
416.9578 128.3019
418.9278 125.3419
420.8678 121.7219
421.7078 119.3019
422.1678 117.4519
422.2678 104.6419
422.5478 101.8319
422.9478  99.7019
423.3678  98.6919
423.8178  97.8319
430.5778  88.8319
431.1878  87.1919
431.4978  85.6519
431.3678  84.4619
433.0078  66.9219
430.5478  65.4619
424.8178  54.0019
423.4578  50.6619
426.0978  40.5019
423.5578  39.4919
419.1278  36.7919
416.5678  35.7219
417.4778  33.7919
418.0878  30.0819
418.9378  27.7519
415.2078  29.4519
411.4578  29.6319
407.8178  28.3419
404.4478  25.5019
410.5778  21.7119
417.0478  20.2819
423.8378  20.8519
430.8678  23.0019
434.4078   9.2219
433.3378   2.9019
424.8078   0.2519
417.5378   0.6119
411.0278   2.0819
404.5878   5.2019
374.2878  32.3619
368.0078  40.2819
342.2878  55.2819
342.2878  55.2919
343.2778  56.2219
343.9878  56.6919
344.9978  57.0019
348.1078  56.6219
349.1878  56.6819
350.1078  56.8819
350.8278  57.3919
351.4078  58.0719
351.7878  59.0219
352.4978  63.5019
354.5678  70.3319
354.7178  71.4919
354.3678  72.7119
353.5978  74.0019
349.6078  77.4619
347.9878  79.6119
347.3878  81.1919
346.7778  83.4119
346.0078  88.3819
345.8278  90.8619
345.9378  92.6419
346.9178  95.5319
347.3978  97.6119
309.4178 175.5919
308.5878 181.0619
316.7878 178.3419
325.6578 176.8119
327.1778 176.8819
328.8278 177.1819
331.3178 178.2119
332.6178 178.9519
335.0578 180.8819
335.9078 181.2819
347.7378 183.9819
349.1778 183.9519
350.9678 183.6619
357.6878 180.9619
374.8078 177.8119

