917 793

Northern
10
524.5432 463.5171
524.5432 459.5371
512.9032 457.9371
508.3732 452.3671
503.2032 451.5671
501.9132 453.1571
502.5632 457.1371
505.1532 459.5271
510.3232 459.5271
516.7932 463.5071

Northern
320
430.1432 553.3971
433.3732 547.8271
436.6032 546.2471
437.8932 541.4671
441.1332 539.0771
441.1332 531.1171
445.6532 530.3171
450.1832 525.5571
450.8332 519.1871
441.1332 512.8171
428.8432 512.8171
425.6032 508.8371
423.0232 508.8371
421.7332 506.4571
423.0232 503.2771
413.9732 496.9071
410.0932 491.3371
391.3432 481.0071
389.4032 477.8171
390.0532 471.4571
393.9332 462.7071
397.1732 460.3171
428.8532 464.3071
439.8432 467.4871
441.7832 469.8671
452.1332 473.0571
456.6632 476.2371
459.2432 473.8471
458.5932 470.6671
461.8332 465.8971
466.3532 465.8971
467.0032 468.2871
472.8232 471.4671
477.3432 465.8971
483.8132 466.6971
488.3432 463.5171
490.9332 463.5171
492.8732 466.6971
494.1632 465.0971
499.9832 465.0971
499.9832 461.9171
495.4532 457.9371
500.6232 452.3671
495.4532 444.4171
498.0332 442.8171
498.6832 438.0571
496.7432 435.6671
490.9232 435.6671
487.0432 438.8471
483.1632 438.0571
483.1632 434.8671
487.0432 433.2871
485.7532 427.7171
481.8732 422.9471
479.2832 414.9971
474.1132 413.3971
472.8232 409.4171
468.2932 407.0371
467.6532 400.6671
472.8232 399.8671
478.6432 403.0571
482.5232 403.0571
483.8132 406.2371
487.6932 407.0371
489.6332 409.4171
499.9832 411.8071
501.9232 415.7871
506.4532 414.1871
505.8032 411.8071
513.5632 411.8071
514.2132 414.1871
518.0932 411.8071
519.3832 414.9871
524.5632 413.3871
525.8532 414.1871
525.8532 420.5571
529.7332 422.1371
538.1432 422.1371
539.4332 424.5271
543.9532 425.3171
545.2532 432.4771
552.3732 438.0471
558.1932 439.6271
563.3632 443.6071
575.6432 443.6071
576.2932 439.6271
567.2432 440.4271
567.2432 433.2771
562.7232 425.3171
564.0132 416.5671
558.1932 407.8171
555.6032 397.4871
557.5432 397.4871
558.8332 403.0571
562.7132 408.6171
564.6532 410.2071
569.8232 410.2071
574.9932 416.5671
577.5832 417.3671
581.4632 426.9071
584.7032 427.7071
586.6432 425.3171
591.8232 426.1171
600.8832 418.9671
609.2832 418.9671
611.8732 414.1971
615.7432 411.8171
613.8032 407.0471
618.9832 403.8571
621.5732 395.9071
627.3932 397.4971
625.4532 399.0771
626.1032 406.2371
631.2732 407.0371
635.1532 399.0771
635.1532 386.3571
637.7432 385.5671
639.0332 389.5371
641.6232 390.3271
642.9232 383.1771
646.8032 378.4071
670.0832 373.6371
670.7232 376.0271
681.0732 380.7971
686.8832 376.8171
696.5832 374.4271
697.8832 372.8471
697.2332 367.2771
703.7032 364.8871
704.9932 361.7071
710.1632 361.7071
713.3932 359.3271
713.3932 359.3271
711.6132 352.0171
704.5332 347.6671
701.3432 341.5771
706.6532 339.8371
708.4232 321.9871
705.5932 318.0671
690.7232 318.0671
682.9332 308.0571
671.2532 307.6171
664.8832 312.4071
658.5132 314.5871
653.2032 314.1471
651.4332 308.0571
649.6632 308.0571
639.7532 318.9371
627.0132 320.2471
619.5832 315.4571
620.6432 299.7871
619.2232 288.9071
617.1032 284.5571
606.1332 283.2471
595.8632 287.1671
593.7432 286.2971
585.6032 275.8571
585.2532 265.4171
582.7732 264.9771
568.6132 277.1571
542.4132 274.9871
538.8732 272.8071
525.7732 249.7471
525.4232 243.6571
527.9032 241.0471
529.3232 234.5171
536.7632 225.3771
536.7632 225.3771
534.6432 205.3671
538.5432 197.0971
538.8932 183.6171
543.4932 177.5271
543.4932 174.4771
529.3332 161.8671
523.6732 158.8271
519.0732 157.9571
513.4132 161.8671
503.1432 161.4271
500.3132 151.4271
495.7132 144.9071
493.2332 134.4671
482.6132 122.7271
482.2632 115.7671
480.0132 112.9571
480.0132 112.9571
472.2632 113.7571
469.0332 116.9271
461.2732 116.1271
451.5732 124.0771
448.3332 130.4271
438.6332 132.8171
431.5132 141.5571
417.2932 151.0771
412.7632 161.4071
408.8832 164.5771
407.5932 169.3471
405.0132 171.7371
398.5432 172.5171
394.0132 175.7071
395.3032 177.2871
393.3632 177.2871
393.3632 178.8771
397.8932 183.6471
382.3732 184.4471
369.4432 193.1871
367.5032 199.5371
361.6832 204.3071
355.2132 213.0471
357.7932 228.9371
351.3232 248.8071
344.2132 253.5771
338.3932 262.3171
338.3932 267.8771
342.2732 271.8471
342.9232 276.6171
337.7532 284.5571
337.7532 290.1171
351.3332 286.9371
366.8532 287.7371
366.2032 290.9171
362.3232 291.7171
360.3832 296.4871
361.6732 298.0771
361.0232 301.2571
355.2032 304.4371
354.5532 308.4071
349.3832 309.2071
347.4432 319.5471
349.3832 333.8471
351.9732 337.0371
358.4332 337.0371
362.9532 336.2371
368.7732 328.2871
371.3632 328.2871
372.0132 330.6671
373.9532 329.8671
372.6632 335.4371
373.9532 344.1771
364.2532 343.3771
362.3132 350.5371
362.9632 352.9171
376.5432 352.1171
377.8332 354.5071
373.3132 354.5071
372.0232 357.6871
372.0232 362.4571
376.5532 364.8371
375.2632 368.0271
364.9132 366.4371
360.3832 371.2071
361.6732 372.7971
360.3832 374.3771
354.5632 376.7671
342.2732 378.3471
338.3932 387.0971
339.6832 395.0471
346.1432 399.0171
355.8432 399.0171
355.8432 407.7671
360.3632 410.9571
360.3632 417.3171
368.1232 422.0871
368.1232 424.4771
363.6032 424.4771
361.0232 426.8571
362.3132 433.2271
359.0832 438.7871
362.9632 438.7871
363.6132 441.1771
355.2132 445.1571
353.9232 449.1371
355.2132 451.5171
359.0932 451.5171
360.3832 455.5071
357.7932 459.4871
356.5032 467.4371
339.6932 468.2371
333.8732 464.2571
326.7532 464.2571
319.0032 468.2371
315.7632 474.5971
319.6432 478.5771
320.9332 485.7471
324.1732 492.1071
328.6932 496.0871
335.8132 496.0871
342.2732 508.0271
345.5132 508.0271
346.1532 506.4271
348.7432 507.2271
350.0332 512.7871
335.8132 517.5571
337.7532 527.9071
341.6332 528.7071
340.9832 524.7271
339.0432 523.1271
341.6232 519.9471
353.2632 521.5271
361.0232 517.5471
364.9032 517.5471
366.8432 519.9371
371.3732 520.7371
380.4232 516.7571
378.4832 520.7371
379.7732 523.1171
387.5332 523.1171
392.0532 519.1371
393.9932 532.6671
401.1132 532.6671
403.0532 531.8671
404.3432 527.0871
410.1532 527.0871
412.7432 534.2571
423.0932 533.4571
423.7432 535.0371
417.2832 538.2271
416.6332 546.1771
419.8732 549.3571
428.2732 546.1771
427.6232 551.7471

Central
112
713.3532 359.3371
717.8832 358.5371
721.7632 352.9771
716.5932 348.1971
717.2432 345.8171
720.4732 346.6171
723.0532 345.0271
726.2832 347.4071
728.8732 345.0271
724.9932 341.8471
724.9932 336.2771
727.5832 336.2771
726.9332 324.3571
721.1132 323.5571
721.1132 321.1671
723.7032 320.3871
723.7032 317.1971
727.5832 314.0171
730.8132 314.0171
733.4032 315.6171
733.4032 322.7671
735.3432 323.5571
745.6932 319.5871
752.1532 314.0171
756.6832 312.4271
756.0332 304.4771
761.8532 302.0971
764.4432 294.9371
773.4932 291.7671
774.1432 288.5871
769.6132 285.4071
765.0832 285.4071
755.3932 290.1671
754.7432 292.5571
750.2132 294.9371
743.7532 294.9371
733.4032 289.3871
732.1132 284.6171
745.6932 286.1971
754.0932 283.0171
753.4432 275.8671
748.2732 272.6871
742.4532 273.4771
741.1632 275.8671
735.9832 278.2471
729.5232 278.2471
734.0532 271.8971
737.2832 271.8971
739.2232 269.5071
739.2232 262.3571
733.4032 259.1871
733.4032 253.6171
733.4032 253.6171
731.4032 243.6771
731.4032 243.6771
721.4832 238.0271
715.4732 241.0671
713.7032 245.4171
704.1432 247.1571
698.8332 236.7171
696.0032 236.2771
688.5632 226.2771
686.4432 225.8371
678.6532 231.9271
662.0132 236.2771
653.5132 236.2771
640.0632 243.2471
637.2332 241.0671
634.7532 230.1871
631.5732 228.4571
620.9432 230.1871
611.7432 228.4571
606.0832 229.7571
592.2732 228.8871
572.8032 217.1371
567.8432 217.5771
554.7432 222.7971
548.0232 221.4871
536.6932 225.4071
536.6932 225.4071
529.2532 234.5371
527.8432 241.0671
525.3632 243.6771
525.7132 249.7671
538.8132 272.8271
542.3532 275.0071
568.5532 277.1771
582.7132 264.9971
585.1932 265.4271
585.5432 275.8771
593.6932 286.3171
595.8132 287.1871
606.0832 283.2671
617.0532 284.5771
619.1732 288.9271
620.5932 299.8071
619.5332 315.4771
626.9632 320.2571
639.7132 318.9571
649.6232 308.0771
651.3932 308.0771
653.1632 314.1671
658.4732 314.6071
664.8432 312.4271
671.2132 307.6371
682.9032 308.0771
690.6932 318.0871
705.5532 318.0871
708.3932 321.9971
706.6232 339.8471
701.3132 341.5871
704.4932 347.6771

Southern
187
836.8632  67.7371
837.2532  76.2471
832.2932  81.8971
829.8132  90.1571
817.7832 102.7671
804.3232 107.5471
802.5532 114.0671
800.4332 114.9371
799.3732 121.4571
786.9832 138.8571
776.7132 159.2971
762.9032 164.5071
754.4132 171.0371
747.6832 170.1671
737.0632 164.9471
734.5832 161.4671
729.6332 161.0271
726.7932 171.9071
718.6532 173.6471
714.4032 179.2971
705.9132 182.3471
700.6032 187.1271
700.6032 189.7371
705.5532 191.9071
695.6432 201.0471
697.0632 205.8271
706.2632 219.3171
714.4032 224.5371
722.5532 225.4071
727.8632 231.4971
731.7532 231.4971
733.5232 233.2371
736.0032 240.1971
731.4032 243.6771
731.4032 243.6771
733.4032 253.6171
733.4032 253.6171
737.9232 254.4171
741.8032 259.9671
745.0332 259.9671
746.9832 263.1571
749.5732 263.1571
752.1532 267.9271
754.7432 267.9271
756.6832 271.1071
762.4932 271.8971
767.0232 276.6671
774.1432 275.0771
780.6032 279.8471
784.4832 279.8471
781.9032 263.1571
779.3132 260.7671
773.4932 260.7671
771.5532 259.1871
767.0232 253.6171
767.0232 250.4471
762.4932 248.0571
757.9732 236.9371
754.0932 233.7471
748.2732 232.1671
744.3932 225.7971
738.5732 224.2171
740.5132 219.4471
744.3932 219.4471
748.2732 223.4271
750.2132 223.4271
752.1532 228.1971
761.8532 229.7771
767.0232 232.9571
770.9132 230.5671
772.8432 225.0071
774.7832 225.0071
776.7332 217.8571
777.3732 222.6271
769.6132 242.4871
778.0232 240.1071
783.8332 231.3671
786.4232 231.3671
783.8332 241.6971
780.6032 244.8771
781.9032 247.2571
787.7132 240.1071
800.0032 236.9371
800.0032 238.5171
796.7732 238.5171
791.5932 246.4571
794.8332 251.2271
799.3532 252.0271
792.8832 258.3871
793.5432 261.5671
791.5932 267.1271
793.5432 268.7171
799.3532 265.5371
801.2932 260.7671
803.2432 263.1571
808.4132 263.1571
812.9432 259.9671
816.1732 259.9671
820.0532 255.9971
826.5132 256.7971
829.7432 254.4171
833.6232 254.4171
847.2032 239.3071
856.9032 236.9371
862.7332 227.3971
865.9632 227.3971
869.1932 224.2171
869.8432 217.8571
877.6032 217.0571
885.3532 212.2971
899.5832 194.0271
903.4632 192.4371
907.3432 182.8971
914.4532 177.3371
913.8132 174.9571
906.6932 174.9571
904.1132 172.5671
896.3432 174.1571
892.4732 169.3971
884.7132 169.3971
882.1232 167.0171
882.1232 164.6271
884.7132 164.6271
885.3532 166.2171
894.4132 167.0171
895.0532 169.3971
900.2232 170.1871
907.9932 165.4271
911.2232 160.6571
916.3932 159.8571
916.3932 158.2771
908.6332 152.7171
904.7532 146.3571
899.5832 145.5671
893.7632 141.5971
894.4132 140.0071
889.8832 140.0071
886.6532 136.8371
886.0032 132.0671
889.2432 128.8771
891.8232 127.2971
903.4632 126.5071
902.1732 120.9371
900.2232 120.9371
899.5832 118.5671
896.9932 118.5671
895.7032 112.2071
897.6432 112.2071
899.5832 108.2371
904.7532 105.8571
907.9932 101.0871
907.9932  97.9171
900.2232  93.9371
894.4132 102.6771
886.0032 104.2671
882.1232 100.2971
884.7132  93.9371
878.8932  93.9371
876.9532  90.7671
878.2432  85.1971
886.6532  82.8271
887.2932  81.2371
882.7732  74.0871
883.4132  69.3271
887.2932  64.5571
886.6532  58.2171
884.7132  57.4171
884.0632  51.0571
878.8932  51.8571
884.0632  47.8871
884.0632  44.7171
879.5332  44.7171
880.8332  36.7771
875.6632  36.7771
873.7132  39.9471
873.0732  47.0971
868.5432  52.6571
869.8432  62.9771
866.6032  65.3571
857.5532  89.9671
853.6732  93.9371
841.3932  97.1171
840.7432  94.7371
843.3232  86.7971
845.9132  86.7971
844.6232  82.8271
847.2032  76.4671

South_Eastern
171
731.4032 243.6771
736.0032 240.1971
733.5232 233.2371
731.7532 231.4971
727.8632 231.4971
722.5532 225.4071
714.4032 224.5371
706.2632 219.3171
697.0632 205.8271
695.6432 201.0471
705.5532 191.9071
700.6032 189.7371
700.6032 187.1271
705.9132 182.3471
714.4032 179.2971
718.6532 173.6471
726.7932 171.9071
729.6332 161.0271
734.5832 161.4671
737.0632 164.9471
747.6832 170.1671
754.4132 171.0371
762.9032 164.5071
776.7132 159.2971
786.9832 138.8571
799.3732 121.4571
800.4332 114.9371
802.5532 114.0671
804.3232 107.5471
817.7832 102.7671
829.8132  90.1571
832.2932  81.8971
837.2532  76.2471
836.8632  67.7371
836.8632  67.7371
834.2732  68.5271
827.1632  78.0571
817.4632  75.6871
809.7032  75.6871
811.6432  73.2971
809.0532  69.3271
814.2232  69.3271
816.1732  59.7971
814.2232  57.4171
803.8832  56.6171
807.1132  47.0971
809.0532  46.2971
809.0532  41.5271
811.6432  41.5271
812.9432  44.7171
818.7532  47.0971
831.0332  33.5971
836.8632  32.8071
834.9232  37.5671
831.0332  40.7471
829.1032  46.2971
838.8032  46.2971
846.5632  39.1571
847.2032  32.8071
853.0232  35.9871
854.3232  35.9871
854.3232  33.5971
851.7332  32.7971
844.6232  24.0671
840.0932  29.6271
838.1532  16.9271
829.7432  11.3671
829.7432   8.9871
824.5732   7.3971
821.3432   4.2271
816.1732   4.2271
811.6432   0.2571
790.3032   1.8471
787.7132   3.4271
775.4332   1.0571
764.4432   3.4271
761.2032   6.5971
755.3932   7.3971
744.3932  14.5471
741.8032  14.5471
741.1632  16.9271
736.6332  16.9271
734.6932  19.3171
728.2332  20.0971
724.3532  22.4871
711.4232  23.2771
710.1232  21.6871
704.3032  21.6871
699.1332  24.0671
697.1932  27.2471
693.3132  26.4571
692.6632  24.0671
686.8432  25.6571
686.2032  23.2771
679.0832  23.2771
679.0832  25.6571
676.5032  25.6571
675.8532  27.2471
671.3232  26.4571
671.3232  28.0471
666.8032  28.0471
658.3932  36.7771
646.1032  37.5671
638.9932  39.9471
638.3532  41.5271
637.7032  39.9471
635.1132  40.7471
635.1132  38.3571
633.1732  36.7771
626.0632  36.7771
600.2032  49.4771
596.9632  49.4771
594.3832  47.0971
584.0332  57.4171
566.5732  58.9971
559.4632  61.3871
550.4032  61.3871
542.6432  65.3571
538.7732  74.0871
538.7732  79.6471
525.1932  82.0271
514.2032  86.7971
511.6132  83.6171
508.3832  88.3871
505.1532  89.9671
505.7932  91.5571
498.0332  90.7671
494.1532  93.1571
490.9232 104.2671
485.0932 105.0571
479.9232 112.9971
479.9232 112.9971
482.1732 115.8071
482.5332 122.7671
493.1532 134.5071
495.6232 144.9471
500.2332 151.4671
503.0632 161.4671
513.3232 161.9071
518.9932 157.9871
523.5932 158.8571
529.2532 161.9071
543.4232 174.5171
543.4232 177.5571
538.8132 183.6471
538.4632 197.1271
534.5732 205.3971
536.6932 225.4071
536.6932 225.4071
548.0232 221.4871
554.7432 222.7971
567.8432 217.5771
572.8032 217.1371
592.2732 228.8871
606.0832 229.7571
611.7432 228.4571
620.9432 230.1871
631.5732 228.4571
634.7532 230.1871
637.2332 241.0671
640.0632 243.2471
653.5132 236.2771
662.0132 236.2771
678.6532 231.9271
686.4432 225.8371
688.5632 226.2771
696.0032 236.2771
698.8332 236.7171
704.1432 247.1571
713.7032 245.4171
715.4732 241.0671

Gozo
9
321.5032 599.5771
325.3832 595.5871
325.3832 592.4071
327.3232 591.6071
327.3232 586.8271
322.8032 591.6071
316.3332 590.0271
311.8032 594.8071
311.8032 597.9871

Gozo
43
364.8332 614.6871
368.0632 610.7071
366.7732 606.7271
371.3032 601.1571
378.4132 601.1571
390.6932 587.6271
392.6332 582.8471
388.7532 577.2871
388.1132 573.3071
380.3532 574.0971
369.3632 571.7171
368.7132 570.1171
364.1832 570.9171
362.8932 569.3171
353.8432 570.9171
351.2532 569.3171
353.1932 568.5271
352.5432 566.9271
337.6732 567.7271
332.4932 565.3371
327.3232 565.3371
333.7932 574.0871
339.6132 578.0671
340.2632 581.2571
339.6132 584.4371
335.7332 582.8371
333.7932 584.4371
333.1432 588.4171
329.2632 590.0171
326.0332 597.9771
327.9732 601.1571
323.4532 605.1371
325.3932 610.7071
333.8032 609.1071
336.3832 613.0871
340.9132 613.0871
342.8532 607.5271
344.7932 613.0871
348.6732 613.0871
353.2032 609.9071
357.7232 609.1071
359.6632 605.1271
359.6632 613.8871

Gozo
159
126.8732 792.2571
130.7532 789.0771
137.2232 789.0771
143.0432 786.6971
154.6832 787.4971
155.9732 785.8971
162.4432 785.8971
162.4432 782.7071
159.8532 781.9071
159.8532 779.5071
163.0932 777.1271
176.0232 775.5271
177.3132 769.9571
175.3832 765.9671
176.0232 762.7871
179.9132 762.7871
181.8532 769.1671
183.1432 768.3671
183.7932 769.9671
190.9132 769.9671
194.1432 766.7771
198.0232 766.7771
208.3732 755.6271
209.0232 749.2471
212.2632 745.2671
220.6632 742.8871
221.9532 738.1071
229.7032 735.7071
231.6432 731.7271
238.1032 732.5271
245.2232 745.2671
251.6932 746.0671
253.6332 742.0871
256.2132 742.0871
258.8032 734.1271
261.3932 731.7271
267.2032 730.9371
274.3232 721.3771
279.4932 722.1771
287.2532 726.9471
299.5432 725.3571
301.4832 721.3771
302.7832 706.2371
307.3132 704.6471
307.9632 698.2671
311.8432 698.2671
315.0732 701.4471
324.1332 698.2671
329.3032 688.7071
353.8732 664.0271
357.7532 656.8571
359.0432 648.0971
353.8732 643.3271
343.5332 641.7271
339.0132 636.1471
328.0132 635.3471
322.1932 628.1871
311.2032 628.1871
307.9732 631.3671
302.8032 632.1671
296.9832 632.1671
296.9832 630.5671
291.8132 629.7771
287.2832 629.7771
283.4032 632.9571
280.8232 632.9571
278.2332 629.7771
273.0632 631.3571
271.7632 626.5771
276.9332 625.7871
256.8932 610.6571
251.0732 610.6571
249.1332 612.2571
245.9032 610.6571
245.2532 606.6771
240.7232 605.0771
227.1532 605.8771
225.2132 601.0971
209.0432 604.2771
203.2232 598.7171
189.6532 593.9371
184.4832 589.1571
184.4832 586.7671
182.5432 586.7671
176.0732 594.7371
167.6732 594.7371
161.8532 605.8771
147.6332 605.8771
144.3932 608.2671
128.8832 608.2671
126.3032 610.6471
117.8932 610.6471
115.3132 613.8271
111.4332 613.0271
107.5532 614.6271
107.5532 616.2271
 99.1532 614.6271
 99.1532 613.0271
 95.2732 613.0271
 93.9832 610.6471
 87.5132 613.8271
 88.1632 616.2171
 82.9932 614.6171
 79.1132 620.9871
 76.5232 620.9871
 75.2332 624.9671
 66.8332 633.7271
 66.8332 640.8871
 59.0732 648.0471
 51.3132 647.2571
 53.2532 648.8371
 47.4332 652.0271
 36.4432 652.0271
 33.8532 648.8371
 30.6232 649.6371
 24.8032 648.0371
 24.8032 649.6371
 22.8632 648.8371
 14.4632 654.4171
 11.2332 653.6171
  6.7032 659.1971
  6.7032 663.9771
 13.8232 671.9371
 12.5332 675.9171
 13.8232 683.0771
 10.5832 692.6371
 11.2332 695.0271
 15.1132 695.8271
 15.7632 699.0071
 13.8232 701.3871
 11.2432 701.3871
  9.9532 710.1471
 18.3532 718.9071
 19.0032 722.8871
 16.4132 734.8371
  8.0132 738.8171
  2.8432 738.8171
  2.1932 740.4071
  0.2532 762.7071
  2.8432 771.4671
  9.9632 769.8771
 22.8932 769.8771
 24.8332 771.4671
 35.8232 770.6671
 40.9932 774.6471
 44.8732 781.8271
 52.6332 781.8271
 61.0332 785.8071
 70.0832 785.8071
 81.0832 788.1871
 84.3132 785.0071
 88.8332 785.0071
 92.0732 791.3871
 95.9532 791.3871
102.4232 787.4071
108.2432 787.4071
110.1832 792.1771
116.6532 792.1771
118.5932 790.5871

