702 989

Auckland
8
363.6294 871.4029
364.6694 871.4829
363.9794 870.6629
364.3894 869.3029
363.8794 868.2329
362.2194 870.1729
363.1394 870.2529
363.0294 871.4529

Auckland
26
362.9294 875.6429
363.8194 875.5629
364.2394 874.9029
363.8294 874.1929
363.3294 874.4729
362.3294 873.8029
362.7894 872.3429
361.9194 870.8429
361.2394 870.8429
360.6894 870.8729
360.0994 871.1829
359.0894 871.3929
358.6094 871.7529
358.9594 872.2629
357.5594 872.3029
357.9294 872.8929
356.8694 873.6629
355.8094 872.6229
355.7594 874.6029
356.8894 874.8029
356.9794 873.9629
358.6594 874.8729
358.9494 873.8929
360.1794 873.8629
360.4094 874.9429
362.0494 874.8829

Auckland
11
353.0094 876.6229
353.7694 876.0429
353.5194 873.9429
352.8794 873.2929
352.4594 873.8929
351.9794 873.0629
350.0094 872.9229
349.5194 873.7429
349.9594 874.6829
351.9794 874.7529
352.9794 875.7929

Auckland
7
350.0594 892.9429
351.5394 891.7829
351.3594 889.8629
350.9494 890.5329
349.7594 890.0829
349.9794 890.4829
349.0594 891.0429

Auckland
5
359.9394 903.6329
360.8194 902.9929
360.1694 900.6029
358.2294 901.1729
358.2794 902.8529

Auckland
211
342.0694 904.7929
345.3294 899.9929
349.3294 898.5329
349.2994 897.8129
348.2894 897.1729
348.4894 896.3229
347.8594 896.3629
347.6694 896.3329
348.0594 894.8829
348.6894 895.0529
350.0194 893.9729
351.1594 894.1729
350.3194 893.4429
349.3494 893.6429
348.1094 892.9929
346.2694 892.6429
345.7494 893.1229
345.8394 891.3829
346.5294 890.7029
347.7294 890.7529
347.6094 890.3829
346.3694 888.9429
345.6194 888.0229
345.8194 890.0029
345.1194 890.3829
344.6394 889.3629
344.1094 888.5929
345.3494 887.9329
345.4994 885.5329
344.6194 885.7929
345.0294 884.7129
344.4294 884.6829
344.2994 884.0529
345.8694 881.7829
347.1394 881.6029
347.4594 882.5629
350.0094 883.2329
349.8194 881.9229
347.4494 881.6929
346.9094 880.8429
345.6694 880.6429
347.0694 878.2229
346.5294 877.2929
347.5394 873.7829
348.9994 871.7429
347.6994 871.8729
348.2194 872.2929
347.1094 873.2429
346.1594 872.3429
344.4994 872.0029
343.1194 874.5129
343.6494 875.5629
342.4194 874.3829
342.4294 873.7829
342.5394 872.8329
342.9794 872.3829
342.8894 870.5629
344.2694 869.1629
344.7294 870.6829
345.6194 870.5929
346.2694 871.4929
347.9294 871.2129
348.1594 870.1829
348.7794 870.0629
349.2194 870.9429
351.4294 870.9129
351.9594 869.7029
350.8194 867.8629
352.6294 869.4829
352.9994 869.5629
354.8694 867.6929
356.0294 867.8829
355.7294 869.2029
357.8294 869.5529
359.0794 868.0629
359.4894 867.6529
360.4294 866.0829
361.8994 866.9729
362.5894 865.8529
363.8094 866.8529
366.0594 865.5229
367.4194 863.3029
367.4194 863.3029
366.9694 862.2429
364.3794 861.5029
363.0494 862.5929
362.2894 862.3129
362.2194 860.4329
359.4894 860.7429
358.9394 861.6029
357.2094 859.3829
356.3994 856.7029
355.1094 856.7529
354.3094 857.5229
353.8194 856.8129
354.1094 855.8529
354.4894 856.2529
355.4294 855.2729
356.3994 853.2429
355.6694 851.9129
353.3294 852.1129
353.8694 851.2529
353.2394 850.7529
353.1494 849.3929
350.5394 850.0329
350.4494 848.6729
348.8394 847.7129
348.8394 847.7129
346.9494 846.7129
346.7094 847.1429
346.1994 846.6329
346.3494 845.4529
345.6994 844.8829
344.1194 846.3529
338.3494 859.6529
338.3294 860.9129
339.3094 861.3429
340.9894 861.0329
341.7894 861.6729
343.0294 861.2729
343.2594 860.0629
342.6494 859.2529
343.4194 858.2329
343.1494 856.6129
344.2394 856.2329
344.9794 852.0729
346.0594 851.8729
344.7794 855.7529
345.6794 855.4029
346.5094 855.1729
348.2294 855.4429
344.8394 856.0229
344.2294 856.7329
346.1994 857.3129
347.5894 859.1029
348.2994 858.9729
348.1594 858.0529
350.5494 860.6829
351.5494 860.0829
352.2794 860.4529
352.4894 859.6929
353.5794 860.5829
352.6394 861.2729
351.9494 860.5529
351.3694 860.7229
350.7994 860.9229
349.1594 862.9129
347.1894 862.4829
347.5094 862.9729
346.2694 863.7729
347.5594 864.9329
346.8394 866.2929
348.1394 866.5629
349.2494 865.8929
349.6894 866.6229
348.1794 866.8829
347.4694 867.0729
345.8194 866.3629
344.9094 866.9729
343.9194 866.6029
342.0394 864.4129
341.4994 864.7429
340.8794 863.3429
341.1994 862.4029
339.7094 862.8729
339.4594 863.4429
339.0794 862.3429
337.2994 861.0429
336.2994 860.9829
335.5594 865.8829
334.0694 869.2729
333.5994 872.6529
328.5994 881.3329
323.6794 888.3929
323.9494 890.1229
325.2094 890.7829
326.5494 891.1029
329.1494 886.3029
332.0794 884.5129
331.5994 882.7329
332.0294 882.5029
333.0694 881.5429
334.3494 882.2829
334.5194 882.9329
333.2894 883.5529
333.7294 884.5429
334.6594 884.9729
333.1794 888.7529
334.0494 891.5429
332.6494 892.8429
332.3194 892.1629
331.2794 891.8829
330.0394 893.2029
329.6094 892.7129
328.2594 892.8229
327.1294 893.5629
327.7694 896.6929
328.3694 897.0629
330.6694 896.0029
332.6694 896.8129
332.9194 897.8429
332.9194 897.8429
335.0694 899.6029
335.6094 899.2229
335.9994 900.6329
338.0194 901.3829
338.1394 902.7229
340.1394 903.4829
340.2394 904.8229
341.5594 905.8429
341.5594 905.8429

Auckland
45
371.8294 909.2129
372.4694 908.7729
372.1194 907.2929
372.7594 907.6629
372.8894 906.6729
373.6894 906.5929
372.8694 906.1129
373.0194 905.0129
373.3594 904.9429
376.0194 903.4629
375.1694 902.5229
375.3094 900.9629
374.6294 900.6329
375.4294 899.0429
376.1694 899.0529
377.4994 897.6729
377.7894 896.5929
376.7094 894.9229
374.7394 895.7929
374.9594 896.4229
375.5394 896.2729
375.2994 897.2329
374.2094 896.6829
373.1494 896.8829
373.3894 899.1929
371.9394 898.8129
371.6694 899.5929
371.1194 899.5229
369.2394 901.0729
368.7394 900.3929
368.3394 901.5129
368.3094 902.7929
369.0194 902.6629
369.4394 901.8029
370.2694 901.7929
369.8194 902.7929
369.9994 903.6029
369.5094 904.1229
370.1294 904.5129
368.3494 905.0729
368.5394 905.7429
369.0594 905.2729
370.8994 905.9629
369.5294 907.1229
369.5994 908.3729

Bay_of_Plenty
11
394.8294 840.3729
395.7294 839.8829
398.5994 835.6329
401.5694 832.4529
401.2094 832.0129
398.5994 834.4129
398.2594 833.2129
396.5894 834.1329
396.4994 835.6529
398.1094 835.1729
394.6894 839.1129

Bay_of_Plenty
267
404.4894 760.0929
405.4794 761.0229
406.3994 761.1129
406.4394 762.4829
405.7094 763.5529
406.5494 764.7029
405.6694 765.9829
405.4894 768.6229
404.4294 768.7429
404.0994 767.8029
402.6294 768.0429
402.6294 768.0429
400.6194 770.5029
400.6194 770.5029
399.8594 772.1029
400.5194 772.0929
399.5294 773.0629
399.5294 773.0629
399.0594 774.2329
399.0594 774.2329
399.5694 774.4329
399.8294 776.4329
403.8494 775.3029
405.4594 776.7429
402.1794 780.5929
403.4694 782.9829
403.5094 784.3429
404.0194 784.5429
400.7794 785.9829
400.0094 785.6829
399.5394 786.8529
397.4594 786.5829
397.1394 787.5329
397.7694 788.0429
397.5594 789.3029
398.6194 789.1729
400.9294 791.9529
401.5794 790.0529
402.3794 789.8229
402.4494 788.7729
404.4194 788.7329
406.3194 789.7429
406.2894 790.2629
407.4594 790.4429
408.1894 789.3829
407.2694 787.4129
409.5594 786.4229
410.8094 789.3329
414.2994 788.0029
413.9794 788.9529
415.2994 794.5829
413.7394 796.3929
411.4894 796.8629
410.0794 798.4629
408.9194 798.2829
407.4294 799.0429
407.3594 800.0929
406.9294 800.7329
406.4194 800.5329
405.3094 803.5929
405.8194 803.7929
404.6794 807.3729
405.1594 808.0929
404.5894 808.9429
404.0794 808.7429
404.1594 809.5729
402.2494 810.9729
399.6394 811.0329
397.7294 812.4429
397.5194 813.7029
396.1494 814.7829
394.4394 814.9329
394.3794 815.9729
393.5794 816.2029
393.0894 817.8829
394.4794 818.6729
393.7994 819.2129
394.0294 819.8329
393.0894 820.2729
393.3194 820.8929
392.6094 821.9529
393.1194 822.1429
391.7894 822.7029
392.5494 825.3829
391.6094 828.2129
389.0694 832.0429
389.2394 833.7029
387.9494 836.1529
388.9494 837.0529
387.9394 839.0829
388.9194 840.5029
389.8994 838.9929
391.4594 839.0329
390.8694 840.4129
390.3594 840.2229
389.9394 840.8729
390.7994 841.9729
391.3394 841.6329
392.0694 842.4229
391.5894 843.5829
392.2194 843.5429
392.5494 844.4629
392.0094 844.8029
392.9894 845.1529
392.9894 845.1529
392.9794 843.9429
394.9994 840.7129
394.4594 840.5929
394.1194 841.4729
393.1394 840.9329
392.6094 839.2429
393.3694 839.2029
393.3794 839.8029
394.4794 838.3529
392.2194 837.3829
393.5194 836.3929
392.5994 836.1129
392.3594 835.2029
393.1094 835.6729
393.5394 834.5629
394.2494 835.4129
394.5294 834.5229
393.7594 834.1429
395.0094 833.5929
394.5894 832.9729
394.9394 832.2029
395.9394 832.9529
396.7394 832.2529
397.4294 832.8329
396.7594 831.2729
398.9194 831.0229
399.0494 829.8829
400.6694 831.1629
401.3594 830.7029
401.2594 829.4229
401.8894 830.7429
402.1694 829.7729
401.2794 828.4329
401.5694 827.8329
402.5594 828.8329
404.3394 828.5829
404.5494 829.3229
403.6994 829.7829
402.3394 830.8129
402.3794 832.2329
401.8094 832.6129
402.1394 832.9429
405.3494 830.0429
412.1794 826.1629
413.0494 826.4029
413.6194 827.3729
414.1794 826.3229
421.1994 821.5829
424.5694 820.2029
431.7794 818.5429
435.0194 817.5529
435.6794 816.2929
439.8794 815.1529
436.9894 815.4429
437.0294 814.6029
438.5594 814.3529
438.9794 813.5829
439.7094 813.4429
440.5994 814.0429
440.4594 815.0229
449.5894 815.1629
453.2894 816.9029
453.2494 817.6429
455.6294 819.0029
455.9194 820.1729
457.0894 821.1529
457.2394 822.4529
458.1894 823.7329
459.5394 824.8929
460.9794 826.3429
460.3694 827.3229
461.8794 828.1429
462.6694 830.3129
464.8594 830.4729
466.1094 831.3629
467.4594 831.2129
468.7694 832.2929
469.5194 833.9629
469.9594 833.2129
471.4094 833.3429
472.9394 835.3029
472.6194 837.2529
473.5794 836.4629
474.7194 837.0229
476.3894 836.9129
476.3894 836.9129
477.4094 834.2729
474.8294 834.3129
472.4194 833.5729
472.2094 832.9529
473.2594 829.6729
472.6394 829.1529
472.9694 828.2229
472.2394 827.3829
473.1294 826.1429
474.7394 827.6129
476.1794 826.0729
472.1394 821.9729
467.9294 808.9729
467.4194 808.7629
462.5294 813.1729
461.6094 813.0629
461.1594 813.6729
460.3894 813.3529
461.6394 811.1929
460.6594 810.2529
461.2194 809.9429
461.3094 808.9129
460.0294 808.3929
460.0294 808.3929
459.6094 807.1529
459.6094 807.1529
460.0594 806.5329
457.8694 805.9029
457.8094 805.0729
455.9994 803.9329
453.4894 803.3229
453.7894 802.9029
453.1794 802.3829
453.9194 801.3429
452.4894 797.8229
443.5994 793.2229
444.2994 788.9329
443.6394 788.9329
443.0594 787.8929
442.1094 788.3229
441.4594 786.4429
440.6894 786.1329
440.9794 785.7129
439.2994 785.3029
439.2994 785.3029
438.4994 783.6229
437.5894 783.5229
437.5494 784.0529
436.0294 783.4429
435.0894 781.9829
435.3794 781.5529
433.8294 779.5829
431.4794 779.7329
430.0694 781.3329
428.9494 780.6229
428.3994 780.9529
427.4194 780.0229
426.3294 780.6729
425.5694 780.3729
425.1294 779.1229
424.4794 779.1329
424.6594 778.3929
423.3494 778.4229
422.9194 775.2829
423.3194 775.1729
422.5894 774.3529
422.8894 772.0329
418.7394 767.7129
419.4794 764.7529
413.0394 764.6629
411.7994 761.7329
412.9494 758.6529
411.7394 758.9929
409.9394 758.2829
410.9694 756.7829
408.7694 756.1829

Canterbury
431
267.8094 606.4429
268.2094 604.8629
267.8794 603.8729
268.4994 602.9529
269.6094 602.7929
270.5194 603.4229
271.0894 603.0629
271.1794 601.9429
272.2394 602.3429
272.5494 601.8829
271.7994 601.0229
271.9294 599.3329
272.3994 598.6429
273.4994 598.4829
273.5394 597.9229
272.7294 596.1629
273.7694 595.1129
275.3594 595.7229
275.9794 594.8029
275.6494 593.8029
276.7994 593.0829
276.4694 592.0829
277.7794 591.1329
279.1494 591.0729
278.6194 590.8729
277.5894 588.4429
277.5894 588.4429
278.6894 588.2829
278.6894 588.2829
279.4794 588.5929
280.3694 587.7729
280.0394 586.7729
280.7694 586.1829
281.5594 586.4929
281.7294 587.7229
284.9494 588.3829
285.2294 589.9429
286.5494 590.4429
287.5094 591.9729
287.4194 593.0929
288.3594 593.1629
285.7494 593.6129
285.9694 594.2729
286.9094 594.3429
286.9694 595.2329
290.5494 597.7529
290.3494 598.5429
292.0694 598.9129
292.2894 599.5729
292.3394 599.0129
293.0194 598.9829
293.0794 599.8729
295.1694 600.6729
295.7394 600.3129
295.9494 600.9729
296.9894 601.3729
296.7894 602.1629
297.7294 602.2329
296.8294 605.0729
297.7194 605.7129
297.6294 606.8329
298.6294 607.8029
299.9794 607.7529
300.8894 609.8529
302.1894 610.3629
302.2494 611.2629
303.7494 610.9829
304.4394 612.4229
306.6194 613.5929
306.4194 614.3829
307.2094 616.1629
308.2894 616.0229
309.3894 613.8529
310.4894 615.1829
315.7594 616.2329
316.5194 615.0929
319.7694 615.3029
319.3594 613.4129
319.3594 613.4129
314.9794 607.0729
314.4194 605.0829
314.8694 602.7929
313.0594 601.7229
309.8294 597.7429
308.1894 596.8429
307.5594 596.0029
307.5994 594.8629
305.3894 592.7729
305.0494 590.3629
306.5394 589.3129
305.2594 588.6829
304.5294 589.9129
302.4694 589.5029
298.9794 586.4829
297.8694 583.0229
298.6894 582.5729
296.9994 580.4429
292.7194 569.5829
290.5994 566.8329
290.7994 565.0529
287.7994 561.3729
283.7894 559.4829
281.5194 556.1929
280.0094 556.4029
278.0994 555.0529
273.9394 553.6629
272.2694 551.8729
271.2994 551.8329
269.6894 549.4829
267.7194 544.8929
267.0894 537.9629
267.4194 533.8629
268.7094 529.2329
268.4694 528.9529
267.7494 530.8529
266.7894 529.3629
268.0994 529.2829
268.4094 528.7229
269.6494 528.5429
269.7194 527.7929
270.9194 527.5529
267.5994 526.3329
265.8494 526.4629
264.7894 525.6729
265.1294 523.9129
265.5594 523.5129
266.0394 524.9629
266.2894 523.9329
266.9194 524.1129
267.3994 525.5929
268.3594 525.7129
268.7594 524.8929
269.6494 526.0829
269.8694 525.7129
271.6194 526.7229
271.0394 523.8029
271.4394 523.5329
272.9594 526.8129
273.8394 525.9229
274.2094 526.1729
274.9694 525.6629
273.9594 523.0529
274.2194 522.2129
275.7394 525.7129
276.3594 524.8329
276.9194 525.1029
277.5394 525.1629
278.1794 524.7429
278.0494 523.7029
278.1394 522.8629
279.2194 524.0429
280.2494 524.1329
279.7694 523.6329
280.9294 522.7329
280.6394 521.9429
281.3994 521.5829
281.8094 522.4129
282.6994 521.5029
282.2494 520.4429
283.0794 520.0529
283.4794 518.9729
283.4294 517.3629
282.8094 516.1529
282.1594 515.8029
282.4094 514.3429
281.6094 514.1929
281.4494 513.2829
280.6194 514.1129
279.8894 512.1929
277.1694 511.4029
277.1494 512.1229
275.9994 513.2429
276.2394 515.0829
277.1894 516.0529
276.3994 516.1129
276.1294 516.7829
277.0594 517.0329
276.9394 517.9929
276.1494 518.0829
275.8094 518.7829
274.9294 518.1129
275.2794 515.6929
274.6394 514.8829
274.8894 513.0529
276.1694 511.6629
276.1994 510.7229
274.7994 511.2429
273.8694 510.7929
272.8194 511.3729
271.5594 511.2729
271.0394 511.8129
270.6494 512.7229
269.8494 512.3929
268.9394 513.3229
268.2494 514.4029
266.8794 514.6729
251.4894 512.4429
239.3594 506.9529
225.3694 498.8329
217.4994 493.2129
213.2994 489.3029
210.0094 484.7729
210.6894 484.0829
210.4394 481.0929
208.1394 476.9329
206.8094 472.8129
207.2194 460.2129
206.1994 454.3429
206.1994 454.3429
205.0094 454.8029
203.5094 454.5129
201.2294 455.4629
200.4294 455.1329
199.5294 456.0129
197.8794 455.9529
196.2894 456.8529
195.0594 456.6629
195.0094 457.2629
192.3394 457.7429
184.7294 461.2029
182.9394 459.2529
182.4294 456.8829
181.9994 457.0229
181.3994 455.8529
179.2494 455.0029
178.4894 454.0829
177.9094 454.4729
176.4494 453.5929
175.5494 454.4729
175.5694 456.0329
174.4494 456.2129
173.6894 455.2929
172.1794 455.0129
171.8594 455.5029
170.5594 454.3729
165.7094 454.0329
165.5094 454.8829
164.6494 455.1629
165.2994 455.7229
164.7794 457.0629
163.1794 457.9829
161.8694 460.5629
162.0494 461.8629
159.8994 469.9629
157.9094 470.4229
155.7894 468.9929
152.8994 470.3429
151.7294 474.8029
151.0694 474.2429
151.0494 472.7029
148.0894 473.1029
148.8394 476.1429
147.8894 477.6229
148.6194 479.1229
148.4194 479.9629
146.4294 480.4329
145.6194 480.1229
144.2894 481.1429
144.9494 481.6929
144.4794 482.4329
145.3694 483.6829
144.7394 484.6629
145.3994 485.2129
145.1994 486.0529
145.8594 486.6029
145.5494 487.0929
145.5494 487.0929
145.1894 488.1729
145.1894 488.1729
145.7294 488.3729
145.7794 491.4329
144.2094 493.8729
145.0194 494.1729
145.3194 495.8029
146.7894 496.6529
146.4794 497.1429
147.4094 497.7929
147.2094 498.6229
148.1794 498.6829
148.0894 499.8529
148.8994 500.1529
148.6994 500.9829
149.5094 501.2829
149.8094 502.9029
151.0494 503.0629
150.4694 507.0529
150.4694 507.0529
151.2794 507.3529
151.9994 508.8229
152.6994 508.7829
153.1094 510.7329
155.7594 512.3329
156.5894 514.1429
157.9794 514.0729
157.8894 515.2329
159.4994 515.8429
159.7194 516.5229
160.8394 516.3529
160.7494 517.5129
161.3994 518.0629
160.9294 518.7829
162.1594 518.9529
163.1794 519.9429
163.1394 522.0329
165.3794 523.2029
165.8194 524.5729
165.3594 526.7929
167.3794 527.2729
167.8194 528.6329
167.8194 528.6329
169.0394 528.8029
169.0394 528.8029
170.7594 531.2529
172.4094 531.2929
174.6094 533.0229
175.5594 531.6029
177.4394 532.3229
178.4194 533.8829
179.6494 534.0629
180.0894 535.4229
181.9694 536.1429
182.4594 536.9229
182.9394 536.2129
184.1794 536.3929
184.3894 535.5829
185.6294 535.7629
185.6894 536.6829
187.3694 538.2229
186.7394 539.1629
187.7694 540.1529
189.5494 540.5429
189.0294 541.8229
191.1294 541.7329
192.7094 542.9329
193.0294 542.4629
193.8394 542.7729
193.9094 543.6929
195.6894 544.0829
195.7094 545.5729
196.5194 545.8829
197.8994 547.8929
198.7594 547.6229
198.6894 546.7029
200.1994 546.9829
201.4594 548.6529
201.5294 549.5629
202.8794 550.0829
202.2494 551.0229
203.4394 551.7729
203.2394 552.5829
204.0494 552.8929
203.7394 553.3629
204.7494 552.8629
205.3994 553.4129
205.1994 554.2229
206.0094 554.5329
206.3194 554.0629
207.8994 555.2629
208.4794 554.8929
209.5594 555.3029
209.4694 556.4529
210.3894 557.1029
210.3894 557.1029
209.9894 558.7229
209.9894 558.7229
213.0294 560.7729
212.5994 560.9029
212.8294 561.5829
214.2194 561.5229
215.1394 562.1729
216.4194 561.7829
216.1994 561.1029
216.7394 561.3129
218.0394 562.4029
217.7294 562.8729
218.2294 563.6529
219.0794 563.3929
220.1094 564.3829
221.0094 563.5429
223.8494 564.3529
224.8594 563.8529
226.8494 564.9229
227.8994 563.8529
228.7094 564.1629
230.1194 565.5929
229.3794 566.1929
229.6094 566.8729
230.6794 567.2929
230.6194 569.9229
232.8094 570.1829
233.9994 570.9329
234.3394 571.9529
235.5694 572.1329
235.4394 573.8529
236.7394 574.9429
237.0294 576.5329
239.1694 577.3629
238.9694 578.1729
238.9694 578.1729
240.7294 578.5629
240.7294 578.5629
241.3094 578.2029
243.9794 579.2329
243.6694 579.7029
244.1994 579.9129
243.8894 580.3829
244.7094 582.1729
246.9594 583.3329
246.9794 584.8129
248.9194 586.4429
249.0994 587.6829
251.1194 588.1729
253.4994 591.1329
255.6294 591.9529
256.2094 591.5929
257.3894 592.3329
257.4794 594.7029
258.1694 594.6729
258.0794 595.8029
258.9494 597.0029
258.6394 597.4629
258.6394 597.4629
260.3894 597.8429
261.8494 600.1429
263.7094 600.8529
264.1994 601.6129
263.9094 603.5329
265.1894 604.5929
264.7894 606.1729
266.6494 606.8729
266.8494 606.0829

Chatham_Islands_Territory
19
698.4794 493.2929
699.5094 492.8729
700.7794 491.1029
701.1494 491.2629
701.1694 490.6229
699.9194 489.7829
699.2994 487.6929
698.3494 487.3029
697.6594 486.1729
697.1394 486.7429
697.4694 487.6329
696.7694 487.8129
697.3394 488.6129
696.8794 489.1929
697.1994 489.7129
696.6594 489.9029
697.8494 491.0129
696.3694 492.3029
697.9394 492.3729

Chatham_Islands_Territory
89
682.7694 521.9829
686.2194 520.3829
687.9494 520.5329
688.1794 519.5629
690.1594 518.9929
692.8394 519.1629
693.6294 519.7629
695.4894 519.0529
697.5194 520.1429
698.4194 519.7529
699.1994 520.1529
699.7094 519.5329
698.3394 519.3329
697.8194 517.5629
697.0894 518.2429
696.1294 518.1929
694.0194 516.6829
691.5694 512.5129
690.8894 509.4629
690.4494 509.9329
690.9194 511.4629
690.4194 514.1629
690.7194 513.6329
691.4794 515.1029
692.9994 516.1129
691.8494 517.8529
690.2094 518.8029
688.5994 519.0129
687.6794 518.1429
686.9394 519.3129
685.6094 519.3329
685.2994 517.6129
686.1094 516.5329
689.9194 515.7429
688.5794 514.7129
687.9494 514.9329
686.7394 513.2529
687.1894 511.4729
688.7094 509.9129
688.3294 507.9929
690.1794 507.1429
690.5694 509.0029
690.1194 509.6329
690.7194 509.5629
691.9594 504.6029
694.4994 503.6529
694.5194 502.7329
688.5894 501.3829
688.0794 500.4829
686.7994 500.1229
684.6994 498.2429
682.4294 498.6729
681.8994 501.2529
681.2994 501.5429
681.5794 503.0829
680.4494 504.8429
684.5794 507.4029
684.8594 508.5729
685.6394 507.9629
686.3494 508.7329
685.9594 511.5629
683.9994 514.9129
683.3294 515.6229
681.5794 515.6929
681.3294 516.3129
681.0494 515.7229
680.4094 516.2329
680.3094 515.2229
679.6194 515.7229
679.8794 514.9529
679.3294 514.5329
677.7394 514.3629
676.2394 515.0329
676.6394 514.2629
675.3194 513.6929
674.3694 514.1929
674.1294 513.7529
672.8294 513.9329
673.1694 514.5129
672.3094 514.9129
673.0994 515.2329
673.3994 516.7629
675.5594 517.0529
675.0494 518.4629
675.3994 519.0729
678.0194 517.9829
681.4994 518.9229
682.4994 520.0129
682.2294 521.3629

Gisborne_District
136
479.9694 837.4829
485.7094 836.3229
484.7394 835.2329
484.9994 834.4029
485.6794 834.1129
486.6094 833.1729
487.8094 832.5829
491.9994 832.2429
494.2494 830.5829
494.7094 829.6429
490.6694 823.3329
490.9694 822.6529
489.1794 821.1129
488.4094 818.4729
488.5494 816.4029
486.3694 813.9529
486.3494 812.6929
487.7894 812.0429
487.3994 811.1429
487.8294 809.9229
487.2594 809.0829
485.8194 808.5729
485.6094 807.5029
487.1194 805.7429
486.4194 805.0029
486.3694 803.6429
485.3394 802.8929
486.2994 801.6629
486.3294 800.5929
486.0794 799.5829
486.1094 797.0629
486.5194 795.7829
486.7894 793.9229
485.4294 793.0729
484.2894 791.1429
484.7094 788.3129
481.3094 785.5729
481.0594 784.5429
479.4894 783.2729
479.0294 782.1929
478.2294 782.2729
476.4194 780.9029
475.9494 779.3929
473.7694 781.2729
472.1594 780.7029
470.9094 779.2629
470.6794 777.3729
472.1894 777.0229
470.4494 775.3729
469.8494 773.4529
470.1694 771.6729
469.4694 770.4529
469.8094 769.5429
469.3394 766.2529
469.3394 766.2529
467.1994 766.9329
466.7494 767.5629
467.3394 768.6029
466.8794 769.2329
466.2494 768.7129
465.5294 769.2329
465.5994 770.0629
464.5994 769.1229
463.5794 770.0729
462.7394 768.9229
462.3894 769.8629
462.0194 769.4429
459.8494 769.6629
460.1594 772.4929
459.4294 771.6529
458.4194 772.5929
457.6394 772.2829
457.3394 774.5829
456.2594 774.6929
455.3694 774.0629
454.2994 776.0429
453.5294 775.7329
452.4994 777.1929
452.9794 777.9229
452.6094 779.3829
451.1394 779.5929
451.0994 780.1129
450.3294 779.8029
451.8394 782.8329
449.6694 783.5729
448.0894 783.4729
446.2894 784.6329
446.3594 781.7029
439.2694 785.3029
439.2694 785.3029
440.9494 785.7129
440.6594 786.1329
441.4294 786.4429
442.0894 788.3229
443.0394 787.8929
443.6194 788.9329
444.2794 788.9229
443.5794 793.2129
452.4794 797.8129
453.9094 801.3329
453.1694 802.3729
453.7894 802.8929
453.4894 803.3029
455.9994 803.9129
457.8094 805.0529
457.8694 805.8829
460.0594 806.5129
459.6094 807.1329
459.6094 807.1329
460.0294 808.3729
460.0294 808.3729
461.3094 808.8929
461.2194 809.9229
460.6594 810.2329
461.6394 811.1729
460.3894 813.3329
461.1594 813.6429
461.6094 813.0229
462.5294 813.1329
467.4194 808.7229
467.9294 808.9329
472.1394 821.9329
476.1794 826.0329
474.7394 827.5729
473.1294 826.1029
472.2394 827.3429
472.9694 828.1829
472.6394 829.1129
473.2594 829.6329
472.2094 832.9129
472.4194 833.5329
474.8294 834.2729
477.4094 834.2329
476.3894 836.8729
476.3894 836.8729
479.6794 836.4329

Hawke's_Bay
193
419.5894 692.8629
418.2594 692.9429
417.2294 693.9129
416.7594 693.1629
414.6494 694.2629
414.4394 693.6129
412.5294 693.9629
412.1694 694.9429
410.5094 695.3929
410.7194 696.0429
409.7394 696.4929
411.2594 697.6629
410.3794 698.4329
410.9094 700.0529
410.0394 700.8229
410.3594 701.7929
409.3094 704.7329
410.1094 706.4529
408.8294 707.3329
408.3294 708.5329
407.5094 708.7629
408.0494 710.3729
407.0694 710.8129
407.0294 711.3529
405.6894 711.3629
405.6894 711.3629
405.9094 712.0029
405.9094 712.0029
404.7394 713.2029
403.6594 713.3229
403.6194 713.8629
401.4594 714.1029
400.7194 713.2529
399.0994 715.1029
400.2694 717.2429
399.5594 717.7829
400.0394 718.5329
399.7394 718.9629
400.5894 720.1329
400.0294 720.4629
402.2694 727.7129
402.0394 728.9929
402.5594 729.2029
402.5894 730.5929
403.4794 731.2229
401.9194 732.5229
402.5694 734.4329
401.0094 735.7329
402.7094 736.1329
403.6194 738.1429
404.7994 738.3429
405.2794 739.0829
407.3394 739.9029
408.1494 739.6829
407.3494 743.1929
407.8294 743.9329
407.4194 744.0429
408.4094 744.9829
407.9594 745.6229
408.6194 745.6129
408.5794 746.1429
407.3194 747.0029
405.9894 747.0229
405.7994 747.7629
406.3194 747.9629
406.3494 749.3429
407.4894 750.0629
407.0794 752.0829
405.2694 753.2729
403.6894 753.1929
402.5894 755.7529
402.5894 757.6529
402.5894 757.6529
402.6594 758.4929
404.8294 759.6229
404.5394 760.0529
404.5394 760.0529
408.7694 756.2829
410.9694 756.8829
409.9394 758.3729
411.7394 759.0829
412.9494 758.7429
411.7994 761.8229
413.0394 764.7529
419.4794 764.8429
418.7394 767.8029
422.8894 772.1229
422.5894 774.4429
423.3194 775.2629
422.9194 775.3729
423.3494 778.5129
424.6594 778.4829
424.4794 779.2229
425.1294 779.2129
425.5694 780.4629
426.3294 780.7629
427.4194 780.1129
428.3994 781.0329
428.9494 780.7029
430.0694 781.4129
431.4794 779.8029
433.8294 779.6529
435.3794 781.6229
435.0894 782.0529
436.0294 783.5129
437.5494 784.1229
437.5894 783.5929
438.4994 783.6929
439.2994 785.3629
439.2994 785.3629
446.3894 781.7529
446.3194 784.6829
448.1194 783.5229
449.6994 783.6229
451.8694 782.8829
450.3594 779.8529
451.1294 780.1629
451.1694 779.6429
452.6494 779.4329
453.0194 777.9729
452.5394 777.2429
453.5694 775.7829
454.3494 776.0929
455.4194 774.1129
456.3094 774.7329
457.3894 774.6229
457.6994 772.3229
458.4794 772.6329
459.4894 771.6829
460.2294 772.5229
459.9294 769.6929
462.0994 769.4729
462.4694 769.8929
462.8194 768.9529
463.6694 770.1029
464.6894 769.1529
465.6894 770.0829
465.6294 769.2529
466.3494 768.7229
466.9794 769.2429
467.4394 768.6129
466.8494 767.5729
467.2994 766.9429
469.4394 766.2529
469.4394 766.2529
468.8994 763.9929
469.4994 761.2729
470.0694 760.6029
471.3194 760.1429
471.8294 760.4729
473.4994 759.4129
470.4594 756.4329
469.7394 753.3529
468.0394 751.4129
467.1994 755.5629
466.3594 756.8429
466.9994 757.1729
468.3894 760.6329
467.1894 761.8529
466.4694 760.9329
463.4894 762.0129
460.3894 762.2929
450.4394 761.6429
442.0594 758.5829
437.7494 756.3529
435.9294 754.7929
435.0594 751.6329
432.0894 747.9929
430.9794 747.4329
429.7994 744.9329
429.3894 742.2129
429.9894 740.7929
431.3994 741.1429
431.3594 737.1829
433.1194 733.4929
435.5394 732.2329
437.3894 733.0329
438.1294 732.5329
435.0194 728.0829
434.1394 724.6529
434.6094 722.5229
431.7494 717.7829
430.0194 713.2029
429.6894 711.7029
430.2694 710.6029
429.3794 709.4129
429.4194 707.8829
428.3894 707.2629
426.1194 703.1229
425.8094 703.5029
424.2194 702.9329
421.8494 701.0129
421.6494 698.0829

Marlborough_District
33
332.1694 658.9929
332.6294 658.7029
332.5694 657.4229
331.5894 653.0329
330.6794 653.6229
329.9594 652.5929
329.3694 653.1429
328.3194 652.7529
327.1894 651.3129
326.3494 651.3129
326.2094 652.0729
325.4894 651.3229
323.6294 650.9929
324.8794 652.7329
326.3194 652.4029
327.2194 653.0629
327.6294 653.4029
327.0494 653.5829
327.3694 654.1629
328.5594 654.1429
328.6394 654.9329
329.8094 655.2729
329.4694 654.4129
330.5994 654.4529
330.2894 654.8829
331.4994 655.5229
331.8694 657.0629
330.7194 656.0129
330.1094 655.9629
328.4694 656.2229
329.1494 657.0029
330.2794 656.8529
331.2394 657.4929

Marlborough_District
6
320.4794 666.5829
320.7194 665.0729
319.6494 663.7429
319.2294 664.5929
320.2194 665.7129
319.2694 666.0129

Marlborough_District
434
317.0694 668.1429
318.2194 668.1029
317.8694 666.7729
317.1794 666.2129
316.7594 668.0129
316.1694 667.9629
315.6894 667.4729
316.2894 667.4129
315.9894 666.7629
315.3694 666.3729
315.6194 665.2429
315.2394 664.9129
314.3994 665.4629
313.3994 664.6729
313.5494 664.1129
314.5894 664.3929
314.1694 663.7229
313.0394 663.0929
312.5394 663.4029
311.9694 662.4229
310.2094 662.4929
310.6094 664.0629
309.6794 662.7829
308.9694 663.1529
308.4794 662.4629
309.9494 661.8329
308.3194 660.7729
309.0294 660.5929
308.7294 659.0629
308.4594 658.6729
308.4794 658.0929
309.0094 657.8029
308.7594 658.4529
309.3094 658.7129
309.8694 658.7629
310.7094 660.7829
311.7694 660.2429
312.1694 660.7629
312.7894 660.3129
313.9394 660.6729
315.4494 660.2929
313.7394 659.9329
313.5394 659.1629
312.2294 659.4229
311.8394 658.4729
312.9794 658.3129
312.7994 657.2329
311.3194 657.6129
311.6394 656.6829
310.7994 656.4929
310.9894 656.0229
308.6994 655.5629
308.9994 654.4929
311.4294 655.6429
310.6794 654.5629
311.7994 654.7929
312.0894 653.6329
311.2394 652.2329
311.4594 651.0129
310.3894 650.5629
309.2894 651.3229
309.7094 650.3829
307.9694 649.8929
308.4394 648.8329
308.7294 649.9429
309.7994 648.7029
311.1594 648.4629
311.4394 648.9929
310.5694 648.7329
309.9094 649.7929
312.1894 650.2529
314.4994 651.9029
312.7394 651.6129
311.8794 651.7529
311.9594 652.1729
315.2294 653.1329
315.2694 652.5729
316.1494 652.2629
317.8694 653.2529
318.5994 653.1029
318.0994 653.8729
320.1794 653.4429
322.0694 654.6029
319.3694 654.2329
318.8994 654.4529
319.0894 655.2829
316.8394 654.1029
316.2094 653.5229
316.1094 654.5729
314.5594 653.2729
313.3694 653.3329
312.3894 652.6829
312.6994 654.3029
313.3194 654.8029
312.5794 654.8629
312.1994 656.2229
314.2694 657.0529
313.4794 657.2329
313.7494 657.8329
314.6094 657.5929
314.7494 659.1529
315.1394 658.8529
316.3894 659.4729
315.4294 657.5729
316.0394 655.7129
316.3294 656.8729
317.0994 656.4729
317.1294 658.2029
317.7794 658.5929
318.8194 657.6429
319.1394 657.9829
318.0994 660.0029
318.3294 660.5929
319.1794 660.6929
319.2594 662.3729
318.6994 662.0629
317.7094 662.5629
316.9994 661.5129
315.9394 661.1629
314.7794 661.4329
315.5394 661.8929
314.8594 662.5229
316.8894 662.6829
315.9794 663.8929
316.2494 664.3229
317.2094 663.7929
317.1494 665.0629
317.9394 665.2629
318.2494 664.6929
317.8594 664.1529
318.2394 662.6529
318.7594 662.9829
319.1794 662.5529
319.9694 663.6529
319.9194 662.7329
320.5994 662.5329
321.5394 660.7629
321.1294 663.7229
322.8894 662.4429
322.9294 663.6029
323.6894 664.3129
324.4094 662.9029
326.3694 664.2229
325.8294 663.0029
324.9894 662.8429
325.1294 661.3929
324.7394 661.2629
324.5494 661.9329
323.8994 661.2129
325.8994 659.7829
326.7794 661.3829
327.5094 661.2329
327.9094 661.9729
329.0094 661.6729
328.0194 661.1829
327.9694 659.9229
326.5094 658.7029
327.0894 658.0429
326.9794 657.1329
326.1094 657.6929
325.5194 657.3429
325.4794 656.5929
324.6194 656.2729
325.0094 657.0429
324.4594 657.0929
324.3894 658.8829
323.7494 657.4529
323.0794 657.8329
323.1494 656.9029
323.8694 656.4329
323.6594 655.7229
325.1894 655.5229
324.5894 654.4829
325.1894 654.5629
325.2994 653.9529
323.9894 653.0229
324.0694 653.8929
323.3394 654.4929
323.4894 652.4129
322.3294 652.8929
322.2794 653.4929
321.8094 652.8529
322.0694 652.0829
321.5094 651.9829
321.0794 653.0029
320.3894 651.5729
319.8894 651.9429
320.1494 652.8129
319.5594 652.2829
319.2494 652.5929
318.5994 652.5329
318.0394 651.7029
317.4094 652.1829
317.3594 650.8329
316.3094 651.7429
316.3694 650.3529
314.0594 649.7729
313.7494 649.0629
317.8194 650.0829
317.8094 648.6529
318.8394 650.3029
319.9894 650.4329
320.6594 650.7029
323.1194 651.4629
322.6694 650.1429
323.2894 650.6129
323.6294 649.8929
324.2994 650.5329
325.2594 649.1829
325.5994 649.6929
324.6194 650.4329
325.0894 650.8429
325.6394 650.2729
327.0494 650.8229
328.1294 650.8729
328.0894 651.4529
329.5094 652.3829
328.6494 651.3229
328.9494 650.5429
328.1494 650.1129
328.4794 649.5229
327.4394 649.5629
326.1894 648.3729
326.9794 647.5229
326.6694 646.9229
325.7494 646.6429
325.2994 647.3829
324.9194 646.0129
323.4494 645.9129
323.6094 645.2729
322.5594 645.2129
322.3094 645.7129
323.1394 646.2029
322.8694 646.6729
323.6294 646.5429
324.8094 648.2929
323.6894 648.5729
323.7994 647.9829
322.8494 647.2029
323.2594 648.7529
321.9994 648.0229
321.6794 646.2329
320.0994 643.3829
319.4794 643.2829
318.6694 640.7629
318.7994 638.7229
320.9794 636.1529
319.8194 635.7229
319.7694 634.9129
320.9594 634.5429
322.3394 635.1429
323.2894 634.6029
324.0094 632.1729
323.6794 628.8529
324.5194 626.7129
325.7694 625.7529
326.1694 626.0629
327.5894 625.4129
328.3094 625.7829
328.1994 624.8029
325.9594 622.3829
325.8494 621.3629
323.8294 618.2029
319.4694 613.3229
319.4694 613.3229
319.8794 615.2129
316.6294 615.0029
315.8694 616.1429
310.5994 615.0929
309.4994 613.7629
308.3994 615.9329
307.3194 616.0729
306.5294 614.2929
306.7294 613.5029
304.5494 612.3329
303.8594 610.8929
302.3694 611.1729
302.3094 610.2729
301.0094 609.7629
300.1094 607.6629
298.7594 607.7129
297.7594 606.7429
297.8494 605.6129
296.9594 604.9729
297.8594 602.1329
296.9294 602.0629
297.1294 601.2729
296.0894 600.8729
295.8794 600.2129
295.3094 600.5729
293.2194 599.7729
293.1594 598.8829
292.4794 598.9129
292.4294 599.4729
292.2194 598.8129
290.4994 598.4429
290.6994 597.6529
287.1194 595.1329
287.0594 594.2429
286.1194 594.1729
285.8994 593.5129
288.5194 593.0629
287.5794 592.9929
287.6694 591.8729
286.7094 590.3429
285.3894 589.8329
285.1094 588.2729
281.8994 587.6129
281.7294 586.3829
280.9394 586.0729
280.2094 586.6629
280.5394 587.6629
279.6594 588.4829
278.8694 588.1729
278.8694 588.1729
277.7694 588.3329
277.7694 588.3329
278.7994 590.7629
279.3294 590.9629
277.9594 591.0129
276.6594 591.9629
276.9894 592.9629
275.8394 593.6829
276.1694 594.6829
275.5494 595.6029
273.9594 594.9929
272.9194 596.0429
273.7394 597.8029
273.6994 598.3629
272.5994 598.5229
272.1394 599.2129
272.0094 600.9029
272.7594 601.7629
272.4494 602.2229
271.3894 601.8229
271.2994 602.9429
270.7294 603.3029
269.8194 602.6729
268.7194 602.8329
268.0994 603.7529
268.4294 604.7429
268.0294 606.3229
268.0294 606.3229
268.0294 606.3229
268.0294 606.3229
268.5594 606.5229
268.2094 607.5429
268.7194 609.7529
269.6694 609.8229
270.6894 610.7829
270.3394 611.8029
271.5094 612.5329
271.7994 614.0829
273.1194 614.5829
273.1894 615.4729
273.7194 615.6729
273.9394 616.3329
272.9094 617.3829
273.2394 618.3629
274.0294 618.6629
273.9394 619.7729
276.8194 622.8629
276.0094 624.5629
276.3794 624.9929
277.0994 624.4029
279.1594 625.7529
281.3494 628.8729
281.3294 630.8629
283.9594 631.8729
284.0294 632.7529
284.7094 632.7229
285.4094 634.1329
285.4094 634.1329
285.3694 634.6929
285.3694 634.6929
285.6594 636.2329
286.2294 635.8829
287.7994 636.4929
288.7794 636.0129
290.7594 636.5029
290.2594 637.7429
288.6694 639.1229
289.6294 640.6429
290.4094 640.9529
290.0194 642.5129
292.1094 643.3429
292.9094 645.0929
295.1994 646.5929
295.0594 648.2629
297.1494 650.5629
297.5794 651.8929
298.7694 652.0929
299.0894 653.0929
301.0594 653.6129
301.5494 655.8229
301.1994 656.8329
302.1294 660.3629
302.1294 660.3629
303.3794 659.3029
302.5394 658.1229
303.7694 658.8429
303.9794 657.7829
304.4794 657.6829
304.8594 658.1729
304.4094 659.4029
306.7094 659.9029
306.7594 660.3829
308.2694 661.0229
307.3894 660.9629
307.5894 661.6829
305.4194 660.4829
304.7094 661.5429
305.8294 662.6629
306.5594 663.2029
306.8394 662.7229
307.1994 663.5929
307.6994 663.1329
308.3694 664.7629
308.9094 663.9229
309.6094 664.2029
309.1694 665.1429
310.0694 665.0229
309.9294 665.8329
310.8994 666.2229
311.1194 667.3329
311.8994 667.0129
311.0194 664.3129
312.0894 664.0429
312.9694 665.6529
313.5394 665.4729
314.3294 666.3829
313.8894 667.1629
314.8894 667.2829
316.6994 669.1629

Marlborough_District
32
315.6294 679.3229
316.0694 678.5229
315.7594 675.6429
315.0794 675.1129
315.2094 674.0429
313.6494 670.7229
312.3694 670.1129
310.8794 667.6529
308.5794 666.5729
309.4394 669.1629
308.3594 668.7229
308.7994 672.0429
309.2494 670.8329
310.7894 670.2729
311.2594 670.5729
309.9394 671.2629
309.6194 673.2029
310.8794 675.3129
310.5194 676.1029
311.7994 676.6629
312.2994 677.5429
312.7994 677.0229
311.9294 675.4129
312.4394 675.0429
312.1394 673.4729
313.1794 674.9529
314.4394 674.6429
314.6494 675.4629
312.7894 675.4329
314.7894 676.9629
314.8494 677.5529
315.3594 677.4929

Manawatu-Wanganui
299
418.2594 692.9529
418.2594 692.9529
418.2594 692.9529
419.5894 692.8629
419.5894 692.8629
420.0094 691.5729
419.5994 689.6629
417.3194 689.3829
414.1194 687.1229
413.7094 685.4529
411.5594 683.8129
410.0094 680.5729
407.4494 678.0429
405.7294 674.7529
405.7294 674.7529
405.4794 675.5729
405.9494 676.3229
404.9594 676.7829
404.3894 678.5429
402.0494 679.0229
401.2594 680.1229
400.4794 679.8129
398.8094 680.2729
398.7094 678.5329
398.2894 678.6429
398.5994 678.2129
396.9794 678.1229
395.8294 678.7829
395.2494 677.7029
394.1494 677.8229
394.3594 677.0629
393.1594 676.8529
392.7394 675.5529
391.8494 676.3229
390.3294 675.1429
389.4494 675.9129
389.0794 675.4829
388.4994 675.8229
387.7694 674.9529
386.0994 675.4129
387.0994 677.7929
386.5194 678.1329
386.8894 678.5629
386.1594 679.1129
385.7894 678.6829
385.0594 679.2329
383.1794 679.0429
383.1794 679.0429
382.8694 678.0629
382.8694 678.0629
382.9194 677.5229
382.0794 677.7529
381.7594 676.7729
380.4594 676.2429
374.6194 679.2629
373.3594 676.7829
371.5894 676.9229
370.7094 677.7029
369.9294 677.3829
369.7694 676.1929
368.2594 676.4329
366.5894 675.4929
365.4494 676.1629
364.8294 675.6329
363.5894 675.9929
363.3794 676.7529
364.3194 676.8429
364.2694 677.3829
362.8694 677.9629
362.8094 678.5029
361.5094 678.6429
361.5094 678.6429
362.5694 680.8629
364.7494 690.3029
365.0594 699.2129
363.8794 706.0929
361.9994 710.1129
357.3894 716.0929
352.3094 720.4429
348.4594 721.7629
347.6794 721.5829
347.6794 721.5829
347.0194 722.0229
348.6994 724.4629
350.1994 724.7029
350.5594 725.6429
351.9994 726.4529
351.9594 726.9929
353.6794 727.3829
353.3894 727.8229
354.0194 728.3429
353.4194 729.2229
353.9094 729.9629
353.6094 730.4029
356.1894 731.4229
355.1994 732.4129
355.7194 732.6229
355.1794 734.8929
356.3294 737.5629
355.1994 738.7629
354.8094 740.8129
353.8894 740.7329
352.0194 743.0329
352.2494 743.6629
351.2294 745.1929
351.8894 745.1729
351.8594 745.7129
351.8594 745.7129
352.1994 746.6729
352.1994 746.6729
350.6594 747.9929
349.5894 748.1229
349.2694 749.1029
351.0994 751.7329
351.1494 753.1229
352.0994 752.6729
352.5894 753.4029
353.3994 753.1729
353.1094 753.6029
354.7094 755.5929
354.1594 755.9329
354.9294 756.2329
354.3894 756.5629
356.0794 756.9529
355.4994 757.8229
356.4194 757.9029
356.1294 758.3429
356.7894 758.3229
356.4994 758.7529
357.2394 759.5929
359.3694 759.3229
358.0994 760.7429
358.3294 761.3729
355.0194 761.4629
355.0994 762.3129
355.0994 762.3129
355.6194 762.5129
355.6194 762.5129
354.6894 764.8829
353.7694 764.7929
353.5394 764.1629
353.0794 765.3429
351.9094 765.1629
351.6194 765.6029
352.0994 766.3329
351.5594 766.6629
352.0394 767.4029
351.4594 768.2629
351.9194 769.5329
351.9194 769.5329
351.0894 770.3029
351.0894 770.3029
349.8294 769.2729
348.8194 770.7929
348.4794 772.2929
348.8494 772.7029
348.1294 773.7929
349.0494 773.8729
349.3594 775.3529
351.1594 776.0429
351.1594 776.0429
352.6694 777.1629
354.2494 777.2229
353.9294 778.1929
354.7494 779.8629
355.1594 779.7529
354.6594 781.4629
356.6394 781.4029
358.1794 781.9929
359.2894 783.2329
360.2394 782.7829
360.9794 783.6029
361.9294 783.1529
363.3594 783.4329
364.4494 782.7629
365.7294 783.2629
365.9594 783.8829
366.8694 783.9729
367.5794 785.3229
368.5294 784.8729
368.3294 786.1429
369.1794 787.2829
369.6694 785.5829
371.2194 786.1729
371.4394 786.8029
372.8694 787.0829
373.9594 786.4129
376.0494 786.6829
377.5994 784.8429
380.3194 785.6229
381.3094 786.5429
380.9194 784.2329
378.9294 782.3829
379.2494 781.4229
378.7994 780.1729
376.7594 776.9429
377.6594 775.1229
378.1794 775.3229
379.1894 773.8229
377.7394 771.6329
379.3394 769.2629
378.1494 767.1729
378.5094 765.6829
381.1194 766.1529
383.2394 765.8929
381.7694 764.2329
381.7194 762.8529
380.4294 762.3429
380.9794 762.0129
380.5294 760.7529
381.9194 759.6629
381.1694 756.9129
378.2394 751.1129
382.5394 750.0729
383.9794 750.3729
385.5994 749.9129
385.8294 750.5529
387.9994 749.7629
389.2194 751.3429
390.3994 751.5329
389.8094 752.3929
391.3194 753.5329
391.5394 754.1629
390.9894 754.4929
394.0794 755.7129
394.3794 757.1929
398.7594 757.0129
401.1794 758.2429
402.5394 757.6929
402.5394 757.6929
402.5394 755.7829
403.6494 753.2229
405.2294 753.3029
407.0394 752.1129
407.4494 750.1029
406.3094 749.3729
406.2794 747.9929
405.7594 747.7929
405.9494 747.0429
407.2794 747.0329
408.5294 746.1629
408.5694 745.6329
407.9094 745.6429
408.3594 745.0029
407.3594 744.0529
407.7694 743.9429
407.2894 743.2129
408.0894 739.6929
407.2794 739.9229
405.2094 739.0929
404.7394 738.3529
403.5494 738.1529
402.6394 736.1429
400.9394 735.7429
402.4994 734.4429
401.8494 732.5329
403.4194 731.2329
402.5294 730.6029
402.5094 729.2229
401.9894 729.0129
402.2194 727.7329
399.9794 720.4829
400.5394 720.1529
399.6894 718.9829
399.9994 718.5529
399.5194 717.8029
400.2294 717.2629
399.0594 715.1229
400.6794 713.2829
401.4194 714.1329
403.5794 713.8929
403.6194 713.3529
404.7094 713.2329
405.8794 712.0329
405.8794 712.0329
405.6594 711.3929
405.6594 711.3929
406.9994 711.3729
407.0494 710.8329
408.0194 710.3929
407.4894 708.7829
408.3094 708.5529
408.8094 707.3629
410.0994 706.4729
409.4694 705.9429
409.2994 704.7529
410.3594 701.8129
410.0294 700.8429
410.9094 700.0729
410.3694 698.4529
411.2494 697.6829
409.7394 696.5029
410.7194 696.0629
410.5094 695.4129
412.1694 694.9629
412.5294 693.9829
414.4394 693.6329
414.6494 694.2729
416.7594 693.1729

Nelson_City
13
290.5394 650.7129
289.2694 649.8329
289.1394 650.3629
286.3694 648.1429
286.9294 647.8229
286.2694 646.5729
286.2694 646.5729
287.3394 645.5929
290.3594 647.3329
289.7894 649.3729
290.2094 650.0429
290.8794 649.5829
291.6894 650.6929

Northland
335
278.7594 988.1029
280.3794 987.0229
278.6694 986.4629
278.6794 982.6329
277.0594 982.0029
277.2494 983.3129
275.3794 983.4529
274.7294 982.9729
275.3594 982.3029
273.5094 982.3329
274.2994 981.6729
273.4494 981.0229
275.0794 980.9829
276.2494 981.7329
275.7894 980.4629
276.8794 980.3429
277.2694 979.5429
277.2994 979.1629
276.7994 978.4129
277.4294 978.2029
277.8494 979.5929
276.6094 981.4129
277.8694 981.6429
279.7994 974.8429
281.3794 972.7329
282.9094 971.8629
285.1794 968.7529
284.9194 967.6629
284.3994 967.7529
283.4994 968.5229
283.1694 969.8729
282.3794 970.3129
283.0894 968.0729
284.0794 967.8629
285.9494 965.6129
289.2794 964.5729
288.8294 963.1229
287.6694 962.4529
287.8094 959.6529
288.6394 960.6329
288.7794 959.5029
290.2994 959.2129
290.1694 959.7929
289.3594 959.7229
289.6194 960.9029
290.5594 961.6429
290.8094 960.7129
291.4194 961.5529
289.4994 965.9129
291.8594 966.2429
293.4694 967.1529
293.8594 969.7529
294.4994 969.0029
294.4394 967.3129
295.8894 967.7529
295.5894 967.1929
296.7194 966.5329
294.4894 965.0129
293.1394 965.2329
292.7694 964.3029
293.3394 962.0629
294.5194 960.5729
295.2594 960.0729
298.4694 959.8729
299.3694 960.8729
298.8394 961.7829
300.0594 962.7829
300.1294 963.5429
301.1494 962.2829
302.5494 962.3529
303.5094 960.9729
305.3194 961.8629
305.9194 961.5429
306.1994 959.5929
306.7994 959.1729
307.6094 958.6929
307.1994 957.5429
305.9294 956.9329
306.5194 955.8529
307.5294 955.8829
307.5594 957.6029
308.2594 956.9829
308.6994 957.6029
308.4994 958.4829
307.8494 958.6629
308.1094 959.0729
309.5994 959.3029
310.2694 960.0529
310.6794 959.3129
311.6794 959.2929
311.9494 958.4829
312.8594 958.3429
313.3694 958.9629
314.2994 958.0929
314.0194 957.6029
315.0794 956.8529
314.5494 956.5129
315.0494 954.7829
316.1194 953.7129
320.2794 954.1129
321.2194 952.2529
322.3094 951.9929
322.1794 951.2329
320.8094 951.2329
320.0094 950.1729
318.9094 951.4129
317.7194 952.7429
316.7294 951.9729
317.5494 951.9029
318.1294 950.7629
317.9994 950.4129
316.4094 949.5329
320.1694 949.3429
319.6694 948.5129
320.5994 947.8429
320.5394 946.3329
321.4294 945.8729
321.4094 944.9829
322.5994 944.4029
322.9594 944.1629
324.3794 944.6229
325.8594 943.8729
324.7394 945.0429
322.2794 944.8529
321.6994 945.8829
323.0594 945.8429
321.8094 947.0829
321.9494 947.9429
323.9494 946.2229
324.6894 946.4429
325.4994 945.9029
325.6594 947.3629
326.9494 948.1629
327.2394 949.0229
328.4294 948.5929
328.8394 950.5129
330.0494 950.6729
330.4194 951.2429
330.6194 950.2029
329.8594 950.0829
329.3794 949.4529
329.9294 949.2829
329.6994 948.8829
328.7294 948.2929
329.9994 947.3129
328.9294 947.1929
328.9194 946.4829
330.5994 943.9129
332.1294 944.2629
331.9394 943.5429
331.0394 943.4929
332.0694 942.9729
332.2894 942.2429
331.8594 941.2829
331.2894 941.6529
331.1994 942.8229
330.5794 942.7229
330.3094 943.3629
329.9094 942.2929
330.6894 942.0629
331.3094 939.6829
331.9494 939.7529
331.5494 938.6529
332.7494 938.9529
333.2894 938.3129
333.8594 938.6829
333.6494 939.2029
334.2594 939.0329
334.0794 937.7529
335.0794 937.1729
335.1494 936.1029
335.7094 936.3129
336.1694 935.0829
336.0294 934.6829
335.5394 935.2129
335.2194 934.7129
335.9094 932.9629
337.3494 932.9529
338.3594 931.8229
338.3394 928.8829
337.4494 929.3829
337.0594 927.4629
337.8394 925.4129
339.5794 925.2729
338.9294 924.7229
339.3794 923.9929
339.2794 923.0629
338.7894 921.9229
340.4894 918.7229
339.0594 918.3829
337.8294 918.8629
338.2994 919.1829
337.8694 920.0929
336.7494 919.9729
337.0294 920.7329
336.4594 921.9029
336.0194 922.6329
334.2194 922.2629
332.4394 923.1629
331.4594 922.4529
331.0894 923.7529
330.1794 922.9729
330.7294 920.9929
330.2394 920.6029
330.8494 920.2229
331.7294 921.8829
332.0894 920.5429
334.2394 919.9829
335.1194 920.4329
335.8694 919.5629
337.0194 919.5129
335.8694 918.0229
335.5094 914.1529
337.0694 910.4729
338.3694 909.4229
340.2094 909.6929
340.9494 907.8029
340.8994 907.1729
341.5594 905.8729
341.5594 905.8729
340.2394 904.8529
340.1394 903.5129
338.1394 902.7529
338.0194 901.4129
336.0094 900.6629
335.8694 900.1029
335.8694 900.1029
335.8694 900.1029
335.8694 900.1029
335.6194 899.2529
335.0794 899.6229
332.9294 897.8629
332.9294 897.8629
332.2394 898.0829
331.9794 898.4429
330.6894 896.4829
329.6494 896.6129
329.1294 897.6729
327.9594 897.9629
327.9394 899.1429
329.3794 900.0329
330.0194 898.9329
331.3694 898.5529
329.9194 900.3529
332.0694 901.8829
332.5194 905.1829
331.5594 901.9929
329.5494 900.8829
329.6194 901.9229
328.8694 901.5629
327.6494 902.9029
328.7394 903.1929
327.5194 903.4429
327.2194 902.9029
326.4794 903.4729
326.4394 904.6929
327.1194 905.8829
326.3194 905.3129
325.9194 905.6229
324.9594 905.5329
324.9294 903.7129
325.5194 904.1229
326.5194 903.0029
325.4494 903.2729
325.2594 902.7529
326.2494 901.9129
327.5394 902.4529
328.7794 900.3129
328.0494 900.5029
327.0494 899.8229
327.0894 899.2829
326.1894 899.0429
325.0494 900.5529
324.4894 900.3629
323.3094 901.4429
322.0394 903.5429
319.6794 903.4129
316.7794 905.9029
318.7394 902.8429
320.1194 902.0029
321.1294 899.9029
323.4394 898.4129
324.3794 895.5829
324.4294 894.2229
322.9494 892.9629
319.1194 892.6929
317.8094 895.1529
317.3294 898.5729
313.6694 905.0129
292.5294 933.3529
292.6494 934.0529
293.4394 934.0329
293.5894 935.3929
294.3794 936.3229
294.0194 936.9329
294.6094 937.0729
294.8494 939.4429
296.6294 940.2129
297.6894 939.4729
298.0494 940.7929
298.6094 940.0429
300.0494 941.7029
300.0894 942.4629
301.1294 942.3429
301.3494 942.9629
299.6194 943.4729
298.9294 941.0329
297.9194 941.5829
297.1194 940.3429
294.6394 940.4829
293.9494 939.8129
294.2794 938.9029
293.4994 938.8129
292.9894 934.8429
292.2994 934.4929
286.6594 941.3829
284.3794 945.1229
284.7294 945.4529
280.5594 950.1129
280.9294 951.5329
283.5894 950.9329
284.9294 952.8329
285.1794 956.3529
284.0394 959.9729
280.8794 965.3529
272.5394 976.9629
267.9394 981.5929
266.8794 981.8029
266.2694 983.4529
264.9594 984.1129
265.8994 986.7529
271.0294 985.1729
272.5794 986.0729
272.7994 987.0429
277.1594 986.5029

Otago
6
504.4094 183.5029
504.9994 182.7929
503.9094 181.0929
504.0594 180.3729
502.7894 180.1329
501.6394 182.0029

Otago
405
 96.9694 478.3829
 97.7894 478.6929
 98.8094 478.1529
102.1394 478.7729
103.5794 480.2329
105.7694 481.0429
106.6294 480.7529
109.5194 483.6629
110.6194 484.0629
111.0894 483.3229
112.8194 482.7329
112.6194 483.5729
114.2194 484.7729
114.2194 484.7729
115.1594 485.4229
115.1594 485.4229
116.4394 487.1229
116.1194 487.6129
117.1594 490.7429
116.9194 492.1829
117.7394 492.4829
117.8094 493.4229
121.5194 494.4729
121.1594 495.5629
122.3694 496.3129
121.8494 497.6429
123.4894 498.2429
123.2894 499.0829
125.7894 499.3829
125.7494 499.9729
128.3194 501.2129
128.9994 499.6429
132.7894 499.5129
133.6094 499.8129
133.7994 501.0929
134.3494 501.2929
134.0294 501.7829
135.1194 502.1829
135.9994 499.7829
137.6094 498.8629
140.3994 500.8029
140.8594 502.1729
142.5294 502.1829
143.6794 503.5129
145.6194 503.6329
146.1894 505.3429
145.5594 506.3129
146.0094 507.6829
147.5594 507.3629
149.6094 507.8229
150.3494 507.2029
150.3494 507.2029
150.9294 503.2129
149.6894 503.0529
149.3994 501.4329
148.5894 501.1329
148.7894 500.3029
147.9794 500.0029
148.0694 498.8229
147.0994 498.7629
147.2994 497.9329
146.3794 497.2829
146.6894 496.7929
145.2194 495.9429
144.9194 494.3129
144.1094 494.0029
145.6894 491.5629
145.6394 488.5029
145.0994 488.3029
145.0994 488.3029
145.4594 487.2229
145.4594 487.2229
145.7794 486.7329
145.1194 486.1829
145.3194 485.3429
144.6594 484.7929
145.2894 483.8129
144.6294 483.2629
144.8794 481.8229
144.2194 481.2729
145.5494 480.2529
146.3594 480.5629
148.3494 480.0929
148.5494 479.2529
147.8194 477.7529
148.7694 476.2729
148.0194 473.2329
150.9794 472.8329
150.9994 474.3729
151.6594 474.9329
152.8294 470.4729
155.7194 469.1229
157.8394 470.5529
159.8294 470.0929
161.9794 461.9929
161.7994 460.6929
163.1094 458.1129
164.7094 457.1929
165.2294 455.8529
164.5794 455.2929
165.4394 455.0129
165.6494 454.1629
170.4994 454.5029
171.7994 455.6329
172.1194 455.1329
173.6294 455.4129
174.3894 456.3329
175.5194 456.1529
175.4994 454.5929
176.3994 453.7029
177.8594 454.5829
178.4494 454.1929
179.2094 455.1129
181.3594 455.9629
181.9594 457.1329
182.3894 456.9929
182.8994 459.3629
184.6894 461.3129
192.2994 457.8529
194.9694 457.3729
195.0194 456.7729
196.2494 456.9629
197.8394 456.0629
199.4894 456.1229
200.3894 455.2429
201.1894 455.5629
203.4694 454.6129
204.9694 454.9029
206.1594 454.4429
206.1594 454.4429
203.7994 450.1029
199.6294 445.9429
199.3094 445.0829
199.6994 444.2229
197.3594 442.4829
195.0394 437.6829
194.9994 436.1229
193.5594 433.0829
193.7894 431.4429
195.0694 431.3329
195.3594 430.4429
195.2794 429.0629
194.7994 429.4429
194.0494 428.7829
193.0394 426.6929
192.9394 425.8029
193.8594 424.8029
190.8694 421.5029
189.7994 419.6229
189.6794 418.0629
188.4594 416.6729
188.1694 417.2429
187.5194 416.9029
187.1394 415.6629
186.9594 415.1529
186.8694 413.7929
183.6294 410.8729
183.6094 409.7229
184.7294 410.4229
185.8494 409.9529
186.3194 410.1029
187.2794 408.8229
188.3794 409.1729
189.0194 407.8229
185.9094 406.8429
185.8994 405.5229
185.0194 405.4729
183.5494 403.1929
181.1694 401.8329
184.1694 402.4829
184.9194 404.1229
186.7594 404.4429
187.5594 404.7829
187.4694 405.8029
189.5294 406.7829
189.7994 408.1929
190.7194 406.5029
189.9494 405.4629
189.8994 404.2229
188.4994 404.5429
187.9694 404.0729
188.4594 403.5929
190.5894 404.1329
190.4994 402.4929
188.0994 402.1529
188.1994 403.1129
187.1894 403.7829
187.0694 402.9829
188.1994 401.5129
187.2694 400.8329
185.0794 401.2529
184.4994 400.8929
184.5094 399.8929
184.1394 399.8729
184.1694 400.8929
180.6394 400.4429
174.6894 398.7129
172.9994 397.6129
169.2294 392.3729
169.1594 389.6029
168.0894 386.8029
161.5094 381.8929
160.3994 380.2029
158.8194 379.4729
157.2394 377.7929
153.5094 376.0529
152.8894 373.1529
153.6194 372.3629
153.6894 370.4529
152.8394 369.9729
152.7094 369.1129
151.8194 368.3229
147.9794 369.2329
146.4294 368.5329
146.9894 367.9429
148.3494 369.0129
149.1594 368.2729
149.8694 368.6329
150.6394 367.8929
149.5094 366.8229
149.6694 366.2329
147.7394 365.1329
146.2994 365.0229
146.3094 364.0829
145.4094 363.6729
145.2194 362.9229
143.9694 364.0629
143.5794 363.6929
142.7694 364.2529
141.0794 363.9829
140.6894 362.6529
139.8294 362.8829
139.4594 361.7929
139.8194 361.6029
138.2194 361.0029
137.1294 361.3029
136.3094 360.6529
136.7294 359.9529
136.2494 359.5529
133.4194 360.5229
132.3494 359.8829
131.7794 359.6729
131.0194 358.4629
130.2694 358.2329
129.8994 358.6629
129.8994 358.6629
130.1994 360.7829
130.8694 360.7529
131.0294 362.1129
129.8494 362.9629
130.0694 363.7129
131.3494 363.9129
132.4594 366.0029
129.7394 367.5029
128.9094 368.7929
128.8594 369.4229
129.9694 369.8629
129.8694 371.1129
130.4294 371.3329
130.4894 372.3229
129.8294 373.3529
127.8994 374.1929
128.2394 375.2929
130.1394 376.6829
129.5394 377.0829
130.3294 378.0329
129.6794 379.0529
130.4894 381.6129
129.9994 382.3829
130.7394 383.9529
129.5394 384.7529
128.9594 386.7629
127.7994 386.9429
127.8694 387.9229
129.3694 388.8329
129.2794 390.0729
128.2394 390.6229
129.0294 391.5629
128.8194 392.4329
126.9094 393.2729
125.6194 395.3129
125.5294 396.5529
126.3194 397.4929
126.3194 397.4929
126.6694 398.5829
126.6694 398.5829
125.7494 399.4929
126.7194 401.7729
125.7994 402.6829
126.1894 403.1529
125.1594 403.7029
124.9294 402.9829
124.9294 402.9829
123.2294 402.9529
123.2294 402.9529
123.5394 404.6529
124.2094 405.2229
123.2494 406.7429
123.3094 409.9229
122.8694 410.0729
123.2894 412.1329
123.9594 412.7029
124.0994 414.6429
125.1994 415.0629
125.8194 416.2429
125.8194 416.2429
126.0094 417.5729
126.0094 417.5729
127.0694 418.6129
128.2294 422.1929
128.6794 425.8129
129.1894 426.6329
130.9994 427.0129
131.5094 427.8329
130.8294 429.4429
130.2794 429.2329
129.6394 430.2429
129.0794 432.2129
127.0294 433.3029
126.9394 434.5229
125.9894 436.0329
123.7194 434.2329
119.6294 426.1129
118.6894 425.4429
117.8194 425.7329
117.8894 426.7029
117.2994 427.1029
116.4694 426.7929
116.5094 426.1829
115.3194 426.9829
114.4894 426.6729
114.3494 430.6829
113.3594 430.6229
112.2894 431.7829
110.9894 432.2229
111.4994 433.0429
111.3694 434.8629
110.5294 436.7329
110.9194 437.1929
110.3294 437.5929
109.2294 437.1729
107.9394 435.4329
106.1294 435.0629
105.2294 433.7829
102.0294 432.8929
 96.6594 432.7529
 95.8294 434.6229
 96.1394 436.3029
 95.3494 437.5629
 95.8594 438.3729
 94.0794 439.5729
 93.7594 440.0729
 94.1494 440.5329
 93.0794 441.6929
 93.4794 442.1529
 92.4494 442.7029
 93.3594 443.9729
 93.3594 443.9729
 93.5994 444.6829
 93.5994 444.6829
 94.1494 444.8929
 93.8294 445.3929
 94.3794 445.5929
 94.3394 446.2029
 95.3294 446.2629
 95.7594 448.2829
 95.3294 448.4329
 96.1194 449.3429
 95.6494 450.0929
 93.4394 449.2729
 92.2094 450.6729
 92.2094 450.6729
 91.1394 451.8229
 91.1394 451.8229
 90.4694 453.4329
 89.0094 454.1329
 89.4794 455.5429
 88.3394 457.9029
 88.8894 458.1029
 88.8894 460.2629
 90.5794 460.2729
 90.3794 461.1229
 91.1694 462.0329
 91.1694 462.0329
 91.4094 462.7329
 91.4094 462.7329
 91.4494 464.2829
 91.9994 464.4829
 91.6894 464.9829
 91.1394 464.7829
 90.4694 466.3829
 90.8594 466.8329
 90.5494 467.3329
 91.6094 468.3429
 91.0194 468.7429
 91.0194 468.7429
 91.5294 469.5429
 91.5294 469.5429
 91.4894 470.1429
 92.0394 472.4929
 92.8594 472.8029
 92.6594 473.6529
 93.2094 473.8529
 92.9294 475.8929
 95.1594 478.2529

Southland
37
130.2194   9.6529
131.2794   9.4429
130.8194   7.8329
131.6794   7.2429
131.7694   6.9729
131.4694   4.8229
132.8894   4.3429
132.6094   3.5429
131.6394   3.5229
130.5294   4.7029
128.5294   4.7429
127.6494   3.5829
129.1694   4.2729
131.8394   2.7629
130.4594   1.0829
129.1894   1.8029
129.5994   0.9629
128.4694   0.7729
128.1294   1.5029
127.5694   0.6729
127.3994   1.8129
126.4694   1.8929
126.0394   2.9129
125.5694   2.8829
125.6894   3.4329
124.6294   3.6629
123.9094   3.2229
122.9994   4.7829
124.0394   5.5929
124.5194   4.9729
125.5794   5.2729
125.4494   4.7429
126.3194   4.4429
128.5494   8.5129
127.7094   9.1329
129.7694   9.1129
129.8794   9.7729

Southland
21
  2.4394 111.5929
  4.6494 110.1429
  7.1594 110.5329
  7.6194 110.1529
  8.3794 111.1929
 11.2994 110.3829
 13.5294 109.1029
 11.9894 109.0529
 12.4494 107.9329
 10.7794 107.0129
  8.1994 106.1729
  6.4594 107.5329
  6.4094 107.0229
  3.7094 107.7429
  3.5294 109.1429
  3.0894 108.5329
  2.0994 108.7929
  1.9994 110.3329
  1.3794 110.7829
  2.2394 110.9729
  2.1194 111.8829

Southland
102
 12.3794 131.8429
 13.2294 130.9429
 13.9394 131.7529
 14.6594 131.3829
 13.6894 130.2629
 13.8894 129.6029
 12.0694 128.8529
 14.1094 129.0929
 15.9494 130.7229
 16.0594 130.1929
 16.7494 130.1629
 15.5594 129.3629
 16.4094 128.7329
 16.5794 127.4629
 13.6494 127.5329
 14.1994 127.1829
 13.6594 126.2129
 14.9394 125.9929
 14.5494 125.2129
 13.8094 124.5829
 12.1894 126.0829
 11.9694 125.5529
 13.3994 124.2429
 13.3394 123.8329
 12.7294 123.4729
 13.6594 122.8929
 11.7994 123.1829
 12.8794 121.6829
 11.3194 121.3729
 11.7794 121.0629
 10.9594 120.4529
 13.3394 120.6529
 13.4694 119.6929
 12.7094 119.1429
 10.7994 119.7729
 11.9894 118.7329
 10.8394 118.4929
 11.0394 118.1729
 12.0194 118.3929
 12.9694 117.7829
 12.7994 117.2329
 14.0594 115.7429
 12.9094 114.6629
 14.2794 114.6329
 13.7394 114.0529
 14.4794 113.7129
 13.2994 113.1529
 14.8694 112.7229
 14.4194 111.5029
 14.8994 111.1129
 14.1594 110.3629
 12.1194 110.4129
  9.7194 112.1129
  8.4794 113.7229
  8.3294 112.6129
  7.1794 112.3529
  6.8794 112.6929
  8.1594 113.6829
  7.8394 116.4129
  6.6694 116.5829
  6.1894 117.5229
  5.7094 115.9829
  6.7094 115.1129
  6.9494 113.9829
  6.5394 113.7129
  5.8894 114.2429
  5.1594 115.8729
  4.7494 115.0429
  5.9994 113.6829
  5.9794 112.8629
  5.1894 113.0629
  6.4794 111.4829
  6.0894 110.9529
  4.5994 110.7329
  2.9994 111.6429
  2.3294 113.3929
  2.1794 112.2529
  0.8894 111.6229
  0.2694 114.1929
  1.0994 115.3829
  0.6394 116.0429
  2.8094 116.7329
  3.9394 118.3929
  4.4094 118.7729
  6.4894 119.3429
  8.6394 121.9729
  8.0794 123.6929
  9.2894 127.7129
  9.1794 128.4129
  7.8694 128.2029
  7.7794 128.7629
  9.0694 128.8929
  8.9894 129.3829
  8.0694 130.3629
  6.7694 129.9829
  7.9694 131.0329
  9.9194 131.1129
 10.4594 132.0129
 10.8094 131.7729
 10.3294 130.4429
 11.2194 131.8529
 11.7994 131.1829

Southland
6
 17.2794 133.5229
 17.9994 132.9429
 17.9094 132.1629
 16.4594 132.5529
 15.5294 132.1629
 15.8994 133.0829

Southland
146
 78.2894 357.0129
 82.4994 354.9029
 83.6394 350.8529
 84.6794 350.4429
 84.9494 349.3729
 86.9294 348.5829
 86.6194 347.2929
 89.0094 346.9629
 89.0194 346.4129
 89.2594 345.8929
 89.7894 344.9729
 88.8594 344.0229
 85.9094 344.9329
 85.6994 344.1929
 85.8094 343.6629
 85.1594 343.5829
 83.8494 344.5729
 84.6194 344.8729
 83.2594 346.5429
 83.5694 345.0429
 82.5894 345.2429
 82.0694 344.2829
 82.5394 343.0129
 81.4494 342.5229
 79.8694 340.4629
 81.9294 341.6529
 82.8594 343.0629
 83.8994 343.3429
 84.4594 342.5029
 84.2494 341.8229
 85.7894 342.0729
 87.1894 341.2929
 88.4394 341.4229
 86.1994 339.8729
 88.2094 339.4429
 88.7294 339.6529
 88.9594 340.8029
 90.1494 340.6529
 89.8694 342.4929
 90.9494 343.5629
 91.2194 343.0729
 90.5094 342.4729
 90.2994 340.4929
 91.8094 339.3829
 91.2694 338.7029
 91.5294 338.1329
 92.3294 338.1329
 91.2394 337.4329
 91.6194 336.5429
 91.1094 335.9929
 90.1394 336.3729
 89.8294 335.5529
 90.5394 334.3329
 91.4794 334.5229
 91.9994 333.4329
 91.1494 333.3329
 90.9594 334.1029
 90.0094 334.5229
 88.9494 333.7929
 89.3494 332.3529
 88.6594 332.3529
 88.1894 331.8629
 86.2694 333.0029
 85.7294 332.8329
 85.7194 331.9129
 85.0694 331.6129
 83.8594 332.2329
 81.8994 331.0229
 81.4094 331.6729
 79.4094 329.2729
 78.2194 329.3329
 78.0294 328.5629
 77.3994 328.7329
 76.3794 328.0029
 75.1794 328.6529
 74.2894 328.4429
 73.9694 329.1929
 72.5594 328.5729
 71.5994 330.3529
 71.1794 329.2229
 70.4594 329.4329
 70.7194 327.8929
 69.8694 327.3229
 69.4494 327.7429
 69.0394 326.8229
 68.0094 326.9029
 68.1794 326.1329
 66.9594 325.4429
 66.0894 325.8429
 66.4394 325.1729
 69.3294 325.6029
 69.3194 326.3129
 69.9594 326.2529
 70.2794 325.8329
 69.5294 323.8429
 68.2494 323.4429
 68.4894 324.8329
 67.0394 324.3029
 67.4694 324.0729
 66.7794 323.0429
 65.4494 322.3629
 63.5894 322.6429
 63.5394 323.4829
 62.7694 322.8029
 62.0694 323.0529
 62.6194 326.6329
 63.8694 327.7429
 64.6494 327.4129
 64.9594 328.3429
 66.5494 328.8729
 66.8494 329.4729
 66.7494 330.4729
 66.2994 329.7329
 66.0494 330.1229
 67.3794 332.4229
 66.5694 332.4929
 66.2294 333.7729
 67.0494 334.1529
 68.6294 336.5929
 69.8394 336.8829
 71.4094 336.0729
 72.1394 336.4029
 71.9394 337.0729
 71.3994 337.0429
 71.1494 338.1329
 71.7694 338.7529
 70.9494 339.0829
 71.1694 340.1329
 70.5294 340.1929
 70.4594 342.0829
 71.0994 342.4429
 70.6694 341.8229
 71.0194 340.9729
 72.8394 341.2229
 74.3894 343.8029
 74.3494 345.4029
 73.5594 346.0629
 74.0494 346.4429
 73.7694 347.5729
 71.7994 350.5629
 72.4894 351.0329
 71.8994 352.8329
 72.7694 354.3729
 72.4894 355.1529
 75.1694 356.7329
 76.9494 355.7729

Southland
5
 29.9994 390.1329
 31.0394 389.7029
 30.9694 389.1129
 29.1394 387.5929
 28.8794 389.1829

Southland
5
 25.6594 393.6129
 26.8094 392.9429
 26.2394 392.6129
 26.2094 391.7429
 25.1294 392.3829

Southland
7
 35.5694 409.8229
 35.8094 409.5429
 32.9294 408.2029
 29.3394 407.6329
 29.2794 408.1929
 30.2794 408.2129
 30.7694 408.8829

Southland
8
 26.4894 409.8529
 27.4994 409.1929
 25.6894 408.4929
 25.6694 407.9929
 24.2094 408.3829
 24.4194 409.3829
 25.9694 409.2729
 25.8494 409.8029

Southland
7
 38.0794 411.1029
 39.4994 410.8929
 39.9694 410.2129
 37.5194 409.3529
 36.2294 409.6729
 36.1394 410.3829
 36.8494 411.0329

Southland
29
 31.9494 417.9329
 33.3394 416.3729
 33.6394 412.3229
 33.3894 410.8029
 32.1794 409.5829
 31.2594 409.3129
 30.5494 409.9129
 28.3594 409.1729
 28.4894 409.6829
 27.8394 409.9929
 28.3694 411.0029
 26.5594 411.6729
 27.2894 411.9229
 28.1294 412.3829
 27.8394 412.7329
 27.0394 413.1429
 27.0894 414.0429
 22.7994 409.7329
 22.9394 411.2929
 24.7894 413.1829
 25.3594 414.5529
 25.6594 414.3529
 25.6494 415.4829
 26.5494 416.5629
 27.0294 416.0229
 29.1794 417.6429
 30.0694 417.1429
 31.1594 417.9029
 31.5094 417.2929

Southland
8
 42.9994 442.6629
 43.2594 441.7829
 42.4594 439.7329
 44.5494 434.5529
 43.4894 434.2429
 39.2294 437.6429
 40.6694 440.4729
 42.3794 442.5829

Southland
529
 87.1594 490.4429
 89.3794 489.7929
 92.7594 491.3929
 94.5894 491.1829
 95.6394 490.0729
 97.0394 490.0029
 97.4294 488.3229
 97.0394 487.8729
 98.3694 486.8529
 98.1394 486.1529
 99.8594 485.5829
 99.6294 484.8829
 98.6494 484.8229
 98.6894 484.2229
 97.2094 483.3629
 98.1094 482.4729
 97.7194 482.0229
 97.7194 482.0229
 97.4894 481.3229
 97.4894 481.3229
 96.6694 478.8729
 96.9794 478.3729
 96.9794 478.3729
 95.0194 478.2529
 92.7894 475.8929
 93.0694 473.8529
 92.5194 473.6429
 92.7194 472.7929
 91.8994 472.4829
 91.3494 470.1329
 91.3894 469.5329
 91.3894 469.5329
 90.8794 468.7329
 90.8794 468.7329
 91.4694 468.3329
 90.4094 467.3229
 90.7294 466.8229
 90.3394 466.3729
 91.0094 464.7729
 91.5594 464.9729
 91.8794 464.4729
 91.3294 464.2729
 91.2894 462.7229
 91.2894 462.7229
 91.0594 462.0229
 91.0594 462.0229
 90.2694 461.1129
 90.4694 460.2629
 88.7794 460.2529
 88.7794 458.0929
 88.2294 457.8929
 89.3694 455.5329
 88.8994 454.1229
 90.3594 453.4229
 91.0294 451.8129
 91.0294 451.8129
 92.0994 450.6629
 92.0994 450.6629
 93.3294 449.2629
 95.5394 450.0829
 96.0194 449.3329
 95.2294 448.4229
 95.6594 448.2729
 95.2294 446.2529
 94.2394 446.1929
 94.2794 445.5829
 93.7294 445.3729
 94.0494 444.8729
 93.4994 444.6629
 93.4994 444.6629
 93.2594 443.9529
 93.2594 443.9529
 92.3494 442.6829
 93.3794 442.1329
 92.9894 441.6729
 94.0594 440.5129
 93.6694 440.0529
 93.9894 439.5429
 95.7694 438.3429
 95.2594 437.5329
 96.0494 436.2729
 95.7394 434.5929
 96.5694 432.7229
101.9494 432.8629
105.1494 433.7529
106.0494 435.0329
107.8594 435.4029
109.1494 437.1329
110.2494 437.5429
110.8394 437.1429
110.4494 436.6829
111.2894 434.8129
111.4194 432.9829
110.9094 432.1629
112.2094 431.7229
113.2794 430.5629
114.2694 430.6229
114.4094 426.6129
115.2394 426.9229
116.4294 426.1229
116.3894 426.7329
117.2194 427.0429
117.8094 426.6429
117.7394 425.6729
118.6094 425.3729
119.5494 426.0429
123.6394 434.1629
125.9094 435.9629
126.8694 434.4529
126.9594 433.2329
129.0094 432.1429
129.5694 430.1729
130.2094 429.1629
130.7594 429.3729
131.4394 427.7529
130.9394 426.9329
129.1294 426.5529
128.6194 425.7329
128.1794 422.1129
127.0194 418.5329
125.9594 417.4929
125.9594 417.4929
125.7694 416.1629
125.7694 416.1629
125.1494 414.9729
124.0494 414.5429
123.9094 412.5929
123.2394 412.0229
122.8194 409.9629
123.2594 409.8129
123.1994 406.6329
124.1594 405.1129
123.4894 404.5429
123.1894 402.8429
123.1894 402.8429
124.8894 402.8729
124.8894 402.8729
125.1194 403.5929
126.1494 403.0429
125.7594 402.5729
126.6794 401.6629
125.7094 399.3829
126.6294 398.4729
126.6294 398.4729
126.2794 397.3829
126.2794 397.3829
125.4894 396.4429
125.5794 395.2029
126.8694 393.1629
128.7894 392.3229
128.9994 391.4529
128.2094 390.5029
129.2494 389.9529
129.3394 388.7129
127.8394 387.8029
127.7694 386.8229
128.9294 386.6429
129.5094 384.6329
130.7094 383.8329
129.9694 382.2629
130.4594 381.4929
129.6494 378.9329
130.2994 377.9129
129.5094 376.9629
130.1094 376.5629
128.2094 375.1629
127.8694 374.0629
129.7994 373.2229
130.4594 372.1929
130.3994 371.2029
129.8394 370.9829
129.9394 369.7329
128.8294 369.2929
128.8794 368.6629
129.7094 367.3729
132.4294 365.8729
131.3194 363.7829
130.0394 363.5829
129.8194 362.8329
131.0094 361.9829
130.8494 360.6229
130.1794 360.6429
129.8894 358.5229
129.8894 358.5229
127.7794 358.9429
129.0494 360.2429
127.4794 361.3429
126.8794 359.0829
126.6194 358.0029
125.1594 357.5229
123.6094 357.7229
122.5294 357.3229
122.0294 357.8929
121.2094 357.4829
120.2094 358.4029
116.4594 358.1729
115.5194 360.1829
115.8994 361.0829
114.7694 362.0129
114.3394 362.6929
111.3094 363.3929
106.5994 362.4029
106.8494 363.4029
107.7294 362.9829
108.3894 363.3929
106.6894 364.2829
104.9294 363.9529
106.2794 362.4729
103.7394 361.2329
100.3394 361.1829
 98.4594 361.9029
 97.8294 361.4429
 97.5194 361.6629
 98.1694 362.5729
100.5894 362.3229
100.9794 362.6029
103.4194 361.7029
104.0194 362.0829
103.5894 362.9929
101.0194 363.8129
 99.5394 363.8429
 98.2094 363.0529
 97.6294 364.1229
 97.9894 364.5329
 97.1594 365.2429
 96.5094 364.3429
 96.1894 364.7529
 95.2394 364.3929
 95.8594 362.4029
 96.4494 362.2429
 97.5594 360.9229
 96.3594 360.1729
 95.5894 361.9629
 94.1994 362.4929
 93.9294 364.0829
 92.4594 364.2829
 92.7394 364.9429
 92.2094 366.2729
 94.9494 366.7629
 96.0494 366.7629
 98.1194 368.0229
 98.1394 368.6129
 97.0094 368.7829
 97.1294 371.0429
 96.5894 371.7929
 96.1694 371.5529
 96.3594 369.9629
 94.4994 369.4329
 95.0494 368.8929
 95.4394 367.5429
 94.2094 367.2329
 91.4594 372.9529
 88.5094 375.9129
 85.5494 376.1629
 84.3494 375.0229
 85.0094 373.7629
 80.1294 375.3129
 78.7994 374.6129
 78.9994 373.3129
 76.7594 374.6729
 75.0594 373.4129
 73.9594 374.7229
 73.1594 374.8429
 72.9994 376.6029
 71.4294 376.8829
 71.4594 377.9329
 73.0094 378.7129
 72.4494 380.7129
 68.5694 384.4829
 64.1494 386.7129
 60.2894 386.8629
 59.8694 385.3929
 58.3094 384.4729
 58.7394 382.5229
 57.9294 381.2229
 55.2794 381.5929
 52.9794 380.6129
 49.6094 381.3129
 48.6994 380.9029
 45.2894 382.5929
 42.8394 382.4529
 39.5894 383.5729
 37.1494 383.3729
 35.9594 382.2829
 35.3894 383.3229
 33.9894 383.3429
 33.5694 383.8429
 31.6594 383.5729
 29.9594 386.3429
 29.2194 386.5729
 32.3194 388.9829
 33.3594 389.0229
 33.1594 390.2329
 33.8094 391.3329
 34.2894 391.7729
 35.4894 392.0229
 36.0094 392.7329
 35.7094 395.2529
 38.8894 396.4029
 41.3394 399.3029
 39.4594 398.2329
 38.7194 397.0929
 35.7494 396.5529
 36.2094 396.0829
 34.9894 395.5929
 34.3194 394.4129
 35.3994 392.4829
 33.9894 392.1929
 33.3694 391.0029
 32.7194 392.2529
 33.5994 393.5829
 33.5094 394.1429
 32.2694 392.4529
 30.7094 390.6829
 30.6694 391.3629
 29.4994 392.0029
 28.4394 390.9029
 28.5594 390.3829
 27.6994 390.2029
 27.5694 391.3429
 28.2494 391.8129
 28.6494 393.6829
 29.7794 396.1329
 32.5094 397.1129
 35.6194 397.1629
 34.9494 397.9729
 35.5894 398.1729
 35.3494 398.4329
 33.0694 397.7429
 30.7694 398.2529
 32.3694 402.2229
 33.0694 402.7229
 32.2494 402.6229
 28.7894 396.9929
 27.2194 396.7629
 24.9694 395.2129
 23.9394 394.6429
 23.0194 395.4329
 23.1394 398.6329
 22.1394 400.6929
 22.6594 403.0629
 22.2994 404.3029
 23.0694 404.8129
 23.0494 405.6329
 23.9894 405.6129
 24.4394 406.3429
 25.9394 406.8629
 28.7694 406.8229
 29.8094 407.0229
 36.1594 408.6829
 38.2194 408.5629
 39.8994 409.9029
 42.5894 410.2229
 43.7694 411.1329
 42.5194 410.9329
 43.1394 412.2329
 42.7694 412.3229
 41.8894 410.6029
 37.5694 411.8329
 33.9594 410.5529
 34.8694 413.8829
 42.1194 415.9229
 43.3394 417.3629
 41.7494 416.1529
 38.8894 415.9629
 34.1894 414.0129
 34.0094 417.8729
 35.4994 417.9729
 36.2394 418.8929
 39.5294 420.3029
 41.1394 419.6129
 42.8594 420.2929
 43.8694 419.6229
 44.4194 420.0129
 43.0594 420.6129
 41.2094 420.0229
 39.9994 420.3529
 40.0494 421.0529
 42.4194 421.7829
 43.8094 422.8029
 43.2694 423.3129
 39.4894 421.7029
 39.3894 420.9629
 35.6294 420.0529
 34.2394 418.9229
 32.4394 418.6529
 31.5794 419.1529
 32.3594 423.3629
 33.3794 423.0829
 33.6594 423.4629
 33.0194 424.1529
 33.1094 424.9329
 34.6894 428.7929
 36.6894 429.1329
 40.1294 426.8329
 39.3894 427.8529
 39.1094 429.7829
 38.6894 428.0529
 36.7394 429.8129
 35.4794 430.0029
 35.2894 431.0329
 36.3094 432.9929
 37.7694 434.3729
 38.3194 435.7629
 42.4594 433.4029
 40.3894 432.0229
 43.1794 433.2229
 45.5094 431.4929
 45.1094 430.7129
 45.8194 431.3629
 47.0794 430.9129
 48.5694 428.1129
 48.8994 426.2129
 47.2294 424.5829
 46.6894 422.9729
 47.8594 424.9029
 49.6394 426.4529
 50.7694 425.2229
 47.6594 431.0729
 46.0794 431.7829
 44.6694 433.4429
 45.7294 434.7429
 49.1494 435.3429
 50.0194 435.0129
 49.9494 435.6829
 50.0794 436.2229
 49.2694 436.4529
 48.6994 435.6329
 45.4794 435.1129
 44.8494 435.4529
 44.6194 437.2429
 43.4294 438.8829
 43.7194 441.6529
 44.1394 441.8029
 43.3594 443.2629
 44.4494 444.0429
 44.9094 445.1729
 46.1294 444.4729
 48.4294 440.7229
 50.1694 441.1229
 49.6594 441.5229
 48.5294 441.1629
 47.1894 444.0629
 46.3794 445.0229
 45.4594 445.2029
 47.4694 448.0929
 49.5394 445.3429
 49.5594 443.7229
 50.8594 442.5629
 50.9094 443.0329
 49.9694 443.5029
 49.8594 445.2029
 52.8894 444.8929
 52.1394 445.5829
 49.7494 445.6529
 48.5794 447.0129
 47.9394 448.7729
 47.9494 449.4729
 49.6594 450.7229
 49.8994 449.9029
 56.2794 448.0729
 56.1694 448.5329
 53.7194 449.3229
 51.3194 450.4929
 50.2094 450.3229
 49.6794 451.7029
 51.2394 453.2629
 51.7194 453.6729
 52.6394 454.9029
 53.0694 455.6829
 53.9294 456.1129
 54.8894 458.0829
 56.0794 458.3729
 57.0894 459.4229
 57.6694 459.3629
 57.8894 457.7529
 59.0694 455.8129
 58.7194 453.9729
 59.7194 453.6229
 60.0794 453.0629
 59.2594 451.0229
 60.4394 452.3529
 61.5994 451.7729
 59.3294 454.4229
 59.6094 454.9629
 60.1394 454.7829
 58.2894 459.2529
 58.2394 460.5629
 59.1994 461.4129
 59.8894 461.8529
 61.8194 463.3129
 63.4594 463.1329
 65.3694 461.8129
 63.4394 459.2729
 63.6094 458.3429
 65.0594 457.3829
 63.8694 458.9229
 65.7494 461.7329
 63.6494 464.4229
 65.0594 465.6829
 67.4494 465.1229
 66.2094 466.3529
 66.4094 468.1329
 68.3194 469.5729
 70.2294 468.1429
 69.0494 470.5029
 70.1794 470.8029
 71.9894 472.5229
 73.1594 472.5729
 73.6494 473.8729
 74.9194 474.3429
 75.8094 472.6329
 76.5894 472.5129
 76.7294 477.6129
 76.1894 478.4729
 77.2594 479.0329
 78.4094 481.7929
 80.6594 484.2329
 81.6994 484.7729
 82.3694 484.4529
 83.3994 485.6229
 84.0594 485.2029
 85.4394 480.3829
 85.5794 477.6429
 86.3694 477.2729
 85.5994 482.9829
 83.1094 487.6029
 86.9394 487.4529
 87.9194 489.5829

Tasman_District
4
283.8894 649.0429
285.9694 648.7829
282.7794 650.5529
282.3894 649.9129

Tasman_District
259
301.4794 660.8429
299.6494 658.6129
298.3694 658.1329
298.0794 656.5829
297.1894 655.5129
295.1794 654.5129
294.0394 655.4829
290.9494 653.0829
290.9294 651.9829
290.9294 651.9829
291.6994 650.6829
290.8994 649.5629
290.2194 650.0229
289.8094 649.3529
290.3694 647.3129
287.3494 645.5729
286.2794 646.5429
286.2794 646.5429
284.7994 647.2229
284.3994 648.6029
281.7494 648.7829
281.3694 649.2629
281.1394 649.9629
282.2094 650.0129
282.5294 650.5429
281.6094 651.7129
281.6394 652.6529
278.4994 655.9529
279.2594 656.4029
279.6694 658.4129
278.3694 660.2329
279.2294 661.1129
279.2494 661.6029
279.1594 662.5929
278.1994 662.6929
278.6194 663.9129
279.7094 664.0229
279.9794 664.8529
281.0194 665.4729
280.9294 666.2329
280.5994 665.7329
279.9894 666.1929
280.7494 666.7029
280.8094 668.3329
280.1494 669.2029
280.8794 669.7229
280.5894 670.8529
280.0294 671.1029
278.5394 670.0529
278.4094 670.5829
279.2494 670.9229
278.2794 674.6629
276.4994 674.3029
276.2894 672.5529
275.2494 673.8029
274.9694 672.8229
272.7494 671.5429
267.9594 675.1629
266.2194 678.0629
266.1194 679.9829
264.8094 681.0529
265.7394 681.4829
266.2794 684.2129
265.7994 684.6929
268.7794 688.3129
274.0294 688.0529
279.0094 686.4329
278.2394 687.1129
275.5994 688.0929
270.4894 688.9029
269.2094 688.5529
266.1594 689.2329
264.1094 688.5329
260.7794 685.4829
260.6694 684.8129
261.6294 684.8629
261.7594 685.6629
263.2394 685.5929
263.6494 686.3429
263.9094 684.7829
262.0194 684.5829
261.4694 684.1829
261.9294 683.3729
261.0594 683.7129
259.2494 682.4629
259.1394 682.9629
260.5494 684.2729
260.0094 684.8229
256.5794 682.4229
253.7094 678.9529
249.4394 675.6029
247.7994 675.0229
247.7994 675.0229
248.8994 673.2229
248.4194 669.9329
249.5794 670.6529
249.7594 669.8729
250.7194 669.3829
250.2294 668.6229
251.2594 667.0229
251.7894 667.2229
252.2294 666.5329
254.0994 666.6729
254.5394 665.9829
253.1794 664.0429
252.2394 663.9729
251.5194 662.5629
251.5194 662.5629
252.5194 661.5129
252.5194 661.5129
251.9094 660.4229
252.2094 659.9629
253.1494 660.0329
254.3694 662.2029
255.4894 661.4829
256.6594 662.2129
258.6794 662.1229
258.3694 660.5729
259.6394 659.6229
259.8594 658.2729
260.9494 658.1129
261.2894 657.0929
263.5894 655.0929
264.2794 653.0629
266.0194 653.4229
266.7394 652.8329
265.3894 650.9029
263.1194 650.3429
263.1194 650.3429
261.7994 649.8529
261.7994 649.8529
263.0194 648.0229
262.4594 646.3929
262.7694 645.9329
262.1294 645.4129
262.5194 643.8529
259.5394 641.8929
257.5994 642.3129
257.5594 642.8629
255.8594 641.9429
256.4694 641.0329
255.9494 638.8529
254.8894 638.4629
254.9294 637.9129
253.9794 637.8429
252.8394 636.5729
253.1194 634.6929
252.3194 634.4029
252.8194 633.1629
252.4394 632.7429
252.4394 632.7429
252.3694 631.8629
252.3694 631.8629
251.0394 631.3729
250.9694 630.4929
249.9794 630.9829
248.7994 630.2629
249.5694 629.1229
249.3194 627.0329
248.0194 627.9829
247.7994 627.3329
245.7394 627.4329
244.0694 625.9629
244.5294 625.2729
243.2794 623.6629
243.6294 622.6429
244.1594 622.8429
244.0794 618.4929
244.0794 618.4929
243.2794 618.1929
243.2794 618.1929
243.2094 617.3029
242.2594 617.2329
242.7694 615.9829
241.5194 614.3629
242.4094 613.5329
242.8494 611.3829
244.5394 610.8529
243.7094 609.0929
245.1494 606.4429
247.7494 606.5529
248.5694 604.8329
249.5294 604.9029
249.6194 603.7729
252.9094 603.8529
253.5894 600.3329
252.8394 599.4629
253.9294 597.8429
253.8594 596.9429
254.3894 597.1429
256.6994 595.6929
257.2294 595.8929
256.9194 596.3529
257.4094 597.1229
258.4794 597.5329
258.4794 597.5329
260.2294 597.9129
261.6894 600.2129
263.5494 600.9229
264.0394 601.6829
263.7494 603.6029
265.0294 604.6629
264.6294 606.2429
266.4894 606.9429
266.6894 606.1529
267.9094 606.3229
267.9094 606.3229
268.4394 606.5229
268.0894 607.5429
268.5994 609.7529
269.5494 609.8229
270.5694 610.7829
270.2194 611.8029
271.3894 612.5329
271.6794 614.0829
272.9994 614.5829
273.0694 615.4729
273.5994 615.6729
273.8194 616.3329
272.7894 617.3829
273.1194 618.3629
273.9094 618.6629
273.8194 619.7729
276.6994 622.8629
275.8894 624.5629
276.2594 624.9929
276.9794 624.4029
279.0394 625.7529
281.2294 628.8729
281.2094 630.8629
283.8394 631.8729
283.9094 632.7529
284.5894 632.7229
285.2894 634.1329
285.2894 634.1329
285.2494 634.6929
285.2494 634.6929
285.5394 636.2329
286.1094 635.8829
287.6794 636.4929
288.6594 636.0129
290.6394 636.5029
290.1394 637.7429
288.5494 639.1229
289.5094 640.6429
290.2894 640.9529
289.8994 642.5129
291.9894 643.3429
292.7894 645.0929
295.0794 646.5929
294.9394 648.2629
297.0294 650.5629
297.4594 651.8929
298.6494 652.0929
298.9694 653.0929
300.9394 653.6129
301.4294 655.8229
301.0794 656.8329
302.0094 660.3629

Taranaki
118
341.2094 779.5829
341.3494 779.5329
341.3494 779.5329
341.7094 778.6829
342.6194 778.7629
343.0494 778.1029
345.9294 778.1129
347.0194 777.4429
348.8194 778.1329
349.8194 776.6129
351.1694 776.0429
351.1694 776.0429
349.3694 775.3529
349.0594 773.8729
348.1494 773.7929
348.8694 772.7029
348.4994 772.2829
348.8494 770.7829
349.8594 769.2629
351.1194 770.2929
351.1194 770.2929
351.9494 769.5229
351.9494 769.5229
351.4994 768.2629
352.0794 767.3929
351.5994 766.6629
352.1494 766.3329
351.6694 765.6029
351.9594 765.1729
353.1394 765.3529
353.5994 764.1729
353.8294 764.8029
354.7494 764.8829
355.6794 762.5129
355.6794 762.5129
355.1594 762.3129
355.1594 762.3129
355.0794 761.4629
358.3894 761.3829
358.1594 760.7529
359.4294 759.3329
357.2994 759.6029
356.5594 758.7629
356.8494 758.3329
356.1894 758.3529
356.4794 757.9229
355.5594 757.8429
356.1394 756.9729
354.4494 756.5829
354.9994 756.2529
354.2294 755.9529
354.7794 755.6229
353.1794 753.6329
353.4694 753.1929
352.6594 753.4229
352.1794 752.6829
351.2294 753.1329
351.1794 751.7429
349.3494 749.1129
349.6694 748.1429
350.7394 748.0129
352.2794 746.6929
352.2794 746.6929
351.9394 745.7329
351.9394 745.7329
351.9694 745.1929
351.3094 745.2129
352.3294 743.6829
352.0994 743.0429
353.9694 740.7429
354.8894 740.8329
355.2794 738.7829
356.4094 737.5729
355.2594 734.9129
355.7994 732.6429
355.2794 732.4329
356.2694 731.4429
353.6894 730.4229
353.9894 729.9829
353.5094 729.2429
354.0994 728.3629
353.4694 727.8429
353.7694 727.4029
352.0494 727.0129
352.0894 726.4729
350.6494 725.6629
350.2994 724.7129
348.7994 724.4729
347.1194 722.0329
347.7794 721.5929
347.7794 721.5929
345.4494 721.2729
341.2694 723.3829
339.1394 723.8429
337.3694 725.7529
335.4894 726.5129
333.6194 728.1429
330.5094 732.3629
325.7894 735.1129
320.3294 735.9329
318.9194 736.8429
316.8294 737.1129
313.8494 738.8729
312.0994 741.5729
309.1794 744.3029
307.6094 750.8929
309.1694 755.3129
313.8894 758.9529
315.2594 759.1329
317.4294 760.6329
318.4094 762.1629
320.7694 762.4129
325.1094 765.5529
329.4594 765.8029
331.5094 765.2929
334.4194 766.7029
336.7394 770.1129
339.1394 772.1629

Waikato
377
370.6594 889.2929
371.4894 888.8529
372.4194 889.2029
372.7794 887.1329
373.5594 887.6129
374.1094 886.4429
374.7694 887.4729
375.3894 887.2929
377.1394 885.7229
376.5794 884.9929
376.8794 883.5829
376.3294 883.1829
377.2494 882.6229
377.9994 882.9829
378.9194 881.8929
378.6394 880.5229
379.0794 879.7329
377.8994 879.7729
378.0594 878.6129
379.0894 879.0929
379.9394 878.8229
379.9994 877.6129
380.7794 877.1429
380.0694 875.3529
382.1794 875.9329
381.4194 876.7329
383.8394 876.6829
386.8094 878.4129
387.4294 877.1229
388.3594 877.1529
388.5194 876.0529
387.1594 875.9829
385.7894 875.1529
385.5294 873.6029
383.6594 872.7929
383.9194 871.3929
382.7594 871.1229
382.6494 869.8129
383.3594 869.1529
384.5594 871.6129
385.1694 871.3929
386.2494 872.2129
388.4994 870.6629
388.1794 869.3729
389.8894 866.7929
389.1594 865.2529
390.3394 863.4429
389.7294 863.6829
388.7294 861.6329
388.9194 861.0029
390.0094 862.9829
390.8594 861.9729
391.1094 860.3229
391.0194 857.9229
390.5794 856.3229
391.1294 853.9029
390.7194 853.5229
389.9094 855.2929
389.7894 854.0729
390.7894 852.8329
391.4094 849.8929
393.1394 846.6029
392.9494 845.1629
392.9494 845.1629
391.9694 844.8129
392.5094 844.4729
392.1794 843.5529
391.5494 843.5929
392.0294 842.4329
391.2994 841.6429
390.7594 841.9829
389.8994 840.8729
390.3194 840.2229
390.8294 840.4029
391.4194 839.0229
389.8594 838.9829
388.8794 840.4929
387.9094 839.0629
388.9194 837.0329
387.9294 836.1329
389.2294 833.6729
389.0594 832.0129
391.5994 828.1829
392.5394 825.3529
391.7794 822.6729
393.1194 822.1129
392.6094 821.9229
393.3194 820.8629
393.0994 820.2429
394.0394 819.8029
393.8194 819.1829
394.4994 818.6429
393.1094 817.8529
393.5994 816.1729
394.3994 815.9429
394.4594 814.8929
396.1694 814.7429
397.5394 813.6629
397.7494 812.4029
399.6594 810.9929
402.2694 810.9229
404.1794 809.5229
404.0994 808.6929
404.6094 808.8929
405.1794 808.0429
404.6994 807.3229
405.8394 803.7429
405.3294 803.5429
406.4394 800.4829
406.9494 800.6829
407.3794 800.0429
407.4494 798.9929
408.9394 798.2229
410.0994 798.4029
411.5094 796.8029
413.7594 796.3329
415.3194 794.5229
413.9994 788.8929
414.3294 787.9429
410.8394 789.2729
409.5894 786.3629
407.2994 787.3529
408.2194 789.3229
407.4994 790.3829
406.3294 790.1929
406.3594 789.6629
404.4594 788.6529
402.4894 788.6929
402.4194 789.7429
401.6194 789.9729
400.9694 791.8729
398.6594 789.0929
397.5994 789.2229
397.8094 787.9629
397.1894 787.4529
397.5094 786.5029
399.5894 786.7729
400.0594 785.6029
400.8294 785.9029
404.0694 784.4629
403.5594 784.2629
403.5194 782.9029
402.2294 780.5129
405.5094 776.6629
403.8994 775.2229
399.8794 776.3529
399.6194 774.3529
399.1094 774.1529
399.1094 774.1529
399.5794 772.9829
399.5794 772.9829
400.5694 772.0129
399.9094 772.0229
400.6694 770.4229
400.6694 770.4229
402.6794 767.9629
402.6794 767.9629
404.1494 767.7229
404.4794 768.6629
405.5394 768.5329
405.7194 765.8929
406.5994 764.6129
405.7594 763.4629
406.4894 762.3929
406.4494 761.0229
405.5294 760.9329
404.5394 759.9929
404.5394 759.9929
404.8294 759.5629
402.6594 758.4329
402.5894 757.5829
402.5894 757.5829
401.2294 758.1329
398.7994 756.9029
394.4194 757.0829
394.1194 755.6029
391.0294 754.3829
391.5794 754.0529
391.3594 753.4229
389.8494 752.2829
390.4394 751.4229
389.2594 751.2329
388.0394 749.6629
385.8694 750.4429
385.6494 749.8029
384.0294 750.2629
382.5894 749.9729
378.2894 751.0129
381.2294 756.8129
381.9794 759.5629
380.5894 760.6529
381.0394 761.9129
380.4894 762.2429
381.7794 762.7429
381.8194 764.1229
383.2994 765.7829
381.1694 766.0429
378.5594 765.5729
378.1994 767.0629
379.3894 769.1529
377.7894 771.5229
379.2394 773.7129
378.2294 775.2129
377.7194 775.0129
376.8194 776.8329
378.8594 780.0529
379.3094 781.3029
378.9894 782.2629
380.9794 784.1129
381.3694 786.4229
380.3694 785.5029
377.6594 784.7329
376.1094 786.5629
374.0194 786.3029
372.9294 786.9629
371.4994 786.6829
371.2694 786.0529
369.7294 785.4629
369.2394 787.1629
368.3894 786.0229
368.5994 784.7529
367.6494 785.2029
366.9394 783.8529
366.0194 783.7729
365.7894 783.1429
364.4994 782.6529
363.4094 783.3229
361.9794 783.0429
361.0294 783.4929
360.2894 782.6629
359.3394 783.1129
358.2294 781.8729
356.6894 781.2829
354.7194 781.3429
355.2094 779.6329
354.8094 779.7529
353.9794 778.0829
354.2994 777.1129
352.7294 777.0529
351.2194 775.9329
351.2194 775.9329
349.8794 776.5029
348.8794 778.0229
347.0794 777.3329
345.9894 778.0029
343.1094 777.9829
342.6794 778.6429
341.7694 778.5629
341.4094 779.4129
341.4094 779.4129
341.9494 789.4329
342.5294 791.8429
342.0994 795.3229
342.9094 795.4029
343.0894 796.4329
345.2294 799.2629
345.1694 804.4229
343.7694 808.7929
344.0594 809.1229
344.3394 808.5729
345.9894 808.2829
347.5794 810.1029
347.0494 808.9329
347.1894 808.5729
347.7094 808.9829
347.7094 807.8529
348.4094 807.7529
348.7594 808.5329
349.1994 807.1529
350.3894 807.7429
350.6494 808.0229
349.2894 808.0629
349.6594 809.0629
353.0694 810.6829
352.0894 811.2129
351.9794 812.0329
350.7694 811.8629
350.3994 811.3529
350.1094 812.3429
349.0094 810.5029
347.8594 810.3529
348.4694 813.4329
349.5494 814.0929
349.4594 813.5029
350.4594 813.2429
350.3794 813.9229
352.0394 816.3829
351.2494 816.9629
349.5794 816.6329
349.2594 815.2829
349.8294 814.7929
348.3594 814.0729
346.8694 821.1329
347.6494 822.7829
349.5294 823.1829
350.2794 824.0929
351.6094 824.5429
353.0194 823.8029
353.5294 823.9029
353.2294 824.4429
353.8394 824.4529
354.3394 823.8729
355.1394 824.8429
354.4594 825.2529
352.9594 824.9229
353.5294 825.6929
355.0294 825.5929
354.4094 826.7529
352.7294 826.2729
352.5194 824.6929
351.1094 825.5029
351.3294 824.7929
350.0894 824.2729
348.3594 832.3129
347.3994 833.9729
347.3694 835.8629
344.7494 842.0329
344.7894 845.1429
345.2394 844.3629
346.2794 844.5729
347.9594 847.1529
348.8794 847.6529
348.8794 847.6529
350.4894 848.6129
350.5794 849.9729
353.1894 849.3329
353.2794 850.6929
353.9094 851.1929
353.3694 852.0529
355.7094 851.8529
356.4494 853.1829
355.4794 855.2129
354.5394 856.1929
354.1694 855.7929
353.8794 856.7429
354.3694 857.4529
355.1694 856.6829
356.4594 856.6229
357.2794 859.3029
359.0094 861.5229
359.5594 860.6629
362.2894 860.3529
362.3594 862.2229
363.1194 862.5029
364.4494 861.4129
367.0394 862.1529
367.4894 863.2129
367.4894 863.2129
368.2494 860.7229
368.1194 856.6829
369.4994 853.6429
372.1394 852.9829
376.7594 855.2829
377.3894 855.0329
376.4894 857.9329
376.8094 860.3429
375.8394 864.5729
373.0794 868.1429
372.1994 870.4629
373.3194 870.8829
373.0594 871.6529
372.8794 872.1229
373.5694 872.7429
375.7194 872.8229
376.0594 873.6429
375.0894 875.3429
374.7994 876.0829
373.1494 877.1029
373.8194 879.6829
373.4294 881.4329
373.3794 882.1829
372.1994 883.6429
369.8394 884.9329
369.1294 886.4729
369.1494 888.5129
369.7194 888.3529
369.8294 888.9529

Wellington
6
354.1794 672.6629
354.5194 672.3129
353.7494 671.0229
351.9094 669.2129
351.2094 669.3429
353.1494 672.6629

Wellington
133
361.5094 678.6429
362.8194 678.5029
362.8694 677.9629
364.2694 677.3929
364.3194 676.8529
363.3894 676.7629
363.5994 676.0029
364.8394 675.6529
365.4594 676.1829
366.5994 675.5129
368.2694 676.4529
369.7794 676.2129
369.9394 677.4029
370.7194 677.7129
371.5994 676.9329
373.3694 676.7929
374.6294 679.2729
380.4694 676.2529
381.7794 676.7829
382.0994 677.7529
382.9394 677.5229
382.8894 678.0729
382.8894 678.0729
383.2094 679.0529
383.2094 679.0529
385.0894 679.2429
385.8194 678.6929
386.1894 679.1229
386.9194 678.5729
386.5494 678.1429
387.1194 677.8129
386.1194 675.4329
387.7894 674.9729
388.5194 675.8329
389.0894 675.5029
389.4594 675.9329
390.3494 675.1629
391.8694 676.3429
392.7594 675.5729
393.1794 676.8729
394.3794 677.0729
394.1694 677.8329
395.2694 677.7129
395.8494 678.7929
396.9994 678.1229
398.6194 678.2129
398.3094 678.6529
398.7294 678.5429
398.8394 680.2829
400.5094 679.8229
401.2894 680.1329
402.0694 679.0329
404.4094 678.5529
404.9794 676.7929
405.9694 676.3329
405.5094 675.5829
405.7594 674.7629
405.7594 674.7629
405.4194 672.5729
403.9794 669.7229
404.2094 668.4929
400.9294 665.5929
400.2394 663.2629
399.4994 662.7029
399.2694 660.5829
398.1094 658.6829
398.0594 657.2029
395.2294 654.3329
393.9294 650.8929
390.6794 649.2729
389.9794 647.1729
387.9694 644.8729
382.6994 642.1329
379.1794 638.3229
376.1394 637.1329
375.7594 636.1929
373.1894 633.8929
370.6694 633.9129
368.9194 631.9929
367.6794 631.7429
366.3094 632.3329
365.4994 632.0829
364.8394 635.5829
363.9194 636.3129
364.9894 640.0729
364.7994 641.1629
361.9894 642.9229
361.9994 644.4829
360.5394 643.7329
357.9894 644.2129
355.9194 643.1729
353.1594 640.7829
352.5094 641.8729
351.1794 642.3029
351.5094 643.4829
350.4194 644.9629
352.9294 650.1729
351.9594 651.5629
350.7094 651.8629
348.0394 649.7029
347.7694 648.6729
348.7294 648.7229
348.6094 647.2129
349.5394 648.7929
349.9894 648.2629
349.6494 647.2329
350.0894 646.3129
349.3594 645.6129
348.5894 646.5529
347.2994 645.3929
346.3994 645.5829
345.2794 644.7029
344.4394 645.5929
343.0194 645.7929
341.2394 648.7229
342.4594 651.2329
345.1594 652.1629
346.1894 654.6129
347.0194 654.9029
348.7294 657.7529
349.8994 657.9529
350.4794 658.9129
351.0494 658.3229
350.1394 657.4029
350.2294 656.7229
350.9094 657.5029
351.1994 659.0429
350.0894 660.1829
350.3994 660.9429
354.0294 663.4729
355.1794 665.7529
355.7594 669.5029
358.7294 672.4229

West_Coast
394
247.7994 675.0929
248.8994 673.2929
248.4194 670.0029
249.5794 670.7229
249.7594 669.9429
250.7194 669.4529
250.2294 668.6929
251.2594 667.0929
251.7894 667.2929
252.2294 666.6029
254.0994 666.7429
254.5394 666.0529
253.1794 664.1129
252.2394 664.0429
251.5194 662.6329
251.5194 662.6329
252.5194 661.5829
252.5194 661.5829
251.9094 660.4929
252.2094 660.0329
253.1494 660.1029
254.3694 662.2729
255.4894 661.5529
256.6594 662.2829
258.6794 662.1929
258.3694 660.6429
259.6394 659.6929
259.8594 658.3429
260.9494 658.1829
261.2894 657.1629
263.5894 655.1629
264.2794 653.1329
266.0194 653.4929
266.7394 652.9029
265.3894 650.9729
263.1194 650.4129
263.1194 650.4129
261.7994 649.9229
261.7994 649.9229
263.0194 648.0929
262.4594 646.4629
262.7694 646.0029
262.1294 645.4829
262.5194 643.9229
259.5394 641.9629
257.5994 642.3829
257.5594 642.9329
255.8594 642.0129
256.4694 641.1029
255.9494 638.9229
254.8894 638.5329
254.9294 637.9829
253.9794 637.9129
252.8394 636.6429
253.1194 634.7629
252.3194 634.4729
252.8194 633.2329
252.4394 632.8129
252.4394 632.8129
252.3694 631.9329
252.3694 631.9329
251.0394 631.4429
250.9694 630.5629
249.9794 631.0529
248.7994 630.3329
249.5694 629.1929
249.3194 627.1029
248.0194 628.0529
247.7994 627.4029
245.7394 627.5029
244.0694 626.0329
244.5294 625.3429
243.2794 623.7329
243.6294 622.7129
244.1594 622.9129
244.0794 618.5629
244.0794 618.5629
243.2794 618.2629
243.2794 618.2629
243.2094 617.3729
242.2594 617.3029
242.7694 616.0529
241.5194 614.4329
242.4094 613.6029
242.8494 611.4529
244.5394 610.9229
243.7094 609.1629
245.1494 606.5129
247.7494 606.6229
248.5694 604.9029
249.5294 604.9729
249.6194 603.8429
252.9094 603.9229
253.5894 600.4029
252.8394 599.5329
253.9294 597.9129
253.8594 597.0129
254.3894 597.2129
256.6994 595.7629
257.2294 595.9629
256.9194 596.4229
257.4094 597.1929
258.4794 597.6029
258.4794 597.6029
258.7894 597.1429
257.9294 595.9429
258.0194 594.8129
257.3294 594.8429
257.2394 592.4729
256.0594 591.7329
255.4794 592.0929
253.3494 591.2729
250.9694 588.3129
248.9494 587.8229
248.7694 586.5829
246.8394 584.9529
246.8194 583.4729
244.5694 582.3129
243.7494 580.5229
244.0594 580.0529
243.5294 579.8429
243.8394 579.3729
241.1694 578.3429
240.5894 578.7029
240.5894 578.7029
238.8294 578.3129
238.8294 578.3129
239.0294 577.5029
236.8894 576.6729
236.5994 575.0829
235.3094 573.9929
235.4394 572.2729
234.2094 572.0929
233.8694 571.0729
232.6894 570.3229
230.4994 570.0629
230.5594 567.4329
229.4894 567.0129
229.2694 566.3329
230.0094 565.7329
228.5994 564.2929
227.7894 563.9829
226.7394 565.0529
224.7494 563.9829
223.7394 564.4829
220.8994 563.6729
220.0094 564.5029
218.9794 563.5129
218.1294 563.7729
217.6394 562.9929
217.9494 562.5229
216.6494 561.4329
216.1094 561.2229
216.3394 561.9029
215.0594 562.2929
214.1394 561.6429
212.7494 561.7029
212.5194 561.0229
212.9494 560.8929
209.9194 558.8429
209.9194 558.8429
210.3194 557.2229
210.3194 557.2229
209.3994 556.5729
209.4894 555.4229
208.2694 555.0829
207.6894 555.4529
206.1194 554.2529
205.8094 554.7229
204.9994 554.4129
205.1994 553.6029
204.5494 553.0529
203.5394 553.5529
203.8494 553.0829
203.0394 552.7729
203.2394 551.9629
202.0494 551.2129
202.6794 550.2729
201.3294 549.7529
201.2594 548.8329
199.9994 547.1629
198.4894 546.8829
198.5594 547.7929
197.7094 548.0529
196.3294 546.0429
195.5194 545.7329
195.4994 544.2429
193.7194 543.8529
193.6494 542.9329
192.8394 542.6229
192.5294 543.0929
190.9494 541.8929
188.8494 541.9829
189.3694 540.6929
187.5894 540.3029
186.5594 539.3129
187.1894 538.3629
185.5094 536.8229
185.4494 535.9029
184.2094 535.7229
184.0094 536.5329
182.7694 536.3529
182.2994 537.0629
181.8094 536.2829
179.9294 535.5629
179.4894 534.2029
178.2594 534.0229
177.2794 532.4629
175.4094 531.7429
174.4594 533.1629
172.2594 531.4229
170.6094 531.3829
168.8894 528.9329
168.8894 528.9329
167.6694 528.7629
167.6694 528.7629
167.2294 527.4029
165.2094 526.9229
165.6694 524.7029
165.2294 523.3329
162.9894 522.1629
163.0294 520.0729
162.0094 519.0729
160.7794 518.9029
161.2494 518.1829
160.5994 517.6329
160.6894 516.4629
159.5694 516.6329
159.3494 515.9429
157.7394 515.3329
157.8294 514.1629
156.4394 514.2329
155.6094 512.4229
152.9594 510.8229
152.5494 508.8729
151.8494 508.9129
151.1294 507.4429
150.3194 507.1429
150.3194 507.1429
149.5794 507.7629
147.5294 507.3029
145.9794 507.6229
145.5294 506.2529
146.1594 505.2829
145.5894 503.5729
143.6494 503.4529
142.4994 502.1229
140.8294 502.1029
140.3694 500.7329
137.5794 498.7929
135.9794 499.7129
135.1094 502.1129
134.0194 501.7129
134.3394 501.2229
133.7894 501.0229
133.5994 499.7429
132.7794 499.4429
128.9894 499.5729
128.3094 501.1429
125.7394 499.9029
125.7794 499.3129
123.2794 499.0129
123.4794 498.1729
121.8394 497.5729
122.3594 496.2329
121.1494 495.4829
121.5094 494.3929
117.7994 493.3429
117.7294 492.4029
116.9094 492.1029
117.1494 490.6629
116.1094 487.5229
116.4294 487.0229
115.1494 485.3229
115.1494 485.3229
114.2094 484.6729
114.2094 484.6729
112.6094 483.4729
112.8094 482.6229
111.0794 483.2129
110.6094 483.9529
109.5194 483.5529
106.6394 480.6429
105.7794 480.9329
103.5894 480.1229
102.1494 478.6629
 98.8194 478.0329
 97.7994 478.5729
 96.9794 478.2629
 96.9794 478.2629
 96.6694 478.7529
 97.4894 481.2029
 97.4894 481.2029
 97.7194 481.9029
 97.7194 481.9029
 98.1094 482.3529
 97.2094 483.2329
 98.6994 484.0929
 98.6594 484.6929
 99.6394 484.7529
 99.8694 485.4529
 98.1494 486.0229
 98.3794 486.7229
 97.0494 487.7429
 97.4394 488.1929
 97.0494 489.8729
 95.6494 489.9429
 94.5994 491.0529
 92.7794 491.2629
 89.3994 489.6629
 87.1794 490.3129
 87.1794 490.3129
 85.4094 491.3029
 87.4794 492.1429
 89.3994 494.3829
 92.1694 496.7029
 93.2694 497.0129
 94.0094 499.1329
 96.1094 500.7829
 96.1894 502.6429
 97.6794 503.9629
 97.6094 504.8829
103.3694 505.1729
104.0694 505.8029
104.7394 505.6529
105.9194 507.0729
107.7494 507.6329
107.4394 506.5229
108.5294 505.5729
110.8494 505.5529
114.0894 506.6629
116.0594 507.7529
119.0994 511.1129
121.9294 512.4029
125.9594 515.8429
128.3494 518.7429
132.8294 521.8029
135.8594 523.0229
136.9894 524.6629
139.0594 525.5529
140.5594 525.6229
142.0094 525.3729
143.9794 527.5529
144.4094 526.7229
145.3194 526.7529
147.6694 529.2929
149.2094 529.5629
153.3294 536.3929
155.2394 537.7729
158.2594 538.0829
160.6194 539.7329
163.2994 543.7029
164.5494 544.1729
168.1794 547.6129
171.5194 553.0829
176.4794 553.0229
176.4094 554.1129
175.4394 554.0929
177.2694 556.5629
180.5694 558.0129
181.7494 557.8529
183.6094 558.5329
189.6294 562.6129
195.2494 568.1329
198.2594 573.3829
202.5994 577.7229
205.7494 582.6429
208.4894 589.4529
208.8094 591.5029
209.8394 592.0329
212.2394 597.4229
213.3494 605.6529
214.8094 609.7229
215.6994 610.5029
216.6194 615.7929
218.0994 617.2829
218.4694 618.7929
218.7694 620.9029
218.2594 621.6229
218.1994 624.4429
218.6594 624.8329
221.7094 624.5429
223.3094 625.7429
226.7094 625.1229
228.3694 626.0429
234.5294 631.9829
238.7594 640.4029
241.8794 643.4929
243.5194 654.8229
243.2194 657.9229
243.7294 661.7529
243.1994 668.5829
244.3894 669.8329
244.4794 671.1029

