462 605

Ash_Shāriqah
35
254.3307 511.2660
254.1107 509.9760
254.1107 509.9760
253.6807 509.1160
253.6807 509.1160
253.4907 509.2060
253.4907 509.2060
251.4207 509.7560
249.0507 510.0760
248.1907 511.1560
248.1907 512.1260
249.3807 513.0960
249.4907 515.1460
248.6307 516.8760
247.7707 517.9560
247.6607 518.9260
247.6607 518.9260
247.6907 519.6360
247.6907 519.6360
248.7407 519.7860
250.0307 519.2460
251.0007 517.8460
251.0007 517.8460
251.5607 517.2860
251.5307 516.6960
251.5307 516.6960
251.4407 515.7660
252.9407 514.2860
252.9407 514.2860
253.1307 514.2760
252.2907 513.3160
252.2907 513.3160
252.4007 512.1260
252.4007 512.1260
253.3707 511.8060

Ash_Shāriqah
6
256.3807 534.3360
256.3807 533.3660
255.4107 532.8260
254.4407 533.2560
254.4407 534.1160
255.4107 534.7660

Ash_Shāriqah
42
258.6107 541.6860
259.9507 542.8860
259.9507 542.8860
260.1007 541.9260
259.9907 540.9560
259.6807 540.2860
259.5707 539.6860
259.1407 539.5960
259.0307 539.1860
259.1307 538.6560
259.2907 538.3860
259.5807 538.1360
259.7707 538.0460
259.8807 538.1860
260.0607 538.2260
259.8707 538.6360
260.0607 538.7760
260.2107 538.3660
260.6607 538.0860
260.5307 537.6960
260.9507 537.3060
260.9307 537.2160
260.6707 537.1060
260.6707 536.9460
260.9007 536.7360
260.9807 536.5260
260.7507 536.4160
260.6007 536.1860
260.3107 535.9760
260.3107 535.8360
260.4207 535.7260
260.4207 535.7260
259.0707 534.8760
258.4607 534.4160
258.1907 534.0960
258.1907 534.0960
258.1007 535.8560
258.1007 535.8560
257.6707 537.2560
257.9907 538.8760
257.8107 540.6860
257.8107 540.6860

Ash_Shāriqah
5
260.0807 517.5060
260.1907 517.4360
260.2107 516.5360
260.1507 516.4860
259.8007 516.6760

Ash_Shāriqah
28
259.6807 521.4060
259.8907 518.4260
260.1607 517.8260
259.8107 516.7860
259.7007 516.7360
259.7007 516.6460
259.9607 516.5760
260.0907 516.3160
260.0907 515.9260
260.3007 515.5560
260.5707 514.4960
260.5707 514.4960
259.3507 514.3660
259.3507 514.3660
258.7307 514.1360
258.4407 513.6760
258.3307 513.1960
258.3307 513.1960
257.5707 513.6460
257.5707 513.6460
256.1307 513.8360
256.1307 513.8360
256.2707 515.7960
256.2707 517.3060
255.0807 519.3560
255.0807 520.5460
255.9407 521.4060
257.7707 521.5160

Dubayy
25
250.0707 504.7760
249.7907 504.2160
249.6207 503.4760
249.6107 502.7760
249.6107 502.7760
249.4107 501.9660
249.2607 501.7360
247.9807 501.3560
247.7707 500.8060
247.5307 499.7260
247.2107 499.4760
245.7707 499.0160
244.5007 499.1760
243.9907 499.1360
242.7507 499.4760
242.2207 499.9360
242.2207 499.9360
244.0007 501.9560
244.9607 504.4760
244.9607 504.4760
245.2807 504.5160
245.2807 504.5160
245.6407 504.6860
246.0407 504.7560
247.1007 504.6360

Al_Fujayrah
74
260.4807 535.6860
260.5807 535.6160
260.4407 535.2960
260.3807 533.1360
259.9907 531.8260
259.7207 529.9860
259.5907 527.6660
259.6707 526.9960
259.4607 525.7760
259.5207 524.5560
259.4707 523.6560
259.6207 523.0060
259.5707 521.8760
259.5907 521.7160
259.6907 521.7160
259.6907 521.4160
259.6907 521.4160
257.7907 521.5160
255.9607 521.4060
255.1007 520.5460
255.1007 519.3560
256.2907 517.3060
256.2907 515.7960
256.1407 513.8360
256.1407 513.8360
255.9607 513.8560
255.9607 513.8560
255.1007 514.1760
255.1007 514.1760
252.9407 514.2860
252.9407 514.2860
251.4407 515.7660
251.5307 516.6960
251.5307 516.6960
251.5607 517.2860
251.0007 517.8460
251.0007 517.8460
250.0307 519.2460
248.7407 519.7860
247.6907 519.6360
247.6907 519.6360
247.7707 521.5160
247.7707 521.5160
247.7707 526.0460
248.5207 528.5260
248.6307 529.7160
250.7607 530.8160
250.7607 530.8160
250.8207 530.6060
251.0107 530.4160
251.6107 530.1460
251.6107 530.1460
253.6907 529.7360
254.1107 529.7360
254.5107 529.8560
254.5107 529.8560
255.3007 530.6360
256.4407 531.2860
256.4407 531.2860
256.8307 531.5660
256.8307 531.5660
257.4607 531.8460
257.6507 532.0960
257.6507 532.0960
257.8407 532.3960
257.9207 532.7860
257.9207 532.7860
257.9807 533.6560
258.2107 534.0860
258.2107 534.0860
258.4807 534.4060
259.0907 534.8660
260.4407 535.7160
260.4407 535.7160

Al_Fujayrah
32
255.4407 506.9260
255.1907 506.6060
255.1907 506.6060
254.5907 507.9760
254.4907 508.4660
254.0907 508.9260
254.0907 508.9260
253.6907 509.1160
253.6907 509.1160
254.1207 509.9760
254.1207 509.9760
254.3007 511.0460
255.8507 511.2660
257.3607 511.1560
257.3607 511.1560
258.3307 510.9360
258.6107 510.7260
258.6107 510.7260
258.6807 509.9260
258.6807 509.9260
258.6407 509.4260
258.6407 509.4260
258.3107 509.0060
257.8507 508.7660
257.8507 508.7660
256.0607 508.2960
256.0607 508.2960
256.0607 508.2960
256.0607 508.2960
255.8007 507.5160
255.6007 507.1760
255.6007 507.1760

Al_Fujayrah
210
247.8807 557.8560
248.6307 558.0860
249.4407 558.0860
250.4107 557.2760
250.6507 556.5460
251.0607 555.9760
251.6307 555.4860
252.2807 555.1660
253.0707 555.0960
253.0707 555.0960
254.4207 556.3060
254.5207 555.7760
254.8307 555.1860
255.6207 554.5160
255.7707 554.5560
255.7207 554.8560
255.9107 554.9760
255.9607 554.9260
255.8007 554.8060
255.8307 554.6860
256.2807 554.8460
256.2607 554.9860
256.0007 555.1060
256.0807 555.1560
256.4807 554.8560
256.7707 554.8360
258.0707 554.2660
258.2007 554.3060
258.7607 554.1660
258.9707 553.9160
259.3107 554.0260
259.4507 553.9060
259.5307 553.2160
259.3407 551.7760
259.4707 550.8160
259.7907 550.4060
259.7307 550.1060
259.9607 549.8360
260.2307 549.7460
260.2907 549.4660
260.2907 548.9560
259.8707 547.8260
259.8307 547.2960
259.6807 547.1860
259.6507 546.9860
259.8307 546.7360
259.8807 546.4360
259.8007 546.2560
259.9307 545.9760
259.8207 545.7960
259.8007 545.5660
259.9007 545.3860
259.7107 544.5360
259.6507 543.7760
259.7607 543.2660
260.0307 543.1760
259.9707 542.8760
259.9707 542.8760
258.6307 541.6760
258.6307 541.6760
257.6807 540.4760
257.2507 540.1360
256.7407 539.8560
255.0407 539.2960
254.5607 538.9760
254.2907 538.5860
254.1607 538.0060
254.1607 538.0060
254.0807 536.8160
253.8907 536.3760
252.4407 535.6660
251.7307 535.4860
250.7607 535.4860
250.7607 535.4860
250.2007 535.6660
250.0907 535.8760
250.4407 536.4760
250.3907 536.6160
248.1707 537.2360
247.4107 537.1660
246.4107 536.2660
245.8907 536.0560
245.6607 535.7060
245.6307 535.5160
245.7607 535.4460
246.1007 535.4060
246.9207 535.5660
247.1907 535.5460
247.3807 535.4560
247.6907 534.9060
248.2907 534.7460
249.1307 534.8360
249.2407 534.7660
249.2707 534.6260
248.8507 533.8160
248.6707 533.6260
248.0707 533.3760
246.8107 533.1060
246.7007 532.9260
246.7007 532.5860
247.0707 531.5060
246.9907 530.8560
246.8407 530.7360
246.3607 530.6860
245.9907 529.7660
245.5707 529.5360
245.0407 529.4260
244.3207 529.5860
243.7907 529.7960
243.3107 530.2760
243.0207 530.2960
242.4207 530.1560
241.8607 529.6460
241.5707 529.6260
241.1707 529.7360
240.7807 530.0060
240.1207 530.2760
238.6407 530.1660
238.0407 530.2360
238.0407 530.2360
238.0707 530.8060
238.3807 531.8360
238.0907 532.8060
237.5307 533.8460
238.1907 534.4660
238.4207 534.5760
238.7307 534.5560
239.3107 535.1960
239.3407 535.5160
239.1607 536.2460
239.0307 536.4260
237.8707 537.0260
238.1907 538.0860
238.7907 539.3660
238.7907 539.7060
238.9207 540.1660
238.9207 540.1660
239.3407 539.8960
239.6507 539.5460
239.7607 539.1160
240.0707 538.7260
240.4607 538.5360
242.1007 538.2560
243.3407 537.6560
244.0007 537.5660
244.9707 537.9160
245.2307 538.1860
245.4407 538.8060
245.6507 539.1060
245.7807 539.1560
246.6707 538.7860
246.9807 538.8960
247.1907 539.3760
247.3007 539.9460
247.1907 541.6260
247.0907 541.7360
246.8007 541.7160
245.5007 541.3260
245.1107 541.3460
244.5507 541.6260
244.5207 542.0660
244.2007 542.4960
244.2007 542.8160
245.8307 544.3960
246.2807 545.0360
246.5107 545.6160
246.4907 545.9660
246.1707 546.2360
245.4607 547.2860
244.7807 547.9460
244.4307 547.9760
244.1107 547.8360
243.3107 547.1660
242.5707 546.8860
241.3507 547.0460
239.8507 546.8160
239.3807 546.8360
238.8607 547.1160
238.1707 547.1660
237.9307 547.2760
237.6107 549.3660
237.1407 550.7660
237.3507 551.1960
236.8507 552.6860
236.9107 553.5960
237.2007 553.9860
237.4907 554.1960
237.8907 554.2660
238.3707 554.1560
238.7707 553.8860
239.3307 553.9260
239.7607 554.1760
240.1607 554.2260
240.7207 554.4960
240.9607 554.8160
241.2007 555.7060
241.5407 556.0460
242.0707 556.3460
242.7607 557.0160
243.0007 557.0560
243.4207 556.5260
243.8107 556.4160
244.2007 556.5260
244.5407 556.7260
244.8607 557.0460
245.2307 557.2260
246.5807 557.1560
247.3207 557.3860
247.8707 557.9660
247.8707 557.9660

Ra’s_al_Khaymah
9
241.3007 575.4860
240.9607 574.7060
241.0407 574.4260
240.4007 572.9160
240.3007 572.8460
240.1907 572.9360
240.1307 573.1460
240.4507 573.7860
241.0507 575.3860

Ra’s_al_Khaymah
142
238.0407 530.2260
238.6407 530.1560
240.1207 530.2660
240.7807 529.9960
241.1707 529.7260
241.5707 529.6160
241.8607 529.6360
242.4207 530.1460
243.0207 530.2860
243.3307 530.2460
243.8107 529.7660
244.3407 529.5560
245.0607 529.3960
245.5907 529.5060
246.0107 529.7360
246.3807 530.6560
246.8607 530.7060
247.0107 530.8260
247.0907 531.4760
246.7207 532.5560
246.7207 532.8960
246.8307 533.0760
248.0907 533.3460
248.6907 533.5960
248.8707 533.7860
249.2907 534.5960
249.2607 534.7360
249.1507 534.8060
248.3107 534.7160
247.7107 534.8760
247.4007 535.4260
247.2107 535.5160
246.9407 535.5360
246.1207 535.3760
245.7807 535.4160
245.6507 535.4860
245.6807 535.6760
245.9107 536.0260
246.4307 536.2360
247.4307 537.1360
248.1907 537.2060
250.4107 536.5860
250.4607 536.4460
250.1107 535.8460
250.2207 535.6360
250.7807 535.4560
250.7807 535.4560
250.2807 534.1460
250.6807 531.0660
250.6807 531.0660
250.7607 530.7760
250.7607 530.7760
248.6307 529.6760
248.5207 528.4860
247.7707 526.0060
247.7707 521.4760
247.7707 521.4760
247.6607 518.8860
247.6607 518.8860
247.7707 517.9160
248.6307 516.8360
249.4907 515.1060
249.3807 513.0560
248.1907 512.0860
248.1907 511.1160
249.0507 510.0360
251.4207 509.7160
253.4907 509.1660
253.4907 509.1660
254.0907 508.8860
254.0907 508.8860
254.4907 508.4260
254.5907 507.9360
255.1907 506.5660
255.1907 506.5660
254.8607 506.2160
254.8607 506.2160
254.4407 506.0960
254.4407 506.0960
254.4407 506.0960
254.4407 506.0960
253.0807 505.5360
253.0807 505.5360
253.0807 505.5360
253.0807 505.5360
252.5807 505.4060
252.5807 505.4060
252.1207 505.3160
251.1107 505.3960
250.7507 505.2960
250.7507 505.2960
250.0807 504.7360
250.0807 504.7360
248.0307 504.7760
247.1107 504.5960
246.0507 504.7160
245.6507 504.6460
245.3007 504.4660
245.3007 504.4660
244.9807 504.4260
244.6907 504.5160
244.6907 504.5160
243.7907 505.5360
243.7907 505.5360
242.5007 506.5560
241.9507 507.2660
241.9507 507.2660
242.0507 507.4260
241.9107 507.6960
241.9107 507.6960
241.6507 508.1660
241.3807 509.0460
241.3807 509.0460
241.3507 510.0360
241.3507 510.0360
241.3107 510.8960
241.0607 512.2060
240.4407 513.5460
240.4407 513.5460
239.8507 513.9160
239.8507 513.9160
238.6007 514.4860
237.5007 514.5560
237.5007 515.3360
237.2607 515.9760
236.5207 517.4760
236.0507 517.9160
235.8707 518.3060
236.0007 519.3660
235.7407 520.8860
237.1107 523.8560
237.2707 524.4060
237.4607 524.7060
237.7207 524.7760
237.7807 524.9160
237.1707 526.0260
236.2507 526.8060
236.0207 527.1460
236.0807 528.4360
236.2607 528.7760
237.9307 529.5360
238.0607 529.8560

Ra’s_al_Khaymah
11
242.0107 577.1960
242.1207 576.8960
242.0407 576.8260
241.9107 576.8660
241.8507 576.6560
241.7407 576.5860
241.5807 576.6360
241.4007 575.8560
241.1707 575.4960
241.1107 575.5660
241.7407 577.3860

Ra’s_al_Khaymah
299
248.0207 584.5460
248.6307 583.7460
248.9407 582.2960
248.9407 582.2960
248.6907 580.9060
248.7107 579.5660
248.7107 579.5660
248.9607 578.4260
248.3207 573.7560
248.3207 573.7560
247.9707 572.9260
248.0507 572.1660
247.2307 569.5060
247.2307 569.5060
247.1007 568.4760
247.1207 567.3160
248.0207 565.0060
247.5807 563.8560
247.4007 562.1260
247.4907 558.7660
247.4907 558.7660
247.6307 558.2360
247.6307 558.2360
247.8607 557.9060
247.8607 557.9060
247.3107 557.3260
246.5707 557.0960
245.2207 557.1660
244.8507 556.9860
244.5307 556.6660
244.1907 556.4660
243.8007 556.3560
243.4107 556.4660
242.9907 556.9960
242.7507 556.9560
242.0507 556.2960
241.5207 555.9960
241.1807 555.6560
240.9407 554.7660
240.7007 554.4460
240.1407 554.1760
239.7407 554.1260
239.3107 553.8760
238.7507 553.8360
238.3507 554.1060
237.8707 554.2160
237.4707 554.1460
237.1807 553.9360
236.8907 553.5460
236.8307 552.6360
237.3307 551.1460
237.1207 550.7160
237.5907 549.3160
237.9107 547.2260
238.1507 547.1160
238.8407 547.0660
239.3607 546.7860
239.8307 546.7660
241.3307 546.9960
242.5507 546.8360
243.2907 547.1160
244.0907 547.7860
244.4107 547.9260
244.7607 547.8960
245.4407 547.2360
246.1507 546.1860
246.4707 545.9160
246.4907 545.5660
246.2607 544.9860
245.8107 544.3460
244.1807 542.7660
244.1807 542.4460
244.5007 542.0160
244.5307 541.5760
245.0907 541.2960
245.4807 541.2760
246.7807 541.6660
247.0707 541.6860
247.1707 541.5760
247.2807 539.8960
247.1707 539.3260
246.9607 538.8460
246.6507 538.7360
245.7607 539.1060
245.6307 539.0560
245.4207 538.7560
245.2107 538.1360
244.9507 537.8660
243.9807 537.5160
243.3207 537.6060
242.0807 538.2060
240.4407 538.4860
240.0507 538.6760
239.7407 539.0660
239.6307 539.4960
239.3207 539.8460
238.9007 540.1160
238.9007 540.1160
238.2207 540.4560
237.9107 540.7560
237.6007 540.8260
236.8907 540.7560
236.7007 540.5560
236.5507 539.8260
236.5207 538.3060
235.9107 537.0660
235.5907 536.6060
234.9107 537.4760
234.2207 538.7660
233.6207 539.4760
232.3807 540.4660
231.4307 540.8560
231.2707 541.1560
231.6107 541.5660
232.1307 541.9160
232.7607 542.6560
232.7007 543.1660
230.1207 545.4860
229.5707 546.1260
229.2507 546.9560
229.2307 548.0360
229.4107 549.8060
229.3107 550.7660
228.9907 551.7460
227.8007 553.8560
227.5407 555.7560
227.4107 556.1960
227.1507 556.5160
226.6507 556.5860
225.6707 556.4260
225.1907 556.5460
224.2307 557.8760
225.4007 559.3460
225.6707 559.8960
225.9907 559.9360
226.3007 559.7060
226.5307 559.7060
226.5007 559.8860
226.2907 559.9060
226.3407 560.2460
226.8907 560.1560
226.9907 560.4560
226.4907 560.5460
226.3007 560.7260
226.1507 560.5260
226.1807 560.2760
225.9907 560.2260
225.8607 560.0160
225.7507 560.0360
226.0907 560.7660
226.2207 560.8360
226.3507 560.7860
227.0107 561.7260
227.1207 562.0660
227.2707 562.0860
227.3507 561.8560
227.1107 561.5560
227.0807 561.3760
227.3707 561.2360
227.2707 561.5060
229.1507 561.3960
229.7007 561.5560
229.8007 561.6760
230.4807 561.6960
231.3707 562.2160
232.9007 563.4960
233.5107 564.1760
233.9307 564.8560
235.1007 566.0660
235.3307 566.5460
235.4407 566.6860
235.6307 566.7360
235.8607 567.2660
235.8107 567.5160
235.8907 567.6560
235.9507 567.6560
236.0507 567.2960
236.0707 566.9360
236.0107 566.8460
236.1207 566.2760
235.8507 566.1160
235.5907 565.7060
235.3307 565.5460
235.2707 565.1060
235.5407 565.0560
235.4907 565.3260
235.5507 565.3960
235.6307 565.3760
235.7307 565.1660
235.8107 565.2060
235.7807 565.4860
235.9407 565.5060
236.3107 565.8260
236.5407 565.5560
236.8607 565.6260
236.7807 566.0360
236.2607 566.1760
236.2007 566.3560
236.2807 566.4460
236.8907 566.2660
236.9707 566.5660
236.1507 566.6360
236.1007 566.7260
236.2407 567.1360
236.1107 567.5460
236.3007 567.5660
236.5907 567.9360
236.7707 568.0260
236.7507 568.1460
236.9007 568.2860
237.2907 568.4660
238.0507 569.7860
238.6107 570.5160
239.0007 571.3660
239.1507 571.4860
239.2107 571.4160
239.1307 571.3660
239.1507 571.1860
238.9907 571.0460
238.8907 570.7060
238.1207 569.7660
237.8007 568.9960
237.4107 568.5360
237.3807 568.3560
237.0107 568.2660
236.9607 568.1260
237.1507 568.1060
237.7107 568.3160
237.7607 568.4760
237.7007 568.6160
238.0707 568.8460
238.2507 569.0960
238.3807 569.5560
239.0607 570.5860
239.0907 570.9260
239.2207 570.9760
239.2407 570.8660
239.4507 570.9060
239.4807 571.1060
239.3507 571.2160
239.4107 571.3060
239.5707 571.1860
239.6507 571.5560
239.5707 571.6660
239.4607 571.6660
239.4607 571.7760
239.7207 572.3760
240.0907 572.3960
240.2507 572.2360
240.7807 572.1860
241.0107 572.3860
241.1907 572.3460
241.2907 572.1660
241.5307 572.3460
241.5607 572.6660
241.3807 572.7060
241.6707 573.0460
241.5607 573.5960
241.6107 573.7060
241.9807 573.7560
242.0307 573.9860
241.8707 574.3060
241.7707 574.8260
241.8307 574.9660
241.9407 574.9160
242.0207 575.0260
241.8607 575.2760
242.0107 575.4360
242.0607 575.7360
242.2007 575.7160
242.3107 575.8060
242.3707 576.0860
242.3207 576.5260
242.2207 576.6360
242.2207 576.9760
242.3007 577.0860
241.8307 577.4560
241.8807 577.9060
241.5407 577.9960
241.5107 578.5960
241.5907 578.6160
241.6507 578.4360
241.6707 578.0760
242.0107 578.0760
242.3307 578.5560
242.6007 578.7360
242.7307 579.0060
242.9707 579.0560
243.5207 581.1760
243.5207 581.4760
243.7107 581.9560
243.6907 582.3860
244.0607 584.0960
244.4007 584.4860
244.5107 584.5160
244.5107 584.5160
245.3607 584.3360
245.3607 584.3360
246.5207 584.7760

Neutral_Zone
33
242.2207 499.9360
241.9907 500.1560
241.9207 500.6860
241.7907 500.7860
241.9507 501.0960
241.8707 501.2760
241.5007 501.5560
241.1307 502.0460
240.4707 503.3960
240.3607 503.7560
240.4207 504.9560
240.3007 505.1560
238.7307 506.4660
238.0707 507.4460
237.8307 508.2260
237.9207 508.5060
238.1607 508.7660
238.8107 509.0360
239.2207 509.0460
239.7407 508.9160
240.4107 508.5560
240.6907 508.1860
241.9307 507.3160
241.9307 507.3160
241.9307 507.3160
241.9307 507.3160
242.4807 506.6060
243.7707 505.5860
243.7707 505.5860
244.6707 504.5660
244.6707 504.5660
244.9607 504.4760
244.9607 504.4760

Neutral_Zone
24
258.5907 510.7360
258.3207 510.9460
257.3507 511.1560
257.3507 511.1560
255.8407 511.2660
254.2907 511.0460
254.3307 511.2660
253.3607 511.8060
252.3907 512.1260
252.3907 512.1260
252.2807 513.3160
252.2807 513.3160
253.1207 514.2760
255.0807 514.1760
255.0807 514.1760
255.9507 513.8560
255.9507 513.8560
257.5607 513.6360
257.5607 513.6360
258.3307 513.1860
258.3307 513.1860
258.3207 513.1460
258.3207 513.1460
258.5407 511.1860

Al_Bāţinah_North
175
326.2107 441.7960
324.3007 439.0860
321.6007 435.6760
319.4507 433.1360
318.0707 432.3660
316.3107 432.3160
312.9007 431.5960
311.9607 430.7160
311.0207 429.2260
310.2007 428.3960
309.0407 428.3460
307.4407 428.5060
306.8907 428.0160
306.5107 427.0760
305.6807 426.8060
303.9207 426.7460
302.6007 426.5860
301.0507 424.9860
298.4307 422.7760
298.4307 422.7760
297.1707 423.2860
290.4807 423.5360
289.3507 424.5460
288.9707 425.9360
288.2107 426.9460
286.9807 427.6860
286.4407 429.7160
287.7107 430.4760
286.9507 431.3660
285.8807 431.8560
284.0507 431.7360
282.7907 432.4960
281.1407 432.8760
279.5007 432.4960
277.2307 432.2460
276.2207 431.7360
274.3307 431.9960
273.1907 433.2560
272.3107 433.8860
271.4307 435.1460
271.0507 437.4160
270.6707 438.5560
267.7707 440.0660
267.1407 441.7060
266.8807 445.4960
266.1307 447.0060
264.7407 447.2660
263.8507 448.2760
262.5907 448.6560
261.7107 449.6560
260.4507 451.6760
259.3107 452.1860
259.3107 452.1860
259.0607 453.6960
260.0707 454.7060
260.8307 455.7160
260.4507 457.3560
259.4407 457.9860
257.9207 458.7460
256.9107 458.9960
255.7407 460.5260
254.9307 461.8560
253.9707 462.9760
254.1307 464.2560
254.7707 465.3660
255.6607 470.0560
256.5207 471.7460
256.5207 473.6660
258.4407 475.5760
260.3507 475.5760
259.5607 477.3360
258.1207 478.7660
256.6807 479.2460
252.9307 479.3360
253.3307 482.1260
253.6507 485.9460
254.9307 487.7060
253.8107 489.6160
252.7007 490.7360
251.9007 492.3360
251.4207 494.4060
250.4607 495.6860
251.4207 497.5960
252.5407 498.0760
251.9007 499.6660
251.5807 501.4260
250.4607 501.4260
249.6107 502.7760
249.6107 502.7760
249.6207 503.4760
249.7907 504.2160
250.0707 504.7760
250.0707 504.7760
250.7407 505.3360
250.7407 505.3360
251.1007 505.4460
252.1107 505.3560
252.5707 505.4560
252.5707 505.4560
254.8507 506.2560
254.8507 506.2560
255.6007 507.1760
255.6007 507.1760
255.8007 507.5260
256.0607 508.3060
257.8407 508.7860
257.8407 508.7860
258.3007 509.0260
258.6307 509.4460
258.6307 509.4460
258.6707 509.9460
258.6707 509.9460
258.5407 511.1860
258.5407 511.1860
258.3207 513.1460
258.3207 513.1460
258.4407 513.6660
258.7307 514.1260
259.3407 514.3660
259.3407 514.3660
260.5707 514.4860
260.5707 514.4860
261.4207 511.4560
261.6607 510.7460
261.8007 510.5560
262.0307 509.6760
262.2407 509.5260
262.2907 508.9660
262.4207 508.5960
262.6107 508.4560
263.6607 505.7560
264.4407 504.5360
265.2807 502.9560
265.6207 501.6660
265.9607 500.8760
266.2507 499.0760
267.5507 496.4160
267.9407 495.3960
269.9607 491.6460
270.1907 490.9860
270.4007 490.7960
271.2707 489.2960
271.9607 488.3860
275.3507 483.0760
277.1407 481.1760
278.8307 479.5360
279.7307 478.8560
279.8307 478.6460
280.2207 478.5760
280.5407 478.3460
281.4507 476.7460
282.0707 475.9560
282.3207 475.4660
285.6507 470.5660
286.4907 469.1060
288.4407 466.4360
289.4707 465.3360
290.1807 463.7760
290.4307 463.6260
290.6307 463.1960
291.3207 462.1560
293.0707 460.0560
294.0907 458.9860
296.2307 457.1260
298.0907 455.6360
298.4007 455.4960
298.5507 455.5260
299.9507 454.2360
301.5407 452.9560
302.2607 452.1160
304.0507 450.5060
304.7307 449.9760
306.2407 449.0460
309.2607 447.5760
312.8207 446.1960

Al_Bāţinah_South
101
298.4307 422.7760
301.0507 424.9860
302.6007 426.5860
303.9207 426.7460
305.6807 426.8060
306.5107 427.0760
306.8907 428.0160
307.4407 428.5060
309.0407 428.3460
310.2007 428.3960
311.0207 429.2260
311.9607 430.7160
312.9007 431.5960
316.3107 432.3160
318.0707 432.3660
319.4507 433.1360
321.6007 435.6760
324.3007 439.0860
326.2107 441.7960
326.2107 441.7960
327.7507 441.2060
330.8307 439.7960
334.5907 438.6860
336.5707 438.2360
338.8707 437.9560
340.3207 437.9560
341.6907 438.3260
342.6607 438.9360
342.6907 438.1660
343.0307 437.4860
344.0107 436.4360
346.6007 434.8560
347.6507 434.4560
349.8307 434.1760
352.0407 434.1760
355.6807 434.5260
355.6807 434.5260
355.6007 430.1660
354.3407 425.7460
355.4807 425.3660
356.8707 423.7260
356.8707 423.7260
357.2207 423.7560
356.8707 422.5860
356.3607 421.4560
355.7307 420.3160
355.7307 420.3160
354.3407 419.3060
354.3407 418.0460
354.3407 418.0460
355.1007 417.1660
355.1007 416.1560
355.1007 416.1560
352.0707 416.0260
352.0707 416.0260
350.9307 415.0160
349.9207 414.7660
349.9207 414.7660
349.0407 415.2660
349.0407 415.2660
347.9107 415.3960
347.4007 413.5060
347.4007 413.5060
347.0207 412.1160
346.1407 410.7260
345.0007 409.8460
343.8707 409.4660
344.2507 408.5860
345.1307 407.6960
344.7507 406.6860
344.1207 405.8060
343.1107 405.5560
342.3507 404.7960
341.9607 403.5860
340.8907 401.5960
340.0407 399.0660
337.5107 398.0060
335.1907 399.2760
331.3907 399.0660
328.6507 400.7460
326.1207 400.3260
322.5307 399.9060
319.1507 399.6960
317.2507 400.9660
315.3507 401.1760
312.8207 402.0160
311.5607 403.0660
311.3507 405.6060
308.8107 407.0760
308.6007 408.9760
304.8107 410.4560
303.2507 411.5960
302.3107 412.5660
300.5207 413.2160
300.5207 413.2160
300.1607 413.8360
300.1607 413.8360
299.1107 415.5160
298.6907 417.6260
296.5807 418.4760
297.8107 420.9360

Al_Buraymī
235
241.3607 509.0960
241.6407 508.2160
241.8907 507.7460
241.8907 507.7460
242.0407 507.4760
241.9307 507.3160
241.9307 507.3160
240.6907 508.1860
240.4107 508.5560
239.7407 508.9160
239.2207 509.0460
238.8107 509.0360
238.1607 508.7660
237.9207 508.5060
237.8307 508.2260
238.0707 507.4460
238.7307 506.4660
240.3007 505.1560
240.4207 504.9560
240.3607 503.7560
240.4707 503.3960
241.1307 502.0460
241.5007 501.5560
241.8707 501.2760
241.9507 501.0960
241.7907 500.7860
241.9207 500.6860
241.9907 500.1560
242.2207 499.9360
242.2207 499.9360
242.7507 499.4760
243.9907 499.1360
244.5007 499.1760
245.7707 499.0160
247.2107 499.4760
247.5307 499.7260
247.7707 500.8060
247.9807 501.3560
249.2607 501.7360
249.4107 501.9660
249.6107 502.7760
249.6107 502.7760
250.4607 501.4260
251.5807 501.4260
251.9007 499.6660
252.5407 498.0760
251.4207 497.5960
250.4607 495.6860
251.4207 494.4060
251.9007 492.3360
252.7007 490.7360
253.8107 489.6160
254.9307 487.7060
253.6507 485.9460
253.3307 482.1260
252.9307 479.3360
256.6807 479.2460
258.1207 478.7660
259.5607 477.3360
260.3507 475.5760
258.4407 475.5760
256.5207 473.6660
256.5207 471.7460
255.6607 470.0560
254.7707 465.3660
254.1307 464.2560
253.9707 462.9760
254.9307 461.8560
255.7407 460.5260
256.9107 458.9960
257.9207 458.7460
259.4407 457.9860
260.4507 457.3560
260.8307 455.7160
260.0707 454.7060
259.0607 453.6960
259.3107 452.1860
259.3107 452.1860
257.0007 451.9660
255.2507 450.8460
252.5407 450.8460
250.6207 449.8960
248.3907 450.0560
246.6307 450.6960
243.0807 450.5760
239.7507 448.3160
241.8507 444.4660
243.1207 441.2760
240.5707 441.1160
238.1807 440.4760
235.9407 439.3660
235.1507 436.8060
235.4607 434.0960
236.4207 432.5060
237.2207 430.2660
238.8207 427.7160
240.2507 425.6460
239.2907 424.3660
239.2907 422.2960
238.1807 421.3360
234.8307 421.0160
231.6407 420.0560
229.0807 419.1060
226.0507 416.8660
223.5007 415.4360
221.1107 413.1960
218.7107 411.9260
214.7207 411.6060
210.5807 411.6060
207.2307 411.7660
202.8107 412.1760
202.8107 412.1760
203.6207 415.3660
204.3107 419.3660
204.6407 419.9560
205.5807 421.1360
206.9407 422.4260
207.8107 423.0660
208.2707 423.6260
208.5807 424.1960
208.8207 425.3260
209.3107 426.8960
209.5607 428.8660
209.6207 430.2260
209.9107 431.2960
210.6007 432.9760
211.0207 433.7160
213.0607 436.1960
213.8507 437.3960
214.0507 438.0460
214.0707 438.6460
213.6507 441.3260
213.8907 444.5460
213.7107 445.1860
213.4307 445.7160
212.8607 446.0160
212.3607 446.4360
211.4907 446.7260
210.7507 447.1660
209.5307 447.9660
209.0607 448.3860
208.8707 449.1960
208.7607 450.3860
209.4507 450.5860
211.6207 450.7660
212.4107 450.9960
212.9007 451.3560
213.6007 451.5760
215.7807 452.5760
215.0207 452.5860
216.6907 453.8360
217.3907 454.1860
218.1207 454.3860
222.0807 454.2360
222.9507 453.9760
223.5207 453.9360
224.2207 454.0460
225.9707 454.7960
226.5707 454.7160
226.8807 454.2260
228.2407 453.2360
228.8007 453.1660
229.3807 453.3860
233.1007 455.3160
239.3307 456.9160
239.9107 457.1460
240.2307 457.3960
240.0507 458.1960
238.7107 460.6160
237.5807 462.0360
237.2107 464.9260
236.8007 465.2860
236.6207 465.5760
236.4207 466.2160
236.5007 466.8360
235.9507 467.4860
233.8007 467.3660
232.0207 466.4660
231.4307 466.0660
231.0107 465.9760
230.6007 465.9960
229.7507 466.5160
228.8607 466.9360
227.9607 466.7960
227.1007 466.7860
226.6107 466.9060
226.2907 467.0960
226.0807 467.3660
226.1007 467.7160
226.7407 469.8460
228.0607 471.9360
229.3007 473.6860
229.3907 474.8760
229.3107 477.1560
229.1707 477.8860
228.5607 478.6960
227.4807 479.6460
227.1107 479.8460
226.9807 480.8660
227.1307 481.8160
227.0707 485.0760
226.7007 486.0160
226.6807 486.7360
226.4107 487.6960
226.5407 488.6360
228.0907 489.5860
228.1807 490.0960
228.0007 491.1760
228.0307 491.9760
229.5507 493.4060
229.7607 494.1060
228.6007 496.8660
228.2307 498.3760
228.6307 500.1860
228.6607 501.1360
228.3107 502.1960
228.0207 504.0460
227.7007 505.4460
227.6107 506.1660
227.7007 507.4660
227.8807 508.0460
228.1807 508.4960
231.1007 512.3160
233.2907 513.7460
235.0907 514.5960
236.4107 514.8260
237.4807 514.5960
238.5807 514.5360
239.8307 513.9660
239.8307 513.9660
240.4207 513.5960
240.4207 513.5960
241.0407 512.2560
241.2907 510.9460
241.3307 510.0860

Ad_Dākhilīyah
123
358.3807 423.8560
361.2807 424.1060
362.5307 418.8460
365.7407 419.2760
365.9507 417.7960
366.7107 417.2860
367.2107 416.0260
368.6007 414.5160
369.3607 412.8760
369.3607 412.8760
369.9907 411.2360
371.3007 409.8260
371.3007 409.8260
372.3907 405.9960
373.4007 403.3460
373.4007 403.3460
374.0307 400.3160
374.0307 400.3160
374.2807 397.0360
373.5207 395.5160
372.1407 395.3960
371.6307 396.1460
369.7407 395.6460
367.9707 394.6360
366.5807 394.0060
364.3107 393.5060
362.8007 391.9860
361.1607 391.4860
359.0107 391.2260
356.9907 389.9660
355.4807 388.0760
353.5807 386.0560
352.0707 384.0360
352.2007 378.7360
350.3007 378.2260
349.1707 376.8460
353.6907 280.5260
353.6907 280.5260
353.6907 280.5260
353.6907 280.5260
354.6007 258.7460
354.6007 258.7460
354.6007 258.7460
354.6007 258.7460
271.6807 290.1860
271.6807 290.1860
276.0207 319.2360
279.0607 335.1260
280.1207 344.4160
282.0207 353.9060
282.6507 358.3360
281.5907 359.3960
281.8107 362.7660
286.0307 378.8060
287.2907 384.0760
288.9807 386.4060
290.0307 391.2560
291.9307 396.3160
293.6207 394.8460
295.7307 393.7860
302.0607 400.1160
302.9107 402.6460
301.4307 405.6060
301.8507 410.8760
301.8507 410.8760
300.5207 413.2160
300.5207 413.2160
302.3107 412.5660
303.2507 411.5960
304.8107 410.4560
308.6007 408.9760
308.8107 407.0760
311.3507 405.6060
311.5607 403.0660
312.8207 402.0160
315.3507 401.1760
317.2507 400.9660
319.1507 399.6960
322.5307 399.9060
326.1207 400.3260
328.6507 400.7460
331.3907 399.0660
331.3907 399.0660
331.3907 399.0660
331.3907 399.0660
335.1907 399.2760
335.1907 399.2760
335.1907 399.2760
335.1907 399.2760
337.5107 398.0060
340.0407 399.0660
340.8907 401.5960
341.9607 403.5860
342.3507 404.7960
343.1107 405.5560
344.1207 405.8060
344.7507 406.6860
345.1307 407.6960
344.2507 408.5860
343.8707 409.4660
345.0007 409.8460
346.1407 410.7260
347.0207 412.1160
347.4007 413.5060
347.4007 413.5060
347.9107 415.3960
349.0407 415.2660
349.0407 415.2660
349.9207 414.7660
349.9207 414.7660
350.9307 415.0160
352.0707 416.0260
352.0707 416.0260
355.1007 416.1560
355.1007 416.1560
355.1007 417.1660
354.3407 418.0460
354.3407 418.0460
354.3407 419.3060
355.7307 420.3160
355.7307 420.3160
356.3607 421.4560
356.8707 422.5860

Masqaţ
247
357.4307 434.5960
360.1307 434.4960
360.7807 434.3760
362.0507 434.0360
364.4607 433.1660
365.9807 432.4860
369.1007 429.8960
370.6307 428.9160
371.2407 428.6260
373.4107 427.9060
374.5207 427.6760
376.1607 427.7360
377.4807 427.5360
379.1907 427.6960
380.2707 427.9460
382.0007 428.6260
382.5807 428.9560
382.6007 429.4260
382.8607 429.5460
382.8607 429.7260
383.0707 429.7260
383.2007 429.8660
383.2407 430.1560
383.3407 430.1760
383.5207 430.0160
383.7907 430.2660
384.2407 429.9160
384.2707 429.5160
384.6407 429.3260
385.2707 429.3560
385.3707 429.4960
385.7107 429.5160
386.1407 429.3960
386.6407 429.4660
386.7207 429.5860
386.9907 429.5660
387.4807 429.7060
387.4607 429.4260
387.7807 429.3060
387.8607 429.1660
387.6207 429.1960
387.4307 429.0960
387.3307 428.7060
387.6707 428.7260
387.8307 428.8360
388.1207 428.7760
388.2307 429.0760
388.4707 428.7760
388.5707 428.7660
388.6307 429.0060
388.7207 429.0460
389.1007 428.4860
389.2907 428.4160
389.3607 428.5660
389.3307 428.8160
389.1807 428.9860
389.2007 429.1460
389.4907 428.9860
389.5507 428.5660
389.4407 428.3260
389.5707 428.1660
389.4907 428.0660
389.5207 427.9560
389.7507 427.9760
389.7907 427.8360
389.3607 427.4360
389.3607 427.3160
389.6207 427.2660
389.7807 427.0860
389.8607 426.7760
389.7107 426.5760
389.9907 426.3660
389.9207 426.2360
390.1307 426.0060
390.2007 425.5860
390.2907 425.4760
390.7807 425.4460
391.0007 425.3260
391.2707 424.9960
391.3907 424.9960
391.5507 425.1460
391.9707 425.0760
392.0007 425.0060
391.8507 424.8860
391.9207 424.7260
392.4207 424.8660
392.5307 424.7160
392.1307 424.5860
392.0507 424.4860
392.3407 423.9660
392.8007 424.1660
392.9507 424.6260
393.0307 424.3060
393.1107 424.2060
393.2707 424.2060
393.4007 424.0360
393.3707 423.8060
394.2807 423.1260
394.5407 423.1060
395.0907 423.2760
396.5207 423.1760
396.6807 423.0160
396.6307 422.7960
396.4707 422.7760
396.4407 422.4960
396.7907 422.1960
396.5207 422.0060
396.6007 421.7660
396.7107 421.6960
396.7907 421.9860
396.8907 421.9860
396.9207 421.6760
397.0507 421.7660
397.0707 422.0260
396.8707 422.2660
396.9707 422.4460
397.2607 422.4760
397.4207 422.2160
397.9407 422.5960
398.0507 422.4760
398.4007 422.5460
398.4707 422.3060
398.2707 422.0560
398.9707 421.7960
398.9007 421.6260
398.5807 421.6560
398.7307 421.2760
399.1407 421.0160
399.3407 420.6760
399.2707 420.4160
399.3507 420.3860
399.5007 420.5060
399.8807 419.5960
399.8507 418.9160
399.7707 418.7260
399.9207 418.2860
399.9307 417.6060
400.1607 416.2460
400.9807 415.5160
401.0307 415.0860
401.3207 414.4560
402.0107 413.9260
403.1207 413.2860
403.4407 413.2160
403.8407 412.9360
404.0807 412.3660
404.6507 411.9460
404.9407 411.6160
405.1607 411.6160
405.4407 411.4560
405.8107 411.0060
405.8907 410.7560
406.1607 410.5160
407.0607 410.2360
407.5307 409.9360
407.6707 409.6460
407.5907 409.3260
407.7207 408.9960
407.9607 408.8260
407.9607 408.6860
407.8507 408.5760
407.8507 407.9860
408.1407 406.8860
408.5307 405.8260
408.8607 405.2560
409.2007 404.8660
410.1207 404.3860
410.6507 403.9860
412.1107 402.5660
412.2607 402.1860
412.3407 401.5460
412.1107 400.3760
412.4507 399.1960
413.3507 397.4060
414.4507 396.0960
415.3507 395.5960
416.0707 394.9860
416.2207 394.0760
416.5707 392.8960
417.1807 392.1160
418.3007 391.1260
418.9407 390.4060
419.4207 390.1360
419.6607 389.8160
420.6907 389.3160
422.0607 388.4060
423.5107 387.7860
423.5607 387.5760
423.9807 387.1560
424.6207 386.2860
425.3107 384.3260
409.3707 382.8360
409.3707 382.8360
409.2407 386.2460
409.2407 386.2460
410.0007 390.6660
408.7307 392.0460
407.2207 391.7960
406.4607 390.7860
406.4607 390.7860
405.0707 388.7660
403.9407 389.3960
402.1707 390.6660
400.5307 391.2960
400.5307 391.2960
398.6407 392.0460
396.8707 393.1860
396.8707 393.1860
395.2307 394.5760
395.2307 394.5760
391.5707 396.0860
390.5607 397.3460
389.0507 397.9860
387.6607 399.9960
386.5207 401.3860
386.5207 401.3860
386.0207 402.1460
385.7707 403.5360
385.7707 403.5360
380.9707 403.7860
379.4607 405.1760
377.8207 405.9360
377.8207 405.9360
376.5507 406.8160
374.9107 407.6960
373.6507 408.5860
372.6407 409.4660
372.6407 409.4660
371.2507 409.8460
369.9907 411.2360
369.3607 412.8760
369.3607 412.8760
368.6007 414.5160
367.2107 416.0260
366.7107 417.2860
365.9507 417.7960
365.7407 419.2760
362.5307 418.8460
361.2807 424.1060
358.3807 423.8560
358.3807 423.8560
356.8707 423.7260
356.8707 423.7260
355.4807 425.3660
354.3407 425.7460
355.6007 430.1660
355.6807 434.5260

Musandam
23
269.4307 604.6060
269.4807 604.3560
269.6707 604.2260
269.8807 603.9060
269.8207 603.5460
269.7407 603.4760
269.8507 603.2660
270.0607 603.4960
270.1607 603.4760
270.1807 603.2960
269.8907 603.0460
269.3307 603.0860
269.0407 602.9760
268.8107 602.7060
268.5207 602.7560
268.5707 603.0260
268.8307 603.0060
269.1007 603.2560
269.1307 603.4860
269.2607 603.6160
269.0707 604.0060
269.0707 604.2860
269.1707 604.4660

Musandam
14
265.0107 603.9260
265.2007 603.8560
265.2807 603.6060
265.6307 603.5560
265.8207 603.6960
265.8807 603.6560
265.8507 603.4460
265.6407 603.2660
265.5807 602.9760
265.4507 603.1160
264.8707 603.1660
264.6407 603.4360
264.6207 603.5460
264.7807 603.7960

Musandam
42
258.1007 535.8460
258.1907 534.0860
257.9607 533.6660
257.9007 532.7960
257.9007 532.7960
257.8207 532.4060
257.6307 532.1060
257.6307 532.1060
257.4407 531.8560
256.8107 531.5760
256.8107 531.5760
256.4207 531.2960
256.4207 531.2960
255.2807 530.6460
254.4907 529.8660
254.4907 529.8660
254.0907 529.7460
253.6707 529.7460
251.5907 530.1560
251.5907 530.1560
250.9907 530.4260
250.8007 530.6160
250.6607 531.1160
250.6607 531.1160
250.2607 534.1960
250.7607 535.5060
250.7607 535.5060
251.7307 535.5060
252.4407 535.6860
253.8907 536.3960
254.0807 536.8360
254.1607 538.0260
254.1607 538.0260
254.2907 538.6060
254.5607 538.9960
255.0407 539.3160
256.7107 539.8860
257.2307 540.1660
257.8207 540.7060
257.8207 540.7060
258.0007 538.8960
257.6807 537.2760

Musandam
6
256.3807 534.3360
255.4107 534.7660
254.4407 534.1160
254.4407 533.2560
255.4107 532.8260
256.3807 533.3660

Musandam
852
260.8107 604.6760
260.8707 604.5160
260.4207 603.3160
260.5307 603.2060
260.8007 603.2460
260.9107 603.4560
260.8907 603.7560
261.3607 603.9160
261.3807 603.3460
261.0907 602.7360
261.5107 602.8460
261.6407 603.0560
261.7007 603.4660
261.8107 603.5160
261.9907 603.4760
261.8607 602.5860
262.1707 602.6560
262.7007 603.6360
262.9307 603.3860
263.0907 603.0860
263.0407 602.7860
262.6407 602.8360
262.5907 602.7460
262.6507 602.5160
262.8307 602.4060
262.8007 602.2660
262.6207 602.2260
262.6807 601.9360
262.5507 601.5060
262.6607 601.3960
263.6607 602.1460
263.6607 602.3560
263.7407 602.3760
264.0107 601.8960
264.1107 602.1060
264.3707 602.3060
264.3407 602.1060
264.1107 601.7660
264.3707 600.7260
264.5807 600.6860
264.6607 600.8660
264.8707 600.8260
264.9207 600.7160
265.0707 600.7860
265.1207 601.1060
265.2707 601.2460
265.5407 601.3360
265.4307 600.5460
265.7707 600.4960
266.0007 600.2960
266.1507 600.6160
266.2807 600.6660
266.3307 600.5760
267.2007 600.3460
267.7607 600.5960
267.7407 600.8460
267.3707 601.1460
267.2607 601.3560
267.3607 601.6460
267.1207 601.7560
266.8007 601.7160
266.4307 602.0960
266.4507 602.3060
266.7207 602.2560
266.8307 602.0960
267.0707 602.1160
267.4207 601.9160
267.5707 601.9160
267.6307 601.9660
267.5707 602.2160
267.8307 602.2660
267.8907 602.3960
267.8907 602.4960
267.7507 602.5460
267.8107 602.6760
268.2007 602.6360
268.2207 602.5060
268.0607 602.3660
268.0307 601.6160
268.3507 601.0960
268.1107 600.5260
268.1407 600.3660
268.7707 600.3260
268.7907 600.4360
268.9707 600.4560
269.1007 600.1860
268.9907 599.8960
268.7007 599.5960
268.4607 599.5760
268.0907 599.8060
267.7207 599.5560
267.8607 600.0060
267.8007 600.1860
267.6107 600.2260
266.7907 600.0160
266.3107 600.1260
265.7507 599.9960
265.3207 599.6960
265.0807 599.3360
264.9707 599.4460
265.0007 599.6960
264.9207 599.7360
264.7607 599.5960
264.1807 599.6160
264.1607 599.4760
263.7407 599.3460
263.6607 599.5260
263.4807 599.5060
263.4307 599.1160
263.5907 599.0760
263.9907 598.1460
263.4107 598.1960
263.2007 598.5560
262.9907 598.5560
262.5907 598.4860
262.6207 598.1660
262.3607 598.3660
262.1007 598.3860
261.8907 598.1860
261.8107 597.9560
261.9507 597.5660
262.2607 597.6760
262.3207 597.4660
262.7407 597.0960
262.7607 596.9860
262.7007 596.6960
262.1407 596.6760
262.1107 596.5160
261.8207 596.5560
261.7707 596.3960
262.2907 596.0160
262.4807 595.9960
262.7707 596.1360
262.7107 595.9360
262.2607 595.7960
262.6907 595.3460
263.1907 595.4560
263.3407 595.6560
263.4407 595.5660
263.5507 595.4260
263.4907 595.2160
263.5407 594.8060
263.4407 594.6260
263.5007 594.5360
264.0107 594.7460
264.3007 594.2260
264.7007 594.0260
265.0507 594.2360
265.3407 594.3060
265.2907 594.6960
265.6007 594.6560
265.6307 594.8160
265.4407 594.9960
265.5207 595.0860
265.4107 595.5860
265.7007 595.5660
265.6807 595.2260
265.8607 594.9560
266.6007 594.9160
266.7107 595.0560
266.7907 595.0360
266.7807 594.6160
267.4707 594.7260
267.2407 594.5260
266.6107 594.3160
266.3807 594.0460
266.4107 593.9060
266.5907 593.8160
266.5607 593.0860
266.7107 592.9260
266.6907 592.7960
267.0407 592.4360
267.1007 592.1160
267.0407 591.9160
266.5107 591.7960
266.4907 591.6160
266.3307 591.6060
266.2007 591.7160
266.3307 592.2160
266.0207 592.3560
265.9107 592.2660
265.8307 592.3060
266.2807 592.8060
266.2807 593.1960
266.2007 593.4060
266.0407 593.5460
265.5907 593.6860
265.1607 593.4760
265.1807 593.2460
264.9707 593.1660
264.9907 592.7560
264.6207 592.8260
264.4707 592.7760
264.7807 592.2360
264.6407 591.9160
264.4507 592.0260
264.4307 592.1360
264.1607 592.2060
264.0607 592.0660
264.3207 591.9260
264.3707 591.8160
264.4807 590.9460
264.4507 590.4860
264.2607 590.1160
264.7607 589.6660
265.0207 589.7760
265.0207 589.9760
265.1307 590.0260
265.1807 590.3260
265.5307 590.4660
265.4707 590.1060
266.1107 590.2360
266.0507 589.9660
266.3407 589.5360
266.3107 588.8060
266.5507 588.7860
266.7107 588.9660
266.9407 589.0360
267.0007 588.8960
266.9407 588.7360
267.2107 588.4460
267.1807 588.1260
266.8307 588.3360
266.3507 587.9460
266.3007 588.0360
266.4007 588.4260
266.1607 588.6260
265.8107 588.4660
265.3107 588.4660
265.1207 588.6460
264.9307 588.6060
264.9507 588.4060
264.6907 588.3560
264.6907 588.5860
264.2707 588.5860
264.1107 588.3160
263.8207 588.1360
263.5607 588.2660
263.5407 588.5660
263.3607 588.5860
263.2307 588.7860
263.2607 589.0560
263.0207 589.5060
262.7307 589.4160
262.8307 589.8460
262.9907 589.8660
262.9907 590.0760
262.6707 590.1960
262.7207 590.4960
262.8807 590.8360
263.0307 590.7260
263.1907 590.8160
263.0407 591.1160
263.2507 591.5060
263.0107 591.8460
262.6207 591.6860
262.2407 591.2960
262.2907 591.0460
262.0607 591.0460
262.0107 591.2060
261.6707 591.1360
261.6407 590.9260
261.3807 590.8560
261.4807 590.6460
261.4307 590.2160
261.6607 590.2560
261.6807 590.0460
261.3307 589.9560
261.1507 589.3860
260.7807 589.3460
260.9407 589.7960
261.0707 589.8860
261.0907 590.3860
261.1907 590.4760
261.0307 590.6860
260.7907 590.8160
260.7107 591.0460
260.7607 591.1360
261.0807 591.1760
261.2207 591.3360
261.0807 591.4060
261.2207 591.6560
261.4707 591.6160
261.6707 591.4360
261.9407 591.4860
262.0507 591.5960
261.9907 591.7060
262.0707 591.8860
261.8407 591.9760
261.7907 592.3460
261.4807 592.4160
261.1607 592.6460
260.8907 592.6860
260.6007 592.5560
260.4907 592.1660
260.1507 592.3960
260.0007 592.3460
260.0507 591.8960
259.6807 591.8760
259.3607 591.1960
259.4207 591.1060
259.7607 591.1260
259.8907 590.9460
259.6207 590.5760
258.7307 590.1460
258.1207 590.3260
257.7507 589.8460
257.7507 589.6660
258.2507 589.3460
258.2707 589.1660
258.1407 588.9860
258.1607 588.4460
258.2407 588.3560
258.8507 588.9460
258.8807 589.1460
258.9907 589.0560
258.7507 588.3960
258.5107 588.0060
258.3507 588.0560
258.2507 587.9460
258.3107 587.8060
258.5007 587.7660
258.6507 587.5660
258.3107 587.2460
258.3107 586.7860
258.2007 586.7160
258.1807 586.5560
258.3707 586.5060
258.1007 586.1460
258.1007 585.9160
258.4507 585.8760
258.9507 586.1260
259.0607 586.4260
258.9507 586.5360
258.9707 586.7160
259.0307 586.8060
259.2107 586.8260
259.4007 587.5060
259.5307 587.6460
259.6107 587.5060
260.5107 588.3460
260.8007 587.9560
260.7507 587.5060
260.5907 587.4660
260.5307 587.3360
260.6607 587.1760
260.4707 586.8360
260.2807 586.7260
260.3907 586.4960
260.3607 586.3360
260.0407 585.8160
260.1807 585.6560
260.5707 585.7760
260.6007 585.4360
260.7807 585.2560
261.2607 585.4860
261.2907 585.5960
261.1807 585.7060
261.1607 585.8660
261.2107 586.1660
261.5307 586.4160
261.7907 586.7560
261.9407 585.7260
262.6007 586.3460
262.7307 586.2960
262.6507 585.7260
262.7107 585.5860
262.6807 585.4260
262.5707 585.3560
262.9107 584.8760
263.3307 584.9860
264.0907 585.6660
264.1907 585.6260
264.1507 585.2960
264.2307 585.2060
264.5707 585.4360
264.6707 585.7560
264.7707 585.7360
264.8207 585.4360
265.1607 585.3460
265.2707 585.4860
265.4507 585.1160
265.7607 585.1160
265.9907 585.3660
266.2807 585.4060
266.3007 585.2260
266.4507 585.1360
266.4707 585.0460
266.0207 585.0260
265.7307 584.8460
265.2107 584.3160
265.1107 584.4760
264.8507 584.2660
264.4007 584.3360
264.4607 584.1260
264.0907 583.5160
264.0907 583.4260
264.3307 583.2460
264.1707 582.9260
264.3007 582.6260
264.2507 582.5160
263.7807 582.4660
263.5707 582.7160
263.4107 582.6260
263.4607 582.4660
263.3607 582.4160
263.1507 582.4660
263.0407 582.3560
262.6707 582.3360
262.6207 582.8660
262.5407 582.8860
262.3107 582.6160
262.0807 582.6360
261.8107 582.5660
261.7307 582.4060
261.4707 582.4060
261.3407 582.1560
261.1907 582.1560
261.1607 582.0860
261.3007 581.8560
261.5107 581.8960
261.6507 581.8060
261.4907 581.6460
261.3307 581.6060
261.3307 581.5160
261.4807 581.4660
261.5007 581.3060
261.4407 581.2360
261.1707 581.2360
261.1407 581.1660
261.1707 581.0560
261.4607 580.9160
261.6207 580.9360
261.9107 581.5060
261.9907 581.4160
262.3607 581.5260
262.3407 581.2560
262.6607 580.9660
263.2407 581.1260
263.4507 581.3560
263.5807 581.3760
263.5607 580.9160
263.4007 580.9160
263.3507 580.1660
263.2507 580.0060
263.3607 579.8260
263.5907 579.8060
263.4907 579.4360
263.7207 579.3460
263.9807 578.7960
263.8507 578.7460
263.6907 578.8360
263.4207 579.2060
263.1507 579.1660
263.2107 578.7360
262.9707 578.6260
262.7007 578.6960
262.5207 578.5560
262.5707 578.3760
262.7007 578.3560
262.7207 578.2160
262.3207 578.1660
262.0907 577.7360
262.8607 577.3060
262.9907 577.4360
263.1207 577.3860
263.1707 577.2260
263.5607 577.3860
263.6607 576.7460
263.4807 576.6060
263.4607 576.3360
263.5907 575.9060
263.8607 575.6360
264.2307 575.6160
264.3807 575.8460
264.6507 576.0060
264.9407 576.0260
265.3107 576.2360
265.4407 576.2160
265.2007 576.0760
265.2007 575.9560
264.4307 575.5660
264.4307 575.2960
264.6107 574.8660
264.5807 574.7460
264.4707 574.7460
264.1507 574.9760
264.0507 575.1860
263.4707 575.1860
263.2107 574.7760
263.0807 574.7760
263.0007 574.9560
263.0607 575.2060
263.0007 575.2560
262.2907 575.2960
262.1407 575.5860
261.7907 575.6060
261.6907 575.4960
261.7207 574.2860
261.6207 573.8460
261.7207 573.4860
261.7707 573.4160
262.2407 573.3760
262.5807 573.2360
262.6107 573.1160
262.5507 572.8860
262.0807 572.2660
262.1307 572.1460
262.2607 572.1060
262.0707 571.3560
261.4607 570.6060
260.7707 570.6760
260.7207 570.8760
260.1407 570.6060
260.1907 570.1960
260.4807 570.2660
260.7407 570.1960
261.1907 569.8960
261.2207 569.6460
261.1707 569.5060
260.6107 569.2560
260.3907 569.2560
259.8707 569.5560
259.7907 569.5060
259.7407 569.3260
259.9307 568.9660
260.2007 568.9460
260.4607 568.8060
260.3007 568.5060
260.3607 568.2960
260.3107 568.0960
260.1707 567.9860
260.3307 567.3960
259.7807 567.0360
259.7307 566.6960
259.3007 566.1060
259.0607 566.4960
259.0007 567.0260
258.9007 567.0460
258.7907 566.2060
259.0007 565.8360
259.0507 565.5660
258.8107 565.2060
258.6507 565.1860
258.5907 564.7560
257.9907 563.7060
257.4307 563.3360
256.8707 562.7360
256.6607 562.6460
256.6907 562.9660
257.1107 563.5360
257.1707 564.0160
257.4807 564.4560
257.5007 564.7560
257.3107 564.7160
256.9107 564.2760
256.8807 564.1160
257.0407 564.0260
256.9707 563.7560
256.4207 563.3860
256.4507 563.0860
256.0207 562.9060
254.8807 561.3560
254.8207 560.9860
254.6707 560.7860
254.6907 560.5560
255.4007 560.4360
255.2407 560.1860
255.0007 560.0960
255.0207 559.9360
255.2007 559.9360
255.2807 559.3160
254.9407 558.9260
254.7307 558.9660
254.4607 558.1660
254.4107 557.5260
254.4307 557.4560
254.6207 557.4560
254.6407 557.3160
254.4607 557.2260
254.4407 556.2860
253.1107 555.0760
253.1107 555.0760
252.3207 555.1460
251.6707 555.4660
251.1007 555.9560
250.6907 556.5260
250.4507 557.2560
249.4807 558.0660
248.6707 558.0660
247.9207 557.8360
247.9207 557.8360
247.6607 558.2160
247.6607 558.2160
247.5207 558.7460
247.5207 558.7460
247.4307 562.1060
247.6107 563.8360
248.0507 564.9860
247.1507 567.2960
247.1307 568.4560
247.2607 569.4860
247.2607 569.4860
248.0807 572.1460
248.0007 572.9060
248.3507 573.7360
248.3507 573.7360
248.9907 578.4060
248.7407 579.5460
248.7407 579.5460
248.7207 580.8860
248.9707 582.2760
248.9707 582.2760
248.6607 583.7260
248.0507 584.5260
246.5507 584.7660
245.3907 584.3260
245.3907 584.3260
244.5407 584.5060
244.5407 584.5060
244.8307 585.3860
245.3307 586.0960
245.3307 586.2960
245.7807 586.5960
246.6807 588.4360
247.2107 589.2960
247.4407 589.3460
247.4607 589.0060
247.8907 589.0760
248.1607 589.4360
248.3207 589.8260
248.6707 590.0760
248.9007 590.8660
249.0607 591.1160
249.1207 591.7060
249.0407 591.9760
249.2007 592.8160
249.3507 592.9260
249.4807 593.2960
249.5807 593.7760
249.5507 594.1860
249.7307 594.5260
250.0507 594.8160
250.3107 595.2060
250.5707 595.4160
250.7607 595.4360
250.7007 595.5960
250.7507 595.8260
251.1707 596.1860
251.3807 596.1860
251.5907 596.0060
251.5107 595.3960
251.5707 594.9460
251.3307 594.6560
251.2807 594.4260
251.6007 594.5560
251.8907 593.5960
251.7007 593.2960
251.7007 593.1560
251.8807 592.9460
251.8507 592.6260
251.7207 592.5160
251.7807 592.2860
252.0907 592.5160
252.1707 593.2860
252.3607 593.4660
252.5407 593.4860
253.0707 593.3260
253.0107 592.9560
253.0907 592.6560
253.3307 592.4960
253.5407 592.4960
253.6907 592.5860
253.7107 593.1260
253.8207 593.4260
254.0807 593.6760
254.2407 593.7460
254.6707 593.6060
254.7807 593.3760
254.8907 593.3360
254.9707 593.5360
255.3407 593.6960
255.4207 593.9060
255.5807 593.8360
255.5807 593.7060
255.2907 592.9060
255.3407 592.4760
255.4907 592.4260
255.6807 592.9660
255.7807 593.1060
255.9407 593.1060
256.0207 592.4960
255.8307 592.0860
255.8807 591.8860
256.2507 591.4960
256.8507 591.4460
257.0607 591.5360
257.0807 591.6760
256.9807 591.7860
256.6107 591.6960
256.5307 591.8060
256.5107 592.0160
256.6507 592.1260
257.2807 591.9460
257.7307 591.6760
257.8907 591.6760
257.9407 591.9960
258.3607 592.0660
258.3407 591.6160
258.4707 591.3860
258.8407 591.2960
258.9807 591.4060
259.1707 591.9960
259.0107 592.2460
259.2707 592.2060
259.3207 592.4760
259.6307 592.9260
259.6607 593.1960
259.7707 593.1760
259.9807 592.8560
260.2207 592.8760
260.9107 593.1660
261.0907 593.0960
261.1507 592.9660
261.6207 593.0560
261.5707 592.8460
261.6307 592.6460
261.9707 592.5360
262.1207 592.2860
262.5207 592.3360
262.5707 592.4060
262.1807 593.0460
262.4507 593.0860
262.7407 592.9760
262.8707 592.8160
263.0507 592.9060
263.0807 593.1060
262.9707 593.2460
262.3707 593.6360
262.1407 593.6860
262.1607 593.7560
262.8007 593.8860
262.6707 594.4960
262.4407 594.6760
262.1707 594.6560
262.1107 594.5460
261.5507 594.3360
261.7307 594.8860
261.4907 595.2660
261.2207 595.0160
261.2007 594.7260
261.0707 594.4260
260.9907 594.4260
261.0507 594.7460
260.9407 594.9460
261.0507 595.2160
260.9207 595.2660
260.7307 594.9460
260.7507 594.5360
260.6707 594.3060
260.4907 594.4360
260.3607 594.4160
260.2607 594.8660
260.1507 594.8660
259.9207 594.7460
259.8107 594.4060
259.5007 594.2260
259.5007 594.0660
259.1507 593.7760
259.0207 593.4760
258.8607 593.5260
258.8607 593.6560
258.6307 593.8360
258.5207 593.4760
258.2507 593.0260
258.2507 592.8860
257.4607 592.5460
256.8607 592.4760
256.4907 592.9360
256.6307 593.3960
256.3907 593.6960
256.4707 594.5360
256.8107 594.9660
256.7807 595.2360
256.9207 595.4160
257.0707 595.4660
257.0907 595.2360
257.2507 595.2360
257.4107 595.5060
257.4107 595.7560
257.0907 596.3660
257.1207 596.4360
257.3507 596.4560
257.3307 596.5860
257.1007 596.7860
257.1007 596.9160
257.3607 598.0960
257.4707 598.2360
257.7107 598.0760
257.9807 597.5560
258.3707 597.6060
258.6607 596.9860
259.0907 596.8760
259.1107 596.7360
258.9507 596.4360
258.9707 595.9860
259.2907 595.8460
259.6407 595.8260
259.8007 596.0060
260.0407 595.9560
260.0407 595.8160
260.2707 595.7060
260.6407 596.2260
260.5807 596.6360
260.2907 596.6560
259.8607 597.1060
260.1307 597.1960
260.2807 597.3560
260.2007 597.5560
259.7507 597.5160
259.3207 597.6260
259.2207 597.4660
259.1207 597.4460
259.1207 598.2360
258.5907 598.2360
258.5407 598.6260
258.3807 598.8060
257.6407 599.1860
257.7507 599.6160
258.3807 600.1660
258.4907 600.1260
258.6207 599.7160
259.0107 600.0060
259.2707 600.3460
259.4507 600.3460
259.5807 600.2060
259.6607 599.9160
259.8407 600.0760
260.0007 600.0960
259.9507 600.7060
260.1407 601.1660
259.9307 601.1460
259.7707 601.2360
259.9007 601.4160
259.9807 601.8460
260.2507 602.2360
260.3007 603.0260
260.1907 603.1160
260.2107 603.3660
260.3707 603.5660
260.4707 604.0660
260.7407 604.6560

Musandam
20
259.4407 603.8760
259.6307 603.6460
259.9707 603.5060
259.9707 603.3460
259.7407 603.3660
259.5607 603.0760
259.6407 602.3460
259.4307 601.2760
259.2207 601.2360
259.0607 600.9860
258.8207 600.9460
258.6807 601.1060
258.6507 601.3160
258.7307 602.4460
258.8907 602.6260
259.1207 603.1760
259.5107 603.3860
259.4607 603.4760
259.2507 603.4260
259.2307 603.8060

Musandam
7
263.2407 604.4660
263.3007 604.4260
263.2707 604.3360
263.0607 604.2860
263.0107 603.8960
262.7807 604.0060
262.9607 604.4360

Ash_Sharqīyah_North
235
406.8707 246.8660
406.9707 246.7460
407.1907 246.7460
407.3707 246.5560
407.5807 246.5760
407.6007 246.3860
407.8407 246.1460
407.7307 246.0260
407.7807 245.4960
407.6207 245.2860
407.6407 244.8960
407.4907 244.7260
407.3607 244.3460
407.3607 243.9860
406.9607 242.4160
406.9607 241.9560
407.1107 241.2860
407.6207 240.1260
408.2807 239.8360
408.3907 239.5960
408.6807 239.3760
408.8707 239.4260
409.1107 239.2360
409.0007 238.8760
409.1007 238.6560
408.9407 238.5160
408.9407 238.3760
409.0407 238.0860
409.2707 237.8760
409.0807 237.6060
409.1807 237.0260
409.3707 236.8560
409.5907 236.2760
410.4107 235.9560
410.5407 235.8360
410.5207 235.6860
410.2107 235.2760
409.8407 234.9560
409.8407 234.8060
409.6507 234.5860
409.6007 234.3660
409.0707 234.2960
408.5207 233.9060
408.1807 233.7860
407.8307 233.7660
407.5907 233.5960
407.2007 233.5160
407.1407 233.3960
407.2707 233.2060
407.1407 233.0860
406.7707 232.9660
406.4607 232.7560
406.1707 232.7060
405.8607 232.4360
404.7707 231.8760
404.0607 231.3460
403.8807 231.3460
403.4607 230.8460
403.5607 230.7060
403.5307 230.5360
403.1807 230.4360
402.6207 229.9360
402.2307 229.0660
402.2307 228.5860
402.3907 228.2760
402.1307 228.0160
402.1607 227.8660
402.0607 227.5960
401.7907 227.3760
401.7707 227.1560
401.0107 226.1860
401.1707 225.8760
401.1207 225.4660
401.2007 225.2060
401.0407 224.9860
400.8207 224.2660
400.9507 223.8060
400.5207 223.4160
400.0507 222.6160
399.7607 222.3260
399.8107 221.9660
400.0707 221.7960
399.8607 221.6560
399.8607 221.3860
400.0907 221.3560
400.1107 221.0160
400.2207 220.8960
400.0907 220.8060
399.9007 220.8560
399.8507 220.7560
399.7407 220.7860
399.5107 220.4760
399.2907 220.4560
399.1807 220.3360
399.1307 219.9760
398.6207 220.0060
398.5107 219.9260
398.4307 219.6860
398.1707 219.6660
397.9407 219.3960
397.7607 219.3260
397.5507 219.0660
397.3707 218.6260
397.1607 218.5260
396.9707 218.1860
396.8707 217.8460
396.6907 217.5960
396.7107 217.1660
396.3707 217.0460
395.9807 216.7760
395.7107 216.3460
395.3907 216.4460
395.1607 216.2560
394.9007 216.2260
393.6007 215.6260
393.3907 215.3660
393.4407 215.0260
392.8807 214.3060
392.0607 214.2760
391.5607 213.8460
391.6207 214.1360
391.4407 215.1560
391.2107 215.4160
391.2907 215.7060
391.4707 215.9460
391.4507 216.2360
391.1907 216.6960
391.3507 216.8460
391.3507 217.2360
391.2207 217.6160
391.0107 217.8060
391.0907 218.1260
390.9407 218.5660
390.9907 218.8260
391.1207 218.9660
391.1207 219.1660
390.9407 219.4860
391.0707 219.7260
391.0707 219.9260
390.8407 220.4060
390.9507 220.8360
391.1607 221.1460
391.0107 221.8260
391.2007 221.8260
391.3107 222.0160
391.4107 222.9860
391.3107 223.8560
391.4107 224.3160
391.3007 224.6060
391.4107 224.7460
391.4307 225.1060
391.6707 225.2260
391.6507 225.3760
392.0407 225.9860
392.3607 226.1960
392.4107 226.6560
392.7307 226.7960
392.9107 227.2760
393.1507 227.3960
393.1307 227.5360
393.4207 227.4860
393.5907 227.5760
393.5907 227.6960
393.7807 227.8860
394.2507 227.9860
394.3507 228.3260
394.3007 228.8860
394.6507 229.3660
395.1707 229.6260
395.4107 229.9360
395.4707 230.3760
395.6607 230.3460
395.7907 230.4460
395.7907 230.5860
396.2407 231.2360
396.3907 231.1660
396.4707 231.3060
396.7007 231.3860
396.7007 231.2860
396.4707 231.1360
396.4207 230.9660
396.2407 231.0360
396.1307 230.8260
396.1507 230.5860
396.4107 230.3260
396.4407 230.1360
396.6307 229.9160
397.0507 230.0660
397.4507 230.0360
397.7707 229.8960
397.8807 229.9960
398.1707 229.9160
398.6207 230.4260
399.0707 230.5660
399.2807 230.9260
399.5607 231.1060
399.5307 231.3260
399.6807 231.7060
399.7107 232.2160
399.6307 232.4260
399.7407 232.3960
399.8207 232.5360
399.9207 232.5360
400.1307 232.9160
399.9707 233.6660
399.9907 234.0260
400.1707 234.3660
400.2207 235.9360
400.8307 237.0960
401.4407 237.9660
401.7807 238.2360
402.0407 238.8660
402.1007 239.2460
402.4907 239.6760
402.9107 240.4060
403.7807 241.3260
404.4707 241.6560
404.8207 241.9460
404.7207 243.1760
404.9107 243.6760
404.6407 243.9460
404.7907 243.9460
404.8507 243.8060
405.0107 243.7360
405.1407 244.0560
405.1707 244.7260
405.3607 245.1060
405.3907 245.6160
405.3607 246.0460
405.2307 246.1660
405.2107 246.3560
405.2707 246.4260
405.6907 246.4560
406.4107 246.8660
406.6707 246.7760

Ash_Sharqīyah_North
210
400.5307 391.2960
402.1707 390.6660
403.9407 389.4060
405.0807 388.7760
406.4707 390.7960
406.4707 390.7960
407.2307 391.8060
408.7407 392.0560
410.0007 390.6660
409.2407 386.2460
409.2407 386.2460
409.3707 382.8360
409.3707 382.8360
425.3307 384.2960
425.7207 383.3760
425.5107 383.1660
425.5707 382.8160
426.2307 381.3560
426.4707 380.4160
427.5007 379.1360
427.9507 378.9260
428.0807 378.0560
429.5007 375.0660
430.4807 374.4460
431.2207 374.5460
431.4007 374.4960
431.6607 374.2360
432.0507 374.2660
432.4207 373.7660
432.5307 373.1760
433.0007 372.2260
433.3707 371.6860
433.8207 371.4460
434.4607 371.3960
434.7207 371.1660
434.6107 370.7660
434.6307 370.5260
434.7607 370.0060
434.9507 369.6960
435.2907 369.3660
437.2907 368.1860
437.5607 367.7660
440.2807 365.1960
443.2907 363.2760
443.4307 362.9860
443.8307 362.7560
443.8507 362.5260
443.6907 362.2460
443.5607 362.2660
443.3207 362.4960
443.1607 362.4960
443.0607 362.3960
442.7207 362.4260
442.4907 362.2360
442.4907 362.4460
442.7207 362.7560
442.7007 362.9160
442.4907 362.8760
441.9107 362.2560
442.0407 362.1160
442.3007 362.0960
442.1707 361.8360
442.2307 361.7660
443.0307 361.5260
443.2207 361.6460
443.2407 361.9060
443.3507 362.0260
443.4907 361.9060
443.8007 361.9260
443.9807 362.1660
443.9807 362.3260
443.8907 362.3960
443.9807 362.5860
444.1107 362.6560
443.9807 362.8260
444.0507 362.8760
444.3207 362.7760
446.0307 362.6160
446.9107 362.6560
447.1007 362.4160
448.1107 362.3860
449.3807 362.2160
450.2307 362.2360
453.5307 361.1260
453.5307 361.1260
453.0107 360.3860
451.6307 359.6960
450.3207 359.3560
448.0507 358.5260
446.6707 357.5660
445.0207 357.3560
443.3007 357.9060
440.1307 357.9060
439.2407 357.5660
438.7607 355.8460
436.6907 352.9560
436.0007 352.1960
434.6207 351.9860
432.9007 352.2660
431.8707 353.3660
430.5607 354.3960
429.7307 354.8060
428.7007 355.0860
428.2207 354.6060
427.9407 353.2960
428.5607 352.1960
428.7707 350.7460
429.2507 348.6760
429.3207 347.3660
429.6007 346.4060
429.3907 345.0260
427.4607 343.5760
426.9107 341.8560
426.0807 340.8960
424.9807 340.2060
423.7407 340.4160
421.9507 342.0660
419.4007 344.6160
417.6107 345.9960
415.8207 349.9860
414.3707 351.9860
413.1307 352.6760
411.4807 353.1560
409.8307 353.7760
408.1807 354.8760
406.6707 356.2560
405.5007 357.6360
405.1607 358.8060
404.8807 363.9660
403.3707 366.1660
401.5807 368.4360
399.7907 369.9560
398.1407 370.7160
396.3507 370.9260
395.8007 369.7560
395.5907 368.3060
396.0007 366.2360
396.0007 364.6560
395.0407 363.0060
394.3507 361.1460
393.8707 360.1160
393.3207 359.2160
392.6307 357.2160
392.1507 353.4960
391.2507 352.6660
390.5607 351.8360
389.3207 351.4260
387.5307 351.4960
386.2207 352.1160
385.6707 353.6260
385.8807 358.7860
385.6707 360.0960
384.9807 361.6760
383.3307 363.5360
381.9507 364.9160
380.7107 365.8160
379.4707 366.4360
377.3407 366.9860
375.9607 367.8860
374.9307 369.0560
373.5507 370.3660
372.8607 371.3260
372.5207 372.4260
373.1407 375.7260
373.5507 376.5560
373.8907 377.5860
373.4807 379.0360
372.3107 380.4160
370.5207 383.9260
369.9707 385.4360
369.9707 390.1160
372.5907 389.9760
373.5507 390.5960
374.1707 391.6260
374.3107 393.1460
375.2707 395.0060
377.2007 398.0360
377.2007 399.3460
376.5107 400.2460
375.2007 400.6560
373.9307 400.7360
373.9307 400.7360
373.3907 403.3460
373.3907 403.3460
372.3807 405.9960
371.2907 409.8260
371.2907 409.8260
372.6307 409.4660
372.6307 409.4660
373.6407 408.5860
374.9007 407.7060
376.5407 406.8260
377.8007 405.9460
377.8007 405.9460
379.4407 405.1860
380.9507 403.7960
385.7507 403.5460
385.7507 403.5460
386.0007 402.1560
386.5007 401.3960
386.5007 401.3960
387.6407 400.0060
389.0307 397.9860
390.5407 397.3560
391.5507 396.0960
395.2107 394.5860
395.2107 394.5860
396.8507 393.1960
396.8507 393.1960
398.6207 392.0560

Ash_Sharqīyah_South
523
453.5407 361.1160
454.9207 360.8360
455.0707 360.6960
455.0507 360.3660
454.7807 360.1060
454.9207 359.9160
454.0407 359.0060
454.0407 358.5460
454.1307 358.4260
454.7507 358.1860
455.0807 357.9060
454.8907 357.8060
454.9607 357.4960
455.7907 357.1860
455.8707 357.0460
456.1007 356.9560
456.2707 357.1960
456.9807 357.6360
457.4207 357.5660
457.5607 357.8260
457.2207 357.9960
456.9507 357.9960
456.9707 358.1360
456.7307 358.3260
456.1807 358.3460
456.0007 358.4660
455.7407 358.8760
455.7307 359.2660
455.4407 359.4360
455.3707 359.6560
455.1807 359.6960
454.9307 360.0760
455.1007 360.2460
455.2607 360.7860
455.7807 360.7560
455.9407 360.6160
456.4807 360.6160
456.5507 360.5060
456.4207 360.4360
456.4407 360.3160
456.7707 359.9760
456.9407 359.9560
457.4307 359.5360
457.9607 359.5760
458.1707 359.7260
458.0107 359.9060
458.0907 360.2460
457.9207 360.3660
457.5107 360.3660
457.2207 360.2960
456.9707 360.0560
456.8707 360.0560
456.8107 360.4260
456.6907 360.4760
456.7407 360.5760
457.7907 360.7660
458.0807 360.9260
458.6407 360.9460
458.8507 360.8360
458.9507 360.6160
458.9307 360.0560
459.3807 358.5660
459.4907 358.3960
460.0407 358.0460
460.0907 357.7060
460.2007 357.5960
460.2007 357.3260
460.4107 356.9560
460.5607 356.9560
460.6207 356.3360
460.8007 356.0360
460.7207 355.6260
460.8607 355.2760
460.9107 354.8460
461.1007 354.5360
461.2807 353.8560
461.2607 353.6860
460.5607 353.2360
459.9607 351.1760
459.9607 350.8660
460.0707 350.5560
460.2207 350.3260
460.3607 350.2760
460.4407 349.9860
460.1007 349.0660
459.9907 348.4560
460.0207 347.9960
460.4007 347.5960
460.2807 346.5360
460.4107 345.6060
459.9907 344.5460
459.6407 343.2160
459.4607 341.7360
459.5907 341.4560
458.5907 340.7660
457.3407 339.6460
457.1407 339.2260
457.1607 339.0060
457.3207 338.8860
457.3207 338.7460
457.0307 338.2560
456.3907 337.4660
455.6307 337.0160
454.8107 335.5660
453.9607 334.5260
453.6207 333.7560
452.4807 332.6060
451.9507 331.8360
451.4807 330.2660
451.6407 329.8360
451.8007 329.7660
451.8307 329.5860
451.5607 329.0160
451.2507 328.0660
450.7907 327.4660
450.8207 327.0360
450.6907 326.6060
450.1007 325.6060
450.0107 325.0860
450.3807 324.6860
450.4707 324.3060
450.4007 323.9860
450.1007 323.3760
449.8407 323.1160
448.7607 322.3760
447.7607 321.4660
446.5207 319.8560
445.7007 318.6160
445.6707 318.4460
445.7707 318.1860
446.0907 317.8560
446.0207 317.4260
445.6907 317.1860
443.4607 314.9860
441.6907 312.9660
441.2907 312.3960
440.7007 310.8260
440.6607 310.3460
440.9107 309.9660
440.8407 309.1460
439.3907 306.6960
439.1007 306.0760
439.1007 305.8560
439.2207 305.7660
439.3107 305.4560
439.0707 304.9360
438.1907 303.3960
437.3307 302.3460
436.9507 301.2560
435.8207 299.3860
435.3907 299.0060
435.0607 298.5560
434.7107 297.8360
434.6307 297.1660
432.7307 294.7560
432.3807 293.7260
432.4307 293.5560
432.6507 293.3460
433.0407 293.2560
433.0807 292.9360
432.8307 292.3360
432.6207 292.0960
432.3007 291.9860
430.7007 291.1160
427.4207 289.6560
424.8807 288.7260
424.0907 288.3260
422.3307 287.1760
420.6007 285.6860
416.6407 282.6260
415.0607 281.2860
412.6107 278.8160
410.8007 276.4460
409.5607 275.1960
408.7507 274.6660
407.9107 273.9060
406.8707 272.5560
404.1807 269.5060
402.7307 267.1560
401.5707 265.5560
401.0307 264.6160
400.9007 263.2760
401.2007 262.7160
401.4307 262.6460
401.4307 262.4360
401.1707 261.9760
401.2007 261.6360
399.1907 259.5960
398.2907 258.3660
397.7807 256.8260
397.7807 256.1060
397.8607 255.7760
397.6307 255.8160
397.5007 255.5560
397.5007 255.1060
397.7307 254.5260
397.2107 254.2760
396.7507 253.7560
396.4107 253.6760
396.4207 253.9260
396.8907 254.7160
396.7307 255.2460
396.9207 255.3460
396.9207 255.5060
396.7607 255.6960
396.5507 255.7260
396.1207 255.1960
395.3007 254.5960
395.1907 254.3760
394.9007 254.0960
394.8607 253.9460
395.0407 253.7060
395.0407 253.5360
394.8507 253.2960
394.8607 253.1060
394.4907 252.9060
394.2407 252.3360
393.7907 252.2860
393.6407 252.6760
393.6707 252.8660
393.4807 252.7960
393.2907 252.5560
393.5107 252.3760
393.4807 252.2360
393.3007 252.2060
393.2207 252.0860
393.2407 251.6660
393.6207 251.4660
393.5807 251.3060
393.3707 251.2260
393.2707 251.0160
392.5507 250.8960
392.3007 250.7460
392.5107 250.5960
392.9507 250.5760
392.8207 250.4360
393.3807 250.4860
393.0607 250.2360
393.3707 250.2160
393.5807 250.4160
393.6707 250.7660
393.6607 251.1360
393.7507 251.2460
393.9807 250.4760
394.2007 250.4160
394.5207 250.1860
394.9307 250.3160
395.0107 250.4560
395.2307 250.5760
395.3807 250.5760
395.5407 250.3560
395.7807 250.2660
395.4907 250.0760
394.9107 250.1460
394.5107 250.0460
394.1907 249.4660
394.6207 249.4660
394.6507 249.3460
394.9007 249.4160
394.9407 249.7060
395.1207 249.6660
395.1507 249.4960
395.3507 249.6860
395.7807 249.8060
396.2307 250.1460
397.0407 250.4560
396.9907 250.7460
397.2307 251.2060
397.1807 251.4460
396.7907 251.8760
396.7507 252.3160
396.8607 252.7660
397.0507 253.0360
396.7907 253.0260
396.7107 253.1260
396.8907 253.3860
397.1207 253.4460
397.3707 253.7560
397.7107 253.2760
397.7907 252.8160
397.6507 251.3960
397.6807 250.1860
397.4907 249.9260
395.9307 249.5860
395.1207 248.7960
394.1707 247.4960
393.1407 246.9460
391.1307 245.6460
388.9107 243.0660
388.9107 242.9660
389.0207 242.9460
389.3307 243.0860
389.8407 243.0360
390.0207 242.8760
389.8907 242.8760
389.7607 242.6060
389.9607 242.5760
390.1207 242.3460
389.9707 242.1060
389.2107 241.4560
389.0907 241.1660
388.8007 241.0360
388.6507 240.7760
388.4607 240.1660
388.0107 239.3360
388.0907 238.7460
388.0407 238.5360
387.9007 238.3860
387.8807 238.1160
387.6907 237.9560
387.5607 237.9560
387.3807 237.6160
387.4107 237.4460
387.5407 237.4260
387.5107 237.0560
387.2707 236.7060
387.1107 236.2360
386.6707 236.1960
386.6107 235.7560
386.3007 235.4260
386.1907 235.0160
386.1907 234.8660
386.3507 234.8160
386.3007 234.5360
386.2207 234.3660
385.9207 234.2160
385.9007 234.0960
386.0007 233.9060
386.2707 234.0060
386.3307 233.7560
385.6407 232.7860
385.4607 232.2160
385.3207 230.1660
384.9807 229.9460
384.8507 229.7760
384.8707 229.5760
384.7907 229.4660
384.2307 229.1960
384.1307 228.7560
383.9407 228.5660
383.7607 228.4960
383.1807 228.5160
383.0307 228.4260
382.8607 228.0660
382.3607 227.9860
382.2307 227.7760
382.2507 227.3560
381.8307 227.2160
381.3907 226.5160
381.0607 226.2960
380.6407 225.8460
380.6407 225.4560
380.4807 225.3560
379.6207 225.5260
378.2907 225.5560
377.9007 225.7860
377.6007 226.1560
377.2707 226.1260
376.8707 226.2560
376.3107 226.7360
375.5407 227.2160
375.1307 227.3360
373.2507 227.3160
372.0107 226.9760
371.2907 226.6360
370.5107 226.7160
370.2607 226.5860
370.0507 226.6060
369.8407 226.7560
369.7907 226.8560
369.8707 227.0460
369.7307 227.2360
369.5007 227.3060
369.2907 227.5260
367.8307 228.1860
366.9407 228.3060
366.3307 228.7860
366.1507 229.2260
366.1707 229.3960
366.3507 229.5560
366.1507 230.4560
366.3507 230.6660
366.5207 230.6160
366.8607 230.9560
366.8907 231.2260
367.2307 231.6860
367.3307 232.0860
367.5007 232.3860
367.5007 232.7160
367.6307 233.0760
368.0707 233.8260
368.2907 233.9760
368.6207 234.6960
368.5207 234.7460
368.6307 234.9360
368.7607 234.8960
368.8407 235.0160
368.9907 236.0060
368.9907 236.0060
371.9007 235.7460
372.3307 239.1160
373.3807 241.6560
373.3807 243.9760
372.3307 250.0960
354.6007 258.7460
354.6007 258.7460
353.6907 280.5260
349.1707 376.8460
350.3007 378.2260
352.2007 378.7360
352.0707 384.0360
353.5807 386.0560
355.4807 388.0760
356.9907 389.9660
359.0107 391.2260
361.1607 391.4860
362.8007 391.9860
364.3107 393.5060
366.5807 394.0060
367.9707 394.6360
369.7407 395.6460
371.6307 396.1460
372.1407 395.3960
373.5207 395.5160
374.2807 397.0360
374.0307 400.3160
374.0307 400.3160
373.9407 400.7360
373.9407 400.7360
375.2107 400.6560
376.5207 400.2360
377.2107 399.3460
377.2107 398.0360
375.2807 395.0060
374.3207 393.1460
374.1807 391.6360
373.5607 390.6060
372.5907 389.9860
369.9807 390.1160
369.9807 385.4360
370.5307 383.9260
372.3207 380.4160
373.4907 379.0360
373.9007 377.5860
373.5607 376.5560
373.1507 375.7260
372.5307 372.4260
372.8707 371.3260
373.5607 370.3560
374.9407 369.0560
375.9707 367.8760
377.3407 366.9860
379.4807 366.4360
380.7207 365.8160
381.9607 364.9160
383.3307 363.5460
384.9907 361.6860
385.6807 360.1060
385.8807 358.7960
385.6807 353.6260
386.2307 352.1160
387.5307 351.4960
389.3207 351.4260
390.5607 351.8360
391.2507 352.6660
392.1507 353.4960
392.6307 357.2060
393.3207 359.2060
393.8707 360.1060
394.3507 361.1360
395.0407 362.9960
396.0007 364.6460
396.0007 366.2260
395.5907 368.2960
395.8007 369.7360
396.3507 370.9060
398.1407 370.7060
399.7907 369.9460
401.5807 368.4360
403.3707 366.1560
404.8907 363.9560
405.1607 358.7960
405.5007 357.6260
406.6807 356.2460
408.1907 354.8660
409.8407 353.7660
411.4907 353.1460
413.1507 352.6660
414.3907 351.9760
415.8307 349.9760
417.6207 345.9860
419.4107 344.6060
421.9607 342.0660
423.7507 340.4060
424.9907 340.2060
426.0907 340.8960
426.9207 341.8560
427.4707 343.5760
429.4007 345.0260
429.6007 346.3960
429.3307 347.3660
429.2607 348.6760
428.7807 350.7360
428.5707 352.1860
427.9507 353.2860
428.2307 354.5960
428.7107 355.0760
429.7407 354.7960
430.5707 354.3860
431.8707 353.3560
432.9107 352.2560
434.6307 351.9760
436.0107 352.1860
436.6907 352.9360
438.7607 355.8360
439.2407 357.5560
440.1407 357.8960
443.3007 357.8960
445.0207 357.3460
446.6807 357.5560
448.0507 358.5160
450.3307 359.3460
451.6307 359.6860

Al_Wusţá
272
354.6007 258.7460
372.3307 250.0960
373.3807 243.9760
373.3807 241.6560
372.3307 239.1160
371.9007 235.7460
368.9907 236.0060
368.9907 236.0060
369.6607 237.2760
369.7307 238.6560
370.0807 239.3260
370.3107 239.2560
370.1907 239.5960
370.3207 240.1060
369.5307 240.4860
368.2107 240.9260
367.7607 241.2160
366.7807 241.5260
366.3007 241.5260
366.1207 241.6260
365.8507 241.6260
365.6207 241.3760
364.8707 241.2860
364.4507 241.1160
363.9207 240.3660
363.0507 240.0460
362.7707 239.8560
362.0207 239.0460
361.4507 239.0360
359.9207 238.4060
359.4407 238.0460
359.0707 237.3960
359.1707 237.1160
359.1707 236.0560
358.6007 234.7760
358.7507 234.3660
358.5707 233.1960
358.7207 232.4760
358.2807 232.0960
358.0307 232.1460
357.4607 231.5160
357.0407 231.5660
356.2207 231.3260
354.6907 230.6960
353.7107 230.1660
352.5107 229.3160
351.8607 228.5860
351.6207 228.1860
351.4007 227.5260
351.4007 226.7760
351.5207 226.1260
351.9107 225.4960
352.0907 225.4060
352.9707 225.3260
353.2307 225.1560
352.8107 224.1460
352.2807 223.2260
352.0107 222.9860
350.8607 222.4560
348.8407 221.2960
347.7307 220.5260
346.0207 218.8060
345.8807 218.5360
345.8607 218.0060
345.6207 217.5660
344.6007 216.5260
344.4307 216.1660
344.2807 215.3060
344.0907 214.8860
344.0207 214.4960
344.1907 212.6560
344.3607 212.2960
344.6507 212.1760
345.0107 212.1960
345.1707 211.6460
345.0107 211.0860
344.9707 210.2860
344.2007 207.6960
344.2307 207.4060
344.5407 207.0960
344.4607 206.7260
344.2507 206.4360
344.2007 205.9060
343.8807 205.2960
343.7407 204.6960
343.8007 203.0160
343.3607 202.4160
342.6707 201.2060
342.4207 199.8260
341.3707 197.8560
341.2107 197.1260
341.4307 196.7960
340.7407 195.0360
340.4407 194.4660
340.5307 194.1460
339.6407 192.9960
339.5507 192.4660
339.6607 192.1760
339.2007 191.4760
336.8307 188.7960
336.4107 188.0460
336.1607 187.3660
336.0407 186.8860
336.0407 185.5960
336.4407 184.2360
336.7007 183.9160
337.1407 183.5960
337.4607 183.5760
337.7607 183.7460
337.8907 183.3360
338.1507 183.1160
338.4107 183.0960
338.5407 183.2560
338.7307 183.2560
338.5407 181.8560
338.0507 180.9260
338.2507 179.8560
337.2807 176.8360
337.1407 174.9660
337.3807 174.5260
337.4907 174.0360
337.9307 173.8160
338.0907 173.5860
338.1007 173.3560
338.3607 173.2360
338.5907 172.9460
338.7807 171.7460
339.0407 171.4160
339.2807 171.2660
339.6807 170.3360
340.1307 170.1260
340.1607 169.4160
340.5307 168.7760
340.9507 166.6060
340.7907 165.0060
340.4407 164.2460
339.9507 162.8160
339.7407 161.6160
339.7407 158.4160
339.9407 157.1960
340.3207 156.5360
340.7407 154.7160
340.9407 154.1260
341.2407 153.6360
341.7407 153.1460
342.3207 153.2960
342.7707 153.2460
343.3607 152.4560
343.2707 151.4360
342.8707 150.1860
342.9307 149.4560
342.8307 148.5360
342.9507 147.2560
343.4107 146.7160
343.9307 146.7460
343.8607 146.5460
343.9607 145.3060
344.1907 144.4660
344.4707 143.8660
344.8907 143.3260
345.4907 143.1560
345.5707 142.8660
344.8307 142.2460
344.4607 142.1060
344.1407 141.7160
343.8807 141.9060
343.7007 141.6860
343.6507 141.1960
343.4907 141.0560
343.1407 140.9760
341.6407 141.0260
339.8107 140.7360
339.3107 140.3660
338.7307 139.7760
338.1507 139.6260
337.6807 139.2860
336.2707 139.0860
325.1207 139.2360
320.3507 138.9760
314.8807 138.3160
312.1807 137.7460
309.9107 137.0360
307.9607 136.6160
306.2907 136.0860
299.6407 134.4460
298.5307 134.0760
297.7907 133.6860
297.0807 133.5160
295.8707 132.9960
293.6207 131.8960
290.8807 130.9660
289.2607 130.2560
286.7707 128.7360
285.4307 127.7560
284.5007 127.0660
283.4507 126.0360
282.8507 125.3260
282.6607 124.9060
281.3607 123.4960
277.6207 118.9460
276.9307 118.4160
276.5107 117.9760
276.2907 117.6460
275.9507 117.3360
275.6607 116.8660
275.3207 115.6160
275.7407 115.9360
276.1607 117.1660
276.6107 117.7560
276.2207 116.9860
275.8507 115.8560
275.3207 114.8460
275.1507 114.2360
275.2407 113.4760
275.2407 112.4960
275.5807 109.4260
275.4507 108.9060
275.0007 108.1960
274.1507 106.2960
273.9607 104.3360
274.0807 103.1560
273.9607 102.1660
273.6207 100.8760
273.5507 100.2960
273.3607  99.8560
273.0207  99.4460
272.5907  98.3360
271.1507  95.8760
270.6407  93.4560
270.3707  93.0360
270.3807  92.2560
270.5607  92.0760
270.7207  91.6160
270.6907  91.1460
270.8207  90.3860
270.7807  89.7960
270.3307  89.5360
269.3007  89.2160
269.0607  88.9760
268.6607  88.1860
268.3707  87.8660
268.1007  87.6760
267.6907  87.5760
266.6307  87.0860
266.1007  86.6660
265.5707  86.4060
264.2207  85.3260
263.8207  84.6860
263.7707  83.8460
263.8307  83.4060
263.6607  83.0660
262.5107  82.0060
261.7407  81.5060
261.1107  80.8160
260.2107  80.5460
259.7807  80.1960
259.4707  79.8360
259.3307  79.5260
259.3107  79.0660
259.3107  79.0660
238.7207 114.4160
219.5207 145.4360
199.0507 177.2960
180.9107 204.0660
180.9107 204.0660
196.6707 254.2260
203.3507 275.8560
205.3407 281.9660
205.3207 282.1960
205.4507 282.3960
205.4507 282.3960
271.6807 290.1860

Az̧_Z̧āhirah
129
202.8107 412.1760
207.2307 411.7660
210.5807 411.6060
214.7207 411.6060
218.7107 411.9260
221.1107 413.1960
223.5007 415.4360
226.0507 416.8660
229.0807 419.1060
231.6407 420.0560
234.8307 421.0160
238.1807 421.3360
239.2907 422.2960
239.2907 424.3660
240.2507 425.6460
238.8207 427.7160
237.2207 430.2660
236.4207 432.5060
235.4607 434.0960
235.1507 436.8060
235.9407 439.3660
238.1807 440.4760
240.5707 441.1160
243.1207 441.2760
241.8507 444.4660
239.7507 448.3160
243.0807 450.5760
246.6307 450.6960
248.3907 450.0560
250.6207 449.8960
252.5407 450.8460
255.2507 450.8460
257.0007 451.9660
259.3107 452.1860
259.3107 452.1860
260.4507 451.6760
261.7107 449.6560
262.5907 448.6560
263.8507 448.2760
264.7407 447.2660
266.1307 447.0060
266.8807 445.4960
267.1407 441.7060
267.7707 440.0660
270.6707 438.5560
271.0507 437.4160
271.4307 435.1460
272.3107 433.8860
273.1907 433.2560
274.3307 431.9960
276.2207 431.7360
277.2307 432.2460
279.5007 432.4960
281.1407 432.8760
282.7907 432.4960
284.0507 431.7360
285.8807 431.8560
286.9507 431.3660
287.7107 430.4760
286.4407 429.7160
286.9807 427.6860
288.2107 426.9460
288.9707 425.9360
289.3507 424.5460
290.4807 423.5360
297.1707 423.2860
298.4307 422.7760
298.4307 422.7760
298.4307 421.7660
297.8107 420.9360
296.5807 418.4760
298.6907 417.6260
299.1107 415.5160
300.1607 413.8360
300.1607 413.8360
301.8507 410.8760
301.8507 410.8760
301.4307 405.6060
302.9107 402.6460
302.0607 400.1160
295.7307 393.7860
293.6207 394.8460
291.9307 396.3160
290.0307 391.2560
288.9807 386.4060
287.2907 384.0760
286.0307 378.8060
281.8107 362.7660
281.5907 359.3960
282.6507 358.3360
282.0207 353.9060
280.1207 344.4160
279.0607 335.1260
276.0207 319.2360
271.6807 290.1860
271.6807 290.1860
205.4507 282.3960
205.4507 282.3960
219.5307 327.2060
218.6607 328.7960
211.2207 341.2360
209.2907 344.5960
193.1707 370.8860
193.1107 371.5860
192.9007 372.5160
192.9407 372.9060
193.5507 375.7160
193.9007 377.9660
193.8107 378.4860
193.6007 383.5160
193.3707 385.3360
193.4207 386.0760
193.6407 387.3060
193.5907 390.5160
193.7107 391.1560
194.5307 393.1460
194.9707 393.8560
194.8707 394.4060
194.8807 395.1760
195.0707 395.5760
195.1007 396.2660
195.3907 397.2060
196.0507 398.3860
196.5507 398.9360
197.8407 401.3260
199.0807 402.9960
199.5407 404.3360
200.7207 405.9760
201.0207 406.5360

Z̧ufār
444
180.9107 204.0660
199.0507 177.2960
219.5207 145.4360
238.7207 114.4160
259.3107  79.0660
259.3107  79.0660
259.1807  78.6460
259.4507  78.2060
259.4507  77.4860
259.2707  77.2860
258.7707  77.1560
257.6607  77.1860
256.5507  77.3560
255.6507  77.7560
255.2607  77.8360
254.9507  78.1760
253.5707  78.3060
253.2307  78.5460
252.2207  78.5460
251.6907  78.6960
249.8907  78.5660
249.4707  78.6360
249.2007  78.8860
248.2307  78.5160
248.2007  78.3360
247.9107  78.0160
247.5207  77.8460
246.8907  77.7160
246.4607  77.8660
246.1207  77.7660
245.4407  77.7460
245.1807  77.4260
244.9107  77.3760
243.5107  77.6460
241.1007  77.9660
239.8307  77.9860
239.2207  77.9060
238.8707  78.0060
238.5807  77.8860
238.0807  78.0160
237.6507  77.9660
236.9607  77.6760
236.7207  77.4360
236.4307  77.3860
235.8307  77.0860
235.6207  77.1060
234.9007  76.3460
234.2707  76.1760
234.1907  76.0260
233.7707  75.9260
233.5107  76.1060
233.1107  75.8160
232.9207  75.9160
232.3907  75.8160
228.1107  76.1460
227.3907  76.2660
224.4007  76.2860
224.2707  76.1860
218.3307  75.4260
214.9807  74.8060
212.1007  74.0460
208.9807  72.8060
207.5307  71.9960
205.8607  71.3260
205.5507  71.0760
205.4407  70.5060
205.2507  70.4260
205.3607  70.0260
205.1807  69.7860
204.8907  68.7660
205.0507  68.5960
205.1507  68.3060
204.9207  67.7060
204.3407  67.2360
203.7107  66.9360
202.9907  65.7460
202.9707  64.5560
203.1207  63.9160
203.0607  63.5760
202.8507  63.3060
202.8807  62.9160
202.8207  62.8160
201.9207  62.3960
201.5807  62.1460
199.4107  61.0060
198.9807  60.3860
198.5107  60.0560
198.4907  59.6660
196.3207  58.3060
195.9207  57.8160
196.0307  57.2260
195.5007  56.4060
195.0207  56.0260
194.7907  55.6260
194.4407  54.9060
194.0207  53.6960
193.9207  53.0260
193.9807  52.0660
194.2207  51.9360
194.3207  51.7160
194.2907  50.4960
194.5507  49.7460
194.9207  49.2060
195.3407  48.9360
195.7607  49.0060
196.1007  48.8060
196.5307  48.8360
196.6107  48.9560
196.7207  48.9060
197.1107  48.4660
197.1407  48.2360
197.3507  47.9460
197.9307  46.5260
198.1607  46.3460
198.1807  45.8960
198.6907  45.7260
198.5607  45.5060
198.4007  45.5060
198.2107  45.2860
198.3207  44.6160
198.0807  44.4360
197.9207  44.1160
198.0307  43.3760
197.7907  43.2260
197.6807  42.9760
197.2307  42.7960
197.1507  42.1460
197.2607  41.8260
196.4407  40.8560
196.3407  40.4060
196.2007  40.1860
196.2507  39.9360
195.4007  39.3960
194.9807  38.5560
194.9307  37.9560
195.6507  36.8460
196.1507  36.5260
196.2507  36.1960
195.7407  35.8060
195.5607  35.1360
194.7207  34.5460
194.4807  33.9760
194.2707  33.8260
193.6107  33.6460
193.0607  33.1760
192.6607  32.1260
192.1407  31.5060
192.1707  30.8160
192.3507  30.5660
192.3207  30.4360
191.9807  30.2160
190.2407  30.0360
189.8507  29.9160
189.5007  29.6660
188.7407  28.4560
188.3907  28.1560
188.1507  27.4860
187.3807  26.4860
186.7807  25.8960
186.8407  25.6960
186.3607  25.3960
186.2607  25.4960
186.0207  25.3760
186.1007  25.0460
185.7907  24.6160
185.6007  24.5460
185.0007  24.0460
184.4007  23.8760
183.8507  23.5460
183.6907  23.2960
183.6607  23.0760
182.6907  22.7760
182.4307  22.0760
182.0807  21.7960
182.0607  22.2260
182.1407  22.4760
181.9607  22.7760
181.3007  23.1060
180.5007  23.0360
180.0507  21.8460
179.7807  21.4760
178.4907  20.9260
178.3107  20.9460
177.9107  21.2160
177.6407  21.1460
177.6407  20.6060
177.4807  20.4560
176.6807  20.2860
176.5507  20.7560
176.0307  21.1260
175.9007  21.1260
175.8807  20.4360
175.6707  20.2860
175.4407  19.9360
175.4107  19.7160
174.3607  19.5860
174.1007  19.7360
173.9207  19.7360
173.6907  19.6560
173.6907  19.4560
173.5507  19.3260
173.1007  19.3560
172.8707  19.5260
172.6007  19.5960
171.6807  19.5160
171.2907  19.3160
171.1907  19.4160
170.8507  19.4360
170.9107  19.2560
170.2207  19.1260
170.2207  19.0060
170.4107  18.8060
170.2307  18.6260
169.4707  18.5760
169.0407  18.4460
168.7207  18.5660
168.3307  18.9860
168.0107  19.1060
167.8007  19.1060
167.5407  18.7260
167.3107  18.6560
167.2007  19.0060
167.0207  19.0060
166.9707  19.1760
166.7007  19.3960
166.3607  19.3960
166.2507  19.3160
166.2707  19.0160
165.7207  19.1460
165.1907  18.9260
165.0907  18.9960
165.0907  19.1160
165.2407  19.2160
165.2407  19.4860
164.7207  19.3660
164.6607  19.8160
163.9207  19.9160
163.5507  19.9460
163.5007  19.6760
163.2407  19.8460
163.2407  20.3160
163.0507  20.3160
162.9907  20.1960
162.7007  20.2960
162.5207  20.4960
162.4607  20.6260
162.9707  21.3460
162.9707  21.5960
162.7307  21.7660
162.6807  21.9660
162.7907  22.1960
162.5007  22.5460
161.8707  22.8960
160.2007  23.3960
159.4407  23.5260
158.9107  23.5260
158.7807  23.4460
156.7707  23.4960
156.6907  23.6160
153.4107  23.8360
148.9707  23.7860
148.7807  23.6660
148.7607  23.4860
148.5707  23.4360
148.1807  23.8360
148.1007  23.4560
147.7907  23.5260
147.7707  23.6960
147.6607  23.7460
146.3607  23.8260
143.0007  23.8460
138.3507  23.3460
136.1107  22.9060
126.8107  21.5060
124.1507  20.8560
123.5507  20.4560
123.0207  19.9060
122.5707  18.9560
122.7007  18.8360
122.8507  18.8860
122.9107  18.7860
122.8107  18.3660
122.8707  18.0660
123.0507  18.0360
123.3607  18.2660
123.6007  18.1860
123.5807  17.9860
123.2607  17.5860
122.8307  17.5160
122.5707  17.5960
122.3607  17.5260
122.1707  17.3260
121.9407  17.2960
121.7607  17.1660
121.5707  16.6260
121.1207  16.4960
121.1007  16.2760
120.7507  16.5260
119.9907  16.3960
119.8807  15.7460
119.7807  15.7160
117.9607  15.7460
117.2007  15.4560
116.6907  15.6360
115.8007  15.6060
115.0107  15.4560
114.8707  15.2760
114.2107  15.0460
113.3607  14.8960
113.2607  15.0160
112.1807  15.0160
109.7207  14.5360
108.6607  14.0860
108.5807  14.0060
108.6407  13.7260
107.8507  13.0760
107.6407  12.7960
106.3707  11.8760
106.1807  11.6460
106.1807  11.4160
105.6307  11.3960
105.5507  11.1160
105.2407  10.9660
105.1107  10.7960
105.0007  10.7660
104.8107  10.8660
104.5707  10.7660
104.5507  10.5160
104.1507  10.2460
103.9207   9.6960
104.1107   8.9060
103.9507   8.6860
 99.7807   7.3460
 98.9607   6.9460
 98.7807   6.7460
 98.4607   6.9460
 94.3207   7.5460
 91.7607   7.1660
 90.8407   6.8660
 87.4907   6.0760
 85.1607   5.7960
 84.2107   5.5460
 83.7607   5.1960
 83.1507   5.0660
 82.4607   5.0460
 76.1507   3.3060
 75.0907   2.5860
 74.4107   2.4560
 72.4907   1.4860
 71.8907   1.0560
 69.8107   0.2960
 48.3907  26.6460
 50.4607  42.0260
  0.2707 117.2860
  7.1507 143.0460
  9.4507 143.8460
  9.6607 144.0060
 10.7607 144.3260
 11.0007 144.4860
 11.9607 144.7660
 12.2707 144.9460
 13.2907 145.2360
 13.5707 145.4260
 14.6307 145.7160
 14.8407 145.8860
 15.0907 145.8760
 15.9507 146.1960
 16.1607 146.3660
 16.7907 146.4960
 17.4407 146.8360
 17.6807 146.8260
 18.5407 147.1460
 18.7207 147.3060
 18.9607 147.2960
 19.9407 147.6960
 20.2707 147.6160
 21.3507 148.2360
 21.5907 148.2260
 22.4707 148.5560
 22.6507 148.6960
 23.7107 148.9960
 23.9307 149.1660
 26.3307 149.9560
 26.5407 150.1160
 27.3207 150.3160
 34.3007 152.8860
 50.8907 158.7060
 51.2207 158.8860
 83.8807 170.2960
 84.9407 170.7460
 86.0807 171.0760
 86.2607 171.2160
 86.7507 171.2460
 88.3207 171.8660
 94.4607 173.9760
 94.6407 174.1160
 98.7207 175.4860
 99.8007 175.9560
105.1007 177.7360
106.1807 178.1160
106.3607 178.2560
106.3607 178.1960
107.1307 178.4160
108.9507 179.1360
110.0407 179.4460
110.2807 179.6260
110.2807 179.5560
110.9107 179.7560
111.5607 180.0960
111.7607 180.0560
112.7107 180.3960
112.8507 180.5360
113.0507 180.5060
113.9907 180.8260
114.1407 180.9860
114.3807 180.9760
115.5007 181.4560
115.9607 181.5260
116.7307 181.9060
116.9507 181.8760
117.8807 182.1960
118.0607 182.3660
118.3007 182.3560
119.3707 182.8060
121.7707 183.5660
121.9507 183.7360
122.1707 183.6960
123.2507 184.1760
124.4207 184.5160
124.6007 184.6660
124.7807 184.6260
125.8607 185.0860
126.0307 185.0560
127.2807 185.5860
136.5707 188.7460
137.6407 189.1960
137.7807 189.1560
140.0207 189.9360
140.2607 190.0860
141.3007 190.3760
141.6007 190.5460
142.7507 190.8760
157.0207 195.8660
158.3307 196.3960

Z̧ufār
37
230.2007  52.5360
230.9107  52.1160
231.1207  51.9360
231.1507  51.7860
231.3807  51.6860
231.9307  51.7560
232.0807  51.6360
232.1007  51.0960
231.8307  50.7960
231.7807  50.6260
231.5907  50.5460
231.3207  50.5660
231.0307  50.2660
230.6307  50.7360
230.4807  50.4860
230.2207  50.7560
230.4307  50.9360
230.3007  51.2060
230.0707  51.1360
229.9307  50.9660
229.6907  50.9160
229.4807  51.0360
229.2707  50.9860
229.2407  51.1360
229.1107  51.2360
229.0507  50.9460
228.9707  50.9460
228.7807  51.5160
228.7807  51.5960
228.9107  51.5960
228.9307  51.7760
229.0807  51.8060
229.1107  51.6360
229.2907  51.6560
229.6107  52.1560
229.7507  52.1360
229.9907  52.4560

Z̧ufār
53
241.8007  55.2360
241.9107  55.1660
241.9407  54.9860
242.1307  54.7160
242.0807  53.9560
242.2407  53.7560
242.1907  53.3860
242.3807  52.9160
242.9607  52.8460
243.1507  52.6960
244.3407  52.6960
244.3907  52.4260
244.3307  52.3260
244.1707  52.2960
243.9807  51.9060
243.0007  51.6560
241.7307  50.9060
241.4207  50.8060
240.7307  50.8760
240.4907  51.0060
240.3007  51.0060
240.2807  50.7860
240.1007  50.8160
239.6207  50.6860
239.5107  50.7160
239.5107  50.8660
239.4107  50.9660
238.7607  50.8860
237.8007  51.2660
237.5607  51.2660
237.4507  51.1660
236.7107  51.6360
236.5807  52.0060
236.7407  52.0060
236.7407  52.1560
236.6907  52.2260
236.3807  52.1960
236.3507  52.3260
236.7207  52.8760
238.0407  53.3960
238.4007  53.4460
238.4307  53.5160
238.3307  53.6360
238.4807  53.7660
238.7707  53.7960
238.9307  53.6660
239.3807  53.6960
239.6407  53.7460
240.0307  54.0160
240.4207  54.0960
240.8107  54.2960
241.3607  54.7860
241.6207  55.1760

