657 601

Balochistan
450
326.5193 358.9650
333.8593 359.2450
334.9793 358.6450
338.3093 361.2550
339.8293 364.0950
345.5893 365.0250
344.4493 361.1750
347.2193 359.3950
345.7993 355.7550
347.0893 354.9150
349.5793 356.9050
349.8993 356.5150
349.0793 349.6850
348.8693 339.8950
350.3793 339.3550
352.1093 337.5750
353.2493 331.0950
354.1093 331.7050
355.2593 335.3150
358.0393 335.6250
360.8693 338.0550
361.5993 337.0050
361.7793 329.0550
360.7793 322.6650
361.7493 319.7550
361.7493 319.7550
361.2693 311.1550
361.3193 310.4950
362.3093 309.8450
362.1893 308.3650
359.7093 307.9050
359.2993 305.2750
357.7793 305.1050
357.3893 303.5450
355.6093 303.4150
355.1393 302.7550
354.8093 300.4850
355.6693 298.5850
351.2093 290.8450
351.0393 287.5850
349.7393 284.4850
350.9893 283.8150
351.1593 281.6450
352.3793 282.9850
353.3593 283.1850
354.5593 282.7350
354.5793 281.4750
353.5193 279.5350
351.2993 277.2950
351.3193 274.1550
346.4193 263.1850
343.9993 261.5250
342.7693 259.2350
338.3993 257.9450
337.2093 256.4350
337.2693 251.4950
335.9493 246.8550
339.6693 245.3350
340.0093 244.1850
339.2493 242.6250
340.7993 240.3350
342.4393 241.4950
343.0993 240.5950
341.3693 232.2850
339.0893 230.9950
336.5793 227.0950
333.7793 224.5050
333.4393 221.5850
334.7093 219.5950
332.7493 214.9750
330.2393 211.1850
326.8493 209.2850
326.9793 208.0550
328.8593 205.0450
328.8593 205.0450
305.8693 204.0950
299.1393 204.6250
293.7493 203.7450
292.2193 202.4850
290.0893 199.0750
285.8093 197.1050
274.1393 187.8250
272.0593 184.3650
269.3693 183.6850
265.5893 181.4050
261.7893 180.1250
252.2993 178.6750
251.5993 178.0250
250.6093 173.3650
249.1193 171.2250
246.9793 169.5450
245.9193 165.8450
243.8593 163.4850
243.3593 158.3550
241.7693 154.3250
241.6793 152.3750
242.8393 139.7650
242.2493 135.2450
242.9793 130.6350
242.3493 126.7450
243.2093 121.2250
254.2693 101.8750
253.3593  94.8250
253.9093  91.7150
253.6093  88.9750
251.7093  85.4350
251.2193  82.8050
247.9293  80.1950
247.2893  77.5650
245.3893  76.6750
242.9293  72.3350
243.1093  68.8450
241.9193  65.9850
239.6593  64.4750
237.7993  61.9950
237.6693  59.3350
234.5093  55.8650
231.5593  55.4550
227.7593  52.9550
225.5693  50.3850
225.5693  50.3850
224.8993  50.3750
224.2193  52.1550
225.1793  52.9750
225.5893  57.0050
225.1593  58.5250
226.4793  60.2250
226.9893  61.7950
226.7393  63.0950
224.1593  66.2250
219.2793  70.2550
219.2593  71.1650
220.2393  71.1850
220.0293  72.1550
219.5093  71.8150
219.8093  72.6750
220.0493  72.3950
220.6793  73.1150
219.7093  73.9150
219.7693  75.2650
218.4793  76.2850
216.2693  76.8350
214.9693  76.5950
214.5093  76.9850
214.8093  78.0150
214.3393  78.2750
213.8593  77.3550
213.2293  77.7250
213.8993  78.6250
213.4293  79.4750
211.3093  80.2550
208.7593  79.8250
207.5493  78.1850
210.4693  77.8050
211.4193  78.1450
211.7093  77.2650
212.9193  77.2550
214.6793  75.3850
216.8293  76.0150
218.3093  75.7050
218.3893  73.5350
216.9393  73.4050
218.3793  72.5950
218.2193  72.0250
217.2793  71.9550
211.8193  74.4050
209.0793  74.7250
202.2693  73.8750
196.8093  72.4850
191.4693  72.6650
189.2593  71.1250
184.1593  69.8650
177.1893  71.4650
175.5093  70.6850
173.5893  71.1950
169.8293  70.9450
168.9193  70.4750
168.0693  68.2550
166.8093  67.7250
156.2893  68.6850
150.3593  68.4250
147.4493  67.7650
145.6493  65.9550
145.5193  63.4250
146.8493  63.5650
147.5593  62.6050
143.7093  61.4050
143.0393  62.3650
144.5893  63.5850
144.5993  64.1650
142.8093  66.0150
140.5093  66.4950
139.1493  65.8950
138.9893  65.1850
136.1193  64.9350
134.2193  66.1350
129.5493  67.6150
129.4093  68.1250
124.2393  68.6250
124.1893  70.3050
125.2893  70.1350
123.4593  71.6450
126.5193  71.6850
126.2293  72.2850
127.6293  73.6050
127.7593  74.3750
125.3993  74.9450
123.9193  74.1850
120.6093  74.3750
121.3793  73.9450
121.3493  73.3550
119.5193  72.5950
120.5093  71.2850
121.1793  72.0750
122.3293  72.1950
123.5093  69.7350
122.7993  68.6850
116.4693  69.3350
108.9293  71.1950
104.2193  70.4750
101.2293  68.6750
100.5293  66.9950
100.5193  65.1150
101.6093  64.4150
101.1893  63.5450
 86.8793  65.7750
 85.5193  65.6050
 85.1093  64.7150
 82.2193  63.7450
 74.0193  65.5050
 63.8993  66.1950
 61.7193  65.7550
 61.0893  64.8350
 61.6693  64.2350
 58.4493  63.5250
 56.7793  62.2250
 56.0693  59.8450
 56.5293  59.2150
 58.2393  59.2650
 57.8493  58.8050
 53.3693  59.2250
 55.6393  59.9050
 55.2193  62.2050
 53.0593  63.7750
 49.8493  64.1750
 47.2493  63.5650
 45.6993  62.3850
 45.3993  61.2950
 46.2193  60.8350
 46.1493  59.8650
 47.0093  59.0550
 39.8993  59.4350
 38.1193  58.6650
 38.4093  58.0650
 37.7293  56.3650
 34.8293  55.4050
 33.0093  55.7350
 33.1593  57.8650
 34.4393  58.6650
 34.0093  60.1250
 30.4993  62.0750
 27.0093  62.6150
 28.3093  63.0650
 30.0593  67.4250
 31.0293  82.6350
 32.0393  83.9950
 31.3893  85.3450
 31.3593  88.8150
 34.4393  88.9250
 34.8893  89.6250
 37.4993 107.1750
 38.3893 107.9750
 41.7693 108.9150
 45.7493 110.9250
 48.0693 110.9850
 48.5093 114.1250
 54.3193 112.7650
 54.6593 113.9850
 53.6293 115.0950
 53.3093 116.5250
 54.3193 116.5750
 55.3293 117.8350
 54.8293 118.7850
 55.2193 119.8850
 58.9893 120.5250
 60.1893 121.7650
 66.9093 122.4950
 68.9493 123.8450
 71.2893 123.9950
 71.8893 124.7950
 73.5093 125.3850
 81.5193 125.4350
 84.0593 124.7550
 88.6093 125.1750
 89.7893 129.0750
 89.4993 133.6250
 92.9493 134.9650
 91.9993 137.2950
 91.9693 143.9550
 94.3493 146.3650
 93.6493 148.1050
 89.1993 150.8050
 84.3393 150.4450
 80.1993 148.6650
 77.3593 149.7450
 75.1593 149.5350
 73.6793 150.4850
 73.6193 151.2250
 75.5993 153.5450
 74.6293 155.0650
 76.4893 160.4850
 75.1093 175.2450
 73.9593 182.7850
 73.1193 185.1550
 74.2193 192.8550
 74.0393 195.8350
 66.3193 194.8750
 59.5293 202.0150
 54.8693 203.9850
 52.6893 204.0850
 50.0093 205.0350
 47.8893 204.9250
 45.0893 205.9250
 35.8393 211.7250
 31.0793 217.4450
 24.2493 227.8550
 24.2093 230.0050
 23.2693 231.0650
 22.9493 232.5350
 20.8293 233.4850
 21.3293 236.0450
 19.5793 237.2650
 18.4193 240.0950
 18.9893 243.0050
 12.0293 249.8050
  0.6893 264.6350
 40.3093 251.6050
 43.4693 249.9750
 58.5993 244.7350
 61.8893 244.2250
 86.4393 247.1550
 93.5293 247.1250
 96.4393 248.0250
107.6593 248.6450
119.4393 246.4050
124.2693 243.6650
126.0093 243.5650
127.3293 245.1050
126.9793 246.7650
127.9093 247.9850
129.9993 248.7350
131.0593 249.9350
133.2693 249.9050
137.8693 251.3150
137.8793 252.3150
139.4693 252.8450
145.0493 253.2550
156.0893 252.1750
157.7993 252.6450
161.3793 251.2150
189.7293 259.6550
189.7093 258.5550
193.1393 260.4450
197.9093 261.3950
198.0593 262.0250
208.2793 264.8250
209.1793 265.7950
208.5893 266.4550
211.7693 269.9850
211.9493 270.5950
207.1793 274.7850
207.9493 276.9950
209.6893 278.4050
209.4393 279.6650
211.4793 285.0250
211.6293 289.0850
212.6593 291.2050
211.7393 292.0050
212.5193 292.8850
212.0393 293.8750
209.5293 295.1250
209.3493 295.8050
210.3793 300.4950
212.8393 305.5450
211.8493 306.9050
213.0293 309.2550
214.5293 309.9350
216.6093 312.8850
215.6193 312.9650
215.6193 313.6050
220.8993 314.7250
222.4193 316.1850
223.2693 318.1650
224.9093 319.2750
226.6093 325.1050
226.2093 326.0150
228.6293 326.0650
230.2593 328.3750
232.8593 329.8150
237.1493 330.5050
236.8993 329.6850
238.2793 329.3950
237.1993 327.0250
239.0393 325.6350
240.6193 326.1350
242.7993 325.9250
248.4393 324.6750
255.8693 326.5850
256.2293 326.7550
254.8993 327.2250
258.8693 328.7550
260.6393 328.9050
263.9893 330.8750
266.1393 331.2050
267.1893 332.5150
266.4693 334.4650
265.2893 335.1350
261.1493 334.4950
259.7493 335.6750
259.6493 337.6450
258.0593 340.2750
259.6493 340.4750
260.1593 339.1450
264.8593 339.1850
269.9493 343.8750
274.1593 344.8350
277.3993 346.9650
278.9593 349.4750
279.5393 350.4150
281.8693 354.0950
282.1993 353.2050
285.3693 352.6150
285.0493 351.8850
286.4293 350.6050
291.6593 350.6250
292.0993 350.8950
297.3993 353.8250
299.7993 351.5750
302.4893 351.1950
303.0793 347.8850
305.2693 346.2750
306.4893 343.9650
308.1693 343.3950
310.8193 343.7250
312.0693 345.5750
314.8493 344.7150
315.2593 345.7750
318.5993 348.1750
321.6793 354.7450
322.9793 355.3850

Gilgit-Baltistan
208
536.1193 596.4750
537.1693 596.6550
539.5893 598.4250
540.3493 594.8350
543.0993 592.2550
547.0793 595.9650
548.6593 595.6750
551.7793 596.3750
552.5293 594.8750
555.2793 593.3650
557.6593 593.7450
561.6393 592.6550
561.9593 592.2650
561.1393 591.0850
562.2393 589.5150
562.4593 584.4250
563.6793 582.0150
564.2193 581.7650
565.4093 582.4750
566.6393 582.0650
566.4793 583.5850
567.2293 584.1750
571.3293 584.2850
574.3193 583.2050
576.6193 581.6250
581.6393 577.1550
582.1793 573.7350
584.0893 571.2950
585.7593 567.0350
585.7493 566.0850
584.1193 563.6050
584.3193 561.4950
585.1593 561.2850
586.9293 558.3350
585.0193 558.0450
584.8393 556.3450
585.5193 555.4450
583.4593 555.1150
583.2993 554.3350
582.3293 553.8850
582.6993 550.8050
584.8393 548.3650
588.3293 548.1950
591.0493 544.0750
591.5493 539.5850
593.3593 540.4150
598.2693 539.5850
599.9993 541.3650
602.1393 541.3550
603.1693 542.4050
604.3493 542.1450
606.7193 543.5950
607.6193 542.4150
607.1293 538.8950
607.8293 537.2750
610.5393 536.0050
613.8793 532.0250
617.7393 531.8850
621.6593 528.8150
625.6493 528.4850
627.0993 526.9250
630.6793 525.1150
635.5393 525.2350
638.9793 522.2950
644.1893 523.5850
646.8793 522.6850
650.3693 522.8550
654.3093 524.5850
656.0693 523.8250
655.3293 523.8450
648.6193 517.4950
629.5193 502.7750
626.0993 501.3350
624.1593 502.0150
623.3593 497.3450
622.3093 497.1750
618.4293 498.9050
616.1493 497.1650
613.7593 496.7550
613.5293 492.6950
611.1493 488.9150
606.5093 488.8550
603.1193 490.5450
599.7093 487.8050
597.0093 487.6050
594.8393 485.3950
590.8893 483.4750
589.4893 483.6250
587.6593 485.0150
586.1893 484.7350
584.4593 482.8450
582.6993 482.9050
581.6293 481.6750
578.7093 480.2550
575.0793 477.5050
569.9093 478.5750
564.0693 478.7950
564.0693 478.7950
562.9693 480.3750
561.4193 481.0050
559.7893 483.4950
559.4193 485.1750
559.9793 489.9850
559.5293 491.3750
557.1593 493.6050
556.0893 495.8250
555.5893 495.8550
554.1693 493.5850
553.4493 493.3750
552.9993 494.1450
548.6293 490.6850
546.5193 493.7250
542.3893 494.9750
539.9993 497.0950
538.7393 497.4350
538.0293 496.1950
538.1293 500.2650
538.9493 502.3950
534.7293 504.7650
532.1193 507.4950
528.1093 505.4750
526.3293 503.9150
524.7293 504.1750
523.6993 505.6150
520.2793 506.5950
516.1893 506.9150
512.3093 506.0650
512.3093 506.0650
510.5193 507.3150
508.6393 506.9450
507.7393 508.1750
505.6893 508.8250
504.1493 510.0550
501.5993 509.9850
499.6793 511.3950
496.8393 510.6250
495.7693 514.4250
495.7893 518.2850
496.3893 520.0250
498.1693 521.2350
499.9393 523.9750
498.9193 524.8450
484.7693 527.2450
479.6093 529.1650
473.9993 533.6750
473.0593 536.0950
473.5393 539.8250
472.3193 540.8550
471.1993 540.9750
467.8193 539.6050
461.9793 540.6550
455.9993 538.8650
452.2993 540.1750
451.2993 541.8450
449.8893 542.7550
451.9893 547.8650
450.1193 551.8150
451.0893 554.3950
450.9593 557.1550
451.7593 559.0350
453.5593 560.2150
456.2393 560.1050
457.4893 561.9650
462.9693 565.4250
463.9093 569.1250
467.1793 569.9950
467.3493 571.3050
470.1093 573.1750
471.5593 576.4250
470.5993 579.3750
471.0593 580.5350
472.8293 580.8150
474.8193 582.0750
478.3193 581.5150
482.4893 583.1950
484.4893 583.4550
487.4193 582.2450
490.5193 582.3650
491.4093 581.3250
494.2793 581.1050
495.8593 581.9450
497.2293 581.6150
498.4293 581.9950
501.5293 581.3450
502.1193 583.2950
501.2393 585.3650
499.5893 585.9350
498.9393 587.1650
495.6693 588.0350
494.2993 590.1050
494.2993 590.1050
493.5693 590.7850
494.3693 591.1350
496.0093 591.2050
497.1093 590.6250
501.2293 591.0250
508.4893 588.0250
512.0493 587.7850
513.2993 591.0650
517.1793 590.6150
523.6793 595.2250
527.4293 595.3650
528.1693 593.7350
529.0193 593.4950
529.5293 597.0750
531.0593 597.8250
531.3893 599.7050
533.8393 599.9950

Islamabad
21
469.1193 442.0350
472.9893 444.0050
474.6893 443.3050
478.1093 443.6950
479.3393 444.6550
481.1093 445.0250
483.3593 447.8150
483.3593 447.8150
483.3393 443.5950
484.2493 440.5550
486.3093 439.5350
488.4493 434.4550
489.0993 428.2150
488.6493 427.4150
482.2193 425.3950
476.0493 426.6250
473.6593 429.5250
473.8293 432.3550
473.2293 436.7550
472.4993 438.4950
470.7593 435.8750

Azad_Kashmir
151
512.3093 506.0650
516.1893 506.9150
520.2793 506.5950
523.6993 505.6150
524.7293 504.1750
526.3293 503.9150
528.1093 505.4750
532.1193 507.4950
534.7293 504.7650
538.9493 502.3950
538.1293 500.2650
538.0293 496.1950
538.7393 497.4350
539.9993 497.0950
542.3893 494.9750
546.5193 493.7250
548.6293 490.6850
552.9993 494.1450
553.4493 493.3750
554.1693 493.5850
555.5893 495.8550
556.0893 495.8250
557.1593 493.6050
559.5293 491.3750
559.9793 489.9850
559.4193 485.1750
559.7893 483.4950
561.4193 481.0050
562.9693 480.3750
564.0693 478.7950
564.0693 478.7950
559.6593 479.6750
556.2293 481.9550
556.3893 483.2950
555.7593 483.6550
551.5993 484.3650
546.8193 483.3850
542.6393 485.3350
539.7393 485.0750
535.5793 485.5950
533.3793 486.1550
529.8593 489.4050
521.9393 490.9750
520.6193 490.3250
519.2993 490.8250
518.2393 489.3250
515.2693 487.8350
512.8993 485.7150
509.3193 485.4250
507.9193 486.5850
505.8793 485.9650
504.6093 483.5950
505.4093 480.1850
503.3693 478.9550
503.0393 477.4750
503.4993 476.5750
498.7893 472.8650
498.2593 470.2150
498.6493 469.7550
499.9693 470.0850
501.2993 469.2250
503.5293 470.2250
506.4993 465.7950
506.5093 463.3250
504.2093 460.0850
502.9993 456.9650
502.8993 455.8050
503.4793 455.0050
507.6493 454.5250
512.1993 456.0450
513.6593 455.2850
515.7193 455.2750
517.0393 454.1250
517.5193 449.9850
515.9193 447.3150
512.9593 445.5950
509.9593 445.1350
505.7293 440.5150
508.5193 433.7750
509.4993 433.3350
511.1193 433.5750
514.3093 429.4850
514.6493 428.2750
514.0193 423.2550
511.3993 419.7450
508.1993 419.2050
507.9693 416.4250
511.7393 414.8650
514.2293 412.2350
515.3593 409.2950
517.2793 409.5450
520.9493 408.0550
521.0793 406.5350
519.7193 403.6250
523.4293 402.9050
525.2793 397.7650
525.2793 397.7650
522.6893 396.7250
521.5793 396.9050
520.1693 398.8450
507.5293 405.0950
504.3693 408.8750
502.7893 408.9250
499.9093 407.7150
498.6693 408.3850
497.7593 409.7450
493.0393 411.6550
492.9793 413.1950
494.3393 414.5350
494.2893 416.2850
492.8793 417.2450
492.1593 419.6250
492.5393 420.3450
491.9193 421.8050
492.2193 422.6350
491.3493 422.9050
490.8093 424.4350
491.8393 427.5150
492.9793 428.4650
492.2693 429.9550
492.3893 430.9150
493.1693 431.5450
492.9893 433.5050
490.7393 436.0650
490.9393 437.9250
491.8993 439.5050
491.6593 441.7450
490.6593 443.6850
491.3893 448.0050
489.2393 452.3650
489.2393 452.3650
488.4393 454.6950
486.7093 466.2850
484.7593 468.1850
484.1793 470.1150
485.8593 479.3450
486.7093 480.1350
491.2393 480.8750
492.9093 479.7550
493.5393 479.8950
494.8193 483.5850
494.4093 485.8650
495.9493 487.2850
496.8293 489.6550
500.9893 492.0750
503.8493 492.0650
506.7593 493.9750
509.4193 498.1150
509.5793 500.0150
510.7193 501.0650
509.8193 503.0450

Khyber_Pakhtunkhwa
356
494.2993 590.1050
495.6693 588.0350
498.9393 587.1650
499.5893 585.9350
501.2393 585.3650
502.1193 583.2950
501.5293 581.3450
498.4293 581.9950
497.2293 581.6150
495.8593 581.9450
494.2793 581.1050
491.4093 581.3250
490.5193 582.3650
487.4193 582.2450
484.4893 583.4550
482.4893 583.1950
478.3193 581.5150
474.8193 582.0750
472.8293 580.8150
471.0593 580.5350
470.5993 579.3750
471.5593 576.4250
470.1093 573.1750
467.3493 571.3050
467.1793 569.9950
463.9093 569.1250
462.9693 565.4250
457.4893 561.9650
456.2393 560.1050
453.5593 560.2150
451.7593 559.0350
450.9593 557.1550
451.0893 554.3950
450.1193 551.8150
451.9893 547.8650
449.8893 542.7550
451.2993 541.8450
452.2993 540.1750
455.9993 538.8650
461.9793 540.6550
467.8193 539.6050
471.1993 540.9750
472.3193 540.8550
473.5393 539.8250
473.0593 536.0950
473.9993 533.6750
479.6093 529.1650
484.7693 527.2450
498.9193 524.8450
499.9393 523.9750
498.1693 521.2350
496.3893 520.0250
495.7893 518.2850
495.7693 514.4250
496.8393 510.6250
499.6793 511.3950
501.5993 509.9850
504.1493 510.0550
505.6893 508.8250
507.7393 508.1750
508.6393 506.9450
510.5193 507.3150
512.3093 506.0650
512.3093 506.0650
509.9593 504.4350
509.8193 503.0450
510.7193 501.0650
509.5793 500.0150
509.4193 498.1150
506.7593 493.9750
503.8493 492.0650
500.9893 492.0750
496.8293 489.6550
495.9493 487.2850
494.4093 485.8650
494.8193 483.5850
493.5393 479.8950
492.9093 479.7550
491.2393 480.8750
486.7093 480.1350
485.8593 479.3450
484.1793 470.1150
484.7593 468.1850
486.7093 466.2850
488.4393 454.6950
489.2393 452.3650
489.2393 452.3650
486.9993 450.5050
485.4293 450.8250
484.4793 450.3550
484.2493 449.8150
484.9593 448.5350
483.3593 447.8150
483.3593 447.8150
481.1093 445.0250
479.3393 444.6550
478.1093 443.6950
474.6893 443.3050
472.9893 444.0050
469.1193 442.0350
469.1193 442.0350
467.2493 441.2450
466.1493 442.6750
462.7693 442.9550
462.7293 445.1650
461.8293 446.6950
461.7693 449.4450
461.0493 449.9350
460.8793 451.4250
459.8693 451.2350
457.0293 448.0950
455.2193 448.2050
454.0893 449.0850
455.0193 451.5250
451.6993 451.7550
450.3793 454.2850
448.9393 454.2950
448.3693 455.4950
447.4893 455.2950
446.1393 454.6350
444.1793 452.5650
439.5193 451.0350
439.8393 443.4050
436.5193 443.3750
433.8693 444.2650
433.4293 443.2050
431.8293 442.6050
430.7493 439.5250
429.6793 438.4150
429.6793 435.0350
428.5193 433.5850
428.7893 431.9250
426.5793 429.8650
425.6093 426.9550
424.6093 425.9650
420.0093 424.3150
419.0793 423.2250
419.4093 421.8450
418.3793 419.5950
420.3893 416.9250
420.5993 415.3150
418.6993 412.4250
418.9193 410.4350
415.2293 412.2450
413.1993 417.3650
411.7893 417.5850
410.1593 416.8850
408.2793 418.2650
406.3893 418.0550
406.2893 416.6050
407.6893 414.0850
407.1393 411.6050
408.6293 410.3750
408.2693 408.2950
405.8393 407.6750
404.4193 406.4550
402.6793 407.3850
401.3793 407.3650
397.8393 405.1050
396.4393 402.9150
396.2793 398.6350
395.4493 396.9650
397.5593 389.0650
398.9393 388.5250
400.5693 388.8650
401.4093 388.0650
401.4793 386.9850
400.4993 384.7550
401.3593 384.2450
403.4993 385.7850
405.0293 385.7750
405.6493 383.5250
404.8093 378.6350
402.0493 378.3150
401.0693 377.7050
398.1693 373.5250
398.1393 370.1750
395.3193 368.3250
395.5593 365.6850
394.0193 361.5550
393.7293 358.9850
392.9193 357.8850
392.8893 356.3950
391.3093 355.1050
388.4693 349.3850
386.2093 347.0850
386.2893 345.0950
385.5593 342.7250
384.6993 341.8950
384.6293 340.6050
386.2293 341.2450
386.8593 339.8050
385.9793 338.4450
386.2093 335.8750
384.2693 334.8950
384.7593 333.5450
383.8293 330.8150
381.4093 328.7650
380.6793 331.4050
378.3593 330.2850
373.7693 331.7150
369.6493 329.6750
369.0393 328.0850
367.8593 327.5150
367.8593 326.3950
367.8593 326.3950
364.8193 338.5450
367.8193 341.1550
364.0193 342.9550
362.4993 345.4350
355.5593 367.4250
355.8093 369.5250
357.4793 371.7550
364.5193 376.2750
370.3993 382.7450
371.6993 383.1150
373.3493 382.7250
374.0593 383.8050
367.0993 394.8850
366.8693 398.9750
368.0493 399.8850
370.4593 406.2650
373.0793 409.7450
373.6093 409.0150
377.0293 408.9950
379.8393 409.7050
383.6693 412.7450
385.9093 416.0550
384.4893 417.1150
379.6093 417.4250
379.0793 419.0950
375.9093 420.1550
373.4693 422.6850
371.1693 426.5950
374.8393 427.0050
377.2193 429.2150
380.4493 430.0550
381.4493 433.8950
388.1793 432.7750
391.4593 432.9050
392.3693 433.6350
393.9593 433.7450
394.5193 435.8850
395.7793 437.0050
395.3593 440.0450
396.2493 441.0750
398.7493 439.9150
404.1293 435.8950
407.6693 436.6550
412.6193 435.6050
415.4293 435.7050
415.3893 434.9650
413.8793 433.3650
414.1093 432.3150
415.2393 431.5150
418.7193 432.0850
423.7293 436.1450
422.8393 438.1750
424.5593 440.3550
424.7193 441.6850
420.3693 445.0650
419.2893 442.9950
416.8593 441.3150
414.5293 440.5350
411.4493 440.9150
410.7793 442.1050
411.0593 444.9750
407.6293 447.1950
407.6693 450.1450
405.6593 453.9050
405.7293 457.6950
408.6493 463.4750
410.8793 465.0750
413.7593 469.8350
415.6293 470.6150
418.4193 475.0250
416.5393 478.7750
417.6693 479.9350
418.5293 483.0150
421.0993 484.5450
421.3393 486.8250
422.3193 488.8450
421.9993 489.7050
420.8393 490.4250
416.5793 491.1850
414.2393 495.9850
411.8293 498.6650
411.8293 498.6650
413.0793 501.2150
414.1293 501.4850
412.7693 502.2550
412.0993 504.4550
415.2593 506.7750
418.0393 509.9250
417.9493 510.8150
416.0393 511.6650
413.2993 514.8850
417.3393 520.5550
417.1593 521.7250
415.3693 524.3150
416.3593 526.8050
415.2593 527.9850
411.6993 529.3550
413.6893 533.3250
413.0793 534.7750
410.5293 536.4750
411.4493 537.8450
410.5893 538.6150
409.9593 540.7350
407.0593 543.2650
406.5593 545.6150
405.7593 546.2650
404.4093 546.0150
403.8493 546.9250
400.9493 548.6750
400.1693 550.3750
401.6893 552.0350
401.7893 553.0550
403.5993 554.7450
405.1493 555.0150
406.4793 556.6750
408.7193 557.7550
409.3593 559.9350
415.2993 562.9350
414.9893 564.1650
413.6093 565.2850
415.5993 566.8050
416.5493 568.3150
416.5993 570.1850
419.3993 568.9050
422.1593 566.6250
424.5393 566.5650
424.7093 567.9950
423.0393 568.6050
423.5593 571.6450
426.5393 571.6350
427.5593 574.2950
430.5593 574.6250
432.3493 575.9650
433.7993 576.0450
434.0393 578.5050
438.2893 579.2750
437.6693 580.6650
439.3893 583.5450
441.7593 583.1350
443.0893 583.8250
445.1493 583.9450
445.9593 584.6550
449.2093 584.7050
451.1493 586.8850
454.4893 588.1150
464.1993 587.7550
472.1693 589.2950
476.0193 589.4850
481.1693 588.2650
485.9793 589.7550

Punjab
379
367.8593 326.3950
367.8593 327.5150
369.0393 328.0850
369.6493 329.6750
373.7693 331.7150
378.3593 330.2850
380.6793 331.4050
381.4093 328.7650
383.8293 330.8150
384.7593 333.5450
384.2693 334.8950
386.2093 335.8750
385.9793 338.4450
386.8593 339.8050
386.2293 341.2450
384.6293 340.6050
384.6993 341.8950
385.5593 342.7250
386.2893 345.0950
386.2093 347.0850
388.4693 349.3850
391.3093 355.1050
392.8893 356.3950
392.9193 357.8850
393.7293 358.9850
394.0193 361.5550
395.5593 365.6850
395.3193 368.3250
398.1393 370.1750
398.1693 373.5250
401.0693 377.7050
402.0493 378.3150
404.8093 378.6350
405.6493 383.5250
405.0293 385.7750
403.4993 385.7850
401.3593 384.2450
400.4993 384.7550
401.4793 386.9850
401.4093 388.0650
400.5693 388.8650
398.9393 388.5250
397.5593 389.0650
395.4493 396.9650
396.2793 398.6350
396.4393 402.9150
397.8393 405.1050
401.3793 407.3650
402.6793 407.3850
404.4193 406.4550
405.8393 407.6750
408.2693 408.2950
408.6293 410.3750
407.1393 411.6050
407.6893 414.0850
406.2893 416.6050
406.3893 418.0550
408.2793 418.2650
410.1593 416.8850
411.7893 417.5850
413.1993 417.3650
415.2293 412.2450
418.9193 410.4350
418.6993 412.4250
420.5993 415.3150
420.3893 416.9250
418.3793 419.5950
419.4093 421.8450
419.0793 423.2250
420.0093 424.3150
424.6093 425.9650
425.6093 426.9550
426.5793 429.8650
428.7893 431.9250
428.5193 433.5850
429.6793 435.0350
429.6793 438.4150
430.7493 439.5250
431.8293 442.6050
433.4293 443.2050
433.8693 444.2650
436.5193 443.3750
439.8393 443.4050
439.5193 451.0350
444.1793 452.5650
446.1393 454.6350
447.4893 455.2950
448.3693 455.4950
448.9393 454.2950
450.3793 454.2850
451.6993 451.7550
455.0193 451.5250
454.0893 449.0850
455.2193 448.2050
457.0293 448.0950
459.8693 451.2350
460.8793 451.4250
461.0493 449.9350
461.7693 449.4450
461.8293 446.6950
462.7293 445.1650
462.7693 442.9550
466.1493 442.6750
467.2493 441.2450
469.1193 442.0350
469.1193 442.0350
469.3893 435.7550
470.7593 435.8750
472.4993 438.4950
473.2293 436.7550
473.8293 432.3550
473.6593 429.5250
476.0493 426.6250
482.2193 425.3950
488.6493 427.4150
489.0993 428.2150
488.4493 434.4550
486.3093 439.5350
484.2493 440.5550
483.3393 443.5950
483.3593 447.8150
483.3593 447.8150
484.9593 448.5350
484.2493 449.8150
484.4793 450.3550
485.4293 450.8250
486.9993 450.5050
489.2393 452.3650
489.2393 452.3650
491.3893 448.0050
490.6593 443.6850
491.6593 441.7450
491.8993 439.5050
490.9393 437.9250
490.7393 436.0650
492.9893 433.5050
493.1693 431.5450
492.3893 430.9150
492.2693 429.9550
492.9793 428.4650
491.8393 427.5150
490.8093 424.4350
491.3493 422.9050
492.2193 422.6350
491.9193 421.8050
492.5393 420.3450
492.1593 419.6250
492.8793 417.2450
494.2893 416.2850
494.3393 414.5350
492.9793 413.1950
493.0393 411.6550
497.7593 409.7450
498.6693 408.3850
499.9093 407.7150
502.7893 408.9250
504.3693 408.8750
507.5293 405.0950
520.1693 398.8450
521.5793 396.9050
522.6893 396.7250
525.2793 397.7650
525.2793 397.7650
527.9793 395.4250
531.1793 396.2050
532.2293 397.7650
532.2493 399.1850
534.3793 399.9550
532.5693 394.4050
533.5693 391.6450
532.2593 389.4950
532.6493 387.1750
533.7393 386.1650
533.9793 384.1050
536.3093 383.4750
539.7293 384.2550
545.0593 382.0450
547.2593 384.0450
549.2893 383.5150
551.0493 380.8250
551.8093 380.4750
553.3893 380.9750
553.6593 380.1050
555.0493 379.8250
558.8793 376.7450
559.2393 374.7850
560.2893 373.8850
560.1393 372.3350
558.3693 370.4250
558.2493 368.8950
557.0493 368.1250
556.6193 366.7850
555.3493 365.6250
554.9093 365.5050
554.7093 366.7750
553.6493 366.9650
553.2593 365.4650
552.4593 364.7550
551.6793 365.4250
550.5893 365.4250
549.6593 364.3650
546.2893 362.9750
543.2293 364.6450
542.1193 363.9050
541.1593 363.9550
540.8793 362.7550
539.9193 362.5850
540.1293 362.0850
539.0693 361.5450
538.7093 359.6250
536.3393 359.4950
535.8793 358.8250
534.8493 359.7550
534.6193 358.2550
532.9393 357.9550
531.4993 356.2850
530.6393 356.4950
529.8693 354.5650
528.9393 353.9050
528.4593 351.5350
528.7593 350.4750
527.4593 350.1150
527.4293 349.1050
530.6593 342.0950
530.7693 340.5750
529.6493 339.9850
529.2993 339.1150
531.6493 338.4350
531.4293 338.0350
532.2493 337.2250
531.6093 335.5850
530.4193 334.3850
528.7593 329.9450
527.9293 329.9550
527.1893 328.7650
527.6193 327.6550
526.8093 324.6850
526.9393 322.7450
528.4393 321.9850
528.7693 320.3650
530.0593 320.7950
530.3293 322.5150
531.4593 322.6750
531.8293 321.9650
532.5993 322.5850
533.6193 322.3850
534.2793 320.8050
533.4193 319.2850
531.4993 318.6350
530.6293 318.4750
529.0193 319.5550
527.9893 317.0950
528.2293 316.2350
526.6293 315.0450
525.6193 314.9950
523.6893 313.1950
523.5093 312.3050
521.5593 311.3750
521.4593 309.6050
520.6693 309.9950
519.6493 309.6850
518.4693 307.5350
518.9193 306.7750
517.5593 306.1150
518.3193 304.4250
516.3993 303.9450
513.2593 300.0550
511.9993 300.0350
511.6293 298.8550
510.9393 299.1650
510.9993 297.4950
510.0393 296.5750
510.6793 296.1450
510.4193 295.4450
509.9893 295.0350
508.7293 295.7450
506.7893 294.1550
505.9693 292.2350
504.9193 292.4750
504.6293 290.5950
503.6793 290.4150
502.4393 288.2650
503.8793 286.8350
505.7893 283.4950
506.1193 280.5250
499.1893 274.8050
492.3793 272.8450
483.8793 269.0950
479.2293 252.2050
472.1893 238.6050
468.7393 234.1250
466.4793 228.8350
457.5693 224.7750
444.9393 217.2650
441.7393 212.9150
437.1893 199.4750
429.8993 192.8750
427.4793 189.3850
426.0893 181.9950
416.8393 178.1450
407.2293 178.0050
401.9393 176.9650
386.8993 170.7250
381.9993 171.5450
378.9393 176.8450
378.2493 180.8250
374.4593 184.7150
373.2093 185.2650
371.2293 185.3150
366.8593 184.2050
364.4193 181.5050
360.7093 178.8350
360.7093 178.8350
354.2793 181.7650
351.0593 184.7750
348.6993 188.7850
346.1793 195.7950
346.2693 197.2950
345.2693 198.1450
345.0593 201.3350
343.1993 201.8750
342.5393 204.0850
337.1993 204.9750
337.1793 206.1850
333.0393 206.8950
328.8193 205.0550
328.8193 205.0550
326.9393 208.0650
326.8193 209.2950
330.2093 211.1950
332.7193 214.9750
334.6793 219.6050
333.4093 221.5850
333.7593 224.5050
336.5593 227.0950
339.0693 230.9950
341.3493 232.2850
343.0793 240.5950
342.4293 241.4950
340.7793 240.3250
339.2393 242.6150
339.9993 244.1750
339.6493 245.3350
335.9393 246.8550
337.2593 251.4950
337.1893 256.4350
338.3893 257.9450
342.7593 259.2450
343.9793 261.5350
346.3993 263.1950
351.2993 274.1650
351.2793 277.2950
353.4993 279.5350
354.5693 281.4750
354.5493 282.7450
353.3393 283.1850
352.3593 282.9850
351.1393 281.6550
350.9693 283.8150
349.7193 284.4850
351.0193 287.5850
351.1893 290.8450
355.6493 298.5850
354.7893 300.4850
355.1293 302.7650
355.5993 303.4150
357.3793 303.5450
357.7693 305.0950
359.2893 305.2750
359.6993 307.8950
362.1893 308.3550
362.2993 309.8450
361.3193 310.4850
361.2593 311.1450
361.7393 319.7550
361.7393 319.7550
362.4793 319.9450
362.6593 320.6050
362.4193 324.0850

Sindh
10
279.6793   5.2650
282.4193   5.8150
282.8393   3.3950
281.4493   0.2950
280.4893   0.2550
279.9693   0.8850
277.7193   0.4750
277.4693   1.3650
278.6193   2.1250
278.6193   4.4050

Sindh
240
391.6693  31.2450
391.9693  34.6450
391.3093  35.4250
391.3993  37.8750
392.1693  39.1950
395.5193  41.3150
394.1893  42.6450
392.2793  47.2650
389.2593  52.0750
387.2793  60.9750
382.3393  66.1150
381.4793  68.4950
378.7693  71.4050
379.2993  76.8550
378.8493  77.1350
379.0393  82.9750
378.4493  84.5350
376.5593  84.9350
373.4293  83.6550
368.1493  83.1050
363.5093  84.7050
362.1493  87.4850
359.5793  89.7550
356.4093  95.0950
355.8893 100.6350
358.3093 104.5850
359.3693 107.9650
359.0593 109.9350
359.8093 118.3450
359.1893 121.0950
358.0793 122.1150
355.2693 123.1850
348.0393 122.4050
345.5693 122.8850
341.9493 125.5350
333.9693 129.2450
332.7393 132.0950
333.8793 141.1850
336.3893 147.6050
339.7893 151.3250
347.3693 157.8750
350.2393 162.1850
353.3393 164.5250
356.8793 173.6850
360.7193 178.8150
360.7193 178.8150
354.2793 181.7450
351.0593 184.7550
348.7093 188.7650
346.1893 195.7750
346.2793 197.2650
345.2793 198.1150
345.0693 201.3050
343.2093 201.8350
342.5493 204.0450
337.2093 204.9350
337.1893 206.1550
333.0393 206.8550
328.8193 205.0150
328.8193 205.0150
305.8293 204.0650
299.0993 204.5950
293.7093 203.7150
292.1793 202.4550
290.0493 199.0450
285.7693 197.0750
274.0993 187.7950
272.0193 184.3350
269.3293 183.6550
265.5493 181.3750
261.7493 180.0950
252.2593 178.6450
251.5593 177.9950
250.5693 173.3350
249.0793 171.1950
246.9393 169.5150
245.8793 165.8150
243.8193 163.4550
243.3193 158.3250
241.7293 154.2950
241.6393 152.3450
242.7993 139.7350
242.2093 135.2150
242.9393 130.6050
242.3093 126.7150
243.1693 121.1950
254.2293 101.8450
253.3193  94.7950
253.8693  91.6850
253.5693  88.9450
251.6693  85.4050
251.1793  82.7750
247.8893  80.1650
247.2493  77.5350
245.3493  76.6450
242.8893  72.3050
243.0693  68.8150
241.8793  65.9550
239.6193  64.4450
237.7593  61.9650
237.6293  59.3050
234.4693  55.8350
231.5193  55.4250
227.7193  52.9250
225.5293  50.3550
225.5293  50.3550
225.6693  49.9350
224.4793  49.7650
223.4593  48.6950
223.2693  47.9450
223.7393  47.4050
226.1193  47.8250
227.0593  48.5450
229.8193  47.9450
230.2793  48.8450
231.0493  48.9150
233.2893  48.0450
235.9893  45.6950
235.2193  47.4250
233.5793  48.2350
233.4393  48.8450
235.4093  49.3250
235.4993  48.5550
235.9893  48.6650
236.1593  46.9450
237.6493  46.5950
239.8293  44.1250
240.7393  44.7250
240.0893  46.0550
241.4193  45.3750
244.0993  46.3750
245.5293  45.8850
245.8593  44.5750
243.3893  43.0250
244.4993  41.2250
243.5393  40.5750
243.9493  39.7750
245.8493  39.5450
246.0893  37.7950
245.2393  35.5850
246.7893  33.9250
246.4993  32.9450
248.2193  30.9850
248.6493  27.7850
250.2693  26.8850
248.7293  26.3450
248.9693  25.8850
248.1593  25.2950
248.9693  23.1150
250.3093  22.4350
249.7393  21.0050
251.0593  18.6450
251.2393  16.3750
252.1893  15.7350
252.5193  12.8250
254.0193  12.2350
254.3293  11.4650
256.0593  11.1950
255.5193   9.3450
257.1993   8.6650
258.2793   9.0650
258.8993   7.6750
260.9593   6.1650
261.9593   6.0750
261.9593   4.8350
262.7193   4.4750
264.8493   4.7050
264.3893   5.7650
265.2193   5.7950
266.7893   4.6450
266.9393   5.0550
268.6093   5.0550
269.0293   8.8350
270.1193   8.4050
272.5393   5.5150
273.2993   5.8650
273.8993   5.0250
273.4693   3.7750
274.2793   2.8950
275.3793   3.8750
275.4193   3.2250
276.1393   2.8850
276.9493   3.7350
276.8493   8.4650
278.6693   5.8850
282.8393   6.4250
283.0593   7.6150
284.9093   8.5050
286.4093  10.1150
288.1093   9.5650
288.3593  11.2950
289.9093  12.3150
290.5893  11.1750
291.6393  12.3550
292.4693  12.1350
294.6093  13.0150
295.2993  10.3850
296.5793  10.9550
304.3993  10.9050
304.9793  24.4750
307.3893  25.4950
308.2193  21.2750
309.4093  20.7950
310.1593  20.8750
310.9393  23.1650
312.0593  24.1550
312.9593  22.5050
314.1193  22.0150
317.6893  23.8350
321.8193  22.4050
326.0893  24.1550
328.0893  23.7150
330.7793  24.0250
333.4693  23.2350
337.3193  24.1950
342.1093  19.8650
351.9393  19.4450
353.6993  19.6250
355.0593  20.6150
357.3693  24.7450
367.0893  27.3950
374.4293  30.1450
376.4293  29.3850
374.8893  27.0250
375.4793  25.5750
374.8893  24.8750
375.4893  24.5250
374.9693  23.1250
378.1093  21.9750
383.9293  21.8750
387.3493  23.3250
386.9993  24.7450
389.8893  27.0850
391.3893  27.6850
391.9493  27.1050
393.2693  27.1250
394.8593  28.5650
396.2793  29.0450
396.6293  29.9250
396.0393  30.6550

Federally_Administered_Tribal_Areas
213
411.8293 498.6650
414.2393 495.9850
416.5793 491.1850
420.8393 490.4250
421.9993 489.7050
422.3193 488.8450
421.3393 486.8250
421.0993 484.5450
418.5293 483.0150
417.6693 479.9350
416.5393 478.7750
418.4193 475.0250
415.6293 470.6150
413.7593 469.8350
410.8793 465.0750
408.6493 463.4750
405.7293 457.6950
405.6593 453.9050
407.6693 450.1450
407.6293 447.1950
411.0593 444.9750
410.7793 442.1050
411.4493 440.9150
414.5293 440.5350
416.8593 441.3150
419.2893 442.9950
420.3693 445.0650
424.7193 441.6850
424.5593 440.3550
422.8393 438.1750
423.7293 436.1450
418.7193 432.0850
415.2393 431.5150
414.1093 432.3150
413.8793 433.3650
415.3893 434.9650
415.4293 435.7050
412.6193 435.6050
407.6693 436.6550
404.1293 435.8950
398.7493 439.9150
396.2493 441.0750
395.3593 440.0450
395.7793 437.0050
394.5193 435.8850
393.9593 433.7450
392.3693 433.6350
391.4593 432.9050
388.1793 432.7750
381.4493 433.8950
380.4493 430.0550
377.2193 429.2150
374.8393 427.0050
371.1693 426.5950
373.4693 422.6850
375.9093 420.1550
379.0793 419.0950
379.6093 417.4250
384.4893 417.1150
385.9093 416.0550
383.6693 412.7450
379.8393 409.7050
377.0293 408.9950
373.6093 409.0150
373.0793 409.7450
370.4593 406.2650
368.0493 399.8850
366.8693 398.9750
367.0993 394.8850
374.0593 383.8050
373.3493 382.7250
371.6993 383.1150
370.3993 382.7450
364.5193 376.2750
357.4793 371.7550
355.8093 369.5250
355.5593 367.4250
362.4993 345.4350
364.0193 342.9550
367.8193 341.1550
364.8193 338.5450
367.8593 326.3950
367.8593 326.3950
366.9793 325.2150
362.4193 324.0850
362.6593 320.6050
362.4793 319.9450
361.7393 319.7550
361.7393 319.7550
360.7793 322.6650
361.7793 329.0450
361.5893 337.0050
360.8593 338.0550
358.0393 335.6250
355.2493 335.3050
354.1093 331.7050
353.2493 331.0850
352.1093 337.5650
350.3793 339.3450
348.8593 339.8850
349.0793 349.6750
349.8893 356.5150
349.5693 356.9050
347.0793 354.9150
345.7893 355.7550
347.2093 359.3950
344.4393 361.1750
345.5793 365.0250
339.8293 364.0850
338.3093 361.2450
334.9793 358.6450
333.8593 359.2450
326.5193 358.9650
326.5193 358.9650
325.6393 361.2950
324.5693 368.5250
324.8793 377.8750
323.3293 382.6650
325.0493 385.9250
328.9193 387.4650
332.0393 391.9050
331.4493 393.1750
331.4693 394.9650
329.5993 396.6150
331.3793 397.9150
332.4093 400.1250
334.6993 401.1850
333.0493 404.6750
333.5093 408.1350
333.8593 407.9050
336.8793 411.2050
336.4593 411.7950
341.2693 411.4650
344.4393 413.1650
347.8793 411.7050
349.4793 412.0850
350.6093 413.2250
353.5893 413.8950
355.2993 417.1250
356.2993 416.1950
358.7693 416.4150
359.8193 417.3750
359.2793 418.2650
361.7293 419.6650
363.9293 422.3350
365.5693 422.3350
365.3393 422.9250
365.9293 423.3050
365.3793 424.3850
365.9193 425.3950
364.8493 427.2750
363.2093 427.8850
362.5293 429.0850
361.5593 429.3350
360.2793 431.5850
361.1593 436.9050
360.4993 437.6150
359.0893 437.6650
358.6693 440.7950
357.4593 441.3850
355.0093 440.9950
352.8593 441.4350
351.6593 442.6650
351.5793 445.2450
349.2593 449.1250
347.7293 450.4150
348.2593 452.0850
349.2293 452.6650
349.2193 454.4150
353.0993 454.8750
355.6093 453.4350
359.2393 453.4550
361.9393 452.2350
363.4893 452.5650
365.3193 451.7750
369.1893 451.6350
369.5493 450.5550
372.0793 450.1450
372.7093 450.3550
372.8193 451.2050
373.5493 450.9650
375.6693 451.8250
382.3993 451.3850
384.5793 452.6350
386.9293 452.4050
388.1993 453.9350
393.8993 455.8850
394.3293 456.3850
394.1893 458.3950
394.9993 458.6250
396.9093 460.8950
396.6993 462.7050
397.2493 463.9050
396.2693 464.5050
396.0993 465.9050
397.9993 469.2550
397.9993 470.1550
394.3193 471.9050
391.6393 474.9550
391.2093 479.3250
392.4593 478.4950
393.2693 479.5850
395.1693 480.5350
396.3493 482.6750
395.5093 484.0350
395.7193 485.3250
400.7593 488.2450
400.3393 489.1150
400.9093 490.3850
402.1893 491.0450
403.3593 494.5050
404.0893 494.1950
408.4793 496.9750

