764 319

Emberá
62
640.4885 102.3953
640.4885 102.3953
641.7585 101.2853
643.0385 100.5553
644.1785  93.3753
647.2685  95.1453
650.4085  97.7053
652.8485  95.1553
656.8485  82.6353
657.4085  78.4953
658.6985  77.7053
659.9085  77.2353
661.0285  75.2553
661.6185  73.0053
661.1385  71.2753
660.6585  70.0153
662.0985  58.5753
661.4585  54.2853
659.0385  52.0353
656.1285  50.5553
654.3485  52.5852
652.4985  54.1452
649.9985  52.7952
648.6785  50.5052
645.5585  52.0252
644.4185  57.6852
643.2785  58.6352
641.2085  59.2152
639.2385  60.6952
637.0185  61.9352
631.6785  60.3652
629.4185  62.0052
623.1985  68.9452
620.0285  74.3252
618.0685  80.5152
615.5685  85.7752
614.6685  86.0852
613.3285  86.8552
612.5485  88.4052
612.0485  90.1152
611.8685  93.1352
612.2385  95.7752
611.6085  96.9552
612.2785  98.8652
614.3485  99.4852
616.6185  99.6552
618.9185 101.8752
621.5885 103.6152
625.6985 102.0952
628.7785 104.2952
628.2785 105.8152
627.4985 107.3452
627.7085 108.5752
627.3785 109.6952
625.4385 110.7052
625.7385 113.2052
629.0185 114.6852
631.1785 116.3752
633.2685 114.8552
637.1785 109.3452
638.4385 107.9452
639.6285 106.2452

Emberá
108
690.8685 205.8352
690.8685 205.8352
693.5885 205.1952
694.7785 205.2852
694.8985 204.5552
695.6085 203.3852
696.5585 202.1852
699.8185 199.7952
703.3785 196.6652
705.4985 193.7252
709.4685 189.8752
710.8085 187.9252
712.0885 183.5352
713.7285 181.3952
718.6285 179.2552
720.2585 178.7752
723.6385 174.6052
723.6885 174.5452
722.2685 173.0252
721.1885 169.1352
721.1885 166.1352
722.3585 165.3753
726.2485 165.7453
728.4385 165.0153
729.7885 163.8753
731.9285 160.2153
733.8085 155.6453
734.8785 146.6653
735.9985 141.9953
737.4485 139.7453
739.0885 139.1253
740.8185 139.0253
742.4785 138.3153
743.4485 136.9653
746.2585 131.0253
749.5985 126.0753
749.5185 126.0553
734.8285 122.0253
732.0885 121.5653
729.3985 120.8353
727.6185 119.7053
726.8185 118.5253
725.8785 117.3553
724.4885 116.7853
721.4885 116.2853
720.6585 116.4353
719.8585 116.6953
717.1285 116.2553
714.7185 114.8153
712.9085 115.2353
710.4085 118.6053
709.2185 119.7353
706.5885 120.5453
705.3185 122.5553
705.8185 124.6853
703.4585 130.2653
698.5385 134.3053
694.8985 136.0553
691.1085 136.9853
689.7085 137.9353
689.1685 139.7553
689.2985 140.7953
689.2485 141.7653
688.5685 142.0853
687.7885 142.1953
686.4785 142.8453
685.6485 144.0153
685.6885 144.7353
685.4785 145.1853
684.5485 146.5953
683.7785 147.4953
682.5485 148.6453
681.7285 149.7253
681.2085 151.4253
680.8485 153.1953
678.6085 156.6653
678.6485 157.7653
678.8085 158.7653
679.2485 159.6753
679.6985 161.0753
679.5085 162.5253
678.8885 163.7953
675.6485 167.1953
675.6585 167.9153
676.0585 168.5553
675.6585 169.4053
674.2185 169.8253
672.9685 170.3053
671.3485 171.9153
671.0385 172.4153
671.0385 172.6353
671.0085 172.9653
671.8485 174.4853
671.4985 176.9153
669.7385 178.5553
668.0985 180.5753
667.2085 182.8353
666.7885 185.5353
668.2785 188.1453
670.8185 189.5953
674.7285 195.1153
676.2185 197.9053
678.0285 200.1053
680.0485 200.6953
682.1385 201.0553
683.6685 202.2653
684.8385 203.9653
687.6985 205.4153

Ngöbe_Buglé
22
193.0085 248.9753
193.0085 248.9753
193.7285 248.7753
194.0085 249.0553
194.6085 249.0153
195.3785 248.6153
196.0585 248.1253
196.5785 247.6053
196.7385 247.1253
197.0985 246.7653
197.0185 246.4053
196.4585 246.4053
195.8185 246.7253
194.7285 246.8852
193.4085 247.0453
192.8085 247.0453
192.2085 246.8852
192.0385 247.7253
191.7585 248.3353
191.4785 248.8553
191.7185 249.2553
192.6485 249.3353

Ngöbe_Buglé
208
157.1985 253.2853
157.1985 253.2853
160.1985 251.0153
160.7385 250.4253
160.5485 249.3053
159.4885 248.9653
158.1685 249.1653
157.1985 249.6153
157.1985 248.7253
158.2585 247.4353
159.2785 246.3252
159.9185 244.3952
160.8785 244.0252
162.5885 244.0252
165.6285 243.6552
167.5485 243.4953
170.7985 239.9753
172.8385 239.3352
174.7485 235.0252
175.3785 234.3852
177.1985 233.0553
184.9685 221.9052
190.1785 216.2952
192.7485 214.6052
193.5085 213.4153
194.9185 211.8952
196.4285 210.5953
197.5685 210.0553
198.7085 209.7952
201.0685 209.0252
202.6285 209.0353
204.9285 209.7652
211.6585 208.4353
213.2285 208.9153
216.8385 208.9153
219.8885 206.9553
226.8285 206.5253
231.7785 207.4953
238.2685 207.8153
238.2985 207.3653
238.2985 206.6653
237.4085 203.3653
238.8985 193.6753
238.4785 185.7352
238.9885 180.8952
239.7685 178.1452
240.8885 176.4453
241.8685 175.3652
242.4585 174.2652
242.9185 173.0653
244.0385 171.0253
246.0485 169.0053
242.4785 168.2052
241.3885 168.2052
239.9385 168.5653
237.0985 169.7153
231.8685 171.1052
229.6885 172.5053
223.7085 177.1953
222.5485 177.4753
219.1785 176.7853
213.0785 177.2553
212.4785 178.5053
211.6985 179.0053
210.2585 179.6352
206.2685 180.5953
202.9685 182.2952
202.7485 176.9153
201.5785 171.6953
198.5785 164.4153
198.1585 162.2352
198.0385 160.3153
198.5785 153.7853
195.2985 154.6153
189.5585 152.8053
187.2685 149.6553
185.4285 145.1953
184.1785 143.0152
181.2985 141.0252
178.1085 140.4352
176.9185 142.9852
174.9785 142.7452
173.5185 140.5252
171.4285 138.4452
164.6585 138.6852
160.8885 141.7552
158.7385 145.8052
155.3085 146.9153
143.3085 147.0353
137.0885 148.6352
134.4085 152.6853
133.9285 156.7353
131.9485 158.8553
129.7985 162.6253
128.3585 164.5453
127.1285 165.3353
125.8685 164.9153
123.7285 164.1053
119.4985 162.9353
115.4685 162.8753
113.3685 164.0753
114.0085 167.2953
118.1985 177.0953
116.9185 178.5953
116.4385 181.3553
117.4085 185.2253
118.6185 196.2853
116.8585 204.0053
116.6485 204.0053
111.2985 205.1753
110.2785 205.2953
108.4585 205.0153
107.7585 204.8353
104.2085 205.2753
100.2185 205.8953
 97.8785 206.5653
 95.5385 207.7353
 89.9285 209.9453
 89.6885 210.0553
 90.6885 212.5053
 91.6585 216.4453
 92.8685 220.6253
 93.8485 222.5853
 93.3585 225.2953
 91.6585 228.4953
 88.7385 230.9453
 83.8885 232.6753
 81.2085 233.6553
 79.7585 235.1353
 81.4585 236.8553
 85.8285 238.5753
 87.5285 240.2953
 90.9285 243.2453
 91.1685 246.4453
 92.8685 249.8853
 94.8185 251.8553
 96.0285 251.6153
 96.5185 250.1353
 95.7885 248.1653
 96.7585 247.1853
 99.4285 246.2053
100.3985 245.7053
 99.1885 243.9853
 97.4885 241.7753
 95.5485 240.2953
 94.8185 238.3253
 95.0585 236.3653
 97.7285 235.3753
100.3985 234.8853
101.3785 233.4053
102.8285 232.1753
107.4485 231.1953
110.6085 229.2253
111.3385 227.5053
110.8485 225.2953
109.3885 224.3053
109.6385 221.8453
111.3385 220.8653
111.8185 219.6353
112.5485 216.1953
113.5185 214.7253
114.7385 215.2153
115.4685 218.1653
117.1685 220.8653
119.5885 222.0953
123.4785 222.3453
128.8285 222.3453
132.2285 223.0753
134.6585 224.5553
135.6285 227.5053
135.8385 228.1153
135.8385 228.1253
137.0085 228.2353
138.6285 227.5653
139.9885 226.6353
142.0785 226.1653
143.9685 226.6253
145.8585 227.7653
146.9785 229.2453
146.5885 230.7253
148.0485 231.3453
149.1885 231.3453
151.0085 230.7253
151.2685 230.2253
152.5085 229.1353
153.8985 228.4753
154.5385 229.3353
155.8485 229.6653
163.4685 226.1653
165.7885 227.2953
166.4385 229.5553
165.9585 234.7953
157.1985 239.7653
152.6385 246.5853
151.4585 247.7453
149.7585 248.4953
147.3585 250.2153
145.3385 252.0853
144.8185 253.2853
146.8185 253.2553
150.1085 252.4253
153.1785 252.1253
154.5385 253.7253
150.3485 255.7253
148.3285 257.1853
149.2385 258.6553
151.8985 258.6853
154.1385 256.9953

Bocas_del_Toro
20
134.1685 253.1653
134.1685 253.1653
133.1985 252.5753
132.4585 252.7953
131.2685 253.6153
130.2285 254.2753
129.5585 255.3153
129.6285 256.3553
130.5885 257.7753
129.9185 258.4453
129.9985 259.0353
130.8185 258.6653
131.3385 257.8453
132.0785 257.4053
132.9685 257.3353
133.4185 256.2153
133.7185 255.3253
134.6085 254.9553
135.5785 254.5053
135.3585 253.6953

Bocas_del_Toro
33
113.0685 280.5153
113.0685 280.5153
114.1185 280.2853
115.2085 280.4053
116.4285 280.9753
117.7085 280.3553
120.7685 277.4753
124.0485 275.9653
125.6685 274.8553
127.0485 272.9953
124.5385 273.3553
121.9185 272.3053
119.8485 270.3353
118.7285 267.3253
118.1085 267.5653
116.7085 269.0353
116.7685 269.1453
117.0585 269.2353
117.2385 269.8153
117.2485 272.8253
116.7585 274.0153
115.4685 274.7853
115.4685 275.6053
117.2385 274.7853
116.0685 277.5353
114.1285 278.4853
111.7585 278.9453
109.2785 280.1653
109.2785 280.9753
109.9985 281.6153
110.6685 281.8753
111.3185 281.6953
111.9285 280.9753

Bocas_del_Toro
15
105.3985 279.4953
105.3985 279.4953
104.8485 278.4453
103.0685 281.4853
100.3385 284.3053
 94.1585 289.2153
 97.6285 291.8753
 99.7185 292.7353
102.1985 292.7953
105.7785 287.4653
106.6785 284.1353
104.8485 281.9653
104.8485 280.9753
105.4185 280.3453
105.5985 280.0053

Bocas_del_Toro
213
 42.2185 306.6653
 42.2185 306.6653
 43.4685 306.1953
 44.5085 306.6753
 45.8285 305.1753
 47.4885 302.0053
 48.8685 300.4753
 50.1385 299.8653
 52.4085 299.1653
 54.8185 298.7553
 56.5385 299.0153
 57.3685 300.6953
 57.9185 305.7353
 58.8385 307.1553
 60.8085 306.8353
 62.7885 305.7853
 63.7885 305.8453
 62.3985 310.7753
 63.9185 309.8353
 76.3885 299.9753
 84.0385 292.2553
 88.9085 289.5953
 92.3085 291.9053
 92.0085 289.6553
 91.4185 287.8953
 87.8985 281.7453
 87.5485 280.2553
 87.9585 278.4453
 89.0585 277.2253
 90.5385 276.2653
 91.6085 275.2353
 91.5085 273.8153
 89.7485 272.4153
 86.4985 272.6753
 86.1885 271.1953
 85.5485 270.1753
 85.7085 269.5253
 86.3385 269.2553
 87.0885 269.4053
 88.3585 268.5353
 89.4885 266.9953
 90.3085 265.2353
 90.6085 263.5753
 91.2885 262.3253
 95.9285 259.4653
 96.8085 259.4653
 97.7885 260.9953
 99.3685 261.1853
100.1185 261.6453
 98.5885 264.0353
100.3085 263.5553
100.9585 262.2153
101.3385 260.6453
102.1985 259.4653
103.6085 259.0953
104.5885 259.6653
105.0385 261.0553
104.8485 263.1353
105.7385 263.1353
105.8585 261.4053
106.7785 260.5553
107.8185 260.4253
108.3085 260.8953
108.3685 262.5053
108.6185 263.6653
109.1785 264.0053
110.1585 263.1353
110.2885 263.5453
110.2785 263.8953
110.4385 264.0853
111.0485 264.0353
111.2985 262.8353
111.6485 261.9053
112.1485 261.1553
112.8185 260.4453
113.6985 260.4453
113.6985 261.3453
114.5785 261.3453
114.2385 259.3753
114.4685 255.7853
113.6985 254.1753
109.7485 256.6153
107.6785 257.3953
104.3685 257.6753
102.9285 256.6553
102.5385 254.3553
102.9285 251.9053
103.8785 250.4253
103.8785 249.6153
103.1685 249.9253
101.2385 250.4253
101.9285 248.5653
105.0285 246.9253
105.7385 245.5353
104.8485 236.9853
104.2585 237.1253
103.8685 237.2753
103.5185 237.4853
103.0085 237.8853
105.2285 235.7153
108.3585 234.2553
111.4885 233.9453
113.6985 235.2053
118.3485 233.6853
119.9985 232.6953
119.9685 231.6153
121.8885 228.6753
122.5485 227.9553
122.8485 227.5053
123.0585 226.6353
123.5085 226.1653
124.0385 226.0353
125.4885 226.1753
127.9485 226.0453
134.1185 227.9553
135.8385 228.1253
135.8385 228.1153
135.6285 227.5053
134.6585 224.5553
132.2285 223.0753
128.8285 222.3453
123.4785 222.3453
119.5885 222.0953
117.1685 220.8653
115.4685 218.1653
114.7385 215.2153
113.5185 214.7253
112.5485 216.1953
111.8185 219.6353
111.3385 220.8653
109.6385 221.8453
109.3885 224.3053
110.8485 225.2953
111.3385 227.5053
110.6085 229.2253
107.4485 231.1953
102.8285 232.1753
101.3785 233.4053
100.3985 234.8853
 97.7285 235.3753
 95.0585 236.3653
 94.8185 238.3253
 95.5485 240.2953
 97.4885 241.7753
 99.1885 243.9853
100.3985 245.7053
 99.4285 246.2053
 96.7585 247.1853
 95.7885 248.1653
 96.5185 250.1353
 96.0285 251.6153
 94.8185 251.8553
 92.8685 249.8853
 91.1685 246.4453
 90.9285 243.2453
 87.5285 240.2953
 85.8285 238.5753
 81.4585 236.8553
 79.7585 235.1353
 81.2085 233.6553
 83.8885 232.6753
 88.7385 230.9453
 91.6585 228.4953
 93.3585 225.2953
 93.8485 222.5853
 92.8685 220.6253
 91.6585 216.4453
 90.6885 212.5053
 89.6885 210.0553
 78.9385 215.0053
 72.9385 216.9353
 68.0885 217.1653
 66.6485 220.0253
 65.2485 221.1853
 63.1585 221.9853
 55.7485 222.3853
 46.9585 221.2753
 44.1385 224.1453
 43.4085 224.6753
 43.5085 224.8353
 42.9985 226.0753
 39.6585 231.7353
 37.8985 232.9053
 32.0085 234.9153
 26.0585 239.3253
 23.1485 240.6353
 22.3885 241.0753
 21.8085 241.8853
 21.4485 242.9153
 20.9785 243.9153
 20.0785 244.5853
 18.8885 244.5753
 15.0085 242.9453
 14.9885 244.3953
 14.7185 265.8953
 14.5085 281.6353
 14.3685 292.5053
 14.7085 295.0353
 15.7985 296.8653
 18.2185 297.7253
 25.1285 298.6753
 27.0585 299.7853
 27.2685 300.8553
 26.6685 301.2253
 25.8185 301.4753
 25.2685 302.2353
 24.3685 305.8453
 22.7985 308.6353
 23.0385 309.8553
 24.5085 311.9453
 26.9185 313.9853
 29.3085 314.2553
 36.8085 311.2553

Kuna_Yala
6
548.8685 310.0453
548.8685 310.0453
548.2185 309.5053
547.5685 309.5853
547.5285 309.7553
548.5685 310.1953

Kuna_Yala
328
530.9085 307.8653
530.9085 307.8653
528.6885 306.6453
527.0885 306.9553
525.7885 305.9753
524.3785 305.8653
520.4285 305.3853
518.2785 304.9653
516.8585 302.5653
517.2085 299.4853
517.8685 295.2353
520.1385 294.4953
522.2385 294.9753
523.5885 294.3553
525.2485 294.6553
526.9185 294.8953
528.3285 295.1353
529.7485 294.8153
531.5285 294.8053
533.7985 293.8753
535.1485 293.4353
536.3085 292.4653
537.2985 291.6753
537.9085 290.6453
538.8985 290.8353
540.5585 290.9553
541.5985 290.8853
542.8885 290.5753
544.4885 290.7453
545.1785 291.9753
546.5885 292.2753
548.9885 291.7153
552.6685 292.4353
553.7385 293.6553
555.9485 293.2153
557.4285 293.4553
558.8685 293.9953
560.5985 294.8553
561.9385 293.1253
564.0385 292.1253
565.6985 292.2953
570.0085 291.1153
572.8985 291.4053
574.6185 290.1053
576.7085 289.7853
578.5585 290.5753
580.0485 291.8153
582.2185 292.6253
584.1485 292.1453
586.6485 290.4553
588.5085 289.7353
592.7685 289.7353
594.8985 288.2353
596.3085 288.7953
598.2385 288.2053
599.5885 286.8253
601.0585 285.5653
604.5785 283.9353
605.9285 283.1353
607.7585 282.5353
611.1085 281.8553
613.8085 280.3653
615.7285 278.8753
617.7485 277.9553
618.9985 277.3753
620.2385 277.2453
621.9285 276.7853
623.6085 275.7553
625.6385 274.6053
627.9885 273.2353
630.0185 272.8753
632.0585 273.1953
633.2985 272.7253
634.8685 271.8053
636.5585 271.5753
638.9185 270.0853
640.1785 268.4353
643.5185 267.6753
647.6885 267.0753
650.1685 266.1453
651.7585 264.8453
652.2485 263.1553
655.0385 260.1653
656.7285 259.9153
659.0085 258.8253
663.3085 253.8753
665.4985 250.4253
667.2485 248.1653
669.1785 245.2652
673.6385 242.2553
672.9785 244.0653
672.4085 245.6653
670.9485 248.7152
670.7985 250.7253
673.0685 249.6153
674.7285 246.6153
675.7785 245.1653
679.3185 242.7453
679.7985 239.7652
681.0885 238.3153
682.6985 237.3452
684.6485 235.6552
685.0985 234.1253
686.2285 232.7052
687.6485 231.5352
688.0585 230.3552
686.7885 228.0053
689.3085 225.0952
691.1185 221.0053
692.4785 219.5653
693.6785 220.6052
694.2385 220.3653
694.3885 218.5152
696.8785 216.9853
699.5285 214.5653
702.4385 211.1953
704.9085 210.0553
704.2485 211.1253
703.3885 211.9353
702.6585 212.8252
702.3385 214.1253
702.9985 214.7352
704.4385 213.5152
705.8085 211.8153
706.2685 210.9453
710.1285 207.9552
709.6385 205.6352
712.0385 203.6253
712.7785 205.8552
714.0585 205.6153
715.1785 203.3653
714.7585 201.2152
714.4985 199.2152
713.9285 197.7052
715.5585 196.2152
719.6285 193.4153
722.7085 191.8552
726.9485 191.1253
730.9685 191.4353
733.3785 192.9652
733.8885 192.3252
734.5185 191.8053
735.2685 191.4253
736.1085 191.1753
735.9285 189.3653
734.5785 188.4053
732.4785 188.1953
730.3885 187.7352
728.2785 186.3952
728.1385 185.3952
728.7585 184.0652
728.9085 181.7252
727.3485 178.4552
723.6885 174.5452
723.6385 174.6052
720.2585 178.7752
718.6285 179.2552
713.7285 181.3952
712.0885 183.5352
710.8085 187.9252
709.4685 189.8752
705.4985 193.7252
703.3785 196.6652
699.8185 199.7952
696.5585 202.1852
695.6085 203.3852
694.8985 204.5552
694.7785 205.2852
694.4785 207.0752
693.6685 208.9452
692.2085 210.7252
687.0685 215.4752
685.4985 216.6552
683.5485 217.6252
679.9885 220.1452
677.7885 221.1452
676.4885 222.0652
675.6285 223.5052
674.8385 225.1952
673.5185 227.4252
666.3585 234.7352
662.4485 237.8452
652.9585 244.7452
649.4285 244.7452
646.5185 249.2752
645.5685 249.9352
644.1485 250.7052
635.2085 252.8452
634.3685 253.4952
634.1085 254.2052
635.4485 256.2852
636.0485 257.8052
635.3985 260.6252
634.3885 261.7752
633.4885 262.1152
632.9785 261.6652
632.7485 261.0652
632.3985 260.4152
631.8285 260.0752
630.7585 259.9852
627.8485 260.4152
624.5485 260.4652
621.6485 260.1752
620.6485 260.8552
619.8685 262.0152
618.6085 265.5152
618.0385 267.7552
617.4885 268.6852
616.6485 268.8952
612.0385 266.6252
611.0185 266.2952
609.9985 266.3652
607.5185 266.8552
603.7885 266.7052
601.9885 267.0952
601.2685 267.6552
600.9385 268.5652
601.0785 269.5052
600.9785 270.5052
600.5685 271.7352
599.9185 272.8552
599.1885 273.4452
598.2285 273.7952
597.7185 274.2852
597.2585 275.0852
596.7785 276.1052
595.6485 277.1752
594.6885 277.2652
593.7885 276.7652
592.8185 275.9852
591.9285 275.6452
591.3585 276.0252
590.7985 278.2952
590.1385 279.4852
588.4985 281.0252
587.3385 281.2252
586.4885 280.7952
585.3485 279.0952
584.7185 278.6152
577.9185 277.0152
575.9085 276.8352
573.6185 277.3152
571.7985 278.4652
567.2285 281.9952
564.3985 283.7952
562.9985 284.2352
562.3285 283.8552
562.0485 281.5652
561.5285 280.6752
560.5985 280.3452
558.8485 281.1652
556.6385 283.5052
555.7785 283.8952
555.1085 283.8852
554.1785 283.7752
553.6785 283.4552
552.9185 282.8252
551.8285 282.2052
550.1385 281.9452
546.1185 282.5152
543.9085 282.4952
542.0485 282.2952
541.1485 281.8152
539.5385 280.3352
538.3285 279.9152
536.3485 279.8952
534.9285 280.4452
534.0985 280.5852
533.5285 280.3452
533.4285 279.7852
533.4685 278.8852
533.2385 278.1552
532.4285 277.7352
531.0685 278.1852
529.9685 278.2952
528.9185 278.1352
525.7685 276.7552
525.0185 276.1652
524.6585 275.3352
524.8485 274.4952
525.2985 273.7352
525.6285 272.9752
525.6285 272.4252
525.0985 271.9352
523.9385 271.5552
518.0285 271.3952
516.0785 271.5252
515.2485 272.1652
514.3685 273.1552
513.2585 274.1752
510.4385 275.3252
508.7185 275.6952
506.8185 275.8252
505.0785 275.7952
503.2885 275.5252
494.3985 272.7152
490.1385 271.8152
489.0985 272.7252
488.9785 273.5852
489.2385 274.9452
490.0785 276.3752
490.9085 277.3352
493.3885 278.5352
493.8385 277.2052
494.3785 277.1952
496.8385 279.1652
500.4185 281.4152
502.5485 282.3952
505.0385 283.2452
506.1985 283.9552
506.9785 284.7252
507.3585 285.4652
507.5985 286.3052
507.8185 288.3552
508.2585 289.6352
509.7285 291.7652
510.7985 292.8152
512.1385 293.6552
513.0085 293.9052
514.1185 294.0352
515.1585 294.3252
515.6685 295.1552
515.7285 306.1852
515.7285 308.9152
519.1085 309.2052
523.7185 309.9852
529.1985 310.3952
530.9185 309.3452

Darién
485
694.4785 207.0753
694.4785 207.0753
694.7785 205.2853
693.5885 205.1953
690.8685 205.8353
687.6985 205.4153
684.8385 203.9653
683.6685 202.2653
682.1385 201.0553
680.0485 200.6953
678.0285 200.1053
676.2185 197.9053
674.7285 195.1153
670.8185 189.5953
668.2785 188.1453
666.7885 185.5353
667.2085 182.8353
668.0985 180.5753
669.7385 178.5553
671.4985 176.9153
671.8485 174.4853
671.0085 172.9653
671.0385 172.6352
671.0385 172.4153
671.3485 171.9153
672.9685 170.3052
674.2185 169.8252
675.6585 169.4053
676.0585 168.5553
675.6585 167.9153
675.6485 167.1953
678.8885 163.7953
679.5085 162.5253
679.6985 161.0753
679.2485 159.6753
678.8085 158.7653
678.6485 157.7653
678.6085 156.6653
680.8485 153.1953
681.2085 151.4253
681.7285 149.7253
682.5485 148.6453
683.7785 147.4953
684.5485 146.5953
685.4785 145.1853
685.6885 144.7353
685.6485 144.0153
686.4785 142.8453
687.7885 142.1953
688.5685 142.0853
689.2485 141.7653
689.2985 140.7953
689.1685 139.7553
689.7085 137.9353
691.1085 136.9853
694.8985 136.0553
698.5385 134.3053
703.4585 130.2653
705.8185 124.6853
705.3185 122.5553
706.5885 120.5453
709.2185 119.7353
710.4085 118.6053
712.9085 115.2353
714.7185 114.8153
717.1285 116.2553
719.8585 116.6953
720.6585 116.4353
721.4885 116.2853
724.4885 116.7853
725.8785 117.3553
726.8185 118.5253
727.6185 119.7053
729.3985 120.8353
732.0885 121.5653
734.8285 122.0253
749.5185 126.0553
749.5985 126.0753
750.7985 124.2853
754.5685 117.0553
757.3485 106.8453
757.5885 103.6853
758.4385 101.7753
759.6885 100.5853
761.0685  99.5753
762.3385  98.2353
763.3485  96.1853
762.6085  95.6353
757.8085  95.6953
753.9085  94.8753
749.5585  93.4253
745.5785  91.3253
742.8385  88.5653
739.5185  81.0853
735.7085  76.2253
735.2885  74.6253
737.0185  70.7953
739.6785  68.2653
740.4885  65.8453
736.6785  62.3853
718.5085  51.0553
712.6085  45.0953
709.3585  42.4653
706.4185  42.1653
705.0385  43.6553
703.4685  50.1853
702.4885  51.9153
698.8985  56.7953
698.5585  57.0453
697.4585  57.3153
697.0785  57.6653
697.0785  58.1553
697.6185  59.3153
697.6685  59.6653
696.4085  61.1053
689.9385  66.6453
688.5985  67.3653
685.4885  65.6453
684.6785  60.8453
685.2885  55.2853
686.4485  51.2453
689.3785  45.5253
689.7685  42.7253
688.5985  39.3553
686.6685  36.9453
684.1885  35.4553
681.3385  35.0053
678.2385  35.6953
673.7285  21.1653
668.4385   4.1553
668.3485   4.1753
665.4585   5.0053
661.7285   8.4053
656.1785  15.3653
654.1085  16.8653
653.0785  17.9853
652.6385  19.4553
652.9285  20.8253
653.4485  22.1853
653.6785  23.5353
653.0785  24.8453
652.3385  25.4153
651.9785  25.1653
651.7185  24.6453
651.3185  24.3653
650.2985  24.7753
649.9985  25.6153
650.2685  26.2953
650.8685  26.2253
649.3185  28.6053
648.4685  29.0753
647.2485  28.0153
646.4485  28.0153
643.3185  31.5953
641.2585  33.4553
639.7285  34.2553
639.3085  34.8253
638.9885  36.0753
638.3685  37.3453
637.0885  37.9053
636.2685  38.4753
635.6285  39.7853
634.7885  42.3753
633.9885  42.3753
633.4285  40.4053
633.1385  41.6853
633.0185  46.2653
632.3685  48.6153
630.9985  49.1353
629.7485  48.0953
629.4785  45.7753
628.7685  47.4953
628.9885  48.7053
629.4685  49.8553
629.4785  51.2853
628.9885  52.6653
628.4585  53.4153
626.9085  54.7753
624.1485  58.3453
622.2485  59.7953
619.7485  60.1352
620.0585  61.5752
619.4985  62.6552
618.3885  63.3852
617.0985  63.7852
618.3385  66.2852
618.9885  68.0853
618.9085  69.7852
617.9885  71.9752
614.0885  77.9552
613.4785  79.4452
612.2685  83.6253
609.4485  87.1553
606.2385  90.2952
603.8285  93.3352
602.1385  97.3652
601.0985 101.5352
601.0485 103.1052
601.3485 104.6152
601.0985 105.9152
598.7685 110.1252
598.4385 111.7652
599.1285 114.2252
600.6485 116.6152
602.1785 117.5052
603.6685 113.2752
605.5385 112.4552
607.6285 112.7652
609.1385 114.0352
612.8185 112.1052
617.8285 114.6952
622.2685 119.5052
624.1785 124.2752
623.9285 126.9552
623.2385 128.5952
622.1285 129.7552
620.6385 131.0152
616.8485 135.4352
615.3285 136.3852
615.3285 137.3552
618.8485 136.9752
619.9485 137.1652
621.5985 138.1552
621.5985 139.1452
620.8485 139.5152
620.4685 139.8952
620.1985 140.3452
619.7485 140.9252
620.7885 141.3452
621.0885 141.3952
621.5985 142.7152
622.6885 141.9852
624.1785 140.5852
625.0585 140.0352
626.1985 139.7252
627.1885 139.7552
629.0685 140.0352
629.2785 140.5552
630.8685 142.7552
631.2485 143.1252
631.0585 146.7152
631.2485 148.0752
631.6185 148.3152
633.9885 150.7652
634.5385 151.9752
634.7685 153.1352
634.7885 155.7252
635.3385 156.4252
636.5585 157.0252
637.7785 157.1952
638.3285 156.6152
638.9685 151.8452
639.2885 150.7652
640.5685 149.6752
642.6985 148.5152
645.0185 147.5652
646.8485 147.1852
648.3385 146.3452
649.4385 144.3652
651.7185 138.1252
652.9885 136.3952
654.6185 135.1452
656.5785 134.6752
657.1885 134.9352
658.5685 135.3452
659.9585 135.2852
660.9685 133.4152
661.8585 132.7152
663.0085 132.1952
664.1385 131.9952
665.9085 131.9952
665.9085 132.8052
663.9185 133.2352
662.1085 134.3052
660.6585 135.7552
659.7985 137.3552
666.2685 136.1052
669.7185 134.8452
671.9185 132.3352
675.0185 130.6452
675.7185 129.7152
675.8385 127.7752
676.2485 126.3952
677.0685 125.4352
678.3685 124.7652
679.7685 125.5652
681.2085 124.7652
682.3385 122.9752
682.7985 120.7352
683.6885 119.2852
685.6985 118.7752
687.7985 119.3552
688.9885 121.1852
685.3785 121.1552
680.6185 126.9552
678.3685 126.5452
671.7085 134.9952
670.3985 135.9752
668.4985 137.0552
656.9785 139.1452
654.1785 140.2553
651.9385 142.1452
650.4485 144.6552
649.8985 147.6352
647.0785 153.3352
646.2585 156.8452
648.2185 158.8052
646.8185 159.7252
645.2585 161.0152
643.8085 162.5652
642.7485 164.2552
642.1785 166.4152
642.5585 167.6452
643.2885 168.5252
643.7185 169.6152
643.5285 171.2652
642.7885 171.6752
641.6185 171.9552
640.1785 173.2052
639.5385 174.6652
639.4085 175.9152
638.9985 176.9352
637.5285 177.6752
638.0585 176.4652
638.1585 173.1652
638.8185 171.9052
640.5385 170.7752
641.1885 170.6452
641.2385 170.2452
641.1485 165.9352
641.3685 164.7952
643.1585 160.5352
643.3385 159.1652
642.7485 157.9152
641.9485 157.9152
639.4985 162.0652
637.9185 164.0952
636.6385 165.1552
634.6185 165.1652
632.8985 164.0452
631.6985 162.0052
631.2485 159.2552
630.4785 157.2452
628.5485 155.6952
626.1085 154.6952
623.7785 154.3352
622.6685 154.7752
622.1885 155.8052
622.1585 156.9852
622.4085 157.9152
623.1585 158.8052
626.9085 160.6752
627.4085 160.2452
627.7585 160.0252
628.6785 159.7052
628.8385 164.0052
628.1685 167.9852
626.0185 175.0652
625.0585 175.0652
624.1485 173.1952
624.7785 171.9952
626.0185 170.9752
626.9085 169.6152
626.7185 167.2952
625.7185 165.4352
625.0885 163.8852
626.0185 162.4652
626.0185 161.4952
625.6185 161.2052
625.1685 160.9952
624.1785 160.6752
623.6085 161.7352
622.8285 162.3252
622.0885 162.7552
621.5985 163.2852
621.1785 164.4352
621.3985 164.5652
621.9085 164.5252
622.4085 165.1552
623.7985 167.6652
623.6485 168.9052
621.5985 169.6152
622.2185 167.9852
621.9385 167.2152
621.2485 166.7652
620.6385 166.0452
618.8685 162.4652
616.7885 162.1552
615.6485 163.6052
614.4385 167.8252
613.4785 166.8552
613.3485 165.1652
611.5685 162.5452
609.2085 160.2752
607.3585 159.7052
606.1685 161.9052
604.8185 169.6552
603.8285 172.3052
604.3185 173.1952
604.6285 174.0952
603.8285 174.0952
603.8285 173.2052
602.8685 173.2052
602.8685 175.8852
602.0585 175.8852
601.5685 172.6652
603.9285 166.1652
605.1785 159.8952
607.6085 157.8852
608.1785 155.7252
604.6285 148.0752
604.1185 149.2052
603.1885 149.7852
602.1085 150.2052
601.8685 150.3352
601.4085 156.1752
599.2885 163.7752
598.9285 166.6652
597.2585 170.6752
596.7585 173.9852
596.9085 175.6552
596.4685 176.6252
596.0085 177.0052
595.5485 177.5052
595.6285 178.5752
596.3685 182.4452
596.8885 187.7652
597.2785 189.7152
597.7385 191.2152
598.5085 192.7052
599.0085 194.1152
599.4685 196.1352
599.3885 197.6952
598.7985 200.8252
598.3385 202.1252
596.8485 209.6852
596.4885 211.4852
597.1585 212.2252
598.0885 212.8352
604.0185 214.8652
605.8385 214.7752
607.9985 214.3752
611.1285 213.2352
611.9685 212.4952
613.2685 210.4852
614.9085 209.7852
616.1285 210.1052
617.3285 211.0052
617.9185 212.1252
618.0585 213.2252
618.5385 214.4852
619.7985 215.8052
623.5085 217.5552
626.1985 218.1252
628.3785 218.1952
630.8585 217.9952
632.2685 218.3352
633.2985 219.0952
634.9885 221.9752
637.1685 223.8852
639.4285 224.9152
642.6585 225.6652
644.0485 226.5252
644.6885 227.7552
644.3685 229.7152
644.3085 232.0752
644.5985 235.2752
645.1885 237.7252
646.0685 239.6652
648.6985 243.1752
649.4285 244.7452
652.9585 244.7452
662.4485 237.8452
666.3585 234.7352
673.5185 227.4252
674.8385 225.1952
675.6285 223.5052
676.4885 222.0652
677.7885 221.1452
679.9885 220.1452
683.5485 217.6252
685.4985 216.6552
687.0685 215.4752
692.2085 210.7252
693.6685 208.9452

Darién
62
625.6985 102.0952
625.6985 102.0952
621.5885 103.6152
618.9185 101.8752
616.6185  99.6552
614.3485  99.4852
612.2785  98.8652
611.6085  96.9552
612.2385  95.7752
611.8685  93.1352
612.0485  90.1152
612.5485  88.4052
613.3285  86.8552
614.6685  86.0852
615.5685  85.7752
618.0685  80.5152
620.0285  74.3252
623.1985  68.9452
629.4185  62.0052
631.6785  60.3652
637.0185  61.9352
639.2385  60.6952
641.2085  59.2152
643.2785  58.6352
644.4185  57.6852
645.5585  52.0252
648.6785  50.5052
649.9985  52.7952
652.4985  54.1452
654.3485  52.5852
656.1285  50.5552
659.0385  52.0352
661.4585  54.2852
662.0985  58.5752
660.6585  70.0152
661.1385  71.2752
661.6185  73.0052
661.0285  75.2552
659.9085  77.2352
658.6985  77.7052
657.4085  78.4952
656.8485  82.6352
652.8485  95.1552
650.4085  97.7052
647.2685  95.1452
644.1785  93.3752
643.0385 100.5552
641.7585 101.2852
640.4885 102.3952
639.6285 106.2452
638.4385 107.9452
637.1785 109.3452
633.2685 114.8552
631.1785 116.3752
629.0185 114.6852
625.7385 113.2052
625.4385 110.7052
627.3785 109.6952
627.7085 108.5752
627.4985 107.3452
628.2785 105.8152
628.7785 104.2952

Veraguas
20
161.6885  11.5253
161.6885  11.5253
161.6185  10.9853
162.8785  11.4653
163.9285  11.3353
165.1485  11.0353
166.9385  10.9853
165.3385   9.6852
163.6085   6.3152
162.5085   4.6653
163.0185   4.0052
163.4685   2.9552
162.5085   2.9552
160.5185   8.8752
160.7385  10.0152
160.1985  10.7552
160.1385  11.1552
160.7385  11.8752
161.2285  11.8653
161.5585  11.7753

Veraguas
38
260.4385  45.8353
260.4385  45.8353
259.4285  44.5853
257.9685  44.0753
256.5485  43.3753
255.5485  43.1753
254.4285  43.6653
253.6085  44.3153
252.8785  44.7153
252.0385  44.9053
250.8485  44.9653
249.5285  44.6753
248.8585  43.9753
248.4085  43.1252
247.7485  42.3752
244.1285  40.5052
242.3085  38.3653
241.5585  37.9053
240.4685  37.9053
239.2485  38.1852
238.3085  38.5353
238.0185  38.7153
234.4385  37.4553
233.6285  37.5053
234.8385  39.2053
236.0985  40.5053
237.4185  41.5053
239.0085  42.1453
243.6785  42.8653
245.0185  44.0553
245.8485  45.4953
246.9485  46.7553
248.7085  47.6653
250.9685  48.4953
254.9085  49.4253
256.5485  48.8653
258.2885  48.6353
261.9885  48.6153

Veraguas
72
170.5485  57.6153
170.5485  57.6153
173.4885  49.1653
173.6085  47.6453
173.8585  47.3653
174.8885  45.7753
174.9585  45.4353
174.8085  44.3953
174.8885  44.0753
175.2985  44.0053
176.3785  44.1653
176.7385  44.0753
177.9085  43.2753
178.7385  42.9553
179.2385  42.2053
179.3985  40.0953
178.6385  39.4753
174.4985  37.9053
174.3685  37.0153
173.4085  33.2053
173.1185  32.5553
173.9285  30.9253
176.2585  28.8253
176.7385  27.5253
176.9785  26.1853
177.5985  25.0353
178.4485  24.5953
179.3985  25.3353
180.1985  25.3353
181.7385  24.5153
185.6785  24.8853
186.4785  23.9553
190.0885  17.2253
187.6685  16.2353
184.8885  15.4453
182.1385  15.4353
177.6185  18.0353
172.0685  18.4353
169.5885  19.0153
168.2385  20.1653
165.1185  23.6253
162.6185  25.1153
157.1985  29.7153
154.2485  35.9453
153.1785  36.9353
152.8885  37.5053
151.8985  40.9553
152.3985  41.0453
155.0985  41.0453
156.3185  41.3953
156.2785  41.9053
157.9285  44.8553
158.1685  44.9653
158.5085  46.5053
158.5585  47.6653
158.7385  48.7053
159.4585  49.9153
160.4485  50.5753
162.8385  51.0753
166.4985  53.7653
167.7585  54.4653
167.8185  53.9653
168.7785  53.9653
168.4185  54.9653
168.1585  56.5853
167.8185  57.6153
168.7785  57.6153
168.7785  56.6453
169.5885  56.6453
169.5185  57.2953
169.7085  57.4853
170.0885  57.5053

Veraguas
361
287.8485 210.8153
287.8485 210.8153
290.2285 209.2453
292.4685 208.1953
294.7385 207.4453
296.1985 206.8153
297.1685 206.2153
299.8985 203.1053
300.7885 201.6353
301.4885 199.7453
300.8685 197.7453
300.1285 196.1653
299.6985 194.5953
300.1985 192.1953
300.8185 191.1353
301.5185 190.3753
301.7985 189.6453
302.0385 188.7353
300.0285 184.6853
298.4885 180.9053
294.9385 176.5753
290.8485 175.9153
289.3185 174.5353
292.1185 172.0253
294.7585 168.4653
297.7985 163.0653
302.8085 149.7953
305.9885 144.6153
305.4685 140.4153
303.5885 133.8453
300.1985 127.7753
300.7285 125.5353
306.8185 121.4853
303.8785 121.2353
302.7085 121.5353
300.9385 121.5853
299.6885 121.1153
296.7585 117.5553
294.6485 115.6453
289.9785 113.7653
285.2385 111.9753
287.2585 106.2153
287.1085 104.1853
285.7085 101.6253
284.6985 100.1553
280.9985  96.8553
278.2685  93.9153
274.9585  93.0653
274.3385  92.4953
273.5985  91.2453
273.1385  76.4553
273.6885  73.5053
276.6985  74.2853
277.9985  73.7453
278.6085  73.1753
279.5385  71.8553
280.3085  69.7953
281.1785  66.0253
281.9185  64.2853
291.9185  49.3653
295.7685  47.0753
298.4185  46.4953
299.2085  46.0453
302.5885  42.6253
302.2785  38.9853
303.1885  33.3853
305.2385  27.0853
308.5785  22.5453
309.3985  19.4853
309.4685  17.5653
309.1885  16.1953
309.2785  15.6053
311.1785  14.9753
312.3585  14.2753
315.0485  12.2653
316.3685  10.7753
317.2185   8.9453
317.5685   4.3653
303.4385   1.7153
293.0385   1.3353
290.3685   2.0653
289.4885   2.0653
288.8185   1.3053
288.1585   1.0553
287.4885   1.3053
286.8285   2.0653
285.9485   2.0653
284.1785   0.3153
282.7185   1.2053
280.6385   4.6653
279.9485   5.2353
278.9985   5.8553
277.8585   6.3253
276.6285   6.5353
275.3785   6.9453
275.3185   7.8753
275.9185   8.7853
276.6285   9.1953
277.1485   9.7753
277.0085  12.5753
277.1085  13.6653
277.7785  14.5853
279.2385  15.6953
279.7485  16.3353
280.2185  18.0753
280.3185  20.4853
279.7885  22.6353
276.4785  24.6453
276.5285  27.1053
277.9085  31.1353
277.2785  32.8353
272.5985  37.9053
272.1485  38.1653
271.1685  39.0753
270.5585  40.0553
272.1385  40.9653
272.3885  42.0853
272.5385  43.4053
273.0385  44.5153
273.2285  46.0353
272.0085  47.8553
270.2885  49.4853
268.9785  50.3953
268.9785  51.2853
269.9385  51.2853
269.9385  52.1853
263.6685  58.4353
262.3885  59.1553
261.4085  59.4453
260.9185  59.8853
261.0985  61.1153
261.7085  62.2753
262.6685  63.0953
263.9585  63.3853
265.5185  62.9753
264.8985  64.1053
263.4385  65.2453
261.8085  66.1153
260.6585  66.4653
260.4585  67.0853
262.8685  71.0053
261.4585  70.9153
260.1985  71.0753
259.1685  71.4353
258.3685  71.9853
258.8085  72.0853
259.1685  72.0653
259.3685  72.2153
259.3285  72.7953
256.3385  73.3653
255.1185  75.2453
255.1985  77.2353
256.1485  78.1453
256.8785  78.4353
257.5285  79.0453
258.3885  79.6553
259.7685  79.9353
261.3985  79.9353
262.6985  80.1653
263.5185  80.9453
263.6685  82.6153
262.8685  82.6153
259.9385  80.9453
259.0285  84.4353
259.3285  92.5153
256.5285  87.2953
254.5485  85.5353
253.0585  88.0553
252.2585  88.0553
252.5485  86.6553
253.0385  85.6353
253.7985  84.9153
254.9085  84.4053
254.9085  83.5053
249.0285  83.5053
247.8285  83.7853
246.2085  85.0153
244.6185  85.2953
241.3385  86.2553
240.6985  88.3153
240.3685  90.2153
238.0185  90.7253
239.2985  90.1953
239.6785  89.7353
239.7885  88.8753
238.0685  88.3053
238.3885  87.2553
240.6785  85.2953
242.9185  84.1053
243.3285  83.9553
243.1185  82.7953
242.7385  81.8553
242.5285  81.0653
244.9285  76.5353
243.6685  73.1353
240.7885  70.3553
238.0185  68.3353
237.4585  69.3953
237.3585  70.0253
237.5785  70.4853
238.0185  71.0053
238.0185  71.9853
236.2085  72.0953
234.4085  71.9853
234.4085  71.0053
235.7785  70.6253
236.5385  69.8453
238.0185  67.4353
236.2685  66.7753
235.5085  66.8753
234.4085  67.4353
235.3485  65.8753
236.2585  64.7553
237.0585  64.7553
238.7885  65.6953
240.6785  66.4653
241.2285  64.9953
240.6785  59.3253
240.9485  57.7953
240.9785  56.9053
240.6785  55.7553
240.1885  55.1153
238.6185  53.8453
238.0185  52.9953
237.0585  52.9953
235.9485  53.8253
231.7785  56.0553
230.8585  56.2053
230.1585  57.8453
228.5485  58.4453
225.5585  58.4353
214.8385  61.4353
211.3285  61.1153
210.7885  62.6153
209.9185  63.9353
208.8885  64.9553
207.8685  65.5753
204.8685  64.8253
201.0485  65.1553
198.1485  66.3953
197.9785  68.3353
199.0685  68.6753
201.4885  69.9553
202.9485  71.3353
197.8585  72.8153
196.4285  72.3953
196.2885  70.1153
193.2985  72.2553
191.7785  72.7953
191.7785  73.6853
192.6285  74.8353
191.9185  75.9253
190.7185  77.1153
190.0885  78.5553
190.3085  80.7053
190.8985  82.1053
192.7485  84.4053
192.7485  85.2953
191.8285  85.9053
190.8785  86.1453
189.9685  85.9653
189.1285  85.2953
188.3285  85.2953
187.3585  86.1853
187.3585  87.1653
188.5685  88.1553
188.5485  89.0953
187.4985  89.7253
185.5885  89.7553
185.9985  91.7553
186.1185  93.9353
186.8585  95.1653
189.1285  94.3053
188.7885  95.4753
188.2685  96.2853
186.4785  97.8753
187.0785  98.8553
186.8585 100.7553
187.3585 102.3453
185.7685 101.6953
185.0285 101.8853
184.7885 101.7553
184.7885 100.1153
185.4085  98.2953
185.6085  97.3253
185.1785  96.9053
184.2185  97.0553
183.5485  97.4953
183.1485  98.2053
183.0185  99.1753
182.5885 100.6153
180.2985 103.7753
180.4285 103.8253
183.0285 104.5253
183.6085 105.6053
184.1585 107.1053
184.4185 108.7153
187.7385 121.7853
188.2885 123.1153
188.8085 124.0353
192.0085 127.1753
198.5185 135.4153
199.2685 136.0353
199.4785 136.3353
199.7885 136.9853
200.1385 140.9353
199.7785 144.7953
198.9885 148.8653
198.5785 153.7853
198.0385 160.3153
198.1585 162.2353
198.5785 164.4153
201.5785 171.6953
202.7485 176.9153
202.9685 182.2953
206.2685 180.5953
210.2585 179.6353
211.6985 179.0053
212.4785 178.5053
213.0785 177.2553
219.1785 176.7853
222.5485 177.4753
223.7085 177.1953
229.6885 172.5053
231.8685 171.1053
237.0985 169.7153
239.9385 168.5653
241.3885 168.2053
242.4785 168.2053
246.0485 169.0053
244.0385 171.0253
242.9185 173.0653
242.4585 174.2653
241.8685 175.3653
240.8885 176.4453
239.7685 178.1453
238.9885 180.8953
238.4785 185.7353
238.8985 193.6753
237.4085 203.3653
238.2985 206.6653
238.2985 207.3653
238.2685 207.8153
238.6685 207.8353
243.6285 208.4853
249.3885 209.1353
254.9085 210.0553
255.9185 209.5353
257.1085 209.7953
258.2985 210.6353
259.3285 211.8453
269.4885 215.2053
279.3685 219.3453
281.5985 220.1453
284.0685 220.0553
284.1485 218.9853
284.1885 218.6253
284.3685 215.9353
284.8185 214.6853
285.5485 213.1953
286.9085 211.6353

Panama
6
545.9385 139.4853
545.9385 139.4853
544.6685 139.1353
544.5285 140.4753
545.6585 141.2453
546.0785 140.4753

Panama
29
516.8685 138.2553
516.8685 138.2553
516.3385 137.7753
514.9685 137.4853
513.5585 138.1153
511.9385 137.2353
511.8485 136.1153
512.6285 135.3453
512.6285 134.2153
511.7985 134.0753
511.3085 133.4353
511.1985 131.6753
509.4885 131.4853
507.2485 136.1153
507.6385 137.8253
508.4685 137.7253
508.5685 138.7053
509.1085 140.4553
508.6185 141.7253
509.2585 143.8253
510.8185 145.6753
511.7985 145.8253
512.3785 145.6753
513.0985 144.9353
513.1985 144.5053
514.0485 142.8453
514.6285 140.0153
515.5585 138.9453
516.1885 138.7453

Panama
9
550.1085 153.0553
550.1085 153.0553
549.5385 152.3553
547.9985 152.6353
547.0085 153.4853
546.7985 154.3953
547.7185 155.8753
548.6985 155.3053
549.6885 154.3253

Panama
14
511.7785 158.9453
511.7785 158.9453
513.0985 157.3453
513.7085 157.8353
513.9885 159.0553
514.7085 158.5853
514.2085 156.9453
515.1685 156.3053
514.9885 155.3053
514.4485 154.1953
513.3585 153.5053
510.8485 155.3753
508.5285 157.1253
510.0685 160.3053

Panama
66
543.1685 163.5253
543.1685 163.5253
543.7585 162.1153
544.1285 160.5953
544.2385 159.2553
544.2085 158.2353
545.8285 157.9453
546.6985 156.2253
546.4585 154.7753
545.3785 154.0353
545.0885 152.3853
546.8285 149.0053
545.6985 146.0753
544.5185 145.0053
544.5285 143.8353
543.7785 142.8553
542.1785 142.9553
541.5385 143.5953
540.6085 143.4453
539.7385 143.2853
538.8085 143.0653
538.4685 143.7453
538.1685 144.5753
537.7385 143.7453
536.7585 142.5753
535.6885 141.1153
535.7385 139.9953
535.3885 138.8753
536.6585 137.3553
536.8985 134.7753
537.6785 134.1353
538.6585 134.0853
538.6585 133.5053
537.8285 132.8253
536.0185 133.8553
534.6585 134.9753
534.8485 136.8253
533.9785 139.8953
533.1585 141.1153
530.8285 142.1453
530.0085 142.7153
529.2885 144.0653
529.8685 146.1153
530.7985 147.2053
531.2485 149.4853
530.7685 150.3153
529.6285 151.5753
529.2885 152.5453
529.8185 153.5253
530.3585 154.3453
530.4085 155.2253
529.8285 157.5653
530.0085 158.8053
528.6585 162.3053
529.1585 164.1453
530.8085 164.1953
531.9785 163.4053
537.2085 165.6653
538.3685 164.5653
538.7385 163.9153
538.9385 163.2853
539.3485 164.0953
539.1585 165.5653
539.6485 166.2053
540.9085 165.4553
542.3385 164.5653

Panama
30
527.2485 164.7053
527.2485 164.7053
527.9085 164.4453
528.5685 164.5553
528.5685 164.0453
528.0885 163.7153
528.2785 162.8653
528.0485 162.4253
527.7185 162.9053
527.2485 163.0853
526.8085 163.9653
526.6985 164.4053
525.7785 164.5953
525.0785 164.7053
524.6085 164.2953
524.0485 164.6353
523.5385 165.1053
523.2085 165.5153
524.0185 165.9153
524.5685 166.1353
525.3085 166.4653
526.1085 166.6453
527.1085 167.3853
527.6885 168.0053
528.6785 168.0353
528.1685 167.2653
527.4685 166.5753
526.6285 166.2053
526.2985 165.6253
526.6985 165.3653

Panama
8
517.4685 167.5053
517.4685 167.5053
516.7285 167.1653
516.4985 168.9853
517.4785 169.9553
518.2785 169.7253
518.3885 169.0953
518.3285 167.9553

Panama
9
521.9385 182.3453
521.9385 182.3453
522.5085 181.7153
523.1385 181.3153
522.3385 180.6253
521.3085 180.5153
520.7985 181.0853
521.0285 182.0553
521.5985 181.8853

Panama
18
446.9185 184.4153
446.9185 184.4153
447.1785 184.1653
447.5085 184.1853
448.0785 183.7853
448.2385 183.1253
448.6485 182.7653
448.4885 182.1053
448.7085 181.6853
448.5785 181.5253
448.1485 181.8653
447.3885 182.3353
446.9585 182.2653
446.4585 181.6853
446.1885 181.7753
446.1585 183.0353
446.6385 183.0353
446.8585 183.6853

Panama
10
517.5385 183.7153
517.5385 183.7153
517.0285 183.6653
516.7985 184.4053
516.2285 185.2653
516.9185 187.3753
517.5985 187.0353
517.7685 186.0053
518.5185 185.8353
518.0585 184.9153

Panama
18
452.3985 209.5153
452.3985 209.5153
453.2385 209.2353
453.6385 209.3553
453.7185 208.9553
453.4385 208.6353
453.7985 207.8453
454.3885 207.4453
455.1885 207.1653
455.2685 206.4553
454.9885 205.6953
454.3885 205.4953
453.9585 206.1753
453.4385 206.6553
452.4785 206.4553
451.6485 206.6953
451.3285 207.4853
451.4885 208.7153

Panama
10
459.2385 209.6153
459.2385 209.6153
458.7085 209.0553
458.0185 209.0853
457.5685 209.0253
457.5985 209.3753
457.6585 209.6753
458.0585 210.0553
459.1485 211.0253
459.3085 210.3453

Panama
14
508.9285 227.6953
508.9285 227.6953
508.3585 227.6553
508.2085 227.8653
508.5485 228.3553
508.4585 228.6453
508.2285 228.8153
508.1885 229.2653
508.2085 229.4753
508.4785 229.8153
508.6085 229.6853
508.6985 229.2053
509.4385 228.7753
508.9285 228.4153

Panama
516
474.0685 287.0953
474.0685 287.0953
474.6785 286.8353
475.5785 286.9653
477.6885 287.7053
478.8985 287.9553
481.9985 287.9353
482.8085 288.1453
484.1685 289.2353
485.5085 289.5853
487.7885 289.6153
490.7985 288.5853
492.1285 287.9453
492.7285 287.1853
492.5085 286.4953
491.5085 285.1253
491.4885 284.4353
492.0785 283.9853
493.2485 283.5453
493.9385 282.8453
494.3785 281.9453
494.5385 281.0353
494.4685 280.2853
494.3185 279.7153
493.3885 278.5353
490.9085 277.3353
490.0785 276.3753
489.2385 274.9453
488.9785 273.5853
489.0985 272.7253
490.1385 271.8153
494.3985 272.7153
503.2885 275.5253
505.0785 275.7953
506.8185 275.8253
508.7185 275.6953
510.4385 275.3253
513.2585 274.1753
514.3685 273.1553
515.2485 272.1653
516.0785 271.5253
518.0285 271.3953
523.9385 271.5553
525.0985 271.9353
525.6285 272.4253
525.6285 272.9753
525.2985 273.7353
524.8485 274.4953
524.6585 275.3353
525.0185 276.1653
525.7685 276.7553
528.9185 278.1353
529.9685 278.2953
531.0685 278.1853
532.4285 277.7353
533.2385 278.1553
533.4685 278.8853
533.4285 279.7853
533.5285 280.3453
534.0985 280.5853
534.9285 280.4453
536.3485 279.8953
538.3285 279.9153
539.5385 280.3353
541.1485 281.8153
542.0485 282.2953
543.9085 282.4953
546.1185 282.5153
550.1385 281.9453
551.8285 282.2053
552.9185 282.8253
553.6785 283.4553
554.1785 283.7753
555.1085 283.8853
555.7785 283.8953
556.6385 283.5053
558.8485 281.1653
560.5985 280.3453
561.5285 280.6753
562.0485 281.5653
562.3285 283.8553
562.9985 284.2353
564.3985 283.7953
567.2285 281.9953
571.7985 278.4653
573.6185 277.3153
575.9085 276.8353
577.9185 277.0153
584.7185 278.6153
585.3485 279.0953
586.4885 280.7953
587.3385 281.2253
588.4985 281.0253
590.1385 279.4853
590.7985 278.2953
591.3585 276.0253
591.9285 275.6453
592.8185 275.9853
593.7885 276.7653
594.6885 277.2653
595.6485 277.1753
596.7785 276.1053
597.2585 275.0853
597.7185 274.2853
598.2285 273.7953
599.1885 273.4453
599.9185 272.8553
600.5685 271.7353
600.9785 270.5053
601.0785 269.5053
600.9385 268.5653
601.2685 267.6553
601.9885 267.0953
603.7885 266.7053
607.5185 266.8553
609.9985 266.3653
611.0185 266.2953
612.0385 266.6253
616.6485 268.8953
617.4885 268.6853
618.0385 267.7553
618.6085 265.5153
619.8685 262.0153
620.6485 260.8553
621.6485 260.1753
624.5485 260.4653
627.8485 260.4153
630.7585 259.9853
631.8285 260.0753
632.3985 260.4153
632.7485 261.0653
632.9785 261.6653
633.4885 262.1153
634.3885 261.7753
635.3985 260.6253
636.0485 257.8053
635.4485 256.2853
634.1085 254.2053
634.3685 253.4953
635.2085 252.8453
644.1485 250.7053
645.5685 249.9353
646.5185 249.2753
649.4285 244.7453
648.6985 243.1753
646.0685 239.6653
645.1885 237.7253
644.5985 235.2753
644.3085 232.0753
644.3685 229.7153
644.6885 227.7553
644.0485 226.5253
642.6585 225.6653
639.4285 224.9153
637.1685 223.8853
634.9885 221.9753
633.2985 219.0953
632.2685 218.3353
630.8585 217.9953
628.3785 218.1953
626.1985 218.1253
623.5085 217.5553
619.7985 215.8053
618.5385 214.4853
618.0585 213.2253
617.9185 212.1253
617.3285 211.0053
616.1285 210.1053
614.9085 209.7853
613.2685 210.4853
611.9685 212.4953
611.1285 213.2353
607.9985 214.3753
605.8385 214.7753
604.0185 214.8653
598.0885 212.8353
597.1585 212.2253
596.4885 211.4853
596.8485 209.6853
598.3385 202.1253
598.7985 200.8253
599.3885 197.6953
599.4685 196.1353
599.0085 194.1153
598.5085 192.7053
597.7385 191.2153
597.2785 189.7153
596.8885 187.7653
596.3685 182.4453
595.6285 178.5753
595.5485 177.5053
596.0085 177.0053
596.4685 176.6253
596.9085 175.6553
596.7585 173.9853
597.2585 170.6753
598.9285 166.6653
599.2885 163.7753
601.4085 156.1753
601.8685 150.3353
601.8685 150.3353
601.0985 150.7653
598.1085 154.4553
596.6685 155.3153
597.3685 156.9153
597.2685 159.2553
596.6485 161.6153
595.7785 163.2853
594.8285 162.5453
594.2985 161.7453
594.0585 160.8153
593.9385 159.7053
593.3385 160.9453
591.9285 162.7553
591.3585 164.2553
591.2885 166.1053
592.2485 170.5153
591.3585 172.7953
587.5685 177.9053
586.0585 179.5453
587.9985 179.4453
589.4185 179.0153
590.6985 178.8553
592.2485 179.5453
590.1285 181.2053
589.4085 182.5653
589.5985 187.1453
581.5485 189.3853
582.2285 191.3953
582.5185 191.9953
581.6685 192.0953
581.2285 191.8953
580.6685 191.1753
579.5985 191.8753
578.6085 191.8053
577.6585 191.4053
576.7285 191.1753
575.5885 191.8353
574.7585 193.3653
573.5885 196.5453
575.4385 198.0553
576.1185 200.4253
575.9785 203.1253
575.3685 205.5753
574.3985 205.5753
574.2185 203.4653
574.7285 200.7553
574.6485 198.8853
572.7085 199.2353
570.5385 196.8353
566.5585 202.0553
562.9785 201.9953
560.4485 203.5753
557.8585 209.1453
555.8185 210.9453
555.8185 211.8453
556.7885 211.8453
556.7885 212.7353
554.8685 213.3053
553.6585 214.5253
552.6385 215.9753
551.3185 217.2053
552.3485 215.0253
552.5785 213.3053
551.7585 211.9853
549.6285 210.9453
547.6885 210.6253
546.3785 211.1253
543.8385 214.1253
542.9285 216.1953
542.4185 218.7253
541.7285 220.8553
524.6985 229.8253
517.9185 231.3253
514.6385 233.6653
514.0885 234.3853
513.9185 235.6653
514.2885 236.4153
514.7885 237.1453
515.0485 238.3753
515.1085 241.0853
514.9085 243.3753
513.8785 244.8153
511.4285 245.0553
511.4285 246.0353
514.2085 246.2353
516.3285 247.3753
517.7985 249.1953
518.5885 251.4053
519.3985 251.4053
520.5385 249.6253
521.7985 249.6953
523.8885 251.4053
526.5285 252.3453
527.6985 253.0253
528.3185 254.1753
527.4885 253.7653
525.7485 253.6253
524.6985 253.2853
523.8385 252.5953
522.1785 250.7953
521.6385 250.4253
520.5985 250.8253
520.2685 251.6553
519.8585 252.3353
518.5885 252.2953
517.7885 251.6153
516.2085 249.2353
515.4585 248.7253
515.1485 248.4453
514.7385 247.8253
514.0085 247.2053
512.7585 246.9253
511.5585 246.8653
510.5985 246.6153
509.9585 246.0453
509.7485 245.0553
510.5385 244.1553
512.2185 243.6553
513.7285 242.5253
514.0885 239.7653
513.4985 238.1553
512.1585 235.9153
510.3485 234.3653
508.3385 234.7953
507.4985 235.2353
504.3585 236.1053
504.2185 236.6753
503.5885 237.7353
502.9085 238.0853
502.5785 236.5353
500.3885 235.8153
489.9685 237.6553
486.5885 236.9853
485.7785 236.9853
485.7785 237.8853
482.5885 236.8953
475.2685 237.6053
472.3585 236.1053
471.2085 236.9853
469.9985 236.8853
468.7585 236.3853
466.5085 235.9553
464.8985 235.3453
463.9085 235.2053
462.9385 234.9153
462.6785 234.3053
462.5885 233.6853
462.1785 233.4153
461.7585 232.9653
458.1185 230.7253
457.8585 229.5453
457.9885 228.4253
457.7285 227.5653
456.3485 227.1453
458.5985 223.3253
459.0785 221.7753
457.3685 222.9753
455.2785 225.0653
453.5285 227.5353
452.8085 229.8253
452.0085 229.8253
452.1885 229.0653
452.4185 228.5753
452.8085 227.9553
452.8085 227.1453
452.0085 227.1453
452.9385 223.8953
452.3285 221.0653
450.4385 219.6953
447.4985 220.7953
441.5785 219.7353
439.7185 218.7653
440.4285 217.2053
440.4285 216.3953
438.9885 216.8753
438.0685 217.4953
437.1985 217.7753
435.9185 217.2053
435.5385 217.6453
435.3885 217.8653
435.0785 217.9753
434.2285 218.1053
434.2285 217.2053
434.5885 216.7653
434.7985 216.0853
435.1185 215.4153
432.8885 215.8053
430.7785 214.7153
429.0485 212.8453
427.9585 210.9453
427.4085 208.4153
427.9585 200.6153
428.2385 199.8653
428.8385 199.4653
429.4485 199.2053
429.7285 198.7853
429.5985 197.9553
429.3385 197.2553
428.9285 196.5453
428.6285 195.5253
428.1185 194.4353
427.4385 193.3853
426.6685 192.4853
426.1485 192.1053
424.5385 191.3153
422.9085 190.9753
422.8085 190.4853
422.9685 189.9053
422.6485 189.3853
420.4385 188.7953
418.3285 187.7353
419.9685 186.1053
424.3785 185.1053
428.5585 186.7853
432.4585 188.7553
433.9485 189.5753
434.4285 190.2053
435.0485 190.2053
435.0985 189.0953
434.6185 188.1353
430.2485 184.7253
425.0585 180.0153
422.5585 179.0453
418.3285 177.6553
413.4285 176.4453
412.4685 175.1953
412.6985 173.7553
412.4485 172.7553
412.0385 172.3053
411.3785 172.0253
409.9185 171.7253
409.3785 171.4953
407.4185 169.6553
406.4985 168.9953
405.3185 168.7253
404.6185 168.1653
403.3685 165.7153
402.7085 165.1553
402.4385 164.6553
399.6885 162.2653
390.5385 156.2253
385.2385 162.4553
384.6285 163.7353
383.9085 165.7753
383.4385 173.0753
382.2685 176.3153
382.2985 180.4653
382.4685 181.6253
381.9985 186.1553
381.2485 188.3253
377.9985 203.0553
374.6185 212.9253
374.5185 216.0453
374.8685 218.3853
375.6585 220.5553
378.5785 224.9353
378.0185 228.4753
383.8285 232.9953
389.3285 230.9753
392.9485 230.6953
397.7185 232.2153
401.5385 234.7353
402.2285 236.1753
402.9285 238.2453
402.8885 240.2553
402.4385 241.7853
401.3585 243.8153
400.6585 246.0853
406.1085 258.1153
408.0185 260.1453
410.1785 260.5853
414.2285 258.6553
417.8485 257.8653
419.2685 257.1553
420.6285 255.8753
423.0985 251.6953
424.5585 250.1353
427.4085 249.4653
434.0785 249.5653
436.2585 250.3453
438.6185 251.9453
442.2685 256.4653
443.0985 260.0453
443.8485 260.5253
444.7685 261.2453
447.0385 262.3153
449.2385 262.9653
451.0585 263.7653
451.6985 264.5153
451.8585 265.4353
451.2885 267.7853
451.5385 269.7253
452.1785 272.4753
453.8785 276.9053
454.4485 278.9553
454.4985 280.3353
454.1385 280.8453
454.0485 281.7953
454.3285 283.1553
457.6885 294.7553
462.5285 296.7453
468.2785 298.0053
471.4785 297.1553
473.5985 296.3153
474.6985 295.4453
475.5585 294.3153
475.9985 293.5753
477.2885 291.9053
477.4885 291.3453
477.2685 290.9653
476.6685 290.6353
475.0685 289.9353
474.3685 289.4853
473.9185 288.8153
473.7185 288.0153

Los_Santos
103
317.5685   4.3653
317.5685   4.3653
317.2185   8.9452
316.3685  10.7752
315.0485  12.2652
312.3585  14.2752
311.1785  14.9752
309.2785  15.6052
309.1885  16.1952
309.4685  17.5652
309.3985  19.4852
308.5785  22.5452
305.2385  27.0852
303.1885  33.3852
302.2785  38.9853
302.5885  42.6252
309.7285  49.6252
316.2885  60.0752
317.0485  60.7453
318.7085  60.9352
319.6285  61.3053
320.6985  62.1453
322.3285  63.6953
323.6885  66.0553
324.1985  67.7853
324.1685  69.2853
324.0185  70.2753
323.5885  71.2953
321.9085  73.5353
321.5585  74.5053
321.3585  75.6853
321.3985  76.6253
321.2785  78.6653
320.6885  79.4553
320.8485  79.9653
321.4885  80.7753
323.1885  81.8353
325.0585  83.3753
326.5785  85.2753
330.5085  92.5153
332.1585  94.1153
336.3585  95.3153
340.4385  95.1353
342.0985  95.4953
343.4285  96.5253
344.8985  98.4953
345.4685 100.8953
346.3385 101.9653
347.1785 103.7653
347.1785 103.7653
350.6285 102.7353
353.3685  98.0253
355.2285  92.5453
356.9585  88.8753
369.3385  78.9653
377.1985  71.7953
389.0385  56.6753
395.0785  45.5853
396.6685  41.7353
396.5185  39.2053
394.5285  34.2153
393.5185  33.1153
391.9385  32.7353
388.4685  32.5553
387.4085  32.3553
378.2685  28.9053
370.1085  28.9153
368.5285  28.0153
366.9585  28.7453
363.4785  29.5653
362.2685  30.6853
361.3785  30.6853
360.2285  30.1153
356.0685  28.9053
356.0685  28.0153
357.7385  28.2053
359.0885  28.5453
360.2585  29.0453
361.3785  29.7153
362.2685  28.9053
352.9485  25.8453
349.4985  23.3453
348.9985  19.9053
351.2085  16.2053
350.7985  15.0153
347.5885  14.5553
346.6885  14.2953
345.6785  13.6753
344.8385  12.9453
344.4885  12.3253
344.1585  10.8853
343.3085  10.3753
342.1385  10.0553
340.8685   9.1953
340.3085   8.1153
340.3585   7.2053
340.2385   6.4053
339.1785   5.6353
338.1985   5.5553
335.7485   6.3153
334.3585   6.5353
318.5085   4.5353
317.5685   4.3653

Herrera
89
324.6385 118.0153
324.6385 118.0153
325.4085 118.0953
326.8785 119.2253
327.6185 119.3653
329.1585 118.5953
332.1585 116.5853
333.8385 116.0953
333.8385 116.0853
333.0685 114.9353
335.1685 113.9253
336.1085 111.4253
336.7385 108.8653
337.8985 107.7053
339.8085 107.3053
344.7485 105.1353
346.2585 104.0453
347.1785 103.7653
347.1785 103.7653
346.3385 101.9653
345.4685 100.8953
344.8985  98.4953
343.4285  96.5253
342.0985  95.4953
340.4385  95.1352
336.3585  95.3152
332.1585  94.1153
330.5085  92.5153
326.5785  85.2753
325.0585  83.3753
323.1885  81.8353
321.4885  80.7753
320.8485  79.9653
320.6885  79.4553
321.2785  78.6653
321.3985  76.6253
321.3585  75.6853
321.5585  74.5053
321.9085  73.5353
323.5885  71.2953
324.0185  70.2753
324.1685  69.2852
324.1985  67.7852
323.6885  66.0553
322.3285  63.6952
320.6985  62.1452
319.6285  61.3053
318.7085  60.9352
317.0485  60.7453
316.2885  60.0752
309.7285  49.6252
302.5885  42.6252
299.2085  46.0453
298.4185  46.4953
295.7685  47.0752
291.9185  49.3653
281.9185  64.2852
281.1785  66.0253
280.3085  69.7953
279.5385  71.8553
278.6085  73.1753
277.9985  73.7453
276.6985  74.2852
273.6885  73.5052
273.1385  76.4552
273.5985  91.2452
274.3385  92.4952
274.9585  93.0652
278.2685  93.9152
280.9985  96.8552
284.6985 100.1552
285.7085 101.6252
287.1085 104.1852
287.2585 106.2152
285.2385 111.9752
289.9785 113.7652
294.6485 115.6452
296.7585 117.5552
299.6885 121.1152
300.9385 121.5852
302.7085 121.5352
303.8785 121.2352
306.8185 121.4852
309.9685 120.3652
312.0785 120.5252
316.8385 122.1052
319.2285 122.2652
321.0285 121.5152
323.4685 118.8952

Colón
303
515.7285 308.9153
515.7285 308.9153
515.7285 306.1853
515.6685 295.1553
515.1585 294.3253
514.1185 294.0353
513.0085 293.9053
512.1385 293.6553
510.7985 292.8153
509.7285 291.7653
508.2585 289.6353
507.8185 288.3553
507.5985 286.3053
507.3585 285.4653
506.9785 284.7253
506.1985 283.9553
505.0385 283.2453
502.5485 282.3953
500.4185 281.4153
496.8385 279.1653
494.3785 277.1953
493.8385 277.2053
493.3885 278.5353
494.3185 279.7153
494.4685 280.2853
494.5385 281.0353
494.3785 281.9453
493.9385 282.8453
493.2485 283.5453
492.0785 283.9853
491.4885 284.4353
491.5085 285.1253
492.5085 286.4953
492.7285 287.1853
492.1285 287.9453
490.7985 288.5853
487.7885 289.6153
485.5085 289.5853
484.1685 289.2353
482.8085 288.1453
481.9985 287.9353
478.8985 287.9553
477.6885 287.7053
475.5785 286.9653
474.6785 286.8353
474.0685 287.0953
473.7185 288.0153
473.9185 288.8153
474.3685 289.4853
475.0685 289.9353
476.6685 290.6353
477.2685 290.9653
477.4885 291.3453
477.2885 291.9053
475.9985 293.5753
475.5585 294.3153
474.6985 295.4453
473.5985 296.3153
471.4785 297.1553
468.2785 298.0053
462.5285 296.7453
457.6885 294.7553
454.3285 283.1553
454.0485 281.7953
454.1385 280.8453
454.4985 280.3353
454.4485 278.9553
453.8785 276.9053
452.1785 272.4753
451.5385 269.7253
451.2885 267.7853
451.8585 265.4353
451.6985 264.5153
451.0585 263.7653
449.2385 262.9653
447.0385 262.3153
444.7685 261.2453
443.8485 260.5253
443.0985 260.0453
442.2685 256.4653
438.6185 251.9453
436.2585 250.3453
434.0785 249.5653
427.4085 249.4653
424.5585 250.1353
423.0985 251.6953
420.6285 255.8753
419.2685 257.1553
417.8485 257.8653
414.2285 258.6553
410.1785 260.5853
408.0185 260.1453
406.1085 258.1153
400.6585 246.0853
401.3585 243.8153
402.4385 241.7853
402.8885 240.2553
402.9285 238.2453
402.2285 236.1753
401.5385 234.7353
397.7185 232.2153
392.9485 230.6953
389.3285 230.9753
383.8285 232.9953
378.0185 228.4753
376.4185 229.1653
375.4285 229.8153
374.5485 230.6353
373.7385 232.0253
372.8585 236.5553
372.7385 237.9953
370.9185 241.3653
369.6085 238.7153
368.9285 234.9253
368.0285 233.2653
367.0585 232.3053
365.6685 231.6253
363.8885 230.3453
353.6485 220.5453
351.5585 218.9453
349.7785 218.3253
348.5685 218.6953
345.3385 219.1753
342.5185 219.9953
340.8285 221.0553
329.0185 225.5053
327.9485 225.2753
327.0385 224.2453
325.5885 219.4753
325.4285 218.1853
325.6885 217.6153
326.1385 216.9353
326.5585 215.7753
326.8185 211.6753
326.4085 209.6753
325.5485 207.7153
323.9185 206.4853
322.0585 205.5753
319.8885 204.9353
317.9885 204.8853
316.5385 205.0053
314.1485 205.4853
312.8885 205.2553
311.3985 204.5753
309.4185 202.6553
308.0485 200.8153
307.0385 197.7753
305.7985 194.9753
305.6385 192.5753
305.8085 190.9853
306.0985 189.5053
305.7885 188.1653
304.3985 186.6153
303.0885 184.5053
300.0285 184.6853
302.0385 188.7353
301.7985 189.6453
301.5185 190.3753
300.8185 191.1353
300.1985 192.1953
299.6985 194.5953
300.1285 196.1653
300.8685 197.7453
301.4885 199.7453
300.7885 201.6353
299.8985 203.1053
297.1685 206.2153
296.1985 206.8153
294.7385 207.4453
292.4685 208.1953
290.2285 209.2453
287.8485 210.8153
286.9085 211.6353
285.5485 213.1953
284.8185 214.6853
284.3685 215.9353
284.1885 218.6253
284.1485 218.9853
284.0685 220.0553
286.3685 219.9853
289.2785 220.7953
290.5085 222.3653
291.6285 223.6352
294.3085 227.1553
295.7385 229.0253
297.0385 229.8252
297.4785 230.2453
297.8985 231.1653
298.5785 232.0953
299.7385 232.5153
301.6585 234.7653
304.6885 236.1953
309.3985 239.0353
311.1985 239.7653
313.2885 241.9053
320.7685 245.7153
330.1685 249.6753
342.9285 253.7953
357.9185 254.9853
359.8785 255.6553
364.1185 258.1053
365.3885 258.6553
369.9285 259.1653
374.7185 260.4453
379.0285 262.1853
382.7685 264.3053
387.3785 269.5753
392.4385 274.0553
395.7185 277.1953
396.0185 278.6753
398.5585 282.8153
401.8185 284.1453
402.6385 284.0653
403.1185 282.8453
402.8385 277.8953
403.1185 276.5853
403.8285 275.7053
404.9685 275.0453
406.2985 274.9153
407.6085 275.6053
408.5785 277.9953
408.7485 280.6453
409.4685 281.9053
412.0385 280.1653
411.7585 281.2753
411.4385 283.5353
411.1585 284.6453
411.4685 284.4053
412.0385 283.8353
412.9285 284.6453
411.3185 286.9253
412.5185 288.1853
413.9985 287.5053
416.4385 287.7253
419.3285 286.4553
421.6885 282.4853
422.6485 280.9753
422.1285 283.8553
421.4585 285.8753
421.3885 287.7053
422.6485 290.0253
424.5685 291.7753
428.4385 293.2153
430.6085 294.5953
430.8885 294.9753
431.2485 295.9553
431.4885 296.3953
431.9385 296.7253
432.7985 298.1153
433.9885 298.8553
435.9085 300.2153
436.7285 303.5853
437.6285 306.7553
439.9185 307.6453
440.9585 308.6053
440.3385 309.2953
438.8785 308.7553
437.7385 308.4353
437.0085 309.2453
437.8385 309.7953
438.5985 310.3353
439.2985 311.7153
441.1685 312.5353
442.6185 313.7053
443.7185 315.0153
446.0685 315.6953
448.1385 315.4153
450.6885 316.2353
454.0085 317.7553
456.3485 317.0953
456.9785 315.5353
457.6785 314.2753
457.6985 313.2853
456.3485 312.5253
456.3485 311.7153
457.6185 311.1453
457.6485 310.8453
458.1185 309.8353
458.7485 310.2853
459.2185 310.5553
459.5885 310.9253
459.9585 311.7153
460.8485 311.7153
461.6385 311.1053
462.6985 310.6153
465.2785 309.8353
465.3385 310.9753
466.2385 313.4253
466.9285 312.2453
467.7885 311.7753
468.7385 311.8953
469.6985 312.5253
474.6185 311.3453
481.8485 310.5353
490.0485 308.2553
494.3285 306.7453
500.2885 305.9653
502.7085 307.2553
505.1385 307.9853
508.1185 307.7753
510.3485 307.5853
512.5885 308.1253
515.0085 308.8553

Coclé
120
378.0185 228.4753
378.0185 228.4753
378.5785 224.9353
375.6585 220.5553
374.8685 218.3853
374.5185 216.0453
374.6185 212.9253
377.9985 203.0553
381.2485 188.3253
381.9985 186.1553
382.4685 181.6253
382.2985 180.4653
382.2685 176.3153
383.4385 173.0753
383.9085 165.7753
384.6285 163.7353
385.2385 162.4553
390.5385 156.2253
390.5385 156.2253
385.3485 152.7953
379.5285 149.7653
370.4985 145.0953
366.6785 143.5353
360.4885 142.7153
359.3485 142.8653
357.6785 143.4553
356.9585 143.5353
355.8185 143.2253
353.5585 142.1253
352.5285 141.8253
348.9985 142.7153
347.2885 143.8353
346.4985 144.7553
347.1485 145.3953
345.8485 144.8853
345.7885 144.3053
345.9785 143.6053
345.4585 142.7153
343.0985 141.1753
334.9085 133.0053
333.8785 130.6153
334.3085 118.0653
334.1485 116.5453
333.8385 116.0953
332.1585 116.5853
329.1585 118.5953
327.6185 119.3653
326.8785 119.2253
325.4085 118.0953
324.6385 118.0153
323.4685 118.8953
321.0285 121.5153
319.2285 122.2653
316.8385 122.1053
312.0785 120.5253
309.9685 120.3653
306.8185 121.4853
300.7285 125.5353
300.1985 127.7753
303.5885 133.8453
305.4685 140.4153
305.9885 144.6153
302.8085 149.7953
297.7985 163.0653
294.7585 168.4653
292.1185 172.0253
289.3185 174.5353
290.8485 175.9153
294.9385 176.5753
298.4885 180.9053
300.0285 184.6853
303.0885 184.5053
304.3985 186.6153
305.7885 188.1653
306.0985 189.5053
305.8085 190.9853
305.6385 192.5753
305.7985 194.9753
307.0385 197.7753
308.0485 200.8153
309.4185 202.6553
311.3985 204.5753
312.8885 205.2553
314.1485 205.4853
316.5385 205.0053
317.9885 204.8853
319.8885 204.9353
322.0585 205.5753
323.9185 206.4853
325.5485 207.7153
326.4085 209.6753
326.8185 211.6753
326.5585 215.7753
326.1385 216.9353
325.6885 217.6153
325.4285 218.1853
325.5885 219.4753
327.0385 224.2453
327.9485 225.2753
329.0185 225.5053
340.8285 221.0553
342.5185 219.9953
345.3385 219.1753
348.5685 218.6953
349.7785 218.3253
351.5585 218.9453
353.6485 220.5453
363.8885 230.3453
365.6685 231.6253
367.0585 232.3053
368.0285 233.2653
368.9285 234.9253
369.6085 238.7153
370.9185 241.3653
372.7385 237.9953
372.8585 236.5553
373.7385 232.0253
374.5485 230.6353
375.4285 229.8153
376.4185 229.1653

Chiriquí
12
 91.6885 115.6853
 91.6885 115.6853
 89.8085 115.4953
 90.1685 117.0953
 91.0485 118.7953
 92.2585 120.2753
 93.6585 121.1053
 95.1585 121.1853
 95.4685 120.3553
 95.3285 118.9353
 95.4885 117.2053
 93.1085 116.1553

Chiriquí
18
108.1985 131.8853
108.1985 131.8853
109.2785 130.2053
106.5185 131.0053
104.7085 131.1853
103.8785 130.6153
103.8885 129.4253
103.9885 128.7853
104.8485 126.5453
101.2385 129.2353
100.2585 129.4653
 97.6685 129.7953
 96.8085 130.2053
 95.8185 132.2553
 97.0085 133.4553
101.2385 134.6753
103.0785 133.8453
105.7685 133.0053

Chiriquí
18
 95.6185 139.1553
 95.6185 139.1553
 94.3385 138.5353
 92.3085 139.1453
 92.3085 138.1553
 95.9285 135.5653
 93.3285 134.8953
 88.8185 132.5153
 86.6385 131.9953
 85.1085 132.6853
 83.2685 134.3653
 81.6885 136.4053
 80.8885 138.1553
 81.6885 138.1553
 84.6385 137.7853
 91.3685 142.5653
 94.1585 141.8253
 95.7085 140.4253

Chiriquí
270
 44.1385 224.1452
 44.1385 224.1452
 46.9585 221.2752
 55.7485 222.3852
 63.1585 221.9852
 65.2485 221.1853
 66.6485 220.0252
 68.0885 217.1653
 72.9385 216.9353
 78.9385 215.0053
 89.6885 210.0552
 89.9285 209.9453
 95.5385 207.7352
 97.8785 206.5653
100.2185 205.8952
104.2085 205.2752
107.7585 204.8352
108.4585 205.0152
110.2785 205.2952
111.2985 205.1752
116.6485 204.0053
116.8585 204.0053
118.6185 196.2852
117.4085 185.2253
116.4385 181.3552
116.9185 178.5953
118.1985 177.0953
114.0085 167.2952
113.3685 164.0752
115.4685 162.8753
119.4985 162.9353
123.7285 164.1052
125.8685 164.9153
127.1285 165.3352
128.3585 164.5452
129.7985 162.6253
131.9485 158.8552
133.9285 156.7352
134.4085 152.6852
137.0885 148.6352
143.3085 147.0352
155.3085 146.9152
158.7385 145.8052
160.8885 141.7552
164.6585 138.6852
171.4285 138.4452
173.5185 140.5252
174.9785 142.7452
176.9185 142.9852
178.1085 140.4352
181.2985 141.0252
184.1785 143.0152
185.4285 145.1952
187.2685 149.6552
189.5585 152.8052
195.2985 154.6152
198.5785 153.7852
198.9885 148.8652
199.7785 144.7952
200.1385 140.9352
199.7885 136.9852
199.4785 136.3352
199.2685 136.0352
198.5185 135.4152
192.0085 127.1752
188.8085 124.0352
188.2885 123.1152
187.7385 121.7852
184.4185 108.7152
184.1585 107.1052
183.6085 105.6052
183.0285 104.5252
180.4285 103.8252
180.2985 103.7752
180.2985 103.7752
179.3985 105.0252
177.5485 109.9752
176.7385 111.2852
175.9485 109.2552
175.7885 108.1952
175.8585 106.8852
174.4985 108.2352
174.4785 110.1352
174.2385 111.9652
172.2485 113.0652
172.2485 114.0352
173.3385 113.4052
174.3585 113.1152
175.2085 113.2852
175.8585 114.0352
176.7385 114.0352
177.1885 113.6552
177.4685 113.5052
178.5085 113.0652
174.0985 121.1852
171.2285 124.7652
169.9485 126.7952
169.5885 129.2352
168.7785 129.2352
168.0385 127.7652
167.7185 126.3252
168.1285 125.2252
169.5885 124.7652
168.7885 123.6252
166.8385 121.5052
165.9685 120.2952
165.1685 120.2952
162.8385 122.0752
152.6985 126.1052
151.5685 126.8052
146.1685 128.1052
144.3385 128.3352
142.9585 129.1852
143.4685 131.1252
145.6285 134.6752
144.0585 134.1852
142.3185 133.0552
140.9085 131.4952
140.3185 129.7152
139.5085 129.3252
137.7285 130.4552
135.0085 132.8052
133.0985 131.3852
128.8985 131.6552
124.6485 132.9752
122.5485 134.6752
121.7385 134.6752
121.5185 132.2852
118.2585 125.0752
117.9885 125.3152
117.4185 125.6052
117.2385 125.6552
117.2385 124.7652
116.4385 124.7652
117.6385 127.8152
117.5885 128.7753
116.4385 128.3353
116.5785 129.4153
116.7885 130.2153
117.2285 130.7353
118.1285 131.0153
118.1285 131.9953
116.3885 131.8453
114.1585 130.5353
112.3685 130.2053
111.2485 130.5953
109.5985 132.3353
108.3085 132.8053
108.3085 133.6953
108.9785 133.8952
109.5585 134.3852
110.1585 134.6752
108.6585 138.7152
108.5285 140.5452
109.2785 141.8252
109.2785 142.7152
108.5185 143.3152
108.3685 143.9652
108.6785 144.6752
109.2785 145.3952
109.4285 145.0552
109.3985 144.6952
109.5285 144.4552
110.1585 144.5052
109.5285 146.2552
109.6785 147.5952
110.7285 148.5452
112.8185 149.0552
109.7785 149.1552
108.1985 149.0252
107.4985 148.5652
105.4285 144.2752
105.2985 143.5352
102.7785 143.7652
100.8085 144.6152
 99.8685 146.3052
100.4285 149.0552
 98.2985 148.1352
 96.0385 147.4352
 93.7485 147.2952
 91.5085 148.0752
 91.7485 147.2152
 92.0185 145.3652
 92.3085 144.5052
 90.2485 144.1952
 86.5485 142.2752
 84.8685 141.8252
 82.4385 142.4852
 80.5785 143.9652
 80.3085 145.5052
 82.6585 146.3752
 82.6585 147.1852
 81.5585 147.6252
 80.9685 148.3952
 80.7785 149.4452
 80.8885 150.7652
 79.5785 149.7752
 79.3685 148.1552
 78.7985 146.4852
 76.3885 145.3952
 76.3885 144.5052
 76.9285 143.7752
 77.4485 142.8752
 77.8785 141.8952
 78.1485 140.9252
 75.7085 140.4052
 74.8085 140.4352
 73.7285 140.9252
 70.4185 140.3152
 65.1085 141.7452
 56.0385 145.3952
 51.3485 146.3752
 46.2085 146.3852
 41.0985 145.6852
 31.9385 142.8352
 28.0085 140.5852
 24.9785 137.3852
 23.0685 132.8052
 22.7185 127.4152
 23.6285 121.9152
 26.6885 113.0652
 26.6885 112.2552
 25.0185 110.5352
 24.2285 108.3653
 23.0985 107.2552
 20.4185 108.6752
 20.4185 108.6752
 21.2285 111.6652
 21.8685 117.5052
 15.0485 132.5053
 14.4485 136.6653
 13.5685 138.0053
 11.2985 139.2052
 10.1185 139.3652
  8.5585 138.7452
  7.7385 138.7952
  7.0085 139.3652
  5.7585 141.2152
  5.0685 141.9552
  1.4485 144.0952
  0.2585 145.3752
  0.3985 147.0152
  1.5485 147.9452
  7.4385 151.2752
 13.1785 156.7652
 16.8985 158.6852
 20.5585 159.8152
 23.9385 161.4852
 26.8085 165.0252
 28.0285 168.8852
 28.4085 173.4852
 27.6385 182.6252
 26.6185 186.6052
 25.0085 189.9852
 22.8385 193.0552
 18.7685 197.6152
 17.6185 199.3452
 16.9785 201.1952
 17.1385 203.1552
 18.1785 204.2852
 22.0385 206.6952
 23.2485 208.1052
 23.2685 209.8952
 22.2385 210.5252
 21.6285 211.1252
 22.8885 212.8052
 24.3985 213.8952
 37.7585 219.3852
 41.6385 221.7552
 43.4085 224.6752

