793 471

Açores
24
196.0730 259.7738
196.3530 259.6138
196.3330 258.6638
197.5530 257.6838
197.4230 257.4638
197.7230 256.5538
197.2430 256.6738
195.8730 256.4338
195.3230 257.0738
194.7830 257.2638
193.5430 256.7438
193.3230 256.9738
192.9730 256.7538
192.6030 256.9338
191.9830 258.4038
192.0530 258.8238
192.4730 259.1738
193.2930 259.5638
193.6630 259.1838
193.8630 259.4238
194.2730 259.2738
194.5430 259.6638
195.2030 259.7838
195.6930 259.5838

Açores
58
173.0630 295.1838
175.1230 294.3138
175.7930 293.3538
175.9730 292.6338
176.3730 292.6538
176.5230 292.2838
177.6730 291.9838
178.0330 292.2038
179.4530 291.4138
179.5630 291.6238
180.2330 291.4638
181.3230 291.8338
182.7530 292.9538
183.2030 291.8538
183.8030 291.9638
184.0830 291.7938
184.3230 292.1438
184.5530 291.8538
185.1730 291.8938
185.4530 292.2238
185.8530 292.1338
187.3530 292.8338
187.7530 293.4038
188.5030 292.9538
189.5930 293.2138
190.2930 292.8938
192.4830 293.1038
193.4230 292.7438
193.7530 291.7538
193.7830 291.0838
193.4730 290.5238
193.6330 289.6638
192.6530 288.4438
191.3630 288.1638
190.0930 288.5338
189.3230 288.3038
188.9130 287.8038
188.6230 287.8938
187.9030 287.5638
186.9530 287.6238
186.3330 287.2338
184.5630 287.4138
184.0630 287.2238
182.7630 287.4938
181.8230 287.1238
180.0730 288.5438
179.5630 288.4438
178.2030 288.8738
177.7430 288.5438
177.2130 288.3138
175.8430 288.2938
171.3930 291.9338
170.9530 292.9138
170.9130 293.2938
171.1930 293.7938
171.7430 294.1138
171.9130 294.8038
172.4630 294.6938

Açores
29
 90.5030 321.3538
 91.0930 321.2938
 93.0330 320.4038
 94.1030 319.1838
 95.8530 318.8438
 96.1130 318.4138
 97.0530 317.9538
 97.3630 317.4238
101.5530 316.6438
102.2630 316.0938
102.4630 315.3538
100.7930 314.8738
 97.7130 315.2538
 97.1930 314.7438
 95.9030 314.1938
 95.4030 314.3538
 95.2930 315.0638
 94.7830 315.4138
 91.8230 315.4238
 90.2430 316.0938
 89.9130 315.8138
 89.3230 315.7838
 87.0830 317.0438
 86.3430 318.4038
 86.3530 319.8038
 86.5030 320.3638
 87.7530 321.2438
 88.3430 321.4338
 89.2230 321.2238

Açores
21
 81.0230 324.8138
 82.4430 324.2738
 82.9130 323.7438
 83.7530 323.4838
 84.4930 322.7538
 84.0930 321.5238
 84.3630 320.8638
 83.6330 320.4938
 83.7030 319.6038
 83.4130 319.7038
 83.4230 319.9938
 81.0330 319.7238
 79.6130 319.9038
 79.6630 320.6338
 79.2930 321.6238
 78.7130 321.6438
 77.1730 322.7238
 77.1130 323.2438
 78.4830 323.5738
 79.5930 323.5138
 80.4230 324.6038

Açores
28
 93.6930 329.1838
 95.0430 328.7938
100.8330 326.2038
101.4930 325.9938
101.9430 325.8438
102.6130 325.8138
104.0630 324.6938
104.4830 324.6538
105.4430 323.9238
105.9130 323.5638
106.9330 323.2538
108.9330 322.0538
109.6930 321.8838
111.1230 320.7638
110.4730 320.2638
108.7530 320.1838
105.1230 322.4538
102.6030 322.9238
101.1830 323.9938
100.0730 324.1738
 97.4030 325.5538
 96.9530 325.9338
 96.3930 326.0338
 96.4930 326.4938
 96.2130 326.5338
 96.1930 326.9038
 94.6430 327.7938
 93.3630 329.1038

Açores
40
126.9630 331.0838
127.5730 330.9538
127.7230 330.6838
128.0630 330.8038
128.1430 331.0738
128.5430 330.8638
128.7130 330.8838
130.3830 330.5938
130.6230 330.5438
130.8330 330.3138
131.6730 330.4938
132.9530 329.5138
133.1030 328.8038
133.5530 328.5138
133.1130 328.3438
133.0030 328.0338
133.6130 326.8938
133.1630 326.4538
133.1630 326.1438
132.5730 325.8938
132.4730 324.7838
131.8530 324.9538
130.4630 324.7838
129.6430 325.1738
128.4230 325.1838
127.9930 325.1338
128.1030 324.7338
127.7830 324.5438
127.5330 324.7738
127.6930 325.2038
126.5030 325.2638
126.2230 325.0838
123.8830 326.4538
123.3330 327.2338
123.0630 328.1038
123.0030 328.8938
123.2330 329.4138
123.3130 329.6638
123.5530 330.2838
124.5030 330.7738

Açores
12
102.3230 342.9438
103.5230 342.5338
104.7730 340.5338
104.9230 339.5538
104.2830 339.3838
103.5230 339.5338
103.0830 340.0138
102.3330 339.9738
101.8830 340.3738
101.0930 341.8238
101.6530 342.4038
101.7730 342.8438

Açores
26
  4.8830 357.5738
  4.2530 356.8038
  4.4630 356.3638
  4.0630 356.2138
  4.0930 355.5938
  3.4530 354.3938
  2.7230 354.2138
  0.8830 354.3838
  0.6030 355.2138
  0.8330 355.5038
  0.4630 356.0938
  0.5530 356.8738
  0.2930 357.3838
  0.6330 357.8438
  0.5730 358.9138
  1.3630 359.7738
  1.2630 360.2238
  2.1530 360.3938
  2.3730 359.7738
  2.6530 359.7738
  2.5830 359.5638
  3.5030 359.3338
  3.7330 359.5538
  4.0930 358.3638
  4.4830 357.9238
  4.7530 357.9438

Açores
7
  5.5330 368.5638
  5.9830 368.3338
  6.1430 367.4338
  5.9530 366.9638
  5.0030 366.2938
  4.6830 367.6138
  4.8830 368.5638

Alentejo
5
711.6530 317.3438
712.0530 317.4238
711.8630 317.0338
711.5330 317.0838
711.3830 317.4438

Alentejo
392
749.6330 366.1138
749.9530 365.8738
749.9730 364.9738
750.4930 364.2938
750.8330 363.1438
751.8330 362.6538
753.0030 360.9138
754.2330 360.7338
754.2830 359.6238
754.6330 359.3338
754.5330 359.1338
755.0530 358.7538
755.5730 359.0138
755.7330 358.6638
756.3930 358.4838
757.2430 357.8838
756.9730 357.0038
757.0830 356.0038
756.3430 354.6038
756.7130 354.1738
756.8530 352.7638
759.2130 350.4538
758.7030 349.3438
758.9530 347.7638
759.7730 346.9638
762.3430 346.0338
762.1930 345.2638
762.3430 345.0438
761.9330 344.0538
762.2230 343.5138
763.1930 343.1538
763.4030 343.4038
764.9430 343.9238
765.5630 343.8638
766.9630 342.9238
767.8130 341.3238
768.1030 340.1338
765.6730 335.9938
765.0830 335.4038
765.6530 334.2638
765.4530 333.6438
764.5530 333.2238
763.5630 331.7438
762.5030 331.6138
761.7930 330.9538
761.4230 330.2438
760.4030 329.6338
759.9630 328.8738
758.3930 327.9838
758.0030 324.5438
758.1830 324.1238
758.8930 323.9538
758.4230 323.4538
758.2430 322.5538
757.8930 322.0038
757.6030 321.9938
757.4430 321.3138
757.0130 320.7338
757.0330 319.9838
756.6130 319.5038
756.4030 318.1438
756.6930 317.9538
757.0330 318.3038
757.2130 318.0238
756.6430 317.3638
756.6330 316.9538
756.1030 316.7438
756.0330 316.5038
756.6130 316.6438
757.7630 315.8538
758.0030 314.7438
760.1930 312.1238
761.1930 310.2538
761.7330 310.1038
762.2430 308.1938
763.1030 306.6238
763.9230 305.8738
764.4230 306.1638
764.4530 306.4638
764.7730 306.4538
764.8330 306.1838
765.1930 306.4938
765.6430 306.3538
766.2130 306.9438
766.1730 307.1638
767.1930 307.4338
767.4630 307.1438
767.9730 307.6838
768.6230 307.7538
768.5830 307.3338
768.7930 307.1938
767.7230 305.8638
767.6730 305.3138
768.1430 305.0238
767.5130 303.3738
767.0530 303.0338
766.9030 301.2538
766.5930 300.8538
766.3930 299.7838
765.9130 299.8838
764.6830 299.6338
764.3530 300.2038
763.4130 300.6038
762.6330 300.0438
762.6930 299.1938
762.5030 299.0038
761.2630 298.7438
760.2230 298.9838
759.5030 298.4938
758.8730 298.4938
758.4230 298.1738
758.7230 297.4338
758.6630 296.5938
758.5230 295.9438
757.7030 294.7838
757.5030 293.4138
756.3830 291.5338
755.0430 290.6038
754.1230 289.5438
753.7530 289.6238
753.2630 289.2538
753.3230 288.8238
752.5030 286.8938
752.4930 285.6438
752.2630 285.4738
752.2230 284.9538
751.9030 284.8938
751.6230 284.1038
751.3030 284.0338
751.0330 283.3838
750.6430 283.2338
750.8730 282.6738
750.3430 281.8238
750.5330 281.4338
750.0530 281.2538
750.3830 280.1838
750.3830 280.1838
749.9830 280.2338
749.4130 279.8738
748.4230 280.2038
748.1630 279.6638
747.7230 279.6038
747.6930 279.1638
747.1330 279.0738
747.0230 278.7238
746.4430 279.0838
746.0530 279.1438
745.6730 279.3038
744.2830 278.9238
744.0830 279.0438
743.8030 278.6938
743.1430 278.6238
742.7830 278.1838
742.5430 278.1738
742.1830 278.1938
741.7730 277.7638
741.5230 277.8338
740.7730 277.1438
740.4030 276.9938
739.6930 276.9738
739.5730 276.5038
738.4830 276.3438
738.3730 276.1238
738.5930 275.6638
738.2330 275.7038
737.8730 275.4738
737.5630 275.3538
737.0230 275.2138
736.4930 275.1838
736.3030 275.4338
735.9430 275.1238
735.5430 275.2738
735.4730 274.9038
735.0630 274.9238
734.9030 274.5238
734.8230 274.1638
735.0430 273.8838
735.2530 273.9438
735.3630 273.5738
734.1730 273.1638
733.9030 272.5538
732.9530 271.8938
732.4930 272.1938
730.3930 272.3438
728.9830 272.7538
727.1230 274.3438
726.3030 274.5538
726.2830 274.9038
726.2830 274.9038
726.5030 275.3338
726.5030 275.3338
726.0630 276.2338
725.0930 276.3738
724.2130 276.0438
723.6630 276.2538
721.8730 275.7838
721.6630 275.3638
721.7330 274.7538
721.4630 274.3738
720.8730 274.3638
720.7330 274.0038
719.2230 274.4138
719.2230 274.4138
718.8330 274.2038
718.8330 274.2038
717.0430 275.4438
716.4530 275.1238
715.4230 275.0238
714.8130 274.1438
714.1030 275.0738
713.2830 274.9138
712.0630 275.1138
711.9430 274.9138
711.3830 276.2838
710.1530 276.4338
709.7830 276.7538
709.7830 276.7538
709.8430 278.6038
710.2230 280.2338
710.0230 281.3138
709.1830 282.8738
709.9130 285.8738
709.9430 287.0638
710.3630 287.6938
710.0530 287.6538
709.8730 288.3538
709.4230 288.7738
710.0630 292.3438
709.8530 294.6938
709.4630 295.9838
708.3530 296.3138
707.6830 296.9638
707.1930 296.8438
707.0330 297.0938
707.7030 297.8538
708.4430 299.3438
709.9430 303.9138
710.5430 307.3538
710.5330 309.7338
710.1930 312.3238
709.1330 315.3438
706.4030 318.4438
706.5030 318.6238
706.7430 318.4838
707.1730 317.7438
707.1030 318.3338
708.1730 317.1038
708.7930 316.7638
709.1130 315.7738
709.7630 315.0738
710.1130 315.1638
709.4030 316.0238
709.1830 316.7438
709.8630 316.5638
709.8430 316.2938
710.3130 316.3938
710.3930 316.5238
711.0030 316.3738
710.6530 315.7438
710.9330 315.7638
711.1730 316.3538
711.9430 315.6438
713.2030 315.5138
714.3930 315.0238
713.0530 316.5438
712.3630 316.4438
712.0630 319.3838
712.0630 319.3838
712.8930 319.6438
713.6630 320.5538
714.8930 320.7438
714.4130 323.1738
715.7530 324.6138
716.3430 324.8438
716.8730 325.7038
718.3330 326.6138
718.9830 327.9738
719.0630 328.6138
719.5630 329.3038
717.8730 329.4138
718.2930 330.2438
719.2930 331.1838
720.2030 330.7238
721.0730 331.3338
721.5430 332.2638
721.8230 332.3038
722.2030 331.8438
723.0330 332.5238
722.7930 332.7738
723.1830 333.1438
724.3030 332.4538
724.8530 333.1438
725.3330 332.9638
725.5930 333.6238
725.8430 333.1138
726.6530 332.5638
726.6430 332.1438
727.1530 331.7238
727.7630 331.7438
728.1130 332.0838
728.7830 331.2938
728.6330 330.8338
729.0130 330.6538
729.2230 330.9638
729.5930 330.9138
729.5230 330.2138
729.8730 329.9338
730.5430 329.8838
731.1830 331.0538
730.3530 331.6738
730.0930 331.1538
729.8530 332.0938
729.2130 332.4438
729.3030 332.9138
730.0830 333.5938
729.3630 334.0938
728.0530 334.4038
726.4930 335.1638
727.3730 336.4638
727.6430 337.2438
727.4930 337.8738
728.1630 338.7038
727.9230 339.1538
727.3830 338.9138
727.1630 339.3438
726.8830 339.4038
726.5930 341.0538
726.2130 340.9638
725.9130 341.3638
725.9230 342.1938
724.4830 342.8538
724.2230 343.4038
724.6030 343.6638
725.6430 345.4438
727.0630 346.2938
727.7430 346.4338
728.8830 347.6238
729.3130 347.7738
729.4430 348.1838
730.3530 349.0438
730.2030 349.7538
730.9030 350.5338
731.4630 350.5838
731.6730 350.1538
732.6430 350.2038
732.9430 351.0138
733.5830 351.5938
733.8530 352.3238
734.2930 352.7538
734.2030 353.6538
735.0830 353.8338
735.4630 354.4838
736.0930 354.4638
736.0330 354.1838
736.3930 353.6338
738.2630 352.4738
742.6830 354.4638
742.6030 354.6938
743.1130 355.6638
742.4530 356.0638
742.1530 355.8138
742.1330 356.0738
741.2130 356.7838
741.1330 357.1538
740.4730 357.2338
740.3430 357.8138
739.7530 357.8338
739.0530 358.4738
739.0030 358.9638
739.4230 359.0338
739.8930 359.6038
739.8930 359.6038
740.3130 359.8538
740.7730 360.8038
741.6030 361.0338
742.4230 361.8338
742.8530 362.7338
743.9030 362.9638
744.2430 363.5838
744.2430 363.5838
744.1330 364.2338
744.4030 364.5638
744.4030 364.5638
745.5830 365.2738
746.3130 364.2938
746.6230 364.1938
747.9330 364.9238
747.9730 365.3338
748.3830 365.6438
749.3430 365.6538
749.7330 365.9438
749.7330 365.9438

Algarve
6
736.7930 258.3838
738.4330 257.9938
738.9830 258.3238
739.0330 257.9338
738.3230 257.8538
737.1130 258.1638

Algarve
5
740.0530 258.8938
739.1630 258.1738
739.1430 258.4538
739.5930 258.9338
740.0830 259.2438

Algarve
3
740.7630 259.4438
740.8430 259.2538
740.3030 258.9538

Algarve
5
739.8530 259.8038
740.0830 259.5838
739.4830 259.4638
739.5230 259.7538
739.7930 259.9738

Algarve
7
740.9130 260.3638
740.7630 260.0638
740.5430 260.2738
740.5530 259.9238
740.1130 259.6138
739.9330 260.0038
740.4230 260.3438

Algarve
5
743.6830 261.5338
741.5130 259.9338
741.1130 259.8938
740.9930 260.2638
741.6130 260.2238

Algarve
177
709.6830 276.8938
710.0530 276.5738
711.2830 276.4238
711.8430 275.0538
711.9630 275.2538
713.1830 275.0538
714.0030 275.2138
714.7130 274.2838
715.3230 275.1538
716.3530 275.2438
716.9430 275.5638
718.7330 274.3238
718.7330 274.3238
719.1230 274.5338
719.1230 274.5338
720.6330 274.1238
720.7730 274.4838
721.3630 274.4938
721.6330 274.8738
721.5630 275.4738
721.7730 275.8938
723.5630 276.3638
724.1130 276.1538
724.9930 276.4838
725.9630 276.3438
726.4030 275.4438
726.4030 275.4438
726.1930 275.0138
726.1930 275.0138
726.2130 274.6638
727.0330 274.4538
728.8930 272.8638
730.3030 272.4538
732.4030 272.3038
732.8630 272.0038
733.8130 272.6638
734.0830 273.2638
735.2730 273.6738
735.1630 274.0438
734.9530 273.9838
734.7430 274.2638
734.8230 274.6238
734.9830 275.0238
735.3930 275.0038
735.4630 275.3738
735.8630 275.2238
736.2230 275.5338
736.4130 275.2838
736.9430 275.3138
737.4830 275.4538
737.8030 275.5738
738.1630 275.8038
738.5230 275.7638
738.3130 276.2138
738.4230 276.4338
739.5130 276.5938
739.6330 277.0638
740.3430 277.0838
740.7130 277.2338
741.4630 277.9238
741.7130 277.8538
742.1230 278.2838
742.4830 278.2638
742.7230 278.2738
743.0830 278.7138
743.7430 278.7838
744.0230 279.1338
744.2230 279.0138
745.6130 279.3938
746.0030 279.2338
746.3930 279.1738
746.9730 278.8038
747.0830 279.1538
747.6430 279.2438
747.6730 279.6838
748.1130 279.7438
748.3730 280.2738
749.3630 279.9438
749.9330 280.3038
750.3330 280.2538
750.3330 280.2538
750.4330 280.0238
751.0230 279.9838
751.2630 279.0138
751.9230 278.5738
751.7330 277.8838
752.1430 277.1938
752.1230 276.2938
752.5030 275.8838
751.9330 275.5138
752.6430 274.7438
752.7630 273.6138
752.4830 272.9938
752.6830 272.3838
752.6130 271.5938
753.2630 270.1438
752.9030 269.1938
753.5230 268.2838
754.0030 265.7338
753.7430 266.1138
751.7630 266.2238
750.6130 265.9138
749.8530 265.6438
749.4430 265.5138
747.2830 264.4038
746.5630 263.7438
746.3130 263.3338
745.6930 263.2338
744.5130 262.5038
743.9630 261.8038
742.7930 261.0838
739.7230 260.2738
739.6630 260.0838
738.8930 260.1538
738.6630 259.7338
737.8330 259.8138
737.6030 259.4238
736.9830 259.8638
736.7230 259.5538
735.9930 259.5238
734.1430 260.5438
736.5630 258.4438
732.8430 261.2738
731.2030 262.1238
731.2830 262.3838
731.0330 262.2038
729.2530 262.8438
727.7030 262.5238
727.0430 262.6638
726.0130 262.1138
725.5130 262.1238
723.5830 263.2538
721.8830 262.6938
721.0730 262.6638
719.0930 263.2438
718.1830 263.8538
717.3330 263.9938
716.9430 263.8338
715.5230 264.1438
714.1130 263.5038
713.9230 263.2638
713.9530 262.3938
712.1730 262.6838
710.1130 261.7338
709.2030 261.8638
708.4830 261.6338
707.7730 260.9138
707.5530 261.0738
706.8230 260.9238
706.4730 260.2038
705.8730 260.0338
705.6930 259.3338
705.3830 259.4538
705.0530 258.9938
705.1330 259.4938
704.6230 260.2638
704.0030 260.3238
703.9330 259.9938
703.6030 260.1938
704.1430 260.9938
703.9930 261.1838
704.1430 261.4538
704.6730 262.0038
704.8130 262.9638
705.4230 263.4938
706.5430 265.7638
706.2430 266.4638
706.3530 266.7238
706.0930 266.9838
706.7330 267.3038
707.8730 269.8238
707.7530 270.8038
707.4030 270.9338
707.5330 271.5238
707.3730 271.9238
708.3830 273.1138
709.4230 275.3538

Centro
331
714.2830 419.8438
715.7730 420.2338
716.0030 419.7938
715.8730 419.0438
716.5530 417.5438
716.6030 416.6438
717.0430 416.0038
717.5430 416.0938
718.1730 416.7538
718.4830 416.7238
718.1930 415.4938
717.5730 415.0238
717.8730 414.3238
718.2130 414.2338
718.1230 413.7838
717.5530 413.3138
717.7230 412.4638
718.6930 411.9638
718.3930 411.5438
718.8530 411.0838
719.1630 411.1938
719.3930 411.9638
721.2130 412.1438
721.3330 411.7438
721.8030 411.6038
721.8330 411.8638
722.3630 412.1938
722.5130 412.9238
723.1330 412.9838
724.2230 412.0538
724.8430 412.4638
725.1830 412.1738
726.0430 412.2238
726.3130 411.6038
726.4230 412.2338
726.7430 412.4738
726.7830 412.9738
727.4530 414.0038
726.9330 415.3038
727.7230 415.5538
728.4430 414.9838
728.8730 414.9138
729.6530 415.7238
730.7330 414.9938
731.5330 415.3138
731.6630 415.7838
731.4630 416.4338
730.9130 417.0738
731.1330 417.9738
730.7730 419.0338
732.1830 420.8238
732.8930 420.5838
733.4230 420.7138
734.2830 419.8638
735.1730 420.0138
735.3530 420.2438
736.0330 420.2738
736.7330 421.7938
737.4330 422.1838
738.8230 422.3238
738.0530 421.1538
738.8630 421.0738
739.6630 420.6338
740.4530 419.6438
740.8330 419.6438
741.6330 420.4638
742.6930 420.1238
742.5130 419.6038
742.7630 418.8938
744.7230 418.7738
744.5230 417.5038
744.0730 416.5438
744.7930 415.3038
745.0930 415.4238
745.6330 415.2238
745.5930 415.6638
746.6030 416.0438
747.3730 414.6538
747.8530 414.2538
748.1030 415.3538
748.8230 416.0438
750.1730 415.9338
750.3730 415.5238
750.9730 415.2638
751.4130 414.4038
751.8730 414.1538
752.2530 413.5738
752.7530 414.0038
753.7430 416.1438
753.6630 416.4038
753.0030 416.8038
753.2230 417.8638
753.6130 418.0538
754.1930 417.5138
754.6630 417.4838
755.2430 418.3138
756.0030 418.6938
756.2430 420.0638
755.9030 420.4638
754.6730 420.9938
754.6030 421.8238
755.6830 421.8138
756.0130 422.2738
756.7230 421.9838
758.3230 422.0638
758.8330 421.6938
759.5030 422.7438
760.0230 422.8738
760.7130 422.6438
760.7130 422.6438
761.2630 421.6738
761.2630 421.6738
760.8230 421.7138
760.7030 421.4138
760.7630 420.6938
761.2330 420.0638
760.7230 418.6438
762.1730 418.1138
762.5730 419.1838
763.3930 420.2338
764.9930 419.9338
766.2230 420.3938
766.7130 420.7738
767.2230 422.0638
767.0530 422.4038
767.3330 422.7538
768.7030 422.5338
768.7030 422.5338
769.0330 421.4438
769.5030 421.1938
771.0030 419.2738
771.3430 418.2038
771.3530 417.2538
771.9130 416.5738
772.5730 416.4638
772.8230 415.5438
772.8330 414.9438
772.0230 414.7938
772.3330 413.2438
771.8830 411.0438
772.0830 410.1038
772.4930 409.5738
772.6930 407.5438
773.0030 407.2038
772.5030 405.7738
771.6730 404.4038
771.4830 403.4138
772.8030 402.6538
772.6830 402.1338
772.9630 401.0738
772.3830 400.5838
771.3430 398.4738
771.7030 396.8438
773.4330 395.0138
773.0530 394.6138
773.0930 393.5738
770.9030 392.2338
770.6430 390.7838
769.3830 390.3838
768.0430 390.5238
767.6330 389.6938
767.2030 389.8138
766.2030 389.2438
765.6030 387.6038
765.9830 387.2138
766.0030 385.8138
766.5730 384.7838
767.3230 384.8638
768.4730 384.4038
769.0330 383.5238
769.1930 382.8038
769.9430 382.4538
769.8430 382.0638
770.2830 381.6738
770.4730 380.6938
770.8630 380.5038
770.2130 379.0938
770.1530 377.5238
769.5430 376.8338
769.7830 376.0738
769.5630 374.6438
769.3730 374.2438
768.7630 373.8838
768.0930 372.7438
767.4130 372.7038
767.0430 372.2638
766.9130 371.5038
767.3330 370.6238
766.9830 370.2438
766.7930 368.6038
766.0230 366.4438
764.4430 365.9438
762.5930 366.1638
761.8830 365.7438
758.6230 366.3038
757.5130 366.0738
755.9730 365.2438
754.6730 365.6438
753.8230 365.4538
752.1430 366.1138
749.4930 366.2038
749.4930 366.2038
749.1030 365.9138
748.1430 365.9038
747.7330 365.5938
747.6930 365.1938
746.3930 364.4638
746.0730 364.5638
745.3430 365.5438
744.1630 364.8438
744.1630 364.8438
743.9030 364.5338
744.0030 363.8638
744.0030 363.8638
743.6630 363.2438
742.6130 363.0138
742.1830 362.1138
741.3630 361.3138
740.5330 361.0838
740.0730 360.1338
739.6430 359.8838
739.6430 359.8838
737.7330 361.4738
737.7330 361.4738
736.9330 361.7738
736.9330 361.7738
736.4930 361.4838
735.9830 361.6138
735.4630 360.0838
734.7830 359.3238
734.9630 358.6238
734.6630 358.3738
734.2530 358.6338
733.5630 358.2338
732.8930 358.3938
733.0830 360.4238
732.2630 361.5138
732.2930 363.3038
731.9430 363.3838
731.9330 363.7238
731.5630 364.1538
730.4530 364.0238
729.7930 364.6338
728.0430 365.0638
727.5130 365.4638
727.8430 367.8438
727.4230 367.9438
727.6530 368.7138
727.4330 368.9938
727.7430 369.4338
727.2630 370.8638
726.5630 370.4438
726.0130 370.8338
725.9530 371.5638
725.2930 371.4638
724.4330 371.7538
724.6130 371.0338
724.4630 370.6238
724.7330 370.0538
724.4830 370.0338
723.9930 370.7138
722.9530 369.7938
722.5130 370.1538
721.6530 369.8638
721.3730 369.2838
720.6830 368.9138
720.7430 369.7838
720.3030 370.6238
720.3230 371.8438
719.8130 373.2338
718.9330 372.4738
718.4530 372.8538
717.8030 371.7638
716.4230 370.8438
714.9030 371.2338
713.9230 370.8438
713.5030 370.3338
713.5730 368.9438
713.9330 368.6638
713.6330 368.5538
713.4830 368.1038
714.7130 367.6038
714.8730 367.3038
714.5930 366.9438
714.4630 366.0938
712.7330 365.1838
713.2030 364.0538
713.2630 362.6638
713.7130 362.0238
712.3930 360.3338
711.7230 360.9738
711.4330 360.6138
711.8830 358.8338
711.7730 358.6338
710.5430 358.5038
709.9930 358.7138
708.1730 358.3638
707.4930 358.4938
707.0130 358.3638
706.8530 358.0838
706.4130 358.1038
706.9030 360.8338
707.5930 362.1338
707.0030 362.7538
706.4030 362.3538
705.5730 363.8638
705.4830 364.6638
706.1430 365.1238
706.1830 365.7338
706.0530 366.0438
705.3230 366.5338
705.4030 367.6938
704.9730 368.5938
704.3930 368.8238
703.8030 368.1738
703.4930 368.1938
702.1030 369.3238
702.1030 369.3238
704.7330 376.2238
707.5330 384.5138
707.6930 385.5838
707.4530 385.7838
707.4330 385.9638
707.3330 386.5538
706.3030 387.3038
706.2530 387.6738
707.2630 390.3138
708.7930 395.5338
711.1730 405.5038
711.2930 406.2838
711.0430 406.6038

Lisboa
352
702.1030 369.3238
703.4930 368.1938
703.8030 368.1738
704.3930 368.8338
704.9730 368.6038
705.4030 367.7038
705.3230 366.5338
706.0630 366.0538
706.1930 365.7338
706.1530 365.1238
705.4930 364.6638
705.5930 363.8638
706.4230 362.3538
707.0230 362.7538
707.6130 362.1338
706.9130 360.8238
706.4230 358.0938
706.8630 358.0738
707.0230 358.3538
707.5030 358.4838
708.1830 358.3538
710.0030 358.7038
710.5530 358.4938
711.7830 358.6338
711.9030 358.8338
711.4530 360.6138
711.7430 360.9838
712.4130 360.3338
713.7330 362.0238
713.2930 362.6538
713.2330 364.0438
712.7630 365.1738
714.4930 366.0838
714.6330 366.9438
714.9130 367.2938
714.7430 367.6038
713.5130 368.0938
713.6630 368.5538
713.9730 368.6638
713.6130 368.9438
713.5430 370.3338
713.9630 370.8538
714.9530 371.2438
716.4730 370.8538
717.8530 371.7738
718.5030 372.8638
718.9830 372.4938
719.8630 373.2538
720.3230 371.8438
720.3030 370.6238
720.7430 369.7838
720.6730 368.9138
721.3730 369.2938
721.6530 369.8738
722.5130 370.1638
722.9530 369.8038
723.9830 370.7238
724.4730 370.0438
724.7230 370.0638
724.4530 370.6338
724.6030 371.0538
724.4230 371.7738
725.2930 371.4838
725.9530 371.5738
726.0130 370.8438
726.5630 370.4538
727.2530 370.8738
727.7330 369.4438
727.4230 369.0038
727.6330 368.7238
727.4030 367.9538
727.8230 367.8538
727.5030 365.4738
728.0330 365.0638
729.7830 364.6338
730.4430 364.0338
731.5530 364.1638
731.9330 363.7338
731.9430 363.3938
732.2930 363.3138
732.2630 361.5138
733.0830 360.4238
732.9030 358.3938
733.5630 358.2238
734.2530 358.6238
734.6630 358.3638
734.9630 358.6138
734.7830 359.3038
735.4530 360.0638
735.9830 361.5938
736.4930 361.4638
736.9430 361.7538
736.9430 361.7538
737.7430 361.4638
737.7430 361.4638
739.6530 359.8638
739.6530 359.8638
739.1830 359.2938
738.7630 359.2238
738.8130 358.7338
739.5130 358.0938
740.1030 358.0738
740.2330 357.4938
740.8930 357.4138
740.9730 357.0338
741.8930 356.3238
741.9230 356.0538
742.2230 356.2938
742.8830 355.8938
742.3830 354.9238
742.4730 354.6938
738.0630 352.7038
736.1930 353.8638
735.8330 354.4138
735.8930 354.6938
735.2630 354.7138
734.8830 354.0638
734.0130 353.8838
734.1030 352.9838
733.6630 352.5438
733.3930 351.8138
732.7530 351.2238
732.4530 350.4138
731.4830 350.3638
731.2730 350.7938
730.7130 350.7438
730.0130 349.9638
730.1630 349.2438
729.2530 348.3738
729.1230 347.9638
728.6930 347.8138
727.5530 346.6238
726.8730 346.4838
725.4530 345.6338
724.4130 343.8538
724.0330 343.5938
724.2930 343.0438
725.7330 342.3838
725.7230 341.5538
726.0230 341.1538
726.4130 341.2438
726.7030 339.5938
726.9830 339.5338
727.2030 339.1038
727.7430 339.3438
727.9830 338.8938
727.3130 338.0638
727.4630 337.4338
727.1930 336.6438
726.3230 335.3438
727.8830 334.5838
729.1930 334.2738
729.9130 333.7738
729.1330 333.0938
729.0530 332.6238
729.6930 332.2638
729.9330 331.3238
730.1930 331.8438
731.0230 331.2238
730.3830 330.0538
729.7130 330.1038
729.3630 330.3838
729.4330 331.0838
729.0630 331.1338
728.8530 330.8238
728.4730 331.0038
728.6230 331.4638
727.9530 332.2538
727.6030 331.9138
726.9930 331.8938
726.4830 332.3138
726.4930 332.7338
725.6830 333.2838
725.4330 333.7938
725.1730 333.1338
724.6930 333.3138
724.1430 332.6238
723.0230 333.3138
722.6430 332.9438
722.8830 332.6938
722.0530 332.0138
721.6730 332.4738
721.3930 332.4338
720.9330 331.5038
720.0630 330.8938
719.1530 331.3538
718.1530 330.4138
717.7330 329.5738
719.4330 329.4638
718.9430 328.7738
718.8630 328.1238
718.2130 326.7638
716.7530 325.8538
716.2230 324.9938
715.6330 324.7638
714.2930 323.3138
714.7730 320.8838
713.5430 320.6938
712.7730 319.7838
711.9430 319.5138
711.9430 319.5138
711.6330 319.7738
711.4430 320.6538
710.8230 320.0338
710.0930 320.5738
709.9230 320.0638
710.3930 319.9038
710.1230 319.4538
709.2730 319.3538
710.0330 319.3038
710.3730 319.5538
710.6630 319.4838
710.4530 319.2738
711.1630 318.9638
710.1630 318.5638
710.4330 317.8338
710.1530 317.8538
710.0330 317.8538
709.7330 317.8338
709.6330 318.1138
709.8630 318.4338
709.4930 318.4438
709.3730 318.4538
707.2830 319.5538
706.5930 319.7038
705.7930 319.2538
705.4630 318.4738
703.9930 318.1038
703.6130 317.4838
702.4830 316.7838
702.0530 316.8038
701.2930 316.3538
699.9030 316.6138
699.7630 316.4238
699.7230 316.2338
697.9530 316.0438
697.2030 315.2838
696.3630 315.4538
697.4430 317.8938
697.6130 320.0838
696.5130 323.5638
695.2330 325.5038
695.8730 325.9238
697.7230 326.1538
698.8130 326.5238
698.7630 325.6238
700.1430 324.9638
699.7630 324.7838
699.3330 325.0838
699.1930 324.9638
699.4530 324.7338
698.8530 324.6738
699.7530 324.4638
700.0130 323.8138
700.0130 324.7438
700.4430 324.9738
700.9630 324.8938
701.2630 323.8238
701.8330 323.0538
701.7030 324.1038
701.3030 324.3538
701.3130 324.9138
700.5030 325.1938
700.5130 325.3538
701.5330 325.9838
701.4330 326.2238
701.5930 326.3338
701.7030 326.0738
702.1530 326.0738
702.0530 326.3938
702.2430 326.4138
702.4130 326.4438
702.7930 326.4638
702.8730 326.1438
703.0730 326.6938
703.5930 326.8438
703.1230 326.9538
702.7430 326.6238
701.8630 326.6038
702.0230 327.6638
702.6730 328.0238
702.7830 328.3138
704.1730 328.9138
704.5630 329.3338
705.2530 329.3538
705.9130 329.6838
705.5430 331.1838
704.9130 332.3438
705.3330 333.2738
704.4430 332.3038
703.8230 333.1638
704.1230 333.7238
703.6130 334.3338
703.8230 335.6338
703.6530 336.2838
704.1430 337.1938
704.0030 337.3238
702.9730 335.6238
702.7630 334.5238
702.1930 333.6638
701.4430 333.2238
700.7730 331.8738
700.3630 328.7338
699.5030 327.3738
696.4930 326.5938
695.7230 326.8538
694.5130 326.7138
693.5330 326.2938
693.2230 325.8638
691.1230 326.9638
690.4730 327.0038
689.9230 326.5438
688.8630 326.7638
688.0830 327.3238
688.4830 328.2838
688.4830 328.9238
687.8230 329.6338
687.6330 330.2138
689.1930 333.4138
690.3030 336.8638
690.1830 338.5138
689.9130 339.1738
690.2730 340.9738
690.1130 342.0838
692.0830 346.0238
692.6830 348.2338
692.7930 350.5438
692.0930 352.1338
692.0130 352.8738
691.6730 353.4238
691.0630 353.3538
690.5130 353.7038
690.8430 354.0738
691.4630 354.0138
691.7130 353.7938
692.2030 353.6738
692.6930 353.9738
692.8530 354.2038
693.5530 354.4538
696.2430 356.7538
697.0030 358.2638
698.0030 359.3838
698.5930 359.7338
698.8130 359.7138
698.8330 359.4738
699.1130 359.5438
698.8530 360.2138
699.3530 360.4738
700.9530 362.8838
701.0830 363.3438
700.7630 363.6438
700.7530 364.0838

Madeira
4
486.9630   0.3138
486.4130   0.2738
486.5230   0.7638
486.9430   0.6838

Madeira
5
467.8230  83.3438
467.1130  83.8738
466.8530  84.6138
466.8930  85.5938
467.1130  84.2838

Madeira
5
465.3730  89.6538
466.6330  87.6838
466.9030  86.0338
466.0930  87.9338
465.4730  88.4038

Madeira
47
444.7830 100.7338
445.6630 100.6338
446.0930  99.8938
446.9330  99.1938
447.5330  99.1838
447.9430  98.7238
449.1630  98.4438
450.3330  98.7238
451.2130  99.2738
452.9430  99.1538
453.9630  99.5738
454.8830  98.5438
455.4630  98.4438
455.3430  98.0838
456.0630  97.6538
456.5130  96.9438
457.5630  96.8938
457.7930  96.5938
458.1730  96.6538
459.7130  96.1438
460.6530  96.4338
460.9830  95.8838
460.5730  96.1738
460.2430  95.8038
459.6730  95.9738
458.9330  95.6738
458.3530  94.9838
458.4730  94.6838
458.0730  94.0638
457.5430  93.9238
457.1230  93.0038
456.2630  92.1338
455.6130  92.0138
455.0130  92.3038
453.8130  92.3738
452.6430  91.8438
452.2130  92.2138
450.7430  92.6838
450.1330  92.6538
448.8330  93.1338
448.5330  93.4438
447.5830  93.5138
446.7030  94.3138
444.1430  95.6838
443.0930  97.0738
443.0430  97.8638
442.4530  98.6038

Madeira
4
470.3730 106.0538
470.3830 105.4738
469.9730 105.8338
470.3030 106.4138

Madeira
11
472.2930 109.5738
472.7830 109.2638
473.1230 109.3738
473.1930 107.8738
472.1930 107.9338
470.3630 106.5238
469.8530 107.1138
470.1330 107.1938
470.5430 107.8538
470.5330 108.4738
471.2630 109.1138

Norte
360
728.9530 468.9438
729.1930 466.1538
729.4430 466.1038
730.1230 466.6138
731.3630 466.6738
731.8830 466.3138
732.2930 465.3138
732.1630 463.9438
730.8730 463.5138
729.8330 462.5038
729.4230 461.4038
728.7930 460.7938
728.1330 459.5138
728.1930 459.0238
728.6530 458.4238
728.5930 457.9238
729.5830 458.0438
729.8430 457.1838
729.7730 455.6638
730.9430 455.2538
733.2230 455.5738
733.7830 456.1338
734.5430 456.1738
734.8430 456.9038
735.6830 457.9338
736.6130 457.8638
737.4730 458.1538
737.9930 460.2038
738.6230 460.0038
738.4430 457.4438
738.8330 456.9838
739.3230 457.4038
739.8330 457.5138
739.8930 457.9938
740.2030 458.1938
741.6330 458.3538
742.6230 459.0038
743.2830 458.7438
744.4430 459.3638
745.7730 458.3338
748.1330 458.1738
747.6030 457.6938
747.2530 456.0938
748.6230 456.1738
749.9330 456.5438
750.5630 456.9438
750.4430 457.5838
751.0330 457.8338
751.3530 457.4838
752.4030 457.4338
752.4630 456.6738
753.0630 456.1238
753.0830 455.2438
753.9930 456.0338
754.2130 456.5938
754.9830 457.0638
755.3030 456.6238
756.6230 456.7138
758.6730 457.7138
759.2430 457.7538
759.8730 458.2238
760.3030 458.2438
760.9730 459.8838
760.5630 460.8438
760.7630 461.3438
760.5730 461.4938
760.6130 462.0138
760.8930 462.4638
761.5630 462.3538
762.0730 462.8938
763.7330 462.2038
764.0730 461.3238
764.3530 461.1338
764.8930 461.1238
765.1530 461.4238
766.2930 461.1838
766.5830 461.7238
767.2030 462.1838
767.8830 461.8838
768.3030 460.9438
769.9430 460.7438
770.7430 461.0738
771.9830 460.9238
772.7830 462.9038
773.7030 462.6838
774.3930 460.9338
775.1030 460.6538
776.1430 460.4638
778.5530 460.7638
779.1630 461.0738
779.5630 461.8838
780.7430 460.9338
780.9230 460.4038
780.1230 458.4238
781.8730 457.7938
781.6030 457.3638
781.3830 456.2938
781.5030 455.6638
781.2530 455.5738
780.9530 453.9138
780.6130 452.9138
780.2230 452.5338
780.6130 452.2438
780.5630 451.8038
780.8330 451.6638
780.6630 451.4138
781.0230 450.6838
780.9330 450.4838
780.6730 450.5838
780.7930 450.0438
782.3630 448.8138
783.6830 449.2738
784.1230 449.9538
786.2030 449.5138
786.9930 449.5638
788.2630 449.0838
790.0130 447.8438
790.7330 446.6438
791.6530 446.2538
792.0630 445.3438
791.4130 444.6438
790.6530 443.1438
790.0130 442.7938
790.1630 442.1538
789.7230 442.0938
789.7730 441.6938
789.1730 441.3838
789.0930 440.8838
788.4530 440.1438
788.7330 439.4538
788.2530 438.8238
787.5630 438.4838
788.0330 437.9638
788.0630 437.4938
786.9730 437.1438
786.4530 437.7638
785.7730 437.4038
785.6830 436.7538
786.1830 436.3338
785.7430 435.9838
784.9930 435.8638
784.6230 435.3038
784.8630 434.9738
784.3330 434.6238
784.2830 434.1238
783.9930 433.8638
783.2430 433.8838
782.6930 433.4738
782.5930 433.2138
782.9830 432.8738
782.5430 432.5338
781.9530 432.3738
781.6230 432.8238
780.8630 432.1238
780.6830 431.5938
779.9930 431.2938
779.6930 431.3638
779.4630 431.9738
779.1630 431.5138
778.9330 431.7238
778.2430 431.4638
777.6230 431.6338
777.4930 431.1538
776.2930 430.0538
776.3730 429.6738
776.0330 429.3238
776.0530 428.9038
773.8330 426.8438
773.7730 426.5338
774.2530 425.5438
773.2130 423.7738
772.5630 423.1438
772.5930 422.8238
770.9730 422.4238
769.2430 422.8938
768.7230 422.5138
768.7230 422.5138
767.3630 422.7338
767.0830 422.3838
767.2530 422.0338
766.7330 420.7538
766.2430 420.3738
765.0130 419.9038
763.4230 420.2038
762.5930 419.1538
762.1930 418.0838
760.7430 418.6138
761.2530 420.0338
760.7830 420.6538
760.7230 421.3738
760.8530 421.6738
761.2930 421.6338
761.2930 421.6338
760.7430 422.6038
760.7430 422.6038
760.0530 422.8238
759.5330 422.6938
758.8530 421.6438
758.3530 422.0138
756.7530 421.9238
756.0430 422.2238
755.7130 421.7638
754.6330 421.7738
754.7030 420.9438
755.9330 420.4138
756.2730 420.0138
756.0230 418.6438
755.2730 418.2638
754.6930 417.4438
754.2230 417.4738
753.6430 418.0138
753.2530 417.8238
753.0230 416.7638
753.6930 416.3638
753.7630 416.1038
752.7830 413.9638
752.2830 413.5438
751.8930 414.1238
751.4330 414.3638
750.9930 415.2238
750.3930 415.4838
750.1930 415.8938
748.8430 416.0038
748.1330 415.3138
747.8830 414.2238
747.4030 414.6238
746.6330 416.0138
745.6230 415.6338
745.6530 415.1938
745.1230 415.3938
744.8130 415.2738
744.0930 416.5138
744.5530 417.4738
744.7530 418.7438
742.7930 418.8638
742.5330 419.5738
742.7230 420.0938
741.6530 420.4238
740.8530 419.6038
740.4730 419.6038
739.6830 420.5938
738.8830 421.0338
738.0730 421.1138
738.8430 422.2838
737.4530 422.1538
736.7530 421.7638
736.0630 420.2338
735.3830 420.2038
735.1930 419.9738
734.3030 419.8238
733.4430 420.6738
732.9230 420.5438
732.2130 420.7938
730.7930 418.9938
731.1530 417.9338
730.9330 417.0338
731.4830 416.3938
731.6830 415.7438
731.5530 415.2738
730.7530 414.9538
729.6730 415.6938
728.8930 414.8738
728.4630 414.9438
727.7430 415.5138
726.9530 415.2638
727.4730 413.9638
726.8030 412.9338
726.7630 412.4338
726.4430 412.1938
726.3330 411.5638
726.0630 412.1838
725.2030 412.1338
724.8630 412.4238
724.2430 412.0138
723.1530 412.9438
722.5330 412.8938
722.3930 412.1638
721.8630 411.8338
721.8430 411.5738
721.3730 411.7038
721.2530 412.1038
719.4330 411.9238
719.1930 411.1538
718.8830 411.0538
718.4230 411.5138
718.7230 411.9338
717.7530 412.4238
717.5830 413.2738
718.1530 413.7438
718.2430 414.2038
717.9130 414.2838
717.6030 414.9838
718.2230 415.4638
718.5130 416.6938
718.2030 416.7138
717.5730 416.0538
717.0730 415.9638
716.6330 416.6038
716.5830 417.5138
715.9030 419.0038
716.0330 419.7538
715.8030 420.1938
714.2830 419.8438
714.2830 419.8438
714.6030 422.1138
714.2030 423.4638
713.8230 427.1938
713.2630 427.9438
713.1130 428.6038
712.7130 428.6838
712.6130 428.5238
712.4130 428.7238
712.6330 429.1938
711.9430 431.4138
712.0730 432.0838
711.5530 434.2438
711.5830 435.2638
711.1430 435.5938
710.7430 436.7838
710.6730 437.1438
710.0630 438.5938
710.4330 441.2838
710.0130 442.2638
709.8430 444.5238
708.8530 448.4338
708.8630 449.3838
708.6130 449.7438
708.2230 449.5738
707.1830 452.6338
707.3330 454.7338
707.6130 455.3438
707.2630 456.3438
707.4430 457.5838
708.2630 458.3638
708.9830 459.5538
710.1730 459.8438
711.1730 460.6938
711.5130 461.9338
713.9130 463.3738
714.1730 464.5538
714.9530 465.3838
715.9130 465.6538
717.6830 465.6138
718.3030 465.9638
718.2630 466.4638
718.4630 466.6638
720.8930 466.7738
721.4930 466.3538
722.2530 466.7038
722.8230 466.5338
723.4030 467.1138
724.4130 466.8638
724.8430 467.6738
725.4030 467.7438
726.2630 468.5238
726.7430 468.4538
727.1230 469.1838
727.8530 468.9338
728.4730 469.3738
728.6730 469.8438

