793 388

Aveiro
85
714.7780 339.0721
716.0080 339.4821
716.1480 338.7621
717.5480 339.0521
718.4580 340.0921
718.8780 339.0621
719.5280 338.8421
719.6180 339.3421
720.4080 339.6721
719.5880 340.0621
719.7880 340.6121
720.7180 340.1821
720.9680 340.6421
721.5580 339.3521
722.8480 338.4721
723.0380 339.3721
722.4880 339.7521
722.5480 340.5921
724.1680 340.1021
725.8480 341.7521
726.7980 341.1521
726.7980 341.1521
727.6480 340.8121
727.8480 339.5521
727.5280 339.4621
727.7280 338.9021
728.6880 338.8321
728.4080 338.1621
728.9980 338.3321
730.9180 337.5121
732.0080 338.9621
732.2580 338.7721
732.3180 337.8821
730.9480 336.2321
731.0980 334.1621
731.8880 332.8621
731.0480 332.1121
729.8580 332.8321
729.1280 332.0021
727.8480 332.7721
727.0880 332.4021
727.6580 331.1321
726.5280 328.2821
724.6480 327.5721
724.8380 326.3821
725.7580 325.6321
725.8380 323.2221
727.3880 322.4421
725.3980 321.6121
726.1380 319.2321
727.2380 318.0721
724.5380 317.0321
725.1080 315.1821
723.9280 313.8421
723.8880 312.1221
723.8880 312.1221
723.8380 311.3021
723.2880 311.0521
722.3480 311.4921
722.2080 310.3321
720.9680 310.0721
720.7880 308.4921
719.7180 309.0321
718.5980 308.9621
718.3980 310.0021
719.8180 309.9921
719.9380 312.8921
719.1980 313.4821
719.1980 314.4021
717.0580 313.4921
716.9880 316.1621
716.6980 316.7521
715.7180 317.0221
715.1880 316.2021
715.0780 314.5721
714.1980 314.6621
714.1980 314.6621
712.9680 315.9321
712.9680 315.9321
710.3680 318.4621
710.3680 318.4621
711.3780 322.6821
711.4480 323.4221
711.0080 323.5621
713.5880 332.1521

Beja
157
729.9480 228.8821
730.3380 229.2621
730.9980 228.6021
733.3980 229.2221
734.8380 228.0621
735.7280 228.8121
740.2280 226.1521
742.7480 225.9421
745.5780 224.0921
746.6680 224.4621
748.1080 224.2321
748.8080 223.6321
750.9980 223.6221
751.0580 224.3521
752.0680 224.7621
752.0680 224.7621
752.8880 225.8021
752.8880 225.8021
753.0680 226.5021
753.7980 226.7721
754.1880 227.6921
753.8780 228.0221
755.4880 228.0621
756.0780 228.9221
757.6480 229.3321
759.0080 226.6121
760.7180 225.9421
760.4380 225.0421
761.6780 222.4721
761.9780 222.3521
761.9180 223.0221
762.6080 222.9421
762.6080 222.9421
763.3180 223.6021
763.3180 223.6021
763.3180 223.6021
763.3180 223.6021
764.0580 222.8521
764.6280 223.5421
764.8480 223.1921
765.8180 223.3821
766.3680 224.2621
767.3380 224.5321
767.6080 224.1621
768.7480 224.8821
768.8080 224.1521
767.6980 222.7321
768.2280 222.1821
767.6480 220.5021
767.1080 220.1621
766.6580 216.9821
765.2480 216.6521
763.6080 217.8321
762.6680 217.2621
762.9080 216.2721
761.2480 215.8021
760.3380 216.2221
758.4280 215.2821
758.8780 214.2821
758.6680 213.0021
757.8080 212.0021
757.7680 210.8621
756.4780 208.7421
754.1980 206.6821
753.4180 206.4821
752.5780 204.0321
752.7180 202.7321
752.3280 202.6321
752.3680 202.0121
751.9680 202.1321
751.2880 200.3221
750.8080 200.3621
750.7180 198.4521
750.2180 198.4121
750.5380 197.2421
750.5380 197.2421
748.5880 197.3521
747.1980 195.8821
745.3880 196.4321
742.9180 195.4021
742.5580 195.7121
742.6180 195.3721
741.0680 194.4521
740.7380 194.7021
740.4180 194.1521
739.7880 194.1821
739.6880 193.7221
738.5680 193.6121
738.5880 192.8421
738.2280 192.9321
738.0580 192.4121
737.5280 192.7821
737.0480 192.3821
735.7080 192.5121
734.9280 191.3421
735.4380 190.7721
734.2780 190.4521
733.0680 189.0321
729.1880 189.9321
727.2880 191.6421
726.4580 191.7221
726.7780 192.5421
726.3780 193.2321
725.0380 193.7721
724.7480 193.1621
724.5080 193.5421
721.9380 193.0021
721.8180 192.0021
720.8980 191.3121
718.8780 191.3921
717.1380 192.6821
715.6880 192.3121
714.9480 191.2721
714.1680 192.2721
711.9780 192.0521
711.4680 193.5021
709.9980 193.9421
709.9980 193.9421
710.3280 197.5021
709.2580 200.1421
710.3180 204.6921
709.4780 206.0821
710.0980 208.8921
710.0980 208.8921
710.6280 208.3121
711.9180 208.7021
713.5580 206.2621
714.2680 206.8621
715.6480 206.1021
715.9780 206.5321
716.5980 206.4021
716.7080 208.0921
717.2580 208.8621
717.7980 208.7521
717.7280 210.0021
718.1680 210.2421
721.2280 210.5121
721.4180 210.9421
724.6980 209.9921
724.5580 210.7621
725.6880 212.0621
725.3780 212.5621
725.8680 215.8221
725.0680 217.1321
723.6480 216.9621
722.2080 218.9921
722.8680 220.6821
723.6680 220.2321
723.9080 221.6221
724.4580 221.7221
724.6080 222.2921
725.3280 221.6021
725.9480 221.6421
726.1580 223.5421
727.5680 223.2521
728.1780 224.1821
731.0380 225.0421

Braga
87
733.5280 372.7821
733.1880 370.3021
732.3580 368.2821
731.3680 367.2921
733.9680 367.7821
735.4880 367.1121
735.2280 363.6821
738.8880 363.0321
739.8480 364.1721
741.1180 362.4121
740.8080 361.6921
740.2180 361.5721
740.2880 360.8621
739.4380 360.3621
739.5180 359.8321
738.5080 359.9021
738.2180 358.8821
737.0980 358.4021
736.9980 356.4221
735.7380 354.9221
736.1680 354.8021
735.9580 354.0921
735.9580 354.0921
735.4980 352.9221
734.1680 351.7321
733.0780 352.7521
732.4080 352.1721
731.3580 352.7521
730.5180 353.4721
730.7280 354.2021
730.1280 354.3421
729.9080 355.1521
728.3980 355.6321
728.1180 354.8621
727.3680 354.8921
726.3680 353.8521
726.0680 352.6621
725.1480 353.0921
724.8480 354.1621
722.6980 353.5321
723.0080 354.3321
722.5280 354.4721
721.5180 353.5821
720.7480 354.1121
719.3080 353.8121
718.7680 352.8621
715.8580 352.6621
715.8580 352.6621
715.4580 354.4121
715.8680 354.7721
715.8680 354.7721
716.4880 355.1421
716.0280 355.6621
714.6080 355.9621
713.9880 357.0321
713.0080 356.9021
711.5880 358.0121
710.6580 358.1221
710.6580 358.1221
709.5680 364.0521
709.5680 364.0521
711.2380 364.1421
713.1380 365.2521
714.1680 365.3221
714.5780 364.8521
714.8280 365.8321
716.0580 364.9821
716.9080 365.3421
717.3680 364.5321
718.0680 364.8521
717.8580 366.2021
718.6680 366.8821
718.7680 368.8421
719.2980 369.3721
719.7580 369.4221
719.7980 368.8921
720.5680 369.1121
721.7380 370.1621
723.2980 370.7121
724.0680 370.2721
725.4580 370.3321
725.8480 371.1621
726.5580 370.7521
728.9480 372.4921
729.8580 372.2821
729.9280 372.7321
729.9280 372.7321

Bragança
114
773.0380 379.9621
774.0280 379.7421
774.5980 378.0321
775.3580 377.7521
778.6780 377.8721
779.7280 379.0421
780.9480 378.0721
780.2680 375.4921
782.0180 374.9921
781.1380 371.0521
780.3380 369.5821
780.7480 369.3221
781.1980 366.9221
782.5280 365.9421
783.8580 366.3421
784.2680 367.1121
788.7580 366.1421
790.2680 364.9221
790.8580 363.8321
791.9380 363.3121
792.3280 362.4721
790.8180 360.2321
790.1580 359.9221
790.3780 359.3421
789.9080 359.2621
790.0380 358.7721
789.3280 358.4521
788.6580 357.2221
788.8280 356.3421
787.7780 355.5721
788.2680 354.5321
787.1680 354.2221
786.7280 354.8621
785.9980 354.4921
785.8780 353.8721
786.3980 353.4321
785.1880 352.9521
784.4780 351.1621
782.9280 350.5821
783.1980 349.9321
782.6280 349.5221
781.7980 349.9221
780.2580 348.3921
779.6180 349.0721
779.3580 348.5821
777.8280 348.7521
776.4680 347.1621
775.9080 345.6121
774.0480 344.0321
774.4880 342.7521
772.7580 339.9321
770.8780 339.5321
769.3680 340.0121
768.8880 339.6321
768.8880 339.6321
767.6980 339.9221
766.9780 339.4521
766.7880 339.9421
765.3480 340.2521
764.8780 341.0321
763.5080 341.7621
763.4880 342.7721
764.0780 343.6621
762.6080 344.1521
763.0980 344.7021
763.0180 345.8921
761.5480 343.6721
758.8380 344.4621
757.1080 344.2321
757.1080 344.2321
755.4280 344.5821
754.3880 346.5621
753.0780 347.2121
753.0780 347.2121
753.6380 348.7821
754.4880 348.6221
754.3580 350.3521
755.2880 351.1121
754.8680 351.5521
755.4780 352.2521
756.7880 352.5521
755.3080 353.6621
755.5880 354.1521
755.1380 355.7721
755.1380 355.7721
755.1880 356.8321
755.1880 356.8321
757.2980 357.8421
757.1980 358.8121
757.7580 359.9921
759.4880 360.2921
758.5580 361.9921
758.5480 363.1721
760.1280 368.2621
761.2880 369.6321
761.3180 370.6921
760.5980 371.2121
760.5980 371.2121
760.0780 372.5521
760.0780 372.5521
760.3880 375.3221
760.3880 375.3221
761.2480 376.9921
760.7380 377.9421
760.8680 379.2421
762.2580 380.0221
763.9580 379.2921
764.4480 378.2921
766.5280 378.3221
767.3780 379.3121
768.0580 379.1021
768.4780 378.0721
770.1280 377.8721
772.3580 378.1321

Castelo_Branco
135
742.0180 306.4921
743.5480 306.7821
744.3080 307.7721
746.0080 308.3021
747.1780 309.3721
747.4980 310.3621
748.3680 309.8521
749.7580 310.1221
750.4580 312.2221
751.3380 313.3021
752.1380 313.5921
752.5980 312.9721
753.2780 313.1821
754.2680 312.7221
755.3680 313.2021
755.8280 312.7621
756.3780 313.9621
757.0380 313.6521
757.4680 314.1821
758.1780 313.8421
758.0780 311.3421
757.0380 309.5521
756.2180 309.1321
756.6480 308.5921
759.1380 307.6721
760.0080 308.8121
761.6280 308.0921
762.4280 308.6821
762.5980 309.8921
763.1880 310.4021
764.0780 308.5021
765.7480 308.4921
766.2780 308.9821
768.2580 307.6321
768.2580 307.6321
767.8780 306.8421
766.3180 306.3121
765.7780 304.7021
766.1980 304.2921
766.0480 302.9521
766.9380 301.6621
768.5880 301.6621
769.3380 299.7521
770.1180 299.5121
771.0180 297.5321
770.2980 296.1921
770.3580 294.6021
769.6680 293.9121
769.7680 291.7321
768.3480 289.9621
767.1280 289.2521
767.4580 287.7121
766.2280 283.5421
761.9380 282.8321
758.7780 283.3921
756.1880 282.3321
752.3380 283.2121
749.6180 283.2621
749.6180 283.2621
748.3280 283.0121
746.5880 281.5921
745.5080 282.6621
744.5080 282.1521
743.9080 280.3821
742.8780 280.1821
742.4080 279.2021
740.6680 278.1021
740.6680 278.1021
741.1280 279.4521
741.1280 279.4521
740.7480 280.2121
740.7480 280.2121
739.4180 282.2221
738.5480 282.4321
737.8380 283.4621
736.4780 283.1721
736.6080 285.4321
736.0880 286.6021
735.4480 285.9121
734.9380 286.5321
733.9680 286.7021
733.4180 286.2121
733.3080 283.6021
732.7080 283.0621
733.3980 281.3721
730.8880 281.1221
727.6780 282.5021
727.9080 286.9221
727.4680 287.9721
726.7580 287.5621
726.1380 288.6321
726.1380 288.6321
726.1380 288.6621
726.1380 288.6621
725.8880 289.1921
726.5480 289.6321
726.4480 290.5721
727.9580 291.1321
728.5080 290.9221
729.2580 292.1721
729.8180 291.9221
730.4280 292.3321
731.3880 294.3321
731.3880 294.3321
731.5080 294.9321
732.5280 294.8621
732.4180 295.6121
733.0580 295.1721
733.3580 295.7921
734.0980 295.4221
734.1480 296.4121
734.5980 295.8521
734.9780 295.9121
734.7080 296.6021
735.2180 296.1421
735.8580 296.5921
736.2980 296.1021
736.6280 297.1421
738.2380 297.1521
737.7980 298.3821
739.4280 299.4221
740.6680 299.1221
741.1980 298.5021
741.2580 299.9221
741.2580 299.9221
741.5680 300.2121
740.9080 300.1821
740.9080 300.1821
741.8680 300.5621
742.2980 299.6721
743.2580 300.8221
742.9880 301.1421
743.6080 301.3921
743.4680 302.1521
741.5680 303.6721

Coimbra
123
710.3780 318.4921
712.9780 315.9621
712.9780 315.9621
714.2080 314.6921
714.2080 314.6921
715.0880 314.6021
715.1980 316.2321
715.7280 317.0521
716.6980 316.7821
716.9880 316.1921
717.0680 313.5221
719.1980 314.4321
719.1980 313.5121
719.9380 312.9221
719.8280 310.0221
718.4080 310.0321
718.6080 308.9921
719.7280 309.0621
720.7880 308.5221
720.9680 310.1021
722.2080 310.3721
722.3480 311.5321
723.2880 311.0921
723.8380 311.3421
723.8880 312.1621
723.8880 312.1621
724.3080 312.2721
724.7480 311.6421
725.6780 311.7821
727.2180 310.3421
729.0480 311.1721
729.2980 310.7721
729.7480 311.2421
730.9080 310.7521
733.7980 312.9121
735.9680 313.7221
738.7980 316.5321
740.5580 317.5821
740.5580 317.5821
740.5980 316.8921
741.5580 315.8821
741.1180 315.1421
739.9380 314.7021
740.0280 314.0921
740.6080 313.6421
741.5480 313.7221
741.2980 311.4221
742.7780 310.6921
742.5480 310.0621
741.3180 309.7021
740.6380 307.9721
742.0180 306.4921
742.0180 306.4921
741.1680 304.5121
741.5680 303.6721
743.4680 302.1521
743.6080 301.3921
742.9880 301.1421
743.2580 300.8221
742.2980 299.6721
741.8680 300.5621
740.9080 300.1821
740.9080 300.1821
741.5680 300.2121
741.2580 299.9221
741.2580 299.9221
741.1980 298.5021
740.6680 299.1221
739.4280 299.4221
737.7980 298.3821
738.2380 297.1521
736.6280 297.1421
736.2980 296.1021
735.8580 296.5921
735.2180 296.1421
734.7080 296.6021
734.9780 295.9121
734.5980 295.8521
734.1480 296.4121
734.0980 295.4221
733.3580 295.7921
733.0580 295.1721
732.4180 295.6121
732.5280 294.8621
731.5080 294.9321
731.3880 294.3321
731.3880 294.3321
730.9580 294.5721
731.6680 295.8721
730.2180 297.9421
730.5980 300.0321
729.4880 300.7221
728.5180 299.1821
727.4880 299.8021
726.4280 298.9021
725.7280 297.4221
726.5980 296.5921
726.3180 295.3721
725.2280 296.5721
723.3380 293.9121
722.2280 294.2421
723.1480 295.2121
721.6880 298.1321
721.3480 297.6921
721.6580 296.9421
720.6980 297.7721
719.6480 296.4721
718.6480 296.4021
718.1280 294.9421
717.3980 298.1921
716.4580 298.1721
715.7180 296.7221
714.8380 296.6421
714.8980 297.4921
713.8080 298.2721
710.9380 298.7221
709.8580 297.5521
708.6280 298.2121
707.7080 298.0021
706.9080 298.8621
706.9080 298.8621
707.9280 302.6921
706.4180 304.7521

Évora
168
727.9480 255.7621
728.2380 255.3921
729.6180 257.1121
729.9780 256.8821
730.3380 257.3621
730.9480 256.7621
731.0080 257.2021
731.8580 257.1921
732.0280 256.7921
731.3380 256.4321
731.8880 255.0221
732.3880 255.3121
732.4180 256.5221
732.9180 256.9121
734.7080 255.5221
734.4380 253.8821
735.5580 254.0221
737.5180 255.2521
738.4580 253.5021
739.0280 253.2921
739.0580 252.5721
741.7780 252.0621
741.9180 252.5221
742.9680 252.5621
743.5780 253.8121
744.6780 252.7321
745.1380 253.4221
746.5880 252.6921
747.6380 254.4021
748.8880 254.3521
749.5980 254.9821
749.2580 255.9721
749.8780 256.6121
750.5280 255.7021
751.3980 255.7821
751.3080 255.2821
752.4180 254.8321
751.9980 253.2821
753.3680 252.3721
753.2180 251.3021
753.9480 250.1621
753.3280 250.1321
753.9280 249.6821
754.3580 248.2521
755.0880 248.6521
755.5080 248.1021
756.3580 248.3521
756.4380 249.2121
757.0380 249.4221
757.0380 249.4221
757.4180 249.8321
757.4180 249.8321
757.8880 249.3121
758.9880 250.1221
759.5680 249.3521
760.1680 249.4521
759.3780 247.4921
760.2880 246.2321
760.2880 246.2321
758.5180 245.1121
758.1180 241.6821
759.0280 241.1021
756.7880 236.6721
756.5680 235.2421
757.2380 235.4221
757.2880 234.8921
756.1180 233.5321
756.7080 233.7121
757.8880 232.8821
758.1480 231.8821
761.3580 227.2521
761.9680 227.1121
763.3180 223.6021
763.3180 223.6021
763.3180 223.6021
763.3180 223.6021
762.6080 222.9421
762.6080 222.9421
761.9180 223.0221
761.9780 222.3521
761.6780 222.4721
760.4380 225.0421
760.7180 225.9421
759.0080 226.6121
757.6480 229.3321
756.0780 228.9221
755.4880 228.0621
753.8780 228.0221
754.1880 227.6921
753.7980 226.7721
753.0680 226.5021
752.8880 225.8021
752.8880 225.8021
752.0680 224.7621
752.0680 224.7621
751.0580 224.3521
750.9980 223.6221
748.8080 223.6321
748.1080 224.2321
746.6680 224.4621
745.5780 224.0921
742.7480 225.9421
740.2280 226.1521
735.7280 228.8121
734.8380 228.0621
733.3980 229.2221
730.9980 228.6021
730.3380 229.2621
729.9480 228.8821
729.9480 228.8821
728.8980 229.7921
726.6380 230.2321
726.3880 230.9521
724.9580 230.9821
726.1780 232.5821
725.6080 233.0721
726.1780 233.1321
725.9380 233.6621
724.9380 233.5721
725.3380 234.4421
723.4880 237.9521
721.7780 236.9521
721.0680 237.2121
720.1080 236.7821
719.2080 238.0221
718.7180 237.8321
719.1580 236.8821
718.4480 236.5621
718.3280 237.2421
717.0580 237.3821
716.9780 238.0421
714.9580 238.1021
714.5080 240.6221
719.3180 244.7821
719.0080 245.6021
719.6380 246.6321
717.8780 246.7221
717.8780 246.7221
719.3380 248.4921
720.2880 247.9921
721.5580 249.5721
721.9080 249.7121
722.2280 249.1221
723.2180 250.4721
724.3580 249.7621
724.9980 250.5821
725.3480 250.0021
725.6380 250.9321
726.9180 249.9421
726.7080 249.6121
727.2180 248.9421
728.1180 249.3821
728.9080 248.5121
728.6680 248.1621
729.6580 248.2321
729.5280 247.7221
730.6680 247.1021
731.1780 248.3321
730.3880 248.9921
730.0880 248.4621
729.8880 249.3321
729.2180 249.7021
730.1280 250.8721
729.3980 251.4021
728.5780 251.2021
728.4980 251.6121
726.5480 252.5321
727.4780 253.7721

Faro
4
740.6580 176.6221
741.2080 176.5221
739.2580 174.9821
739.7080 176.0021

Faro
4
736.9580 176.6921
739.2280 175.0121
737.4980 175.2421
735.8180 176.4821

Faro
3
740.8780 177.3221
741.2480 176.9621
739.6380 176.4921

Faro
89
727.8280 179.7221
725.7280 179.2921
723.5980 180.4521
721.3480 179.8121
718.2280 181.0921
715.6780 181.2921
714.1480 180.6521
714.0580 179.5521
712.1880 179.8521
710.2580 178.9221
708.6180 178.8321
707.8680 178.1021
706.9080 178.1221
705.2180 176.1921
704.7180 177.4421
703.6680 177.3321
706.6180 182.9721
706.1480 184.2021
706.8580 184.6021
707.9780 187.0721
707.4180 189.1321
708.4680 190.3621
709.9980 193.9621
709.9980 193.9621
711.4680 193.5221
711.9780 192.0721
714.1680 192.2921
714.9480 191.2921
715.6880 192.3321
717.1380 192.7021
718.8680 191.4121
720.8880 191.3221
721.8080 192.0121
721.9280 193.0121
724.4980 193.5521
724.7380 193.1721
725.0280 193.7821
726.3580 193.2421
726.7680 192.5521
726.4480 191.7321
727.2780 191.6521
729.1880 189.9421
733.0580 189.0521
734.2680 190.4621
735.4280 190.7921
734.9180 191.3621
735.6980 192.5321
737.0480 192.4021
737.5180 192.8021
738.0480 192.4221
738.2180 192.9421
738.5880 192.8521
738.5680 193.6221
739.6980 193.7321
739.7880 194.1921
740.4280 194.1621
740.7480 194.7121
741.0780 194.4521
742.6280 195.3721
742.5680 195.7121
742.9280 195.4021
745.4080 196.4321
747.2080 195.8721
748.6080 197.3521
750.5580 197.2421
750.5580 197.2421
751.1980 197.0821
751.4480 196.1321
752.0880 195.6921
751.9280 194.9521
752.6680 193.0021
752.1280 192.5921
752.8280 191.8821
752.7780 188.7321
753.4280 187.2521
753.0480 186.3121
753.6880 185.3321
753.8780 183.2121
752.2380 183.4321
749.0380 182.4221
741.6680 177.0321
740.6480 177.5121
739.2580 176.6921
739.2680 175.8521
738.8080 175.7021
737.0280 176.8321
735.6980 176.5821
731.6580 179.2021
729.3880 180.0021

Guarda
4
753.5280 335.1521
754.7580 334.3021
754.1380 333.4221
753.1280 334.0121

Guarda
111
757.1080 344.2321
758.8480 344.4621
761.5480 343.6721
763.0180 345.8921
763.1080 344.7021
762.6180 344.1521
764.0780 343.6621
763.4880 342.7721
763.5080 341.7521
764.8780 341.0321
765.3480 340.2521
766.7880 339.9321
766.9780 339.4421
767.7080 339.9121
768.8980 339.6221
768.8980 339.6221
769.2080 338.5021
771.1780 336.3021
771.4980 334.3421
772.7680 333.4921
772.9980 332.5921
772.9980 331.9621
772.2080 331.7421
772.5280 329.9421
772.0780 328.1021
773.2480 324.3021
771.6280 320.3521
773.0380 319.7021
773.2180 318.0921
771.4980 315.6121
771.9780 313.8021
773.6680 312.0221
773.2580 310.5321
771.1380 309.3421
770.8380 307.8121
768.2980 307.6121
768.2980 307.6121
766.3180 308.9521
765.7980 308.4621
764.1180 308.4721
763.2280 310.3721
762.6280 309.8621
762.4580 308.6521
761.6580 308.0621
760.0480 308.7821
759.1780 307.6421
756.6880 308.5621
756.2580 309.1121
757.0780 309.5321
758.1180 311.3221
758.2180 313.8221
757.5080 314.1521
757.0680 313.6321
756.4080 313.9321
755.8580 312.7421
755.3980 313.1721
754.2980 312.6921
753.3180 313.1621
752.6380 312.9521
752.1880 313.5721
751.3880 313.2821
750.5080 312.2121
749.8080 310.1121
748.4180 309.8421
747.5480 310.3521
747.2380 309.3721
746.0580 308.2921
744.3580 307.7621
743.5980 306.7721
742.0580 306.4821
742.0580 306.4821
740.6880 307.9621
741.3680 309.6821
742.5980 310.0421
742.8280 310.6721
741.3480 311.3921
741.5980 313.6921
740.6580 313.6121
740.0780 314.0621
739.9780 314.6721
741.1580 315.1021
741.5980 315.8521
740.6380 316.8621
740.6080 317.5521
740.6080 317.5521
745.7480 320.0821
748.4180 320.6521
748.1580 321.1521
748.8880 323.6321
749.6380 324.2121
749.3480 324.9421
749.8580 325.4921
748.0980 326.4721
747.9180 327.0921
748.7380 327.9421
746.9280 329.2821
748.2580 332.2421
749.0480 333.0621
750.5380 332.9421
752.4480 330.5721
754.0380 333.3221
754.7780 332.9121
754.9580 334.7321
754.9580 334.7321
756.1580 335.6321
756.1580 335.6321
756.5080 337.2121
754.8180 338.0121
754.8080 338.9321
756.1180 338.9721
755.8580 340.3121

Leiria
117
713.4680 279.8021
713.4680 279.8021
713.4680 279.8021
713.9480 279.1721
713.1780 277.9021
712.5780 277.4321
711.9680 278.0621
711.5680 277.7621
712.1180 275.7721
709.8080 275.8921
706.6180 275.2021
705.2880 272.1521
704.5680 272.2821
703.8680 271.5621
703.7580 268.3121
703.7580 268.3121
702.7480 268.1721
702.3380 268.8621
701.4880 268.8421
701.3080 268.4221
701.3080 268.4221
700.1580 267.4721
700.1580 267.4721
699.0780 265.5721
697.9680 264.8521
697.1980 266.3221
697.6880 267.1821
697.2680 268.5421
695.8480 268.6421
695.5280 269.1621
694.2280 267.7721
692.8280 268.1121
692.8280 268.1121
692.0680 270.4321
690.6780 270.8721
691.0680 271.3121
692.6580 271.0221
695.9880 273.5521
696.9180 272.7921
696.5580 272.5321
697.8080 272.5721
697.2580 272.6421
696.4280 273.9721
698.1980 276.6121
699.2780 276.7621
699.0180 277.4621
701.2080 280.1621
701.2580 280.7521
700.8680 280.8321
702.0080 285.5621
706.9580 298.8521
706.9580 298.8521
707.7580 297.9921
708.6780 298.2021
709.9180 297.5421
710.9880 298.7021
713.8580 298.2621
714.9480 297.4821
714.8980 296.6321
715.7780 296.7121
716.5180 298.1621
717.4580 298.1721
718.1780 294.9221
718.6980 296.3821
719.6980 296.4421
720.7480 297.7421
721.7080 296.9121
721.3980 297.6621
721.7380 298.1021
723.1980 295.1821
722.2880 294.2121
723.3980 293.8821
725.2880 296.5421
726.3780 295.3421
726.6580 296.5521
725.7980 297.3821
726.4980 298.8621
727.5580 299.7621
728.5880 299.1321
729.5580 300.6821
730.6780 299.9821
730.2880 297.8921
731.7380 295.8221
731.0280 294.5221
731.4680 294.2821
731.4680 294.2821
730.5080 292.2821
729.8980 291.8621
729.3380 292.1121
728.5880 290.8621
728.0380 291.0721
726.5280 290.5121
726.6280 289.5721
725.9680 289.1321
726.2180 288.6021
726.2180 288.6021
726.2180 288.6021
726.2180 288.6021
724.7280 288.8821
724.8380 287.2121
724.3380 287.7221
723.2380 286.8021
722.4780 287.1421
720.9380 285.9421
720.1680 290.3321
719.2580 289.3921
718.8280 289.9221
718.1380 288.8421
716.5180 287.8221
715.1880 288.3521
713.8780 287.6921
713.7480 286.5821
714.2680 285.6921
713.7980 285.0321
715.2280 284.4321
714.7380 283.0621
713.0680 282.1421

Lisboa
62
698.9880 244.3621
696.7480 243.8121
694.6980 244.1021
693.3480 243.0721
691.1880 244.2321
690.0980 243.7221
688.2180 244.4821
688.6680 246.1621
687.7680 247.4021
690.3680 253.9421
690.6180 253.7621
690.0680 256.3521
690.2480 259.2821
692.6580 264.4921
692.7980 268.0921
692.7980 268.0921
694.1980 267.7521
695.5080 269.1421
695.8280 268.6221
697.2480 268.5121
697.6780 267.1521
697.1980 266.2921
697.9680 264.8221
699.0780 265.5421
700.1580 267.4421
700.1580 267.4421
701.3080 268.3921
701.3080 268.3921
701.4980 268.8121
702.3480 268.8321
702.7580 268.1421
703.7680 268.2821
703.7680 268.2821
704.3780 267.8921
704.1880 266.3721
704.7780 266.6021
706.3880 265.7721
707.5380 266.4121
707.9580 265.5821
708.8880 265.2921
709.0880 263.7821
707.3880 263.8021
706.3580 263.2121
707.7980 261.4421
709.9880 260.1421
710.4980 258.6021
709.1780 257.3721
708.0180 257.4021
708.6180 256.9221
707.4880 255.0221
708.3280 254.7321
707.0480 253.9921
706.4180 251.7221
704.5980 249.2221
704.5980 249.2221
703.9380 250.2521
704.2980 250.8721
703.7780 251.5321
703.7580 253.8621
702.9880 251.7121
700.9380 248.9521
700.3680 245.4221

Portalegre
121
749.7580 283.1721
750.9480 280.2421
752.1580 279.5521
753.1380 277.9921
754.3880 277.7921
754.6580 276.2221
755.2780 275.8221
755.7380 276.0921
757.4280 274.8221
756.5280 271.7521
757.0080 269.9121
759.4080 267.5621
758.8880 266.5521
759.0980 264.7121
760.1580 263.8621
762.4680 263.2121
762.1780 260.6721
763.3980 260.2921
765.6880 261.0221
767.3280 259.8321
767.9980 258.4821
767.7380 257.8721
768.2680 257.2321
765.0780 252.5121
765.6780 251.3721
765.4780 250.8021
764.5580 250.3821
763.6780 248.8321
762.2880 248.4321
760.2880 246.2321
760.2880 246.2321
759.3780 247.4921
760.1680 249.4521
759.5680 249.3521
758.9880 250.1221
757.8880 249.3121
757.4180 249.8321
757.4180 249.8321
757.0380 249.4221
757.0380 249.4221
756.4380 249.2121
756.3580 248.3521
755.5080 248.1021
755.0880 248.6521
754.3580 248.2521
753.9280 249.6821
753.3280 250.1321
753.9480 250.1621
753.2180 251.3021
753.3680 252.3721
751.9980 253.2821
752.4180 254.8321
751.3080 255.2821
751.3980 255.7821
750.5280 255.7021
749.8780 256.6121
749.2580 255.9721
749.5980 254.9821
748.8880 254.3521
747.6380 254.4021
746.5880 252.6921
745.1380 253.4221
744.6780 252.7321
743.5780 253.8121
742.9680 252.5621
741.9180 252.5221
741.7780 252.0621
739.0580 252.5721
739.0280 253.2921
738.4580 253.5021
737.5180 255.2521
735.5580 254.0221
734.4380 253.8821
734.7080 255.5221
732.9180 256.9121
732.4180 256.5221
732.3880 255.3121
731.8880 255.0221
731.3380 256.4321
732.0280 256.7921
731.8580 257.1921
731.0080 257.2021
730.9480 256.7621
730.3380 257.3621
729.9780 256.8821
729.6180 257.1121
728.2380 255.3921
727.9480 255.7621
727.9480 255.7621
727.9780 256.4621
727.2680 256.4121
726.6880 258.3321
725.9580 258.6521
725.9580 259.5321
724.5780 260.1221
724.2980 260.7221
725.7180 262.8821
727.6180 263.6221
729.2680 265.1221
730.3680 266.4121
730.2280 267.1121
730.8680 267.8921
732.6580 267.5421
734.3080 270.1321
734.1980 271.0421
736.1380 271.8021
737.0580 272.9121
735.3480 274.4521
734.8580 275.4921
736.5480 279.2121
739.8380 277.0221
740.6680 278.1021
740.6680 278.1021
742.4080 279.2021
742.8780 280.1821
743.9080 280.3821
744.5080 282.1521
745.5080 282.6621
746.5880 281.5921
748.3280 283.0121
749.6180 283.2621

Porto
80
713.3380 345.4721
712.4980 346.9321
711.7980 352.3021
710.2980 355.7721
710.6680 358.1221
710.6680 358.1221
711.5980 358.0121
713.0180 356.9021
713.9880 357.0321
714.6180 355.9521
716.0380 355.6621
716.4980 355.1321
715.8780 354.7621
715.8780 354.7621
715.4680 354.4021
715.8680 352.6521
715.8680 352.6521
718.7780 352.8421
719.3180 353.7921
720.7680 354.0921
721.5280 353.5621
722.5380 354.4521
723.0180 354.3121
722.7080 353.5121
724.8580 354.1421
725.1580 353.0721
726.0780 352.6421
726.3780 353.8321
727.3780 354.8721
728.1280 354.8421
728.4080 355.6121
729.9080 355.1321
730.1280 354.3321
730.7380 354.1821
730.5180 353.4521
731.3680 352.7321
732.4180 352.1521
733.0880 352.7321
734.1780 351.7121
735.5180 352.9021
735.9780 354.0721
735.9780 354.0721
736.0280 353.4521
736.8280 353.1321
736.3080 352.1621
738.0880 351.0321
737.6580 350.5321
737.8180 349.7821
739.0980 348.5021
737.9480 343.3921
737.9480 343.3921
736.6880 343.5121
733.4980 342.1321
732.1380 342.5921
730.8880 341.8821
728.7080 342.3121
726.8280 341.1321
726.8280 341.1321
725.8780 341.7221
724.1980 340.0721
722.5780 340.5621
722.5180 339.7221
723.0680 339.3321
722.8780 338.4321
721.5880 339.3121
720.9980 340.6021
720.7480 340.1421
719.8180 340.5721
719.6180 340.0221
720.4380 339.6321
719.6480 339.3021
719.5580 338.8021
718.9080 339.0221
718.4980 340.0521
717.5880 339.0121
716.1880 338.7221
716.0480 339.4421
714.8180 339.0321
714.8180 339.0321
714.0880 344.1921

Santarém
153
703.7380 268.3121
703.8480 271.5621
704.5480 272.2821
705.2680 272.1521
706.6080 275.2021
709.7980 275.8921
712.1080 275.7721
711.5680 277.7721
711.9680 278.0621
712.5780 277.4321
713.9380 279.1421
712.9680 282.2221
714.6380 283.1421
715.1280 284.5121
713.6980 285.1121
714.1680 285.7721
713.6480 286.6621
713.7780 287.7721
715.0880 288.4221
716.4280 287.8921
718.0480 288.9121
718.7380 289.9921
719.1680 289.4621
720.0780 290.4021
720.8480 286.0121
722.3880 287.2121
723.1480 286.8721
724.2480 287.7921
724.7480 287.2821
724.6480 288.9521
726.1480 288.6721
726.1480 288.6721
726.1580 288.6321
726.1580 288.6321
726.7680 287.5621
727.4880 287.9821
727.9280 286.9221
727.6980 282.5021
730.9080 281.1221
733.4180 281.3621
732.7280 283.0621
733.3280 283.5921
733.4280 286.2021
733.9780 286.6921
734.9580 286.5221
735.4580 285.9021
736.0980 286.5921
736.6280 285.4221
736.4980 283.1521
737.8580 283.4421
738.5680 282.4221
739.4380 282.2121
740.7680 280.2021
740.7680 280.2021
741.1480 279.4521
741.1480 279.4521
740.6880 278.1021
740.6880 278.1021
739.8580 277.0221
736.5680 279.2121
734.8780 275.4921
735.3680 274.4521
737.0780 272.9221
736.1580 271.8121
734.2180 271.0521
734.3280 270.1321
732.6780 267.5521
730.8880 267.8921
730.2580 267.1121
730.3980 266.4121
729.2980 265.1321
727.6480 263.6221
725.7580 262.8921
724.3280 260.7321
724.6180 260.1221
725.9880 259.5321
725.9980 258.6521
726.7280 258.3321
727.3080 256.4121
728.0180 256.4621
727.9880 255.7621
727.9880 255.7621
727.5280 255.2021
727.5180 253.7821
726.5880 252.5321
728.5480 251.6121
728.6280 251.1921
729.4580 251.3921
730.1880 250.8621
729.2780 249.6921
729.9480 249.3221
730.1480 248.4421
730.4480 248.9821
731.2380 248.3221
730.7280 247.0921
729.5780 247.7121
729.7180 248.2221
728.7280 248.1521
728.9680 248.5021
728.1680 249.3721
727.2680 248.9221
726.7580 249.5921
726.9680 249.9221
725.6880 250.9121
725.3980 249.9821
725.0480 250.5621
724.4080 249.7421
723.2680 250.4521
722.2680 249.1021
721.9480 249.6921
721.5980 249.5521
720.3280 247.9621
719.3780 248.4621
717.9080 246.6821
717.9080 246.6821
715.8180 247.4721
716.3480 249.8021
715.3080 249.3921
714.9980 248.5321
712.8280 249.9821
711.3880 245.8421
710.1880 245.4921
708.6880 246.6021
706.9980 245.7721
706.6280 245.9921
706.5180 245.5621
705.9380 246.5121
705.9380 246.5121
705.3380 247.2521
705.7880 247.5221
705.6480 248.2921
704.5880 249.2021
704.5880 249.2021
706.4080 251.7021
707.0380 253.9721
708.3180 254.7021
707.4780 254.9921
708.6180 256.8921
708.0180 257.3721
709.1780 257.3421
710.4980 258.5721
709.9880 260.1121
707.7980 261.4121
706.3580 263.1821
707.3880 263.7721
709.0980 263.7521
708.8980 265.2621
707.9680 265.5521
707.5480 266.3821
706.3980 265.7421
704.7980 266.5721
704.2080 266.3421
704.4080 267.8621

Setúbal
144
710.5180 232.9621
713.9180 232.8521
713.0280 233.8021
712.3580 233.7521
712.3580 236.7221
711.7880 237.0321
711.6980 238.5121
711.0380 237.1921
710.2280 237.8321
710.4480 236.7021
709.5280 236.4821
711.2280 236.3221
711.2880 235.5721
710.5180 234.9921
709.9280 234.8521
710.0480 235.5421
706.7580 236.9221
705.7980 236.4521
705.6380 235.6421
704.1580 235.2721
702.6480 233.9421
701.5280 233.4921
700.1380 233.8221
699.3180 233.2721
698.2180 233.2921
697.3580 232.4821
696.5080 232.6621
697.8080 236.3521
698.9980 237.0921
697.7980 236.7821
696.8680 240.3621
695.2480 242.6821
698.9380 243.7121
698.9280 242.8021
700.3880 242.1221
699.5380 242.2521
700.2080 240.9821
700.1680 241.8621
700.9380 241.9421
701.9580 240.3121
701.4880 242.1121
700.6680 242.5521
702.2380 243.3321
702.3480 242.6221
702.8980 242.9821
703.7180 242.2121
703.2580 243.4821
704.5380 244.1721
702.5580 244.1921
702.0180 243.7521
702.1580 244.7921
704.7580 246.4621
705.9180 246.5721
705.9180 246.5721
706.4980 245.6221
706.6080 246.0521
706.9780 245.8221
708.6680 246.6421
710.1680 245.5321
711.3680 245.8821
712.8080 250.0221
714.9780 248.5621
715.2880 249.4221
716.3280 249.8321
715.7980 247.5021
717.8880 246.7121
717.8880 246.7121
719.6480 246.6221
719.0180 245.5921
719.3280 244.7721
714.5180 240.6121
714.9680 238.0821
716.9880 238.0221
717.0680 237.3621
718.3380 237.2221
718.4580 236.5421
719.1680 236.8621
718.7280 237.8121
719.2180 237.9921
720.1180 236.7521
721.0780 237.1821
721.7880 236.9221
723.4980 237.9221
725.3580 234.4121
724.9580 233.5421
725.9580 233.6321
726.1980 233.1021
725.6280 233.0421
726.1980 232.5521
724.9680 230.9521
726.3980 230.9221
726.6580 230.2021
728.9180 229.7621
729.9680 228.8521
729.9680 228.8521
731.0680 226.7021
731.0680 225.0021
728.2080 224.1421
727.5980 223.2221
726.1980 223.5121
725.9780 221.6121
725.3280 221.6021
724.6080 222.2821
724.4680 221.7221
723.9180 221.6121
723.6680 220.2321
722.8680 220.6821
722.2080 218.9921
723.6580 216.9621
725.0780 217.1321
725.8780 215.8221
725.3880 212.5621
725.6980 212.0621
724.5680 210.7621
724.7080 209.9821
721.4280 210.9321
721.2380 210.5021
718.1780 210.2421
717.7380 210.0021
717.8080 208.7521
717.2680 208.8621
716.7080 208.0921
716.6080 206.4021
715.9880 206.5321
715.6580 206.1021
714.2780 206.8521
713.5680 206.2521
711.9280 208.7021
710.6380 208.3121
710.1080 208.8921
710.1080 208.8921
709.6280 213.2021
708.2180 213.5221
707.7680 214.2521
707.1080 214.1721
708.6880 216.9321
710.2480 221.9221
710.6880 225.6421
710.3680 229.5821
709.0580 232.9521
706.5080 235.8121
709.0980 233.8921
709.9180 231.6621
709.6580 233.7921

Viana_do_Castelo
64
729.0980 386.4621
729.3880 383.1721
731.3980 383.9021
732.0880 383.4821
732.5280 381.6121
732.1980 380.9121
731.1080 380.6521
729.9980 379.6821
728.2980 376.7521
728.8280 375.0821
729.7980 375.1921
729.9280 372.7321
729.9280 372.7321
729.8580 372.2821
728.9480 372.4921
726.5580 370.7521
725.8480 371.1621
725.4580 370.3321
724.0680 370.2721
723.2980 370.7121
721.7380 370.1621
720.5680 369.1121
719.7980 368.8921
719.7580 369.4221
719.2980 369.3721
718.7680 368.8421
718.6680 366.8821
717.8580 366.2021
718.0680 364.8521
717.3680 364.5321
716.9080 365.3421
716.0580 364.9821
714.8280 365.8321
714.5780 364.8521
714.1680 365.3221
713.1380 365.2521
711.2380 364.1421
709.5680 364.0521
709.5680 364.0521
709.0580 366.5221
708.6180 367.0621
708.4680 366.6321
707.3380 369.8521
707.5180 371.8621
707.9780 372.4021
707.5280 372.8521
707.5680 374.9321
709.2980 376.6621
711.2580 377.5921
711.6380 378.9721
714.2280 380.5221
714.3780 381.6921
715.0580 382.4421
717.8980 382.7121
718.7280 383.7921
721.1480 383.9121
721.5980 383.4821
723.0880 383.6521
723.6780 384.2521
724.6580 383.9721
725.1280 384.8421
726.9780 385.5721
727.1280 386.2121
728.0680 386.0721

Vila_Real
96
738.1180 377.3321
738.7880 377.2121
738.5480 374.4721
739.1580 373.8621
740.1480 374.7721
740.0280 375.3921
741.7080 375.4721
742.6080 376.1421
743.5580 375.8621
744.5880 376.5121
746.0680 375.3921
748.2180 375.4221
747.4080 373.1921
750.2580 373.7321
750.8580 374.8921
752.4280 374.7121
752.7080 373.6221
753.2780 373.2421
753.1980 372.2721
755.1680 374.1921
755.4680 373.6721
756.7680 373.7621
760.3880 375.3221
760.3880 375.3221
760.0780 372.5521
760.0780 372.5521
760.5980 371.2121
760.5980 371.2121
761.3180 370.6921
761.2880 369.6321
760.1280 368.2621
758.5480 363.1721
758.5580 361.9921
759.4880 360.2921
757.7580 359.9921
757.1980 358.8121
757.2980 357.8421
755.1880 356.8321
755.1880 356.8321
755.1380 355.7721
755.1380 355.7721
755.5880 354.1521
755.3080 353.6621
756.7880 352.5521
755.4780 352.2521
754.8680 351.5521
755.2880 351.1121
754.3580 350.3521
754.4880 348.6221
753.6380 348.7821
753.0780 347.2121
753.0780 347.2121
750.8380 346.7321
750.1880 345.9121
749.4180 346.2721
748.0880 344.9321
745.7280 345.2021
744.6780 344.3121
741.5480 345.1621
741.0180 344.4921
739.1180 344.9621
737.9280 343.4121
737.9280 343.4121
739.0680 348.5221
737.7880 349.8021
737.6280 350.5521
738.0580 351.0521
736.2780 352.1821
736.8080 353.1521
736.0080 353.4721
735.9580 354.0921
735.9580 354.0921
736.1680 354.8021
735.7380 354.9221
736.9980 356.4221
737.0980 358.4021
738.2180 358.8821
738.5080 359.9021
739.5180 359.8321
739.4380 360.3621
740.2880 360.8621
740.2180 361.5721
740.8080 361.6921
741.1180 362.4121
739.8480 364.1721
738.8880 363.0321
735.2280 363.6821
735.4880 367.1121
733.9680 367.7821
731.3680 367.2921
732.3580 368.2821
733.1880 370.3021
733.5280 372.7821
733.5280 372.7821
734.7280 373.2121
735.9480 375.1421

Viseu
96
753.0780 347.2121
754.3880 346.5621
755.4280 344.5821
757.0980 344.2321
757.0980 344.2321
755.7980 340.3421
756.0580 339.0021
754.7480 338.9621
754.7580 338.0421
756.4480 337.2421
756.1080 335.6621
756.1080 335.6621
754.9080 334.7621
754.9080 334.7621
754.7280 332.9421
753.9980 333.3521
752.4080 330.6021
750.4980 332.9721
749.0080 333.0921
748.2180 332.2721
746.8880 329.3121
748.6980 327.9721
747.8780 327.1221
748.0580 326.5021
749.8280 325.5221
749.3180 324.9721
749.6080 324.2421
748.8580 323.6621
748.1280 321.1821
748.3880 320.6821
745.7180 320.1121
740.5780 317.5821
740.5780 317.5821
738.8080 316.5321
735.9780 313.7221
733.8080 312.9121
730.9180 310.7521
729.7580 311.2421
729.3080 310.7721
729.0580 311.1721
727.2280 310.3421
725.6880 311.7821
724.7580 311.6421
724.3180 312.2621
723.8980 312.1521
723.8980 312.1521
723.9380 313.8721
725.1180 315.2121
724.5480 317.0621
727.2480 318.1021
726.1480 319.2621
725.4080 321.6321
727.3980 322.4621
725.8480 323.2421
725.7680 325.6521
724.8480 326.4021
724.6580 327.5921
726.5380 328.3021
727.6680 331.1521
727.0980 332.4221
727.8580 332.7921
729.1380 332.0221
729.8680 332.8521
731.0580 332.1321
731.8980 332.8821
731.1080 334.1821
730.9580 336.2521
732.3280 337.9021
732.2680 338.7921
732.0180 338.9821
730.9380 337.5321
729.0180 338.3521
728.4280 338.1821
728.7080 338.8521
727.7480 338.9221
727.5480 339.4821
727.8680 339.5721
727.6680 340.8321
726.8180 341.1721
726.8180 341.1721
728.6980 342.3521
730.8780 341.9221
732.1280 342.6321
733.4880 342.1621
736.6780 343.5421
737.9380 343.4221
737.9380 343.4221
739.1380 344.9721
741.0380 344.5021
741.5680 345.1721
744.6980 344.3221
745.7480 345.2121
748.0980 344.9421
749.4280 346.2821
750.1980 345.9221
750.8480 346.7521

Viseu
4
753.1280 334.0121
754.1380 333.4221
754.7580 334.3021
753.5280 335.1521

Açores
64
195.4680 177.0621
195.5880 177.0321
195.6880 176.8421
195.9280 176.7821
196.2180 176.8221
196.2180 177.0221
196.2880 177.0521
196.6380 176.8421
196.5780 176.5121
196.6780 176.3321
196.5180 176.1021
196.5680 175.9021
196.6580 175.8221
196.8280 175.7621
197.0480 175.6621
197.0280 175.5221
197.4180 175.3021
197.2980 175.2321
197.3480 175.0421
197.5980 175.0821
197.6780 174.8621
197.8080 174.8021
197.7280 174.5321
197.6880 174.3621
197.8680 174.0521
197.7380 173.7721
197.8280 173.6021
197.7380 173.5421
197.6980 173.6221
197.4880 173.6021
197.2980 173.6121
196.8380 173.5921
196.4980 173.6821
196.0980 173.6021
195.7180 173.9921
195.6780 174.2021
195.4080 174.4021
195.0580 174.4921
194.7480 174.5021
194.4480 174.2321
194.2980 174.2921
193.8580 174.0021
193.6580 174.2721
193.5180 174.1221
193.3480 174.0221
193.0180 174.2221
192.8780 174.4721
192.8180 175.1521
192.4680 175.7921
192.5980 176.2821
192.8380 176.3021
192.9480 176.5421
193.1380 176.6321
193.3580 176.5721
193.7280 176.8721
193.7080 176.6721
194.0380 176.4621
194.2480 176.7121
194.6080 176.5321
194.8380 176.6421
194.8780 176.9121
195.0680 176.8021
195.2280 176.9521
195.3180 176.8821

Açores
153
184.4280 209.1221
184.5380 209.1821
184.5580 209.3621
184.6980 209.3621
184.7680 209.2721
184.7180 209.0521
184.7980 208.9621
185.0180 209.0521
185.5280 209.1421
185.8580 209.4621
186.1180 209.3621
186.5780 209.6221
186.8880 209.6721
187.1380 209.9021
187.4280 209.9221
187.8780 210.1821
188.0280 210.5421
188.2680 210.7121
188.3280 210.4921
188.8880 210.2421
189.1080 210.2421
189.4980 210.4521
189.7780 210.4021
189.9780 210.5421
190.1480 210.3521
190.6880 210.1721
191.0180 210.1621
192.1580 210.4021
192.5680 210.3021
192.7880 210.3521
193.5780 210.0421
193.8780 209.1021
193.9380 208.8021
194.0480 208.3321
193.8080 208.0421
193.7480 207.7821
193.8980 207.2921
193.7980 206.8521
193.5580 206.3621
193.1880 205.9221
192.8980 205.7221
192.2880 205.7121
191.9880 205.4721
191.7880 205.4321
191.4180 205.4921
190.6280 205.8521
189.8380 205.8521
189.1980 205.5621
189.0780 205.4621
188.6980 205.3421
188.4080 205.2321
188.2280 205.0021
187.9980 205.0821
187.1980 204.9921
186.6780 204.5621
185.9680 204.6821
185.6180 204.6121
185.3380 204.6821
185.1180 204.5721
184.8380 204.6921
184.6980 204.5621
184.3080 204.4921
183.8980 204.6821
183.6980 204.6521
183.4180 204.6621
183.0780 204.7621
182.9480 204.6421
182.6580 204.5921
182.5080 204.3621
182.2180 204.2821
181.9680 204.5621
181.5780 204.6521
181.3180 204.9921
180.5580 205.5321
180.4180 205.7621
179.8580 205.6221
179.4880 205.8421
179.1280 205.7621
178.8180 206.0221
178.3880 206.0121
178.1780 205.7321
177.8280 205.6621
177.1180 205.4921
176.6680 205.3121
176.3580 205.4021
175.8480 205.7421
175.6180 206.0521
175.2880 206.1721
175.0480 206.5221
174.3380 206.9721
173.8280 207.3121
173.6680 207.6821
173.4780 207.7721
173.1280 208.0221
172.5580 208.3921
172.4080 208.6721
171.7880 209.1021
171.7380 209.4121
171.3880 210.0821
171.3380 210.3521
171.5880 210.5621
171.6880 210.8221
171.8080 211.0821
172.0680 211.0921
172.2980 211.3921
172.2480 211.6321
172.3280 211.7521
172.3980 211.9821
172.9680 211.8221
173.3880 212.1321
173.4780 212.3321
173.6580 212.3821
174.2280 212.1821
174.6280 211.9221
175.0580 211.7121
175.1680 211.5721
175.6480 211.4521
175.9680 211.0521
176.1080 210.5721
176.2880 210.5121
176.4680 209.7421
176.6080 209.6221
176.8080 209.6721
176.8980 209.4321
177.3980 209.2421
177.8080 209.2421
178.1480 209.0921
178.5480 209.1821
178.7980 209.0821
178.8280 209.1321
179.0380 208.9021
179.2680 208.8021
179.8480 208.5121
180.1880 208.5821
180.4280 208.6721
180.6180 208.5521
180.8880 208.5721
181.7480 208.8921
181.9480 209.1421
182.5080 209.4921
182.7880 209.6621
182.8680 209.8321
182.9480 209.8421
183.1180 209.5021
183.2280 209.2921
183.3080 209.1621
183.4680 208.9321
183.6880 208.9921
183.9880 208.8421
184.0380 209.0321
184.1480 209.0521
184.2380 208.8921
184.4380 208.8321

Açores
91
 90.4180 238.5821
 91.1980 238.4621
 91.4780 238.2421
 91.8680 238.1721
 92.6580 237.6921
 92.8880 237.6521
 93.1180 237.5621
 93.3480 237.3721
 93.3280 237.2421
 93.4880 237.0921
 93.6980 237.0921
 93.8580 236.9121
 93.9480 236.6021
 94.1980 236.3421
 94.5880 236.3921
 94.9780 236.0721
 95.3680 235.9821
 95.8180 236.0821
 96.1680 235.5921
 96.5080 235.4621
 96.5880 235.3321
 96.9480 235.3121
 97.1580 235.1321
 97.4480 234.6021
 97.7480 234.6321
 98.0780 234.3621
 98.9080 234.3521
 99.0280 234.2121
 99.3080 234.1321
100.9480 233.9221
101.1680 233.9721
101.6780 233.8221
101.7180 233.6221
102.3880 233.2221
102.5480 232.9621
102.5680 232.5621
102.1080 232.4121
101.7880 232.4121
101.6580 232.2721
101.5080 232.3021
101.3680 232.1721
101.0380 232.2621
100.8980 232.0821
100.5080 232.0821
 99.7480 232.3421
 98.7380 232.4321
 98.5380 232.3621
 97.8680 232.4821
 97.5680 232.3721
 97.5480 232.2221
 97.4080 232.1521
 97.2580 231.9021
 96.9180 231.8621
 96.2680 231.4821
 95.9080 231.3821
 95.5580 231.5921
 95.3980 231.6921
 95.3980 232.0021
 95.3780 232.2621
 94.8680 232.5921
 93.8780 232.5121
 93.0180 232.6721
 92.6780 232.6121
 92.3580 232.7321
 91.8580 232.5921
 90.7480 233.1421
 90.3680 233.2221
 90.1780 233.1721
 90.0180 232.9621
 89.4280 232.9121
 88.8080 233.4121
 88.3180 233.5221
 87.1580 234.1921
 87.0180 234.7121
 86.7680 234.9221
 86.4180 235.5721
 86.3680 235.7921
 86.4480 236.0421
 86.3680 236.5021
 86.4280 236.8721
 86.5880 237.4821
 86.7880 237.4921
 86.7680 237.6121
 87.0280 237.6921
 87.0680 237.9121
 87.4880 238.2121
 87.5580 238.1721
 88.4280 238.5321
 89.3380 238.3121
 89.5280 238.4721
 89.8580 238.4021

Açores
63
 80.9580 241.8921
 81.2780 241.8921
 82.2580 241.5321
 82.5880 241.3521
 82.6380 241.2021
 83.0980 240.7921
 83.9080 240.5921
 84.6180 239.9021
 84.4480 239.7121
 84.2980 239.3121
 84.4480 238.9121
 84.1980 238.5921
 84.4880 238.0021
 84.3980 237.8821
 83.9380 237.8421
 83.7580 237.6221
 83.7580 237.2421
 83.8480 237.2221
 83.8980 237.1021
 83.8080 237.0321
 83.9480 236.8821
 83.8380 236.7321
 83.7180 236.9021
 83.6580 236.8521
 83.5480 236.8221
 83.5880 236.9521
 83.7580 237.0521
 83.6780 237.1721
 83.5880 237.0921
 83.3280 237.1321
 82.9780 237.0021
 82.2980 237.0521
 82.0480 236.9321
 81.3480 236.9221
 80.9980 236.8021
 80.6080 236.8221
 80.0580 237.0721
 79.7480 236.9821
 79.7280 237.0921
 79.8980 237.0921
 79.9280 237.2121
 79.8480 237.2821
 79.7680 238.0121
 79.5180 238.6121
 79.2980 238.7721
 79.1080 238.6521
 79.0080 238.7221
 78.8680 238.6821
 78.3980 238.9721
 77.7880 239.3521
 77.4780 239.7521
 77.3680 239.7221
 77.3680 239.9921
 77.1780 240.0621
 77.2280 240.2421
 77.6580 240.2321
 77.8580 240.4321
 78.1780 240.5221
 78.9880 240.5021
 79.2780 240.6121
 79.7080 240.5221
 80.0880 240.8021
 80.5580 241.5621

Açores
81
 93.4980 246.4221
 94.4080 246.2621
 95.2180 245.9721
 96.1680 245.4021
 96.3080 245.4321
 97.9380 244.7121
 98.9480 244.4121
 99.2480 244.1221
 99.4980 244.0321
 99.6880 244.0921
 99.7980 243.8721
100.5480 243.7221
101.0280 243.3921
101.6280 243.2021
101.9180 243.4021
101.8780 243.2121
102.0580 243.0421
102.4080 242.9621
102.7380 243.0221
103.3380 242.5521
103.7580 242.4321
104.2180 241.8921
104.6280 241.8521
104.7380 241.6121
105.3080 241.3921
105.5480 241.1821
105.7580 241.2421
106.1080 240.7621
106.5580 240.7021
107.1180 240.4721
108.7280 239.5721
109.0180 239.4321
109.2080 239.3021
109.7980 239.0721
109.8980 239.1121
109.9880 238.9021
110.5180 238.7121
111.3280 238.0121
111.1580 237.9321
111.0380 237.7821
110.6780 237.5121
110.4080 237.5921
108.9080 237.4421
107.9180 237.9421
107.6680 238.2421
107.3780 238.3321
107.0180 238.6021
106.3280 238.8721
105.3180 239.6821
104.9180 239.7021
104.4280 239.9721
104.0780 239.8521
103.2180 240.1721
103.0280 240.0921
102.7380 240.1521
102.4380 240.3421
102.0380 240.7821
101.4380 241.1721
100.2080 241.3821
 99.9280 241.6121
 99.6680 241.6321
 99.6480 241.7521
 99.4580 241.9021
 99.3080 241.8721
 98.7980 242.1021
 98.1880 242.5221
 97.4780 242.8021
 97.1680 243.3321
 96.8780 243.1921
 96.7680 243.3521
 96.4880 243.3121
 96.4280 243.4121
 96.5480 243.5121
 96.5980 243.7321
 96.2780 243.7721
 96.3780 243.9321
 96.2480 244.1621
 95.0080 244.7721
 94.2280 245.5021
 93.9080 245.9621
 93.5280 246.2421

Açores
84
126.9380 248.3221
127.1480 248.2321
127.2780 248.2721
127.4480 248.0821
127.7080 248.1421
127.9680 247.9221
128.2680 247.9321
128.2380 248.0921
128.3280 248.2221
128.4980 248.1221
128.7680 248.2321
128.9480 248.1021
129.1180 247.9621
129.3180 248.0621
129.4880 247.9221
129.8980 247.8521
130.3480 247.6221
130.7880 247.6921
131.0880 247.5221
131.1580 247.4521
131.8280 247.6121
133.1280 246.6121
133.2180 245.9621
133.3880 245.7621
133.7080 245.6121
133.4680 245.4021
133.1880 245.3521
133.1380 244.7721
133.4880 244.5221
133.7380 244.2921
133.6880 244.1321
133.7780 243.9921
133.5580 243.6621
133.2780 243.5321
133.3380 243.2521
132.9680 243.1921
132.6980 242.9921
132.7480 242.6521
132.7280 242.4521
132.6080 242.1221
132.6580 241.8921
132.2780 241.8421
132.0180 242.0821
131.7980 241.9021
131.3980 242.0721
130.9280 241.8921
130.6080 241.9221
129.7580 242.3321
129.4080 242.2421
129.2080 242.3321
128.9480 242.2021
128.5880 242.3421
128.3980 242.1821
128.1380 242.2921
128.0880 242.1721
128.2480 241.8521
127.9580 241.7021
127.7280 241.8921
127.9280 242.1521
127.8680 242.3821
127.4980 242.4021
127.2580 242.4221
127.0480 242.3221
126.6680 242.3221
126.3780 242.2321
126.0680 242.3421
125.4080 242.8521
124.8280 243.1621
124.6080 243.3021
124.0280 243.6221
123.4480 244.4621
123.3080 245.1821
123.1680 245.3921
123.1380 246.0521
123.3880 246.5721
123.1980 246.8721
123.4280 246.8121
123.5680 247.0921
123.5280 247.2221
123.6780 247.4421
123.8280 247.4421
124.6180 247.9621
126.0380 248.2521
126.5780 248.3021

Açores
41
102.5780 260.1821
103.0980 260.0121
103.3380 259.7721
103.5080 259.8721
103.6980 259.7721
103.5680 259.6821
103.8680 259.5121
104.2080 258.9121
104.2680 258.6521
104.4380 258.6221
104.4580 258.4721
104.4580 258.2921
104.8980 257.8921
105.0280 257.4221
104.9780 257.3221
105.1580 257.1621
105.1580 256.9921
105.0280 256.9121
105.1180 256.7821
104.8380 256.7821
104.4680 256.6121
103.8080 256.8221
103.6880 256.7521
103.5680 256.8421
103.5480 256.9821
103.2980 257.0721
103.2880 257.2321
102.4180 257.1721
102.0580 257.6121
101.7280 258.4621
101.4180 258.7421
101.4080 258.9321
101.2380 258.9521
101.2880 259.1221
101.8380 259.6321
101.7980 259.8321
101.8880 260.0321
101.9580 260.0921
102.1280 260.1321
102.3280 260.1121
102.4180 260.1921

Açores
68
  2.1980 277.5421
  2.3180 277.5021
  2.2480 277.3021
  2.4180 276.8921
  3.0080 276.4821
  3.1580 276.6421
  3.2980 276.5921
  3.2680 276.5021
  3.3680 276.4521
  3.6380 276.5221
  3.7780 276.7121
  3.8380 276.6521
  3.9780 276.4321
  3.9280 276.2121
  4.1280 275.9921
  4.0680 275.9321
  4.1380 275.5021
  4.4180 275.3121
  4.5280 275.0421
  4.8080 275.0821
  4.8980 274.6921
  4.8080 274.4521
  4.4580 274.2521
  4.2680 273.9621
  4.2580 273.8221
  4.4980 273.4921
  4.3280 273.5321
  4.1280 273.4321
  4.0680 273.2121
  4.1480 272.8121
  4.0080 272.4421
  3.7980 272.2221
  3.7680 271.8921
  3.4280 271.6821
  3.4880 271.5721
  2.7480 271.3821
  1.8580 271.5021
  1.7280 271.3521
  1.4880 271.3121
  1.2780 271.4621
  0.9880 271.4721
  0.9080 271.7021
  0.7280 271.8121
  0.8080 271.8921
  0.6880 271.9921
  0.6480 272.2021
  0.7380 272.2821
  0.6280 272.4421
  0.8580 272.6021
  0.8680 272.7121
  0.7080 272.8221
  0.7180 272.9921
  0.5080 273.2421
  0.4580 273.6221
  0.6080 274.0021
  0.4880 274.4021
  0.3280 274.5821
  0.4580 274.7421
  0.4180 274.8821
  0.5980 274.8821
  0.6880 275.0721
  0.6780 276.1021
  0.9580 276.3421
  0.9880 276.4921
  1.1880 276.5721
  1.4580 277.0321
  1.3480 277.4021
  2.0880 277.3821

Açores
18
  5.4180 285.7821
  6.0480 285.5021
  6.2380 285.0021
  6.2280 284.6721
  6.0780 284.1521
  5.5680 283.6921
  5.3580 283.6021
  5.2780 283.4721
  5.0880 283.4621
  4.9680 283.5121
  4.9180 283.6721
  5.1280 283.8821
  5.0780 284.0921
  4.8280 284.4221
  4.7580 284.7921
  5.0580 285.4621
  4.9980 285.7421
  5.1880 285.6921

Madeira
6
467.0480   2.3721
467.3780   1.4221
467.8680   0.5921
467.3580   0.8421
467.1880   1.1521
466.9080   1.9921

Madeira
7
466.4280   5.3221
466.9180   4.2721
466.9780   3.2821
466.2080   5.1721
465.5380   5.7121
465.4480   6.8921
466.0380   6.1921

Madeira
47
445.6880  17.9421
446.1880  17.1521
446.9580  16.4121
447.5680  16.3821
447.9580  15.9521
449.2780  15.6921
450.3980  15.9521
451.2280  16.5121
452.0480  16.3721
453.9380  16.7821
454.5680  16.3821
455.2080  15.6521
456.0780  14.9021
456.5080  14.1921
457.2780  13.9821
457.9080  13.8021
458.9580  13.7221
459.5080  13.5721
460.1080  13.5921
460.4080  13.4521
460.2680  13.1021
459.4280  13.0621
458.9280  12.9421
458.6080  12.3821
458.3480  12.2721
458.4380  11.9221
458.0580  11.3021
457.4380  11.0921
457.1180  10.2621
456.2380   9.4221
455.6480   9.2721
454.7480   9.6121
453.8780   9.6621
453.5280   9.4721
452.6080   9.1521
452.3380   9.4721
451.3580   9.8321
450.3980   9.8721
448.2080  10.8821
447.6180  10.8321
446.5380  11.7721
444.1980  13.0321
443.1680  14.3821
443.2280  14.7021
442.9680  15.4521
442.5080  15.9421
444.5980  17.9521

Madeira
21
472.9580  26.5221
473.2380  26.5621
473.0680  26.1521
473.3780  25.7421
473.1080  25.5021
473.2680  25.1421
472.6480  25.2821
472.1780  25.1721
470.5380  23.7921
470.3880  24.0521
470.1080  24.1021
469.9580  24.4221
470.2580  24.4421
470.5680  24.9421
470.7180  25.5221
470.6080  25.6821
470.8380  25.9821
471.1580  26.0021
471.3580  26.3721
471.9580  26.5521
472.3580  26.9121

