291 614

Ad_Dawḩah
5
232.6700 251.1225
219.9700 245.9625
219.9700 245.9625
209.1200 263.6625
220.7400 271.0225

Ad_Dawḩah
3
275.8400 273.3225
275.9300 273.3225
275.9300 273.3225

Ad_Dawḩah
4
238.5200 274.5325
237.1400 273.0925
232.8300 279.6125
234.7500 280.7125

Ad_Dawḩah
8
289.6800 296.3525
290.5800 295.5625
290.5800 294.5725
290.0400 294.0825
289.5000 294.0825
290.3100 294.7725
289.8600 295.6625
288.1500 295.7625

Ad_Dawḩah
7
269.1000 314.5425
270.3600 313.9525
270.2700 309.9925
267.6600 311.5725
265.1400 312.1625
266.0400 313.9425
267.5700 313.2525

Ad_Dawḩah
11
262.9000 337.0925
263.0800 336.3025
266.4100 334.9125
267.1300 334.1225
267.3100 332.6425
265.3300 332.6425
264.2500 331.6525
264.1600 333.6325
263.0800 334.2225
262.9000 335.5125
262.1800 336.1025

Ad_Dawḩah
181
275.8400 273.3225
265.5000 272.4425
256.6300 269.5725
256.6300 269.5725
256.3100 271.1125
254.3000 271.4925
249.1100 274.2425
241.0300 280.0625
237.7600 281.8625
241.7100 284.9325
234.7800 293.9825
232.7600 304.4625
231.0400 309.3025
226.6900 318.1125
226.6900 318.1125
226.2000 320.1625
226.2000 320.1625
241.5300 330.1925
239.2500 336.4325
235.0000 356.8825
246.8400 356.8825
246.8400 356.8825
247.3800 353.9325
253.4000 349.2825
254.3900 348.9825
255.0200 349.5725
256.1000 349.2725
257.4500 350.1625
257.1800 348.9725
256.3700 348.8725
256.8200 347.5825
256.1900 347.9825
255.3800 347.6825
250.3500 351.5425
248.1900 351.9425
249.1800 350.7525
249.7200 348.4725
250.7100 348.0725
251.0700 347.3825
251.6100 347.4825
251.3400 345.4025
250.8000 345.0025
250.8000 344.5025
251.3400 344.3025
251.4300 342.9125
250.8000 340.9325
250.6200 341.3325
249.9000 341.2325
249.7200 340.5425
250.0800 338.4625
250.8900 336.2825
251.3400 336.1825
250.8900 332.3225
251.7000 329.8525
251.5200 328.4725
252.6900 326.0025
255.6600 326.6925
255.9300 326.3925
253.7700 324.4125
253.6800 323.7225
252.0600 323.3225
251.7900 321.7425
253.1400 320.3525
253.0500 319.5625
250.6200 320.4525
250.4400 319.3625
249.7200 319.0625
249.9900 318.0725
250.8900 317.8725
250.9800 316.8825
249.9900 316.3825
249.9000 315.8925
251.5200 315.3925
251.8800 314.8025
251.8800 315.7925
253.1400 315.7925
253.3200 315.0025
252.6000 312.7325
250.5300 310.8525
250.3500 308.9725
250.9800 307.9825
251.7900 307.6825
254.9300 308.0825
256.6400 305.5125
256.5500 304.8225
255.6500 304.8225
255.6500 302.7425
253.3100 302.1525
251.4200 302.2525
249.7100 300.7725
249.3500 298.9925
248.9000 298.6925
248.8100 296.7125
250.1600 295.0325
251.7800 294.1425
253.5800 293.6525
254.3000 294.9325
254.6600 294.5325
254.4800 293.6425
255.3800 293.3425
255.5600 294.7225
257.8100 295.1225
257.2700 296.3125
257.6300 296.9025
258.1700 296.8025
258.5300 295.9125
259.3400 296.2125
259.1600 298.2925
261.9500 299.5725
262.9400 297.4025
261.8600 296.9125
261.0500 298.5925
259.8800 298.1025
261.2300 294.9425
260.9600 294.3525
260.4200 294.4525
259.9700 295.4425
259.6100 294.9525
258.6200 294.9525
258.6200 294.2625
259.3400 294.4625
258.7100 293.8725
258.8900 292.9825
259.5200 292.4925
260.7800 292.5925
260.8700 291.8025
261.6800 291.4025
262.6700 291.8925
261.8600 292.0925
261.7700 292.5825
262.7600 292.8825
263.3000 292.3825
263.8400 293.5725
265.1900 294.4625
265.1000 295.2525
266.9000 294.1625
267.8900 294.2625
267.8900 296.3425
268.2500 296.5425
269.4200 295.7525
268.8800 293.6825
269.0600 291.9025
270.0500 291.8025
270.1400 290.9125
271.0400 290.6125
272.2100 291.2025
272.8400 291.0025
275.5400 294.1625
276.4400 296.5325
278.3300 297.1225
279.2300 294.6525
279.9500 293.9625
280.2200 292.2825
282.8300 285.6625
283.9100 284.3825
284.0000 282.8025
278.2500 296.8325
276.7200 296.4325
276.0000 294.4525
273.4800 291.0925
276.0000 292.6725
277.1700 291.4825
276.7200 290.8925
278.5200 288.5225
277.9800 287.0425
278.4300 284.5725
277.8000 283.9825
277.4400 281.7125
281.2100 281.3125
283.3700 280.3225
284.0900 280.7225
284.1800 280.3225
283.3700 280.0225
281.2100 281.0125
277.2600 281.4025
277.3500 279.1325
276.2700 279.1325
275.1000 278.2425
275.9100 277.5525
275.7300 276.8625
274.9200 276.6625

Al_Khawr_wa_adh_Dhakhīrah
4
267.2100 459.6625
267.0300 458.2725
266.4000 458.2725
266.4900 459.2625

Al_Khawr_wa_adh_Dhakhīrah
3
266.8600 461.4425
266.4100 459.8525
266.0500 461.0425

Al_Khawr_wa_adh_Dhakhīrah
7
273.2400 461.9425
273.7800 461.5425
271.6200 459.6525
269.6400 458.7625
269.8100 459.6425
271.0800 459.6525
272.4300 461.7325

Al_Khawr_wa_adh_Dhakhīrah
3
214.4700 532.1625
214.4700 532.2625
214.4700 532.2625

Al_Khawr_wa_adh_Dhakhīrah
256
214.4700 532.1625
216.8100 530.4725
221.8400 528.3825
221.9300 527.9825
223.2800 528.1825
223.6400 527.6825
226.5200 527.5825
227.5100 528.6725
228.5000 528.3725
229.4900 528.8725
229.4000 530.5625
230.1200 528.9725
228.5900 527.9825
238.7400 529.9725
239.1000 532.5525
239.1000 529.8725
241.7100 530.0725
241.9800 529.6725
247.2800 528.5825
250.4300 526.4925
254.3800 522.2225
257.5300 520.4325
258.6100 520.6325
262.5600 518.9425
266.5100 516.5625
267.4100 516.8625
275.4100 524.3125
276.4900 524.2125
282.7800 521.3325
282.7800 520.9325
282.3300 520.9325
277.0300 523.4125
275.5000 523.7125
272.2700 520.7325
272.0900 519.7425
276.3100 521.1325
277.4800 519.2425
276.0400 518.7425
275.5000 519.6425
274.4200 519.3425
273.7900 519.7425
272.2600 518.8525
268.5800 515.6725
268.5800 515.0725
269.2100 514.6725
268.9400 513.0825
270.2900 513.2825
279.7300 518.2525
279.1900 519.5425
280.0000 518.4525
281.1700 519.0525
281.3500 519.7425
281.4400 518.9425
270.3000 512.9825
268.3200 512.7825
267.5100 512.1825
267.6900 510.2925
267.3300 510.0925
266.8800 506.5125
267.1500 502.4425
268.0500 501.4525
268.4100 497.4825
269.2200 497.4825
268.8600 495.4925
269.6700 495.1925
270.1200 493.8025
271.9200 493.8025
270.2100 493.5025
271.0200 490.6225
270.9300 489.3325
271.3800 488.7325
271.5600 481.3825
272.3700 479.0025
272.7300 479.0025
274.5300 475.2325
274.5300 473.1425
273.7200 472.0525
273.2700 468.8725
273.8100 468.5725
273.8100 467.6825
272.7300 466.1925
273.4500 464.9025
273.3600 463.8125
271.5600 461.9225
271.2000 460.3325
269.7600 460.1325
269.3100 458.5425
268.1400 457.9425
267.3600 458.9125
268.5900 460.9225
267.6000 460.8225
267.4200 460.1225
267.1500 461.1125
267.9600 462.2025
267.6900 463.6925
268.2300 464.4825
266.6100 465.9725
265.3500 465.9725
266.2500 464.9825
263.6400 460.8125
263.3700 457.4425
261.4800 453.7725
259.3200 453.6725
257.9700 455.1625
255.4500 456.3525
255.6300 454.1725
256.2600 453.2825
257.5200 453.9725
258.8700 452.9825
259.6800 451.1925
262.2900 450.1025
262.5600 449.5025
263.2800 449.8025
265.1700 449.1125
265.4400 448.4225
265.5300 450.4025
266.3400 451.4925
267.4200 451.4925
267.6000 452.9825
268.6800 452.9825
268.6800 452.2825
269.3100 451.6825
271.0200 450.8925
270.3000 449.7025
273.1800 446.9225
273.3600 445.5325
272.7300 444.5425
272.9100 442.4625
272.3700 442.5625
271.1100 440.6725
271.1100 439.8825
271.8300 439.2825
269.9400 438.6925
269.2200 437.8025
269.3100 436.6125
270.5700 436.5125
269.4900 436.3125
269.3100 435.5225
270.6600 435.7225
269.4900 434.9325
269.4900 432.5525
269.1300 431.7625
267.6000 431.1725
267.8700 429.8825
266.1600 431.2725
265.5300 430.8725
264.9000 431.9625
263.7300 432.4625
258.2500 431.9625
257.6200 434.3425
258.4300 434.6425
259.1500 434.0425
259.5100 434.2425
258.7000 435.6325
258.0700 436.9225
258.3400 437.3225
259.9600 436.9225
260.0500 437.3225
258.7900 439.4025
257.1700 440.0925
257.2600 440.7825
256.3600 440.2825
254.9200 440.4825
253.5700 439.4925
252.8500 439.5925
250.7900 438.3025
249.8900 438.2025
248.8100 437.1125
248.1800 438.0025
247.4600 438.0025
244.8600 436.6125
244.5000 436.0125
245.8500 434.4225
247.4700 434.3225
248.1900 435.0125
248.4600 433.8225
251.6100 433.9225
251.8800 432.1425
252.6900 433.5325
255.9200 433.3325
255.3800 430.7525
254.0300 430.5525
253.4000 429.2625
253.6700 428.0725
254.9300 427.3725
254.7500 425.5825
255.5600 425.4825
256.1000 426.0725
257.8100 425.8725
257.8100 424.8825
259.2500 425.4725
259.5200 424.7825
260.7800 424.5825
260.6900 423.1925
259.5200 421.7025
260.0600 416.9425
258.4400 415.4525
258.8000 414.2625
258.8000 414.2625
251.1500 417.1325
240.9900 417.6425
229.5600 423.2425
225.2900 420.6925
222.6300 420.0525
215.4700 412.9225
213.1600 412.2825
211.2000 412.4125
215.1300 391.9125
215.1300 391.9125
184.1900 390.1325
167.0600 400.2925
167.0600 400.2925
159.6700 412.5125
164.5300 428.0625
165.2400 438.5625
164.9700 441.0225
169.7700 446.3425
118.5800 446.3625
118.5800 466.7625
 75.7800 466.7625
 75.7800 466.7625
 75.0600 468.1125
 74.4300 471.5825
 76.8600 472.4725
 77.9400 474.5525
 77.5800 476.3425
 75.8700 476.5425
 77.0400 479.7225
 76.4100 481.3125
 76.6800 482.2025
 75.7800 482.5025
 75.8700 483.5925
 74.7900 483.5925
 74.5200 484.0925
 72.8100 483.6925
 71.1900 483.8925
 70.2000 483.1025
 69.9300 483.9925
 69.3000 483.8925
 68.9400 485.0825
 68.1300 485.0825
 67.5000 485.6825
 67.5000 486.8725
 66.6000 486.7725
 67.5900 487.3725
 67.4100 490.0525
 68.4900 492.4525
 68.4900 492.4525
118.5900 492.4525
118.5900 528.7825
167.7000 528.7825
168.1000 509.2925
192.0200 509.3725
193.6500 492.8625
195.2300 493.1625
214.6500 492.6925

Ash_Shamāl
6
 85.8800 547.7625
 87.5000 546.8625
 87.6800 546.1625
 87.2300 545.8625
 85.6100 546.1625
 85.3400 547.2525

Ash_Shamāl
4
108.8900 574.3225
109.0700 573.9225
108.5300 573.4225
108.2600 574.2225

Ash_Shamāl
4
149.2300 598.5125
149.4100 598.1125
148.3300 597.9125
148.3300 598.5125

Ash_Shamāl
243
161.9900 603.0925
164.6000 602.0925
164.9600 601.4925
165.4100 601.4925
165.2300 602.3925
165.5900 602.0925
167.2100 602.5925
167.3900 601.9925
166.2200 602.0925
166.3100 601.0925
165.7700 601.9925
166.0400 600.1025
168.3800 599.6025
169.1000 599.1025
168.8300 598.7025
170.3600 598.2025
170.9000 597.2025
173.6900 596.7025
175.8500 595.5125
177.2000 595.7125
181.4200 594.1225
183.1300 592.9225
184.0300 591.5325
187.0000 590.3425
187.9900 588.7525
188.9800 588.4525
189.7000 588.7525
189.8800 587.5625
191.5000 586.0725
192.9400 585.8725
194.2900 584.4825
197.1700 583.4825
197.8000 581.8925
196.6300 577.1125
196.7200 575.5225
197.7100 573.0325
196.7200 571.6425
196.7200 570.2525
199.0600 570.1525
199.4200 569.2525
198.1600 569.9525
196.5400 569.5525
196.8100 565.5725
198.8800 562.1925
199.7800 561.7925
200.8600 559.1025
204.3600 555.9225
204.0000 555.4225
203.8200 555.9225
202.3800 556.5225
202.2000 555.7225
203.8200 554.0325
210.2900 550.2525
210.7400 545.2825
210.2000 542.2025
210.9200 539.8125
210.9200 534.8425
211.6400 533.6525
212.6300 533.6525
214.5100 532.2625
214.5100 532.2625
214.5200 532.1625
214.5200 532.1625
214.6700 492.7025
195.2500 493.1725
193.6700 492.8725
192.0400 509.3825
168.1200 509.2925
167.7200 528.7825
118.6100 528.7825
118.6100 492.5325
 68.4500 492.5325
 68.4500 492.5325
 68.2700 493.8025
 67.4600 494.4025
 67.5500 495.1925
 69.7100 497.0825
 70.1600 498.1725
 69.5300 497.7725
 69.5300 498.3725
 70.4300 500.3625
 70.9700 500.6625
 71.5100 500.3625
 71.2400 499.0725
 71.6900 497.6825
 72.8600 497.6825
 75.1100 499.0725
 75.2900 499.7725
 73.9400 501.0625
 73.8500 501.8525
 72.1400 502.8425
 71.6900 503.7325
 72.8600 504.2325
 73.0400 505.5225
 74.3900 506.1225
 74.2100 508.4025
 73.6700 508.9025
 75.0200 508.5025
 76.1900 508.8025
 77.2700 509.7925
 77.0900 510.5825
 78.0800 510.7825
 78.6200 512.2725
 78.4400 513.4625
 78.8900 513.5625
 78.3500 514.7525
 78.8000 514.8525
 78.8000 515.9425
 79.7900 517.0325
 79.4300 519.1225
 79.9700 519.6225
 79.3400 520.3125
 78.7100 523.4925
 79.1600 526.8725
 78.5300 528.4625
 78.9800 530.0525
 78.7100 531.0425
 77.6300 531.4425
 77.7200 534.6225
 77.0900 535.2225
 76.6400 537.3125
 77.5400 538.3025
 77.5400 540.3925
 78.0800 539.9925
 78.3500 540.7825
 79.0700 540.9825
 79.4300 539.9925
 80.3300 539.2925
 81.1400 539.9925
 81.1400 539.4925
 80.0600 538.5925
 80.0600 537.9925
 81.1400 536.9025
 81.1400 535.6125
 80.5100 535.3125
 81.0500 534.8125
 81.1400 533.7225
 81.9500 533.9225
 81.9500 532.8325
 82.4900 531.9425
 83.1200 531.8425
 83.0300 531.2425
 83.4800 531.5425
 84.2900 531.2425
 84.2000 532.2325
 84.8300 532.5325
 84.8300 533.0525
 85.3700 533.0525
 86.3600 534.1425
 86.8100 533.7425
 88.7000 535.1325
 88.2500 535.7325
 88.2500 537.5225
 89.0600 538.4225
 88.7000 541.4025
 89.2400 541.6025
 90.5000 540.8125
 92.3900 541.2125
 93.0200 542.0025
 92.9300 542.5025
 91.7600 543.1025
 92.3000 544.9925
 91.7600 545.8825
 92.1200 547.3725
 91.5800 547.8725
 92.6600 549.5625
 92.3000 551.1525
 93.4700 550.9525
 93.7400 551.3525
 93.8300 552.7425
 93.0200 554.0325
 93.3800 554.5325
 93.0200 555.7225
 93.7400 555.9225
 94.0100 557.1125
 93.5600 557.8125
 94.3700 558.6125
 93.9200 558.9125
 93.6500 561.0025
 92.0300 561.9025
 92.1200 562.3025
 94.3700 562.4025
 94.8200 563.0025
 95.9900 563.1025
 97.5200 564.2925
 98.2400 564.2925
 98.4200 564.7925
102.6400 565.6925
105.0700 566.8825
107.0500 568.5725
106.8700 569.6625
108.3100 570.9525
109.0300 572.4425
111.1000 572.2425
111.1000 571.4425
112.3600 570.6425
114.3400 571.5325
114.6100 572.8225
115.6000 572.9225
116.9500 575.3125
119.0200 575.0125
119.0200 574.3125
119.9200 573.4125
120.1000 571.9225
121.3600 571.6225
122.7100 572.0225
123.7000 573.1125
125.6800 573.9125
130.2600 576.9925
130.8900 577.9825
130.8000 580.0725
131.8800 581.5625
131.3400 582.6525
131.3400 584.0425
131.9700 586.4325
136.0100 589.7125
137.2700 589.9125
137.3600 590.8125
139.0700 591.3125
139.9700 592.4125
140.9600 592.6125
141.8600 595.0025
140.8700 595.0025
139.9700 596.2925
140.3300 597.1925
141.1400 597.3925
141.6800 598.8825
142.3100 598.7825
142.4000 596.1925
142.9400 595.8925
145.2800 596.5925
148.6000 596.3925
149.6800 596.8925
150.0400 597.7925
150.7600 598.1925
152.0200 597.6925
152.9200 596.5925
154.3600 596.5925
156.7900 598.0825
157.4200 599.8725
158.6800 601.3625
158.6800 602.0625
160.3000 602.8625

Ash_Shamāl
20
149.9500 612.2525
150.8500 610.2625
151.7500 609.8625
153.9100 609.9625
158.2200 611.4525
159.9300 611.0525
161.4600 609.8525
159.0300 610.9525
157.6800 610.9525
155.9700 610.4525
155.6100 609.9525
153.1800 609.5525
151.4700 608.3625
151.4700 606.5725
150.8500 607.5725
151.0300 609.2625
150.1300 609.8625
150.4000 610.3925
150.1300 610.3625
149.6800 611.0625

Ar_Rayyān
4
 10.6700 378.3725
 10.9400 377.6825
 10.4000 377.5825
 10.1300 378.1725

Ar_Rayyān
10
 55.0600 411.4625
 55.5100 410.6725
 56.1400 410.6725
 56.3200 410.0725
 57.2200 409.7725
 57.4000 408.4825
 56.5000 408.7825
 56.0500 409.8725
 55.2400 409.9725
 54.7900 411.0625

Ar_Rayyān
516
 59.4700 478.2225
 61.1800 477.5225
 61.9900 477.7225
 62.8000 475.9325
 63.5200 475.7325
 63.9700 476.2325
 64.6000 474.3425
 66.0400 472.5525
 66.7600 472.4525
 66.5800 471.6625
 67.2100 471.5625
 67.7500 470.3725
 68.2000 470.2725
 67.9300 469.2825
 68.4700 468.2925
 68.3800 467.2025
 66.6700 465.1225
 66.6700 461.6525
 65.8600 462.1425
 65.4100 461.7425
 65.5900 461.0425
 65.9500 461.6425
 67.1200 461.1425
 66.9400 462.0325
 67.3000 462.3325
 69.1000 462.1325
 70.7200 462.7325
 71.0800 463.4225
 70.8100 464.9125
 72.7900 464.6125
 74.5000 465.5025
 75.7600 466.8325
 75.7600 466.8325
118.5600 466.8325
118.5600 446.4325
169.7500 446.4125
164.9500 441.0925
165.2200 438.6325
164.5100 428.1325
159.6500 412.5825
167.0400 400.3525
167.0400 400.3525
166.9900 330.2925
188.9400 329.7525
198.0600 328.7325
210.6500 324.4125
210.6700 316.2025
217.4500 316.1025
216.4500 320.6425
217.5100 321.0625
220.7800 320.8525
222.3700 319.4725
223.7100 316.3525
226.7100 318.0625
226.7100 318.0625
231.0600 309.2525
232.7800 304.4125
234.8000 293.9325
241.7300 284.8825
237.7900 281.8125
241.0600 280.0125
249.1400 274.1925
254.3400 271.4425
256.3500 271.0625
256.6700 269.5225
256.6700 269.5225
252.8000 268.2725
255.2000 260.0125
245.4200 255.6825
232.7200 251.0825
232.7200 251.0825
220.7900 270.9825
209.1700 263.6225
220.0200 245.9225
220.0200 245.9225
217.8700 244.3125
208.2400 240.1925
214.4400 233.5925
214.3300 209.3925
212.1000 210.5725
183.1000 220.3925
150.1600 229.7725
149.9300 187.9025
117.8300 187.9025
118.2700  30.2525
118.7500   0.5725
118.7500   0.5725
113.4400   0.2525
 79.8400  11.7325
 57.4400  27.3825
 34.2300  74.5725
 18.9900  98.4625
 24.0700  99.7225
 28.4600 103.0425
 34.5700 106.4825
 36.0100 108.5525
 37.3600 114.4525
 38.6200 115.8325
 38.9800 119.6725
 37.8100 123.0225
 37.1800 123.1225
 34.7500 126.2725
 33.6700 130.2125
 33.8500 132.0825
 35.0200 133.4625
 34.9300 135.0425
 36.0100 139.4725
 36.0100 140.5525
 34.7500 142.4225
 35.4700 143.3125
 35.5600 146.4625
 36.4600 147.2525
 35.5600 147.8425
 35.8300 150.5025
 35.0200 151.4825
 35.2900 155.2225
 35.1100 155.7125
 34.3900 155.8125
 34.2100 156.8925
 32.4100 158.6625
 32.7700 161.4225
 30.4300 163.2925
 29.7100 164.5725
 28.9900 164.7725
 28.6300 166.6425
 27.6400 167.3325
 26.0200 167.4325
 25.0300 168.6125
 23.6800 174.9225
 21.0700 176.6025
 20.5300 178.2725
 19.2700 178.7625
 16.9300 181.9125
 16.8400 182.9925
 15.4900 183.9825
 15.2200 188.1225
 15.7600 189.8925
 15.3100 190.4825
 15.4000 194.1325
 16.7500 197.3825
 16.3000 197.8725
 17.2000 199.4525
 20.0800 202.0125
 20.8000 203.4925
 19.9900 210.2025
 18.2800 214.1525
 18.2800 216.2225
 16.3900 218.4925
 15.8500 219.8725
 13.3300 218.8825
 13.6000 219.4725
 15.6700 220.0625
 15.0400 221.5425
 11.8900 225.2925
  7.7600 227.9525
  6.8600 229.7325
  7.1300 233.8725
  7.9400 237.2325
  7.7600 239.2025
  8.3900 240.9825
  7.7600 242.7625
  8.4800 244.9325
  8.1200 247.6925
  5.8700 254.6025
  6.0500 255.1925
  5.4200 255.3925
  5.7800 257.5625
  4.8800 261.0225
  5.9600 263.5925
  5.9600 264.0825
  5.3300 264.2825
  5.4200 265.9625
  4.7000 266.8525
  5.9600 273.4725
  4.7900 274.9525
  5.1500 275.8425
  4.3400 279.8925
  4.6100 282.8525
  4.0700 284.4325
  4.7900 285.8125
  4.3400 288.9725
  4.6100 292.6325
  6.1400 294.9025
  6.5000 298.3625
  5.4200 304.9825
  5.6900 307.6525
  5.0600 308.2425
  5.4200 310.7125
  5.1500 314.3725
  4.7000 314.6725
  3.6200 314.2725
  3.2600 314.7625
  4.2500 316.1425
  4.3400 318.8125
  3.8000 319.4025
  4.2500 320.2925
  3.0800 327.9125
  4.1600 328.8025
  4.6100 329.9925
  3.1700 332.0725
  1.2800 332.6625
  3.2600 337.0125
  1.8200 339.2825
  0.4700 338.7825
  0.2500 339.7625
  0.2500 340.9525
  2.1400 344.4125
  1.6900 347.0825
  2.8600 349.6525
  4.0300 354.2025
  4.1200 357.5625
  6.5500 363.7025
  6.1000 364.4925
  6.2800 366.3725
  5.4700 368.0525
  4.1200 369.0425
  2.7700 367.5525
  2.3200 369.1325
  3.5800 370.0225
  4.7500 371.9025
  8.4400 373.5825
  8.8900 374.4725
 10.5100 374.8725
 11.5000 376.1625
 12.8500 376.4625
 13.8400 377.5525
 12.9400 377.9525
 13.3000 379.0425
 16.3600 378.5525
 18.3400 374.7925
 19.6000 374.0025
 20.1400 370.5325
 21.0400 369.3425
 20.6800 368.5525
 21.0400 366.9725
 23.3800 366.0825
 24.1000 362.9125
 23.2000 361.5225
 23.6500 360.7325
 24.2800 355.6825
 27.5100 354.0025
 27.9600 354.5025
 29.2200 354.3025
 32.1000 355.9825
 32.3700 356.9725
 31.6500 357.6625
 32.1000 358.6525
 31.0200 359.2425
 30.4800 359.0425
 30.3000 360.4325
 28.7700 361.6225
 28.2300 361.5225
 27.9600 362.7125
 27.0600 363.6025
 27.6900 363.9025
 27.5100 364.3925
 28.5900 364.0925
 29.3100 364.5825
 29.9400 364.2825
 30.4800 364.5825
 30.3900 365.2725
 28.6800 367.2525
 28.8600 367.5525
 26.9700 369.2325
 28.3200 370.5225
 28.3200 371.9125
 26.7000 374.0925
 25.7100 374.5925
 25.0800 376.6725
 22.9200 376.4725
 22.5600 376.9625
 22.9200 379.0425
 24.2700 381.8125
 24.0000 383.0025
 26.1600 383.7925
 27.8700 386.9625
 27.8700 388.0525
 26.7900 389.2425
 26.9700 389.9325
 28.2300 390.8225
 27.9600 393.4025
 27.5100 393.8025
 27.7800 394.5925
 24.9100 400.6325
 25.6300 401.0325
 25.4500 402.4225
 24.1900 403.2125
 21.6700 403.1125
 18.4400 400.5325
 17.0900 401.1225
 16.1000 401.0225
 15.4700 401.6125
 15.4700 402.7025
 14.5700 402.9025
 14.2100 403.4925
 16.1900 407.0625
 15.9200 407.4625
 16.6400 409.1425
 17.5400 409.3425
 18.2600 408.8425
 19.1600 409.6325
 20.7800 409.5325
 21.5000 410.1225
 21.4100 411.2125
 21.9500 411.5125
 22.9400 411.3125
 22.9400 410.8125
 22.2200 410.3125
 22.4000 409.6225
 23.3000 410.0225
 24.0200 411.8025
 25.5500 411.4025
 27.8000 411.8025
 28.3400 410.6125
 30.0500 408.7325
 30.4100 408.8325
 28.4300 411.0125
 28.0700 412.4025
 30.3200 412.5025
 31.7600 411.9125
 31.6700 412.4125
 29.8700 413.1025
 29.7800 413.8925
 30.3200 413.7925
 29.7800 414.7825
 28.3400 415.3725
 30.2300 415.8725
 30.5000 416.7625
 31.0400 416.9625
 30.2300 418.0525
 30.2300 418.7425
 31.0400 419.2425
 30.2300 420.8325
 30.5000 421.8225
 31.3100 422.4225
 32.1200 422.2225
 31.6700 421.7225
 31.5800 420.3325
 32.4800 417.5525
 34.7300 417.2525
 35.1800 417.7525
 36.7100 417.8525
 37.5200 417.3525
 38.1500 415.8625
 37.9700 415.1725
 38.8700 414.9725
 39.2300 414.2825
 39.7700 414.2825
 39.9500 415.0725
 40.4000 415.1725
 42.3800 414.3825
 42.2000 412.2025
 41.8400 412.0025
 42.2000 410.4125
 41.6600 408.9225
 40.4000 407.5325
 40.5800 406.2425
 39.6800 404.1625
 39.7700 403.1725
 38.5100 400.4925
 37.2500 399.9025
 35.7200 397.5225
 36.1700 396.7325
 35.9000 394.1525
 37.4300 393.1625
 39.0500 393.4625
 38.9600 392.0725
 39.7700 390.1925
 38.4200 383.4525
 39.2300 382.6625
 39.8600 383.2525
 42.0200 383.5525
 42.3800 382.5625
 41.7500 382.6625
 41.6600 382.0725
 42.3800 380.9825
 43.6400 381.3825
 43.8200 380.8825
 45.7100 380.7825
 45.8000 379.2025
 47.3300 378.5125
 48.5000 377.1225
 47.8700 374.2525
 51.4700 371.7725
 51.6500 372.3625
 52.4600 372.2625
 52.5500 373.1525
 50.5700 375.2325
 50.7500 375.9225
 52.7300 377.3125
 53.3600 379.4925
 52.5500 380.8825
 51.5600 381.3825
 51.2000 382.5725
 52.5500 383.7625
 52.3700 385.7425
 53.0900 387.0325
 53.0900 389.7025
 55.2500 391.8825
 53.6300 394.2625
 54.0800 395.4525
 53.2700 396.6425
 54.6200 397.1425
 53.5400 397.8325
 54.9800 397.8325
 57.0500 400.1125
 55.9700 400.3125
 56.3300 401.3025
 55.0700 402.2925
 56.5100 403.8825
 56.4200 404.2825
 57.9500 403.9825
 59.3900 405.6625
 59.0300 406.8525
 57.9500 407.4425
 58.5800 407.9425
 59.1200 407.6425
 60.0200 408.0425
 60.2900 406.1625
 61.8200 405.7625
 62.1800 406.7525
 62.0000 407.4425
 61.4600 407.5425
 61.5500 408.3325
 61.8200 408.5325
 62.1800 407.8325
 62.7200 408.3225
 62.4500 406.3425
 63.8000 405.1525
 64.4300 403.1725
 65.4200 403.0725
 66.1400 401.8825
 70.0900 402.1825
 71.6200 403.6725
 71.0800 407.1425
 69.9100 407.8325
 70.3600 409.0225
 71.8000 409.8125
 72.7900 411.7925
 74.0500 412.3825
 74.4100 413.3725
 73.6900 414.1625
 73.8700 415.1525
 72.9700 414.8525
 73.1500 414.1625
 72.6100 413.0725
 69.8300 411.6825
 68.4800 411.8825
 68.5700 411.2825
 65.4300 411.6825
 63.6300 413.1725
 60.9400 411.0925
 59.3200 411.4925
 58.3300 411.1925
 57.0700 413.4725
 55.0900 413.8725
 54.9100 414.4625
 53.0200 415.7525
 51.7600 418.0325
 51.0400 417.7325
 51.1300 418.9225
 49.5100 420.7025
 49.4200 421.4925
 49.6000 422.6825
 50.4100 422.6825
 49.1500 425.1625
 49.3300 426.0525
 48.6100 429.3225
 48.9700 431.5025
 49.7800 432.4925
 48.7000 434.2725
 47.9800 436.7525
 48.3400 437.5425
 47.9800 437.9425
 48.7000 438.6325
 47.7100 440.1225
 46.2700 440.5225
 47.1700 441.5125
 46.5400 441.8125
 46.5400 443.5025
 47.0800 444.8925
 47.8900 445.2925
 47.9800 446.2825
 49.6900 447.2725
 49.4200 449.9525
 52.3900 451.0425
 52.7500 451.8325
 54.1900 452.6225
 54.1000 453.9125
 54.7300 454.2125
 54.1000 454.4125
 54.1000 455.1025
 54.7300 455.6025
 53.0200 455.8025
 53.4700 456.7925
 53.1100 457.2925
 52.3000 457.2925
 52.2100 458.5825
 51.4900 459.0825
 50.9500 460.5725
 50.5900 462.2625
 50.9500 462.9525
 50.5000 463.2525
 51.3100 465.3325
 50.9500 467.2225
 51.5800 467.7225
 51.0400 468.4125
 51.5800 469.1025
 52.3900 469.4025
 52.8400 469.1025
 53.2000 469.8925
 55.3600 470.8825
 55.9900 471.7725
 55.8100 472.3725
 56.7100 472.5725
 58.3300 477.5325

Ar_Rayyān
4
232.8200 279.6125
237.1300 273.0925
238.5200 274.5325
234.7500 280.7125

Umm_Şalāl
21
167.0200 400.3725
184.1500 390.2125
215.0900 392.0025
215.0900 392.0025
213.3700 372.9425
213.6600 350.2625
214.7200 345.2825
226.1800 320.1425
226.1800 320.1425
226.6700 318.1025
226.6700 318.1025
223.6700 316.3925
222.3300 319.5125
220.7400 320.8925
217.4700 321.1025
216.4100 320.6825
217.4200 316.1325
210.6300 316.2325
210.6200 324.4425
198.0300 328.7525
188.9100 329.7725

Al_Wakrah
4
159.7500  63.2125
159.5700  61.1525
158.9400  61.2525
158.3100  62.6325

Al_Wakrah
357
275.8400 273.2225
275.9300 271.3425
276.7400 270.3525
277.0100 268.9725
277.9100 268.1825
277.9100 267.4925
278.9000 267.4925
280.8800 265.4225
281.9600 265.1225
282.1400 263.8425
283.6700 263.4425
283.4900 262.6525
282.5900 263.1425
281.7800 262.7425
281.6000 260.1725
282.1400 257.4025
280.9700 255.6225
281.3300 254.5325
280.7000 253.8425
280.7000 253.0525
281.2400 252.5625
279.0800 251.5725
279.8900 250.6825
279.1700 250.0925
279.1700 249.3025
281.0600 248.0225
281.3300 247.0325
279.6200 248.7125
278.8100 248.5125
278.1800 247.6225
278.5400 246.5325
280.3400 245.2525
282.4100 241.8925
282.1400 240.0125
280.8800 237.1525
282.1400 233.3025
281.9600 229.0625
281.3300 226.6925
282.5000 222.4525
281.9600 221.9625
281.7800 219.4925
281.2400 217.7125
280.2500 216.5225
279.8900 214.5525
279.4400 214.4525
279.1700 213.1725
278.2700 213.3725
277.8200 212.8825
279.6200 209.3325
280.8800 202.1325
281.6900 200.5525
284.7500 197.2925
284.0300 194.6325
283.4000 194.1425
282.9500 190.1025
281.5100 188.3325
279.4400 187.7425
277.2800 183.9925
276.0200 184.4825
275.2100 183.4025
274.2200 183.5025
270.6300 180.1525
269.7300 178.4725
269.5500 176.9925
271.9800 176.4025
272.8800 177.1925
273.9600 176.0125
272.9700 173.0525
270.0900 169.5025
269.7300 167.8225
268.2900 165.9525
266.2200 161.8125
267.1200 160.6325
266.5800 160.5325
265.6800 161.4225
265.1400 160.3425
266.2200 159.2625
264.9600 159.9525
262.9800 156.5025
263.7000 155.6125
263.5200 155.1225
262.9800 155.0225
262.7100 155.7125
261.6300 156.0125
261.2700 155.3225
261.6300 154.2425
260.6400 153.0625
259.8300 153.0625
255.9700 147.6425
255.5200 147.6425
253.9000 144.4925
252.4600 143.0125
251.5600 142.8125
247.8800 140.0525
246.3500 137.7825
244.1900 131.3825
240.4200 124.6825
239.7000 117.6925
237.0000 112.7725
237.0900 105.6825
236.6400 103.9125
235.8300 101.6525
233.8500  98.9925
232.8600  96.8325
229.7200  92.8925
226.8500  87.0825
226.3100  83.5425
223.8800  76.9525
223.6100  73.9025
221.5400  67.5125
220.2800  66.3325
219.4700  66.1325
219.4700  66.6525
218.3000  66.3525
216.3200  62.2225
214.1600  61.6325
212.1800  61.7325
210.2000  60.6525
208.3100  60.4525
208.5800  61.9225
208.0400  63.3925
207.9500  62.7025
207.5000  62.6025
207.9500  60.5425
206.7800  60.5425
206.5100  61.1325
205.3400  60.4425
205.3400  58.2825
202.9100  51.8925
203.1800  48.8425
202.7300  48.3525
203.4500  45.7925
203.0000  45.6925
202.0100  45.6925
202.2800  43.4325
201.8300  43.2325
201.9200  41.6625
200.5700  40.8725
198.7700  40.8725
198.2300  40.4725
197.6000  39.1925
196.7000  39.0925
194.9900  37.7125
194.2700  36.2425
190.9500  32.9025
189.7800  32.6025
188.6100  32.6025
188.5200  32.9925
189.7800  33.6825
190.5000  38.8925
189.6000  40.6625
188.0700  41.5425
187.8900  45.8625
186.7200  46.5525
186.2700  48.0225
186.8100  49.5025
186.7200  51.9625
187.8900  52.7525
189.6900  52.1625
189.3300  51.4725
189.5100  50.1925
191.2200  49.6025
191.4000  48.5225
192.4800  48.2225
191.8500  53.1325
193.6500  53.8225
193.2900  51.6625
192.4800  51.0725
192.6600  49.7925
193.2000  50.2825
193.6500  52.1525
195.5400  53.8225
196.1700  55.2025
195.7200  56.2825
196.0800  57.0725
195.7200  58.4525
196.5300  61.9925
195.7200  62.8725
194.9100  62.0825
195.0900  60.2125
194.3700  60.5125
194.6400  57.3625
194.1000  57.3625
193.4700  58.3425
193.6500  56.8725
194.2800  55.8925
193.9200  54.7125
191.5800  53.4325
191.5800  56.1825
192.4800  58.4425
192.8400  62.9625
192.2100  63.4525
192.6600  64.2425
192.1200  64.6325
192.0300  65.7125
193.2000  66.3025
193.2900  67.9725
192.3900  68.0725
192.0300  66.6925
191.4000  66.7925
189.5100  61.6825
188.7900  61.8825
189.5100  60.9925
190.3200  61.0925
190.6800  59.9125
191.5800  59.4225
191.5800  59.0325
190.3200  59.4225
191.2200  58.0425
189.9600  58.4325
189.6900  57.8425
188.9700  57.9425
188.5200  59.6125
186.5400  62.3625
186.9900  63.0525
186.4500  63.0525
186.2700  63.5425
185.1900  62.9525
185.5500  61.4725
184.5600  61.2725
183.3000  63.5325
183.4800  61.5625
182.3100  62.5425
182.4000  63.3325
181.5900  63.9225
181.1400  62.8425
180.4200  63.3325
180.7800  61.6625
179.9700  61.4625
178.1700  63.7225
178.3500  65.1925
177.2700  65.5825
177.0900  66.0725
176.0100  65.2825
175.3800  63.9025
175.7400  63.8025
175.3800  61.5425
173.9400  60.1625
174.2100  58.4925
173.6700  58.1925
173.4000  59.2725
172.7700  59.3725
172.8600  61.0425
173.7600  62.1225
174.3900  61.5325
175.0200  64.3825
176.1000  66.1525
176.0100  67.6225
176.5500  68.8025
175.9200  69.6925
175.8300  72.7425
175.2900  73.7225
173.9400  72.9325
175.0200  70.8625
175.1100  69.7825
174.7500  69.2925
174.2100  70.3725
173.4000  70.6625
173.3100  71.1525
172.8600  71.0525
173.2200  68.7925
173.4900  68.4025
173.0400  68.3025
172.6800  64.7625
170.4300  62.8925
170.0700  62.8925
170.4300  63.6825
170.2500  65.5525
169.0800  67.3225
167.9100  67.3225
165.2200  66.0425
164.7700  65.1525
164.9500  63.7725
162.5200  65.3425
159.7400  65.0425
158.7500  64.4525
158.1200  62.7825
157.4000  62.6825
156.3200  61.6025
154.7000  62.2925
154.7000  63.6725
154.0700  64.3625
153.3500  62.8825
152.5400  63.0825
152.3600  62.5925
152.9000  61.7025
153.6200  61.9025
153.7100  61.4125
151.7300  60.5225
151.6400  59.5425
151.0100  59.4425
150.7400  58.6525
150.7400  58.3525
152.5400  58.3525
152.6300  57.6625
151.7300  56.7725
151.7300  55.8825
152.0900  55.7825
152.0500  54.7225
153.0000  54.0425
155.0100  52.9525
156.0700  53.2525
157.5300  52.1425
159.0500  51.9925
161.8600  52.3625
163.6400  52.0125
167.1500  53.5025
168.4000  52.8925
169.2200  51.5825
170.1000  51.4325
172.2900  52.9725
172.6800  52.4425
172.2400  51.7825
172.2900  49.6625
175.5500  48.5525
177.3700  44.5125
179.6300  45.4725
180.0700  47.6725
180.5900  47.8525
181.7000  46.8425
182.1900  45.2225
181.8200  44.1425
179.6700  42.2525
179.2400  40.1025
177.8900  37.4825
178.5700  30.5425
178.2000  25.9625
178.5100  22.5925
176.2900  19.2925
176.9200  15.5325
178.0200  14.3125
118.6600   0.4525
118.6600   0.4525
118.1800  30.1325
117.7400 187.7825
149.7800 187.7825
150.0100 229.6525
182.9500 220.2725
211.9500 210.4525
214.1800 209.2725
214.3000 233.4625
208.1000 240.0625
217.7300 244.1825
219.8800 245.7925
219.8800 245.7925
232.5800 250.9525
232.5800 250.9525
245.2800 255.5525
255.0600 259.8825
252.6600 268.1425
256.5300 269.3925
256.5300 269.3925
265.4100 272.2625
275.7500 273.1425
275.7500 273.1425
275.8400 273.1425
275.8400 273.1425

Az̧_Za̧`āyin
80
258.5900 413.5425
258.6800 411.8625
258.0500 410.2725
257.1500 410.6725
255.3500 409.0825
254.1900 409.5825
251.9400 408.3925
249.1500 408.5925
247.6300 406.7025
248.3500 405.3125
245.2000 405.6125
244.0300 405.4125
243.7600 404.8225
242.7700 404.8225
242.0600 403.5325
240.8000 403.0425
240.5300 401.4525
239.6300 400.5625
239.5400 399.3725
240.1700 399.0725
239.9900 398.3825
240.3500 397.9825
239.8100 397.7825
239.2700 396.2025
239.6300 395.6025
238.7300 395.0125
239.1800 393.5225
239.9900 393.0325
239.5400 391.8425
239.9900 391.2425
241.4300 391.8425
242.8600 391.5425
241.9700 390.3525
241.7900 387.3825
240.6200 387.3825
240.0800 386.0925
239.8100 383.5225
238.3700 378.4725
237.7400 377.1825
236.6600 376.8825
235.3200 374.3125
235.2300 371.9325
235.7700 369.3625
237.6500 367.9725
238.5500 367.8725
239.0900 366.4925
240.1700 365.8925
240.3500 362.4325
241.3400 359.9525
243.5800 359.3625
244.0300 358.6625
245.2000 358.2725
249.0600 360.3525
250.8600 360.8425
254.9000 359.7525
253.9200 359.3625
251.4900 360.5425
249.7800 360.3525
245.6500 358.0725
246.8200 356.8625
246.8200 356.8625
234.9800 356.8625
239.2300 336.4225
241.5100 330.1825
226.1800 320.1425
226.1800 320.1425
214.7200 345.2825
213.6600 350.2625
213.3700 372.9425
215.0900 392.0025
215.0900 392.0025
211.1700 412.4925
213.1300 412.3725
215.4400 413.0025
222.6000 420.1425
225.2500 420.7725
229.5300 423.3225
240.9600 417.7225
251.1200 417.2125
258.7700 414.3325

