731 601

Ar_Riyāḑ
142
456.8272 113.3728
446.6972 110.7428
430.3072 108.3528
371.4572 103.3128
362.6072 104.0128
359.3672 104.7328
354.1472 107.1228
345.6372 112.7128
345.6372 112.7128
332.0972 124.8028
328.1872 131.1628
325.4372 134.1228
325.2172 135.7228
326.4472 141.8328
329.7872 147.9228
329.8672 150.8828
328.8072 152.6128
325.2072 156.2128
322.1372 161.1428
316.3772 166.1528
316.3772 166.1528
312.0372 173.2128
307.2672 179.5728
306.6872 181.0428
308.4472 189.5228
307.9072 196.4728
310.2372 199.8928
310.9172 202.2328
309.1272 215.3328
310.0872 221.4928
309.7772 223.0628
303.3272 224.4728
297.6772 223.0028
293.9772 224.2828
292.7172 226.5828
292.9972 231.9228
293.8572 234.8528
292.0172 236.7328
288.9272 237.5828
274.8272 238.2128
271.8172 239.8428
266.6672 251.1028
265.7572 256.7428
263.6572 261.4628
262.5272 266.3228
258.3672 269.6228
258.0072 272.7528
258.4472 276.3928
258.4472 276.3928
258.4072 285.4228
259.8172 290.3028
258.8772 293.9028
261.8272 298.1528
262.2272 301.2928
262.2272 301.2928
265.2672 306.3728
267.4372 307.9528
268.9372 307.8328
274.1072 305.2828
277.9772 304.4728
283.7072 303.9728
289.3772 304.8628
295.0672 303.9928
297.4972 305.7828
298.3472 307.9628
296.4372 311.7928
296.5872 314.0928
302.0072 320.7828
305.2772 323.3028
318.1572 326.4528
320.9972 329.2628
324.0872 331.0028
326.3672 335.4728
328.3872 337.4428
331.5172 338.2628
339.8172 337.2028
347.0172 337.8828
352.5472 337.6628
353.3872 341.5628
353.0772 344.7228
350.5572 349.5828
351.6372 352.4928
351.4972 353.3528
344.8072 363.5128
341.2072 367.0828
340.7172 368.6028
341.5572 374.3428
341.1272 379.4628
345.1372 380.5628
349.6372 386.4328
352.0972 388.5428
356.2772 390.3828
356.8972 391.8628
356.7472 394.3628
355.4072 396.8628
351.8072 399.8528
349.4572 400.7828
349.4572 400.7828
348.7772 402.6628
348.8372 404.2528
349.8272 407.3528
352.2472 410.6728
355.3972 412.3128
355.3972 412.3128
357.3372 410.1928
358.8472 409.6728
360.6472 410.5328
361.9472 412.7628
361.9472 412.7628
365.2672 410.4428
367.3872 408.2328
368.7872 403.1228
370.0272 401.5928
380.4372 395.5128
386.1872 394.4528
389.6472 390.2328
393.7072 386.8528
396.0472 386.2228
401.6872 386.1128
404.6972 385.3028
414.5572 378.3628
417.0472 377.1728
419.4072 377.1228
423.8172 378.1328
425.3672 377.9128
431.8172 371.8328
433.2872 369.3128
442.1672 366.1528
446.0272 364.0728
447.1172 361.5128
447.5472 356.5528
447.9272 333.9228
447.2972 318.8528
447.6472 311.4428
448.3272 307.7428
449.4472 305.9528
451.7272 304.1528
461.1672 297.8528
470.3572 288.6928
472.0372 286.6328
474.9872 280.8528
476.3472 273.9628

Makkah
3
143.7072 256.6028
143.7072 256.6028
143.8272 256.6228

Makkah
344
258.4472 276.3928
258.0072 272.7528
258.3672 269.6228
262.5172 266.3228
263.6472 261.4628
265.7572 256.7428
266.6672 251.1028
271.8172 239.8428
274.8272 238.2128
288.9272 237.5828
292.0172 236.7328
293.8572 234.8528
293.0072 231.9228
292.7172 226.5928
293.9772 224.2828
297.6772 223.0028
303.3272 224.4728
309.7772 223.0628
310.0872 221.4928
309.1272 215.3228
310.9172 202.2228
310.2372 199.8828
307.9072 196.4528
308.4572 189.5128
306.6972 181.0328
307.2772 179.5628
312.0472 173.2028
316.3872 166.1428
316.3872 166.1428
312.3672 164.6728
306.6572 160.9028
301.4372 162.2028
299.1772 161.9528
296.0172 160.4328
291.4672 160.1528
287.2072 156.3428
280.7972 153.2828
270.6872 144.0428
268.3772 142.9028
266.0872 143.1428
264.6872 144.1628
260.0172 153.2328
260.0172 153.2328
258.0372 155.1628
256.5572 155.3828
251.1372 152.6228
246.9772 152.8228
242.3672 151.0528
240.4572 152.5128
239.1772 156.2828
237.9572 157.7328
236.5272 158.3428
234.2672 158.0228
232.9072 156.6128
232.2072 154.4928
233.3172 149.9528
233.1972 147.5928
230.5072 142.9628
229.1372 139.4028
221.4072 137.5428
217.4072 133.4428
217.5772 132.0228
218.2472 131.3228
221.9072 130.2328
222.8772 128.7028
222.5672 123.4228
223.4772 119.5328
223.2072 115.0928
224.5072 113.5528
228.1972 111.4228
230.2572 108.3628
231.8472 107.3128
234.4372 107.3128
236.6472 108.3928
239.2272 117.3728
241.6272 121.8328
243.1472 122.4228
247.7572 122.4628
248.5472 122.9628
248.5472 122.9628
250.0572 123.7028
252.3472 123.5728
254.1972 121.6928
254.4072 120.1728
253.0972 113.2528
255.2872 108.8128
254.0172 104.2128
253.2572 102.7928
251.7372 102.0428
246.9972 102.4728
244.7572 102.1028
240.8772  99.2828
240.1272  99.2228
238.1572 101.0928
237.6672  91.0928
238.2772  88.1228
239.2972  86.6428
240.7372  86.1628
247.4472  85.9528
249.5572  84.7428
252.5372  75.6028
251.0372  69.1928
251.0372  69.1928
250.0272  67.2528
246.4772  65.2028
244.5072  62.0528
244.5072  62.0528
244.1072  63.9228
243.8372  64.2528
242.8872  65.4828
242.9172  65.9728
242.5972  66.5428
242.2272  66.9128
241.7172  66.1528
241.3572  66.5028
241.7172  67.6528
241.2572  67.8928
240.7772  68.5428
240.9272  69.4128
240.1972  70.2828
239.6572  72.3228
239.7072  73.1228
239.5372  74.5328
238.7172  75.3328
238.8672  76.5428
237.4572  77.6028
236.8272  78.9028
234.5672  78.9928
233.5072  79.8228
233.3172  81.4428
231.5772  83.6128
232.8172  88.5028
231.2572  88.9028
230.1072  89.8228
228.9072  92.5528
230.1972  95.5528
229.9972  97.2428
226.9472  98.5428
225.8372 101.1728
226.2172 102.6828
225.7672 104.1228
224.9472 104.7028
224.3872 106.0628
222.8072 106.8728
223.1072 107.3028
222.6272 109.3328
223.1272 112.1028
221.9072 113.4128
219.6372 113.9728
216.8472 116.0828
216.5672 117.1028
217.6072 116.1728
217.9472 118.2728
216.8172 121.4128
215.3872 123.0528
213.3272 122.4828
212.3172 122.8028
212.4972 122.0228
213.6072 121.5028
213.3072 121.2228
211.9572 122.0628
211.5272 123.5628
210.1072 124.2728
209.8072 126.2728
208.5072 126.8528
208.9272 128.1128
208.5172 129.2328
202.8272 133.1428
199.8472 134.0928
198.6072 136.1228
197.9572 136.1728
198.0972 137.4228
195.8072 137.3528
194.3572 138.8728
193.8472 140.3528
192.1972 140.9428
190.3072 140.6828
190.3672 140.1728
189.6172 140.0428
187.5172 141.6028
186.3772 141.4028
187.9072 140.6328
188.1872 139.8928
185.5172 141.1628
180.3672 145.0528
178.6072 147.0028
179.1872 147.5428
178.1172 148.2928
178.2972 149.3628
177.3372 149.0528
176.6372 149.7328
175.6272 151.0528
175.8572 151.4228
176.8572 150.7428
176.4572 151.9128
175.4672 151.8228
173.9872 153.8028
172.3472 156.8228
172.8672 157.5928
172.6972 158.3328
171.2472 159.2328
171.0972 158.5928
171.6972 157.6228
171.1172 157.8428
170.3172 160.0128
171.2072 159.5828
171.5472 159.7828
171.0172 160.2128
171.3072 160.4628
170.6372 160.5828
170.0872 160.3928
168.0372 162.1128
168.2872 163.4228
167.4472 164.1928
166.1572 164.2628
164.9172 166.2028
165.0772 167.4028
163.7572 169.7528
162.0972 170.7528
161.2072 174.9928
160.3772 175.6928
159.1072 178.1928
159.2172 178.9728
160.0872 179.3628
161.3772 180.2628
162.0772 182.1328
160.8572 183.1528
160.9872 183.9728
160.7272 184.7128
161.6272 184.8128
160.7072 186.1528
160.9572 186.5428
160.3672 186.5428
160.1272 186.2528
159.3472 186.9228
158.4172 192.9928
156.9872 196.1128
153.7472 200.3428
153.3672 202.2028
153.7572 202.6728
153.2472 204.1128
153.8372 204.8928
155.2072 205.1728
154.1872 203.2928
154.7072 202.6528
155.1672 203.5328
155.9572 203.3628
156.1572 206.1128
157.3772 206.0128
157.1372 206.8728
157.6972 209.0828
157.3572 209.7728
156.7972 206.9228
156.2172 207.1828
157.0172 209.1328
156.6972 210.6028
158.9472 214.7928
158.9272 216.4928
159.3672 217.2128
160.2072 217.3928
160.5272 218.7728
159.3572 218.7828
159.2072 217.8628
158.8772 218.0528
158.1572 218.6228
158.6372 220.7628
158.5372 224.3628
156.6572 227.5128
156.2672 229.2728
155.0972 230.7028
155.9872 231.6028
155.0572 231.6728
154.6272 231.3628
150.3572 238.4928
151.6572 238.0028
153.0272 235.7628
152.8372 235.2928
154.0272 235.0828
154.5372 235.8028
152.9572 238.0528
152.9072 239.5428
150.6172 239.5428
150.9372 240.0728
150.0472 239.9728
149.7872 239.6228
148.3472 241.8128
149.0872 243.4628
148.3572 247.2628
148.1072 248.0228
147.4272 247.3428
145.7472 249.7928
145.6572 251.1328
145.3272 251.5228
145.0972 251.6728
144.1172 253.9028
144.0472 256.5028
144.0472 256.5028
149.1672 256.9028
152.2472 257.8228
153.0672 257.4828
155.1972 254.0628
157.6172 252.2128
161.0372 248.1328
162.7172 246.8328
164.2672 246.6028
169.1472 247.7128
170.7272 247.3428
171.1572 243.4828
171.8572 242.9028
182.2972 246.1528
187.0572 246.4628
188.1272 245.0728
188.4072 241.8228
185.7572 234.8928
185.8172 234.0328
186.4072 233.2928
190.3872 232.1128
192.4772 230.2028
192.9272 227.8928
192.0972 224.0228
192.7472 222.4428
197.5072 221.8828
199.8372 223.0028
204.4672 227.1028
211.2572 224.8928
212.8772 224.9128
217.3472 231.5728
226.6872 238.6928
231.8072 244.0128
234.2572 245.7828
239.9272 248.0928
240.4872 248.8528
240.0872 250.4228
234.7372 253.3628
233.9772 254.0228
233.7772 255.5128
237.3672 258.3828
249.1172 264.2128
250.1772 265.7428
250.8672 267.9528
250.7072 271.1728
249.5972 273.6928
250.1772 276.0128
253.4172 277.0428

Al_Madīnah
347
130.8472 275.7528
129.9472 276.3628
129.6172 275.7528
128.9172 276.0428
128.5872 276.4828
127.4872 277.4828
127.8672 278.3828
126.8672 277.9728
125.8372 279.5028
124.0172 280.6928
124.1772 281.0028
123.5572 281.3428
122.4272 280.8828
118.7872 283.7228
119.4072 284.2328
118.8172 284.5228
119.3972 286.2028
118.0072 285.4428
118.4572 285.0628
118.0172 283.7928
116.3372 283.9828
113.5872 286.0428
112.3972 288.1528
111.6072 287.9928
111.2272 288.7028
110.5372 288.8428
110.4472 289.6728
108.8972 289.0728
107.8572 289.4328
107.7772 288.6228
108.3172 288.4628
107.9472 287.5528
106.4372 287.5028
105.7772 288.4828
104.6072 288.3928
102.7872 291.1028
101.2972 292.1728
101.6072 293.9928
102.2772 293.5328
102.5372 294.6528
101.3572 296.1228
100.9372 297.5728
 99.8972 298.4528
 99.8972 298.4528
100.4472 301.6928
101.3972 303.1628
107.0472 303.6428
107.0472 303.6428
109.4072 304.5528
109.4072 304.5528
110.1972 305.2628
110.1972 305.2628
111.3672 307.0728
111.3672 307.0728
111.9172 307.7828
111.9172 307.7828
113.4672 308.1928
115.7772 307.7428
115.7772 307.7428
118.3572 307.7728
119.9672 308.6028
120.8872 310.1428
121.1072 311.7028
121.1072 311.7028
120.9972 314.8828
120.9972 314.8828
120.7772 325.1528
120.7772 325.1528
121.6172 329.9228
121.6172 329.9228
121.7172 330.6628
121.7172 330.6628
121.9672 332.9628
121.9672 332.9628
120.8472 334.3628
120.8472 334.3628
117.6772 334.4928
117.6772 334.4928
116.9372 334.8028
116.9372 334.8028
115.1472 341.1228
115.1472 341.1228
113.3472 345.0028
109.6272 348.3328
109.6272 348.3328
107.4572 350.1828
106.7872 351.8228
106.7872 351.8228
106.2472 354.0928
105.5172 354.7028
105.5172 354.7028
103.2872 355.8528
103.2872 355.8528
 99.2772 358.3728
 97.7472 358.2028
 97.7472 358.2028
 95.7972 356.4228
 95.5172 357.9828
 95.5172 357.9828
 94.7072 361.1028
 93.0172 364.2728
 93.0172 364.2728
 92.3472 365.9528
 92.3472 365.9528
 92.5072 368.2828
 92.5072 368.2828
 95.6572 373.8228
 95.9172 375.5828
 95.9172 375.5828
 95.5572 376.7628
 95.5572 376.7628
 94.0172 377.7128
 94.0172 377.7128
 89.2372 379.0628
 89.2372 379.0628
 87.6372 380.3728
 87.6372 380.3728
 86.6372 381.9528
 85.9472 384.5828
 86.7572 393.5128
 86.7572 393.5128
 85.7672 397.7128
 85.7672 397.7128
 84.3372 399.0928
 84.3372 399.0928
 82.7972 399.2728
 82.7972 399.2728
 79.6772 398.5828
 79.6772 398.5828
 78.8672 399.0628
 78.7772 399.8128
 79.7772 401.2828
 79.7772 401.2828
 82.8972 401.9728
 82.8972 401.9728
 84.5172 402.4028
 84.5172 402.4028
 86.1872 403.2128
 86.1872 403.2128
 87.7772 403.7828
 87.7772 403.7828
 90.9972 405.2828
 90.9972 405.2828
 92.6372 406.3428
 92.6372 406.3428
 93.3972 406.6828
 93.3972 406.6828
 94.9472 407.0728
 94.9472 407.0728
 98.9072 405.4128
 98.9072 405.4128
101.2672 403.6728
101.2672 403.6728
103.6872 403.3628
105.4172 403.7828
111.2672 407.1128
111.2672 407.1128
112.8172 407.5728
112.8172 407.5728
113.5972 407.2628
113.5972 407.2628
114.7072 405.7428
114.7072 405.7428
115.5072 402.5828
115.5072 402.5828
116.0672 400.9028
116.0672 400.9028
118.5172 396.6328
118.5172 396.6328
119.6072 395.0828
119.6072 395.0828
120.4172 394.5228
120.4172 394.5228
121.9372 394.2628
121.9372 394.2628
127.3172 394.0228
128.3172 392.7828
128.3172 392.7828
128.1172 391.1928
128.1172 391.1928
128.2672 390.4028
129.7372 389.3628
129.7372 389.3628
132.0072 387.9428
132.0072 387.9428
132.1572 387.1928
132.1572 387.1928
131.7272 384.7928
131.9172 384.0428
132.6572 383.7028
132.6572 383.7028
133.4072 383.7128
134.9772 384.9028
134.9772 384.9028
136.5172 386.2728
136.5172 386.2728
138.2072 387.5628
139.8572 387.8928
146.0172 385.3828
146.8172 386.0228
146.2972 387.5228
146.2972 387.5228
145.9872 389.0228
146.4072 389.7528
147.1572 389.7928
147.1572 389.7928
148.4372 388.6128
149.3972 385.5328
149.3972 385.5328
151.7572 384.7028
151.7572 384.7028
154.1172 384.1228
156.3872 382.6928
156.3872 382.6928
157.9072 381.4628
157.9072 381.4628
160.3272 379.6328
162.5872 379.2228
162.5872 379.2228
169.1572 379.7428
169.1572 379.7428
179.6072 381.7628
179.6072 381.7628
181.1372 381.8328
181.1372 381.8328
181.9072 381.4028
181.9072 381.4028
183.1272 379.9728
183.1272 379.9728
183.6872 378.9628
183.6872 378.9628
184.3672 377.4028
184.6072 374.7428
183.8572 372.3228
182.2372 370.0728
182.2372 368.4428
183.4172 366.9428
184.1872 366.7028
187.4572 367.5428
188.1872 367.2928
188.5472 366.5028
188.4372 362.3428
186.5372 351.4328
188.6172 341.6328
188.0972 331.4928
188.7272 329.8828
190.0272 328.3928
191.5872 327.6828
193.1372 327.6528
202.5072 330.8928
210.5672 331.2828
212.9772 332.4628
216.8472 337.1028
220.1172 338.3528
226.7972 338.5028
238.5972 336.1928
238.5972 336.1928
245.5172 334.3628
246.8672 333.2028
247.1472 331.2228
246.5772 319.9028
248.3172 317.8828
253.6172 316.4928
255.0272 315.3628
258.1772 304.5728
262.2572 301.1928
262.2572 301.1928
261.8572 298.0528
258.9072 293.8028
259.8472 290.2028
258.4372 285.3228
258.4772 276.2928
258.4772 276.2928
253.4272 277.1428
250.1972 276.1128
249.6172 273.7928
250.7272 271.2728
250.8872 268.0428
250.1972 265.8328
249.1372 264.3028
237.3872 258.4628
233.7972 255.5928
233.9972 254.1028
234.7572 253.4428
240.1072 250.5028
240.5072 248.9328
239.9472 248.1728
234.2772 245.8628
231.8272 244.0928
226.7072 238.7628
217.3672 231.6428
212.8972 224.9828
211.2772 224.9628
204.4872 227.1728
199.8572 223.0728
197.5272 221.9528
192.7672 222.5128
192.1172 224.0928
192.9472 227.9528
192.4972 230.2628
190.4072 232.1728
186.4272 233.3528
185.8372 234.0928
185.7772 234.9528
188.4272 241.8728
188.1472 245.1228
187.0772 246.5128
182.3172 246.2028
171.8772 242.9528
171.1772 243.5328
170.7472 247.3928
169.1672 247.7628
164.2872 246.6528
162.7372 246.8828
161.0672 248.1828
157.6472 252.2628
155.2272 254.1028
153.1072 257.5228
152.2872 257.8628
149.2072 256.9428
144.0872 256.5428
144.0872 256.5428
143.8772 256.5128
143.8772 256.5128
143.7572 256.4928
143.7572 256.4928
143.1172 259.7328
141.7972 261.0528
142.0072 262.1028
141.0372 261.7028
140.3872 262.0528
140.2572 261.3028
141.0972 260.9028
140.7272 260.5028
139.8672 261.0028
139.9672 262.5128
139.3972 263.8628
139.5272 264.3828
138.7472 264.7828
138.0472 265.6028
137.0972 268.3928
137.0872 270.0228
136.0672 271.1428
135.1472 271.2328
134.2772 272.7928
131.8672 274.4428
131.2872 275.4728

Ash_Sharqīyah
5
545.0872 337.8028
546.3072 337.2728
546.6572 335.2028
546.0572 336.5228
545.0472 337.1228

Ash_Sharqīyah
6
536.7372 376.8128
537.6072 376.1228
537.5572 374.5228
536.3772 375.6828
535.3672 375.8028
535.5772 376.4528

Ash_Sharqīyah
16
518.3672 405.9528
520.1172 404.9028
524.2272 403.8228
522.3572 403.7728
521.8372 404.0328
519.4672 403.2828
519.0172 403.8828
519.4672 404.1328
519.3572 404.6228
518.1872 405.1728
516.0572 402.8328
516.3972 402.2628
515.9972 402.3928
515.7772 403.1728
516.3272 404.7228
517.0272 405.5928

Ash_Sharqīyah
363
537.9372 372.4028
538.3172 371.4128
538.7772 373.0428
539.2272 372.9328
539.1672 370.5428
539.9572 370.1028
541.1472 371.8628
540.7872 372.1928
541.1672 374.0028
541.4172 373.6128
541.5372 372.5528
541.9172 373.1628
541.9672 371.9828
540.9872 371.4028
541.0672 370.3528
540.4372 370.2428
542.0872 368.7228
542.6072 367.1028
542.0672 363.0028
542.5172 362.3228
542.1572 362.2928
542.0572 360.8128
541.0572 359.6828
541.2472 360.4628
540.3772 361.6828
540.2172 359.4428
540.6372 358.9228
539.8072 356.8028
539.9972 355.5028
539.2472 355.0828
536.6272 361.0428
535.8672 361.5828
535.3472 361.2628
534.1972 358.4728
535.0872 357.1828
534.5672 356.5128
534.6072 353.4928
535.2172 353.3328
536.0172 354.2528
536.8272 353.5128
538.1972 353.4128
538.6972 352.6628
538.5472 351.8728
539.1772 351.3028
538.4872 351.1428
538.1172 350.1028
539.3972 347.1928
541.2072 344.5128
542.2972 343.8528
542.9972 341.8328
543.7472 341.4328
543.5172 340.5528
543.1072 340.3728
542.7072 341.8428
541.2872 342.1728
540.2872 343.6428
539.7372 343.4728
539.2672 344.0528
539.9472 342.3128
541.0372 341.5528
541.0872 340.9928
541.5972 341.7128
541.8172 341.4328
542.0572 339.6328
543.3372 338.4728
544.0072 337.0128
545.2672 336.5728
545.3372 335.4728
547.3772 332.9328
547.7772 332.8928
547.7272 333.9928
547.0472 334.9028
547.7072 335.4328
548.3272 333.7928
551.5572 331.3028
552.8872 327.2628
552.5472 324.8528
553.7972 322.8228
553.3872 321.0428
554.2172 318.4828
553.9472 317.6028
554.8372 317.1528
554.3372 317.8028
554.6572 318.6228
557.1772 315.0928
558.2272 311.7928
559.1772 311.7528
559.7172 311.0628
561.2072 304.5328
561.8472 306.3728
563.4272 306.6728
563.1772 306.1928
564.2572 304.0628
567.9472 299.6828
572.5272 298.8828
574.9772 299.8428
576.6072 301.6428
577.7672 301.2528
578.7672 301.5828
578.6672 301.0728
579.2672 300.6328
580.0272 300.9828
579.3672 299.7028
579.4972 297.2828
580.9472 298.1528
581.3172 299.5428
582.9172 300.8428
582.8272 301.7928
583.7172 301.2628
584.2472 301.6928
584.6572 300.0528
585.6872 300.6328
586.4472 299.8728
585.8272 299.2328
584.6172 299.1628
584.0772 298.2128
583.6372 298.3728
583.2172 296.8928
580.1472 294.4528
579.5472 291.3628
578.9872 291.2328
579.1172 289.5328
581.3572 289.1128
582.2572 290.2928
584.2872 290.4728
585.9572 289.8128
587.4672 287.6928
589.0972 287.7628
589.8472 286.5828
589.3372 282.3528
623.6372 240.7228
647.4272 235.9628
707.1372 222.2028
714.1872 229.6628
729.8672 203.6828
706.8972 130.4428
603.4972  94.0428
563.5372  86.1028
505.6672  79.7928
473.5772  64.1128
452.6672  38.5128
447.7972  26.3028
446.2672  25.3728
446.2672  25.3728
448.8572  49.8228
456.8472 113.3128
456.8472 113.3128
476.3472 266.1428
476.3672 273.8928
475.0072 280.7928
472.0472 286.5728
470.3772 288.6328
461.1872 297.7828
451.7472 304.0828
449.4572 305.8828
448.3372 307.6728
447.6572 311.3728
447.3172 318.7728
447.9472 333.8428
447.5672 356.4628
447.1372 361.4228
446.0472 363.9828
442.1872 366.0628
433.3072 369.2328
431.8472 371.7528
425.3972 377.8328
423.8472 378.0528
419.4372 377.0428
417.0872 377.0828
414.5872 378.2728
404.7272 385.2128
401.7172 386.0228
396.0772 386.1328
393.7272 386.7628
389.6672 390.1428
386.2072 394.3628
380.4672 395.4228
370.0572 401.5028
368.8272 403.0328
367.4172 408.1428
365.2972 410.3528
361.9772 412.6728
361.9772 412.6728
360.5072 414.4928
360.1272 416.0228
361.4072 420.6928
370.5572 432.8428
383.2172 456.5128
391.4772 465.2328
403.9272 469.6228
403.9272 469.6228
409.0272 469.4928
411.6672 470.7628
415.7572 473.9228
447.1072 469.8128
447.9772 469.1428
451.3372 463.7628
451.9472 461.2128
452.1672 456.6028
455.6972 451.9028
455.5272 451.2028
480.5072 451.6328
481.6872 450.4928
482.9672 450.0228
482.9272 447.7728
483.7672 447.1128
483.5872 446.7728
484.4372 446.6228
483.4272 443.6128
484.3972 441.6328
485.8672 440.6028
487.5672 438.3728
486.8772 437.8428
486.6972 435.1728
487.0872 434.1728
489.1372 431.7928
493.0272 430.7428
492.2572 429.8228
491.4172 429.9028
491.4972 428.8528
493.0872 427.0428
494.0872 426.9428
494.1372 425.5928
496.1672 424.3328
495.8072 422.2328
496.2672 421.7928
496.1872 421.3228
495.2872 420.7228
495.2872 421.6128
494.7372 421.6528
495.0272 423.6528
494.3072 422.6328
494.0172 424.0428
492.7172 419.6428
493.3572 419.5628
493.8072 420.8128
494.1572 418.4328
494.7972 419.3828
495.2172 418.7028
494.8772 417.5228
495.9472 417.8328
495.6272 417.2528
495.1072 417.1428
495.0572 416.3228
494.7372 415.6328
495.8572 415.0928
496.6072 416.4128
497.2372 416.2228
496.6672 415.1828
496.7772 413.8928
497.5872 414.3028
497.4872 415.3428
499.0472 416.1328
499.9872 415.7628
501.0672 414.1928
503.6572 413.0328
507.3172 413.0928
509.0072 412.2628
509.6172 410.9328
510.7372 410.3028
510.9372 408.4828
510.3772 408.6328
510.6272 409.3228
510.2672 409.8628
509.5572 408.7128
509.0172 409.3228
508.3072 408.6128
507.5572 409.3328
506.8172 408.8628
506.5072 409.3128
505.8172 408.3928
504.9972 408.7328
504.6672 408.0028
505.0772 408.2128
506.6172 407.2728
507.1772 406.5628
508.1872 406.8028
508.1572 407.8528
509.5172 407.0828
508.9072 406.3228
508.1772 406.2528
508.4972 405.3328
507.8272 404.1028
509.5472 405.1928
511.1672 404.6528
511.1572 400.9428
511.8272 399.8128
512.3672 399.7928
512.7872 399.8528
513.3172 400.0828
514.4572 399.5128
513.9772 397.6228
513.3272 397.8528
512.8872 397.4428
513.3972 397.4328
513.1972 396.8728
513.9572 397.1828
514.4872 396.1528
515.1572 397.8828
515.6572 397.5328
515.5072 396.4728
516.7072 397.1328
518.1672 396.6228
517.2772 398.3028
518.5472 399.6128
516.8172 401.1928
516.1372 401.1128
516.7872 402.1528
516.5772 402.6828
517.3172 403.1528
517.7772 401.1828
518.8872 401.1228
519.1172 399.6228
518.3772 399.3128
519.3472 398.3528
520.2472 399.0528
520.8372 401.7428
521.8072 403.0528
520.8172 400.1028
520.3772 398.5428
519.7472 397.5828
520.2972 395.6228
521.4672 394.4628
523.8672 395.8928
524.9372 395.4828
524.9072 395.3928
524.4172 395.4028
524.3272 395.3628
524.0572 394.8928
523.7872 395.3628
521.5072 394.2028
522.4672 392.9728
523.9572 393.3328
523.7972 392.6028
523.2372 392.5828
523.2572 391.3928
523.9672 391.3628
524.2072 390.5128
524.3372 390.3128
526.6372 388.5028
527.0072 388.3928
528.2172 387.6628
529.3472 387.2928
530.1372 386.6828
533.1172 386.3828
535.1872 384.1728
539.6772 378.8828
540.1672 378.4328
540.5772 378.0328
539.9872 377.9428
538.6872 379.6728
537.0072 380.1028
536.0272 379.4228
534.7972 381.3728
534.7372 382.2528
534.2672 380.0128
534.4172 379.0628
535.2272 378.8628
534.8772 377.7728
535.1872 375.1128
536.1172 372.7828
537.5272 370.9428
537.6272 372.0928

Al_Qaşīm
83
238.5772 336.2928
239.7772 337.6628
244.7272 338.4028
250.7272 341.9728
256.6772 342.7428
257.4872 343.3928
257.5372 344.2128
255.1372 348.9928
255.4572 351.4328
256.7172 352.9428
257.5772 353.1328
261.5272 351.7128
263.9572 351.4628
264.4272 352.2328
263.6072 358.5628
265.4972 363.3628
266.2672 363.7728
267.8672 363.2528
271.1872 364.0328
272.0572 368.3328
276.8072 373.1628
288.6972 382.4028
300.0072 387.6328
302.7672 393.4228
305.4872 396.1828
319.9872 403.6128
324.1372 404.9528
326.5072 404.0928
330.9472 399.6028
336.9372 395.4828
344.4072 394.9428
349.4572 400.7828
349.4572 400.7828
351.8072 399.8528
355.4072 396.8628
356.7472 394.3628
356.8972 391.8628
356.2772 390.3828
352.0972 388.5428
349.6372 386.4328
345.1372 380.5628
341.1272 379.4628
341.5572 374.3428
340.7172 368.6028
341.2072 367.0828
344.8072 363.5128
351.4972 353.3528
351.6372 352.4928
350.5572 349.5828
353.0772 344.7228
353.3872 341.5628
352.5472 337.6628
347.0172 337.8828
339.8172 337.2028
331.5172 338.2628
328.3872 337.4428
326.3672 335.4728
324.0872 331.0028
320.9972 329.2628
318.1572 326.4528
305.2772 323.3028
302.0072 320.7828
296.5872 314.0928
296.4372 311.7928
298.3472 307.9628
297.4972 305.7828
295.0672 303.9928
289.3772 304.8628
283.7072 303.9728
277.9772 304.4728
274.1072 305.2828
268.9372 307.8328
267.4372 307.9528
265.2672 306.3728
262.2272 301.2928
262.2272 301.2928
258.1472 304.6728
254.9972 315.4728
253.5972 316.6028
248.2872 317.9928
246.5472 320.0028
247.1272 331.3228
246.8472 333.3028

Ḩā'il
148
183.6572 379.0428
185.6472 381.4328
187.9872 389.1928
191.1172 392.9328
191.1172 392.9328
195.5572 397.0628
195.8472 399.4728
195.8472 399.4728
195.4872 400.2328
195.4872 400.2328
192.5372 402.0728
192.5372 402.0728
191.7172 402.4328
191.7172 402.4328
187.9872 404.5928
186.5872 408.5028
186.5872 408.5028
186.4472 409.4228
186.4472 409.4228
186.0572 411.0528
186.0572 411.0528
183.8172 420.4228
182.7672 422.9328
182.7672 422.9328
181.3672 424.5728
178.9972 425.5628
178.9972 425.5628
178.2272 426.0228
176.8972 428.4528
176.1472 428.7628
176.1472 428.7628
173.8372 429.4328
173.8372 429.4328
172.5372 431.0228
172.5372 431.0228
169.5972 433.2928
164.6472 434.5928
164.6472 434.5928
163.1072 434.8328
163.1072 434.8328
159.0272 435.5528
159.0272 435.5528
156.6672 436.0728
155.5372 437.4028
155.5372 437.4028
159.2272 441.6028
165.4972 445.1428
175.4272 449.5228
179.7172 450.2128
192.7872 457.8128
205.6872 463.3428
208.7272 462.6828
208.7272 462.6828
213.1072 460.7828
215.4772 460.4128
236.4372 465.2828
248.6072 461.7528
253.3672 463.1028
257.8172 463.4628
272.2872 459.9528
274.6572 457.9628
278.8572 452.8028
281.3772 451.3428
285.3672 451.5528
289.9872 454.0328
292.6672 454.5028
293.3372 453.7028
294.2172 447.4828
295.6372 446.0228
296.5972 445.7128
303.0872 446.0228
309.0872 442.9028
311.6072 443.7428
316.6572 447.1228
318.2272 447.3328
319.8072 446.1028
320.8872 444.4828
326.1672 434.8228
328.9472 427.1228
330.9672 424.6428
333.4072 423.2028
343.3872 421.9128
346.6672 420.6528
348.2872 419.7028
354.3672 414.1828
355.3972 412.3128
355.3972 412.3128
352.2472 410.6728
349.8272 407.3528
348.8372 404.2528
348.7772 402.6628
349.4572 400.7828
349.4572 400.7828
344.4072 394.9428
336.9372 395.4828
330.9472 399.6028
326.5072 404.0928
324.1372 404.9528
319.9872 403.6128
305.4872 396.1828
302.7672 393.4228
300.0072 387.6328
288.6972 382.4028
276.8072 373.1628
272.0572 368.3328
271.1872 364.0328
267.8672 363.2528
266.2672 363.7728
265.4972 363.3628
263.6072 358.5628
264.4272 352.2328
263.9572 351.4628
261.5272 351.7128
257.5772 353.1328
256.7172 352.9428
255.4572 351.4328
255.1372 348.9928
257.5372 344.2128
257.4872 343.3928
256.6772 342.7428
250.7272 341.9728
244.7272 338.4028
239.7772 337.6628
238.5772 336.2928
238.5772 336.2928
226.7772 338.6028
220.0872 338.4528
216.8172 337.2028
212.9472 332.5628
210.5372 331.3828
202.4772 330.9928
193.1072 327.7528
191.5572 327.7828
189.9972 328.4828
188.6972 329.9728
188.0672 331.5828
188.5772 341.7228
186.5072 351.5328
188.4072 362.4328
188.5272 366.5928
188.1572 367.3828
187.4272 367.6228
184.1572 366.7928
183.3972 367.0328
182.2172 368.5328
182.2172 370.1528
183.8372 372.4128
184.5772 374.8228

Tabūk
4
 89.1972 315.4528
 90.3972 314.6128
 90.3972 313.9528
 88.9072 314.6328

Tabūk
7
 81.2572 332.7228
 82.1772 332.1228
 82.5972 332.3328
 83.5572 329.6528
 82.8572 329.6528
 82.9372 330.8228
 80.8972 331.9328

Tabūk
9
 85.8172 334.0228
 86.4672 333.8628
 86.8472 332.5928
 87.3972 332.7728
 87.1372 331.9428
 86.9272 332.4128
 85.6772 332.3728
 86.0872 333.4628
 85.4172 333.8928

Tabūk
3
 85.0072 335.4928
 85.9072 334.6228
 84.5772 334.7228

Tabūk
4
 81.3872 337.6628
 81.9472 336.7328
 81.0972 336.1728
 80.6672 336.8428

Tabūk
3
 83.3972 338.0628
 84.3372 335.7228
 83.3072 336.5728

Tabūk
4
 83.8072 338.9128
 84.2172 338.4728
 83.9572 337.8528
 83.3272 338.6428

Tabūk
4
 69.5672 341.1028
 70.9572 339.4928
 69.4072 339.3928
 68.7772 340.4028

Tabūk
7
 72.1872 343.0928
 72.8572 342.5628
 72.1172 342.4928
 70.7872 343.8528
 70.7672 345.5228
 71.2372 343.7328
 72.2872 344.3628

Tabūk
9
  7.0872 429.2928
  7.9672 429.1028
  8.5672 427.5728
  7.5472 427.1428
  6.8172 428.6728
  6.3672 428.6428
  6.3072 427.8228
  5.7072 427.9328
  5.9472 428.8328

Tabūk
12
  1.7372 431.4228
  2.2172 430.7128
  0.9872 430.2228
  0.5372 430.5428
  0.5572 430.1628
  1.6572 429.3228
  3.5872 429.6628
  3.4872 428.8528
  4.6572 427.7828
  2.2772 427.4328
  0.6072 428.6828
  0.2772 430.8428

Tabūk
459
 49.6772 468.8028
 54.7572 467.2528
 54.7572 467.2528
 57.2672 465.3228
 59.2572 462.9528
 59.2572 462.9528
 60.4272 461.3128
 60.4272 461.3128
 66.6572 453.1828
 66.6572 453.1828
 68.3772 452.5428
 70.1872 452.8628
 70.1872 452.8628
 73.4672 454.2428
 77.8572 455.2728
 77.8572 455.2728
 82.3172 456.1028
 82.3172 456.1028
 87.4772 455.3828
 92.0972 453.5828
100.6472 452.8628
100.6472 452.8628
102.2172 453.4328
102.2172 453.4328
104.7972 459.4828
104.7972 459.4828
106.0572 460.9628
106.0572 460.9628
107.6372 461.6828
107.6372 461.6828
110.5072 464.5628
110.5072 464.5628
111.2772 464.9728
112.8472 464.0228
112.8472 464.0228
113.3072 462.3828
113.3072 462.3828
112.8572 455.1928
113.1672 450.8028
113.1672 450.8028
113.7372 448.1628
113.7372 448.1628
114.4872 446.5228
114.4872 446.5228
117.9672 442.9728
120.3872 441.7628
120.3872 441.7628
123.6972 440.6628
123.6972 440.6628
133.8372 439.4828
133.8372 439.4828
136.2372 441.2328
137.0272 441.2728
137.0272 441.2728
138.5672 440.0128
138.5672 440.0128
139.3472 439.5428
139.3472 439.5428
140.9872 439.8528
140.9872 439.8528
141.7372 439.6428
142.5272 437.1728
143.8172 436.0928
143.8172 436.0928
145.5472 436.1828
149.1072 438.0628
149.1072 438.0628
152.4972 439.0528
154.1372 438.5628
155.5372 437.3428
155.5372 437.3428
156.6672 436.0228
159.0272 435.5028
159.0272 435.5028
163.1072 434.7828
163.1072 434.7828
164.6472 434.5428
164.6472 434.5428
169.5972 433.2328
172.5372 430.9628
172.5372 430.9628
173.8372 429.3628
173.8372 429.3628
176.1472 428.6928
176.1472 428.6928
176.8972 428.3828
178.2272 425.9628
179.0072 425.5028
179.0072 425.5028
181.3672 424.5128
182.7772 422.8728
182.7772 422.8728
183.8172 420.3628
186.0572 410.9928
186.0572 410.9928
186.4472 409.3628
186.4472 409.3628
186.5872 408.4428
186.5872 408.4428
187.9872 404.5328
191.7172 402.3828
191.7172 402.3828
192.5272 402.0228
192.5272 402.0228
195.4872 400.1828
195.4872 400.1828
195.8372 399.4228
195.8372 399.4228
195.5472 397.0128
191.1072 392.8828
191.1072 392.8828
187.9772 389.1428
185.6472 381.3728
183.6572 378.9828
183.6572 378.9828
183.0972 379.9928
183.0972 379.9928
181.8772 381.4228
181.8772 381.4228
181.1072 381.8528
181.1072 381.8528
179.5772 381.7728
179.5772 381.7728
169.1272 379.7428
169.1272 379.7428
162.5572 379.2228
162.5572 379.2228
160.2972 379.6228
157.8772 381.4528
157.8772 381.4528
156.3572 382.6828
156.3572 382.6828
154.0872 384.1128
151.7272 384.6928
151.7272 384.6928
149.3772 385.5228
149.3772 385.5228
148.4172 388.6028
147.1372 389.7728
147.1372 389.7728
146.3872 389.7328
145.9672 389.0028
146.2772 387.4928
146.2772 387.4928
146.7972 385.9928
145.9972 385.3528
139.8472 387.8628
138.1972 387.5328
136.5172 386.2428
136.5172 386.2428
134.9772 384.8728
134.9772 384.8728
133.4072 383.6828
132.6572 383.6728
132.6572 383.6728
131.9172 384.0128
131.7272 384.7628
132.1572 387.1628
132.1572 387.1628
132.0072 387.9128
132.0072 387.9128
129.7372 389.3328
129.7372 389.3328
128.2672 390.3728
128.1172 391.1628
128.1172 391.1628
128.3172 392.7528
128.3172 392.7528
127.3172 393.9928
121.9372 394.2228
121.9372 394.2228
120.4172 394.4828
120.4172 394.4828
119.6072 395.0428
119.6072 395.0428
118.5172 396.5928
118.5172 396.5928
116.0672 400.8628
116.0672 400.8628
115.5072 402.5428
115.5072 402.5428
114.7072 405.7028
114.7072 405.7028
113.5972 407.2228
113.5972 407.2228
112.8272 407.5328
112.8272 407.5328
111.2772 407.0728
111.2772 407.0728
105.4272 403.7428
103.6972 403.3228
101.2772 403.6328
101.2772 403.6328
 98.9272 405.3728
 98.9272 405.3728
 94.9672 407.0328
 94.9672 407.0328
 93.4172 406.6428
 93.4172 406.6428
 92.6572 406.3028
 92.6572 406.3028
 91.0172 405.2428
 91.0172 405.2428
 87.7972 403.7428
 87.7972 403.7428
 86.2072 403.1728
 86.2072 403.1728
 84.5372 402.3628
 84.5372 402.3628
 82.9172 401.9328
 82.9172 401.9328
 79.7972 401.2428
 79.7972 401.2428
 78.7972 399.7728
 78.8872 399.0228
 79.6972 398.5428
 79.6972 398.5428
 82.8172 399.2228
 82.8172 399.2228
 84.3572 399.0428
 84.3572 399.0428
 85.7872 397.6628
 85.7872 397.6628
 86.7772 393.4628
 86.7772 393.4628
 85.9672 384.5328
 86.6572 381.9028
 87.6572 380.3228
 87.6572 380.3228
 89.2572 379.0128
 89.2572 379.0128
 94.0372 377.6628
 94.0372 377.6628
 95.5772 376.7128
 95.5772 376.7128
 95.9372 375.5328
 95.9372 375.5328
 95.6772 373.7728
 92.5272 368.2328
 92.5272 368.2328
 92.3672 365.9028
 92.3672 365.9028
 93.0372 364.2228
 93.0372 364.2228
 94.7272 361.0528
 95.5372 357.9328
 95.5372 357.9328
 95.8172 356.3728
 97.7672 358.1528
 97.7672 358.1528
 99.2972 358.3228
103.3072 355.8028
103.3072 355.8028
105.5372 354.6428
105.5372 354.6428
106.2672 354.0228
106.8072 351.7528
106.8072 351.7528
107.4772 350.1128
109.6472 348.2628
109.6472 348.2628
113.3672 344.9328
115.1672 341.0528
115.1672 341.0528
116.9572 334.7328
116.9572 334.7328
117.6972 334.4228
117.6972 334.4228
120.8672 334.2928
120.8672 334.2928
121.9872 332.8928
121.9872 332.8928
121.7372 330.5928
121.7372 330.5928
121.6372 329.8528
121.6372 329.8528
120.7972 325.0828
120.7972 325.0828
121.0172 314.8128
121.0172 314.8128
121.1372 311.6328
121.1372 311.6328
120.9172 310.0728
119.9972 308.5328
118.3872 307.7028
115.8072 307.6728
115.8072 307.6728
113.4972 308.1228
111.9472 307.7128
111.9472 307.7128
111.3972 307.0028
111.3972 307.0028
110.2272 305.1928
110.2272 305.1928
109.4372 304.4828
109.4372 304.4828
107.0772 303.5728
107.0772 303.5728
101.4272 303.0928
100.4772 301.6228
 99.9272 298.3828
 99.9272 298.3828
 98.3072 301.2828
 98.4472 301.9728
 97.6072 301.6428
 97.0472 303.2828
 94.2672 304.7928
 94.5972 305.2428
 93.8272 306.9028
 94.6672 306.8328
 94.6172 308.0728
 93.6972 308.4228
 94.1172 308.0128
 93.3372 307.4328
 92.0072 309.2128
 92.7472 309.8128
 94.0972 309.5128
 93.2072 309.0728
 94.4072 308.7028
 94.7572 309.8828
 95.9072 310.8228
 95.2172 312.3128
 96.5472 315.4228
 95.0972 318.2528
 95.8872 319.7128
 95.2972 322.3328
 90.6272 327.5528
 89.2572 331.0428
 89.3472 332.6128
 86.6472 334.8028
 86.6872 336.5828
 85.7572 336.8328
 85.5372 338.9028
 84.4672 340.4728
 82.3572 341.3828
 80.1272 344.5628
 79.7372 344.5528
 80.2672 343.0428
 79.8972 342.8628
 79.2872 342.9228
 78.7572 343.8128
 77.8572 343.8728
 76.7572 344.7328
 76.9372 345.7928
 76.4472 345.4028
 75.9972 345.9228
 75.4172 347.8428
 74.4572 348.1428
 76.0772 350.7028
 76.7172 353.0128
 76.4772 354.9528
 74.6872 356.0728
 71.9172 356.2328
 71.6372 356.4028
 69.2872 358.3628
 68.1972 362.0528
 65.1272 367.0428
 62.9572 372.7428
 60.3172 377.2128
 58.2972 379.3828
 57.2772 381.3628
 55.5272 382.3328
 53.7372 386.5428
 53.5772 388.2728
 50.5672 391.5928
 48.6372 392.6928
 48.3472 393.5028
 45.2672 396.5828
 44.8372 398.6828
 45.8472 399.7428
 45.5372 400.8928
 43.2372 404.6728
 40.6772 405.9828
 38.0872 408.9428
 37.9072 410.3028
 36.1172 412.7028
 35.7172 415.8028
 34.2372 417.6928
 33.8572 419.6828
 32.8372 421.5428
 31.9872 422.4028
 30.1372 422.9628
 29.9472 425.4728
 27.4572 427.4728
 26.8072 429.0928
 23.4872 430.8128
 23.2972 431.3928
 25.4772 432.0428
 25.4072 432.6328
 23.4072 432.9928
 22.7272 433.5828
 21.4272 433.5228
 19.7272 435.1828
 19.1672 434.9628
 18.2672 435.5628
 18.2672 435.3028
 18.7772 434.4928
 17.6772 435.1428
 15.2772 433.8228
 13.0272 433.9928
 12.4972 433.5828
 12.2672 434.5428
 13.2872 435.1028
 11.6272 434.9928
 11.0472 433.6428
 10.7772 434.0628
 11.4172 435.1828
 10.8572 435.1028
 10.3172 434.3728
  9.2972 434.5328
  9.7372 433.2628
  8.7772 433.2428
  9.2172 434.9228
  7.8672 435.1128
  8.1872 435.4428
  7.7472 436.2728
  7.4972 435.7828
  6.7772 436.0828
  5.6472 434.5228
  6.2372 433.4228
  5.5572 433.2828
  4.8472 431.8428
  4.0672 433.2928
  4.2672 434.5728
  3.7372 434.7928
  2.9872 434.2928
  2.9972 435.0828
  4.9572 437.6128
  5.9272 437.2528
  5.5072 438.2928
  6.1072 438.7228
  6.8672 441.2628
  6.5272 441.3428
  9.8372 449.5128
 10.9872 451.2428
 10.7172 454.7528
  9.9472 456.6828
 11.8672 462.4428
 11.8972 465.3928
 11.8972 465.3928
 15.1272 465.2328
 16.7672 465.8428
 19.2572 465.0628
 19.2572 465.0628
 24.5072 464.3728
 24.5072 464.3728
 26.4272 464.4928
 28.7372 466.7428
 28.7372 466.7428
 31.9972 467.5828
 31.9972 467.5828
 38.0272 468.6728
 38.0272 468.6728
 40.3772 468.4528
 40.3772 468.4528
 43.6872 469.1428
 43.6872 469.1428
 47.0672 469.3128
 47.0672 469.3128

Al_Ḩudūd_ash_Shamālīyah
93
403.8972 469.7228
391.4372 465.3328
383.1872 456.6128
370.5272 432.9328
361.3772 420.7828
360.0872 416.1128
360.4772 414.5928
361.9472 412.7628
361.9472 412.7628
360.6472 410.5328
358.8472 409.6728
357.3372 410.1928
355.3972 412.3128
355.3972 412.3128
354.3672 414.1828
348.2872 419.7028
346.6672 420.6528
343.3872 421.9128
333.4072 423.2028
330.9672 424.6428
328.9472 427.1228
326.1672 434.8228
320.8872 444.4828
319.8072 446.1028
318.2272 447.3328
316.6572 447.1228
311.6072 443.7428
309.0872 442.9028
303.0872 446.0228
296.5972 445.7128
295.6372 446.0228
294.2172 447.4828
293.3372 453.7028
292.6672 454.5028
289.9872 454.0328
285.3672 451.5528
281.3772 451.3428
278.8572 452.8028
274.6572 457.9628
272.2872 459.9528
257.8172 463.4628
253.3672 463.1028
248.6072 461.7528
236.4372 465.2828
215.4772 460.4128
213.1072 460.7828
208.7272 462.6828
208.7272 462.6828
214.3472 468.3728
215.2372 474.4328
215.6272 483.7928
217.0272 486.2628
223.1872 490.9828
250.4572 507.8328
255.7172 512.5628
255.6172 514.1328
247.8372 520.3928
244.7072 526.7828
242.6172 529.2828
239.0172 530.8728
233.5672 530.8328
230.3372 531.4828
222.7672 537.5628
220.0672 538.8228
213.0572 537.9428
195.1072 538.5628
191.4072 539.6828
187.4272 543.1228
185.6472 543.8928
181.2672 543.9728
162.2572 547.4228
154.2072 547.2828
146.9572 545.9228
133.3772 544.4328
129.9572 544.4728
127.6472 545.0928
125.4572 546.9928
121.5672 553.9528
116.8672 557.6428
116.2872 564.3628
119.1272 572.7028
120.3972 578.7628
120.3972 578.7628
155.4272 589.0728
165.9472 598.2428
165.4972 600.2528
166.6572 598.7128
168.9872 597.3028
187.5472 591.8828
193.6172 589.0428
197.0372 586.7328
285.7272 524.0728
351.7772 478.4228

Jīzān
6
260.5372   6.5628
260.9572   6.3728
261.1372   6.4628
261.4772   6.2028
260.8272   5.0828
260.1472   5.8428

Jīzān
7
260.0572   9.7828
260.4172   9.2528
259.9972   7.7528
259.9172   8.7128
259.4272   7.9428
258.8672   9.1128
259.2172   9.6728

Jīzān
3
253.5772  10.2728
254.9972   9.2128
254.1972   9.4028

Jīzān
5
250.0972  12.7428
252.0272  12.2428
253.1572  10.6128
249.9572  11.6428
249.3072  12.4028

Jīzān
3
259.7572  16.4928
260.2472  16.1528
258.6272  16.0128

Jīzān
41
250.5772  18.3028
253.7472  16.4628
255.2172  13.3528
257.5672  12.6828
259.1572  13.0428
260.1472  11.7028
261.7472  12.1728
261.4672  13.0728
261.0272  13.1428
261.3072  12.5228
260.4672  12.4828
260.0372  13.0928
260.5572  13.6728
260.6572  14.9528
261.2472  14.8528
261.4272  15.4828
262.2872  15.3828
262.4972  13.9528
263.2572  12.9328
263.6772  13.0128
264.2672  12.0128
265.1772  12.2228
265.2072  11.7128
265.6772  11.7728
265.5972  10.8328
264.9772  10.1828
265.4172   7.2128
264.4872   7.1028
263.2472   8.5228
261.4372   8.8928
262.6772   9.4928
262.5872  10.7528
260.7872  11.1928
257.7472  10.2628
255.7772  11.9028
254.6372  12.2228
253.4472  13.2528
252.4872  15.1528
251.1572  15.1828
251.6172  16.4328
250.6172  17.2428

Jīzān
5
244.1072  18.4628
246.1572  15.4128
244.5672  16.0128
244.7772  16.3428
244.0272  17.0328

Jīzān
16
256.0372  20.5428
257.1772  19.7628
256.6172  18.8228
257.1972  17.9028
258.5772  17.4828
258.4472  16.6128
257.1472  16.9328
256.4072  16.3428
258.5972  14.6828
259.3372  13.6428
259.0572  13.1928
258.2972  14.3428
255.2772  15.3428
253.4472  17.9528
253.4572  19.0328
255.0972  19.2328

Jīzān
5
248.0072  20.7628
249.5172  19.6628
248.8272  18.5028
247.8272  18.1928
246.8872  19.3528

Jīzān
4
251.6272  21.6228
252.7572  20.9728
252.2872  20.4028
251.8472  20.4628

Jīzān
3
256.7872  21.3828
257.2072  19.9728
255.1472  22.0528

Jīzān
133
251.0072  69.3128
255.4672  69.7828
256.7272  68.7528
255.9072  61.4828
256.1872  59.9828
256.9272  59.5128
259.8772  59.9628
262.0272  59.7328
263.1072  58.3828
263.9572  55.4928
264.6872  54.8528
272.9672  54.4528
274.2472  53.2128
275.8372  49.4828
279.0872  46.3128
280.6072  45.6828
282.0172  45.8228
282.5772  46.4828
284.2472  53.2328
285.4572  55.3328
288.3272  57.4928
290.5372  58.3728
291.5372  57.2528
291.4072  52.8328
295.0072  51.0128
297.6472  46.3728
298.3372  45.8028
301.2872  45.2028
303.2672  42.1928
303.2672  42.1928
304.2372  40.8028
302.3172  37.8828
302.4072  35.5128
303.9572  34.6128
303.9572  33.9628
304.7672  33.6128
305.0272  32.9228
300.5372  31.5128
300.9572  29.6428
299.4372  28.2728
299.4872  26.8228
298.8672  26.5028
298.8072  25.6228
298.8972  25.2728
299.8772  25.6728
301.5072  25.1928
302.3272  23.5528
301.7772  22.6428
299.5072  22.9028
299.7672  20.0928
298.2672  19.3928
298.2272  18.7928
299.6772  16.9028
301.2272  16.5628
301.5572  15.7328
302.5672  15.2528
302.3472  13.9928
302.8272  13.1328
301.3972  13.0228
301.0772  12.2128
301.5672   9.6128
300.7272   9.4628
298.6572  10.5728
297.9972  10.3928
298.4372   9.4928
297.4072   6.7528
297.4572   5.6928
293.0372   4.5328
291.3672   3.3428
291.7872   0.6328
290.0772   0.2528
285.2572   0.7428
284.9172   1.4328
285.5172   3.2028
284.3072   4.3628
283.4672   6.5728
284.0272  10.1328
283.6972  10.4228
283.2272  11.0228
283.2272  11.9528
283.2372  12.5228
280.7272  15.6328
279.3172  16.3228
278.6772  16.0728
278.2872  17.4228
277.7772  17.6128
277.0872  17.9228
278.1572  18.8828
277.6272  20.2728
277.9372  22.1228
276.5672  23.2428
274.3972  23.9128
273.0672  25.7928
273.2972  27.6228
272.8372  27.8028
271.7172  28.4728
271.4572  28.1728
272.5872  26.2228
271.9272  25.5628
271.9772  23.5828
271.6772  22.6328
271.4972  26.3628
270.5172  29.5528
269.9872  33.7128
269.4272  34.0228
270.0872  36.1328
269.7972  37.7628
268.3572  38.1428
266.7872  40.6128
264.8172  42.1228
263.8372  42.0728
263.6372  43.5628
262.8472  44.5028
255.5272  49.7128
254.8772  50.7428
253.4272  51.0728
252.1872  52.0928
251.1372  52.1228
251.3272  52.9228
247.5472  56.4028
248.2372  56.4128
247.2272  57.3228
247.4872  58.3928
246.8972  57.6028
246.4072  57.9328
246.2872  58.4828
246.8772  58.6628
246.6572  59.6728
245.2672  60.2128
244.5072  62.0028
244.5072  62.0028
246.4772  65.1528
250.0272  67.2028

Najrān
59
399.9372  31.0028
382.7072  33.3628
376.4572  33.7828
370.2072  37.8128
350.4772  37.8128
349.0872  36.8328
347.1372  36.5628
344.4972  37.9528
341.7972  37.8328
333.0072  36.7128
332.1872  35.1928
331.1072  36.5328
328.1572  36.0028
326.7872  34.0828
324.1772  34.8028
322.5772  34.3728
320.6072  34.6628
319.9272  35.5528
317.9072  35.1928
315.3172  37.8928
315.3872  38.9328
315.3872  38.9328
316.5372  42.1728
315.2372  48.1028
315.9072  49.5728
316.6772  57.9428
315.2972  64.0628
315.3772  65.7228
316.2572  67.4128
319.3372  70.8428
327.5472  78.4028
328.6272  79.8828
329.6872  82.9028
330.6372  83.9528
336.9572  85.9728
339.3372  87.3928
340.5572  88.8028
341.5272  91.0228
341.6972  93.1428
339.9372 101.7128
340.6272 103.3028
344.4772 105.2428
345.5972 106.6328
345.6372 112.7128
345.6372 112.7128
354.1472 107.1228
359.3672 104.7328
362.6072 104.0128
371.4572 103.3128
430.3072 108.3528
446.6972 110.7428
456.8272 113.3728
456.8272 113.3728
448.8372  49.8828
446.2472  25.4328
446.2472  25.4328
438.7672  20.7128
431.7372  21.0728
423.5572  32.1128

Al_Bāḩah
45
260.0172 153.2828
257.8672 146.8628
258.0972 146.0728
260.1472 144.1028
260.2572 142.5128
259.2172 141.0628
253.3972 137.0928
252.5572 135.3028
252.7872 131.7528
248.5272 123.0628
248.5272 123.0628
247.7372 122.5528
243.1172 122.5128
241.5972 121.9328
239.1972 117.4728
236.6172 108.4828
234.4072 107.4028
231.8272 107.4028
230.2372 108.4528
228.1772 111.5128
224.4972 113.6428
223.1972 115.1828
223.4572 119.6128
222.5472 123.5028
222.8572 128.7928
221.8872 130.3128
218.2372 131.4128
217.5672 132.1128
217.3872 133.5228
221.3972 137.6228
229.1272 139.4828
230.4972 143.0428
233.1872 147.6728
233.3072 150.0228
232.1972 154.5728
232.8972 156.6828
234.2572 158.1028
236.5172 158.4128
237.9472 157.8028
239.1572 156.3528
240.4372 152.5728
242.3572 151.1128
246.9672 152.8828
251.1372 152.6828
256.5472 155.4328

Al_Jawf
155
 13.4372 474.3528
 14.0972 477.1728
 14.8372 477.9328
 14.6572 478.7528
 15.6972 479.3628
 15.2172 481.2828
 16.0272 481.7428
 15.7872 482.6028
 16.3972 483.9628
 54.6072 477.1728
 69.2572 489.2428
 78.1072 504.0228
103.8672 509.1828
109.6472 522.3628
120.9672 529.1428
 86.7072 568.8628
120.3972 578.7628
120.3972 578.7628
119.1272 572.7028
116.2872 564.3628
116.8672 557.6428
121.5672 553.9528
125.4572 546.9928
127.6472 545.0928
129.9572 544.4728
133.3772 544.4328
146.9572 545.9228
154.2072 547.2828
162.2572 547.4228
181.2672 543.9728
185.6472 543.8928
187.4272 543.1228
191.4072 539.6828
195.1072 538.5628
213.0572 537.9428
220.0672 538.8228
222.7672 537.5628
230.3372 531.4828
233.5672 530.8328
239.0172 530.8728
242.6172 529.2828
244.7072 526.7828
247.8372 520.3928
255.6172 514.1328
255.7172 512.5628
250.4572 507.8328
223.1872 490.9828
217.0272 486.2628
215.6272 483.7928
215.2372 474.4328
214.3472 468.3728
208.7272 462.6828
208.7272 462.6828
205.6872 463.3428
192.7872 457.8128
179.7172 450.2128
175.4272 449.5228
165.4972 445.1428
159.2272 441.6028
155.5372 437.4028
155.5372 437.4028
154.1272 438.6128
152.4972 439.1028
149.1072 438.1028
149.1072 438.1028
145.5472 436.2228
143.8172 436.1428
143.8172 436.1428
142.5172 437.2228
141.7372 439.6928
140.9872 439.9028
140.9872 439.9028
139.3472 439.5828
139.3472 439.5828
138.5772 440.0528
138.5772 440.0528
137.0372 441.3128
137.0372 441.3128
136.2372 441.2728
133.8372 439.5228
133.8372 439.5228
123.7072 440.7028
123.7072 440.7028
120.3872 441.8028
120.3872 441.8028
117.9672 443.0128
114.4972 446.5628
114.4972 446.5628
113.7472 448.1928
113.7472 448.1928
113.1772 450.8428
113.1772 450.8428
112.8672 455.2328
113.3172 462.4228
113.3172 462.4228
112.8572 464.0628
112.8572 464.0628
111.2872 465.0028
110.5172 464.5928
110.5172 464.5928
107.6472 461.7128
107.6472 461.7128
106.0672 460.9928
106.0672 460.9928
104.8072 459.5228
104.8072 459.5228
102.2272 453.4628
102.2272 453.4628
100.6572 452.8928
100.6572 452.8928
 92.1072 453.6028
 87.4872 455.4028
 82.3272 456.1228
 82.3272 456.1228
 77.8572 455.2828
 77.8572 455.2828
 73.4672 454.2528
 70.1872 452.8828
 70.1872 452.8828
 68.3772 452.5528
 66.6572 453.1928
 66.6572 453.1928
 60.4272 461.3228
 60.4272 461.3228
 59.2572 462.9628
 59.2572 462.9628
 57.2672 465.3328
 54.7572 467.2628
 54.7572 467.2628
 49.6772 468.8028
 49.6772 468.8028
 47.0672 469.3128
 47.0672 469.3128
 43.6872 469.1428
 43.6872 469.1428
 40.3772 468.4528
 40.3772 468.4528
 38.0272 468.6728
 38.0272 468.6728
 31.9972 467.5828
 31.9972 467.5828
 28.7272 466.7528
 28.7272 466.7528
 26.4272 464.4928
 24.4972 464.3728
 24.4972 464.3728
 19.2572 465.0628
 19.2572 465.0628
 16.7672 465.8428
 15.1272 465.2328
 11.8972 465.3928
 11.8972 465.3928
 12.2872 468.3528
 12.9272 469.6228
 12.5172 471.2828

'Asir
115
303.2472  42.2128
301.2672  45.2228
298.3172  45.8228
297.6372  46.3928
294.9872  51.0228
291.3872  52.8428
291.5272  57.2628
290.5272  58.3828
288.3172  57.5028
285.4472  55.3428
284.2372  53.2428
282.5772  46.4928
282.0072  45.8328
280.6072  45.6928
279.0872  46.3228
275.8372  49.4828
274.2472  53.2128
272.9672  54.4528
264.6872  54.8528
263.9572  55.4928
263.1072  58.3828
262.0272  59.7328
259.8672  59.9628
256.9272  59.5128
256.1872  59.9828
255.9072  61.4828
256.7372  68.7528
255.4672  69.7828
251.0072  69.3128
251.0072  69.3128
252.5072  75.7228
249.5372  84.8628
247.4272  86.0628
240.7172  86.2728
239.2872  86.7628
238.2572  88.2328
237.6472  91.2028
238.1372 101.2028
240.1072  99.3228
240.8572  99.3828
244.7272 102.2028
246.9672 102.5828
251.7072 102.1428
253.2272 102.8928
253.9872 104.3128
255.2572 108.9128
253.0672 113.3528
254.3772 120.2728
254.1672 121.7828
252.3172 123.6728
250.0272 123.8028
248.5272 123.0628
248.5272 123.0628
252.7872 131.7528
252.5572 135.3028
253.3972 137.0928
259.2172 141.0628
260.2572 142.5128
260.1472 144.1028
258.0972 146.0728
257.8672 146.8628
260.0172 153.2828
260.0172 153.2828
264.6872 144.2028
266.0872 143.1828
268.3672 142.9428
270.6772 144.0728
280.7872 153.3228
287.1972 156.3828
291.4572 160.1828
296.0072 160.4628
299.1672 161.9828
301.4272 162.2228
306.6372 160.9228
312.3572 164.6928
316.3772 166.1528
316.3772 166.1528
322.1372 161.1428
325.2072 156.2128
328.8072 152.6128
329.8672 150.8828
329.7872 147.9228
326.4472 141.8328
325.2172 135.7228
325.4372 134.1228
328.1872 131.1628
332.0972 124.8028
345.6372 112.7128
345.6372 112.7128
345.5972 106.6328
344.4772 105.2428
340.6272 103.3028
339.9372 101.7128
341.6972  93.1428
341.5272  91.0228
340.5572  88.8028
339.3372  87.3928
336.9572  85.9728
330.6372  83.9528
329.6872  82.9028
328.6272  79.8828
327.5472  78.4028
319.3372  70.8428
316.2572  67.4128
315.3772  65.7228
315.2972  64.0628
316.6772  57.9428
315.9072  49.5728
315.2372  48.1028
316.5372  42.1728
315.3872  38.9328
315.3872  38.9328
315.2772  37.1328
312.9072  39.4328
307.6172  42.8028

