545 713

Beograd
135
206.6527 367.7686
204.6327 367.3886
200.7527 363.9986
200.0327 360.6086
194.2127 359.6386
190.8227 357.6986
183.3227 365.4486
178.9627 371.7486
178.7127 373.4386
182.8327 373.9286
183.5627 376.3486
180.6527 379.0086
183.0727 382.1586
182.8327 385.3086
185.7427 386.9986
186.4627 390.8786
184.2827 392.5686
185.7427 394.7486
186.2227 399.3486
181.3827 403.2286
181.1427 409.7686
179.4427 412.4286
173.8727 402.2586
170.9727 404.1986
169.7527 407.0986
166.8527 409.2786
164.4327 409.0386
163.4627 405.1686
160.3127 403.9486
158.1327 406.6186
154.5027 407.8286
151.5927 410.2486
153.0427 413.3986
153.0427 413.3986
153.2927 417.9986
150.6227 419.9386
149.6327 424.8986
149.6327 424.8986
152.3527 426.8786
154.0227 429.8886
156.8527 432.4186
169.1427 438.2786
163.3227 442.7786
163.4527 444.2386
167.9627 447.4786
169.4327 450.6786
167.7727 454.2686
168.0927 456.6886
174.6727 458.4186
176.9127 459.9886
177.1327 462.2086
173.9127 466.0986
173.8527 469.2686
175.8527 473.3186
180.8327 477.4386
192.5227 483.0686
191.4327 486.8086
192.1127 489.7486
193.6127 491.3586
198.2827 492.7486
200.0827 495.0086
200.9127 497.7186
200.4727 501.3586
199.2327 503.8686
196.4927 504.5986
196.4927 504.5986
198.1827 506.7786
198.1827 506.7786
203.5127 507.9886
203.5127 507.9886
207.3327 508.1886
207.3327 508.1886
207.6227 501.4786
212.9927 496.3986
215.3927 490.6486
221.9627 487.6486
221.7027 485.5686
225.0727 478.0986
231.7427 478.2986
233.7427 477.2386
237.8527 460.8986
235.1127 452.9786
236.7427 447.0986
242.1027 443.4186
248.9327 433.5686
253.9427 430.3686
257.8827 429.7886
257.8827 429.7886
258.3927 429.7686
258.3927 429.7686
257.6127 425.8886
258.1027 420.5686
260.7627 419.8386
263.6727 415.9686
254.4627 414.5086
250.3527 411.3586
253.7427 408.2186
255.4327 405.0686
259.0727 405.0686
258.8227 402.1586
263.6727 396.8386
265.1227 392.2286
262.4627 390.0486
259.7927 390.2986
257.1327 391.9886
254.7127 391.2586
253.2527 385.6986
250.8327 382.7886
257.6127 376.2486
254.4627 374.5586
254.4627 374.5586
254.6927 369.7686
254.6927 369.7686
252.5827 371.4986
249.1927 372.2286
248.2227 375.1386
244.5827 375.3786
242.6527 373.6786
238.5327 374.1686
236.3527 377.0686
236.1127 380.7086
233.4427 381.9186
231.0227 381.1886
229.8127 379.4986
224.9727 378.2786
223.0327 386.7586
215.0427 388.2086
213.5927 389.9086
210.2027 390.8786
209.4727 387.4886
207.7727 385.5486
208.9927 382.8886
211.1627 381.6786
212.6227 378.5286
207.0527 371.4986

Severnobački_okrug
75
136.7827 632.9586
128.4927 627.3286
124.3727 626.1186
122.4327 623.4586
124.6127 621.7586
124.6127 617.8886
119.2927 611.5886
119.2927 606.7486
117.1127 603.8386
113.4727 604.0786
102.8227 609.8886
102.8227 609.8886
 98.4627 610.1386
 98.4627 610.1386
104.2727 614.2486
102.5827 617.6386
 96.0427 621.9986
 98.2227 623.9386
 98.4627 626.3586
 90.4727 630.4786
 87.5627 626.1186
 80.7827 632.6586
 78.3627 638.2286
 70.6127 646.2186
 68.6727 651.5486
 69.4027 655.4186
 66.9827 660.2686
 69.4027 663.1686
 71.5827 663.8986
 72.5527 666.5586
 67.9527 665.1086
 68.1927 669.4686
 63.1927 674.6286
 63.1927 674.6286
 63.6927 675.1786
 61.1527 679.3686
 71.7027 686.0886
 73.8427 683.2186
 78.2927 685.1386
 84.8027 691.6186
 84.7527 694.2886
 92.4827 698.7586
 90.3127 701.3486
 89.8727 703.3986
 91.3627 704.6886
 92.8527 704.2386
 96.3427 706.8886
 97.7827 709.7486
106.4927 708.2686
110.2927 711.9886
112.8227 710.2486
114.6327 711.4886
117.4027 708.1986
119.2627 708.2386
122.9127 703.7786
130.3527 700.3986
134.9927 704.4086
138.8627 705.2786
138.8627 705.2786
140.3527 700.2186
139.1427 697.5586
136.9627 695.6186
135.5127 685.4486
129.4627 672.6186
128.2527 662.9286
130.4327 659.0486
130.4327 656.3886
127.5227 655.6586
127.0427 652.5186
129.4627 647.9186
129.2227 642.8286
130.6727 640.8886
131.3927 637.4986
134.0627 635.8086
134.7827 633.6286

Srednjebanatski_okrug
148
197.7227 506.1886
194.2127 508.0386
191.3127 513.6086
187.6727 516.7586
187.6727 516.7586
190.3427 518.4486
190.3427 518.4486
188.8927 522.3286
193.4927 525.9586
195.9127 529.5886
193.0027 534.9186
181.6227 546.7886
186.9527 550.4186
188.4027 553.0786
185.9827 555.2586
181.3827 556.9586
179.2027 559.8586
179.2027 564.4586
181.1427 566.3986
181.8627 568.8186
180.4127 572.6986
176.7827 569.5486
173.3927 570.7586
174.3627 576.8086
173.1427 579.9586
169.7527 580.9286
168.7927 584.0786
166.1227 585.7686
163.2227 579.9586
160.5527 577.2986
158.8627 579.9586
159.3427 584.5586
161.0427 587.4686
159.1027 590.8586
166.6127 595.2186
169.7527 598.6086
166.1227 599.8186
161.0427 598.1286
160.7927 601.7586
164.4327 603.4486
164.6727 607.8086
156.9227 606.1186
156.1927 609.2586
157.6527 610.9586
166.1227 611.6886
163.9427 618.4686
166.3627 621.3686
166.3627 621.3686
171.9327 621.3686
171.9327 621.3686
174.6027 623.3086
174.6027 627.1886
171.4527 630.0886
173.3927 631.2986
175.0827 634.9286
190.8227 637.1086
195.4227 635.6586
198.3327 636.8686
202.6927 629.1186
203.9027 624.5186
208.0227 622.0986
207.0527 618.2286
200.5127 615.0786
200.5127 610.9586
196.1527 605.8686
199.5427 602.9686
206.0827 602.7286
213.5927 606.5986
216.2527 604.9086
221.5827 604.9086
219.8827 614.1086
221.8227 618.7086
227.1527 623.3086
229.5727 620.8886
233.9327 620.8886
234.4127 629.8486
236.8327 633.4786
237.3227 637.1086
239.9227 638.0586
239.9227 638.0586
242.7027 638.4386
243.8227 631.4386
244.7827 629.7486
246.6027 629.3586
249.0027 630.6986
254.3927 630.4586
255.6027 636.3486
260.7327 634.3086
259.7927 629.4186
258.7627 629.2886
258.0827 627.2286
258.0527 620.2186
257.2227 617.8686
258.1327 616.9386
258.3527 612.3886
256.3327 610.3786
255.0427 606.0686
253.2427 604.2186
254.0827 598.7386
257.0427 599.7186
261.9127 590.0986
258.7527 586.5186
253.6327 583.5286
254.7427 581.7786
253.9127 579.8786
262.0127 579.8386
266.4427 577.0386
268.2227 573.6186
267.4027 573.6886
266.8627 571.1486
265.9327 571.1086
270.7727 568.2886
273.3027 568.3986
275.2827 563.9686
274.5627 563.8786
274.7127 562.9186
276.9327 562.7386
278.4727 559.2786
281.3527 557.5286
283.1827 555.0486
285.0027 554.7286
285.5027 552.3186
285.5027 552.3186
283.6727 550.3686
273.0127 548.6686
267.4427 544.0686
259.4527 540.9286
264.7827 537.5286
263.8127 535.3586
260.4227 534.3886
253.8827 530.2686
248.3127 522.0386
238.8727 531.7186
230.3927 533.1786
228.7027 535.1086
226.7627 534.1386
225.0727 529.0586
218.7727 530.0286
216.5927 528.8186
213.6827 525.6686
211.2627 521.0686
211.7527 513.3186
209.0827 511.3786
208.1127 508.2286
208.1127 508.2286
203.5127 507.9886
203.5127 507.9886
198.1827 506.7786

Severnobanatski_okrug
96
169.9027 621.3686
169.9027 623.2086
167.7227 626.3586
157.5527 629.2686
151.4927 629.2686
146.8927 631.9286
137.6927 632.6586
137.6927 632.6586
134.7827 633.6286
134.7827 633.6286
134.0627 635.8086
131.3927 637.4986
130.6727 640.8886
129.2227 642.8286
129.4627 647.9186
127.0427 652.5186
127.5227 655.6586
130.4327 656.3886
130.4327 659.0486
128.2527 662.9286
129.4627 672.6186
135.5127 685.4486
136.9627 695.6186
139.1427 697.5586
140.3527 700.2186
138.8627 705.2786
138.8627 705.2786
145.1827 709.2286
153.3127 709.2786
157.1127 708.5186
158.8627 703.8486
161.7527 704.3186
162.3927 703.6086
166.8727 709.5586
168.4027 706.1086
172.1327 703.4986
174.9827 704.2086
177.4927 706.1486
183.9327 699.3786
186.1227 700.6986
186.6627 698.0286
188.7527 700.0686
188.1827 698.1286
190.6427 698.0886
188.3727 696.8886
189.3327 694.5786
193.0427 692.3986
194.0527 689.6786
198.3627 685.3986
197.9327 683.4186
200.1627 677.5386
198.9027 676.1986
206.5927 669.7686
211.9927 670.6986
216.6627 667.5186
220.8727 656.0486
225.2827 657.5186
224.8427 658.6486
227.8227 659.4286
229.4027 651.7786
231.1027 652.2086
231.6627 650.3286
233.3227 650.7786
239.6627 644.2886
238.4027 641.0586
239.9227 638.0586
239.9227 638.0586
237.3227 637.1086
236.8327 633.4786
234.4127 629.8486
233.9327 620.8886
229.5727 620.8886
227.1527 623.3086
221.8227 618.7086
219.8827 614.1086
221.5827 604.9086
216.2527 604.9086
213.5927 606.5986
206.0827 602.7286
199.5427 602.9686
196.1527 605.8686
200.5127 610.9586
200.5127 615.0786
207.0527 618.2286
208.0227 622.0986
203.9027 624.5186
202.6927 629.1186
198.3327 636.8686
195.4227 635.6586
190.8227 637.1086
175.0827 634.9286
173.3927 631.2986
171.4527 630.0886
174.6027 627.1886
174.6027 623.3086
171.9327 621.3686

Južnobanatski_okrug
121
257.8827 429.7886
253.9427 430.3686
248.9327 433.5686
242.1027 443.4186
236.7427 447.0986
235.1127 452.9786
237.8527 460.8986
233.7427 477.2386
231.7427 478.2986
225.0727 478.0986
221.7027 485.5686
221.9627 487.6486
215.3927 490.6486
212.9927 496.3986
207.6227 501.4786
207.3327 508.1886
207.3327 508.1886
208.1127 508.2286
208.1127 508.2286
209.0827 511.3786
211.7527 513.3186
211.2627 521.0686
213.6827 525.6686
216.5927 528.8186
218.7727 530.0286
225.0727 529.0586
226.7627 534.1386
228.7027 535.1086
230.3927 533.1786
238.8727 531.7186
248.3127 522.0386
253.8827 530.2686
260.4227 534.3886
263.8127 535.3586
264.7827 537.5286
259.4527 540.9286
267.4427 544.0686
273.0127 548.6686
283.6727 550.3686
285.5027 552.3186
285.5027 552.3186
285.7927 551.6086
291.6427 552.9286
291.4527 550.1586
294.0027 550.3186
296.0327 546.4286
302.2327 548.1186
304.2727 551.6586
304.9327 550.6886
306.0427 551.5886
307.1727 550.8686
306.8027 548.5686
308.1127 544.7686
310.3227 542.5686
309.6527 540.7686
311.6327 537.9186
312.7627 538.2286
318.9527 534.0886
321.1427 536.3986
325.5227 535.8786
329.8727 532.7286
331.1527 533.3286
334.3727 531.9386
336.0527 533.8086
339.7627 529.3186
345.7427 527.0186
347.4227 523.2786
350.3027 522.8086
351.7027 519.4086
351.5527 517.2286
345.2227 514.1686
344.2727 511.3186
345.8427 508.6786
342.4727 504.9986
341.6027 502.1686
342.2627 499.3086
337.9127 497.9386
335.7827 498.6486
334.3927 497.0286
332.2427 497.2086
329.8727 495.8386
333.3027 492.9086
332.7727 492.3986
336.9127 489.6386
335.9527 488.2186
339.9927 484.8886
344.1227 484.5286
353.9027 479.5386
354.8827 478.1386
355.8327 471.8386
349.3627 470.2686
347.2727 468.6286
344.1727 468.7786
343.7327 467.9586
341.7427 469.5386
340.1527 468.4686
338.4827 469.0486
335.8627 468.0586
331.1427 468.2486
329.6627 465.2586
330.2727 463.5086
328.9627 463.5086
330.0127 462.6886
329.2827 462.0286
330.4527 461.5386
329.5327 461.1186
329.7427 460.0986
329.7427 460.0986
311.8427 452.5186
306.2027 448.4586
303.0927 444.5086
297.8227 443.2786
293.0127 440.9286
288.9127 440.7786
288.9127 440.7786
286.9027 441.0686
286.9027 441.0686
282.6927 440.4586
273.5527 432.2586
266.5427 430.3486
259.7927 429.7086

Zapadnobački_okrug
108
 99.4727 610.0786
 98.4627 609.7986
 95.5527 602.7686
 98.7027 598.4186
 97.9827 596.4786
 93.1327 596.9586
 91.6827 589.6986
 88.7727 588.4886
 82.4827 591.8786
 76.9127 587.5186
 76.4227 583.3986
 73.2727 581.9486
 70.3727 578.7986
 71.5827 576.1386
 74.4927 574.1986
 73.0327 571.0486
 70.6127 572.2586
 66.4927 572.4986
 63.3527 570.3186
 60.9227 572.0186
 59.7127 574.6786
 58.0227 573.9586
 57.0527 570.8086
 48.8227 570.8086
 47.8527 573.2286
 44.7027 574.1986
 41.3127 572.4986
 37.6827 572.9886
 39.3727 574.9286
 34.0427 577.5886
 32.3527 579.7686
 28.9627 578.5586
 27.2627 579.5286
 27.9427 581.8086
 27.9427 581.8086
 30.0127 581.0986
 35.4127 581.6486
 37.1627 583.8786
 37.4927 586.6086
 33.0727 589.7986
 28.7727 590.4486
 27.2227 594.5286
 24.2827 594.3786
 23.1327 591.6986
 17.9627 590.4286
 15.5527 591.4586
 10.5627 596.7286
 11.0327 599.1386
 13.4527 602.6686
 11.9727 605.4086
 13.1527 606.6286
 16.5927 606.8086
 17.2427 610.6386
 19.9227 613.9486
 20.1727 616.6686
 15.3327 619.1486
 12.7027 622.0486
  9.6927 634.8086
  8.3927 636.9986
  5.9327 638.1286
  5.2427 639.8186
  6.0127 649.9986
  2.5227 652.7486
  2.0327 657.4086
  0.3427 659.7986
  1.2127 660.4686
  2.0927 658.7486
  7.1927 659.8986
  6.6727 661.7686
  8.7627 660.9886
 12.3027 664.5086
 19.4527 662.8486
 22.6627 663.9486
 23.8027 662.3086
 25.4727 662.4786
 23.7927 666.8486
 26.1627 669.7986
 34.7827 669.9686
 32.9827 676.5886
 38.2527 683.8886
 42.0727 683.2186
 43.6327 675.9786
 50.7927 675.3586
 50.4427 676.3686
 54.7127 676.4786
 55.2627 675.7686
 61.4727 676.0186
 63.1927 674.6286
 63.1927 674.6286
 68.1927 669.4686
 67.9527 665.1086
 72.5527 666.5586
 71.5827 663.8986
 69.4027 663.1686
 66.9827 660.2686
 69.4027 655.4186
 68.6727 651.5486
 70.6127 646.2186
 78.3627 638.2286
 80.7827 632.6586
 87.5627 626.1186
 90.4727 630.4786
 98.4627 626.3586
 98.2227 623.9386
 96.0427 621.9986
102.5827 617.6386
104.2727 614.2486
 98.4627 610.1386

Južnobački_okrug
148
 27.9427 581.8086
 27.2627 579.5286
 28.9627 578.5586
 32.3527 579.7686
 34.0427 577.5886
 39.3727 574.9286
 37.6827 572.9886
 41.3127 572.4986
 44.7027 574.1986
 47.8527 573.2286
 48.8227 570.8086
 57.0527 570.8086
 58.0227 573.9586
 59.7127 574.6786
 60.9227 572.0186
 63.3527 570.3186
 66.4927 572.4986
 70.6127 572.2586
 73.0327 571.0486
 74.4927 574.1986
 71.5827 576.1386
 70.3727 578.7986
 73.2727 581.9486
 76.4227 583.3986
 76.9127 587.5186
 82.4827 591.8786
 88.7727 588.4886
 91.6827 589.6986
 93.1327 596.9586
 97.9827 596.4786
 98.7027 598.4186
 95.5527 602.7686
 98.4627 609.7986
 99.4727 610.0786
 99.4727 610.0786
102.8227 609.8886
102.8227 609.8886
113.4727 604.0786
117.1127 603.8386
119.2927 606.7486
119.2927 611.5886
124.6127 617.8886
124.6127 621.7586
122.4327 623.4586
124.3727 626.1186
128.4927 627.3286
136.7827 632.9586
136.7827 632.9586
137.6927 632.6586
137.6927 632.6586
146.8927 631.9286
151.4927 629.2686
157.5527 629.2686
167.7227 626.3586
169.9027 623.2086
169.9027 621.3686
169.9027 621.3686
166.3627 621.3686
166.3627 621.3686
163.9427 618.4686
166.1227 611.6886
157.6527 610.9586
156.1927 609.2586
156.9227 606.1186
164.6727 607.8086
164.4327 603.4486
160.7927 601.7586
161.0427 598.1286
166.1227 599.8186
169.7527 598.6086
166.6127 595.2186
159.1027 590.8586
161.0427 587.4686
159.3427 584.5586
158.8627 579.9586
160.5527 577.2986
163.2227 579.9586
166.1227 585.7686
168.7927 584.0786
169.7527 580.9286
173.1427 579.9586
174.3627 576.8086
173.3927 570.7586
176.7827 569.5486
180.4127 572.6986
181.8627 568.8186
181.1427 566.3986
179.2027 564.4586
179.2027 559.8586
181.3827 556.9586
185.9827 555.2586
188.4027 553.0786
186.9527 550.4186
181.6227 546.7886
193.0027 534.9186
195.9127 529.5886
193.4927 525.9586
188.8927 522.3286
190.3427 518.4486
190.3427 518.4486
188.0827 517.0186
188.0827 517.0186
181.8627 524.5086
177.9927 523.7786
172.1827 524.2586
171.2127 526.6886
168.7927 527.4086
163.2227 521.5986
159.5827 522.0786
158.1327 524.0186
160.0727 525.9586
160.3127 529.8286
157.1627 530.3186
153.0427 524.9886
152.0827 521.8386
150.1427 520.3886
143.8427 519.1786
136.8227 520.1486
132.4627 519.4186
131.0127 517.7286
127.8627 519.4186
123.2627 519.6586
118.4127 519.6586
115.2727 517.7286
108.0027 518.4486
102.1927 517.9686
 99.0427 519.1786
 95.8927 519.1786
 90.0827 522.5686
 87.1727 522.0786
 82.5727 517.7286
 75.8327 523.6186
 75.8327 523.6186
 75.5927 526.3086
 76.8227 528.4286
 76.1627 534.7986
 68.5327 534.9086
 56.9827 536.8386
 38.6527 546.4786
 35.8727 553.8286
 27.5527 555.3786
 21.8227 560.2886
 21.2627 562.4786
 24.2327 565.9586
 26.1527 566.0286
 27.4027 569.5286
 22.9727 574.7386
 23.6227 581.2486

Sremski_okrug
143
188.0827 517.0186
187.6727 516.7586
187.6727 516.7586
191.3127 513.6086
194.2127 508.0386
197.7227 506.1886
197.7227 506.1886
196.4927 504.5986
196.4927 504.5986
199.2327 503.8686
200.4727 501.3586
200.9127 497.7186
200.0827 495.0086
198.2827 492.7486
193.6127 491.3586
192.1127 489.7486
191.4327 486.8086
192.5227 483.0686
180.8327 477.4386
175.8527 473.3186
173.8527 469.2686
173.9127 466.0986
177.1327 462.2086
176.9127 459.9886
174.6727 458.4186
168.0927 456.6886
167.7727 454.2686
169.4327 450.6786
167.9627 447.4786
163.4527 444.2386
163.3227 442.7786
169.1427 438.2786
156.8527 432.4186
154.0227 429.8886
152.3527 426.8786
149.6327 424.8986
149.6327 424.8986
144.7927 426.0986
144.1727 428.8386
146.2027 430.1986
150.7827 431.0786
154.1127 433.6686
153.9727 436.0586
146.4727 434.9086
143.2127 435.6686
137.2027 438.6886
127.8827 446.2786
118.7227 446.8986
116.0527 449.6386
114.7727 453.6086
115.0027 458.8186
123.0527 475.0686
121.7727 476.5086
118.4927 475.8186
115.8627 478.8686
111.1227 479.0686
104.0427 474.6486
 94.4127 474.0786
 90.9927 474.6986
 88.6327 478.0986
 84.7927 473.9386
 79.0827 477.1086
 77.6427 475.2886
 76.5027 477.7186
 74.1327 476.1486
 67.0127 477.8586
 66.3227 476.1086
 70.5727 473.6486
 70.7027 472.6786
 69.6327 471.9986
 64.1727 475.5386
 60.7427 474.6986
 57.8727 476.4386
 52.0927 473.4486
 50.4927 477.1886
 47.7427 478.0386
 44.3427 475.1786
 41.0227 473.7886
 39.6127 471.6586
 35.7027 470.3086
 33.7327 467.4586
 27.6227 466.0386
 25.9527 474.6486
 34.7427 475.8186
 37.9227 479.6886
 42.8627 481.7486
 44.4327 483.8086
 43.5827 484.6886
 43.8727 487.7986
 42.8827 488.6486
 39.1127 486.7886
 31.3727 488.0086
 36.7327 491.3586
 37.9727 493.6786
 37.0527 498.9286
 39.3327 501.3086
 39.4127 504.2686
 37.0527 506.9186
 38.2127 509.1386
 36.1827 512.1986
 36.2927 515.6186
 41.4627 514.9586
 43.2627 515.8386
 48.5327 523.5586
 48.9827 525.8886
 47.1327 528.0086
 47.3427 528.9286
 48.6127 529.0186
 58.6827 523.5186
 61.6427 523.5186
 62.6027 528.4686
 65.6627 528.7586
 70.5627 523.0086
 75.8327 523.6186
 75.8327 523.6186
 82.5727 517.7286
 87.1727 522.0786
 90.0827 522.5686
 95.8927 519.1786
 99.0427 519.1786
102.1927 517.9686
108.0027 518.4486
115.2727 517.7286
118.4127 519.6586
123.2627 519.6586
127.8627 519.4186
131.0127 517.7286
132.4627 519.4186
136.8227 520.1486
143.8427 519.1786
150.1427 520.3886
152.0827 521.8386
153.0427 524.9886
157.1627 530.3186
160.3127 529.8286
160.0727 525.9586
158.1327 524.0186
159.5827 522.0786
163.2227 521.5986
168.7927 527.4086
171.2127 526.6886
172.1827 524.2586
177.9927 523.7786

Mačvanski_okrug
165
153.3027 414.5186
148.8427 415.0886
147.8727 413.3986
144.7227 412.1886
141.3327 414.3686
135.0327 408.3086
138.4227 401.2886
138.6727 397.4186
138.4227 394.2686
136.4927 390.8786
136.4927 387.2386
134.5527 382.8886
131.1627 382.6386
127.7727 384.0986
125.8327 386.9986
121.7127 388.6986
117.6027 389.1786
115.4227 392.3286
109.1227 391.3586
106.4627 388.6986
103.5527 389.1786
102.5827 391.8486
 98.2227 393.7786
 95.5627 392.5686
 90.4727 392.5686
 89.0227 390.8786
 92.1727 388.4586
 92.4127 385.5486
 90.9627 381.9186
 90.9627 379.2486
 87.5727 379.0086
 86.3627 377.7986
 91.9327 372.4686
 91.6927 369.5686
 87.3327 368.8386
 86.3627 365.9286
 83.2127 363.9986
 80.7927 360.8486
 85.8727 357.2186
 90.4727 356.2486
 93.8627 354.3086
 98.7127 353.5786
101.1327 349.9486
101.1327 344.8686
104.2827 343.4086
106.9627 340.0186
107.1827 336.1486
106.2227 332.9986
104.5227 334.9386
102.1027 335.6586
 90.0327 327.2286
 88.5127 331.8186
 85.5527 332.8686
 85.5127 334.4186
 87.0827 336.3986
 86.3127 337.9086
 84.1327 337.2786
 82.2927 334.9686
 78.9927 336.9686
 77.5527 341.4386
 71.2427 344.0886
 71.2627 348.1786
 69.2227 350.5986
 69.8427 352.9586
 67.2027 356.4086
 66.8227 359.7086
 63.1927 359.5286
 60.9127 360.7386
 58.2027 358.7686
 55.4527 358.1386
 53.2327 359.5586
 51.8127 363.3686
 47.9727 361.7986
 46.2027 362.2486
 44.4927 365.3386
 41.5227 368.0686
 41.9827 371.9686
 39.7727 372.5286
 38.6827 374.8386
 39.7227 377.0686
 38.4027 377.0686
 37.9027 378.0586
 38.7227 382.4886
 42.9227 385.0786
 43.6727 386.5386
 43.6527 393.2786
 41.6327 400.2686
 39.9527 401.7286
 41.2527 405.5186
 46.9927 405.8986
 47.7227 408.2786
 50.0727 410.7786
 49.8727 412.4086
 48.1527 413.4986
 49.5227 416.5486
 53.6927 418.5786
 53.3427 421.4986
 55.3327 422.5386
 56.1527 425.1186
 57.4027 425.2786
 56.9527 426.8086
 58.1627 429.9686
 59.9427 431.4886
 60.6227 435.1486
 65.1727 437.5286
 63.6827 440.1986
 64.4127 442.5686
 63.7427 444.2186
 66.0227 443.4586
 67.0727 445.1486
 64.7927 447.3486
 65.1227 449.0586
 63.8727 450.0286
 64.4227 450.9886
 67.3927 451.5186
 66.6327 453.1986
 65.1127 452.5586
 63.1127 453.4486
 65.8127 455.0886
 65.0527 457.0586
 65.4227 458.1486
 66.8127 458.3486
 66.0627 459.8386
 68.0727 459.1886
 69.3427 459.7486
 71.6227 462.7986
 70.2827 465.3686
 72.5527 464.7786
 74.7227 467.5386
 73.0227 468.2786
 72.8827 471.1686
 70.3927 474.0086
 66.4727 476.1086
 67.1627 477.8586
 74.2827 476.1486
 76.6527 477.7186
 77.7927 475.2886
 79.2327 477.1086
 84.9427 473.9386
 88.7827 478.0986
 91.1427 474.6986
 94.5627 474.0786
104.2027 474.6486
111.2827 479.0686
116.0127 478.8686
118.6427 475.8186
122.4827 476.2886
122.8327 473.2986
121.0027 471.2586
115.1527 458.8186
114.9227 453.6086
115.8527 450.2086
118.8827 446.8986
128.0327 446.2786
137.3527 438.6886
143.3627 435.6686
146.6327 434.9086
154.1227 436.0586
154.2627 433.6686
150.3927 430.7686
145.3327 429.6786
144.1627 427.8086
144.9427 426.0986
149.5827 424.8486
150.7727 419.9386

Kolubarski_okrug
121
153.1527 414.5186
153.0427 413.3986
153.0427 413.3986
151.5927 410.2486
154.5027 407.8286
158.1327 406.6186
160.3127 403.9486
163.4627 405.1686
164.4327 409.0386
166.8527 409.2786
169.7527 407.0986
170.9727 404.1986
173.8727 402.2586
179.4427 412.4286
181.1427 409.7686
181.3827 403.2286
186.2227 399.3486
185.7427 394.7486
184.2827 392.5686
186.4627 390.8786
185.7427 386.9986
182.8327 385.3086
183.0727 382.1586
180.6527 379.0086
183.5627 376.3486
182.8327 373.9286
178.7127 373.4386
178.9627 371.7486
183.3227 365.4486
190.8227 357.6986
194.2127 359.6386
200.0327 360.6086
200.7527 363.9986
204.6327 367.3886
206.6527 367.7686
206.6527 367.7686
206.5627 366.8986
206.5627 366.8986
209.4727 366.6586
209.7127 358.4286
210.8527 357.0986
210.8527 357.0986
208.7427 353.5786
208.7427 353.5786
203.4227 347.0386
200.2727 346.0786
197.6027 341.2286
193.7327 340.2586
192.2827 336.6286
187.9227 336.6286
184.2827 334.9386
178.4727 335.4186
173.3927 330.8186
167.3327 330.0886
167.3327 330.0886
165.5127 329.5486
165.5127 329.5486
164.6727 331.0586
157.1627 331.7886
153.2927 331.2986
149.6527 328.8786
146.2627 331.2986
143.6027 336.3886
139.7327 337.3586
135.8527 335.4186
133.6727 332.7586
131.0127 335.1786
127.6227 335.1786
128.8327 332.5086
131.7327 330.0886
132.9427 326.4586
131.7327 324.2786
127.6227 324.2786
126.6527 327.9086
123.7427 332.0286
109.4527 340.5086
109.4527 340.5086
106.8027 340.0186
104.1327 343.4086
100.9827 344.8686
100.9827 349.9486
 98.5627 353.5786
 93.7127 354.3086
 90.3227 356.2486
 85.7227 357.2186
 80.6427 360.8486
 83.0627 363.9986
 86.2127 365.9286
 87.1727 368.8386
 91.5327 369.5686
 91.7827 372.4686
 86.2127 377.7986
 87.4227 379.0086
 90.8127 379.2486
 90.8127 381.9186
 92.2627 385.5486
 92.0227 388.4586
 88.8727 390.8786
 90.3227 392.5686
 95.4127 392.5686
 98.0727 393.7786
102.4327 391.8486
103.4027 389.1786
106.3127 388.6986
108.9727 391.3586
115.2727 392.3286
117.4527 389.1786
121.5627 388.6986
125.6827 386.9986
127.6227 384.0986
131.0127 382.6386
134.4027 382.8886
136.3327 387.2386
136.3327 390.8786
138.2727 394.2686
138.5127 397.4186
138.2727 401.2886
134.8827 408.3086
141.1827 414.3686
144.5727 412.1886
147.7227 413.3986

Podunavski_okrug
68
300.5427 346.8786
298.0527 347.1886
298.5427 351.0586
294.9127 351.7886
292.9727 350.0986
289.3427 354.2086
283.7727 357.3586
282.0727 361.9586
277.7127 360.2686
272.3827 360.2686
266.0927 362.9286
261.0027 363.4186
262.2127 368.4986
261.0027 369.2286
261.0027 369.2286
254.7127 369.4686
254.4627 374.5586
254.4627 374.5586
257.6127 376.2486
250.8327 382.7886
253.2527 385.6986
254.7127 391.2586
257.1327 391.9886
259.7927 390.2986
262.4627 390.0486
265.1227 392.2286
263.6727 396.8386
258.8227 402.1586
259.0727 405.0686
255.4327 405.0686
253.7427 408.2186
250.3527 411.3586
254.4627 414.5086
263.6727 415.9686
260.7627 419.8386
258.1027 420.5686
257.6127 425.8886
258.3927 429.7686
258.3927 429.7686
259.7927 429.7086
259.7927 429.7086
266.5427 430.3486
273.5527 432.2586
282.6927 440.4586
286.9027 441.0686
286.9027 441.0686
288.9127 440.7786
288.9127 440.7786
288.3727 432.6786
289.0927 429.0386
292.2427 426.1386
291.7627 422.4986
292.9727 419.5986
301.9327 416.2086
300.7227 406.0386
305.8027 395.1386
305.3227 390.0486
299.9927 383.9986
300.4827 379.8786
305.8027 377.9486
306.7727 373.5886
299.9927 371.4086
299.5727 367.1186
299.5727 367.1186
298.5027 364.9686
304.9327 356.0386
302.4327 352.8286
301.0027 348.1786

Braničevski_okrug
104
299.5727 367.1186
299.9927 371.4086
306.7727 373.5886
305.8027 377.9486
300.4827 379.8786
299.9927 383.9986
305.3227 390.0486
305.8027 395.1386
300.7227 406.0386
301.9327 416.2086
292.9727 419.5986
291.7627 422.4986
292.2427 426.1386
289.0927 429.0386
288.3727 432.6786
288.9127 440.7786
288.9127 440.7786
288.9127 440.7786
288.9127 440.7786
293.0127 440.9286
297.8227 443.2786
303.0927 444.5086
306.2027 448.4586
311.8427 452.5186
329.7427 460.0986
329.7427 460.0986
333.0827 457.3786
335.4727 451.6086
344.6427 451.4986
349.4227 450.3486
352.8727 450.8286
359.3827 448.4386
361.5227 445.5086
363.1327 440.2886
363.3927 433.6886
365.5027 430.7486
373.4527 431.2786
377.3327 429.2586
386.3927 430.9286
388.2127 429.2786
396.1227 428.7186
399.2427 427.6386
403.1727 428.0186
407.5927 425.7886
412.3827 425.3686
414.4227 420.1286
414.4227 420.1286
412.4127 418.9986
411.5827 414.3086
409.3727 412.3786
409.1027 410.4386
405.7827 410.1686
406.0627 402.9886
404.6827 399.9486
404.9527 394.6986
402.7427 392.2186
398.6027 391.9386
397.2227 388.0786
392.5327 388.0786
391.9827 385.0386
387.2827 379.7886
389.2127 377.5786
390.5927 373.7186
388.6627 371.7886
396.3927 370.4086
400.5327 367.3686
401.3627 355.4886
404.4027 353.5586
406.0627 356.8786
408.2727 357.9786
409.3727 354.1086
409.1027 350.7986
411.8627 347.4886
408.8227 341.6886
410.2027 337.2686
409.1027 333.6786
406.8927 331.7486
400.8127 332.0186
398.6027 328.9886
393.0827 329.8086
390.6827 326.3886
390.6827 326.3886
388.5327 330.3186
388.5327 330.3186
383.8927 330.3186
379.2527 333.1786
371.7427 333.1786
367.4627 337.1086
355.6727 337.8186
354.9527 342.8186
348.8827 348.1786
343.8827 347.8286
341.3827 350.3286
336.7327 350.3286
333.5227 347.8286
329.5827 350.3286
330.6627 352.4686
332.8027 353.8986
329.2327 356.0386
325.6527 363.8986
322.4427 365.6886
318.8727 359.2586
314.2227 359.9686
312.7927 364.6186

Šumadijski_okrug
99
254.6927 369.7686
261.0027 369.2286
261.0027 369.2286
262.2127 368.4986
261.0027 363.4186
266.0927 362.9286
272.3827 360.2686
277.7127 360.2686
282.0727 361.9586
283.7727 357.3586
289.3427 354.2086
292.9727 350.0986
294.9127 351.7886
298.5427 351.0586
298.0527 347.1886
300.5427 346.8786
300.5427 346.8786
299.2227 343.1786
299.2227 343.1786
301.7227 337.8186
306.0127 335.3186
304.2227 331.0286
297.7927 326.7486
296.0027 322.8186
298.5027 318.8886
298.8627 313.8886
293.8627 312.8086
289.2127 309.9486
292.7927 307.4486
293.8627 303.5186
292.0727 301.3786
291.7127 298.8786
288.5027 297.8086
285.6427 294.9486
286.7127 290.2986
290.6427 289.2286
275.6427 279.9386
273.9027 279.6486
273.9027 279.6486
273.4927 282.0886
273.4927 282.0886
269.9227 284.2286
263.8527 284.9486
260.2727 283.8686
256.7027 282.4386
255.9927 279.2286
258.4927 277.4386
254.5627 274.5786
248.4827 274.2286
240.6227 286.3686
240.6227 286.3686
238.3927 287.3686
238.3927 287.3686
238.7727 289.6486
234.9027 292.3086
231.5127 297.3986
228.3627 300.3086
225.4527 306.8386
234.9027 314.8386
238.5327 315.3186
239.2627 317.4986
235.8727 322.3386
226.4227 329.8486
226.1827 334.2086
223.7627 339.2986
221.3427 341.9586
217.9527 342.1986
213.5927 348.0086
213.3427 354.3086
210.9227 357.2186
210.9227 357.2186
210.8527 357.0986
210.8527 357.0986
209.7127 358.4286
209.4727 366.6586
206.5627 366.8986
206.5627 366.8986
207.0527 371.4986
207.0527 371.4986
212.6227 378.5286
211.1627 381.6786
208.9927 382.8886
207.7727 385.5486
209.4727 387.4886
210.2027 390.8786
213.5927 389.9086
215.0427 388.2086
223.0327 386.7586
224.9727 378.2786
229.8127 379.4986
231.0227 381.1886
233.4427 381.9186
236.1127 380.7086
236.3527 377.0686
238.5327 374.1686
242.6527 373.6786
244.5827 375.3786
248.2227 375.1386
249.1927 372.2286

Pomoravski_okrug
104
347.8427 270.5686
347.4527 271.6486
347.4527 271.6486
343.1627 267.0086
340.3027 265.5786
337.0927 265.5786
336.7327 268.0786
333.5227 268.4386
331.3727 270.2286
335.6627 272.3686
332.8027 273.4386
332.0927 275.9386
328.5127 276.2986
327.0827 273.4386
320.3027 273.0786
319.2227 280.5886
321.7327 282.0186
320.6527 286.6586
317.4427 283.7986
316.7227 273.4386
313.8627 272.3686
310.2927 268.7986
306.7227 268.7986
303.8627 269.8686
303.5027 267.0086
305.2927 263.4386
301.3627 262.0086
297.4327 263.4386
293.5027 263.4386
286.0027 266.2986
283.1427 264.5086
283.1427 264.5086
279.5427 267.8086
279.5427 267.8086
274.5727 275.6586
274.5727 275.6586
273.9027 279.6486
273.9027 279.6486
275.6427 279.9386
290.6427 289.2286
286.7127 290.2986
285.6427 294.9486
288.5027 297.8086
291.7127 298.8786
292.0727 301.3786
293.8627 303.5186
292.7927 307.4486
289.2127 309.9486
293.8627 312.8086
298.8627 313.8886
298.5027 318.8886
296.0027 322.8186
297.7927 326.7486
304.2227 331.0286
306.0127 335.3186
301.7227 337.8186
299.2227 343.1786
299.2227 343.1786
301.0027 348.1786
301.0027 348.1786
302.4327 352.8286
304.9327 356.0386
298.5027 364.9686
299.5727 367.1186
299.5727 367.1186
308.1527 367.8286
312.7927 364.6186
314.2227 359.9686
318.8727 359.2586
322.4427 365.6886
325.6527 363.8986
329.2327 356.0386
332.8027 353.8986
330.6627 352.4686
329.5827 350.3286
333.5227 347.8286
336.7327 350.3286
341.3827 350.3286
343.8827 347.8286
348.8827 348.1786
354.9527 342.8186
355.6727 337.8186
367.4627 337.1086
371.7427 333.1786
379.2527 333.1786
383.8927 330.3186
388.5327 330.3186
388.5327 330.3186
390.6827 326.3886
390.6827 326.3886
388.1827 324.2486
386.0327 316.0286
386.0327 316.0286
383.8927 309.5986
383.8927 309.5986
379.9627 302.8086
377.8227 296.0186
372.8227 295.6586
372.4627 293.8786
374.6027 285.6586
369.9627 280.6586
369.9627 280.6586
367.8127 278.8686
367.8127 278.8686

Borski_okrug
148
390.6827 326.3886
393.0827 329.8086
398.6027 328.9886
400.8127 332.0186
406.8927 331.7486
409.1027 333.6786
410.2027 337.2686
408.8227 341.6886
411.8627 347.4886
409.1027 350.7986
409.3727 354.1086
408.2727 357.9786
406.0627 356.8786
404.4027 353.5586
401.3627 355.4886
400.5327 367.3686
396.3927 370.4086
388.6627 371.7886
390.5927 373.7186
389.2127 377.5786
387.2827 379.7886
391.9827 385.0386
392.5327 388.0786
397.2227 388.0786
398.6027 391.9386
402.7427 392.2186
404.9527 394.6986
404.6827 399.9486
406.0627 402.9886
405.7827 410.1686
409.1027 410.4386
409.3727 412.3786
411.5827 414.3086
412.4127 418.9986
414.4227 420.1286
414.4227 420.1286
416.6527 417.7586
418.0327 408.7886
422.2227 405.9586
423.6427 400.3886
431.0727 395.8486
436.5127 396.4986
444.2027 413.1586
447.2227 417.4686
449.0927 423.6286
452.2027 426.1286
453.3527 430.0586
457.4427 433.1086
464.0227 433.7686
467.4027 438.0886
474.1727 440.2586
488.2427 425.0786
494.2827 421.6886
500.8527 422.1786
502.3127 420.3386
505.3127 419.4286
511.0127 412.6986
512.1327 407.9686
503.7927 403.6386
494.8027 409.6186
489.2927 409.7086
486.6527 406.8986
485.7527 399.3386
484.5127 397.3086
480.6827 395.5186
474.2927 396.8086
472.7127 395.3586
473.6327 390.7386
478.2027 386.2386
478.5727 380.2486
481.1927 372.6886
485.8327 365.9386
489.2327 364.4586
498.9927 362.6486
502.2227 359.0786
502.2627 355.8086
500.5727 351.8786
500.3027 348.2186
499.6427 349.6186
498.1127 347.8586
496.9227 348.5586
497.1027 346.8286
495.8327 345.2286
496.3227 344.4286
494.7127 344.1286
495.7227 342.5786
494.5427 341.8586
493.7727 342.3786
492.9127 340.7886
494.8327 339.4086
494.8227 337.3286
493.7127 337.7086
492.5127 330.2786
493.7727 328.4386
493.1427 325.0586
494.2327 324.0886
493.8827 322.4286
489.1027 322.2286
488.5327 320.7186
486.1827 321.2786
482.7227 320.3486
482.5927 319.4586
482.5927 319.4586
480.6127 319.4586
480.0627 321.1186
475.6427 318.3586
472.8827 319.7386
472.6127 326.6386
475.6427 327.4686
477.5727 329.9486
473.7127 334.0886
470.6727 334.0886
466.8127 340.1686
458.5227 339.0586
452.1727 340.4486
448.0327 342.0986
445.2727 345.9686
443.6127 339.8886
440.3027 337.6786
443.3327 333.8186
443.3327 330.4986
445.2727 327.7386
444.9927 322.2186
446.6527 318.6286
439.7527 311.1786
437.2627 305.9286
436.4327 299.0286
433.1227 297.9186
431.7427 295.4386
427.6027 293.2286
427.6027 295.9886
424.2827 296.8186
419.5927 307.5886
416.5527 307.0286
414.6227 304.2686
410.2027 305.3786
405.2327 308.4086
401.6427 315.0386
396.3927 315.0386
394.4627 313.3886
390.8727 314.7586
388.3927 312.8286
385.3727 314.0386
385.3727 314.0386
386.0327 316.0286
386.0327 316.0286
388.1827 324.2486
390.6827 326.3886

Zaječarski_okrug
141
482.5927 319.4586
483.8227 317.0686
481.9327 314.6086
470.9027 313.9986
470.3327 312.7986
466.4227 311.6786
467.1227 309.5586
466.1827 307.8186
466.1427 300.0686
463.6327 297.7186
464.3727 294.5586
463.3327 287.5486
459.6527 276.8686
462.8427 269.8286
465.2827 267.6886
464.4527 262.4786
465.5327 260.8686
466.1727 256.6686
468.3227 253.3986
471.7927 250.5986
475.3427 249.3986
476.9927 246.3586
475.4827 243.2586
477.3127 239.4886
476.6927 232.7986
482.7627 216.2486
484.9427 214.8886
488.1527 214.8386
491.0627 210.0886
498.9127 208.5086
500.3527 203.7586
500.3527 203.7586
498.2827 203.3486
495.5227 201.1386
488.0727 192.5786
482.2727 193.4086
479.2327 196.7186
478.9627 200.3086
476.1927 199.2086
475.3727 197.5486
470.9527 195.8886
467.3627 198.9286
464.6027 199.2086
459.9027 201.6886
456.8727 201.6886
456.8727 201.6886
456.8727 200.9486
456.8727 200.9486
457.1427 207.2086
458.2527 209.6986
455.4927 215.7686
452.7227 217.7086
451.3427 215.2186
447.7527 214.1186
441.1327 220.4686
438.6427 218.5286
431.4627 217.9786
430.0827 221.5686
427.0427 221.8486
424.8327 224.0586
419.3127 224.6086
419.8627 226.5386
417.9327 229.8586
418.2127 231.7886
413.2427 237.0286
409.6527 238.6886
406.8927 237.8586
407.7127 234.8286
412.1327 230.4086
412.1327 227.3686
409.1027 227.0886
407.7127 229.2986
405.5127 229.2986
404.6827 227.3686
402.1927 227.3686
401.3627 230.6786
399.4327 232.0586
395.0127 240.0686
392.2527 238.1386
385.0727 240.3486
382.3127 242.2786
381.4827 245.8686
378.7227 248.3586
374.3027 255.5386
374.0327 259.6786
375.6827 263.2686
375.1327 265.7486
372.9227 268.2386
375.1327 272.0986
370.9927 277.6286
369.9427 280.6386
369.9427 280.6386
369.9627 280.6586
369.9627 280.6586
374.6027 285.6586
372.4627 293.8786
372.8227 295.6586
377.8227 296.0186
379.9627 302.8086
383.8927 309.5986
383.8927 309.5986
385.3727 314.0386
385.3727 314.0386
388.3927 312.8286
390.8727 314.7586
394.4627 313.3886
396.3927 315.0386
401.6427 315.0386
405.2327 308.4086
410.2027 305.3786
414.6227 304.2686
416.5527 307.0286
419.5927 307.5886
424.2827 296.8186
427.6027 295.9886
427.6027 293.2286
431.7427 295.4386
433.1227 297.9186
436.4327 299.0286
437.2627 305.9286
439.7527 311.1786
446.6527 318.6286
444.9927 322.2186
445.2727 327.7386
443.3327 330.4986
443.3327 333.8186
440.3027 337.6786
443.6127 339.8886
445.2727 345.9686
448.0327 342.0986
452.1727 340.4486
458.5227 339.0586
466.8127 340.1686
470.6727 334.0886
473.7127 334.0886
477.5727 329.9486
475.6427 327.4686
472.6127 326.6386
472.8827 319.7386
475.6427 318.3586
480.0627 321.1186

Zlatiborski_okrug
177
165.5127 329.5486
164.9127 329.3686
164.9127 329.3686
165.1527 325.7286
163.9427 322.3386
166.6127 317.2586
163.2227 310.4786
169.7527 302.4886
168.0627 298.8486
168.0627 293.5286
169.7527 287.9586
169.7527 283.1086
173.3927 280.9286
171.6927 273.6686
174.8427 266.3986
179.4427 259.8586
179.4427 255.5086
181.3827 251.3886
178.4727 248.9686
174.3627 250.8986
170.4827 248.7186
170.0027 245.3286
166.8527 243.6386
162.9727 243.3986
159.5827 240.4886
154.9827 233.4686
150.8627 233.2286
150.3827 235.4086
148.6927 234.6786
146.0227 230.0786
146.7527 226.1986
151.1127 225.2286
158.3727 217.4786
162.7327 209.9786
163.4627 205.6186
167.3327 202.2286
168.3027 198.5986
170.7227 195.4486
169.7527 190.3586
174.1127 187.6986
178.2327 186.9686
181.3827 189.1486
189.1327 191.0886
192.2827 190.8486
194.9427 189.1486
194.3627 186.6986
194.3627 186.6986
190.9627 186.6986
190.9627 186.6986
189.1827 182.4086
190.9627 177.0486
187.0327 176.3286
184.8927 173.4786
188.8227 170.2586
190.2527 167.3986
193.1127 167.0486
194.1827 162.3986
179.1727 158.8286
177.3927 152.3986
172.3827 152.0386
169.8827 148.4686
168.1027 143.8186
164.5227 138.8186
164.1227 135.6986
164.1227 135.6986
151.7727 149.3086
149.2927 154.8286
144.8427 151.9286
137.9727 152.1286
135.7227 153.7586
133.9527 152.5286
132.4627 154.5486
127.7827 155.1886
125.5127 163.5986
124.0827 165.6186
122.6027 165.4586
121.1527 162.1486
119.1627 163.5486
112.9527 165.2486
108.4727 168.0686
104.4927 175.2986
 95.5927 180.8586
 92.7227 189.6386
 86.5227 192.0586
 84.7027 194.5786
 83.4927 199.6086
 79.7627 200.7286
 74.0427 205.7786
 68.1427 208.1286
 63.5527 211.1886
 54.5327 221.2686
 54.0427 227.5886
 56.5827 227.0586
 57.4027 228.1486
 57.8527 238.8786
 60.1927 239.8286
 67.9827 238.1686
 72.7827 240.3986
 74.0527 239.7386
 74.6127 237.8886
 75.8927 237.8686
 77.7327 233.7986
 79.4427 233.5486
 83.2427 236.2386
 89.3527 236.0686
 90.2727 237.1686
 89.1227 238.8986
 88.2927 238.8286
 89.3527 242.1486
 87.8727 245.1486
 89.3027 246.2586
 90.9127 244.3486
 92.6727 245.7886
 90.1627 261.3886
 84.4227 266.2386
 83.3527 269.9786
 81.0327 271.9086
 76.4927 273.5686
 75.0027 282.5786
 72.9227 284.3586
 70.4727 289.1186
 67.0127 291.1286
 66.5027 295.5086
 63.1027 297.0186
 62.6527 299.7986
 57.7827 303.7086
 55.1727 308.4886
 54.7127 313.5286
 56.3427 313.9686
 59.2527 310.7686
 64.5127 310.2786
 68.2727 307.6186
 70.1227 307.7886
 71.6427 305.6286
 74.8127 303.8486
 76.7527 305.0186
 80.0427 303.4786
 92.7027 303.1686
 94.5627 306.3686
 97.9427 308.3186
 97.6827 310.8886
104.9827 313.9286
104.1927 317.3286
105.3927 319.9686
104.7427 320.7586
102.8827 320.3286
102.4227 323.4786
100.7127 323.8486
 99.9127 320.1086
 98.9927 319.6086
 96.2427 323.9086
 91.3927 325.4686
 89.8827 327.2286
101.9527 335.6586
104.3727 334.9386
106.0627 332.9986
107.0327 336.1486
106.7927 340.0186
109.4527 340.5086
109.4527 340.5086
123.7427 332.0286
126.6527 327.9086
127.6227 324.2786
131.7327 324.2786
132.9427 326.4586
131.7327 330.0886
128.8327 332.5086
127.6227 335.1786
131.0127 335.1786
133.6727 332.7586
135.8527 335.4186
139.7327 337.3586
143.6027 336.3886
146.2627 331.2986
149.6527 328.8786
153.2927 331.2986
157.1627 331.7886

Moravički_okrug
109
238.3927 287.3686
237.4127 287.7986
237.4127 287.7986
231.6927 286.0186
228.1227 281.7286
228.4827 275.6586
221.6927 272.4386
218.8327 267.7986
216.3327 265.6486
210.6127 265.2986
211.3327 262.0786
214.1927 257.7886
214.9027 252.7886
212.4027 250.2886
208.1127 252.0786
204.9027 250.2886
203.4727 246.7186
207.0427 243.1386
204.1827 235.6386
197.0427 229.2086
200.2527 225.2786
205.6127 224.2086
207.7527 219.5586
212.0427 216.3486
209.1827 205.6286
212.0427 203.1286
211.6827 193.8386
207.0427 192.0486
202.7527 186.3386
202.0427 182.0486
198.4727 183.4786
194.5427 186.6986
194.5427 186.6986
194.3627 186.6986
194.3627 186.6986
194.9427 189.1486
192.2827 190.8486
189.1327 191.0886
181.3827 189.1486
178.2327 186.9686
174.1127 187.6986
169.7527 190.3586
170.7227 195.4486
168.3027 198.5986
167.3327 202.2286
163.4627 205.6186
162.7327 209.9786
158.3727 217.4786
151.1127 225.2286
146.7527 226.1986
146.0227 230.0786
148.6927 234.6786
150.3827 235.4086
150.8627 233.2286
154.9827 233.4686
159.5827 240.4886
162.9727 243.3986
166.8527 243.6386
170.0027 245.3286
170.4827 248.7186
174.3627 250.8986
178.4727 248.9686
181.3827 251.3886
179.4427 255.5086
179.4427 259.8586
174.8427 266.3986
171.6927 273.6686
173.3927 280.9286
169.7527 283.1086
169.7527 287.9586
168.0627 293.5286
168.0627 298.8486
169.7527 302.4886
163.2227 310.4786
166.6127 317.2586
163.9427 322.3386
165.1527 325.7286
164.9127 329.3686
164.9127 329.3686
167.3327 330.0886
167.3327 330.0886
173.3927 330.8186
178.4727 335.4186
184.2827 334.9386
187.9227 336.6286
192.2827 336.6286
193.7327 340.2586
197.6027 341.2286
200.2727 346.0786
203.4227 347.0386
208.7427 353.5786
208.7427 353.5786
210.9227 357.2186
210.9227 357.2186
213.3427 354.3086
213.5927 348.0086
217.9527 342.1986
221.3427 341.9586
223.7627 339.2986
226.1827 334.2086
226.4227 329.8486
235.8727 322.3386
239.2627 317.4986
238.5327 315.3186
234.9027 314.8386
225.4527 306.8386
228.3627 300.3086
231.5127 297.3986
234.9027 292.3086

Raški_okrug
137
279.5427 267.8086
278.8527 268.4386
278.8527 268.4386
274.5727 261.6486
274.2127 256.2886
271.7127 252.7186
271.3527 249.8586
278.1427 244.8586
277.4227 241.6386
273.4927 241.6386
273.4927 238.7886
275.2827 235.5686
275.6427 230.9286
277.4227 226.6386
273.4927 224.1386
269.2127 225.2086
266.3527 227.3486
263.4927 227.7086
260.6327 225.5686
256.7027 227.3486
254.9127 224.4986
259.5627 220.5586
256.7027 210.5586
257.0627 205.1986
262.7827 204.4886
267.0627 200.1986
266.3527 193.7686
260.9927 188.7686
263.8527 186.2686
261.1827 180.7286
261.1827 180.7286
260.9827 180.7286
260.9827 180.7286
258.3227 180.0886
254.3927 176.6086
251.2227 175.6886
243.5827 170.9186
235.2827 168.3686
235.8927 165.6386
241.4427 159.9686
240.5827 155.2386
241.1827 152.6886
242.1627 151.5086
244.5127 151.9286
244.4527 147.5386
246.5027 140.9086
246.6427 137.0886
246.1527 135.7086
238.6427 134.6186
238.6927 132.2686
234.9527 134.1386
229.9527 132.3386
220.1727 125.4886
218.6927 122.3786
218.9327 120.3186
223.9227 112.8386
223.8327 111.7586
223.8327 111.7586
223.0827 110.0686
223.0827 110.0686
221.5627 107.5286
219.4827 106.3086
200.4727 103.3186
200.4727 103.3186
202.6327 106.1686
202.8227 115.0186
201.6027 117.5286
195.5827 120.7386
195.1027 123.1686
189.1927 124.2886
186.0427 126.7786
176.1727 131.2286
171.8527 129.6486
167.2127 134.1086
164.1227 135.6986
164.1227 135.6986
164.5227 138.8186
168.1027 143.8186
169.8827 148.4686
172.3827 152.0386
177.3927 152.3986
179.1727 158.8286
194.1827 162.3986
193.1127 167.0486
190.2527 167.3986
188.8227 170.2586
184.8927 173.4786
187.0327 176.3286
190.9627 177.0486
189.1827 182.4086
190.9627 186.6986
190.9627 186.6986
194.5427 186.6986
194.5427 186.6986
198.4727 183.4786
202.0427 182.0486
202.7527 186.3386
207.0427 192.0486
211.6827 193.8386
212.0427 203.1286
209.1827 205.6286
212.0427 216.3486
207.7527 219.5586
205.6127 224.2086
200.2527 225.2786
197.0427 229.2086
204.1827 235.6386
207.0427 243.1386
203.4727 246.7186
204.9027 250.2886
208.1127 252.0786
212.4027 250.2886
214.9027 252.7886
214.1927 257.7886
211.3327 262.0786
210.6127 265.2986
216.3327 265.6486
218.8327 267.7986
221.6927 272.4386
228.4827 275.6586
228.1227 281.7286
231.6927 286.0186
237.4127 287.7986
237.4127 287.7986
240.6227 286.3686
240.6227 286.3686
248.4827 274.2286
254.5627 274.5786
258.4927 277.4386
255.9927 279.2286
256.7027 282.4386
260.2727 283.8686
263.8527 284.9486
269.9227 284.2286
273.4927 282.0886
273.4927 282.0886
274.5727 275.6586

Rasinski_okrug
122
347.4527 201.5586
347.0927 202.3386
347.0927 202.3386
338.8727 205.1986
335.3027 203.4186
331.3727 206.6286
328.1627 206.2686
327.4427 204.1286
324.5827 204.1286
320.3027 201.6286
313.8627 201.2686
312.0827 198.7686
312.4427 193.0586
310.6527 190.1986
306.7227 189.8386
306.0127 183.7686
303.8627 179.4786
298.8627 176.2586
296.0027 177.6886
292.4327 181.2586
287.7827 178.7586
285.2827 181.6186
283.1427 180.1886
282.0727 175.5486
280.2827 174.8286
280.2827 165.8986
278.1427 163.0386
277.0727 159.4686
277.3427 154.2686
277.3427 154.2686
277.1427 154.3586
277.1427 154.3586
273.6527 156.4586
270.1927 157.2386
266.9527 160.4786
266.0527 164.6486
267.3927 165.8486
269.6227 166.1186
274.2127 164.5386
274.4927 166.6986
267.6127 178.4786
264.1827 180.6386
261.6327 180.7286
261.6327 180.7286
261.1827 180.7286
261.1827 180.7286
263.8527 186.2686
260.9927 188.7686
266.3527 193.7686
267.0627 200.1986
262.7827 204.4886
257.0627 205.1986
256.7027 210.5586
259.5627 220.5586
254.9127 224.4986
256.7027 227.3486
260.6327 225.5686
263.4927 227.7086
266.3527 227.3486
269.2127 225.2086
273.4927 224.1386
277.4227 226.6386
275.6427 230.9286
275.2827 235.5686
273.4927 238.7886
273.4927 241.6386
277.4227 241.6386
278.1427 244.8586
271.3527 249.8586
271.7127 252.7186
274.2127 256.2886
274.5727 261.6486
278.8527 268.4386
278.8527 268.4386
283.1427 264.5086
283.1427 264.5086
286.0027 266.2986
293.5027 263.4386
297.4327 263.4386
301.3627 262.0086
305.2927 263.4386
303.5027 267.0086
303.8627 269.8686
306.7227 268.7986
310.2927 268.7986
313.8627 272.3686
316.7227 273.4386
317.4427 283.7986
320.6527 286.6586
321.7327 282.0186
319.2227 280.5886
320.3027 273.0786
327.0827 273.4386
328.5127 276.2986
332.0927 275.9386
332.8027 273.4386
335.6627 272.3686
331.3727 270.2286
333.5227 268.4386
336.7327 268.0786
337.0927 265.5786
340.3027 265.5786
343.1627 267.0086
347.4527 271.6486
347.4527 271.6486
348.8827 267.7186
348.8827 267.7186
348.8827 264.1486
351.7427 262.3686
350.6627 259.5086
347.0927 257.0086
345.6627 252.7186
349.5927 245.2186
353.5227 243.7886
354.9527 232.7086
358.5227 230.5686
358.1727 225.2086
354.9527 220.5586
356.3827 215.2086
359.2427 211.9886
356.3827 208.4186
352.8127 208.0586

Nišavski_okrug
133
456.8727 200.9486
456.8727 197.8186
456.8727 197.8186
455.2127 193.1286
447.7527 191.1986
446.1027 191.1986
443.6127 193.4086
439.7527 195.0586
436.9827 195.0586
433.1227 197.2686
432.2927 196.1686
431.4627 193.1286
432.8427 189.2586
432.5727 187.6086
435.8827 184.8486
435.8827 181.5286
431.1927 178.4986
428.7027 171.8686
429.5327 169.3786
436.1627 166.3486
442.5127 161.0986
449.6927 160.2686
451.0727 157.5086
449.9627 152.2586
447.2027 151.9886
443.8927 150.2186
443.8927 150.2186
443.8927 150.5186
443.8927 150.5186
441.9527 149.4186
440.0227 145.5486
437.8127 145.2786
436.7127 147.4886
431.7427 146.9286
431.4627 150.7986
428.4227 151.8986
419.3127 161.2886
414.8927 162.6686
410.4827 162.9486
403.0227 157.9786
402.7427 161.8386
400.5327 163.7786
395.5727 161.5686
389.4127 160.5786
389.4127 160.5786
388.8927 161.9686
388.8927 161.9686
386.0327 170.5486
384.9627 177.6886
381.3927 180.1886
376.3927 180.5486
374.6027 173.0486
372.8227 175.1886
367.4627 176.9786
365.6727 180.1886
367.4627 182.3386
367.4627 185.5486
363.1727 186.2686
359.9527 188.7686
358.8827 191.9786
361.3827 195.1986
362.1027 199.1286
355.3127 198.0586
348.8827 198.4086
348.8827 198.4086
347.4527 201.5586
347.4527 201.5586
350.6627 204.4886
352.8127 208.0586
356.3827 208.4186
359.2427 211.9886
356.3827 215.2086
354.9527 220.5586
358.1727 225.2086
358.5227 230.5686
354.9527 232.7086
353.5227 243.7886
349.5927 245.2186
345.6627 252.7186
347.0927 257.0086
350.6627 259.5086
351.7427 262.3686
348.8827 264.1486
348.8827 267.7186
348.8827 267.7186
347.8427 270.5686
347.8427 270.5686
355.6727 278.1586
367.8127 278.8686
367.8127 278.8686
369.9427 280.6386
369.9427 280.6386
370.9927 277.6286
375.1327 272.0986
372.9227 268.2386
375.1327 265.7486
375.6827 263.2686
374.0327 259.6786
374.3027 255.5386
378.7227 248.3586
381.4827 245.8686
382.3127 242.2786
385.0727 240.3486
392.2527 238.1386
395.0127 240.0686
399.4327 232.0586
401.3627 230.6786
402.1927 227.3686
404.6827 227.3686
405.5127 229.2986
407.7127 229.2986
409.1027 227.0886
412.1327 227.3686
412.1327 230.4086
407.7127 234.8286
406.8927 237.8586
409.6527 238.6886
413.2427 237.0286
418.2127 231.7886
417.9327 229.8586
419.8627 226.5386
419.3127 224.6086
424.8327 224.0586
427.0427 221.8486
430.0827 221.5686
431.4627 217.9786
438.6427 218.5286
441.1327 220.4686
447.7527 214.1186
451.3427 215.2186
452.7227 217.7086
455.4927 215.7686
458.2527 209.6986

Toplički_okrug
95
336.4027 107.8186
336.0927 108.2486
336.0927 108.2486
332.1727 107.2786
329.8927 111.7886
326.4927 115.1586
320.3627 116.6986
314.5527 116.1486
314.0327 117.5786
316.8727 126.1886
314.9827 131.8286
313.1927 133.1686
310.5227 132.4986
307.1627 127.7786
306.9027 144.0886
305.3427 149.9686
303.4127 149.8386
301.1027 147.7586
299.2027 153.3086
296.1427 156.4286
289.5427 153.4186
284.9227 155.5086
282.8327 154.1286
282.8327 154.1286
282.0827 153.8586
282.0827 153.8586
279.9927 153.1486
277.9727 153.9986
277.9727 153.9986
277.3427 154.2686
277.3427 154.2686
277.0727 159.4686
278.1427 163.0386
280.2827 165.8986
280.2827 174.8286
282.0727 175.5486
283.1427 180.1886
285.2827 181.6186
287.7827 178.7586
292.4327 181.2586
296.0027 177.6886
298.8627 176.2586
303.8627 179.4786
306.0127 183.7686
306.7227 189.8386
310.6527 190.1986
312.4427 193.0586
312.0827 198.7686
313.8627 201.2686
320.3027 201.6286
324.5827 204.1286
327.4427 204.1286
328.1627 206.2686
331.3727 206.6286
335.3027 203.4186
338.8727 205.1986
347.0927 202.3386
347.0927 202.3386
348.8827 198.4086
348.8827 198.4086
355.3127 198.0586
362.1027 199.1286
361.3827 195.1986
358.8827 191.9786
359.9527 188.7686
363.1727 186.2686
367.4627 185.5486
367.4627 182.3386
365.6727 180.1886
367.4627 176.9786
372.8227 175.1886
374.6027 173.0486
376.3927 180.5486
381.3927 180.1886
384.9627 177.6886
386.0327 170.5486
388.8927 161.9686
388.8927 161.9686
389.9627 159.1086
389.9627 159.1086
385.6827 153.3986
379.2527 150.5386
376.3927 150.1786
370.6727 144.8186
366.0327 144.4686
363.8827 141.6086
357.4527 138.3886
351.3827 138.3886
349.5927 135.5286
342.4527 130.8886
344.9527 126.2386
344.9527 122.3186
343.1627 121.5986
342.8027 118.0286
344.2327 115.1686

Pirotski_okrug
97
443.8927 150.2186
447.2027 151.9886
449.9627 152.2586
451.0727 157.5086
449.6927 160.2686
442.5127 161.0986
436.1627 166.3486
429.5327 169.3786
428.7027 171.8686
431.1927 178.4986
435.8827 181.5286
435.8827 184.8486
432.5727 187.6086
432.8427 189.2586
431.4627 193.1286
432.2927 196.1686
433.1227 197.2686
436.9827 195.0586
439.7527 195.0586
443.6127 193.4086
446.1027 191.1986
447.7527 191.1986
455.2127 193.1286
456.8727 197.8186
456.8727 197.8186
456.8727 201.6886
456.8727 201.6886
459.9027 201.6886
464.6027 199.2086
467.3627 198.9286
470.9527 195.8886
475.3727 197.5486
476.1927 199.2086
478.9627 200.3086
479.2327 196.7186
482.2727 193.4086
488.0727 192.5786
495.5227 201.1386
498.2827 203.3486
500.3527 203.7586
500.3527 203.7586
501.6527 202.6386
507.2027 202.8786
512.8527 199.6086
513.3327 197.2286
516.5827 193.5686
520.6127 191.2386
522.9627 185.3986
522.7227 182.9086
525.9827 180.0186
526.1527 178.3186
529.6927 172.7986
535.2827 168.6886
537.9927 169.3986
543.8027 166.6286
541.1927 162.1486
542.5927 160.6786
542.3227 156.7486
540.4627 151.9686
532.5027 146.8386
529.6027 138.9086
525.3627 136.6886
523.2827 133.3586
515.0127 129.5686
514.8927 125.4686
513.1927 123.5086
514.4027 120.5286
509.9627 112.6886
505.9027 112.7586
504.8527 111.4786
503.7327 112.2686
501.4227 109.3086
500.7927 110.9086
498.5927 112.0386
496.3627 111.2286
493.5227 114.3686
489.0627 113.6786
487.7427 111.1086
487.7827 108.8186
482.9227 111.7186
480.6927 110.4086
480.6927 110.4086
469.8427 112.6886
462.3927 121.2486
465.7027 125.1186
454.6627 131.4686
449.6927 133.3986
446.3727 133.3986
445.5427 135.3386
441.9527 136.4386
440.0227 139.4786
442.2327 141.9586
446.1027 142.2386
446.3727 144.1686
448.3127 145.2786
446.9227 147.7586
443.8927 148.0386

Jablanički_okrug
112
480.6927 110.4086
480.2927 107.7386
479.0727 106.3486
475.0127 103.0886
471.3627 101.9586
471.3627 101.9586
467.9127 102.0586
465.3227  99.9086
463.1627  99.9086
461.4427  96.0186
458.4227  93.8686
454.1027  92.9986
453.2427  90.4086
451.3427  89.2186
447.4827  89.2186
442.2327  90.8786
442.2327  96.6786
440.5727  96.6786
439.7527  95.2986
436.9827  99.7186
429.5327  96.1286
428.4227  98.6086
428.7027 102.4786
422.9027 103.0286
419.0427  99.9886
415.7227 102.7486
413.2427 102.7486
410.7527  97.2286
404.6827  96.3986
401.6427  98.6086
398.6027  98.3386
396.3927  96.6786
392.2527  96.6786
390.3227  93.6386
390.3227  91.4286
387.8327  88.3886
386.7327  81.2186
383.1427  80.1086
383.0427  78.2886
383.0427  78.2886
382.9227  78.3586
382.9227  78.3586
380.3027  78.2186
375.3627  72.4386
372.7027  71.3486
369.5227  74.0686
364.5427  82.8286
360.3027  85.5686
355.2427  86.7786
348.7727  86.6586
348.7727  86.6586
348.6427  86.7086
348.6427  86.7086
342.9627  89.6886
333.5227  90.3886
333.0427  95.0886
336.1527 100.6386
337.0427 106.9086
337.0427 106.9086
336.4027 107.8186
336.4027 107.8186
341.7327 110.8786
344.2327 115.1686
342.8027 118.0286
343.1627 121.5986
344.9527 122.3186
344.9527 126.2386
342.4527 130.8886
349.5927 135.5286
351.3827 138.3886
357.4527 138.3886
363.8827 141.6086
366.0327 144.4686
370.6727 144.8186
376.3927 150.1786
379.2527 150.5386
385.6827 153.3986
389.9627 159.1086
389.9627 159.1086
389.4127 160.5786
389.4127 160.5786
395.5727 161.5686
400.5327 163.7786
402.7427 161.8386
403.0227 157.9786
410.4827 162.9486
414.8927 162.6686
419.3127 161.2886
428.4227 151.8986
431.4627 150.7986
431.7427 146.9286
436.7127 147.4886
437.8127 145.2786
440.0227 145.5486
441.9527 149.4186
443.8927 150.5186
443.8927 150.5186
443.8927 148.0386
443.8927 148.0386
446.9227 147.7586
448.3127 145.2786
446.3727 144.1686
446.1027 142.2386
442.2327 141.9586
440.0227 139.4786
441.9527 136.4386
445.5427 135.3386
446.3727 133.3986
449.6927 133.3986
454.6627 131.4686
465.7027 125.1186
462.3927 121.2486

Pčinjski_okrug
111
471.3627 101.9586
470.5427 101.4086
470.8127  98.4386
472.6727  96.0386
473.2027  93.5186
478.3127  87.0286
477.9227  83.8586
476.7527  83.6686
474.4327  78.6786
472.9827  77.8486
475.1727  75.3886
472.3427  70.5786
473.7427  69.2086
470.3527  60.2286
470.1127  56.5986
474.2227  55.5486
477.8027  51.1286
480.8927  49.5186
484.0827  46.2586
485.7027  42.2286
483.7527  38.3386
482.6027  31.3486
481.0327  29.7586
480.6827  27.0986
475.3527  26.2086
475.5827  23.7886
472.8927  20.5086
473.2627  17.7286
472.0427  15.6986
469.5327  13.9486
468.4727  15.3086
465.9227  15.3286
465.1127  14.3286
460.8527  13.6886
460.2327  12.1686
458.2327  11.3286
447.7727  19.8386
444.7027  16.7986
439.7927  14.8786
439.9227  12.5286
441.3027  10.3986
440.8427   9.1486
439.4427  10.4586
436.3327  10.3486
433.8727  12.0986
428.3627   8.8286
418.9727  11.3786
417.0527  10.5986
413.3327  13.4386
405.0727  17.2186
403.9927  15.9086
402.9527  10.7186
400.1027   9.9686
394.9627  12.0286
389.6727  11.2086
381.9227   3.1686
369.2927   0.2586
361.5827   2.5986
361.5827   2.5986
361.7127  10.2486
359.1927  11.4686
357.7927  14.5086
358.0227  17.8286
360.0427  21.5686
363.9127  24.3686
365.2927  30.9686
364.2427  33.3286
365.1827  36.0786
368.8927  39.4886
375.5627  42.8686
378.0827  45.8486
380.6727  57.3586
384.0827  63.2686
389.2327  66.2186
387.3927  69.2586
386.8327  75.1986
383.9327  77.7586
383.9327  77.7586
383.0427  78.2886
383.0427  78.2886
383.1427  80.1086
386.7327  81.2186
387.8327  88.3886
390.3227  91.4286
390.3227  93.6386
392.2527  96.6786
396.3927  96.6786
398.6027  98.3386
401.6427  98.6086
404.6827  96.3986
410.7527  97.2286
413.2427 102.7486
415.7227 102.7486
419.0427  99.9886
422.9027 103.0286
428.7027 102.4786
428.4227  98.6086
429.5327  96.1286
436.9827  99.7186
439.7527  95.2986
440.5727  96.6786
442.2327  96.6786
442.2327  90.8786
447.4827  89.2186
451.3427  89.2186
453.2427  90.4086
454.1027  92.9986
458.4227  93.8686
461.4427  96.0186
463.1627  99.9086
465.3227  99.9086

