613 398

Obalno-kraška
240
 42.2071 106.9517
 44.3971 107.5217
 52.4671 107.4417
 55.0971 106.3817
 59.8271 106.3817
 61.3871 111.5217
 63.5671 111.5417
 66.0571 113.6917
 66.7771 117.1417
 66.3071 119.1017
 71.9671 117.4717
 75.4671 114.8617
 76.4371 113.1517
 77.9771 112.6817
 79.7571 111.2217
 83.8871 111.4617
 83.9771 113.3617
 84.8171 113.2317
 85.6071 114.2317
 86.9771 113.8517
 87.4771 112.9617
 89.3371 112.4717
 89.4671 111.0817
 90.6671 109.7817
 91.5171 109.8317
 92.5271 109.0117
 95.3971 108.8517
 99.4271 110.0717
 99.1771 108.8017
100.2271 108.6917
100.2271 106.7917
101.1371 106.8417
101.1171 105.9717
101.9571 105.9217
102.1771 104.8317
107.6171 100.3717
110.3571  98.9917
111.5671  99.2617
111.8871  98.4217
112.9571  98.5017
113.7571  97.3917
116.6771  96.4117
119.5471  94.2917
118.9471  92.2817
120.1171  93.3417
120.9571  93.2317
121.9271  94.8917
124.6071  94.4317
125.7471  93.0117
127.8171  91.8717
127.8171  91.8717
129.2071  89.5117
133.4271  89.0217
136.0671  87.1817
136.3071  86.6317
135.4371  86.0617
135.7171  85.1117
136.2571  85.4117
136.1771  84.5417
137.8271  84.8717
137.7371  83.8117
136.4471  83.4117
138.0771  82.7517
138.4771  79.5317
137.8071  78.4717
134.9771  78.8517
134.5671  77.7917
133.5571  77.7617
133.7471  75.9717
132.4871  74.1817
132.8171  73.5317
132.2871  72.2017
132.9071  71.3117
134.5471  71.2017
134.6771  70.6317
134.4871  67.6217
135.2471  66.5617
133.9771  62.8317
135.8571  61.5017
136.1971  58.7117
135.1371  56.8617
138.2471  54.8917
137.5071  52.7517
140.6671  51.3117
139.3271  41.3817
139.1071  40.7617
137.9671  40.4117
138.1571  39.1317
137.4271  38.0017
137.1471  34.6417
137.9871  33.9917
139.1571  34.5917
140.7371  33.9117
140.3571  32.1817
138.4771  29.7017
137.7171  25.6117
135.2471  23.3217
140.6971  22.0717
141.0771  20.8817
142.4871  20.2917
142.9571  21.7217
144.1971  22.1017
143.7171  20.1317
144.6171  18.3417
144.1371  18.2617
144.7071  16.3417
143.7371  16.0517
143.7771  15.2117
143.7771  15.2117
140.8871  16.5617
135.8771  16.4017
132.6271  17.1517
127.8171  21.0717
126.3171  21.1817
120.8071  26.4517
118.4071  26.5617
117.8071  25.2917
118.0271  23.4517
113.2071  25.2617
110.9571  22.5917
112.1371  20.4517
114.4371  19.4517
116.8671  16.7217
115.9771  16.4517
116.7571  15.1617
115.5971  12.8117
116.0871   9.4017
113.1671   7.0017
110.1771   8.3017
109.1971   9.4017
101.3471   8.0517
100.7771   6.7617
 98.9471   5.2717
 98.8971   4.2517
 97.1871   2.9817
 96.7671   0.9517
 95.2471   0.7117
 92.7371   1.2217
 90.6471   0.7117
 90.0571   2.4117
 88.2871   3.0617
 83.1371   2.9817
 82.8171   4.7917
 80.9571   5.4617
 81.8071   8.3517
 80.8071   9.7317
 78.0671  11.2117
 75.8671  10.8917
 73.9771  11.4317
 72.2671  13.2117
 69.1571  12.8117
 66.9271   9.8117
 63.4371   9.2117
 61.9171   8.4317
 59.7871   6.2217
 57.9771   5.6017
 52.7171   9.7317
 44.8671  11.7317
 42.5871  13.4817
 40.8771  15.1817
 41.9071  15.9417
 42.2871  17.5317
 40.8571  20.5117
 41.2171  20.9617
 41.6771  20.6717
 41.4071  21.3417
 41.8071  21.8017
 43.5571  21.7517
 42.6471  21.8817
 43.2171  22.5317
 42.6671  22.8317
 42.3571  24.5317
 40.9971  24.3717
 39.5671  25.1317
 38.6171  24.7717
 38.0871  25.1817
 37.5171  26.4217
 37.6671  28.1817
 36.7371  29.4517
 39.8571  28.2417
 43.9171  27.9417
 45.3071  28.9117
 44.7371  29.8617
 44.3971  28.9417
 44.1071  29.1517
 44.2271  31.1617
 46.5771  31.7817
 49.8871  30.1017
 52.4171  29.7217
 54.7171  30.4317
 54.3371  31.5317
 54.6571  32.5117
 57.3171  31.7217
 58.1671  33.3517
 60.1271  34.2117
 63.4371  34.2417
 66.5471  32.9417
 67.2771  34.4017
 69.9871  35.3517
 68.8271  35.6417
 69.0171  36.4817
 71.5671  36.7017
 69.1371  37.0217
 69.7271  38.2417
 71.4371  38.5117
 71.5071  39.4017
 68.0571  42.4917
 63.6471  45.0917
 63.9271  46.1217
 66.5871  46.2817
 67.2371  46.9517
 71.4171  47.6917
 80.5571  42.8717
 88.5571  43.3817
 91.1271  44.9217
 93.8571  47.8517
 94.6771  50.7417
100.7171  54.1317
103.8771  57.1617
101.9171  59.0317
 97.5271  61.0117
 93.4771  64.5617
 87.6871  72.3917
 87.3371  78.2017
 82.6671  82.3217
 80.8571  87.2017
 80.1371  87.8617
 76.2771  88.7817
 73.9971  90.7117
 70.7871  90.3517
 68.7571  91.6817
 69.3071  92.4717
 63.9071  95.5417
 58.0171 101.1617
 57.0271 100.6517
 56.0271 102.8517
 50.6871 102.0317
 50.9271 103.2517
 47.2071 101.4317
 46.7871 102.6617

Notranjsko-kraška
183
144.8071 121.8217
145.5271 122.6117
147.4471 122.5317
148.6671 123.7317
149.9371 122.3917
155.3171 123.5417
159.2871 121.1417
160.5371 121.2817
162.2671 119.5417
162.1571 118.8817
165.6671 119.1017
166.0471 118.8617
165.4071 117.9617
167.3571 117.2317
167.7271 116.5417
169.4671 118.3117
169.1871 117.2317
171.6171 117.3117
172.9271 115.8417
177.3571 125.2217
177.1871 126.5317
178.9171 128.1317
180.5671 128.4917
186.1971 126.5017
187.5771 124.3017
188.0171 122.0417
189.2371 122.1717
189.9771 121.0617
191.6871 122.7517
194.2071 120.5217
194.3271 119.0517
195.1471 118.1517
195.9271 118.1517
196.8871 120.4917
198.3971 121.2817
199.8571 120.9517
203.3871 116.0017
205.0471 117.0117
205.4571 118.9417
206.8671 121.0617
209.2071 120.3817
210.7671 120.9517
213.8371 123.5617
215.1371 121.1117
214.9071 119.1817
213.8371 118.5317
214.0171 117.1217
216.0671 114.5317
215.6271 113.6417
219.1471 110.0717
220.5671 106.6517
223.8371 106.1617
224.4271 102.9017
226.4771 101.5117
227.0871 100.0717
227.0871 100.0717
223.8571  99.8817
223.4171  99.4517
224.9771  97.2017
226.9871  97.3017
227.8671  96.8217
226.6671  90.9017
228.0571  90.0517
229.1971  85.9317
225.4371  85.1717
223.5371  89.5917
221.7671  88.8917
222.3171  85.9017
226.1771  77.4617
227.0471  68.2517
228.4171  68.0817
228.4171  68.0817
227.0471  62.0717
222.3571  53.9417
219.7371  51.2617
216.9571  50.1817
214.6171  50.0417
215.2071  45.2017
213.7671  41.5217
213.1171  34.1617
211.7371  31.7017
210.9571  31.6117
205.3271  26.9117
202.8971  25.5917
201.0371  23.3717
198.1671  24.1017
198.1671  23.2617
195.3671  22.6117
194.0171  19.9617
188.6471  17.7017
186.2871  18.1317
184.7671  17.6717
181.2171  14.3517
179.9771  15.7217
179.2771  17.8017
176.7071  17.8017
175.1871  18.5917
173.4571  20.5117
171.2171  20.2617
170.8771  19.5117
169.1071  18.6717
165.6471  23.9617
162.5871  23.3717
161.2771  22.5017
158.0471  17.6417
157.9171  14.3217
154.4371  15.3717
153.4271  16.1817
150.0671  16.6417
147.3471  16.2617
145.6771  15.1617
143.7771  15.2117
143.7771  15.2117
143.7371  16.0517
144.7071  16.3417
144.1371  18.2617
144.6171  18.3417
143.7171  20.1317
144.1971  22.1017
142.9571  21.7217
142.4871  20.2917
141.0771  20.8817
140.6971  22.0717
135.2471  23.3217
137.7171  25.6117
138.4771  29.7017
140.3571  32.1817
140.7371  33.9117
139.1571  34.5917
137.9871  33.9917
137.1471  34.6417
137.4271  38.0017
138.1571  39.1317
137.9671  40.4117
139.1071  40.7617
139.3271  41.3817
140.6671  51.3117
137.5071  52.7517
138.2471  54.8917
135.1371  56.8617
136.1971  58.7117
135.8571  61.5017
133.9771  62.8317
135.2471  66.5617
134.4871  67.6217
134.6771  70.6317
134.5471  71.2017
132.9071  71.3117
132.2871  72.2017
132.8171  73.5317
132.4871  74.1817
133.7471  75.9717
133.5571  77.7617
134.5671  77.7917
134.9771  78.8517
137.8071  78.4717
138.4771  79.5317
138.0771  82.7517
136.4471  83.4117
137.7371  83.8117
137.8271  84.8717
136.1771  84.5417
136.2571  85.4117
135.7171  85.1117
135.4371  86.0617
136.3071  86.6317
136.0671  87.1817
133.4271  89.0217
129.2071  89.5117
127.8171  91.8717
127.8171  91.8717
128.7471  94.8917
130.1371  94.8117
130.6671 102.4917
132.0771 103.2817
132.6771 102.1917
133.1171 105.5117
133.0571 106.4617
129.5071 112.7417
139.5171 115.8917
139.2571 116.7617
141.0271 119.2417
142.2771 120.2717

Goriška
307
 53.4571 277.4717
 53.8371 276.6417
 55.6071 276.9217
 59.0271 276.1217
 59.0271 276.1217
 58.5471 274.0917
 59.3071 273.2317
 63.3771 274.2217
 69.9571 277.0817
 72.7471 273.6217
 77.7971 272.1417
 79.8771 270.7317
 79.8771 270.1017
 82.4571 268.6517
 83.8271 268.7017
 83.7271 266.0917
 84.5271 264.2517
 84.2271 262.7417
 86.1071 260.6517
 88.0771 260.8217
 88.4071 259.8017
 87.7171 257.8817
 85.8771 255.4717
 84.4671 254.8617
 83.0271 254.9717
 82.0571 254.0117
 79.6271 254.2617
 77.5371 252.2317
 71.2071 250.1717
 70.5071 248.8317
 71.2671 243.6717
 67.2571 240.2417
 68.7371 238.9317
 68.4171 237.5817
 69.7671 234.8417
 70.5071 234.8417
 71.7171 233.7417
 73.4071 230.7017
 75.6771 230.1517
 80.6471 224.8117
 88.4071 220.1817
 92.6271 216.7117
 97.1871 216.7617
102.6771 217.6117
110.6171 220.3217
119.6271 222.1817
119.5171 221.3117
121.4271 220.0517
121.6771 217.1217
121.0371 215.0117
119.4971 214.3817
118.0471 211.2917
117.5571 207.5417
118.4071 204.8817
120.6671 204.0617
123.3171 205.2917
125.4771 204.4217
127.5471 205.4317
129.3171 204.4517
134.3571 203.3517
134.2971 201.0017
133.5771 199.3317
131.0071 196.2217
131.3171 194.3617
129.8071 193.1817
128.7671 191.2717
128.4071 188.9517
126.1271 187.3617
124.4771 184.5517
123.8671 181.2417
124.9071 178.9217
126.1971 177.5017
130.7071 174.7717
133.1571 172.2917
134.9571 171.4717
135.8771 168.6317
135.2871 168.1117
136.7271 167.7817
136.4071 166.6417
134.9971 165.0817
136.1571 165.1917
136.5771 166.2817
137.3571 166.1517
138.3671 167.0717
139.4871 167.2417
139.8271 166.7717
139.3871 165.9617
140.2671 165.1417
140.0771 163.2817
141.0771 162.3317
140.4871 160.7717
142.1071 160.4217
142.5071 159.4617
143.4971 159.5217
143.7071 158.7817
145.5671 158.3217
146.8171 158.6217
146.8171 158.6217
147.8671 158.0217
147.0671 156.8217
147.5271 155.2917
146.3671 155.2617
145.1671 152.0217
144.3671 151.5617
141.7271 151.9417
141.7871 150.4117
140.7771 149.9517
141.1571 148.0417
142.9971 148.7217
142.5271 147.1417
143.1371 146.0017
143.1371 144.0617
141.8071 143.2217
141.4771 140.0017
138.9571 138.4017
139.6371 136.3317
139.6371 132.6017
142.2171 130.6117
143.0971 129.2017
143.8371 124.1617
144.8071 121.8217
144.8071 121.8217
143.4571 120.3517
142.2771 120.2717
141.0271 119.2417
139.2571 116.7617
139.5171 115.8917
129.5071 112.7417
133.0571 106.4617
133.1171 105.5117
132.6771 102.1917
132.0771 103.2817
130.6671 102.4917
130.1371  94.8117
128.7471  94.8917
127.8171  91.8717
127.8171  91.8717
125.7471  93.0117
124.6071  94.4317
121.9271  94.8917
120.9571  93.2317
120.1171  93.3417
118.9471  92.2817
119.5471  94.2917
116.6771  96.4117
113.7571  97.3917
112.9571  98.5017
111.8871  98.4217
111.5671  99.2617
110.3571  98.9917
107.6171 100.3717
102.1771 104.8317
101.9571 105.9217
101.1171 105.9717
101.1371 106.8417
100.2271 106.7917
100.2271 108.6917
 99.1771 108.8017
 99.4271 110.0717
 95.3971 108.8517
 92.5271 109.0117
 91.5171 109.8317
 90.6671 109.7817
 89.4671 111.0817
 89.3371 112.4717
 87.4771 112.9617
 86.9771 113.8517
 85.6071 114.2317
 84.8171 113.2317
 83.9771 113.3617
 83.8871 111.4617
 79.7571 111.2217
 77.9771 112.6817
 76.4371 113.1517
 75.4671 114.8617
 71.9671 117.4717
 66.3071 119.1017
 66.7771 117.1417
 66.0571 113.6917
 63.5671 111.5417
 61.3871 111.5217
 59.8271 106.3817
 55.0971 106.3817
 52.4671 107.4417
 44.3971 107.5217
 42.2071 106.9517
 42.2071 106.9517
 40.3671 113.0117
 38.3671 114.0417
 38.4071 116.7917
 39.3971 117.9617
 40.0071 120.5417
 41.5971 122.5617
 40.7671 124.8417
 42.0371 127.1317
 44.6971 129.2217
 46.9371 133.8017
 47.3371 135.8117
 50.0371 139.2717
 49.2571 143.5417
 51.1771 151.9917
 49.6971 153.2217
 46.1071 151.3117
 45.5871 152.1017
 41.5071 153.4117
 38.7871 151.3117
 38.4671 150.0617
 36.5871 147.8817
 34.0171 148.1517
 32.7671 146.9517
 30.5071 147.0317
 26.2271 150.8817
 24.4971 150.9617
 21.7971 154.4217
 21.5571 155.7517
 20.3371 157.1717
 19.2971 157.4217
 19.2171 158.0217
 21.1371 160.2317
 23.2971 160.4717
 25.0271 163.5817
 25.6971 167.4017
 25.2071 168.6017
 23.7771 169.2617
 23.9271 172.0117
 25.0271 173.1317
 29.8771 174.7717
 32.4571 178.6217
 37.9171 180.8917
 39.3371 182.8017
 42.3771 184.9317
 43.7271 187.3117
 45.1571 187.8517
 47.6071 189.9817
 49.3571 192.6317
 51.5371 194.2717
 53.4571 198.1817
 53.3071 200.4517
 54.6971 201.9017
 55.4571 204.5617
 54.0071 206.9617
 50.0371 208.6117
 48.8571 208.5017
 45.7671 206.5017
 45.1971 206.9417
 45.6471 207.9517
 41.6971 207.8717
 41.2771 208.5517
 37.8571 206.7717
 36.8871 207.7017
 36.9971 209.5417
 35.4871 212.2417
 31.3971 214.5417
 30.0271 214.6817
 29.5371 216.1617
 27.7671 215.8317
 27.1971 215.2317
 24.3071 215.2617
 23.1671 216.8717
 21.2271 217.7217
 19.3471 217.9717
 17.6771 217.3417
 14.1971 218.1617
 13.7471 217.8617
 14.5571 216.2717
 14.1571 214.6817
  9.6771 212.9617
  7.3771 214.0217
  6.7671 215.2617
  7.8571 216.4617
  7.9671 217.5017
  7.2471 218.6017
  8.7471 219.2217
  9.5271 220.3817
  7.8371 221.8317
  4.5471 226.2117
  2.5171 235.6917
  0.9571 235.8017
  0.3271 237.8017
  5.5871 238.5417
  8.0471 240.7617
  8.1371 242.6517
  9.5471 244.2217
 12.8171 245.0117
 14.4671 248.1117
 12.2571 253.6017
 12.7371 254.8917
 15.3971 255.6617
 18.5471 255.1417
 21.4371 257.6117
 23.5671 257.8017
 26.0771 259.5017
 27.0871 259.2017
 27.2771 260.8217
 29.1771 262.3017
 30.7671 262.1617
 32.3471 263.5917
 33.8871 263.7317
 35.4671 265.2417
 36.6371 265.3817
 38.6771 268.6717
 39.1071 272.6917
 39.7971 274.1117
 40.7671 274.3317
 42.4971 276.3717
 47.4771 277.6317
 49.2971 277.4717

Gorenjska
284
 69.8771 298.3517
 72.9171 298.6217
 74.5671 297.8517
 75.9171 298.1317
 80.2871 295.2617
 83.5971 295.4617
 86.7871 297.7717
 87.4571 299.0917
 88.6171 298.1317
 91.4271 297.6817
 96.4071 299.2017
 96.9571 299.9417
 99.9971 298.9517
102.5571 299.5317
104.3471 299.0117
105.4271 297.6017
108.4871 296.8917
110.2571 295.8117
113.6571 292.6517
114.7971 293.0917
117.0971 291.7417
117.4971 290.2017
119.0171 290.0117
120.8971 288.4917
123.3171 288.4717
126.0471 291.2217
129.1071 291.5817
132.8171 290.0617
137.2571 289.3517
138.5371 287.8117
141.6271 287.2817
142.9571 285.9417
145.2771 281.7317
145.2771 279.8017
148.2871 277.9617
148.6771 276.0917
149.3271 275.5717
151.5271 275.3817
155.7871 277.8517
159.6871 277.0317
160.8971 277.9917
162.7071 275.7917
164.5871 275.0817
166.5771 275.5717
168.3871 276.8617
169.8871 276.6717
173.5771 278.0717
175.0771 277.4417
174.9271 276.9517
178.6671 274.4417
182.3171 274.8817
184.1171 275.7117
184.8071 276.6417
189.0571 276.7317
189.7871 277.2717
191.9171 276.7517
195.0671 278.5717
197.4571 279.0317
201.0571 278.8717
202.3071 277.1417
201.3571 276.8617
201.2071 275.6017
203.0071 274.2517
203.4071 272.5217
204.0771 272.1617
207.8771 272.1617
210.0071 271.5017
210.3471 270.1017
211.3871 270.4017
213.0271 269.7217
216.0671 273.2117
218.5171 272.8517
222.0471 269.0617
222.0471 267.6317
224.3071 264.6117
225.4871 259.4217
226.3071 258.6817
228.8771 259.5317
228.8771 259.5317
228.8571 259.2517
228.8571 259.2517
227.9971 258.1317
225.6071 257.8817
224.1371 257.0617
224.1371 256.4817
226.0371 255.1117
226.4071 253.7917
225.6371 251.7317
224.0271 249.9817
224.1071 249.3217
224.7271 248.3917
226.6471 247.5917
227.1071 246.6617
226.8971 245.8917
224.9571 244.4917
223.6071 242.6017
226.4371 237.7217
225.5671 235.9117
228.4171 234.7617
227.8871 233.3317
229.7071 231.3617
226.4171 231.2217
225.3171 229.6317
225.3971 228.8417
228.1271 227.9617
227.5971 226.7317
229.0971 224.3717
224.4471 220.6817
224.5971 218.9217
223.5871 218.0817
223.1571 216.8417
220.5471 214.4117
219.4471 214.8417
218.8971 214.2117
218.0071 214.2717
216.6871 213.0417
216.3871 211.4517
215.2071 210.4717
214.3171 211.0117
210.7971 211.0417
209.3571 211.9417
207.7271 211.7217
207.2671 211.1517
208.9971 209.9717
206.9671 208.6917
206.9671 208.6917
202.2871 207.9817
201.9471 208.4717
201.9471 208.4717
200.5971 208.9317
198.6371 208.3617
197.0971 208.6917
197.2671 206.6917
198.2571 204.7217
200.2371 202.8117
195.5271 200.1317
192.7871 200.1317
193.0371 198.0217
192.2771 196.9017
191.4771 197.2317
191.3971 198.5917
189.2371 198.7917
189.2171 197.5017
188.5271 197.0917
187.6171 197.8017
186.1171 195.0917
184.4871 194.7917
182.8871 193.6717
182.3771 190.2817
184.1571 188.5417
183.8971 187.4217
184.3471 186.4017
183.3571 184.2517
180.9071 184.0517
179.4471 185.3917
177.4471 184.8517
169.7571 186.0517
168.6171 185.3117
167.5471 183.1017
163.5971 183.1317
162.7771 181.6017
161.3571 180.8317
160.0971 178.1317
160.4971 173.3017
160.1971 172.4217
158.7371 171.2817
158.2771 168.6817
155.8071 167.1817
155.8271 165.9817
153.7171 164.7017
153.5671 162.8217
152.2771 162.4417
150.5271 162.9317
150.4071 161.7317
149.0971 161.7517
148.7171 161.2117
148.8571 159.5217
147.7871 159.5217
146.8171 158.6217
146.8171 158.6217
145.5671 158.3217
143.7071 158.7817
143.4971 159.5217
142.5071 159.4617
142.1071 160.4217
140.4871 160.7717
141.0771 162.3317
140.0771 163.2817
140.2671 165.1417
139.3871 165.9617
139.8271 166.7717
139.4871 167.2417
138.3671 167.0717
137.3571 166.1517
136.5771 166.2817
136.1571 165.1917
134.9971 165.0817
136.4071 166.6417
136.7271 167.7817
135.2871 168.1117
135.8771 168.6317
134.9571 171.4717
133.1571 172.2917
130.7071 174.7717
126.1971 177.5017
124.9071 178.9217
123.8671 181.2417
124.4771 184.5517
126.1271 187.3617
128.4071 188.9517
128.7671 191.2717
129.8071 193.1817
131.3171 194.3617
131.0071 196.2217
133.5771 199.3317
134.2971 201.0017
134.3571 203.3517
129.3171 204.4517
127.5471 205.4317
125.4771 204.4217
123.3171 205.2917
120.6671 204.0617
118.4071 204.8817
117.5571 207.5417
118.0471 211.2917
119.4971 214.3817
121.0371 215.0117
121.6771 217.1217
121.4271 220.0517
119.5171 221.3117
119.6271 222.1817
110.6171 220.3217
102.6771 217.6117
 97.1871 216.7617
 92.6271 216.7117
 88.4071 220.1817
 80.6471 224.8117
 75.6771 230.1517
 73.4071 230.7017
 71.7171 233.7417
 70.5071 234.8417
 69.7671 234.8417
 68.4171 237.5817
 68.7371 238.9317
 67.2571 240.2417
 71.2671 243.6717
 70.5071 248.8317
 71.2071 250.1717
 77.5371 252.2317
 79.6271 254.2617
 82.0571 254.0117
 83.0271 254.9717
 84.4671 254.8617
 85.8771 255.4717
 87.7171 257.8817
 88.4071 259.8017
 88.0771 260.8217
 86.1071 260.6517
 84.2271 262.7417
 84.5271 264.2517
 83.7271 266.0917
 83.8271 268.7017
 82.4571 268.6517
 79.8771 270.1017
 79.8771 270.7317
 77.7971 272.1417
 72.7471 273.6217
 69.9571 277.0817
 63.3771 274.2217
 59.3071 273.2317
 58.5471 274.0917
 59.0271 276.1217
 59.0271 276.1217
 60.9671 277.7417
 61.1571 279.7817
 62.1271 281.9817
 61.1371 284.3117
 64.0071 287.7817
 63.8371 288.5817
 62.9271 289.1817
 63.5071 291.2217
 62.8471 293.3417
 65.0671 295.9017
 65.0171 299.1217

Osrednjeslovenska
409
228.8571 259.2517
233.4571 256.1517
234.4771 257.2817
238.4871 257.0017
242.7271 258.5717
242.9171 251.2417
242.4971 249.9217
245.8771 246.1117
248.2171 246.0017
248.9771 245.0417
249.3971 241.5617
248.8871 238.2917
250.5171 237.6917
254.3371 238.7117
254.4671 237.0317
252.8171 233.8817
254.4271 231.5517
254.4471 229.6317
252.9271 226.9217
254.3171 224.6517
258.8771 224.6517
264.0671 222.9217
265.3171 223.6917
267.8671 222.8917
272.3171 224.3217
281.9871 223.5817
284.3971 221.4717
287.3971 220.3217
287.8171 219.2517
289.4871 219.0117
290.3871 217.8817
291.6971 218.4017
292.8771 215.0917
295.2271 214.7117
294.2571 213.4817
293.1171 213.8317
292.3771 212.1617
292.3771 212.1617
290.7071 211.9417
290.9571 206.8517
289.9671 205.7617
288.7171 205.4617
288.5971 203.7117
285.1171 204.5817
282.9171 203.0217
281.3171 202.6717
274.4571 202.4017
275.1471 201.3017
277.0271 200.9217
276.8971 199.5217
277.8771 199.0317
278.6171 197.1217
280.0271 196.4117
278.7871 193.7017
278.9471 191.5717
280.2571 191.5717
281.6571 192.3117
282.2471 191.9817
287.0971 192.6917
288.4071 192.1217
289.3371 190.8617
288.6971 188.0417
289.4571 187.0117
289.5271 185.4817
292.1671 182.6917
294.2271 182.4417
298.1371 182.2817
300.5471 182.8817
302.4071 185.9717
304.2971 187.5217
308.3771 189.3317
310.5871 185.7517
309.9171 184.5217
307.2371 184.2217
308.5471 182.0917
308.5871 179.8817
309.8971 179.1117
309.6371 178.5417
307.2971 178.1617
307.9771 176.7117
309.6571 175.2617
313.3971 173.8417
323.1071 175.6217
323.1071 175.6217
324.0771 173.4117
326.4271 172.7517
326.4271 172.7517
326.7171 170.4817
329.5671 166.5617
329.8671 164.9717
330.5371 164.3217
330.5371 164.3217
327.4171 164.3517
327.8971 165.1617
326.2571 165.7117
324.4971 164.2917
323.7371 162.1117
320.6571 163.3117
319.8571 164.4017
314.5371 164.6217
313.9271 163.2817
314.8971 162.8217
316.0371 159.4617
315.4471 157.9917
314.1971 157.9117
313.8171 157.1217
312.5071 156.4917
312.9571 154.7717
312.1071 154.0917
310.2771 154.3917
310.0671 153.6317
309.1371 153.6617
306.8071 155.3717
303.8171 155.1017
302.4471 156.6817
299.9771 157.0617
298.2171 155.9217
298.0071 152.7817
295.0971 151.8617
292.6871 151.7217
291.0871 153.1717
290.4971 154.8017
289.2071 155.9217
289.2471 158.4517
287.5871 158.4517
286.5471 161.4317
285.1371 162.1117
284.4171 161.0717
283.3871 161.0217
283.5071 158.8917
282.1971 157.4717
278.6571 157.9417
277.5971 157.2017
276.3771 157.7217
275.6171 157.3117
274.8371 158.5417
273.6971 157.5317
272.9171 158.5617
271.9871 158.3517
271.8571 159.1917
271.0371 159.8217
269.4071 158.0217
267.5971 157.8817
267.4471 156.1417
264.9571 154.4717
262.6571 155.4817
261.2371 153.3817
261.8471 152.3717
260.6671 152.2117
258.9171 149.8417
258.8371 147.5017
258.3071 147.2017
258.0371 147.8817
256.7871 146.7117
257.4571 145.3417
256.5171 145.0717
255.1771 141.9117
256.5071 140.2817
256.5971 141.0417
257.3771 141.2017
258.2471 140.1117
258.6871 140.7717
259.4271 140.0917
260.4371 140.0617
259.4271 138.9717
260.6671 133.9017
261.6571 131.7017
263.5171 129.6917
263.1371 129.0617
262.0671 129.0317
261.8571 125.8817
262.9071 123.7017
265.0771 122.3117
266.6671 118.5017
265.1871 118.0117
264.5371 116.3317
263.1171 115.3217
263.3471 109.3117
265.1271 110.3517
265.9871 109.1817
266.0371 107.7617
267.2171 107.5517
268.7371 106.3517
268.8971 105.6217
268.1371 104.7217
268.2671 102.9817
271.2271 102.1417
272.4671 100.8417
272.1071 100.1017
272.4671  99.2617
271.4571  97.7117
271.4571  95.1317
273.5671  90.4117
276.8571  89.6517
277.7671  91.7917
278.5271  91.7117
279.2471  89.7617
280.1071  90.4317
282.8071  90.6817
285.2171  89.0217
284.8971  87.2917
285.4971  85.7917
284.4971  84.6817
284.7071  79.3617
282.9971  78.2517
282.3671  76.8917
280.8971  77.9317
280.5371  78.8717
279.0171  78.5817
277.5171  79.6117
273.1671  83.9817
266.1971  89.5717
265.1271  91.2217
264.2171  90.6517
263.6671  91.1717
262.0471  93.5317
261.0871  97.0117
254.6571 101.6817
254.2571 103.3317
251.6571 105.9417
249.0171 106.3817
246.9271 103.6117
244.7171 102.9017
243.4671 101.3217
241.2471 101.9817
240.2171 101.5417
237.6671 102.3317
234.8171 101.8717
233.6971 102.3317
233.2271 102.2717
232.9771 100.8117
227.7171 101.3017
227.0871 100.0717
227.0871 100.0717
226.4771 101.5117
224.4271 102.9017
223.8371 106.1617
220.5671 106.6517
219.1471 110.0717
215.6271 113.6417
216.0671 114.5317
214.0171 117.1217
213.8371 118.5317
214.9071 119.1817
215.1371 121.1117
213.8371 123.5617
210.7671 120.9517
209.2071 120.3817
206.8671 121.0617
205.4571 118.9417
205.0471 117.0117
203.3871 116.0017
199.8571 120.9517
198.3971 121.2817
196.8871 120.4917
195.9271 118.1517
195.1471 118.1517
194.3271 119.0517
194.2071 120.5217
191.6871 122.7517
189.9771 121.0617
189.2371 122.1717
188.0171 122.0417
187.5771 124.3017
186.1971 126.5017
180.5671 128.4917
178.9171 128.1317
177.1871 126.5317
177.3571 125.2217
172.9271 115.8417
171.6171 117.3117
169.1871 117.2317
169.4671 118.3117
167.7271 116.5417
167.3571 117.2317
165.4071 117.9617
166.0471 118.8617
165.6671 119.1017
162.1571 118.8817
162.2671 119.5417
160.5371 121.2817
159.2871 121.1417
155.3171 123.5417
149.9371 122.3917
148.6671 123.7317
147.4471 122.5317
145.5271 122.6117
144.8071 121.8217
144.8071 121.8217
143.8371 124.1617
143.0971 129.2017
142.2171 130.6117
139.6371 132.6017
139.6371 136.3317
138.9571 138.4017
141.4771 140.0017
141.8071 143.2217
143.1371 144.0617
143.1371 146.0017
142.5271 147.1417
142.9971 148.7217
141.1571 148.0417
140.7771 149.9517
141.7871 150.4117
141.7271 151.9417
144.3671 151.5617
145.1671 152.0217
146.3671 155.2617
147.5271 155.2917
147.0671 156.8217
147.8671 158.0217
146.8171 158.6217
146.8171 158.6217
147.7871 159.5217
148.8571 159.5217
148.7171 161.2117
149.0971 161.7517
150.4071 161.7317
150.5271 162.9317
152.2771 162.4417
153.5671 162.8217
153.7171 164.7017
155.8271 165.9817
155.8071 167.1817
158.2771 168.6817
158.7371 171.2817
160.1971 172.4217
160.4971 173.3017
160.0971 178.1317
161.3571 180.8317
162.7771 181.6017
163.5971 183.1317
167.5471 183.1017
168.6171 185.3117
169.7571 186.0517
177.4471 184.8517
179.4471 185.3917
180.9071 184.0517
183.3571 184.2517
184.3471 186.4017
183.8971 187.4217
184.1571 188.5417
182.3771 190.2817
182.8871 193.6717
184.4871 194.7917
186.1171 195.0917
187.6171 197.8017
188.5271 197.0917
189.2171 197.5017
189.2371 198.7917
191.3971 198.5917
191.4771 197.2317
192.2771 196.9017
193.0371 198.0217
192.7871 200.1317
195.5271 200.1317
200.2371 202.8117
198.2571 204.7217
197.2671 206.6917
197.0971 208.6917
198.6371 208.3617
200.5971 208.9317
201.9471 208.4717
201.9471 208.4717
201.9671 207.9817
206.9671 208.6917
206.9671 208.6917
208.9971 209.9717
207.2671 211.1517
207.7271 211.7217
209.3571 211.9417
210.7971 211.0417
214.3171 211.0117
215.2071 210.4717
216.3871 211.4517
216.6871 213.0417
218.0071 214.2717
218.8971 214.2117
219.4471 214.8417
220.5471 214.4117
223.1571 216.8417
223.5871 218.0817
224.5971 218.9217
224.4471 220.6817
229.0971 224.3717
227.5971 226.7317
228.1271 227.9617
225.3971 228.8417
225.3171 229.6317
226.4171 231.2217
229.7071 231.3617
227.8871 233.3317
228.4171 234.7617
225.5671 235.9117
226.4371 237.7217
223.6071 242.6017
224.9571 244.4917
226.8971 245.8917
227.1071 246.6617
226.6471 247.5917
224.7271 248.3917
224.1071 249.3217
224.0271 249.9817
225.6371 251.7317
226.4071 253.7917
226.0371 255.1117
224.1371 256.4817
224.1371 257.0617
225.6071 257.8817

Jugovzhodna_Slovenija
388
227.0871 100.0717
227.7171 101.3017
232.9771 100.8117
233.2271 102.2717
233.6971 102.3317
234.8171 101.8717
237.6671 102.3317
240.2171 101.5417
241.2471 101.9817
243.4671 101.3217
244.7171 102.9017
246.9271 103.6117
249.0171 106.3817
251.6571 105.9417
254.2571 103.3317
254.6571 101.6817
261.0871  97.0117
262.0471  93.5317
263.6671  91.1717
264.2171  90.6517
265.1271  91.2217
266.1971  89.5717
273.1671  83.9817
277.5171  79.6117
279.0171  78.5817
280.5371  78.8717
280.8971  77.9317
282.3671  76.8917
282.9971  78.2517
284.7071  79.3617
284.4971  84.6817
285.4971  85.7917
284.8971  87.2917
285.2171  89.0217
282.8071  90.6817
280.1071  90.4317
279.2471  89.7617
278.5271  91.7117
277.7671  91.7917
276.8571  89.6517
273.5671  90.4117
271.4571  95.1317
271.4571  97.7117
272.4671  99.2617
272.1071 100.1017
272.4671 100.8417
271.2271 102.1417
268.2671 102.9817
268.1371 104.7217
268.8971 105.6217
268.7371 106.3517
267.2171 107.5517
266.0371 107.7617
265.9871 109.1817
265.1271 110.3517
263.3471 109.3117
263.1171 115.3217
264.5371 116.3317
265.1871 118.0117
266.6671 118.5017
265.0771 122.3117
262.9071 123.7017
261.8571 125.8817
262.0671 129.0317
263.1371 129.0617
263.5171 129.6917
261.6571 131.7017
260.6671 133.9017
259.4271 138.9717
260.4371 140.0617
259.4271 140.0917
258.6871 140.7717
258.2471 140.1117
257.3771 141.2017
256.5971 141.0417
256.5071 140.2817
255.1771 141.9117
256.5171 145.0717
257.4571 145.3417
256.7871 146.7117
258.0371 147.8817
258.3071 147.2017
258.8371 147.5017
258.9171 149.8417
260.6671 152.2117
261.8471 152.3717
261.2371 153.3817
262.6571 155.4817
264.9571 154.4717
267.4471 156.1417
267.5971 157.8817
269.4071 158.0217
271.0371 159.8217
271.8571 159.1917
271.9871 158.3517
272.9171 158.5617
273.6971 157.5317
274.8371 158.5417
275.6171 157.3117
276.3771 157.7217
277.5971 157.2017
278.6571 157.9417
282.1971 157.4717
283.5071 158.8917
283.3871 161.0217
284.4171 161.0717
285.1371 162.1117
286.5471 161.4317
287.5871 158.4517
289.2471 158.4517
289.2071 155.9217
290.4971 154.8017
291.0871 153.1717
292.6871 151.7217
295.0971 151.8617
298.0071 152.7817
298.2171 155.9217
299.9771 157.0617
302.4471 156.6817
303.8171 155.1017
306.8071 155.3717
309.1371 153.6617
310.0671 153.6317
310.2771 154.3917
312.1071 154.0917
312.9571 154.7717
312.5071 156.4917
313.8171 157.1217
314.1971 157.9117
315.4471 157.9917
316.0371 159.4617
314.8971 162.8217
313.9271 163.2817
314.5371 164.6217
319.8571 164.4017
320.6571 163.3117
323.7371 162.1117
324.4971 164.2917
326.2571 165.7117
327.8971 165.1617
327.4171 164.3517
330.5371 164.3217
330.5371 164.3217
334.5871 163.0117
335.2671 160.8817
336.1271 161.5617
336.3371 162.9017
336.9271 163.1217
340.1671 163.0117
341.7671 162.1917
342.0171 160.4217
341.4471 159.0517
339.1471 157.9617
338.6471 155.1817
340.4571 154.2617
340.7071 151.5817
342.7371 150.4117
347.2171 146.1117
351.4371 144.3617
352.6771 144.3117
352.5571 145.7217
353.3371 146.2717
354.9371 145.5117
355.1471 147.0617
356.7571 147.1417
357.2971 147.8817
357.0271 149.9817
358.4171 150.0617
359.5371 149.3517
361.3971 146.0017
363.1871 146.1317
363.2971 147.8217
361.7371 149.5917
362.5371 150.7417
362.5371 151.8317
363.1671 152.1017
365.7471 151.2817
367.9571 149.3517
367.8371 152.3517
370.8271 151.2617
373.1771 151.4517
373.2571 147.9917
375.8171 147.2017
376.6171 145.8317
376.5571 145.1017
375.1571 143.5417
375.9371 132.5417
374.3771 128.4617
375.4971 127.4817
379.9771 126.0417
382.1271 124.7117
381.5071 122.9417
382.0771 122.5817
382.2671 120.0017
384.6571 120.0317
383.5371 118.0417
379.2271 117.1717
378.8771 116.1117
380.1171 115.1317
380.6071 112.6817
382.2971 110.4317
385.3071 100.4017
385.3071 100.4017
383.0771  98.6917
382.3371  97.3017
380.8171  97.4117
379.9971  96.6817
378.4071  96.5417
371.6171  92.5217
366.9471  90.8717
365.4071  88.9417
363.0271  87.6917
359.6871  83.4317
355.5071  82.3717
355.2771  81.8617
357.4071  80.2917
359.1571  81.0217
360.3171  80.6717
360.9771  78.3317
361.5271  77.9517
363.6771  78.6817
364.5171  77.4617
364.6471  74.2917
366.5271  72.5817
366.3171  73.5017
367.0571  75.4017
368.9271  75.4817
368.2971  72.8817
371.0671  68.8417
371.9271  69.7117
370.4771  73.6917
370.6671  74.9717
373.0271  76.5717
374.3771  79.6917
377.8171  79.7717
378.1971  78.5817
377.6471  75.9517
378.8071  75.6717
378.8971  74.5617
378.3871  72.3117
376.5771  71.8217
376.2771  68.3017
376.7371  67.9717
377.1871  68.4917
377.3771  69.5517
378.5571  69.5217
378.9771  72.3917
380.1171  73.1317
380.2271  71.6617
381.5571  69.4917
383.0171  68.5217
384.1471  66.8417
384.1471  65.5617
384.9771  64.7517
385.3571  62.6617
387.2971  61.5517
385.1471  59.2817
383.4571  58.6517
381.1071  59.5217
380.4371  60.8717
379.0171  60.4717
375.7671  61.0417
374.9871  60.0917
376.7171  59.2517
376.5271  58.3317
374.6371  57.4317
371.7371  57.7017
367.2671  56.7017
367.2471  54.5117
368.1971  51.9117
365.1571  51.5317
362.4471  49.3417
366.5471  43.7317
367.0571  31.0717
367.8371  30.1317
369.5271  29.9717
369.3771  27.9617
371.4071  27.0217
372.7371  24.4217
377.5471  21.5317
378.8271  19.7817
380.2471  20.5317
380.7971  19.5317
383.2171  17.8017
378.0071  14.5917
375.5771   9.4617
373.8271   9.3217
372.5671   8.4317
366.4871   9.9717
361.4771  11.9217
355.9771   8.5117
353.0371   4.3317
352.7171   1.8217
352.0871   1.3617
348.6271   1.2817
346.5771   3.9017
345.6971   3.0917
345.7171   1.8217
344.2571   0.3617
341.2971   0.2517
339.9071   0.7917
337.8871   2.1717
335.9871   5.8117
333.1371   6.8417
329.5671  10.8617
326.2271  12.1017
325.8071  12.9417
326.0371  16.5617
324.6871  16.5917
322.9371  17.9417
321.2071  18.1017
320.1371  19.5917
319.1971  19.5117
317.3871  17.7217
314.8071  17.3217
314.2471  18.4517
312.0071  20.2917
306.3471  20.9417
303.7271  24.0217
296.6371  29.2117
294.8671  28.9417
294.4271  27.5917
293.1771  26.4217
293.6671  22.4817
292.9071  21.2617
293.4271  19.7517
292.1371  15.1617
288.7671  14.8617
285.9771  13.8317
284.6071  12.3217
274.8771  10.5917
274.4971  13.5417
272.8871  15.4517
272.7471  17.5317
271.5871  18.8817
272.2371  19.9917
271.0771  22.0517
269.3471  21.5617
269.0971  22.9917
265.6471  23.4017
265.6571  24.7217
263.6671  24.5017
261.9571  26.6417
260.0771  27.6917
259.2371  29.1517
256.2171  30.6117
253.3271  30.8317
252.6871  28.6717
251.0871  28.5117
249.7971  30.7017
250.5971  35.9217
251.8871  36.5617
252.7071  38.3017
251.5271  40.6517
251.3871  42.0817
248.8971  45.3617
243.7371  46.0917
241.4371  49.4217
239.4171  49.8217
238.7171  52.0217
235.6571  53.1317
233.0571  55.6217
234.0371  59.1917
233.7171  59.9817
235.2371  64.4217
236.5271  65.4517
234.7871  66.0017
233.6271  67.4017
232.3271  66.5917
230.1671  66.3517
229.7471  67.5417
229.3871  67.0817
229.0471  68.0317
228.4171  68.0817
228.4171  68.0817
227.0471  68.2517
226.1771  77.4617
222.3171  85.9017
221.7671  88.8917
223.5371  89.5917
225.4371  85.1717
229.1971  85.9317
228.0571  90.0517
226.6671  90.9017
227.8671  96.8217
226.9871  97.3017
224.9771  97.2017
223.4171  99.4517

Zasavska
103
292.3771 212.1617
292.3771 209.8417
294.5271 208.6117
296.4071 206.0317
300.0571 205.8717
303.9571 206.8817
305.5871 207.8717
307.9271 207.1517
311.1871 207.2117
311.3871 206.6117
311.7671 206.7417
311.4971 205.2417
312.4271 204.9717
313.7771 206.3317
315.2571 206.4217
316.8971 207.7617
318.6971 207.0517
323.3771 207.3217
328.2171 210.5217
329.6071 209.8917
330.1371 208.5817
332.7271 206.4217
333.0071 204.6117
334.1271 204.5017
333.8071 202.1817
335.3871 201.9017
336.9271 202.7217
337.8871 202.5617
338.9371 198.1017
342.4171 195.6417
342.6571 194.1917
343.4571 193.8617
344.1071 191.8717
345.5671 190.5917
343.1371 189.9817
342.3571 189.3317
342.0171 187.9917
337.5671 189.6817
336.5271 190.8017
335.9171 190.6717
336.2371 189.4917
335.4371 189.0517
334.4871 185.9117
338.8971 183.2617
336.7271 182.1217
334.9671 181.8717
332.4371 182.7217
331.8071 182.4717
329.3771 183.7817
328.6771 182.9917
328.9171 181.7617
326.8671 181.0017
326.0371 181.2417
326.0671 177.8817
325.7471 177.6117
324.5271 178.9517
322.7071 177.5617
322.5771 176.3017
323.1071 175.6217
323.1071 175.6217
313.3971 173.8417
309.6571 175.2617
307.9771 176.7117
307.2971 178.1617
309.6371 178.5417
309.8971 179.1117
308.5871 179.8817
308.5471 182.0917
307.2371 184.2217
309.9171 184.5217
310.5871 185.7517
308.3771 189.3317
304.2971 187.5217
302.4071 185.9717
300.5471 182.8817
298.1371 182.2817
294.2271 182.4417
292.1671 182.6917
289.5271 185.4817
289.4571 187.0117
288.6971 188.0417
289.3371 190.8617
288.4071 192.1217
287.0971 192.6917
282.2471 191.9817
281.6571 192.3117
280.2571 191.5717
278.9471 191.5717
278.7871 193.7017
280.0271 196.4117
278.6171 197.1217
277.8771 199.0317
276.8971 199.5217
277.0271 200.9217
275.1471 201.3017
274.4571 202.4017
281.3171 202.6717
282.9171 203.0217
285.1171 204.5817
288.5971 203.7117
288.7171 205.4617
289.9671 205.7617
290.9571 206.8517

Savinjska
410
366.8471 293.1717
368.2971 291.9617
370.3871 292.3717
370.6871 289.6517
372.3971 287.6417
372.5571 284.9217
374.2271 284.6217
376.2571 285.4717
378.0071 284.1517
378.2871 282.8017
380.6471 281.6217
382.6271 282.9917
384.9771 280.3517
386.3671 279.8017
385.4171 278.1017
385.6671 276.6217
385.1271 273.9817
383.6871 273.9817
383.4171 273.2317
384.0671 272.2717
385.8871 271.6717
387.0471 270.3517
386.0971 269.4717
386.9171 268.3217
386.6871 267.8817
384.1271 267.3817
385.1871 266.2617
388.0171 265.6317
387.9071 264.3117
388.8371 263.6817
392.7371 262.8217
392.6371 261.4817
394.0471 260.7117
397.1971 260.7917
398.7371 261.6217
400.3571 260.4617
401.8571 261.8417
402.8971 261.3117
403.0671 259.2817
403.9271 257.9117
408.7671 259.3117
410.0271 258.2117
409.8871 255.9617
410.8471 254.3117
411.7571 250.5017
411.7171 247.5917
413.0271 246.0317
411.9871 242.9017
413.2371 241.9717
413.3871 240.9017
411.9471 239.9717
411.9471 239.3917
413.8871 239.3117
415.7871 238.3517
415.4971 236.7917
416.1471 234.6217
418.3071 234.3717
419.2271 233.5817
422.5271 234.4817
424.1671 233.2817
427.8871 234.1017
431.3471 232.7817
431.6071 231.3317
434.7271 230.4617
437.3271 230.4017
437.4471 229.9317
438.9071 229.4717
441.1871 229.7417
440.6371 228.1317
441.1671 227.3917
442.6171 227.9617
445.0271 227.6117
445.0271 227.6117
446.7771 228.2117
448.3371 227.8517
448.3371 227.8517
449.6071 228.0717
451.6371 226.8717
452.6271 227.3917
454.5871 223.5517
456.8871 223.4117
461.4471 224.5117
461.4471 224.5117
461.9071 222.2117
460.7971 221.4717
460.5871 219.4217
459.2771 216.3017
457.8371 215.1717
453.9971 213.6117
452.2671 214.5217
453.1571 216.4017
452.3271 217.4517
450.0071 217.5517
449.3771 216.3517
448.2571 216.0217
447.9171 217.8017
442.2571 217.9417
438.9871 219.1717
435.9271 217.1417
435.2271 217.3117
433.0771 216.2717
431.6271 213.6917
432.9271 212.6517
432.5071 211.8617
432.9471 209.5917
432.4071 208.1117
430.9871 207.7817
430.7771 206.3117
429.8971 205.1017
425.3771 202.6717
424.6771 200.8417
426.0671 199.7717
426.5171 198.4617
423.2871 196.8717
424.5771 194.9617
425.3771 194.9017
424.9771 194.2517
426.0271 194.0817
426.1971 192.7217
425.3271 191.3217
426.0871 191.0817
425.7171 190.4517
425.1871 190.5317
425.5671 189.5717
424.6771 188.3217
425.7371 185.9417
426.4771 185.9917
426.3471 184.1117
427.8671 184.0817
428.3271 183.3717
427.5071 181.8417
427.8671 181.0217
429.8871 179.6917
431.6071 179.8817
432.1971 180.7817
432.6971 180.6717
433.2471 179.9917
433.0571 179.3617
433.9671 179.4917
434.8071 178.8717
435.0371 176.0517
437.0671 177.1217
437.8671 176.0017
438.9871 176.4417
441.7071 173.9217
444.6471 172.8017
445.5771 173.0217
446.6971 171.2817
446.6971 171.2817
444.0771 171.7917
442.0671 170.4617
439.4971 171.2217
437.0471 170.9517
435.2271 167.4317
434.0471 167.3217
431.6671 165.9617
429.1971 161.8117
427.2571 160.0917
422.5671 158.2117
415.9771 157.5017
417.2871 160.1217
421.1371 162.5717
422.0371 164.0217
422.3771 166.5817
418.4971 167.1817
416.7871 166.2617
415.9171 166.5017
414.4871 165.7917
413.8071 166.1717
414.0571 167.1317
413.1571 169.2017
412.7571 172.8917
410.8571 173.3517
409.2471 176.5717
407.0771 177.5317
404.8571 175.8917
404.8571 176.5717
403.5971 177.8017
400.3871 179.4917
396.1171 178.6217
393.0171 179.3617
391.3471 178.4817
391.3471 178.4817
389.9971 178.8417
387.6571 178.4817
387.6571 178.4817
384.0671 179.1717
382.5071 180.6117
378.6171 178.4017
373.7871 178.6517
371.7571 178.2417
368.5271 179.2517
366.6071 178.4817
364.1871 178.8717
363.9971 175.2617
362.4971 176.4117
362.6871 181.1117
361.1671 181.8417
361.1871 184.0017
360.0871 185.4217
359.3871 185.4817
359.1771 184.1617
358.2971 183.3217
356.1871 182.8817
353.9271 183.2117
351.6271 185.0917
349.2971 184.2517
347.8071 184.9617
345.8171 183.7517
344.9971 183.8417
344.6371 182.4717
347.4471 180.7217
347.4071 179.6917
346.0471 177.1217
346.7471 175.8117
345.6771 174.6617
348.3971 173.6217
348.0971 169.4817
345.5471 171.3617
342.9271 172.4017
335.6871 174.1417
334.2071 174.1717
333.4971 173.5117
328.9371 172.2317
326.4271 172.7517
326.4271 172.7517
324.0771 173.4117
323.1071 175.6217
323.1071 175.6217
322.5771 176.3017
322.7071 177.5617
324.5271 178.9517
325.7471 177.6117
326.0671 177.8817
326.0371 181.2417
326.8671 181.0017
328.9171 181.7617
328.6771 182.9917
329.3771 183.7817
331.8071 182.4717
332.4371 182.7217
334.9671 181.8717
336.7271 182.1217
338.8971 183.2617
334.4871 185.9117
335.4371 189.0517
336.2371 189.4917
335.9171 190.6717
336.5271 190.8017
337.5671 189.6817
342.0171 187.9917
342.3571 189.3317
343.1371 189.9817
345.5671 190.5917
344.1071 191.8717
343.4571 193.8617
342.6571 194.1917
342.4171 195.6417
338.9371 198.1017
337.8871 202.5617
336.9271 202.7217
335.3871 201.9017
333.8071 202.1817
334.1271 204.5017
333.0071 204.6117
332.7271 206.4217
330.1371 208.5817
329.6071 209.8917
328.2171 210.5217
323.3771 207.3217
318.6971 207.0517
316.8971 207.7617
315.2571 206.4217
313.7771 206.3317
312.4271 204.9717
311.4971 205.2417
311.7671 206.7417
311.3871 206.6117
311.1871 207.2117
307.9271 207.1517
305.5871 207.8717
303.9571 206.8817
300.0571 205.8717
296.4071 206.0317
294.5271 208.6117
292.3771 209.8417
292.3771 212.1617
292.3771 212.1617
293.1171 213.8317
294.2571 213.4817
295.2271 214.7117
292.8771 215.0917
291.6971 218.4017
290.3871 217.8817
289.4871 219.0117
287.8171 219.2517
287.3971 220.3217
284.3971 221.4717
281.9871 223.5817
272.3171 224.3217
267.8671 222.8917
265.3171 223.6917
264.0671 222.9217
258.8771 224.6517
254.3171 224.6517
252.9271 226.9217
254.4471 229.6317
254.4271 231.5517
252.8171 233.8817
254.4671 237.0317
254.3371 238.7117
250.5171 237.6917
248.8871 238.2917
249.3971 241.5617
248.9771 245.0417
248.2171 246.0017
245.8771 246.1117
242.4971 249.9217
242.9171 251.2417
242.7271 258.5717
238.4871 257.0017
234.4771 257.2817
233.4571 256.1517
228.8571 259.2517
228.8571 259.2517
228.8771 259.5317
228.8771 259.5317
229.8371 261.0117
229.2571 261.6217
230.2771 262.6317
230.8671 264.5017
231.2871 269.6917
230.1471 270.9517
230.6971 274.1717
232.1571 274.8317
232.7671 276.0917
234.8371 276.7817
239.2471 276.8417
243.0071 278.3517
245.0771 278.3717
245.8571 279.6117
247.6671 280.0217
248.1371 281.4517
248.1371 281.4517
252.1471 280.4917
258.2171 281.1017
258.7071 280.0517
259.9771 279.9717
261.2371 279.1217
263.5671 273.5917
264.2571 273.4817
265.5071 274.3917
266.0571 276.4817
267.3371 276.8417
268.3771 275.8717
269.8471 276.2617
271.2471 275.0217
273.5671 274.5317
278.8271 275.2117
281.2671 273.5417
284.5271 274.4217
289.2971 274.0917
292.6071 277.4417
298.2171 277.2717
298.7871 279.1217
301.6171 279.9717
300.2871 283.0817
301.3071 283.0517
302.8071 281.9217
304.5371 281.7317
310.4271 277.6917
314.4971 277.3617
316.8371 276.0417
322.1971 274.5517
326.5671 271.3917
326.2471 273.5617
326.9871 274.4217
329.9271 272.7917
332.3471 272.2217
332.4371 270.6217
333.2771 270.2117
333.8471 268.3417
337.2671 266.5317
338.1971 266.8617
338.8071 265.4117
340.2871 265.4917
340.4571 266.9217
342.1071 267.8517
343.0371 267.6017
344.4071 268.1217
344.7171 266.0617
344.3171 265.1317
342.7371 264.2017
342.6971 262.8217
342.9871 262.3017
345.7771 261.7517
346.4971 261.0417
348.7971 261.6217
354.5971 264.8017
354.1971 266.4817
354.9171 266.7017
356.9271 271.0417
357.7271 271.6117
357.8271 275.8717
359.6471 280.9917
362.1171 281.8917
363.9971 283.4617
368.7671 284.5317
369.7371 286.3817
366.8871 289.4817

Koroška
186
338.5571 337.2617
338.9771 336.8517
340.4371 337.1817
341.0971 336.3817
344.1471 336.6817
346.0471 334.4817
350.7371 332.9617
351.7971 333.2617
353.9471 332.1317
358.6771 333.5717
362.1371 333.4317
365.0671 335.6617
367.8171 335.8017
370.1171 334.4217
371.5071 335.9417
374.2671 335.4417
374.2671 335.4417
373.4071 331.6317
373.7071 327.6317
368.3171 327.4117
367.5971 326.6417
367.6071 323.1117
365.0071 321.1317
364.2071 319.6717
363.3371 319.8017
362.5771 319.1417
362.4571 316.3017
360.5071 307.7117
358.6271 305.6417
357.0071 305.2817
356.4771 304.1317
355.2971 303.7717
355.2571 301.5117
354.5171 299.8017
353.5471 299.8617
353.4771 298.7917
352.7271 298.8117
352.9071 297.3317
351.9371 293.0317
352.9071 292.7017
353.6971 293.1217
356.5671 296.0117
359.4171 295.5917
360.1471 295.0117
363.0271 296.6117
364.0771 295.7017
366.0871 296.1717
366.9671 294.6317
366.8471 293.1717
366.8471 293.1717
366.2971 292.7617
366.8871 289.4817
369.7371 286.3817
368.7671 284.5317
363.9971 283.4617
362.1171 281.8917
359.6471 280.9917
357.8271 275.8717
357.7271 271.6117
356.9271 271.0417
354.9171 266.7017
354.1971 266.4817
354.5971 264.8017
348.7971 261.6217
346.4971 261.0417
345.7771 261.7517
342.9871 262.3017
342.6971 262.8217
342.7371 264.2017
344.3171 265.1317
344.7171 266.0617
344.4071 268.1217
343.0371 267.6017
342.1071 267.8517
340.4571 266.9217
340.2871 265.4917
338.8071 265.4117
338.1971 266.8617
337.2671 266.5317
333.8471 268.3417
333.2771 270.2117
332.4371 270.6217
332.3471 272.2217
329.9271 272.7917
326.9871 274.4217
326.2471 273.5617
326.5671 271.3917
322.1971 274.5517
316.8371 276.0417
314.4971 277.3617
310.4271 277.6917
304.5371 281.7317
302.8071 281.9217
301.3071 283.0517
300.2871 283.0817
301.6171 279.9717
298.7871 279.1217
298.2171 277.2717
292.6071 277.4417
289.2971 274.0917
284.5271 274.4217
281.2671 273.5417
278.8271 275.2117
273.5671 274.5317
271.2471 275.0217
269.8471 276.2617
268.3771 275.8717
267.3371 276.8417
266.0571 276.4817
265.5071 274.3917
264.2571 273.4817
263.5671 273.5917
261.2371 279.1217
259.9771 279.9717
258.7071 280.0517
258.2171 281.1017
252.1471 280.4917
248.1371 281.4517
248.1371 281.4517
247.8771 283.1617
249.2271 284.7317
251.0471 283.5417
252.5471 284.0417
252.6671 285.6317
251.8671 286.5417
252.7371 288.1117
254.4071 288.3817
254.3571 291.4717
254.9671 292.4617
254.9871 294.1117
256.8271 292.6817
257.6771 290.5917
260.1371 295.0117
261.6571 292.9017
263.4571 294.7917
266.6671 294.8517
268.6271 293.5817
272.5771 295.7017
274.5971 296.0917
274.5971 299.7217
276.0371 301.5417
275.7371 303.2217
277.3271 304.3517
275.6371 305.4217
276.0571 306.5017
277.2871 306.9417
278.5671 309.9117
277.8071 311.4817
279.2471 311.9817
278.8871 313.8517
281.1271 316.0317
281.8371 318.4517
282.3471 318.8917
283.2171 318.4817
284.0571 319.5017
283.9771 322.0117
286.8871 323.9717
288.2971 324.2717
290.6171 323.3617
292.7571 321.7317
293.0971 322.5317
293.9571 321.1817
294.9071 321.7917
294.5871 327.0317
296.3671 325.5717
298.4771 327.9117
300.6471 329.1217
303.3271 326.7217
303.9171 323.7217
305.0771 322.0117
308.3271 324.8817
308.1471 327.3317
310.7371 329.6517
312.2571 332.4917
314.6871 333.5917
317.4671 335.7217
321.8871 335.5517
324.7771 334.0117
325.7471 335.2217
327.7971 335.9917
329.5071 337.6817
333.1371 336.2117
333.4671 335.2217
334.1271 335.2817
334.5271 336.9017
336.1271 337.0717

Spodnjeposavska
202
326.4271 172.7517
328.9371 172.2317
333.4971 173.5117
334.2071 174.1717
335.6871 174.1417
342.9271 172.4017
345.5471 171.3617
348.0971 169.4817
348.3971 173.6217
345.6771 174.6617
346.7471 175.8117
346.0471 177.1217
347.4071 179.6917
347.4471 180.7217
344.6371 182.4717
344.9971 183.8417
345.8171 183.7517
347.8071 184.9617
349.2971 184.2517
351.6271 185.0917
353.9271 183.2117
356.1871 182.8817
358.2971 183.3217
359.1771 184.1617
359.3871 185.4817
360.0871 185.4217
361.1871 184.0017
361.1671 181.8417
362.6871 181.1117
362.4971 176.4117
363.9971 175.2617
364.1871 178.8717
366.6071 178.4817
368.5271 179.2517
371.7571 178.2417
373.7871 178.6517
378.6171 178.4017
382.5071 180.6117
384.0671 179.1717
387.6571 178.4817
387.6571 178.4817
389.0071 178.8417
391.3471 178.4817
391.3471 178.4817
393.0171 179.3617
396.1171 178.6217
400.3871 179.4917
403.5971 177.8017
404.8571 176.5717
404.8571 175.8917
407.0771 177.5317
409.2471 176.5717
410.8571 173.3517
412.7571 172.8917
413.1571 169.2017
414.0571 167.1317
413.8071 166.1717
414.4871 165.7917
415.9171 166.5017
416.7871 166.2617
418.4971 167.1817
422.3771 166.5817
422.0371 164.0217
421.1371 162.5717
417.2871 160.1217
415.9771 157.5017
422.5671 158.2117
427.2571 160.0917
429.1971 161.8117
431.6671 165.9617
434.0471 167.3217
435.2271 167.4317
437.0471 170.9517
439.4971 171.2217
442.0671 170.4617
444.0771 171.7917
446.6971 171.2817
446.6971 171.2817
448.7871 168.5517
447.2271 168.1417
446.9471 167.1317
445.8071 166.3917
446.2471 165.6617
445.4071 162.8217
446.0771 162.2717
445.6171 161.8917
445.1271 162.2217
444.0071 160.9417
444.6071 160.4417
445.1971 160.6917
445.0471 158.0417
444.2671 158.0417
443.8271 156.9517
443.0571 157.0617
442.7671 155.8617
444.0071 154.2617
442.8571 153.6317
443.7171 152.8417
444.6271 147.2817
444.3671 142.5117
444.7771 140.4117
444.0071 137.4417
444.2071 135.7317
443.0871 135.1017
439.0271 130.3917
440.5271 125.0617
439.9371 123.5917
441.1671 121.0917
439.9171 119.3217
441.4771 118.7517
443.9071 116.1717
444.1871 114.9717
441.0171 113.8017
436.2271 113.5017
431.8171 107.8517
429.2171 111.3017
426.9171 112.2517
425.9071 113.4717
420.1371 115.2117
418.5571 116.7917
416.5071 114.4517
416.1971 113.0417
414.9871 113.6917
414.4171 115.3517
412.1771 115.7317
411.2371 110.5917
409.5871 108.9617
405.1271 108.5517
404.7471 110.2417
403.0171 111.1917
400.2971 109.8317
399.9171 108.1417
398.2271 107.8217
399.6271 101.9817
397.6171 101.0817
394.5571 101.5717
392.6171 101.1117
389.4271 101.4617
385.3071 100.4017
385.3071 100.4017
382.2971 110.4317
380.6071 112.6817
380.1171 115.1317
378.8771 116.1117
379.2271 117.1717
383.5371 118.0417
384.6571 120.0317
382.2671 120.0017
382.0771 122.5817
381.5071 122.9417
382.1271 124.7117
379.9771 126.0417
375.4971 127.4817
374.3771 128.4617
375.9371 132.5417
375.1571 143.5417
376.5571 145.1017
376.6171 145.8317
375.8171 147.2017
373.2571 147.9917
373.1771 151.4517
370.8271 151.2617
367.8371 152.3517
367.9571 149.3517
365.7471 151.2817
363.1671 152.1017
362.5371 151.8317
362.5371 150.7417
361.7371 149.5917
363.2971 147.8217
363.1871 146.1317
361.3971 146.0017
359.5371 149.3517
358.4171 150.0617
357.0271 149.9817
357.2971 147.8817
356.7571 147.1417
355.1471 147.0617
354.9371 145.5117
353.3371 146.2717
352.5571 145.7217
352.6771 144.3117
351.4371 144.3617
347.2171 146.1117
342.7371 150.4117
340.7071 151.5817
340.4571 154.2617
338.6471 155.1817
339.1471 157.9617
341.4471 159.0517
342.0171 160.4217
341.7671 162.1917
340.1671 163.0117
336.9271 163.1217
336.3371 162.9017
336.1271 161.5617
335.2671 160.8817
334.5871 163.0117
330.5371 164.3217
330.5371 164.3217
329.8671 164.9717
329.5671 166.5617

Podravska
271
459.1271 351.4017
464.2771 343.8317
464.8671 344.8617
466.8271 345.5717
468.7071 342.5417
467.3971 341.2417
467.5671 340.8017
468.7071 339.7217
470.4371 339.6617
471.5371 337.5717
473.2471 337.3217
473.6271 336.7417
474.6371 336.9017
475.2071 336.3017
476.1971 336.7917
476.7671 335.0617
478.1471 336.1317
480.1071 335.3017
481.3771 335.3917
481.6871 333.8117
484.5371 333.4317
486.4771 331.4717
486.8671 330.3117
489.4771 328.9317
489.3571 327.8617
487.8971 326.5017
486.9871 326.3917
486.7971 325.4617
485.7671 324.7917
484.3471 324.9317
483.7171 324.2217
484.8171 322.6417
484.8571 320.3817
486.1071 318.3417
489.7371 317.9617
492.2271 316.9417
493.7671 317.3217
496.7371 316.7717
496.5971 311.3217
495.2671 309.2217
495.8171 306.6317
498.7671 303.1417
499.4371 301.1017
500.7771 300.1617
501.3471 298.8117
501.5071 297.4917
500.3971 296.3417
501.6571 295.2617
501.9771 293.2317
500.8771 291.8017
506.0871 286.9317
506.6171 285.5217
505.4771 279.3417
502.8571 276.3717
503.0071 273.2117
503.9171 272.6017
505.8771 272.9917
506.7471 274.9917
507.7371 275.1317
508.0071 270.7917
507.1271 269.9917
509.5071 266.7817
510.3971 266.3717
509.8671 265.5217
510.8771 262.8217
510.8771 262.8217
510.1271 262.8517
510.1471 261.6717
513.5171 255.7417
514.1771 251.9317
513.6071 249.7017
506.9371 249.0417
503.4271 243.1817
499.9871 242.0817
498.5971 243.0617
498.2971 242.2117
497.4571 241.9717
496.0471 242.6017
493.6571 238.8717
490.4471 237.7517
489.2671 236.7317
487.5771 236.7917
484.1171 235.7717
483.2071 236.8717
482.1571 236.3217
480.6971 236.8117
479.6671 235.5017
475.1871 234.5717
474.0071 233.1717
473.7271 231.6117
471.4071 229.7217
468.8971 230.2117
467.1071 229.3317
466.4771 227.7417
460.3271 226.9517
461.4471 224.5117
461.4471 224.5117
456.8871 223.4117
454.5871 223.5517
452.6271 227.3917
451.6371 226.8717
449.6071 228.0717
448.3371 227.8517
448.3371 227.8517
447.0471 228.2117
445.0271 227.6117
445.0271 227.6117
442.6171 227.9617
441.1671 227.3917
440.6371 228.1317
441.1871 229.7417
438.9071 229.4717
437.4471 229.9317
437.3271 230.4017
434.7271 230.4617
431.6071 231.3317
431.3471 232.7817
427.8871 234.1017
424.1671 233.2817
422.5271 234.4817
419.2271 233.5817
418.3071 234.3717
416.1471 234.6217
415.4971 236.7917
415.7871 238.3517
413.8871 239.3117
411.9471 239.3917
411.9471 239.9717
413.3871 240.9017
413.2371 241.9717
411.9871 242.9017
413.0271 246.0317
411.7171 247.5917
411.7571 250.5017
410.8471 254.3117
409.8871 255.9617
410.0271 258.2117
408.7671 259.3117
403.9271 257.9117
403.0671 259.2817
402.8971 261.3117
401.8571 261.8417
400.3571 260.4617
398.7371 261.6217
397.1971 260.7917
394.0471 260.7117
392.6371 261.4817
392.7371 262.8217
388.8371 263.6817
387.9071 264.3117
388.0171 265.6317
385.1871 266.2617
384.1271 267.3817
386.6871 267.8817
386.9171 268.3217
386.0971 269.4717
387.0471 270.3517
385.8871 271.6717
384.0671 272.2717
383.4171 273.2317
383.6871 273.9817
385.1271 273.9817
385.6671 276.6217
385.4171 278.1017
386.3671 279.8017
384.9771 280.3517
382.6271 282.9917
380.6471 281.6217
378.2871 282.8017
378.0071 284.1517
376.2571 285.4717
374.2271 284.6217
372.5571 284.9217
372.3971 287.6417
370.6871 289.6517
370.3871 292.3717
368.2971 291.9617
366.8471 293.1717
366.8471 293.1717
366.9671 294.6317
366.0871 296.1717
364.0771 295.7017
363.0271 296.6117
360.1471 295.0117
359.4171 295.5917
356.5671 296.0117
353.6971 293.1217
352.9071 292.7017
351.9371 293.0317
352.9071 297.3317
352.7271 298.8117
353.4771 298.7917
353.5471 299.8617
354.5171 299.8017
355.2571 301.5117
355.2971 303.7717
356.4771 304.1317
357.0071 305.2817
358.6271 305.6417
360.5071 307.7117
362.4571 316.3017
362.5771 319.1417
363.3371 319.8017
364.2071 319.6717
365.0071 321.1317
367.6071 323.1117
367.5971 326.6417
368.3171 327.4117
373.7071 327.6317
373.4071 331.6317
374.2671 335.4417
374.2671 335.4417
376.5571 336.4417
377.3171 335.3917
379.9471 335.1417
389.1371 336.3317
389.6871 335.4417
389.4871 334.3117
391.2471 334.0617
391.8371 332.9317
393.1371 332.3317
394.5371 332.9917
396.0771 332.1017
395.9771 329.5117
397.4071 328.1017
397.6771 325.4817
399.9371 324.7417
401.3771 326.5017
402.6671 327.0017
404.2871 326.4817
404.9871 325.2417
405.2371 325.7617
406.6071 325.8417
406.7771 327.4417
407.9771 327.1717
411.4671 330.5617
412.0571 330.8317
412.6471 329.7317
413.9371 332.0517
414.0171 332.5217
412.8371 333.5117
413.2571 334.3117
414.5671 334.5917
413.2371 340.4717
413.9771 341.1617
415.4571 340.8517
417.5171 343.2317
419.2271 343.6117
419.2271 344.1617
421.4471 344.3917
422.7971 346.0717
424.8671 345.4617
424.1971 344.8317
422.7571 345.4117
422.0571 343.2017
423.2471 341.9017
424.4671 341.5717
425.3971 341.9317
424.4271 343.7217
425.2671 344.3917
428.3271 343.3917
429.5971 344.1117
429.7871 345.4617
430.6271 346.5717
433.4571 346.7617
433.7071 350.4617
434.2771 350.7417
438.0771 350.8217
442.2371 348.4217
446.2071 347.9217
449.5671 349.0017

Pomurska
273
549.3171 396.8317
555.3371 396.5817
556.9571 393.2817
559.8571 391.5717
561.9471 389.3517
563.7971 389.0217
565.7171 386.4217
565.5971 384.8417
564.6871 384.0617
564.1771 382.4317
564.2271 378.8317
563.6971 377.3417
560.5071 376.6717
558.8171 375.0917
558.8371 370.5317
561.7571 370.5917
562.0671 369.6417
560.0671 364.1417
565.8471 358.2017
565.6971 355.5717
566.2271 355.4317
567.2371 353.0617
569.6671 355.1917
571.3771 353.2517
571.2771 351.7917
569.6671 350.1017
570.4971 349.2717
580.9571 347.6717
579.0371 337.6517
576.3971 337.6817
574.9071 339.0017
573.8471 339.0317
573.6571 336.6817
572.5571 335.7717
572.7471 333.7017
574.0571 332.6017
573.8271 330.9717
575.0071 330.3917
575.9571 330.7817
576.9271 330.0617
578.6171 327.9117
579.6971 325.0717
584.0171 324.1917
585.9471 320.8517
587.2771 320.0217
588.5771 317.3517
589.3571 317.7117
590.7171 316.2217
591.2771 312.1717
592.8671 311.6717
593.3271 310.9917
596.0971 311.2617
597.9471 308.3117
598.0771 306.2217
597.3871 305.1217
597.9271 303.5217
599.4671 303.3617
600.4871 302.3917
599.1571 298.9217
599.4771 297.9617
600.6071 297.3317
600.1471 295.9517
599.2571 296.1717
598.7271 294.8517
603.5271 291.7417
609.2071 289.2417
612.3271 285.3317
610.7471 285.3617
609.7971 284.4517
607.8771 286.2917
607.0871 285.0817
604.0471 286.7617
603.5271 287.7017
602.1971 287.8117
601.4571 289.2417
599.8771 288.0317
598.5271 288.3817
597.7371 289.1817
598.7571 290.5617
598.6671 291.3317
595.6671 292.1817
593.0571 293.6917
593.7471 294.8817
593.0971 295.9017
589.5571 297.1117
587.9871 296.8317
587.7171 298.2617
586.7471 299.2817
585.4971 299.1417
584.5071 298.3217
582.8871 298.3717
582.0171 299.4517
581.9071 301.3217
581.1971 301.9817
579.3571 301.5417
577.9471 302.5917
577.7471 301.4817
577.1171 301.2917
574.9471 303.1417
575.4771 304.5117
574.9471 305.3117
574.0171 305.3417
573.2971 303.0317
570.6771 301.7917
570.1171 302.0117
568.7771 304.9317
567.9171 304.5717
567.3471 303.4917
564.9871 304.5717
563.9671 301.1017
563.1471 300.9317
562.7471 301.9017
561.7471 302.0917
559.0471 300.9617
558.1271 299.2017
555.8471 297.7917
555.0771 298.2117
550.4971 297.8217
548.6671 292.7317
547.0871 291.4117
547.0871 289.6817
550.0371 283.0817
550.9871 274.4717
552.7771 271.5917
556.4171 268.6217
557.9371 265.9017
557.7371 263.0717
555.8671 259.8917
554.2771 258.5417
551.3471 258.3217
550.6071 260.6517
548.7971 262.7117
547.6771 261.4217
545.8171 260.4917
543.5571 260.7917
542.7771 261.4817
539.7771 259.7517
538.2571 260.4317
536.3971 259.8017
533.6771 264.1417
527.6871 268.0717
526.0571 267.8217
523.2471 265.5717
520.9671 261.7017
519.8071 261.6217
518.1671 262.4717
515.2071 261.1517
512.7371 261.5117
510.8771 262.8217
510.8771 262.8217
509.8671 265.5217
510.3971 266.3717
509.5071 266.7817
507.1271 269.9917
508.0071 270.7917
507.7371 275.1317
506.7471 274.9917
505.8771 272.9917
503.9171 272.6017
503.0071 273.2117
502.8571 276.3717
505.4771 279.3417
506.6171 285.5217
506.0871 286.9317
500.8771 291.8017
501.9771 293.2317
501.6571 295.2617
500.3971 296.3417
501.5071 297.4917
501.3471 298.8117
500.7771 300.1617
499.4371 301.1017
498.7671 303.1417
495.8171 306.6317
495.2671 309.2217
496.5971 311.3217
496.7371 316.7717
493.7671 317.3217
492.2271 316.9417
489.7371 317.9617
486.1071 318.3417
484.8571 320.3817
484.8171 322.6417
483.7171 324.2217
484.3471 324.9317
485.7671 324.7917
486.7971 325.4617
486.9871 326.3917
487.8971 326.5017
489.3571 327.8617
489.4771 328.9317
486.8671 330.3117
486.4771 331.4717
484.5371 333.4317
481.6871 333.8117
481.3771 335.3917
480.1071 335.3017
478.1471 336.1317
476.7671 335.0617
476.1971 336.7917
475.2071 336.3017
474.6371 336.9017
473.6271 336.7417
473.2471 337.3217
471.5371 337.5717
470.4371 339.6617
468.7071 339.7217
467.5671 340.8017
467.3971 341.2417
468.7071 342.5417
466.8271 345.5717
464.8671 344.8617
464.2771 343.8317
459.1271 351.4017
459.1271 351.4017
461.3671 352.8617
467.6771 354.8517
475.0571 354.9117
483.7771 350.9617
488.7871 346.5417
498.1071 343.9717
500.0171 342.2917
501.4071 339.2517
506.0271 336.5217
507.0571 337.8417
507.2771 344.1917
504.9671 348.7817
504.7171 350.3517
505.3971 352.0417
503.2371 352.4217
502.2871 353.8917
500.0771 353.8617
500.4371 355.1917
497.8971 357.4817
496.9471 359.8817
497.3571 361.2417
497.0171 363.1517
497.6671 365.1417
497.3071 369.4517
498.6771 373.2717
498.0471 377.4517
498.9771 377.8917
499.3771 379.0517
497.9671 380.7117
496.8471 383.8717
499.1271 386.0817
500.0771 384.8917
500.7771 384.7817
501.6171 385.8317
504.8471 387.0517
505.3471 387.1417
505.7971 385.4717
507.6271 387.4717
509.1671 386.8017
510.7571 386.9417
511.5371 388.0517
511.4071 389.2417
513.4371 391.0717
514.7471 390.9017
516.7871 394.0017
517.6571 394.2017
518.5671 393.1517
520.2971 395.2817
521.2271 395.6117
521.4971 394.4217
522.8071 394.3917
523.9671 392.6217
526.7371 391.7317
529.2071 391.7317
530.1771 393.0917
532.7671 392.7617
535.1571 395.0317
541.9571 396.0817

