613 305

Banskobystrický
417
212.7483 161.7756
213.1883 162.6756
214.8283 163.4256
216.1583 165.2456
218.1183 166.2756
218.9183 166.0856
219.0283 164.5856
219.7383 164.5256
219.6683 163.2756
221.5083 163.0056
222.6283 161.9356
223.6283 161.8756
225.0783 162.9756
227.4883 162.3256
230.3283 162.6956
231.1983 164.3256
232.8283 165.6356
233.2983 169.2656
230.8483 171.3856
230.3383 172.3356
230.2083 173.7756
231.1083 175.3956
230.2683 179.0956
230.7283 179.5856
231.4083 179.1756
232.5383 179.2956
233.8883 181.0056
234.6783 183.8756
236.5283 184.6956
237.1283 184.6656
237.9983 183.7756
239.3183 183.6956
240.0083 184.0156
242.1183 183.6156
247.0383 184.3856
248.1383 183.9556
249.4683 184.6856
250.8783 184.1656
252.8483 186.0756
256.5183 187.1056
258.5583 186.1656
259.1883 184.5956
259.2583 182.3656
257.6483 181.0056
257.8583 180.3956
264.7783 181.4956
266.8583 186.0056
271.9283 191.8556
278.6683 191.8556
280.3183 192.2756
283.9583 194.2256
287.0483 193.8156
288.5583 194.8556
289.9683 194.0256
291.5283 193.9756
293.7683 193.1356
294.5583 192.0956
297.3083 190.1056
298.7883 189.5556
301.9083 187.0256
304.9483 187.0256
309.7283 188.7756
311.2483 186.9756
313.0683 188.0856
314.2883 188.1256
316.5883 189.5756
318.9483 189.4856
319.5583 188.6356
320.6883 188.1956
325.4583 188.8556
333.5683 188.4856
336.1083 189.9156
338.0183 187.9356
338.0183 187.9356
343.2983 187.4456
344.5183 185.9156
353.4483 184.6156
355.3883 185.9456
356.9183 188.5356
359.1183 186.4756
360.6583 186.6856
361.9683 186.2856
364.7583 183.2056
366.2383 182.7356
366.2383 182.7356
364.8383 182.0956
363.7483 178.1556
359.3183 174.0856
359.5283 170.4156
358.6383 169.5456
359.4783 168.8856
360.0883 166.2656
357.6183 164.6656
357.4883 163.6956
357.7683 161.5856
358.6183 161.3256
358.3083 159.3256
358.7883 158.1656
360.8583 158.4556
365.2483 154.7056
366.3183 152.4056
367.6083 151.2156
369.0883 147.8456
370.4083 146.7656
369.3883 144.8256
369.7683 141.4456
370.2983 140.4956
370.2983 140.4956
369.7283 139.9056
369.7683 139.1156
369.7683 139.1156
371.7683 138.1356
374.0583 138.6256
374.7183 137.1456
376.0683 136.9256
375.4683 133.7056
373.1683 129.1756
373.1783 127.3356
372.3183 125.7156
370.9483 124.5256
370.4083 121.6156
371.3483 120.1756
371.1383 118.2456
371.6483 117.4656
371.9783 117.9456
372.7483 117.4956
373.3183 117.7056
373.3283 116.5656
373.8783 116.0456
373.5983 115.4656
377.2183 115.5656
379.3783 116.2556
380.3483 116.9656
381.8083 119.3256
383.0283 119.6956
383.6783 117.6356
385.2383 117.6556
386.9783 118.5656
387.9183 117.8156
387.9383 117.1056
387.9383 117.1056
388.5783 115.7156
387.6683 114.7656
386.3083 114.3656
385.4783 112.5056
382.8983 110.0356
382.5783 108.6356
383.1183 107.5456
382.9783 105.9456
381.4283 103.8456
382.2783 101.9656
382.1483 101.3556
379.8183  99.1356
379.3683  97.9356
377.6383  95.8856
378.2283  95.0156
377.3583  93.5756
374.3283  90.6456
373.9183  89.8156
374.1083  88.7256
373.7883  89.0656
373.3683  88.7956
373.0783  86.3656
371.0983  86.4456
371.6183  85.1156
368.8083  84.6356
366.0783  86.7656
363.9783  87.6256
362.5183  87.1156
363.3883  86.2056
362.6383  84.7156
361.3983  84.2856
359.9183  84.5056
360.3883  82.9756
357.1783  82.5256
356.4483  83.0556
354.8283  82.9056
353.8083  83.5656
352.7083  83.3056
352.4983  82.6156
353.2183  81.6756
352.4783  78.7656
349.2083  76.2156
347.6483  74.1656
346.6383  74.3156
345.7683  73.4156
345.5583  72.9256
346.6583  72.3856
346.6083  72.0456
344.7283  71.1056
343.9583  69.7956
343.4283  69.6356
342.7183  70.6556
341.6383  71.1056
338.7883  70.3056
337.6083  69.6956
337.2283  68.8556
335.8583  69.2956
334.6683  67.3556
333.2783  67.1156
331.7283  64.0856
328.6783  63.4956
327.7383  62.8856
328.0583  64.7056
329.2283  66.3956
327.6883  69.3356
326.4583  69.1256
325.5583  69.9256
323.5783  70.0356
323.0683  71.3556
321.7983  68.8356
320.8583  68.8356
319.4783  70.0456
317.9783  68.7556
317.8783  67.7556
316.5783  67.5156
315.3983  69.1856
316.0083  69.7156
316.1883  70.6756
317.7983  72.2256
317.0783  73.9456
315.9383  73.6856
315.1483  75.0456
313.4583  75.9256
312.9783  76.9756
311.4283  77.3756
310.3083  77.2356
309.0883  75.2556
307.1383  74.9956
305.9183  75.4756
304.3083  76.9756
303.2483  81.1356
302.1783  81.4856
300.8983  80.9556
299.1083  82.7656
296.6583  80.8656
295.9883  79.6356
295.1083  79.2656
293.6083  77.5556
292.1883  77.1556
290.1783  75.7456
289.3383  76.2156
287.8183  75.2056
288.0283  73.1456
285.7983  70.3656
286.3183  66.9856
284.4483  65.1156
284.7783  62.5056
283.5083  60.0456
283.9083  58.7856
282.8683  57.8956
281.8183  57.9656
281.6683  56.1656
281.0183  56.0456
280.1583  57.2456
280.1183  58.8356
278.9083  58.9856
276.6983  56.7856
274.2283  56.0856
272.6883  57.4956
271.4283  57.2256
271.3183  56.7056
269.7883  57.2156
268.0283  56.7656
266.9383  57.2956
263.8083  56.8656
261.9583  55.7956
261.1383  54.6656
258.7083  53.9956
258.1583  52.0856
257.3483  51.4456
255.9083  51.9756
254.9483  52.9556
253.8483  53.0656
251.6183  52.2556
245.8683  54.5256
245.0783  54.4556
244.3483  53.2156
242.8983  53.1056
240.9683  54.3756
240.2983  54.2656
239.9683  53.5756
237.8983  52.2256
236.5783  53.5756
235.2683  53.1856
233.1283  55.1056
233.1283  55.1056
233.1083  57.6556
234.1983  58.1656
234.5783  59.7956
236.7883  61.3756
238.6183  64.1956
238.2083  66.5856
236.8383  68.6756
237.6383  69.2156
237.9383  71.1956
239.0083  72.1556
238.2483  72.9556
239.1883  73.9956
236.8183  75.6256
235.2183  73.6856
233.8983  73.2556
232.7483  73.6856
232.4383  73.2156
228.4683  71.8656
227.4983  72.7656
226.1983  70.6256
225.2383  72.2056
224.3183  72.4756
223.6783  70.6856
224.4683  68.3456
220.0183  68.5956
216.6083  69.5356
215.6483  70.5156
213.3083  71.2656
212.6983  70.9156
212.8183  69.6156
212.4683  69.3656
210.7283  69.6956
210.1683  72.7956
211.1883  74.1356
211.9583  73.9656
213.6283  75.9256
211.5083  79.1656
211.5783  79.9656
212.4383  80.0156
212.4883  80.4356
211.0683  82.1756
211.7583  84.0956
212.9383  85.0856
214.6583  85.6556
214.5983  88.8356
215.7183  91.8356
215.0683  94.0456
213.7583  94.2056
213.0283  95.4356
212.8383  98.0156
211.3683 102.0456
209.0283 103.2956
208.4983 103.0856
207.5583 105.3056
205.5083 107.2056
205.6983 108.2956
204.4983 109.3556
202.9483 109.3056
201.3983 107.0156
199.5383 105.7356
199.7983 105.1556
198.9983 104.1756
198.3083 104.0856
198.4483 102.7556
197.3983 102.3656
197.4783 100.2356
196.7483  99.4856
194.6683  98.1056
194.3383  98.9456
192.4983  99.3556
191.7783  98.4456
189.0383  97.0656
186.1583  98.0756
184.4883  95.4656
183.0083  94.1256
182.4983  92.8556
181.9783  93.2556
182.0983  94.1256
181.1883  95.1256
181.0383  96.2356
179.9683  97.9456
179.8283 104.3856
180.1383 105.6356
181.1683 106.5356
181.2383 107.7356
182.9783 111.9856
182.1583 113.0356
181.9683 115.1156
180.5083 115.1956
182.9783 118.9256
181.7383 118.7756
182.4683 122.5156
181.7283 123.8656
181.3983 123.5956
180.2783 124.1456
178.7483 124.1556
177.8283 123.7856
177.5983 122.7156
176.4183 122.9056
176.8583 125.0056
178.3483 126.4356
178.2383 127.4356
177.4483 128.4956
177.2483 130.5056
177.2483 130.5056
177.7483 134.1556
179.4383 134.2256
182.4883 133.4056
186.2883 133.4456
187.3683 134.3956
188.5783 134.5256
189.0483 135.6856
188.9183 137.3956
189.7083 138.7456
191.0983 139.6756
193.0683 143.5756
194.7283 145.2756
196.7483 144.2356
198.2483 143.8756
199.3283 144.1356
201.4483 143.1556
201.6283 144.4756
201.1383 146.6156
203.9983 148.9356
205.0883 153.7056
206.2983 154.6956
208.0183 154.1256
209.4483 155.0956
210.9183 157.4056
212.1183 160.4656

Bratislavský
195
 12.3483 128.2256
 15.3283 128.2056
 15.5383 129.9256
 18.8283 130.2956
 22.2183 131.6956
 22.5183 131.1456
 23.9983 131.0256
 23.9983 131.6456
 22.8683 132.9656
 22.9783 133.6056
 26.9283 131.2256
 28.9883 132.3856
 29.6983 130.9756
 30.6583 130.7156
 38.0283 132.3756
 40.6483 133.7856
 43.1183 134.2256
 43.6383 136.0356
 46.0983 137.5856
 52.9283 147.6856
 54.4383 146.3456
 55.9283 145.7156
 57.2883 143.0256
 57.5083 141.2756
 57.1183 140.4156
 55.4083 139.3856
 54.1083 137.3256
 52.0583 137.1656
 51.3183 134.5156
 47.3783 131.8056
 47.0483 130.7956
 50.4083 128.4056
 50.8583 126.4256
 53.0283 126.0856
 53.0983 124.6756
 55.0383 123.7556
 54.8183 123.0356
 54.0083 122.5156
 54.0983 121.4956
 53.5283 120.2356
 51.6183 119.5756
 51.5883 118.8856
 50.5083 117.4656
 50.6783 116.7556
 52.1783 115.0056
 54.9883 114.8756
 56.7283 112.9856
 60.0483 112.9556
 59.5183 109.8856
 61.2183 109.6456
 61.1683 108.3156
 62.6083 107.6756
 64.0183 102.7256
 64.5983 101.9856
 66.3183 102.6556
 68.1983 100.8756
 68.8183  98.4456
 67.2583  94.4456
 66.0183  93.8956
 67.1283  92.7656
 66.5383  91.1556
 67.6483  91.0456
 68.2183  89.7656
 69.9883  88.3456
 70.4483  88.1556
 71.5783  89.0456
 72.9183  87.5156
 69.4383  83.1356
 68.4583  79.3956
 69.0683  78.7556
 70.4483  78.6256
 73.4383  77.2156
 73.4383  76.1456
 72.1683  74.3256
 72.3383  73.6056
 73.5383  73.0556
 73.6383  70.4856
 73.2683  69.9056
 71.7483  69.7456
 71.4083  68.9056
 69.6383  68.8356
 68.4983  67.6756
 67.7183  65.9156
 64.7783  64.8656
 62.8683  66.1556
 61.2083  66.2356
 61.2983  68.5356
 59.3483  69.1756
 58.0583  68.0256
 58.5183  66.3056
 59.6083  65.6956
 58.4983  63.7756
 57.3683  64.0656
 54.4883  61.8056
 53.8383  62.0256
 52.2083  61.0556
 50.9683  61.8156
 50.3483  61.7056
 50.1583  60.9556
 50.6583  60.3556
 50.3183  58.7456
 51.1183  57.2256
 52.2383  56.3856
 53.1983  56.3856
 54.2883  57.6956
 55.4083  57.1056
 55.4783  56.3056
 53.9983  56.0056
 53.5083  52.9556
 51.4383  52.6556
 50.4183  53.6956
 49.8883  53.4856
 50.0083  51.9456
 50.6883  50.6656
 47.9883  49.2956
 46.4483  47.2156
 45.4683  47.1756
 45.5783  46.1256
 44.4183  44.9056
 44.4183  44.9056
 43.9383  46.3856
 42.1383  45.4456
 39.5083  45.9856
 35.2483  43.9456
 33.1083  46.2256
 31.5683  46.2756
 30.0783  47.7656
 27.8383  46.1656
 25.5183  47.8656
 27.3683  50.0456
 27.0083  50.8856
 25.4283  51.5756
 27.2783  53.2656
 25.8983  54.1056
 26.5483  55.3056
 25.9683  56.1156
 27.9583  57.4656
 27.4783  58.2456
 27.9283  58.7256
 26.2183  59.8456
 25.7783  60.4356
 26.1083  61.1456
 25.3383  61.2956
 24.5983  62.2456
 25.2383  62.6656
 23.9583  65.6756
 22.2283  65.1656
 20.9683  65.3456
 17.4583  68.8256
 15.3383  70.2556
 15.3883  72.8756
 13.9383  78.4456
 12.4283  80.6556
 13.4783  85.0656
 12.4183  86.0456
  9.9583  86.3956
  8.3583  88.8756
  8.7983  89.5656
  8.2683  89.3056
  6.9183  92.3256
  7.9583  92.5056
  7.3983  93.2556
  8.2883  95.0056
  4.4283  96.9256
  4.4883  98.6156
  2.2883  98.5056
  1.2783  99.2956
  1.1183 102.1556
  0.2883 103.8456
  0.5383 104.2156
  2.1083 104.1956
  2.1283 105.4656
  2.9483 107.0856
  2.3083 107.4456
  2.1683 108.7156
  3.3883 109.9956
  2.3683 111.9556
  2.0783 114.6856
  3.4583 115.4656
  3.0783 116.2256
  3.4983 117.3356
  4.3883 117.7056
  4.9283 118.7656
  6.9583 120.4656
  6.4283 121.4756
  6.7783 122.2156
  7.7983 122.6456
  8.6183 122.1056
  9.2283 122.2756
  8.7083 124.8856
  9.6583 125.0856
  9.5283 126.1156
 10.5883 126.7656
 10.8283 126.3156
 11.9383 126.3556

Košický
450
366.2383 182.7356
368.0183 181.2956
369.5083 181.7056
369.7483 183.2256
369.2083 183.8356
369.1783 184.9056
369.9383 186.0456
369.9783 190.1556
371.3883 191.0256
371.5483 191.5756
371.4483 192.5156
370.3383 193.3456
370.0983 194.2356
373.6883 197.9656
374.9383 198.4056
375.6083 199.3956
377.1083 200.3356
379.0483 200.8356
380.6483 202.8656
384.2283 201.3856
387.3783 199.1456
388.5583 197.7856
390.4383 197.0556
391.2983 196.1156
392.9683 196.0656
389.5183 200.4656
389.9983 201.8256
392.4483 204.1756
393.1083 203.7556
394.2683 201.4156
396.2583 199.7356
396.5183 198.6456
398.9883 197.3156
400.2483 198.0656
402.6583 198.2456
406.2883 192.4756
407.2383 192.2756
409.3683 190.6556
409.0183 191.5656
409.3283 193.9456
410.5383 194.9856
410.5183 196.5056
410.9883 196.9256
414.2583 198.0256
415.0483 197.7256
415.9983 195.8456
418.1783 197.4956
418.7283 197.2056
419.2183 195.8556
419.9683 195.7956
421.0883 196.5856
421.2783 196.8756
420.1183 198.5956
420.2383 199.9156
419.2083 201.2256
419.7483 201.6656
420.9483 200.9156
422.1783 200.8156
424.4283 199.1356
427.3483 200.2556
427.1483 199.4056
425.2983 198.1756
426.0583 197.3456
427.6283 197.3656
427.9183 196.6556
433.7083 198.4856
436.0683 197.8556
437.8183 196.5756
439.0583 193.9656
439.5783 193.7356
442.6383 196.0356
445.0483 192.0156
446.6183 191.0956
447.0583 188.2756
451.5483 188.0156
454.5683 186.7856
457.5883 186.5756
458.9783 187.9356
459.8983 187.1256
461.5583 186.6256
462.5083 184.1656
464.1083 182.6756
466.0983 184.7756
468.7683 183.2056
469.0583 184.1456
470.3983 184.0956
470.3383 182.2856
472.5183 183.2256
473.0583 181.4656
471.4283 175.8956
472.7083 174.3156
475.1583 172.8556
477.1483 173.7456
477.0483 175.5756
478.5083 176.8856
479.3583 177.2356
480.3583 176.6056
481.2983 177.4456
484.3783 177.4356
484.7183 178.6256
485.6883 179.5956
485.5783 181.9956
485.8983 182.3856
485.1783 184.1156
485.6383 184.6356
487.3283 185.0656
489.4083 183.1556
489.7283 186.6856
490.3383 185.7856
490.9083 183.0756
493.1283 182.6756
493.7283 182.9656
493.7283 183.7256
494.9683 183.9156
496.8283 185.3456
496.8983 182.4356
498.1783 182.1056
498.7883 181.4156
497.7583 180.2456
497.9183 178.8256
499.1483 177.2556
500.7183 176.4756
501.6083 174.6956
501.3883 172.9056
502.6883 170.6756
506.4783 169.6856
507.2283 168.9656
507.1283 167.9956
509.0783 168.0556
511.3383 166.7056
515.5583 168.0056
516.6783 166.3156
518.3983 164.9456
520.8283 165.3256
525.0383 167.6356
526.0183 167.5356
526.0283 166.7856
526.5983 169.2656
528.5483 169.8856
530.6183 171.6256
530.8183 173.3556
529.6983 175.0356
529.0083 185.0056
529.3783 187.2356
530.4783 188.0156
532.2083 187.8056
533.2983 185.7956
533.9283 186.0556
534.5383 185.6156
535.3183 186.1656
537.1783 186.3956
542.5783 184.2956
545.4183 182.3556
547.2783 179.2256
550.9483 178.8356
551.6983 177.4356
555.2383 177.4156
559.6683 178.4356
565.8383 178.3256
566.2883 179.1456
565.9883 184.5856
566.7983 185.4756
568.7783 186.2656
569.7283 188.4356
572.8183 191.5756
576.2183 191.1456
577.3683 190.3356
578.4183 186.0056
579.4483 184.5156
579.7083 182.1256
584.8383 182.3056
587.0383 183.1956
588.6983 182.3056
592.1983 182.1356
592.9283 181.6256
592.9283 181.6256
591.9983 176.8456
592.9283 174.8256
593.2083 171.2056
592.3683 170.3056
591.7683 168.5956
589.0283 165.8456
588.5483 163.2456
590.4383 161.7456
590.4783 159.6756
589.3783 158.4356
588.1583 152.4956
584.2783 151.2456
581.6883 148.6656
578.7383 146.5356
578.0083 143.9956
576.5083 142.4956
574.8383 142.4456
573.3483 140.5156
572.1383 140.5156
572.0583 139.5356
571.3883 139.4156
569.3083 134.7556
568.5483 125.9856
566.5883 112.2656
566.8183 108.4256
567.2983 107.2456
568.2983 107.2856
567.8883 106.0356
565.8583 105.3056
566.3883 103.6356
565.1483 103.6356
564.7483 103.1856
563.8483 103.4856
562.6283 102.8856
562.1083 103.7456
561.1183 102.2756
560.8283 103.7356
560.0183 104.5656
559.6683 103.7656
558.2483 103.9056
557.8383 103.1256
554.8583 105.5256
553.5583 104.2256
550.6883 103.3956
550.3183 102.9256
550.1283 103.5056
546.3383 103.2956
544.7683 102.0656
544.1383 102.1256
544.6083 101.3956
544.0583 100.5856
543.0983 100.7956
542.1283 101.7156
541.1283 101.1156
540.8583 101.9356
540.8083 100.7456
540.2683 100.8156
540.4883 101.6656
539.9383 101.9656
539.2983 101.1856
539.8083 100.0956
539.3083  99.8656
539.3283 100.6356
538.9383 100.7156
538.5183  99.7456
537.6983 100.0756
537.3483  99.3556
536.8283  99.6256
536.5583 101.0756
534.5583 101.0856
534.1683 100.5856
534.0883  96.4256
532.9783  95.8356
532.2883  95.8056
532.4283  96.5056
530.9783  96.6956
530.5283  97.3756
526.9983  97.1356
526.1183  98.0256
522.6783  98.5856
521.2083  99.5056
521.4183 101.3256
520.6383 101.2956
520.0383 101.9856
520.6483 103.0556
520.1883 103.9256
518.0183 105.2056
516.8083 104.9456
515.8383 106.1956
515.6983 109.4556
515.3983 109.3256
513.6983 114.2156
512.8883 114.6056
512.2183 115.8556
512.4683 116.4456
511.4783 117.7856
511.7783 118.5856
511.3583 118.8056
511.5183 121.6356
511.1783 122.5156
510.6583 122.4256
510.4583 124.4656
509.5683 124.1056
508.2983 125.1056
507.5083 124.7156
506.8383 123.4456
505.4883 123.6456
504.9283 124.6756
504.1583 124.1056
502.9583 124.0956
502.7083 125.1056
501.2083 126.4356
500.0483 129.1556
500.0783 130.8456
499.1883 131.1656
499.1283 131.7156
498.5083 131.7156
498.3583 132.5456
497.0383 132.2956
496.4083 133.3156
495.7183 133.2056
494.3583 134.6256
493.0683 134.9256
491.9383 136.6356
490.8783 136.4756
490.1983 135.6256
489.9583 132.9156
489.3783 132.3556
487.6983 133.1256
485.3783 132.2956
482.2983 132.5856
479.4483 132.1656
479.3083 132.7056
478.8283 131.9256
479.9083 131.5956
478.6383 131.1356
479.3883 130.3756
478.9283 129.1556
478.1983 129.2656
478.7983 128.0956
477.5183 127.2556
477.6683 126.5356
476.6983 126.3956
474.0383 127.3556
473.5583 126.9856
470.5883 129.1856
469.8983 129.1256
469.8383 128.3656
468.5983 128.8956
468.1483 128.0156
467.3083 128.2556
467.3283 127.2556
465.8983 126.6956
465.5483 127.0056
465.4383 126.5056
464.9583 126.8256
464.1683 125.8156
463.4083 126.5156
461.0183 125.4756
459.1183 121.8456
457.9383 121.5356
456.7683 121.6856
455.7183 122.5856
455.6283 124.5756
455.0383 125.6156
453.1383 126.2356
452.0283 127.0956
450.6683 126.3756
450.6583 127.1956
449.8383 126.9356
448.6783 127.2256
447.9283 127.9456
447.5383 127.5656
446.5683 128.0456
444.3083 127.0956
443.1083 125.6556
442.3383 126.5656
441.4283 126.1056
440.5283 126.4856
440.3983 128.2056
438.8883 128.5156
438.7383 129.6056
438.0283 128.9956
437.3483 131.2156
436.2983 132.1456
432.2283 131.0556
430.7883 131.1456
429.2583 133.2056
428.7683 133.1156
428.7683 135.2956
427.8483 135.0456
428.5483 136.2956
424.2883 134.8456
416.9383 134.0256
416.4683 133.3556
415.8783 133.9956
414.1883 134.0256
411.0883 132.5456
408.2783 132.4656
407.1983 131.1856
406.8083 131.5956
406.0983 130.8956
404.6983 130.6156
403.9883 129.6556
402.4583 129.6656
401.2283 129.0456
400.8883 128.3356
396.8183 129.9156
395.7483 127.2756
394.5983 127.7056
393.8783 128.7256
392.7083 128.3056
391.9483 127.3856
392.0483 125.8956
392.8683 124.9656
392.4483 123.9156
392.5783 121.1056
391.2183 120.8156
390.0783 118.4756
387.9383 117.1056
387.9383 117.1056
387.9183 117.8156
386.9783 118.5656
385.2383 117.6556
383.6783 117.6356
383.0283 119.6956
381.8083 119.3256
380.3483 116.9656
379.3783 116.2556
377.2183 115.5656
373.5983 115.4656
373.8783 116.0456
373.3283 116.5656
373.3183 117.7056
372.7483 117.4956
371.9783 117.9456
371.6483 117.4656
371.1383 118.2456
371.3483 120.1756
370.4083 121.6156
370.9483 124.5256
372.3183 125.7156
373.1783 127.3356
373.1683 129.1756
375.4683 133.7056
376.0683 136.9256
374.7183 137.1456
374.0583 138.6256
371.7683 138.1356
369.7683 139.1156
369.7683 139.1156
369.6383 139.6756
370.2983 140.4956
370.2983 140.4956
369.7683 141.4456
369.3883 144.8256
370.4083 146.7656
369.0883 147.8456
367.6083 151.2156
366.3183 152.4056
365.2483 154.7056
360.8583 158.4556
358.7883 158.1656
358.3083 159.3256
358.6183 161.3256
357.7683 161.5856
357.4883 163.6956
357.6183 164.6656
360.0883 166.2656
359.4783 168.8856
358.6383 169.5456
359.5283 170.4156
359.3183 174.0856
363.7483 178.1556

Nitriansky
334
122.1683 141.6456
123.6483 142.1756
124.1783 143.1256
124.9883 142.9656
126.1383 143.9956
126.4683 145.1556
126.4183 147.6956
125.6883 148.2756
124.8383 151.2756
124.0683 151.9856
123.5583 155.4656
124.9883 156.9356
126.3183 157.0656
127.5183 155.6156
132.4883 155.7256
134.4183 154.6156
135.8783 155.1256
139.4283 151.8856
140.7983 147.5656
142.4583 145.9556
143.8783 146.7356
145.4783 145.8756
146.5683 146.1556
147.8383 145.4756
149.2783 141.4356
150.4283 139.7256
150.1183 137.8456
147.6983 135.5056
149.3383 134.1556
148.4983 133.1956
148.4683 132.1456
148.8283 131.6356
151.9683 131.6756
153.1383 130.7456
155.1383 127.3556
156.6883 125.6856
157.2183 123.0656
157.8783 122.1456
161.0483 121.1856
161.9283 121.7156
162.1983 122.9556
162.5183 121.6556
163.8883 120.3856
164.3383 121.9456
166.2983 123.0656
169.5383 126.3556
172.3983 127.6956
175.2983 130.4056
177.2483 130.5056
177.2483 130.5056
177.4483 128.4956
178.2383 127.4356
178.3483 126.4356
176.8583 125.0056
176.4183 122.9056
177.5983 122.7156
177.8283 123.7856
178.7483 124.1556
180.2783 124.1456
181.3983 123.5956
181.7283 123.8656
182.4683 122.5156
181.7383 118.7756
182.9783 118.9256
180.5083 115.1956
181.9683 115.1156
182.1583 113.0356
182.9783 111.9856
181.2383 107.7356
181.1683 106.5356
180.1383 105.6356
179.8283 104.3856
179.9683  97.9456
181.0383  96.2356
181.1883  95.1256
182.0983  94.1256
181.9783  93.2556
182.4983  92.8556
183.0083  94.1256
184.4883  95.4656
186.1583  98.0756
189.0383  97.0656
191.7783  98.4456
192.4983  99.3556
194.3383  98.9456
194.6683  98.1056
196.7483  99.4856
197.4783 100.2356
197.3983 102.3656
198.4483 102.7556
198.3083 104.0856
198.9983 104.1756
199.7983 105.1556
199.5383 105.7356
201.3983 107.0156
202.9483 109.3056
204.4983 109.3556
205.6983 108.2956
205.5083 107.2056
207.5583 105.3056
208.4983 103.0856
209.0283 103.2956
211.3683 102.0456
212.8383  98.0156
213.0283  95.4356
213.7583  94.2056
215.0683  94.0456
215.7183  91.8356
214.5983  88.8356
214.6583  85.6556
212.9383  85.0856
211.7583  84.0956
211.0683  82.1756
212.4883  80.4356
212.4383  80.0156
211.5783  79.9656
211.5083  79.1656
213.6283  75.9256
211.9583  73.9656
211.1883  74.1356
210.1683  72.7956
210.7283  69.6956
212.4683  69.3656
212.8183  69.6156
212.6983  70.9156
213.3083  71.2656
215.6483  70.5156
216.6083  69.5356
220.0183  68.5956
224.4683  68.3456
223.6783  70.6856
224.3183  72.4756
225.2383  72.2056
226.1983  70.6256
227.4983  72.7656
228.4683  71.8656
232.4383  73.2156
232.7483  73.6856
233.8983  73.2556
235.2183  73.6856
236.8183  75.6256
239.1883  73.9956
238.2483  72.9556
239.0083  72.1556
237.9383  71.1956
237.6383  69.2156
236.8383  68.6756
238.2083  66.5856
238.6183  64.1956
236.7883  61.3756
234.5783  59.7956
234.1983  58.1656
233.1083  57.6556
233.1283  55.1056
233.1283  55.1056
232.6083  54.9056
232.4283  54.0256
231.4083  53.9156
229.7083  51.7956
224.7883  52.3356
221.6683  51.2256
219.9483  51.7156
219.5783  52.3056
218.9383  51.2556
219.0883  50.7656
217.1083  50.7956
216.0683  50.2956
214.9083  51.0656
213.5783  50.3156
212.6483  48.8556
213.1583  48.5856
213.2883  47.7556
212.0583  46.3656
212.4983  44.0756
211.9883  41.7756
211.7183  42.2956
211.2283  41.5756
211.7083  41.4256
210.4583  40.4356
208.5183  40.8156
207.6683  40.3756
207.3983  40.8456
206.8183  40.3556
207.2583  40.0256
206.3083  39.6056
205.7683  38.6656
206.2083  37.7356
207.3183  37.0656
207.8683  35.3156
206.9083  35.1756
207.6083  32.0456
205.8583  29.9956
206.6883  28.3256
206.2183  27.9956
206.5883  27.5456
206.0783  26.5156
206.4783  24.4656
206.1083  24.2656
206.3283  22.0856
209.3883  21.3756
210.1683  20.2656
212.6183  19.1056
213.5183  16.6956
215.6083  15.4756
215.3983  13.8956
209.5083  14.7656
203.6383  13.1456
202.3183   9.2656
197.6383   5.9656
195.7483   5.1656
190.6983   4.3856
185.4183   5.6556
182.5783   5.5256
180.1183   4.0256
177.7783   3.5656
177.0483   3.6556
175.3983   4.9556
173.0783   5.5256
169.2383   3.6756
166.3883   3.3056
161.0083   1.2056
155.9183   0.2556
148.9883   1.9456
143.2583   1.8256
139.6483   3.0056
132.7883   4.2556
128.0583   4.2756
125.1783   2.6556
121.8583   4.4456
119.1183   2.3756
115.5283   2.2056
113.9283   1.5656
109.7883   2.6256
108.3483   1.9656
104.5483   2.0956
101.9983   1.5356
 99.6983   3.0056
 93.9983   4.2956
 92.2383   6.3356
 92.2383   6.3356
 94.1383   8.1356
 95.1883  12.8456
 97.1183  12.8956
 97.5183  12.2256
 98.7483  12.2156
 99.4183  11.6556
100.2883  13.5556
103.1783  15.4556
103.6183  16.7456
103.1483  19.7856
104.3083  22.1256
106.6583  22.9156
108.5083  25.6956
111.5483  27.4556
112.9383  29.1556
110.4583  31.6156
111.6383  33.6656
110.9883  37.6256
111.7483  41.5956
110.4783  43.9656
110.7383  46.0956
110.3083  47.1056
111.8783  48.3156
111.3783  49.3256
111.4583  50.7756
110.6083  51.7356
109.2083  51.8456
107.4283  53.0056
108.5783  54.5356
107.8583  55.7656
105.1183  53.6756
103.9783  53.8856
103.5183  56.0656
104.7883  59.2056
104.6383  61.3456
101.6883  64.7556
 97.7183  67.2256
100.2583  69.0756
101.6783  69.1256
102.5383  67.8656
103.3983  67.8356
104.8383  69.6156
102.9483  73.3556
104.9783  73.0956
106.2483  73.4356
107.4283  72.3656
107.8983  73.4356
110.2583  74.5056
111.3483  75.6856
111.6283  77.4856
111.2583  78.8056
108.3683  79.7256
107.1583  81.7056
107.5083  82.7956
108.4983  82.2056
109.7383  83.0056
109.6383  84.0956
109.0383  84.6856
110.6983  87.3556
110.0883  88.7556
107.7783  88.9956
107.0383  90.4856
108.5083  91.6756
108.7983  95.8356
109.9683  96.7456
109.5083  98.8456
111.1383 100.1056
110.6883 100.7856
111.7183 101.3256
112.1183 102.6756
114.7283 106.6456
116.4483 110.6256
116.3883 111.4456
117.5183 113.2556
119.1083 113.2856
118.7983 114.2556
120.0683 116.1556
119.6883 117.2156
117.1283 119.0156
114.0383 122.8356
113.0583 123.5956
109.5883 124.3656
109.1783 125.0756
108.4083 125.0456
108.3083 126.0856
110.1583 127.5456
111.1483 132.7456
113.0883 135.0756
113.7183 137.5656
115.8583 136.8156
116.6083 135.9956
119.5883 136.2356
119.3083 137.3256
120.6383 137.4356

Prešovský
479
477.7783 276.5656
480.7883 277.0556
482.0883 276.8456
482.6183 276.0056
484.1983 275.2356
484.8083 273.8656
486.0883 274.2556
488.1183 274.0456
488.5583 272.9656
491.4283 270.6456
492.8683 270.6756
494.0583 271.2756
495.8783 270.9856
497.2283 273.3056
497.7683 273.5056
500.5883 271.6056
500.9683 272.0156
500.5183 272.8956
501.7983 274.4256
503.9883 274.1056
505.4883 275.4356
506.4483 274.5656
508.1083 274.1756
508.6483 274.6356
509.4283 274.4556
510.6783 275.8956
512.5883 276.5156
513.8083 273.7456
515.3983 272.5256
515.4283 271.4756
517.8783 270.4956
519.8083 271.7856
522.1383 270.7056
522.6383 268.4456
523.5883 268.4856
524.3883 267.3056
526.5783 265.9756
527.0583 263.0556
528.0183 261.5956
529.3483 261.2056
529.2083 263.4756
530.1383 265.1256
531.7883 265.7456
533.1883 267.0756
534.8483 267.1856
535.5983 266.3056
535.6083 265.1156
536.7883 263.5756
537.4083 263.5256
538.1983 264.2156
539.3983 263.8556
540.4783 261.5956
541.5083 260.5056
541.8983 260.9956
543.0483 261.0456
544.4983 259.8356
547.0683 260.4056
547.8183 260.1456
550.2283 254.0356
551.9383 251.9156
555.3383 249.0856
555.2383 246.3656
556.4583 245.1456
555.4483 240.2656
557.0983 238.9156
563.1083 236.7656
567.2183 236.0456
567.4083 234.7756
571.0583 233.0956
572.1483 232.0256
573.0783 232.3356
574.3483 233.6656
575.8183 233.4256
576.5883 232.6856
576.9383 231.3356
576.0283 229.5356
576.0483 228.4756
578.4483 228.3256
585.9183 225.6456
587.5583 227.3356
591.1483 227.0856
592.3883 224.9556
593.4383 224.4356
593.6383 223.0256
596.9983 219.7356
597.6083 219.6056
599.3383 220.4656
600.6983 220.4256
604.5883 217.6556
605.1983 217.5456
606.6083 218.5956
609.7783 219.0356
612.2883 217.5956
610.9383 216.1956
610.7083 208.1756
609.2983 206.9856
610.1683 204.6456
607.5283 203.0456
605.4583 203.5256
602.9883 202.3256
602.4983 199.7456
601.6483 199.1156
597.2083 192.1156
597.8983 190.7356
597.2083 189.5356
596.7783 185.0256
594.2283 183.5656
592.9283 181.6256
592.9283 181.6256
592.1983 182.1356
588.6983 182.3056
587.0383 183.1956
584.8383 182.3056
579.7083 182.1256
579.4483 184.5156
578.4183 186.0056
577.3683 190.3356
576.2183 191.1456
572.8183 191.5756
569.7283 188.4356
568.7783 186.2656
566.7983 185.4756
565.9883 184.5856
566.2883 179.1456
565.8383 178.3256
559.6683 178.4356
555.2383 177.4156
551.6983 177.4356
550.9483 178.8356
547.2783 179.2256
545.4183 182.3556
542.5783 184.2956
537.1783 186.3956
535.3183 186.1656
534.5383 185.6156
533.9283 186.0556
533.2983 185.7956
532.2083 187.8056
530.4783 188.0156
529.3783 187.2356
529.0083 185.0056
529.6983 175.0356
530.8183 173.3556
530.6183 171.6256
528.5483 169.8856
526.5983 169.2656
526.0283 166.7856
526.0183 167.5356
525.0383 167.6356
520.8283 165.3256
518.3983 164.9456
516.6783 166.3156
515.5583 168.0056
511.3383 166.7056
509.0783 168.0556
507.1283 167.9956
507.2283 168.9656
506.4783 169.6856
502.6883 170.6756
501.3883 172.9056
501.6083 174.6956
500.7183 176.4756
499.1483 177.2556
497.9183 178.8256
497.7583 180.2456
498.7883 181.4156
498.1783 182.1056
496.8983 182.4356
496.8283 185.3456
494.9683 183.9156
493.7283 183.7256
493.7283 182.9656
493.1283 182.6756
490.9083 183.0756
490.3383 185.7856
489.7283 186.6856
489.4083 183.1556
487.3283 185.0656
485.6383 184.6356
485.1783 184.1156
485.8983 182.3856
485.5783 181.9956
485.6883 179.5956
484.7183 178.6256
484.3783 177.4356
481.2983 177.4456
480.3583 176.6056
479.3583 177.2356
478.5083 176.8856
477.0483 175.5756
477.1483 173.7456
475.1583 172.8556
472.7083 174.3156
471.4283 175.8956
473.0583 181.4656
472.5183 183.2256
470.3383 182.2856
470.3983 184.0956
469.0583 184.1456
468.7683 183.2056
466.0983 184.7756
464.1083 182.6756
462.5083 184.1656
461.5583 186.6256
459.8983 187.1256
458.9783 187.9356
457.5883 186.5756
454.5683 186.7856
451.5483 188.0156
447.0583 188.2756
446.6183 191.0956
445.0483 192.0156
442.6383 196.0356
439.5783 193.7356
439.0583 193.9656
437.8183 196.5756
436.0683 197.8556
433.7083 198.4856
427.9183 196.6556
427.6283 197.3656
426.0583 197.3456
425.2983 198.1756
427.1483 199.4056
427.3483 200.2556
424.4283 199.1356
422.1783 200.8156
420.9483 200.9156
419.7483 201.6656
419.2083 201.2256
420.2383 199.9156
420.1183 198.5956
421.2783 196.8756
421.0883 196.5856
419.9683 195.7956
419.2183 195.8556
418.7283 197.2056
418.1783 197.4956
415.9983 195.8456
415.0483 197.7256
414.2583 198.0256
410.9883 196.9256
410.5183 196.5056
410.5383 194.9856
409.3283 193.9456
409.0183 191.5656
409.3683 190.6556
407.2383 192.2756
406.2883 192.4756
402.6583 198.2456
400.2483 198.0656
398.9883 197.3156
396.5183 198.6456
396.2583 199.7356
394.2683 201.4156
393.1083 203.7556
392.4483 204.1756
389.9983 201.8256
389.5183 200.4656
392.9683 196.0656
391.2983 196.1156
390.4383 197.0556
388.5583 197.7856
387.3783 199.1456
384.2283 201.3856
380.6483 202.8656
379.0483 200.8356
377.1083 200.3356
375.6083 199.3956
374.9383 198.4056
373.6883 197.9656
370.0983 194.2356
370.3383 193.3456
371.4483 192.5156
371.5483 191.5756
371.3883 191.0256
369.9783 190.1556
369.9383 186.0456
369.1783 184.9056
369.2083 183.8356
369.7483 183.2256
369.5083 181.7056
368.0183 181.2956
366.2383 182.7356
366.2383 182.7356
364.7583 183.2056
361.9683 186.2856
360.6583 186.6856
359.1183 186.4756
356.9183 188.5356
355.3883 185.9456
353.4483 184.6156
344.5183 185.9156
343.2983 187.4456
338.0183 187.9356
338.0183 187.9356
338.4483 189.0256
341.7283 189.6656
344.0183 191.6556
343.5983 192.0656
341.7883 192.2156
340.1783 196.7956
340.6983 198.1456
339.2483 199.1056
338.0983 201.8556
334.4483 204.4656
334.7783 205.3456
336.6283 204.7156
339.8983 206.1456
339.8883 209.2256
340.9683 211.9756
340.7883 214.6956
342.2383 218.5956
342.3783 220.8256
340.9683 221.6856
339.6283 220.8556
336.9883 221.3156
335.8083 221.0756
334.8183 223.0056
334.6683 221.8556
334.0783 221.5456
332.4183 224.1656
330.7183 224.0456
330.4183 225.2156
328.1483 224.2756
327.5083 224.5056
328.4483 226.8156
328.1683 227.3556
328.5483 228.5556
325.3183 233.5256
324.6983 235.5756
324.6983 235.5756
325.0783 236.4556
327.7583 238.4556
327.9883 241.0356
330.1183 241.9756
332.4783 241.7656
336.7483 241.2156
339.1683 239.0956
339.0583 238.1356
340.4683 236.4556
342.3883 235.6856
345.8083 232.9056
347.5083 232.8656
347.6283 237.1056
348.3983 239.0256
349.2083 239.7156
348.5783 242.0956
349.4383 243.1856
349.6783 245.1456
351.7683 248.1256
352.1383 251.6556
354.1483 254.9156
354.6683 254.8956
355.5483 253.0856
357.1283 254.6256
356.4183 256.1256
356.6883 256.7656
358.0083 256.8556
359.0183 259.0656
360.9283 259.6556
362.0383 260.8656
363.0783 259.7956
364.2683 260.6356
367.0383 260.0256
367.5783 260.7156
368.3883 260.8156
369.8983 260.6356
371.1783 259.5856
371.9983 259.5856
372.7183 260.4356
372.8983 265.1156
373.7283 267.0756
372.0383 266.9656
372.7883 268.9756
374.1383 269.3156
376.9783 268.4856
378.1883 270.0056
378.9083 269.1656
378.9583 267.4356
380.1483 267.2256
382.1083 267.9756
382.3483 269.3456
382.8783 269.8556
383.9983 269.2056
384.4583 268.1356
384.8583 269.7856
384.0783 270.0156
384.2983 271.5056
385.9583 270.6056
386.3483 270.7556
385.9283 271.1656
388.5883 271.2456
391.0283 269.5956
392.1783 269.3156
392.6983 267.4956
393.9583 267.4356
396.8683 266.2356
397.9083 265.2456
399.7383 264.8356
400.3283 265.8856
401.3883 265.7056
402.4583 266.7756
402.7183 268.1556
403.7883 269.5656
404.1883 271.6556
407.5383 268.8556
409.1383 269.4156
412.6883 272.0956
414.4783 271.8156
415.9183 271.0056
417.3983 271.3256
417.9583 270.5256
417.6983 269.2356
419.2183 268.5156
418.2183 267.2056
419.5083 266.0256
419.4483 263.8856
422.1183 264.4556
422.3783 263.9156
421.9683 262.4456
423.7283 262.5956
424.8283 261.7756
424.4383 261.0456
423.7083 262.0256
424.0083 261.2556
423.5083 259.4556
425.1983 260.0156
426.6483 257.9356
427.6983 257.8856
429.6083 259.9656
430.6283 260.0656
432.6883 256.9756
431.6583 255.6156
432.9383 255.5856
433.4583 256.4156
434.8483 256.7456
435.4383 255.7056
435.1583 254.8656
435.7083 253.6556
437.6183 251.9456
441.0983 253.7856
444.1283 253.7056
444.7283 254.5256
443.8783 256.9556
445.8983 257.9856
446.3483 259.9356
447.0183 260.0956
449.5883 262.8756
450.1683 263.0056
451.0883 262.4156
452.2083 262.9356
453.0283 262.0056
453.6683 262.7056
455.0283 262.9056
456.2283 264.6356
452.5283 267.8456
452.5383 268.8756
450.8783 269.4656
450.2683 271.3456
450.7183 272.0656
452.0083 272.1456
455.4183 273.4756
457.1583 272.4756
457.8583 274.2756
458.4583 274.4056
461.3083 273.0156
461.7583 271.9156
462.5983 271.6756
464.2383 270.1056
464.3683 268.9856
465.6483 268.9056
466.5583 269.3856
467.3183 269.0256
469.2883 271.3756
468.9383 272.8356
469.9783 274.6956
470.7983 274.2856
473.3983 276.4356
474.0383 278.4356

Trnavský
352
 39.0383 182.7056
 44.1883 181.5456
 45.6283 180.4456
 47.5583 180.3956
 48.3283 179.1656
 50.5883 177.4456
 52.2383 177.9056
 52.8083 176.4956
 55.7883 174.2456
 56.6683 172.9556
 58.1883 173.8156
 60.3383 173.0356
 60.3383 173.0356
 59.5483 169.6456
 55.7183 167.6556
 55.5883 166.6656
 57.2583 165.3256
 58.3383 165.8456
 58.9083 165.4756
 62.4983 168.2856
 63.0283 166.9556
 62.8283 166.2956
 64.8883 165.1356
 65.5083 165.5756
 66.1583 164.6356
 67.3683 164.5556
 68.6183 162.1356
 70.0183 161.6656
 70.4183 160.2256
 70.0783 158.5156
 68.5683 157.9856
 67.5783 155.0656
 68.2183 153.9156
 68.1783 152.2456
 69.1683 152.0856
 70.0683 148.6156
 73.5583 142.2856
 74.2983 143.1056
 75.4083 142.6256
 75.6883 143.7656
 76.6483 144.1556
 78.0283 145.8156
 79.9483 144.9556
 84.4783 145.8556
 84.7283 146.0356
 83.7683 147.6956
 84.1283 149.1356
 84.9083 149.1656
 84.9283 148.5056
 85.4983 148.0656
 87.3383 147.9256
 87.2183 148.8056
 89.2783 150.0956
 89.7383 149.9356
 91.2083 151.3256
 91.9783 151.1656
 92.7783 152.2556
 95.1283 150.4156
 97.2483 147.1856
101.6683 145.0556
103.4683 145.3556
103.8683 144.7956
104.4683 145.2656
105.7183 145.1656
105.9383 147.4556
107.5783 147.2956
108.0283 147.1656
107.8283 145.6356
108.5583 144.1856
109.0183 144.1556
109.2783 145.0856
109.1783 144.1156
109.4983 144.0856
110.0383 145.1356
111.1783 143.5856
111.7283 143.8956
115.0283 142.6756
118.5883 142.4156
120.1983 140.9956
122.1683 141.6456
122.1683 141.6456
121.9783 138.6656
120.6383 137.4356
119.3083 137.3256
119.5883 136.2356
116.6083 135.9956
115.8583 136.8156
113.7183 137.5656
113.0883 135.0756
111.1483 132.7456
110.1583 127.5456
108.3083 126.0856
108.4083 125.0456
109.1783 125.0756
109.5883 124.3656
113.0583 123.5956
114.0383 122.8356
117.1283 119.0156
119.6883 117.2156
120.0683 116.1556
118.7983 114.2556
119.1083 113.2856
117.5183 113.2556
116.3883 111.4456
116.4483 110.6256
114.7283 106.6456
112.1183 102.6756
111.7183 101.3256
110.6883 100.7856
111.1383 100.1056
109.5083  98.8456
109.9683  96.7456
108.7983  95.8356
108.5083  91.6756
107.0383  90.4856
107.7783  88.9956
110.0883  88.7556
110.6983  87.3556
109.0383  84.6856
109.6383  84.0956
109.7383  83.0056
108.4983  82.2056
107.5083  82.7956
107.1583  81.7056
108.3683  79.7256
111.2583  78.8056
111.6283  77.4856
111.3483  75.6856
110.2583  74.5056
107.8983  73.4356
107.4283  72.3656
106.2483  73.4356
104.9783  73.0956
102.9483  73.3556
104.8383  69.6156
103.3983  67.8356
102.5383  67.8656
101.6783  69.1256
100.2583  69.0756
 97.7183  67.2256
101.6883  64.7556
104.6383  61.3456
104.7883  59.2056
103.5183  56.0656
103.9783  53.8856
105.1183  53.6756
107.8583  55.7656
108.5783  54.5356
107.4283  53.0056
109.2083  51.8456
110.6083  51.7356
111.4583  50.7756
111.3783  49.3256
111.8783  48.3156
110.3083  47.1056
110.7383  46.0956
110.4783  43.9656
111.7483  41.5956
110.9883  37.6256
111.6383  33.6656
110.4583  31.6156
112.9383  29.1556
111.5483  27.4556
108.5083  25.6956
106.6583  22.9156
104.3083  22.1256
103.1483  19.7856
103.6183  16.7456
103.1783  15.4556
100.2883  13.5556
 99.4183  11.6556
 98.7483  12.2156
 97.5183  12.2256
 97.1183  12.8956
 95.1883  12.8456
 94.1383   8.1356
 92.2383   6.3356
 92.2383   6.3356
 90.9583   7.8056
 85.7983  11.2756
 83.0183  14.6356
 79.3683  13.5556
 78.3083  13.9656
 76.4683  17.1556
 75.9183  19.3456
 73.9783  21.6756
 71.2883  21.9156
 68.2983  23.9156
 66.7483  24.4356
 63.6483  31.1256
 60.1683  35.1056
 58.4283  36.2356
 53.6683  41.8956
 52.5783  42.2756
 46.8683  42.1356
 45.0283  42.9156
 44.4183  44.9056
 44.4183  44.9056
 45.5783  46.1256
 45.4683  47.1756
 46.4483  47.2156
 47.9883  49.2956
 50.6883  50.6656
 50.0083  51.9456
 49.8883  53.4856
 50.4183  53.6956
 51.4383  52.6556
 53.5083  52.9556
 53.9983  56.0056
 55.4783  56.3056
 55.4083  57.1056
 54.2883  57.6956
 53.1983  56.3856
 52.2383  56.3856
 51.1183  57.2256
 50.3183  58.7456
 50.6583  60.3556
 50.1583  60.9556
 50.3483  61.7056
 50.9683  61.8156
 52.2083  61.0556
 53.8383  62.0256
 54.4883  61.8056
 57.3683  64.0656
 58.4983  63.7756
 59.6083  65.6956
 58.5183  66.3056
 58.0583  68.0256
 59.3483  69.1756
 61.2983  68.5356
 61.2083  66.2356
 62.8683  66.1556
 64.7783  64.8656
 67.7183  65.9156
 68.4983  67.6756
 69.6383  68.8356
 71.4083  68.9056
 71.7483  69.7456
 73.2683  69.9056
 73.6383  70.4856
 73.5383  73.0556
 72.3383  73.6056
 72.1683  74.3256
 73.4383  76.1456
 73.4383  77.2156
 70.4483  78.6256
 69.0683  78.7556
 68.4583  79.3956
 69.4383  83.1356
 72.9183  87.5156
 71.5783  89.0456
 70.4483  88.1556
 69.9883  88.3456
 68.2183  89.7656
 67.6483  91.0456
 66.5383  91.1556
 67.1283  92.7656
 66.0183  93.8956
 67.2583  94.4456
 68.8183  98.4456
 68.1983 100.8756
 66.3183 102.6556
 64.5983 101.9856
 64.0183 102.7256
 62.6083 107.6756
 61.1683 108.3156
 61.2183 109.6456
 59.5183 109.8856
 60.0483 112.9556
 56.7283 112.9856
 54.9883 114.8756
 52.1783 115.0056
 50.6783 116.7556
 50.5083 117.4656
 51.5883 118.8856
 51.6183 119.5756
 53.5283 120.2356
 54.0983 121.4956
 54.0083 122.5156
 54.8183 123.0356
 55.0383 123.7556
 53.0983 124.6756
 53.0283 126.0856
 50.8583 126.4256
 50.4083 128.4056
 47.0483 130.7956
 47.3783 131.8056
 51.3183 134.5156
 52.0583 137.1656
 54.1083 137.3256
 55.4083 139.3856
 57.1183 140.4156
 57.5083 141.2756
 57.2883 143.0256
 55.9283 145.7156
 54.4383 146.3456
 52.9283 147.6856
 46.0983 137.5856
 43.6383 136.0356
 43.1183 134.2256
 40.6483 133.7856
 38.0283 132.3756
 30.6583 130.7156
 29.6983 130.9756
 28.9883 132.3856
 26.9283 131.2256
 22.9783 133.6056
 22.8683 132.9656
 23.9983 131.6456
 23.9983 131.0256
 22.5183 131.1456
 22.2183 131.6956
 18.8283 130.2956
 15.5383 129.9256
 15.3283 128.2056
 12.3483 128.2256
 12.3483 128.2256
 12.6083 128.6856
 12.0683 129.0556
 11.9983 129.7656
 12.9283 130.2956
 12.0583 131.3156
 12.1183 132.6456
 11.1683 134.0956
 11.1583 134.4456
 11.8783 134.5156
 11.3083 135.0056
 11.5383 136.2956
 11.0583 139.1256
 11.7683 139.8056
 11.8183 141.8656
 13.2983 142.7656
 14.2783 145.4056
 14.9883 145.7756
 14.1983 146.3156
 15.3283 146.5256
 14.7183 147.1956
 14.7783 149.9056
 19.0483 154.1756
 17.8283 155.6156
 18.0083 156.5956
 19.4483 158.0356
 19.5883 159.6256
 22.3483 163.4356
 22.7583 165.4056
 27.5883 168.7156
 27.8083 170.4056
 29.3383 172.0356
 29.3783 174.7656
 29.7983 175.7056
 34.4583 178.1156
 38.2783 182.5756

Trenčiansky
289
159.5683 254.8556
160.3483 254.4556
162.7883 255.0756
164.9183 254.9656
164.8483 252.7956
165.6783 251.5556
166.6083 251.0456
168.6883 247.1356
170.3183 245.4856
170.2183 243.7556
171.7783 242.1056
172.0383 240.9156
171.6983 239.9756
172.3883 238.9956
172.4983 237.8056
174.3183 236.4856
174.6283 234.2056
175.9683 233.6356
179.3683 230.4056
181.3983 229.2756
182.6483 229.0756
182.7483 227.4356
185.9983 226.3256
186.2683 223.5456
187.7083 222.1756
186.8583 220.3356
185.1083 219.2056
184.1683 217.7756
187.5183 216.6356
189.0883 214.1456
188.7283 213.2556
189.0583 212.3456
188.3083 211.1456
188.8083 209.8956
188.6483 207.2756
187.4383 206.5856
187.1083 205.2656
185.1783 202.9456
184.4983 202.4556
181.2683 201.9756
179.0283 200.5256
178.9783 199.4456
177.8483 197.6456
176.6283 197.5156
174.7283 196.4056
174.0983 196.5256
174.0983 195.3856
175.5083 193.8456
180.7283 193.3656
182.2083 194.7256
184.3883 195.2456
184.6983 196.6056
185.8683 198.4056
187.2483 198.8556
187.0483 197.7856
187.8783 196.7056
189.6383 196.7656
191.7783 197.6056
196.3383 196.1856
198.7683 196.7456
200.8283 194.7056
201.1383 193.7356
200.3083 191.9356
199.7083 192.1256
199.6983 191.0756
198.6183 189.2756
200.3183 186.8656
198.9183 184.0356
199.4383 183.3856
199.1283 178.7456
201.4683 177.5256
202.6383 176.1256
203.6583 176.2556
204.7583 175.4756
204.9283 174.2156
205.5583 174.3256
206.4183 173.3056
207.7483 173.0956
207.6483 169.7556
210.9683 166.2656
211.5483 164.4756
212.5383 164.1856
212.7483 161.7756
212.7483 161.7756
212.7583 160.9556
212.1183 160.4656
210.9183 157.4056
209.4483 155.0956
208.0183 154.1256
206.2983 154.6956
205.0883 153.7056
203.9983 148.9356
201.1383 146.6156
201.6283 144.4756
201.4483 143.1556
199.3283 144.1356
198.2483 143.8756
196.7483 144.2356
194.7283 145.2756
193.0683 143.5756
191.0983 139.6756
189.7083 138.7456
188.9183 137.3956
189.0483 135.6856
188.5783 134.5256
187.3683 134.3956
186.2883 133.4456
182.4883 133.4056
179.4383 134.2256
177.7483 134.1556
177.2483 130.5056
177.2483 130.5056
175.2983 130.4056
172.3983 127.6956
169.5383 126.3556
166.2983 123.0656
164.3383 121.9456
163.8883 120.3856
162.5183 121.6556
162.1983 122.9556
161.9283 121.7156
161.0483 121.1856
157.8783 122.1456
157.2183 123.0656
156.6883 125.6856
155.1383 127.3556
153.1383 130.7456
151.9683 131.6756
148.8283 131.6356
148.4683 132.1456
148.4983 133.1956
149.3383 134.1556
147.6983 135.5056
150.1183 137.8456
150.4283 139.7256
149.2783 141.4356
147.8383 145.4756
146.5683 146.1556
145.4783 145.8756
143.8783 146.7356
142.4583 145.9556
140.7983 147.5656
139.4283 151.8856
135.8783 155.1256
134.4183 154.6156
132.4883 155.7256
127.5183 155.6156
126.3183 157.0656
124.9883 156.9356
123.5583 155.4656
124.0683 151.9856
124.8383 151.2756
125.6883 148.2756
126.4183 147.6956
126.4683 145.1556
126.1383 143.9956
124.9883 142.9656
124.1783 143.1256
123.6483 142.1756
122.1683 141.6456
122.1683 141.6456
120.1983 140.9956
118.5883 142.4156
115.0283 142.6756
111.7283 143.8956
111.1783 143.5856
110.0383 145.1356
109.4983 144.0856
109.1783 144.1156
109.2783 145.0856
109.0183 144.1556
108.5583 144.1856
107.8283 145.6356
108.0283 147.1656
107.5783 147.2956
105.9383 147.4556
105.7183 145.1656
104.4683 145.2656
103.8683 144.7956
103.4683 145.3556
101.6683 145.0556
 97.2483 147.1856
 95.1283 150.4156
 92.7783 152.2556
 91.9783 151.1656
 91.2083 151.3256
 89.7383 149.9356
 89.2783 150.0956
 87.2183 148.8056
 87.3383 147.9256
 85.4983 148.0656
 84.9283 148.5056
 84.9083 149.1656
 84.1283 149.1356
 83.7683 147.6956
 84.7283 146.0356
 84.4783 145.8556
 79.9483 144.9556
 78.0283 145.8156
 76.6483 144.1556
 75.6883 143.7656
 75.4083 142.6256
 74.2983 143.1056
 73.5583 142.2856
 70.0683 148.6156
 69.1683 152.0856
 68.1783 152.2456
 68.2183 153.9156
 67.5783 155.0656
 68.5683 157.9856
 70.0783 158.5156
 70.4183 160.2256
 70.0183 161.6656
 68.6183 162.1356
 67.3683 164.5556
 66.1583 164.6356
 65.5083 165.5756
 64.8883 165.1356
 62.8283 166.2956
 63.0283 166.9556
 62.4983 168.2856
 58.9083 165.4756
 58.3383 165.8456
 57.2583 165.3256
 55.5883 166.6656
 55.7183 167.6556
 59.5483 169.6456
 60.3383 173.0356
 60.3383 173.0356
 62.4783 175.1556
 63.6383 174.9856
 64.3183 176.9756
 65.2683 176.7056
 66.3083 178.0956
 69.0383 177.1856
 72.9583 173.2456
 73.9483 172.8756
 75.4083 173.6856
 76.4683 173.3856
 78.0083 174.6156
 81.0383 174.8156
 81.8883 177.0456
 83.9683 177.3656
 84.4483 178.6456
 85.4683 179.5356
 89.0483 179.5556
 91.1083 180.6656
 93.0583 180.4556
 94.6383 182.5456
 96.5983 184.0156
 98.7683 187.6156
101.1583 189.2656
101.4983 190.8356
108.4783 191.3056
110.5483 190.5556
112.2083 191.4056
113.8383 196.3556
114.1383 199.9956
115.1883 202.1156
115.3083 204.7456
116.6183 206.1456
117.6783 206.8856
121.9983 206.7156
123.3983 207.4756
127.3083 206.8356
132.1883 209.2256
135.2583 212.8156
135.1683 214.2256
137.1383 218.4556
136.6383 221.9356
137.0483 222.5556
137.7183 222.6156
136.5383 225.1056
137.2683 226.4556
137.2683 227.8856
139.2083 229.5356
138.6783 230.8856
138.6783 233.7956
140.2883 235.8056
140.6583 237.9956
141.2583 238.5756
141.3283 240.5056
140.2883 241.0156
140.3983 243.4756
144.5283 247.4756
144.4983 250.0056
148.5783 251.2256
153.0783 251.6156
156.7183 253.0056

Žilinský
363
281.2683 303.7256
282.2983 302.2656
281.7183 300.8556
282.5583 299.6656
284.7983 298.4356
286.1783 298.3456
286.9083 297.2256
288.1383 296.8456
288.0783 291.2356
290.4483 286.4656
290.6783 283.4256
291.9583 281.8756
292.2783 280.4356
293.7183 278.7656
293.9683 277.6756
295.4683 278.0256
297.0883 276.4656
300.1183 278.0756
299.7883 275.5956
300.9883 274.4556
298.9783 270.0356
302.1283 269.9856
304.2383 269.0356
304.9683 269.1356
308.3283 266.4656
309.6283 267.3356
310.8983 269.5456
311.7483 270.1856
313.6183 270.8656
316.1083 270.2456
316.2983 265.3456
317.4583 263.2956
317.3083 261.3256
316.6283 259.6556
317.0583 257.8556
318.0283 256.5956
316.6083 252.4356
316.8483 251.8456
318.2383 251.4856
319.5183 248.6356
316.2183 246.8656
315.9083 244.3456
313.5283 241.8456
313.7883 240.2856
312.9483 238.4056
313.7483 237.2056
314.7783 236.9556
315.6283 235.9956
316.7283 236.0256
317.7583 237.0556
319.0583 235.8856
320.0583 236.4056
321.1783 235.5856
324.6983 235.5756
324.6983 235.5756
325.3183 233.5256
328.5483 228.5556
328.1683 227.3556
328.4483 226.8156
327.5083 224.5056
328.1483 224.2756
330.4183 225.2156
330.7183 224.0456
332.4183 224.1656
334.0783 221.5456
334.6683 221.8556
334.8183 223.0056
335.8083 221.0756
336.9883 221.3156
339.6283 220.8556
340.9683 221.6856
342.3783 220.8256
342.2383 218.5956
340.7883 214.6956
340.9683 211.9756
339.8883 209.2256
339.8983 206.1456
336.6283 204.7156
334.7783 205.3456
334.4483 204.4656
338.0983 201.8556
339.2483 199.1056
340.6983 198.1456
340.1783 196.7956
341.7883 192.2156
343.5983 192.0656
344.0183 191.6556
341.7283 189.6656
338.4483 189.0256
338.0183 187.9356
338.0183 187.9356
336.1083 189.9156
333.5683 188.4856
325.4583 188.8556
320.6883 188.1956
319.5583 188.6356
318.9483 189.4856
316.5883 189.5756
314.2883 188.1256
313.0683 188.0856
311.2483 186.9756
309.7283 188.7756
304.9483 187.0256
301.9083 187.0256
298.7883 189.5556
297.3083 190.1056
294.5583 192.0956
293.7683 193.1356
291.5283 193.9756
289.9683 194.0256
288.5583 194.8556
287.0483 193.8156
283.9583 194.2256
280.3183 192.2756
278.6683 191.8556
271.9283 191.8556
266.8583 186.0056
264.7783 181.4956
257.8583 180.3956
257.6483 181.0056
259.2583 182.3656
259.1883 184.5956
258.5583 186.1656
256.5183 187.1056
252.8483 186.0756
250.8783 184.1656
249.4683 184.6856
248.1383 183.9556
247.0383 184.3856
242.1183 183.6156
240.0083 184.0156
239.3183 183.6956
237.9983 183.7756
237.1283 184.6656
236.5283 184.6956
234.6783 183.8756
233.8883 181.0056
232.5383 179.2956
231.4083 179.1756
230.7283 179.5856
230.2683 179.0956
231.1083 175.3956
230.2083 173.7756
230.3383 172.3356
230.8483 171.3856
233.2983 169.2656
232.8283 165.6356
231.1983 164.3256
230.3283 162.6956
227.4883 162.3256
225.0783 162.9756
223.6283 161.8756
222.6283 161.9356
221.5083 163.0056
219.6683 163.2756
219.7383 164.5256
219.0283 164.5856
218.9183 166.0856
218.1183 166.2756
216.1583 165.2456
214.8283 163.4256
213.1883 162.6756
212.7483 161.7756
212.7483 161.7756
212.5383 164.1856
211.5483 164.4756
210.9683 166.2656
207.6483 169.7556
207.7483 173.0956
206.4183 173.3056
205.5583 174.3256
204.9283 174.2156
204.7583 175.4756
203.6583 176.2556
202.6383 176.1256
201.4683 177.5256
199.1283 178.7456
199.4383 183.3856
198.9183 184.0356
200.3183 186.8656
198.6183 189.2756
199.6983 191.0756
199.7083 192.1256
200.3083 191.9356
201.1383 193.7356
200.8283 194.7056
198.7683 196.7456
196.3383 196.1856
191.7783 197.6056
189.6383 196.7656
187.8783 196.7056
187.0483 197.7856
187.2483 198.8556
185.8683 198.4056
184.6983 196.6056
184.3883 195.2456
182.2083 194.7256
180.7283 193.3656
175.5083 193.8456
174.0983 195.3856
174.0983 196.5256
174.7283 196.4056
176.6283 197.5156
177.8483 197.6456
178.9783 199.4456
179.0283 200.5256
181.2683 201.9756
184.4983 202.4556
185.1783 202.9456
187.1083 205.2656
187.4383 206.5856
188.6483 207.2756
188.8083 209.8956
188.3083 211.1456
189.0583 212.3456
188.7283 213.2556
189.0883 214.1456
187.5183 216.6356
184.1683 217.7756
185.1083 219.2056
186.8583 220.3356
187.7083 222.1756
186.2683 223.5456
185.9983 226.3256
182.7483 227.4356
182.6483 229.0756
181.3983 229.2756
179.3683 230.4056
175.9683 233.6356
174.6283 234.2056
174.3183 236.4856
172.4983 237.8056
172.3883 238.9956
171.6983 239.9756
172.0383 240.9156
171.7783 242.1056
170.2183 243.7556
170.3183 245.4856
168.6883 247.1356
166.6083 251.0456
165.6783 251.5556
164.8483 252.7956
164.9183 254.9656
162.7883 255.0756
160.3483 254.4556
159.5683 254.8556
159.5683 254.8556
163.7983 256.1456
165.1483 257.3656
166.3883 259.7356
167.8483 260.5356
167.3383 261.4156
168.8883 263.0156
169.1183 263.8356
167.9683 268.1856
168.6683 268.7556
170.2883 267.5656
171.4983 267.3256
172.5383 267.6156
173.2583 268.8956
175.5283 270.1056
175.6383 271.6856
176.2983 273.0256
177.2083 273.5856
177.2183 274.5156
178.3883 274.6856
178.7183 275.7756
180.3283 276.6456
180.5983 277.8756
181.4183 278.0856
183.0383 279.6456
181.8183 282.6556
181.8783 283.6256
182.9383 284.2456
183.0883 285.1856
185.3483 286.3456
188.4083 286.6756
188.9883 286.3356
189.0183 284.6956
190.7583 284.3956
192.0583 284.8356
192.7383 284.5256
193.6583 285.4456
197.3083 286.3156
198.4083 285.1156
200.6583 285.3456
203.9683 283.3456
205.4483 283.3456
208.4283 286.2156
210.1683 286.5956
211.0483 287.5756
213.8083 288.3656
216.0283 287.9056
217.3583 288.2956
218.0183 287.6756
220.6183 287.3956
225.2083 288.1656
225.9583 287.2156
227.6183 286.3756
227.6683 285.5256
228.4383 285.7056
228.6083 285.3456
227.5183 282.3456
228.2083 281.3356
227.7383 280.7756
227.3183 277.6456
228.7183 277.1856
229.4283 274.8756
230.2883 273.8356
229.8883 272.2456
228.2283 270.7256
228.6283 268.8056
229.3683 267.9056
231.3583 268.4656
232.6283 267.8756
235.2883 267.9756
236.5283 269.0756
236.3483 269.5656
237.1383 271.0156
239.0783 270.7556
239.4583 271.5056
241.2383 271.2956
243.2683 269.3356
244.5383 269.1656
245.5383 269.5156
246.3183 270.5056
247.6483 269.4656
250.2883 270.9356
251.8983 270.4156
252.6883 271.2256
252.1283 271.9556
252.2183 273.3256
251.6283 273.8856
251.6283 274.6556
253.5983 277.1056
254.9983 276.7456
255.6983 277.7756
255.9983 279.2056
255.0783 280.8456
256.4083 282.9256
255.9383 283.7456
256.7283 284.4256
256.6883 287.0056
259.3883 289.4656
259.6683 290.3156
260.8683 290.2856
261.8883 290.8456
263.3683 290.4956
264.6683 291.0656
265.4683 290.7556
265.6383 289.9556
270.1283 290.9856
270.7183 292.0556
270.5283 293.7756
271.4483 294.6656
271.2683 296.1756
274.3883 297.3356
275.1583 298.4256
275.2783 299.9656
275.8983 300.4956
278.8883 301.2756
278.7683 302.6756
279.2383 303.5656

