660 601

Al_Ḩasakah
126
609.1745 514.6438
607.5145 514.0738
603.9045 510.9338
591.9145 507.7838
563.8845 502.5538
562.9745 502.0338
562.0045 501.0538
551.2045 481.9638
550.9345 470.6637
548.4745 449.7737
547.5945 445.2137
559.7445 418.5837
561.0545 393.7637
555.0045 384.2137
555.0045 384.2137
542.4145 385.9037
528.9245 385.8337
518.5545 386.9437
510.5245 389.3937
504.8445 390.5637
498.0345 394.3937
496.2045 396.9537
493.5145 398.7637
415.4545 475.7137
411.5845 480.6637
409.4245 485.0337
405.5845 491.1138
404.0645 495.0737
404.0645 495.0737
403.8045 497.1537
403.0045 498.5437
400.2345 500.9538
398.3445 502.0438
390.7445 504.8338
386.1945 507.0038
380.7045 505.7538
378.5645 506.0938
376.7545 507.2138
370.9745 514.7638
370.1445 518.1338
368.3645 521.7438
368.0045 523.4438
368.0045 523.4438
369.3345 523.9938
370.7645 523.7638
378.5345 524.9838
383.5545 526.4238
390.2845 527.1938
396.0045 529.3938
404.3545 530.0938
407.7645 530.8138
412.5645 533.4838
419.7545 536.1038
424.9445 539.2438
428.5145 540.7238
431.9745 543.7438
436.4845 545.1138
441.2445 545.9638
443.9145 547.0738
446.9145 548.9738
449.0745 551.0338
450.8745 551.7938
455.5645 554.9738
461.4945 557.7638
464.7645 560.7838
466.6445 561.9638
477.3245 564.1738
480.8945 565.9538
482.8445 567.5438
490.0145 570.5438
493.2745 572.9138
497.6945 573.9338
500.5745 575.7338
504.5945 575.6338
505.7345 574.3538
507.3545 574.0138
510.8545 576.1938
514.3345 576.5438
517.1845 576.2138
522.1745 574.6838
533.4345 572.5938
538.8845 572.2438
542.3045 570.6538
543.0445 569.1338
543.6845 568.7138
545.5045 568.8738
548.8845 570.6438
571.5745 570.6838
577.2345 571.3838
587.0245 574.7338
594.0445 574.8638
597.0245 575.3538
618.4045 580.5438
622.4745 582.7538
626.5245 584.1638
631.3345 587.1238
632.9445 589.9038
634.6045 591.6438
640.0145 595.6838
642.2345 599.7638
643.0745 600.2538
643.7845 600.0338
643.8645 598.8338
642.4645 595.9038
642.6645 595.1038
645.2845 595.4638
648.0745 594.3238
649.9845 595.5338
651.2045 593.1038
652.5645 592.5438
653.1945 591.1038
655.3945 590.0338
656.1545 588.9338
655.9345 586.8438
654.4445 585.4838
653.9645 583.7738
654.1445 582.4338
656.6745 576.5138
656.6245 572.5838
656.9945 571.8638
658.4845 570.9838
658.8445 569.1538
645.4645 555.6738
638.3345 547.4038
634.1745 543.3738
614.7845 520.3838

Dayr_az_Zawr
42
544.1245 324.1138
544.7945 310.3738
544.7945 301.0637
545.5945 292.0637
535.8945 277.6138
525.3845 252.3137
523.8245 250.8137
523.3445 248.4637
482.9945 226.6837
442.2645 203.7037
442.2645 203.7037
423.3845 231.7637
367.3745 311.9037
368.4145 321.4637
360.1945 338.7237
353.6045 344.4037
348.5345 347.7937
348.5345 347.7937
391.4545 410.5337
389.7545 410.9137
387.0145 412.8237
385.7245 412.9637
404.0645 495.0737
404.0645 495.0737
405.5845 491.1137
409.4245 485.0337
411.5845 480.6637
415.4545 475.7137
493.5145 398.7637
496.2045 396.9537
498.0345 394.3937
504.8445 390.5637
510.5245 389.3937
518.5545 386.9437
528.9245 385.8337
542.4145 385.9037
555.0045 384.2137
555.0045 384.2137
550.0245 376.3437
549.2645 364.1337
546.0545 352.1537
544.3645 342.3737

Idlib
183
148.5245 384.2138
146.3645 383.1838
145.5445 380.3338
143.6545 376.3438
142.6345 375.0637
141.3545 374.1637
138.1445 373.1937
137.3745 372.2837
136.3845 369.0637
134.7945 366.6238
134.7645 364.6437
135.8045 363.9438
137.2045 364.0438
139.3745 367.0237
140.5845 366.7537
141.2645 364.8137
141.3245 359.4238
141.1345 359.1537
139.4045 359.8237
138.6645 359.5237
137.5145 358.4537
136.4445 356.5737
135.3145 356.1038
129.6345 355.8738
128.0445 356.6437
127.3345 361.9938
128.4845 364.4137
128.6745 365.9537
128.3745 367.7238
127.2545 369.3038
126.7845 369.2637
125.3045 366.7238
123.0045 364.5438
121.7945 361.6337
121.0845 361.2637
118.6345 361.2637
117.5145 360.7637
116.6645 362.1038
114.9145 363.2038
114.0645 365.0438
110.3045 368.0638
101.7445 366.2838
 99.2445 365.0137
 95.0245 364.7138
 91.8745 365.0137
 85.3445 366.8538
 81.4245 366.8837
 80.4645 367.6238
 79.3045 370.2038
 76.2945 371.7438
 73.6345 370.0338
 71.0545 369.5338
 69.9545 370.6438
 68.8845 374.7938
 67.2145 377.9538
 68.2545 379.6638
 67.6545 383.0838
 67.8445 385.1338
 67.1045 387.0438
 67.0745 388.4838
 69.3245 400.2838
 69.2145 403.6038
 68.4245 403.9838
 63.4245 404.0438
 62.6845 404.4838
 61.5945 407.6138
 60.1345 407.9438
 58.0245 406.8038
 56.1645 406.7338
 54.2645 407.7438
 53.5945 408.9638
 53.5945 408.9638
 56.4945 410.8038
 56.9845 412.5938
 56.7345 413.4038
 55.0645 413.9738
 51.2245 413.7738
 44.5545 412.6238
 43.4645 413.2638
 43.1645 414.0438
 43.6045 415.7738
 43.0545 418.3938
 43.0545 418.3938
 43.7245 416.7538
 45.1245 416.1838
 46.5045 418.6238
 47.1045 424.5438
 46.2945 426.6438
 46.9645 428.6838
 49.4345 432.6838
 51.0145 433.7638
 52.5645 434.1538
 54.4445 433.9338
 55.9745 433.0838
 58.3045 433.4038
 58.6545 433.8038
 57.5245 436.1738
 57.8445 437.5738
 59.7545 439.0738
 62.4145 437.6538
 64.8045 437.9438
 65.8145 438.7038
 66.1745 439.7738
 66.0345 441.7438
 67.4445 444.1738
 66.8145 446.8738
 67.7145 448.7637
 66.5445 450.6638
 66.0645 453.0238
 67.1345 455.9238
 65.6245 459.1838
 66.8245 461.5138
 67.9845 461.8738
 68.2345 462.8638
 67.6845 465.7438
 68.2645 466.1238
 71.4145 464.2938
 73.6045 463.9338
 74.9445 463.1337
 75.9945 463.5838
 77.3445 467.1138
 78.7345 466.5637
 80.0445 467.5538
 82.0045 467.5538
 83.4645 466.3338
 86.0845 466.8238
 88.5845 465.0538
 89.4845 464.9338
 90.3745 465.0737
 91.6845 466.4738
 95.0645 466.4838
 97.6145 468.3137
 98.1445 469.6337
 96.8345 471.6437
 97.5845 474.1537
 97.0345 474.7237
 94.6945 475.3937
 94.4845 476.8337
 94.4845 476.8337
 97.3545 477.4037
100.1245 476.9337
101.1645 477.5437
102.4345 479.1337
103.7745 479.2737
104.7845 478.0837
105.3145 474.9637
107.9745 473.0037
110.1345 469.6537
111.3745 468.6037
111.7845 466.9037
111.0145 465.3137
104.6545 458.6837
100.8145 455.8738
100.0145 454.3537
100.4845 453.2037
102.2645 451.6137
102.4345 449.7237
102.9745 449.1537
105.7445 447.2937
111.7845 444.9937
115.0145 443.0037
115.7345 441.0737
116.0845 434.8637
121.8445 426.4737
122.2045 424.7537
123.8545 423.0337
124.2945 420.4037
125.8845 419.1237
127.5245 416.3937
131.3945 415.4237
133.3145 412.9237
136.0045 411.5437
137.0445 410.3337
137.2645 409.0237
136.6345 407.2737
132.6545 404.0837
134.3045 398.4937
135.9745 396.3137
136.1145 392.9537
137.5945 392.6137
138.4445 391.7737
139.6245 389.2237
142.1145 388.1837

Rīf_Dimashq
177
 84.7945 103.6137
 84.1645 107.5938
 80.7345 111.4738
 79.4445 114.7437
 78.5945 115.4937
 77.0845 114.8438
 75.3045 112.8537
 69.2445 108.9337
 67.3245 107.0737
 66.6945 104.4337
 65.6845 103.8137
 62.1445 104.6337
 60.1445 106.3937
 59.1545 108.0937
 56.0845 108.8137
 55.4545 111.1337
 53.5045 112.4437
 51.6445 114.8937
 50.3845 114.0437
 50.2245 112.9037
 50.7745 110.2237
 49.4045 107.0237
 48.8245 106.5337
 45.8045 106.0437
 42.3245 104.4437
 36.8645 104.9037
 35.1645 104.1837
 32.4745 101.9937
 30.8245 101.5037
 28.1945 101.7937
 27.1845 103.7537
 24.6645 104.7337
 24.6645 104.7337
 24.9145 109.3337
 24.5345 110.2737
 20.4445 110.7637
 17.0945 114.1237
 18.1345 115.7537
 17.9945 116.1437
 15.7945 117.4237
 15.7945 117.4237
 15.4645 120.6937
 15.7745 122.8237
 16.6145 125.0137
 19.6145 128.9637
 19.9645 130.4637
 19.8245 131.3137
 19.3145 131.7037
 23.4045 135.4537
 24.6545 137.3737
 24.9045 138.8037
 23.7745 141.9237
 25.3645 142.8137
 30.9745 144.0237
 33.9845 145.7537
 35.1345 147.3837
 34.9045 149.8237
 34.3245 150.5737
 27.2445 154.7237
 23.4845 155.2737
 23.0145 156.3937
 23.2045 157.1737
 26.3145 160.2037
 26.4545 163.6437
 28.3645 166.0137
 30.1645 169.1537
 30.5245 170.5437
 31.0545 170.9937
 32.9845 171.2437
 36.3345 176.6037
 40.7345 177.7737
 44.7045 180.5437
 45.6345 180.6937
 46.7545 178.6937
 48.8745 178.1237
 51.9445 178.4037
 53.8445 180.5937
 56.6445 179.9037
 57.7445 178.8537
 59.7945 178.8037
 64.1245 177.0737
 65.6645 177.0137
 66.3345 177.4537
 67.6445 179.5437
 66.9345 181.0837
 64.7645 182.9437
 60.8145 184.2737
 57.8045 186.8737
 57.6445 188.0237
 58.3545 189.7237
 61.6045 194.6337
 63.5445 196.7437
 65.3745 197.4737
 65.6745 198.8837
 69.0745 201.8137
 69.3345 203.3137
 72.3045 204.6937
 75.8945 203.5337
 78.0745 204.7937
 79.5445 206.2137
 79.8845 209.5237
 82.3445 212.7937
 83.5045 213.6937
 85.4845 214.4137
 86.1445 217.1037
 87.4245 218.2837
 88.0045 220.0937
 90.5845 221.5137
 91.5545 222.9537
 91.0645 223.4837
 91.0645 223.4837
 92.8145 224.5137
 96.2145 224.6437
100.4145 222.5637
105.8145 222.3937
111.6045 225.2937
114.0445 225.8237
123.6745 214.0137
129.1345 204.5537
131.9845 200.8637
145.2045 192.9937
147.1245 192.4637
151.3445 192.7637
152.1945 191.9737
155.6745 184.9337
158.5245 180.4937
161.9245 178.1937
168.6445 170.9637
176.0545 165.3837
180.9645 160.4337
182.7245 156.8237
184.8145 150.9537
189.0345 144.9237
190.9045 142.9037
197.8645 137.4937
201.5945 135.2337
210.2045 132.7137
220.5145 125.6137
229.9245 116.6937
237.3545 111.4037
244.3745 105.4637
253.2845  98.9737
257.6545  94.7737
257.6545  94.7737
176.6545  43.6937
176.6545  43.6937
173.1345  47.9037
169.5745  50.0137
167.2445  53.0337
164.3945  55.3037
155.7245  63.7437
154.7645  65.4637
153.9945  72.2237
151.9145  74.9837
149.4445  76.0237
146.9245  74.2637
145.4745  74.4937
143.1945  76.0237
140.5345  77.1337
140.0645  78.5337
137.6545  81.7537
137.4945  84.2237
134.8645  86.1737
131.7945  87.4437
125.8745  88.0337
124.2245  88.8137
122.8545  90.4137
122.2245  93.8037
118.1145  98.0737
117.2945 101.0037
116.0345 102.4037
112.8845 104.1037
109.6445 107.1037
107.8045 107.2937
101.5245 105.4637
 86.0245 103.6337
 85.0945 103.2137

Rīf_Dimashq
8
 68.1045 150.1337
 58.2445 150.4437
 56.9245 149.6037
 57.0145 145.2937
 58.6845 143.5037
 59.6545 141.1937
 61.0645 140.4537
 68.0145 140.6637

Ḩalab
182
148.5245 384.2138
143.9845 386.1038
142.1145 388.1838
139.6245 389.2238
138.4445 391.7737
137.5945 392.6138
136.1145 392.9538
135.9745 396.3138
134.3045 398.4938
132.6545 404.0838
136.6345 407.2738
137.2645 409.0238
137.0445 410.3338
136.0045 411.5438
133.3145 412.9238
131.3945 415.4238
127.5245 416.3938
125.8845 419.1238
124.2945 420.4038
123.8545 423.0338
122.2045 424.7537
121.8445 426.4738
116.0845 434.8638
115.7345 441.0738
115.0145 443.0037
111.7845 444.9938
105.7445 447.2938
102.9745 449.1538
102.4345 449.7238
102.2645 451.6138
100.4845 453.2038
100.0145 454.3538
100.8145 455.8738
104.6545 458.6838
111.0145 465.3138
111.7845 466.9038
111.3745 468.6038
110.1345 469.6538
107.9745 473.0038
105.3145 474.9638
104.7845 478.0838
103.7745 479.2738
102.4345 479.1338
101.1645 477.5438
100.1245 476.9338
 97.3545 477.4038
 94.4845 476.8338
 94.4845 476.8338
 94.5045 478.2938
 93.5345 479.2538
 91.5645 479.4538
 89.7945 478.6138
 88.4445 478.7538
 88.8645 480.0738
 90.4145 481.7138
 89.6745 484.2438
 89.9045 486.2338
 87.6045 486.3738
 86.6045 487.0438
 85.3945 490.3438
 85.2645 492.0238
 84.5645 492.8138
 84.4945 495.5838
 83.2245 497.7938
 83.4345 498.5338
 83.0245 499.1638
 83.0345 499.6638
 85.0445 501.0138
 86.8145 504.1238
 88.0845 509.2038
 87.7345 511.8338
 86.4845 515.5138
 86.8745 517.9038
 91.3145 524.6538
 91.1345 527.4638
 90.0445 529.8038
 90.9145 532.1538
 94.6145 536.2738
 95.3945 537.6638
 95.3345 538.9038
 94.4245 540.7438
 95.1345 541.8938
 96.0945 540.5638
101.4045 539.2638
107.8345 536.1138
117.5645 533.5538
121.6745 533.9938
126.0645 531.6338
129.1345 528.5638
132.7045 526.9938
132.7645 525.5838
130.4545 521.3838
129.9345 519.1938
131.9545 518.2838
136.1545 514.6638
137.3945 515.0738
139.2045 519.0438
141.4645 519.5138
145.4345 518.3338
149.4445 519.5338
153.4745 519.7238
160.2245 518.5238
163.9645 518.3338
173.8245 516.4238
176.7445 517.8038
179.9345 521.1238
191.8545 527.8738
195.7445 528.7138
198.9345 530.0138
205.2945 529.9838
207.5845 531.2838
216.8245 534.5338
223.5945 538.5238
229.9445 539.8038
232.8745 543.4838
238.3945 546.2538
242.9745 547.9138
245.0945 549.4338
248.6645 549.3038
250.8745 550.2338
259.7245 548.6338
265.2545 548.2338
270.2745 546.3438
274.5845 543.9938
281.5345 541.0638
288.1945 534.0938
288.1945 534.0938
288.3845 530.2238
290.0345 523.0038
289.6245 521.0238
288.6645 520.3138
282.7945 519.4938
282.1345 518.5038
282.9045 514.5938
284.2445 513.1938
285.9945 513.5338
290.4145 516.9438
291.6545 516.4638
292.1145 515.3438
291.9245 505.2738
290.4445 496.8837
288.7145 491.1738
286.3845 487.6438
282.7645 483.3738
276.6245 478.9638
267.1545 473.7438
257.6645 471.8538
247.6045 471.3438
244.5745 470.7438
243.6245 469.6838
239.4245 467.6538
237.7545 466.0238
235.7845 462.8438
234.6545 459.8638
231.9145 455.7138
231.5545 452.0238
232.2145 447.4938
233.7245 445.2638
238.0045 440.8738
239.5145 438.2438
243.8445 434.7338
243.9545 433.5138
241.6745 427.7538
239.1845 425.1938
235.1245 419.4638
232.6545 414.9138
229.9945 406.7038
228.4045 399.0738
228.0745 393.4238
235.6145 383.8238
249.0845 370.2538
249.0845 370.2538
242.3945 370.2738
230.7945 369.4038
223.4145 370.0338
208.2445 370.0038
197.0545 371.4838
192.1445 373.6238
183.2545 379.7638
180.1845 379.8938
166.6645 378.0838
161.5345 378.2838

Ar_Raqqah
84
255.6845 363.8038
254.0745 366.3837
249.0845 370.2537
249.0845 370.2537
235.6145 383.8238
228.0745 393.4238
228.4045 399.0738
229.9945 406.7038
232.6545 414.9138
235.1245 419.4638
239.1845 425.1938
241.6745 427.7537
243.9545 433.5137
243.8445 434.7338
239.5145 438.2438
238.0045 440.8738
233.7245 445.2637
232.2145 447.4938
231.5545 452.0237
231.9145 455.7137
234.6545 459.8638
235.7845 462.8437
237.7545 466.0237
239.4245 467.6537
243.6245 469.6837
244.5745 470.7438
247.6045 471.3437
257.6645 471.8537
267.1545 473.7437
276.6245 478.9637
282.7645 483.3737
286.3845 487.6437
288.7145 491.1737
290.4445 496.8837
291.9245 505.2738
292.1145 515.3438
291.6545 516.4638
290.4145 516.9438
285.9945 513.5338
284.2445 513.1938
282.9045 514.5938
282.1345 518.5038
282.7945 519.4938
288.6645 520.3138
289.6245 521.0238
290.0345 523.0038
288.3845 530.2238
288.1945 534.0938
288.1945 534.0938
297.3545 525.3038
302.6645 523.9338
316.5745 523.7238
326.6445 524.4338
333.0845 523.6738
347.0945 519.7338
358.6945 522.7438
368.0045 523.4438
368.0045 523.4438
368.3645 521.7438
370.1445 518.1338
370.9745 514.7638
376.7545 507.2138
378.5645 506.0938
380.7045 505.7538
386.1945 507.0038
390.7445 504.8338
398.3445 502.0438
400.2345 500.9538
403.0045 498.5437
403.8045 497.1537
404.0645 495.0737
404.0645 495.0737
385.7245 412.9637
387.0145 412.8237
389.7545 410.9137
391.4545 410.5337
348.5345 347.7937
348.5345 347.7937
336.9845 352.3237
326.5645 354.2337
314.5245 358.3837
293.3245 362.6637
277.5245 364.5137
270.8845 364.8437

Al_Lādhiqīyah
139
 16.9845 372.1038
  9.8245 378.0338
  7.2945 378.8038
  6.5545 377.4938
  5.7345 378.4738
  4.9645 378.7038
  4.6345 379.1437
  4.9645 380.2438
  5.0745 380.1437
  4.8345 379.0738
  5.4345 379.8438
  5.6845 381.1238
  5.2945 381.3938
  5.9245 382.4338
  4.9945 382.7938
  4.8545 383.5738
  4.3645 383.3038
  4.3145 384.2338
  4.0045 384.0438
  2.6045 384.9138
  2.5845 385.3838
  2.0345 385.3838
  3.2945 386.8938
  2.9445 387.9338
  2.2845 388.1738
  0.8245 387.5338
  0.4145 388.3338
  1.5945 388.3038
  2.8845 389.2438
  3.0245 388.8438
  3.7045 388.7338
  3.9245 389.3438
  4.5545 389.2738
  5.1345 391.3238
  5.6845 391.5638
  5.7945 391.0238
  6.2245 391.0938
  5.9245 392.2038
  6.4245 392.2638
  7.1645 394.1438
  6.7245 394.5838
  6.4745 396.3038
  5.5145 396.9338
  5.5745 398.6838
  6.8345 399.9938
  8.5345 400.3938
  8.6745 401.2038
  9.3245 401.6738
  9.1945 402.2438
 10.1745 402.7538
 10.4545 403.5938
 11.6645 404.0338
 12.0445 406.7838
 13.1145 407.3938
 12.4845 412.4438
 11.6045 413.5838
 11.6045 414.9038
 10.7045 415.8038
 10.6445 417.7238
  9.3245 418.6038
  9.8545 420.1838
  8.7245 420.5538
  8.7545 420.9638
  9.5245 420.8238
 10.0645 421.2938
 10.4545 420.6938
 11.1645 420.8638
 11.5245 420.3238
 13.2245 420.4238
 15.0945 422.3038
 15.9145 422.3438
 16.5945 423.2838
 17.3345 426.8538
 17.8045 427.1638
 18.0245 428.2738
 18.5145 429.0138
 20.3045 429.9238
 20.3845 430.3638
 22.0945 428.7038
 28.5845 431.4038
 29.2645 431.3338
 30.6945 429.4138
 29.9045 425.2138
 30.2745 424.1438
 33.3645 423.9038
 39.9345 422.2538
 41.6745 421.0138
 43.0545 418.3938
 43.0545 418.3938
 43.6045 415.7738
 43.1645 414.0438
 43.4645 413.2638
 44.5545 412.6238
 51.2245 413.7738
 55.0645 413.9738
 56.7345 413.4038
 56.9845 412.5938
 56.4945 410.8038
 53.5945 408.9638
 53.5945 408.9638
 52.4345 408.4838
 51.7145 407.5138
 51.8245 404.1838
 51.4445 402.7638
 50.6445 401.8638
 48.5045 401.3238
 47.8245 399.6738
 49.8245 396.2838
 50.5945 390.8338
 50.2345 382.5438
 48.2345 369.4338
 49.3545 364.7838
 50.5945 362.2738
 50.6745 359.3538
 53.0845 350.2838
 53.3845 344.6738
 53.3845 344.6738
 49.0045 347.0238
 44.5945 345.0038
 34.8645 344.7138
 31.4845 343.8638
 30.6145 344.0638
 25.8545 347.8438
 24.3145 348.6138
 21.8045 348.7838
 21.8045 348.7838
 21.5045 349.4038
 20.9345 349.3638
 20.5745 351.1038
 20.8245 353.1838
 20.5145 354.1538
 20.8445 354.8538
 20.4345 355.1238
 20.7645 357.4338
 20.4645 357.5938
 20.2445 363.2838
 20.6245 363.6538
 19.6445 367.4038
 20.0445 368.0138

Ḩamāh
235
 53.5945 408.9638
 54.2645 407.7438
 56.1645 406.7338
 58.0245 406.8038
 60.1345 407.9437
 61.5945 407.6138
 62.6845 404.4838
 63.4245 404.0437
 68.4245 403.9838
 69.2145 403.6038
 69.3245 400.2837
 67.0745 388.4838
 67.1045 387.0437
 67.8445 385.1337
 67.6545 383.0837
 68.2545 379.6637
 67.2145 377.9537
 68.8845 374.7937
 69.9545 370.6437
 71.0545 369.5337
 73.6345 370.0337
 76.2945 371.7438
 79.3045 370.2037
 80.4645 367.6238
 81.4245 366.8837
 85.3445 366.8537
 91.8745 365.0137
 95.0245 364.7137
 99.2445 365.0137
101.7445 366.2837
110.3045 368.0637
114.0645 365.0437
114.9145 363.2037
116.6645 362.1037
117.5145 360.7637
118.6345 361.2637
121.0845 361.2637
121.7945 361.6337
123.0045 364.5437
125.3045 366.7237
126.7845 369.2637
127.2545 369.3037
128.3745 367.7237
128.6745 365.9537
128.4845 364.4137
127.3345 361.9937
128.0445 356.6437
129.6345 355.8737
135.3145 356.1037
136.4445 356.5737
137.5145 358.4537
138.6645 359.5237
139.4045 359.8237
141.1345 359.1537
141.3245 359.4237
141.2645 364.8137
140.5845 366.7537
139.3745 367.0237
137.2045 364.0437
135.8045 363.9437
134.7645 364.6437
134.7945 366.6237
136.3845 369.0637
137.3745 372.2837
138.1445 373.1937
141.3545 374.1637
142.6345 375.0637
143.6545 376.3437
145.5445 380.3337
146.3645 383.1837
148.5245 384.2137
148.5245 384.2137
148.5245 384.2137
148.5245 384.2137
155.8345 381.8737
161.5345 378.2837
166.6645 378.0837
180.1845 379.8937
183.2545 379.7637
192.1445 373.6238
197.0545 371.4838
208.2445 370.0037
223.4145 370.0337
230.7945 369.4037
242.3945 370.2737
249.0845 370.2537
249.0845 370.2537
254.0745 366.3837
255.6845 363.8037
255.6845 363.8037
255.9145 355.4337
255.4445 347.7438
253.8245 343.4037
250.6445 338.5237
249.7945 336.4137
249.3545 333.3437
249.9045 328.3737
243.0445 325.7737
235.1245 322.0337
233.5345 320.9037
231.1445 318.3337
230.9245 316.6037
228.9245 313.0037
228.8745 310.4737
227.9945 308.3037
226.0745 306.1037
224.9745 305.5737
224.0145 306.0037
219.0245 312.7637
211.2645 319.3037
210.1345 324.9737
207.8845 328.4437
204.0245 329.1038
201.4945 331.5438
200.1245 332.1138
196.9145 331.6138
186.9045 328.4437
183.8845 328.2338
177.7445 324.1738
176.4845 322.1038
176.3145 316.8338
176.9245 314.4638
175.9045 313.2338
174.5645 313.4038
172.9145 315.8638
172.2045 316.2637
166.8845 316.2338
165.1845 314.9038
164.1445 314.6038
160.8545 316.0338
159.9745 315.2638
159.7845 313.4038
157.9445 313.9638
155.9945 313.7338
155.3345 311.6337
154.1545 310.3337
153.5545 308.1737
151.9345 306.7737
149.1945 307.8037
147.2745 310.8037
145.2445 311.1337
142.5045 310.0337
141.5945 307.3437
138.6645 309.0737
137.2645 309.0737
135.5345 306.9037
132.2745 306.4437
125.4645 301.1837
124.2045 301.4137
123.7945 303.7137
122.1745 305.6737
121.6245 307.5737
119.6545 310.2737
118.4445 313.7037
116.6145 314.9037
115.1545 315.2037
113.8145 315.1737
111.5345 313.6337
108.9545 313.4637
106.9545 311.6737
103.2845 311.8737
101.9645 311.2337
100.8645 311.7037
 99.0845 310.1737
 97.1645 309.9337
 94.6945 308.9037
 92.5245 307.3437
 89.4845 306.9437
 87.4045 307.8437
 86.6845 307.7437
 83.9445 306.1037
 82.9545 305.9737
 81.6445 306.2737
 81.0645 308.4037
 79.2245 308.9337
 80.0445 310.8337
 79.9145 311.7337
 78.6745 312.4337
 77.7145 312.3637
 76.5345 311.6037
 75.3845 309.2037
 73.1945 307.5737
 72.7845 306.3037
 72.9445 304.6137
 71.9045 303.7137
 71.8445 301.6838
 70.7545 300.8837
 70.5345 299.9838
 69.9245 299.4838
 68.1445 300.6838
 66.8345 300.6838
 65.8945 302.2137
 65.2145 302.6137
 64.1145 302.1137
 62.4445 299.9537
 61.5945 299.8837
 61.0145 302.4137
 58.7145 303.1137
 60.1645 304.6737
 59.3845 306.0737
 59.3845 306.0737
 58.5145 307.3837
 55.5545 309.5037
 53.7645 314.5137
 47.9945 313.7437
 43.3545 314.4637
 42.3945 315.1737
 41.8445 316.7337
 41.9545 318.2037
 42.5245 318.7637
 45.3245 318.5037
 46.9445 319.5637
 48.7445 319.8637
 49.2245 320.4637
 51.1545 320.5837
 53.7445 322.9338
 53.8545 324.8038
 54.8145 327.3337
 53.9345 333.1137
 53.3845 344.6737
 53.3845 344.6737
 53.0845 350.2837
 50.6745 359.3537
 50.5945 362.2737
 49.3545 364.7837
 48.2345 369.4337
 50.2345 382.5437
 50.5945 390.8337
 49.8245 396.2837
 47.8245 399.6737
 48.5045 401.3237
 50.6445 401.8637
 51.4445 402.7637
 51.8245 404.1837
 51.7145 407.5137

Ḩimş
228
420.9745 191.5938
371.2545 163.0938
305.3045 124.3838
257.6545  94.8138
257.6545  94.8138
253.2845  99.0138
244.3645 105.5138
237.3445 111.4538
229.9145 116.7438
220.5045 125.6638
210.1945 132.7538
201.5845 135.2738
197.8445 137.5338
190.8845 142.9438
189.0145 144.9638
184.7945 150.9937
182.7045 156.8637
180.9545 160.4738
176.0445 165.4237
168.6445 171.0137
161.9245 178.2338
158.5145 180.5338
155.6645 184.9738
152.1845 192.0138
151.3345 192.8038
147.1045 192.5138
145.1845 193.0338
131.9645 200.9038
129.1145 204.5938
123.6545 214.0537
114.0345 225.8737
111.5945 225.3438
105.8045 222.4337
100.4045 222.6038
 96.2045 224.6837
 92.8045 224.5537
 91.0545 223.5137
 91.0545 223.5137
 88.4445 224.7637
 87.6945 226.1137
 86.8345 230.2537
 87.2945 231.4037
 88.7245 233.0137
 88.5145 234.8137
 85.0545 236.0338
 82.1045 242.8238
 82.2745 244.0238
 84.5845 247.0638
 83.9645 248.4338
 80.4045 249.8938
 79.5545 251.6938
 75.8045 253.6038
 74.1745 256.5038
 73.8545 258.2938
 70.7245 258.1038
 69.5745 257.2538
 66.7445 258.2938
 65.2945 257.2938
 63.3745 258.1338
 62.5545 259.4538
 63.0245 260.9338
 67.7445 263.0538
 69.1145 264.0938
 69.4645 265.0038
 68.9245 267.1238
 70.2645 270.9738
 71.0345 270.8938
 72.5445 269.0638
 74.2145 269.2238
 74.9645 273.5538
 73.9145 273.7638
 71.7745 272.5938
 69.9345 272.8938
 66.2745 275.2438
 64.3245 277.1438
 64.3845 278.1838
 62.5745 280.6138
 61.1645 280.8738
 60.2145 279.7538
 59.7045 276.2038
 57.5145 274.1738
 55.7645 273.9538
 53.1545 274.4938
 51.3945 273.7338
 48.9045 275.2038
 45.9845 274.4038
 41.9245 275.5238
 39.5545 274.9838
 39.5545 274.9838
 39.8745 277.5238
 42.8545 283.0638
 45.8745 287.4538
 46.6445 289.9438
 47.9645 290.8438
 49.1145 293.2338
 51.2245 294.1638
 52.1245 295.9938
 55.5045 298.9538
 55.3645 302.6138
 56.0245 304.4138
 59.3845 306.0738
 59.3845 306.0738
 60.1645 304.6738
 58.7145 303.1138
 61.0145 302.4138
 61.5945 299.8838
 62.4445 299.9538
 64.1145 302.1138
 65.2145 302.6138
 65.8945 302.2138
 66.8345 300.6838
 68.1445 300.6838
 69.9245 299.4838
 70.5345 299.9838
 70.7545 300.8838
 71.8445 301.6838
 71.9045 303.7138
 72.9445 304.6138
 72.7845 306.3038
 73.1945 307.5738
 75.3845 309.2038
 76.5345 311.6038
 77.7145 312.3638
 78.6745 312.4338
 79.9145 311.7338
 80.0445 310.8338
 79.2245 308.9338
 81.0645 308.4038
 81.6445 306.2738
 82.9545 305.9738
 83.9445 306.1038
 86.6845 307.7438
 87.4045 307.8438
 89.4845 306.9438
 92.5245 307.3438
 94.6945 308.9038
 97.1645 309.9338
 99.0845 310.1738
100.8645 311.7038
101.9645 311.2338
103.2845 311.8738
106.9545 311.6738
108.9545 313.4638
111.5345 313.6338
113.8145 315.1738
115.1545 315.2038
116.6145 314.9038
118.4445 313.7038
119.6545 310.2738
121.6245 307.5738
122.1745 305.6738
123.7945 303.7138
124.2045 301.4138
125.4645 301.1838
132.2745 306.4438
135.5345 306.9038
137.2645 309.0738
138.6645 309.0738
141.5945 307.3438
142.5045 310.0338
145.2445 311.1338
147.2745 310.8038
149.1945 307.8038
151.9345 306.7738
153.5545 308.1738
154.1545 310.3338
155.3345 311.6338
155.9945 313.7338
157.9445 313.9638
159.7845 313.4038
159.9745 315.2638
160.8545 316.0338
164.1445 314.6038
165.1845 314.9038
166.8845 316.2338
172.2045 316.2638
172.9145 315.8638
174.5645 313.4038
175.9045 313.2338
176.9245 314.4638
176.3145 316.8338
176.4845 322.1038
177.7445 324.1738
183.8845 328.2338
186.9045 328.4438
196.9145 331.6138
200.1245 332.1138
201.4945 331.5438
204.0245 329.1038
207.8845 328.4438
210.1345 324.9738
211.2645 319.3038
219.0245 312.7638
224.0145 306.0038
224.9745 305.5738
226.0745 306.1038
227.9945 308.3038
228.8745 310.4738
228.9245 313.0038
230.9245 316.6038
231.1445 318.3338
233.5345 320.9038
235.1245 322.0338
243.0445 325.7738
249.9045 328.3738
249.3545 333.3438
249.7945 336.4138
250.6445 338.5238
253.8245 343.4038
255.4445 347.7438
255.9145 355.4338
255.6845 363.8038
255.6845 363.8038
262.5245 364.7738
270.8845 364.8438
277.5245 364.5138
293.3245 362.6638
314.5245 358.3838
326.5645 354.2338
336.9845 352.3238
348.5345 347.7938
348.5345 347.7938
353.6045 344.4038
360.1945 338.7238
368.4145 321.4638
367.3745 311.9038
423.3845 231.7638
442.2645 203.7038

Ţarţūs
90
 21.7845 286.0737
 21.1845 291.9938
 17.0145 301.8337
 15.9245 305.4637
 14.4445 305.8637
 14.0345 307.0337
 14.5545 305.9637
 15.7045 305.7637
 15.3245 306.0237
 15.0445 306.1238
 15.3445 306.5237
 14.8745 306.6238
 15.3145 306.8837
 14.8745 307.0937
 16.5445 308.2937
 16.4045 312.3137
 15.6945 314.0437
 16.1345 313.7137
 16.3545 316.5437
 17.8945 317.7737
 18.3845 318.7737
 17.8345 322.7438
 17.1245 324.1738
 17.1245 325.6538
 17.7845 327.4438
 17.3145 330.6838
 17.8445 330.9538
 18.1445 332.1238
 19.1045 332.2838
 20.1745 335.7638
 20.8045 335.8938
 21.2745 336.6238
 20.9145 338.6238
 21.6845 339.5638
 23.5745 340.5638
 23.8145 341.1638
 23.3245 345.1738
 21.8145 348.7638
 21.8145 348.7638
 24.3245 348.5938
 25.8645 347.8238
 30.6245 344.0438
 31.4945 343.8438
 34.8745 344.6838
 44.6045 344.9738
 49.0145 347.0038
 53.3945 344.6438
 53.3945 344.6438
 53.9545 333.0838
 54.8345 327.3138
 53.8745 324.7838
 53.7645 322.9138
 51.1745 320.5638
 49.2445 320.4538
 48.7645 319.8538
 46.9645 319.5538
 45.3445 318.4838
 42.5445 318.7538
 41.9645 318.1838
 41.8545 316.7138
 42.4045 315.1438
 43.3645 314.4438
 48.0045 313.7138
 53.7745 314.4838
 55.5745 309.4738
 58.5345 307.3538
 59.4045 306.0338
 59.4045 306.0338
 56.0445 304.3738
 55.3845 302.5738
 55.5245 298.9138
 52.1545 295.9538
 51.2445 294.1238
 49.1345 293.1838
 47.9845 290.7938
 46.6745 289.9038
 45.9045 287.4038
 42.8845 283.0138
 39.9045 277.4638
 39.5845 274.9338
 39.5845 274.9338
 36.8345 274.1638
 34.9045 274.4738
 32.0945 274.2138
 30.4545 275.7138
 28.2445 275.9138
 27.7345 276.5038
 26.5245 275.2838
 26.4145 275.6738
 25.5545 275.1938

Dimashq
7
 59.6545 141.1937
 58.6845 143.5137
 57.0145 145.2937
 56.9245 149.6037
 58.2445 150.4537
 68.1045 150.1337
 68.0145 140.6737

Al_Qunayţirah
46
 15.7845 117.4337
 17.9845 116.1538
 18.1145 115.7638
 17.0745 114.1238
 20.4245 110.7638
 24.5045 110.2738
 24.8945 109.3238
 24.6445 104.7238
 24.6445 104.7238
 23.6545  99.4138
 23.8545  98.8238
 26.2045  97.1238
 26.5645  95.8938
 23.7645  90.3537
 23.0845  83.9937
 25.3645  79.5738
 26.9245  77.6538
 27.2745  75.3438
 26.7545  74.5938
 25.1945  76.4838
 21.9045  76.1238
 21.7345  75.2438
 22.6445  73.4838
 22.7545  70.5238
 19.8845  67.7838
 19.8845  67.7838
 20.7045  70.3338
 18.6545  73.5338
 17.8045  81.3338
 17.2945  83.0037
 17.5845  86.6938
 17.0845  88.7538
 17.7345  89.7038
 19.7045  89.1738
 21.3445  89.6238
 21.3645  90.4138
 20.0245  92.3238
 21.7945  94.2138
 22.0245  97.2838
 19.9445 100.2938
 17.0245 101.0838
 16.8245 102.3538
 18.0245 103.9438
 18.5945 105.8338
 17.8045 109.6037
 14.6445 113.1837

Darٰā
148
 65.9045  11.2837
 61.6645  15.6137
 48.7345  25.5938
 46.0445  24.4238
 41.6445  25.0738
 39.3545  24.9737
 37.3945  24.3737
 36.7645  28.0137
 35.3845  31.1237
 31.8745  34.7737
 32.3045  38.9037
 32.0145  40.2837
 30.3845  41.1737
 27.8045  41.1137
 25.8045  42.2437
 26.7445  43.5137
 26.7245  44.5237
 25.9245  45.2537
 24.7545  45.2737
 23.6545  46.0137
 23.0145  47.6837
 22.1945  48.4337
 20.5745  48.1937
 18.6845  48.5137
 16.4245  49.7837
 14.7945  49.7837
 12.1445  49.0037
 10.6845  49.6637
 10.3645  50.2337
  9.4345  50.1037
  9.1245  50.6037
  9.5345  51.8338
 12.6245  55.4138
 15.0445  59.7538
 16.6445  61.4738
 19.8845  67.7838
 19.8845  67.7838
 22.7545  70.5238
 22.6445  73.4838
 21.7345  75.2438
 21.9045  76.1238
 25.1945  76.4838
 26.7545  74.5938
 27.2745  75.3438
 26.9245  77.6538
 25.3645  79.5738
 23.0845  83.9937
 23.7645  90.3537
 26.5645  95.8938
 26.2045  97.1238
 23.8545  98.8238
 23.6545  99.4138
 24.6445 104.7238
 24.6445 104.7238
 27.1745 103.7437
 28.1845 101.7937
 30.8145 101.4937
 32.4645 101.9837
 35.1545 104.1737
 36.8545 104.8938
 42.3145 104.4338
 45.7945 106.0338
 48.8145 106.5238
 49.3845 107.0138
 50.7545 110.2138
 50.2045 112.8838
 50.3745 114.0238
 51.6345 114.8738
 53.5045 112.4338
 55.4445 111.1238
 56.0745 108.8038
 59.1445 108.0838
 60.1345 106.3938
 62.1445 104.6338
 65.6745 103.8138
 66.6945 104.4338
 67.3245 107.0738
 69.2445 108.9338
 75.3045 112.8538
 77.0845 114.8438
 78.5945 115.4938
 79.4445 114.7438
 80.7345 111.4838
 84.1645 107.5938
 84.7945 103.6138
 84.7945 103.6138
 84.7945 103.6138
 84.7945 103.6138
 83.5045 102.4738
 82.6045 102.2838
 78.7845 102.8638
 76.0145 100.7438
 74.8645  98.3638
 75.3345  96.6738
 75.0245  94.5538
 76.4045  90.8338
 76.6745  87.6438
 77.6045  86.9938
 79.6345  87.6438
 80.9045  87.3838
 81.3145  83.8038
 82.4345  81.1638
 81.1445  80.8438
 75.0845  81.2637
 71.8445  81.0337
 69.4945  80.1537
 65.4345  76.7037
 62.4445  74.8537
 62.1145  73.6137
 62.7145  71.8237
 61.6145  68.9037
 62.5245  64.4837
 64.3645  60.9737
 63.2645  58.5638
 63.7545  54.2838
 64.8845  50.8438
 64.7145  50.1938
 63.7545  49.8038
 63.5145  49.2138
 63.7045  45.9138
 64.5245  45.1338
 67.8445  44.1938
 71.7345  43.7638
 72.9145  42.2438
 72.5045  40.0038
 69.9845  37.9638
 67.6845  37.0238
 67.5745  36.3738
 68.5845  34.4638
 67.7345  31.6138
 68.7745  31.0638
 70.5345  30.9038
 73.8745  31.1938
 75.4145  29.7638
 77.3045  29.9938
 78.3745  29.1838
 78.6545  28.4038
 78.6245  27.4638
 77.4145  25.9738
 77.1445  24.9138
 80.1345  21.2838
 80.4845  20.3138
 79.4145  14.4238
 79.9345  10.4138
 79.1245   5.6038
 79.1245   5.6038
 78.1245   5.8838
 75.8445   7.5438

As_Suwaydā'
99
 84.7945 103.6137
 85.0645 103.2937
 86.0045 103.7138
101.4945 105.5437
107.7745 107.3737
109.6145 107.1737
112.8545 104.1737
116.0045 102.4738
117.2645 101.0738
118.0945  98.1338
122.2045  93.8638
122.8345  90.4838
124.2045  88.8838
125.8545  88.1037
131.7745  87.5137
134.8445  86.2437
137.4845  84.2937
137.6445  81.8137
140.0645  78.5937
140.5245  77.1937
143.1845  76.0837
145.4645  74.5637
146.9145  74.3337
149.4445  76.0837
151.9045  75.0437
153.9945  72.2837
154.7645  65.5237
155.7245  63.7937
164.3845  55.3537
167.2445  53.0837
169.5745  50.0637
173.1345  47.9537
176.6545  43.7437
176.6545  43.7437
122.8445   9.5737
116.2445   4.6137
111.9445   0.4637
109.9245   0.2537
101.3445   2.7737
 98.8545   1.9437
 96.7645   3.5637
 94.6245   3.9337
 79.1245   5.6037
 79.1245   5.6037
 79.9345  10.4137
 79.4145  14.4237
 80.4845  20.3137
 80.1345  21.2837
 77.1445  24.9137
 77.4145  25.9737
 78.6245  27.4637
 78.6545  28.4037
 78.3745  29.1837
 77.3045  29.9937
 75.4145  29.7637
 73.8745  31.1937
 70.5345  30.9037
 68.7745  31.0637
 67.7345  31.6137
 68.5845  34.4637
 67.5745  36.3737
 67.6845  37.0237
 69.9845  37.9637
 72.5045  40.0037
 72.9145  42.2437
 71.7345  43.7637
 67.8445  44.1937
 64.5245  45.1337
 63.7045  45.9137
 63.5145  49.2137
 63.7545  49.8037
 64.7145  50.1937
 64.8845  50.8437
 63.7545  54.2837
 63.2645  58.5637
 64.3645  60.9737
 62.5245  64.4837
 61.6145  68.9037
 62.7145  71.8237
 62.1145  73.6137
 62.4445  74.8537
 65.4345  76.7037
 69.4945  80.1537
 71.8445  81.0337
 75.0845  81.2637
 81.1445  80.8437
 82.4345  81.1637
 81.3145  83.8037
 80.9045  87.3837
 79.6345  87.6437
 77.6045  86.9937
 76.6745  87.6437
 76.4045  90.8337
 75.0245  94.5537
 75.3345  96.6737
 74.8645  98.3637
 76.0145 100.7437
 78.7845 102.8637
 82.6045 102.2837

