793 443

Abyān
177
205.0119  52.3994
203.5719  54.5594
202.4219  57.3594
202.7519  59.9894
205.2219  61.4694
207.5219  64.5994
210.3219  71.8494
211.3119  76.7894
213.6219  77.4494
215.2719  78.4394
215.9319  81.0794
214.6119  82.7194
212.4719  84.8594
209.8319  86.1794
211.4819  89.6394
213.6219  91.1194
215.2719  93.4294
216.0919  95.8994
214.9419  97.0494
213.1219  97.0494
210.6519  96.2294
209.3419  98.2094
210.4919  99.3594
212.4719  99.8594
214.7719  99.6894
214.6119 102.1594
213.4519 103.1494
213.7819 105.4594
215.1019 106.4394
218.0719 105.9494
219.8819 106.6094
219.5519 108.2594
218.2319 109.2394
217.7419 111.2194
218.4019 112.5394
218.4019 112.5394
222.6819 112.3694
222.6819 112.3694
225.6419 112.8694
227.2919 111.3894
229.1019 112.5394
233.0619 112.5394
233.8819 110.8894
235.6919 108.7494
241.4619 108.9094
243.7619 110.0694
246.4019 113.5294
252.8219 116.6594
256.7819 119.2894
258.0919 119.2894
258.5919 121.9294
258.4219 124.5594
260.2419 124.8894
261.3919 125.7194
262.2119 131.1494
262.7119 133.2994
263.7019 134.7794
265.0819 135.5194
265.0819 135.5194
267.5519 136.8394
269.8619 137.8194
271.8319 139.4694
271.8319 139.4694
275.6219 139.7994
278.9219 138.1494
280.4019 135.6794
282.5419 133.0494
283.0319 130.9094
281.7219 128.4394
281.0619 126.4594
279.4119 124.8094
279.2519 122.9994
279.2519 122.9994
283.2019 123.4894
286.4919 124.3194
286.4919 124.3194
288.9619 124.4794
290.4519 123.6594
293.4119 125.3094
293.4119 125.3094
297.0419 127.6094
297.8619 130.7394
297.8619 130.7394
299.3119 131.8894
299.3119 131.8894
303.7619 131.5694
308.0419 132.3894
311.1719 131.5694
314.6319 129.4194
320.2319 129.4194
321.2219 127.2794
322.2019 127.9394
323.3619 130.2494
323.3619 130.2494
324.1819 132.0594
326.6519 132.3894
328.4719 131.3994
328.4719 124.8094
331.2719 123.3294
333.5719 121.5194
333.5719 121.5194
334.0719 108.5894
334.7319 102.8194
334.7319 102.8194
335.7119 100.8394
334.7319  97.3794
334.7319  97.3794
334.8419  93.8894
333.4219  93.7194
330.3619  92.9594
327.9719  92.0194
326.0019  91.8394
319.9819  90.4594
317.2819  89.5794
316.2319  89.0494
312.1519  86.2594
306.9819  84.2794
303.7119  82.7894
301.1319  83.4794
298.6719  83.6094
293.0419  82.3194
290.8419  82.1594
288.4519  81.6494
287.7819  81.8794
287.6219  82.1594
286.9519  82.2994
285.1019  82.2994
284.0119  82.0194
283.3219  82.1594
282.7319  82.0694
282.5619  82.3194
282.0719  82.2994
280.6919  82.7094
279.4919  82.7894
279.3019  82.6494
277.8519  83.2394
276.3319  83.3394
274.5119  83.1594
273.7019  82.8494
271.9719  82.7894
270.7319  82.4394
268.9819  82.5494
268.2919  82.3194
267.1119  82.2994
266.9919  82.1594
266.5619  82.2794
266.1119  82.0694
261.9619  82.4594
260.7319  82.2594
258.8619  81.6594
256.9919  81.6094
255.1119  80.9594
252.3119  81.0294
250.7219  80.4494
248.5519  80.1094
246.1319  79.2594
244.6119  79.0994
244.2319  78.7794
242.7819  78.3594
240.6219  78.3094
239.6019  77.9894
237.9719  76.9494
232.4919  71.8294
229.5719  68.2594
227.2519  64.5394
226.8019  64.5694
226.8319  64.0994
226.6619  63.7794
225.0719  62.2294
223.9419  60.8294
222.2819  59.4594
220.5219  58.8894
217.0619  58.4094
214.1419  57.7994
211.8719  57.0894
208.7919  55.7294
207.2219  54.8294

'Adan
119
204.3219  51.2594
202.4419  47.5694
201.4719  44.7994
201.0919  42.3494
201.4019  41.7294
201.8019  41.8994
201.4319  41.2494
201.5319  41.0694
202.0219  40.9594
201.9619  40.5694
201.7219  40.8694
201.2319  40.9394
200.9419  40.5894
201.1019  40.3194
200.8219  40.0194
200.2519  39.9794
199.7819  40.1694
199.4919  40.0594
198.7519  40.3894
198.2019  40.8894
197.7119  40.6594
197.8819  40.9294
197.8019  41.3794
196.6919  41.6094
196.9319  42.3694
199.0419  42.9694
199.6319  42.6294
200.1319  43.0994
200.2019  43.4394
199.8719  44.5894
199.3019  44.6394
199.3219  44.7794
199.7219  44.8794
199.1719  45.3394
199.8119  45.4994
200.1019  45.2894
200.1219  45.5194
198.3119  46.3094
197.8319  45.8294
197.9219  44.1394
197.2519  45.2494
197.2519  44.8094
195.8819  45.0694
194.8619  45.0194
192.7719  43.8694
192.1019  42.7094
191.8119  41.3194
191.1419  41.5794
190.9019  41.9794
190.9519  42.4594
191.2319  42.5294
191.2519  42.8494
189.8519  43.1094
189.3319  42.8794
188.7819  41.8394
188.7419  41.3494
190.4219  41.5294
191.0619  41.0194
193.7819  40.8294
193.1619  40.2094
193.4619  39.5394
192.8419  39.3494
192.4619  39.5294
192.3719  39.9494
191.7719  39.7394
191.5319  39.2994
191.6319  39.0194
191.8919  38.9094
191.7719  38.5894
191.5819  38.8494
191.2019  38.9494
190.6319  38.5994
189.2619  38.4594
188.8819  38.1194
188.6919  38.2094
188.5519  38.6994
188.2219  38.8794
187.7719  38.8194
187.5019  39.0994
187.5519  39.6194
187.8619  39.7594
187.8619  40.1294
187.2619  40.8594
186.6019  41.1594
185.5819  41.3194
184.3019  41.1794
182.6919  40.4094
181.3719  39.0994
181.0119  39.6594
181.6719  40.0494
181.5019  40.7694
181.1319  41.2994
179.5819  42.6394
178.3019  43.3394
177.1619  43.6694
175.2119  44.0194
173.3419  44.0594
172.4819  43.9394
170.2319  43.1094
168.2919  41.8094
166.3519  39.9194
164.3419  37.4194
162.4619  34.7094
162.1819  34.7494
162.3019  35.0494
161.9519  35.4194
160.9619  35.3694
160.9619  35.3694
161.6319  38.5194
163.4419  41.3194
165.4219  43.9594
171.1919  46.5994
183.3819  46.9294
188.6519  47.4194
191.9419  48.8994
193.9219  50.2194
199.3619  51.0394
204.4419  51.3094
204.4419  51.3094

'Amrān
130
115.3419 218.6194
115.3419 219.9394
115.3419 219.9394
116.9919 220.5994
116.9919 220.5994
116.5019 221.9194
115.1819 222.4094
115.1819 222.4094
114.8519 224.3894
114.8519 224.3894
115.5119 226.5294
117.8119 226.8594
118.8019 225.7094
120.2919 226.0294
120.2919 229.6594
121.7719 230.3194
121.7719 230.3194
121.6019 232.1294
121.6019 232.1294
119.3019 232.1294
119.1319 236.7394
119.1319 236.7394
120.6219 236.5794
120.6219 236.5794
120.1219 238.7194
119.1319 239.7094
119.3019 241.0194
118.8019 242.1794
119.3019 244.4794
118.3119 246.7894
116.5019 248.1094
114.5219 247.1194
113.2019 244.8094
111.5619 244.1494
110.9019 245.9694
111.8819 247.4494
113.3719 247.9394
113.3719 247.9394
114.1919 249.5894
114.1919 249.5894
112.3819 252.0594
111.5619 253.7094
110.2419 255.5194
110.5719 260.9594
108.7619 262.5994
108.7619 262.5994
107.1119 263.9194
107.4419 266.8894
107.4419 266.8894
107.4419 269.3594
106.2819 272.8194
107.4419 274.4594
107.4419 274.4594
108.4319 275.7794
108.4319 275.7794
108.1919 288.0794
109.4519 288.7094
109.4519 288.7094
111.7519 289.5394
117.0219 290.0294
119.0019 291.0194
120.1519 292.1694
122.7919 292.8294
122.7919 292.8294
124.6019 292.4994
126.7419 291.1794
130.2019 290.8494
130.2019 290.8494
133.0019 290.5194
135.8019 289.8694
140.5019 290.0694
140.5019 290.0694
140.4819 290.0294
140.4819 290.0294
143.9419 289.3694
145.5919 288.5494
147.4019 289.5394
148.8819 288.3794
148.8819 288.3794
150.0319 285.4194
154.1519 281.6294
154.1519 281.6294
154.4819 277.1794
153.3319 276.1894
153.1619 268.2894
153.1619 268.2894
155.9719 268.2894
155.3119 263.0194
153.9919 261.0394
154.6519 257.5794
156.2919 255.7694
156.2919 255.7694
158.6019 255.1094
158.6019 251.6494
158.6019 251.6494
158.7619 251.5094
158.7619 251.5094
157.0919 249.9194
153.4619 249.7594
151.4819 247.7794
147.7019 247.7794
147.3719 244.4794
146.2119 240.5294
147.2019 239.7094
148.5219 238.2194
147.8619 235.8394
146.0519 233.3594
143.0819 230.8894
143.2519 227.2694
144.7319 226.6094
144.0719 224.9594
141.6019 224.2994
140.6119 222.1594
137.8119 220.1894
134.6819 219.5294
134.5219 222.8194
131.8819 221.3394
132.2119 219.8594
131.2219 218.6994
131.7219 217.3894
131.7219 217.3894
127.5319 219.2794
125.7219 219.7794
124.9019 221.0894
123.5819 220.9294
123.0919 218.6194
121.2719 218.4594
119.7919 217.6294
118.3119 218.9494
116.3319 218.9494

Al_Bayḑā'
118
222.4219 112.3794
222.2519 120.7794
221.1019 122.4194
219.1219 122.5894
217.1419 120.6094
215.3319 119.1294
213.8519 116.8194
211.5419 116.6594
211.0519 117.8094
208.4119 117.9694
208.4119 117.9694
208.2519 121.5994
208.2519 121.5994
206.9319 123.0794
205.7819 124.7294
202.4819 124.8894
202.1519 128.5194
198.5319 132.4694
198.3719 133.9494
196.2219 134.2794
192.4419 133.9494
189.3119 133.9494
186.5119 131.8094
183.3819 134.2794
181.8919 132.3094
181.4019 130.8194
181.4019 130.8194
178.4319 130.8194
178.4319 130.8194
174.4819 131.9794
174.1519 135.7694
175.4719 135.9294
175.6319 138.2394
174.4819 138.8894
174.4819 138.8894
173.1619 139.2194
173.1619 141.1994
174.6519 142.6794
178.4319 142.6794
179.7519 149.2694
180.9019 150.0994
182.5519 150.0994
182.3919 152.8994
180.9019 154.5394
180.5819 160.6394
182.3919 163.4394
185.3519 165.7494
188.4819 167.0594
188.4819 167.0594
190.6219 169.6994
190.6219 169.6994
193.1719 170.5994
193.1719 170.5994
193.1919 170.5194
193.1919 170.5194
196.1619 171.8394
198.9619 171.8394
200.2819 172.6594
201.5919 172.6594
202.4219 165.4194
203.4119 158.6594
204.8919 154.2094
207.3619 152.3994
210.4919 151.4094
210.9819 153.5594
212.9619 155.1994
214.9419 155.0394
216.5819 153.5594
218.0719 153.3894
218.5619 154.8694
216.0919 156.6894
217.0819 157.9994
220.0419 156.0294
222.0219 156.1894
222.6819 158.6594
223.8319 160.4694
225.6419 159.4894
225.3119 157.5094
228.9419 157.5094
229.6019 160.1394
231.2419 163.9294
231.0919 166.2394
231.0919 166.2394
239.5519 165.9894
239.5519 165.9894
240.0419 158.0894
240.0419 158.0894
246.8019 157.5894
250.4219 150.6694
251.7419 145.8994
251.7419 145.8994
251.7419 140.6194
255.5319 140.7894
257.5019 141.6094
259.1519 141.6094
260.8019 139.4694
265.0819 135.5194
265.0819 135.5194
263.7019 134.7794
262.7119 133.2994
262.2119 131.1494
261.3919 125.7194
260.2419 124.8894
258.4219 124.5594
258.5919 121.9294
258.0919 119.2894
256.7819 119.2894
252.8219 116.6594
246.4019 113.5294
243.7619 110.0694
241.4619 108.9094
235.6919 108.7494
233.8819 110.8894
233.0619 112.5394
229.1019 112.5394
227.2919 111.3894
225.6419 112.8694
222.6819 112.3694

Aḑ_Ḑāli'
70
208.4119 118.1194
206.4419 112.6994
204.3019 110.2294
201.0019 107.4294
197.5419 105.2894
195.0719 102.9894
192.4419 102.4894
190.6219 100.8394
188.8119 101.8294
186.0119 101.8294
187.9919  95.8994
188.8119  92.6094
185.6819  92.6094
185.0219  93.7594
183.3819  93.7594
182.7219  92.6094
181.0719  91.6194
178.4319  91.2894
176.4619  90.6294
174.6519  91.9494
172.5019  90.2994
171.1919  91.6194
169.0419  92.2794
169.0419  92.2794
168.0619  94.0894
166.9019  95.5694
163.4419  96.0694
162.1319  95.2394
159.8219  95.7394
159.4919  98.2094
161.3019  98.8694
161.4719 100.5094
160.9719 102.9894
160.9719 102.9894
159.3319 105.4594
159.3319 105.4594
159.6619 107.5994
161.8019 109.2394
162.9519 111.2194
165.2619 113.8594
164.6019 116.3294
166.2419 117.6494
168.8819 118.6294
172.5019 118.6294
173.9919 120.1194
171.6819 120.7794
170.5319 122.4194
171.6819 124.2394
173.4919 124.8894
173.6619 127.8594
175.1419 128.0194
176.7919 127.5294
178.6019 128.8494
178.5219 130.8194
178.5219 130.8194
181.4019 130.8194
181.4019 130.8194
181.8919 132.3094
183.3819 134.2794
186.5119 131.8094
189.3119 133.9494
192.4419 133.9494
196.2219 134.2794
198.3719 133.9494
198.5319 132.4694
202.1519 128.5194
202.4819 124.8894
205.7819 124.7294
206.9319 123.0794
208.2519 121.5994

Dhamār
136
121.0319 125.8394
119.6919 124.6494
119.6919 124.6494
117.8819 123.4894
115.2519 123.4894
111.4619 127.4494
108.1619 127.6094
108.1619 127.6094
106.0219 128.9294
105.5319 131.3994
107.3419 132.3894
108.0019 134.1994
108.0019 134.1994
106.8419 135.3494
104.7019 139.3094
103.2219 141.6094
103.2219 143.4294
103.2219 143.4294
105.0319 143.7494
107.3419 143.7494
107.3419 143.7494
107.5019 142.4394
108.9919 142.4394
109.8119 144.0794
111.6219 145.3994
113.1019 146.0594
114.2619 147.5394
114.7519 149.3594
118.5419 149.8494
119.2019 148.5294
122.4919 148.6994
124.4719 150.1794
127.4319 151.6594
130.5619 154.9594
132.0519 156.2694
132.3819 157.9194
130.2419 160.5594
130.7319 163.6894
128.5919 165.6594
124.8019 168.4594
121.5019 171.5894
121.1519 173.7994
121.1519 173.7994
121.5019 173.7394
121.5019 173.7394
121.5019 175.2194
126.2819 175.2194
126.4519 173.8994
128.2619 173.8994
130.7319 176.0394
131.2219 177.8494
133.2019 178.1794
134.6819 179.4994
135.6719 180.9794
137.3219 180.9794
137.4819 182.6294
138.9719 183.9494
146.2119 183.6194
150.8319 179.8294
157.7419 179.3394
158.5719 180.4894
157.5819 181.1494
157.5819 182.7994
159.5619 182.7994
161.2019 181.1494
163.0219 179.6594
165.9819 180.6494
168.6219 180.9794
169.6019 182.2994
171.2519 183.2894
173.3919 183.6194
175.3719 184.6094
179.3219 184.9394
180.8119 184.2794
180.6419 175.0494
183.6119 174.7194
184.9219 173.7394
185.9119 172.5794
186.7419 171.2594
187.3919 168.9594
189.2119 167.9594
189.2119 167.9594
188.4819 167.0594
188.4819 167.0594
185.3519 165.7494
182.3919 163.4394
180.5819 160.6394
180.9019 154.5394
182.3919 152.8994
182.5519 150.0994
180.9019 150.0994
179.7519 149.2694
178.4319 142.6794
174.6519 142.6794
173.1619 141.1994
173.1619 139.2194
174.4819 138.8894
174.4819 138.8894
171.2519 136.5094
169.6019 138.8094
165.6519 138.9794
164.8319 139.7994
164.0019 141.7794
161.2019 141.7794
159.5619 142.7694
157.9119 143.4294
155.9319 143.4294
153.9619 144.0794
152.6419 146.0594
151.3219 147.0494
150.3319 148.1994
148.5219 148.6994
147.3719 144.0794
144.2419 143.9194
143.7419 142.5994
141.4419 142.5994
141.4419 149.3594
139.9519 149.3594
138.1419 147.2094
137.4819 145.5694
135.5119 143.4294
133.8619 143.0994
132.5419 141.4494
131.0619 141.6094
130.4019 140.2994
131.5519 139.7994
131.8819 138.1494
132.7119 136.5094
130.4019 133.8694
126.9419 131.5594
125.4619 131.2394
125.6219 133.8694
123.3219 133.8694
123.3219 131.2394
122.1619 127.1194
121.0119 125.9594

Ḩaḑramawt
18
698.9619   3.7694
699.8619   3.6594
700.0519   3.4494
701.2819   3.3694
701.4419   2.9594
701.8119   2.8194
702.1719   2.3894
702.0719   0.8294
700.3119   0.2994
700.1219   0.6694
698.3219   1.1994
697.4419   2.1294
696.4519   2.5694
695.7819   2.5694
695.3119   2.8694
695.5019   3.1694
697.2019   3.3794
697.2219   3.6994

Ḩaḑramawt
65
639.6719   7.8194
639.7919   7.6294
640.5019   7.4694
641.3719   7.8394
641.7819   7.4994
641.8919   7.7094
642.2819   7.6894
642.4019   7.5194
642.6819   7.6094
643.1519   7.2194
643.7419   7.2894
645.0119   6.0194
645.3619   6.1594
647.0219   5.1894
647.4819   5.4194
649.8919   5.1194
650.4419   5.3094
651.2019   5.0994
651.7919   5.4394
652.1019   5.0494
652.8319   4.9294
653.0219   5.1294
653.8819   4.4594
654.3519   4.3394
655.4919   4.7294
656.2719   4.4794
657.7819   4.3394
658.7519   4.9494
659.0119   4.8794
657.9919   4.0894
657.6119   4.0694
657.3019   3.6994
657.2719   3.0494
657.4419   2.7994
658.0819   2.6094
658.0119   2.2194
657.6319   2.1294
656.8519   2.4594
655.0419   1.8794
653.2119   1.9494
652.8419   1.6794
650.9919   2.2894
650.7819   2.1694
649.2119   2.3094
648.5519   3.7894
648.3119   3.8994
646.9119   3.7194
645.8519   4.0394
645.5219   3.8994
645.0219   4.2294
644.4819   3.9694
643.8619   4.1994
643.5319   4.8994
642.4819   5.3594
641.7019   5.1494
641.5619   5.3094
640.4919   5.1894
640.6319   5.3794
640.0419   5.8194
638.4019   6.5394
638.2519   6.8394
638.6819   7.0694
638.6119   7.3194
638.2519   7.1594
638.3519   7.5794

Ḩaḑramawt
141
730.4819  37.5894
732.5719  36.7994
734.3919  36.5694
736.5519  36.7394
736.8419  36.9194
737.2019  36.8294
740.2819  34.3794
744.0219  31.7594
746.3619  30.6694
748.7619  30.1394
749.4919  30.3894
750.3019  31.1494
751.4919  33.1194
752.1119  33.4394
753.4619  33.7194
754.5519  33.1894
755.5919  32.9294
755.9019  33.0894
756.3219  32.8394
756.8919  33.1794
757.2219  33.1294
757.5719  33.5694
759.3119  33.4994
763.7919  35.3094
764.2619  36.0294
764.4219  36.7894
764.7719  36.8794
766.3819  36.5294
766.9219  36.2194
767.9519  35.1794
769.2919  34.4394
769.8419  34.4394
770.8119  34.7594
771.2919  35.1594
771.3119  34.5594
771.9519  34.1894
772.1919  33.7694
772.8019  33.3294
772.3019  32.8394
773.5319  33.3294
774.4519  32.9194
775.2619  32.9194
775.4319  32.3094
776.1719  32.0494
776.9019  31.3994
777.2519  31.2894
777.5819  31.4994
778.3119  30.9194
778.7419  31.0394
779.2619  30.7594
780.3019  30.7194
780.6619  30.5394
780.9719  30.7194
781.3319  30.6594
783.3019  29.4494
784.1519  29.0994
785.1219  29.0594
786.2419  28.0394
788.3919  26.8794
789.5519  26.8394
790.7719  27.6494
791.2819  27.3494
792.1119  27.5294
792.0719  26.9294
792.2619  26.6494
791.7219  26.7194
790.3919  26.1394
787.9419  25.6794
787.0619  25.2994
786.3319  23.9194
786.6619  23.4094
786.6619  23.0394
785.9719  23.0594
785.4519  22.6394
784.9019  22.5394
784.6219  22.3294
784.5719  21.9094
784.1719  21.9394
783.2019  21.5194
781.8019  21.3794
780.0419  20.7094
779.1819  20.7094
779.1119  20.5294
777.2819  20.5794
775.8619  20.3494
773.8519  19.4994
773.3519  18.9694
772.7519  17.4194
771.0419  17.0694
770.2619  16.2194
767.7519  14.6194
766.9519  14.5294
764.8919  14.8994
761.5519  14.6594
760.4619  14.3594
760.1319  13.5494
759.5419  13.1394
757.2419  13.6294
754.5319  13.4894
748.9819  12.1194
745.7319  11.7194
742.1319  11.4194
738.9519  11.5994
737.3419  11.9294
732.4219  13.7094
731.4519  13.7094
731.2619  13.9694
730.7219  13.8594
730.5019  14.6494
730.6219  14.8294
729.9619  15.2194
729.1319  16.7294
727.5719  18.0694
726.3919  18.7394
726.1019  19.6194
725.3919  20.4094
724.8419  20.5294
722.3219  21.7994
715.7519  25.9394
715.6819  26.3394
716.5319  26.8194
717.2219  26.4994
717.7919  26.4794
720.4719  27.1294
721.2319  27.7594
721.5219  28.4494
721.6219  30.9294
721.8519  31.5994
721.7619  32.1794
721.5419  32.2294
721.6319  32.9194
721.3719  33.7594
722.6219  34.4494
723.6919  34.7994
724.2419  34.8694
724.6619  34.6894
725.8019  34.8994
726.7919  36.1694
726.8919  36.6794
728.2919  36.6194
728.9319  37.2494

Ḩaḑramawt
236
399.6019 388.0494
377.1319 361.0094
361.8219 341.7894
357.5919 329.7394
353.6819 320.2894
349.1219 317.3594
345.2119 314.4294
340.9819 312.4694
336.7519 309.5394
324.0519 310.1894
324.0519 310.1894
324.0819 270.7494
324.0819 270.7494
281.9819 223.2794
319.4819 227.1294
341.6319 227.7794
364.4319 230.7094
378.7619 229.7294
370.6219 217.0294
370.6219 217.0294
362.1519 208.8894
362.1519 208.8894
360.5219 197.1594
357.9219 192.9294
357.9219 192.9294
361.1819 191.6294
365.0919 188.6994
365.0919 188.6994
364.7619 184.7894
362.8119 181.8594
359.5519 180.2294
354.0119 176.9694
350.7519 174.3594
352.3819 171.7494
355.3119 169.7894
360.2019 163.2794
359.8719 158.3894
362.4819 158.3894
362.4819 158.3894
374.2119 152.1994
380.4019 151.2194
382.3519 147.3094
382.3519 147.3094
386.2619 144.6994
391.4719 140.4694
391.8019 137.8594
393.7619 134.9294
393.7619 134.9294
402.5519 131.6694
408.7419 131.6694
411.3519 132.3194
413.9619 133.9494
413.9619 131.0194
413.9619 131.0194
416.5719 130.0394
419.5019 126.7794
419.5019 126.7794
422.1119 122.8694
422.2619 122.4194
422.2619 122.4194
426.9619 122.1894
427.7219 122.2794
427.8219 122.8294
427.9819 122.3194
428.7219 122.5494
430.8019 124.3894
432.5319 126.8494
433.7819 127.7494
434.8419 127.9394
436.0519 129.5694
436.3319 129.4594
437.0219 130.0794
438.7219 132.4594
439.0519 132.5494
439.2619 133.4394
439.1119 134.3294
439.4219 134.9494
441.5319 135.9594
441.9619 135.7094
442.1319 136.0494
442.5819 136.1394
442.9419 136.6194
443.5619 138.3594
444.0119 138.4994
444.4619 139.0294
446.4519 139.1694
447.2619 139.8994
447.4219 140.1794
447.3219 141.3094
446.5919 141.6994
446.5719 142.2794
446.9319 142.7894
447.1419 143.9394
448.0719 145.9294
448.4919 146.1094
448.6119 146.9794
451.4319 150.7594
454.1119 153.0294
454.6619 153.2594
455.4919 153.2194
456.0619 153.0994
456.1819 152.7794
456.5819 153.0294
456.9819 152.7794
456.9619 152.4394
457.2019 152.4394
457.3919 152.0994
458.2219 151.7594
458.3119 152.0994
458.0319 152.5994
458.1219 153.2394
458.6719 154.2494
461.3019 155.6494
463.9819 157.4094
469.9519 160.5694
473.7019 161.7994
475.2219 162.6294
476.7819 163.2294
477.6419 163.5094
478.0619 163.2994
478.0619 163.6694
482.4719 166.1694
486.1219 167.5894
489.4419 168.4994
493.9919 169.2994
498.8019 170.9694
499.4219 170.9494
500.6119 171.2894
505.8219 173.6394
507.5319 173.3694
509.4019 173.7794
510.4919 173.7094
511.5119 171.9794
511.2519 171.6394
513.7219 172.3294
516.6619 173.5894
517.6619 173.3594
518.4019 173.4994
519.0419 173.0694
520.7519 173.2094
521.2219 173.5094
521.1519 174.1294
521.6219 174.5894
525.7719 177.0594
528.7119 178.3394
529.5419 178.5294
530.3919 177.9094
530.4219 178.1894
530.9919 178.7094
531.0919 179.1494
532.9919 180.8194
535.3319 182.3994
539.4319 184.6594
546.3819 186.4394
551.2219 187.1694
553.6919 187.7894
554.7819 187.6494
559.8019 188.9294
559.8019 188.9294
558.6019 191.3594
557.3819 192.8194
556.1619 196.2394
554.4519 199.6594
552.5019 202.0994
551.0319 205.2794
547.3719 205.5194
546.3919 206.9894
544.4419 207.9694
541.0219 208.9494
536.3819 211.3894
530.7619 213.0994
525.6319 213.5894
525.3919 215.7894
527.3519 216.2794
527.1119 221.4094
522.9619 222.8794
520.5219 223.3694
519.0519 225.3194
519.3019 227.7594
521.5019 238.0194
522.2319 244.3694
524.1919 247.5494
526.1419 249.2594
527.1219 252.4394
525.6519 254.8794
523.7019 257.0794
521.0119 259.0294
522.4819 264.6494
524.6819 268.7994
526.1519 272.2194
525.9119 276.6194
528.8419 281.0194
526.6419 282.4894
526.4019 285.4194
528.1119 288.1094
530.3119 290.5494
533.9819 292.9894
539.3519 294.4594
544.2419 294.6994
547.6619 296.4094
550.3519 298.6094
552.3019 300.8094
552.5419 304.9594
556.6919 308.3794
561.5819 311.5594
566.7119 315.2194
570.8619 317.4194
575.0119 319.3694
577.9419 319.6094
578.6719 322.5394
579.6519 324.2494
582.0919 327.4294
585.5119 330.1194
588.4419 333.5394
589.1719 336.4694
591.1219 339.3994
594.3019 345.0194
598.4519 355.2794
601.6319 362.3594
603.1019 369.6894
605.0519 388.7394
606.2719 393.3794
608.4719 396.7994
610.4219 400.9494
613.8419 406.0794
616.0419 412.1894
618.4819 416.8294
620.6819 420.4894
624.1019 424.8894
627.0319 428.0694
628.9819 431.4894
634.3519 437.5994
636.4919 442.5094
636.4919 442.5094
562.1419 427.7794
457.5819 416.3794

Ḩajjah
164
 87.2819 289.2794
 88.4419 289.3594
 88.4419 289.3594
 89.1919 288.5494
 91.1619 288.3794
 91.1619 288.3794
 92.8119 287.2294
 95.6119 286.8994
 99.5619 288.5494
 99.5619 288.5494
101.0519 289.0394
103.0219 289.3694
105.4919 288.5494
108.1319 288.0494
108.1319 288.0494
108.4319 275.7794
108.4319 275.7794
107.4419 274.4594
107.4419 274.4594
106.2819 272.8194
107.4419 269.3594
107.4419 266.8894
107.4419 266.8894
107.1119 263.9194
108.7619 262.5994
108.7619 262.5994
110.5719 260.9594
110.2419 255.5194
111.5619 253.7094
112.3819 252.0594
114.1919 249.5894
114.1919 249.5894
113.3719 247.9394
113.3719 247.9394
111.8919 247.4494
110.9019 245.9694
111.5619 244.1494
113.2019 244.8094
114.5219 247.1194
116.5019 248.1094
118.3119 246.7894
119.3019 244.4794
118.8019 242.1794
119.3019 241.0194
119.1319 239.7094
120.1219 238.7194
120.6219 236.5794
120.6219 236.5794
119.1319 236.7394
119.1319 236.7394
119.3019 232.1294
121.6019 232.1294
121.6019 232.1294
121.7719 230.3194
121.7719 230.3194
120.2919 229.6594
120.2919 226.0294
118.8019 225.7094
117.8219 226.8594
115.5119 226.5294
114.8519 224.3894
114.8519 224.3894
115.1819 222.4094
115.1819 222.4094
116.5019 221.9194
116.9919 220.5994
116.9919 220.5994
115.3419 219.9394
115.3419 219.9394
115.3419 218.6194
113.8619 218.1294
110.2419 218.6194
107.1119 219.4494
107.1119 219.4494
104.6419 219.1194
101.3419 218.9494
 98.2119 217.7994
 94.7519 217.6294
 93.7619 216.8094
 90.5419 216.4794
 90.5419 216.4794
 89.3819 216.9694
 89.3819 222.5794
 88.0719 223.5594
 88.2319 225.0494
 89.5519 225.0494
 89.2219 228.8394
 88.2319 229.6594
 88.3919 231.6394
 90.5419 233.9394
 90.5419 239.8694
 89.0519 240.8594
 86.7519 240.6994
 81.3119 238.8794
 77.5219 236.9094
 75.0519 236.7394
 72.9119 236.0794
 70.1119 235.9194
 69.1219 236.7394
 67.1519 237.2394
 64.1819 239.5394
 62.3819 239.6094
 62.3819 239.6094
 62.5219 241.3994
 62.7319 241.7494
 62.6719 242.9694
 63.0719 244.1094
 63.0419 244.8594
 63.3119 245.7894
 63.0419 247.1494
 63.7319 248.6894
 63.8019 249.5794
 63.5719 250.1394
 63.6219 250.6594
 63.9219 251.1394
 63.8019 252.3194
 63.1819 253.2794
 63.4219 253.6994
 62.7419 256.3294
 62.9019 257.0394
 62.6419 258.3494
 63.0419 259.0294
 63.0519 259.3694
 62.9719 260.0794
 62.4019 260.9094
 61.6919 262.7294
 61.9319 263.6094
 61.8419 264.7594
 61.3919 265.7994
 61.1519 267.0494
 61.4119 268.3694
 61.3219 268.8894
 60.9819 269.4494
 60.7419 270.5494
 59.3419 271.5194
 58.8419 272.8394
 59.6719 273.8194
 62.1419 273.6594
 63.2919 272.8394
 68.1219 272.5894
 68.9619 273.2694
 71.1119 273.3394
 71.3319 275.1294
 70.3019 277.9194
 70.3619 278.2294
 71.9019 279.1594
 72.7219 280.0994
 73.3819 280.3894
 74.6519 280.4294
 77.1919 281.3694
 79.1219 281.6794
 79.8119 282.1194
 81.3619 282.4794
 81.6419 282.9394
 81.2719 284.3894
 82.3119 287.1094
 82.4719 288.4694
 83.1319 289.3394
 83.1319 289.6094
 82.3719 290.5794
 82.3419 290.9694
 83.5319 291.2794
 83.8519 290.8794
 85.4319 290.0494

Al_Ḩudaydah
47
 60.3419 105.5094
 60.5719 105.3594
 60.7619 104.7094
 60.6219 104.4094
 60.1519 104.1294
 60.0319 102.9794
 60.2619 102.3394
 59.7419 102.4594
 59.4619 102.1894
 59.4419 101.8394
 58.8919 101.6994
 58.9619 101.3794
 58.7419 100.7594
 57.7019  98.9894
 57.3919  98.8294
 56.5919  99.0194
 56.0419  98.8394
 55.8319  98.3794
 55.4819  98.3294
 55.2619  97.9194
 55.0019  97.8794
 55.0419  97.2094
 54.9219  97.4594
 54.7119  97.4794
 53.8519  97.0394
 53.4419  97.4094
 53.2819  98.3494
 53.4219  98.5394
 53.8219  98.6094
 53.8919  98.8594
 54.3419  98.6994
 54.4319  98.9094
 54.2619  99.2494
 54.4219  99.5694
 55.5319 100.1894
 55.6919 100.7694
 55.5919 101.5494
 55.8219 102.3094
 56.4119 103.0694
 57.3419 103.3194
 57.6719 103.9694
 58.2819 104.1294
 58.8519 104.5694
 59.6619 104.5894
 59.9019 104.7994
 59.8619 105.1194
 60.2919 105.2794

Al_Ḩudaydah
9
 62.0519 111.6394
 62.2619 111.5694
 62.2419 111.4094
 61.2619 109.5894
 60.1019 109.1294
 60.1019 109.6594
 59.8919 109.9094
 60.4119 110.7794
 61.2119 111.5394

Al_Ḩudaydah
52
 59.2219 124.0194
 59.5519 123.2594
 60.7819 122.1794
 60.8719 121.3294
 61.2919 121.2794
 60.8619 120.6994
 60.9619 118.6994
 60.3419 117.7294
 60.3219 116.5394
 60.5519 116.1894
 60.6219 115.4594
 60.0519 114.8694
 60.0719 114.6594
 60.3319 114.6194
 60.5419 114.0894
 60.8519 113.8794
 60.1819 113.3494
 59.5819 113.5994
 59.8619 114.5394
 59.3219 114.5794
 58.6819 114.1494
 58.8919 113.7094
 58.5419 113.4794
 58.2819 113.7494
 58.4219 115.0994
 59.2519 115.9894
 59.1619 116.2694
 58.8019 116.4494
 57.8019 116.2894
 57.1419 116.4294
 56.8819 117.1094
 56.3619 116.9394
 56.2119 117.0394
 56.3019 117.7694
 56.1319 118.0894
 55.0819 118.6694
 54.4919 118.5794
 54.5219 119.5494
 53.8619 119.6594
 54.1019 120.0494
 54.7419 120.5094
 55.1219 121.2494
 55.3319 120.9694
 55.6419 121.0794
 56.1219 122.0194
 55.8419 122.0194
 55.4919 121.4194
 55.7219 122.0594
 57.3819 123.2294
 57.8319 123.1794
 58.4019 123.7494
 58.9219 123.7094

Al_Ḩudaydah
15
 68.1619 159.7794
 68.3219 159.6894
 68.1319 159.3894
 68.2919 159.1094
 69.0019 159.2494
 68.9119 158.5594
 69.2419 158.1894
 70.5519 158.5094
 70.4519 158.2594
 69.7219 157.9594
 69.5719 157.6594
 69.1419 157.8494
 68.2819 158.4694
 67.7819 159.1794
 67.8819 159.7494

Al_Ḩudaydah
10
 21.6519 185.3094
 22.2419 184.8994
 22.1919 184.2094
 21.9119 184.1194
 21.9619 183.8694
 21.6019 183.9194
 21.5819 184.3594
 21.3019 184.2494
 21.0919 184.5894
 21.2319 185.0894

Al_Ḩudaydah
19
 22.8119 188.4094
 23.3819 188.2494
 23.8319 187.6594
 23.6619 187.3194
 23.8219 187.2694
 23.7219 186.8794
 24.0119 186.3094
 23.8519 185.8794
 22.9519 185.0594
 22.7119 185.0794
 22.6819 185.4394
 22.3019 185.7194
 22.1119 186.6094
 21.7619 187.1994
 21.9019 187.3994
 21.7619 187.5794
 21.9519 187.5094
 22.3719 187.7594
 22.4219 188.1694

Al_Ḩudaydah
56
 51.1219 212.6494
 51.6219 212.5394
 51.4819 212.1494
 52.1919 211.5594
 52.1719 210.8494
 51.4319 211.2894
 51.2719 210.9294
 50.8019 210.6794
 50.3019 211.1994
 50.0119 211.2694
 49.9919 210.9694
 49.6619 210.8394
 49.0619 210.0394
 49.4919 210.0794
 50.2719 210.5394
 50.3619 210.0594
 49.8119 209.7794
 50.2319 209.1694
 49.7319 208.9594
 49.3019 209.0694
 47.7319 208.8194
 47.7519 208.5894
 48.2719 208.5394
 48.5019 208.1294
 48.9719 208.1294
 50.9619 209.1494
 51.6519 209.1694
 51.1819 207.6194
 50.9019 207.3494
 50.7619 206.6894
 50.1919 205.7294
 50.4519 204.9994
 49.9519 205.0194
 50.0019 204.7194
 50.3119 204.6994
 50.5219 203.9994
 50.3019 202.7194
 49.9519 202.0194
 49.1419 201.2694
 48.7319 200.1994
 47.8119 200.1094
 47.2619 200.3194
 45.8919 201.4994
 45.2219 202.5194
 45.1519 203.3594
 46.3819 203.3794
 47.0219 204.9994
 46.9819 205.7694
 46.4819 206.8394
 46.5319 207.7994
 46.2919 208.2294
 48.4019 210.7394
 49.1819 211.0194
 48.8319 211.6294
 49.6619 211.8294
 50.8419 212.6894

Al_Ḩudaydah
17
 43.1719 215.7594
 44.0419 215.3694
 44.8519 215.4594
 44.9719 215.3194
 43.7819 213.8594
 43.0019 213.9694
 42.9019 214.1994
 43.0619 214.6794
 43.7019 214.6394
 43.7419 215.1694
 42.7719 215.1494
 42.9119 214.9394
 42.7919 214.6594
 42.5819 214.7094
 42.0819 214.4094
 41.8219 214.8594
 42.0819 215.3594

Al_Ḩudaydah
15
 34.7319 217.5794
 35.4419 217.2994
 35.4219 217.0894
 35.0919 216.8894
 35.3519 215.3694
 35.7819 214.8894
 37.3719 213.7994
 37.4219 213.4794
 37.2619 213.3394
 36.2219 213.9094
 35.3219 214.8394
 35.2219 215.5894
 34.8719 215.9794
 34.7219 216.7994
 34.1019 217.3694

Al_Ḩudaydah
8
  1.8719 219.0894
  2.2019 219.0194
  2.5419 218.6294
  2.4719 217.5094
  0.8319 216.8494
  0.3619 217.2394
  0.2619 217.9494
  0.9019 218.8094

Al_Ḩudaydah
8
 46.5919 220.3794
 46.6419 219.9894
 46.2919 219.4194
 45.9619 219.1694
 45.1519 219.1194
 45.1519 219.6394
 45.3219 219.7994
 45.8019 219.8494

Al_Ḩudaydah
14
 49.1519 225.1094
 49.5519 224.8594
 49.8319 224.3094
 51.6119 223.6994
 51.6119 223.4894
 51.4019 223.3294
 50.1719 223.5594
 49.6519 223.0394
 49.0619 223.0794
 48.8219 223.4194
 48.8219 224.1294
 48.2019 224.5794
 48.1819 224.7794
 48.3019 224.9894

Al_Ḩudaydah
6
 46.6819 228.8594
 47.1319 228.7894
 47.2219 228.5394
 46.9419 228.3294
 45.4019 228.4494
 45.5619 228.7694

Al_Ḩudaydah
8
 30.1319 229.1594
 30.3919 229.0294
 30.4419 227.7794
 30.9419 225.5294
 30.1519 226.1494
 29.8919 227.1994
 29.4119 227.3094
 29.6419 228.9194

Al_Ḩudaydah
6
 42.9419 230.4394
 43.2719 230.1894
 43.2219 229.6694
 43.0519 229.4894
 42.4119 229.5594
 42.4819 230.0194

Al_Ḩudaydah
23
 36.0619 231.2994
 37.1019 230.4194
 38.2619 229.9194
 38.8019 229.8794
 39.1519 229.5194
 39.9119 229.6594
 40.0319 229.3894
 40.3819 229.2294
 41.9419 229.2694
 41.7919 228.7294
 41.9819 228.4994
 41.8419 228.5394
 41.7919 228.2194
 40.4119 228.0594
 37.5219 228.6794
 36.1719 228.4494
 35.7719 228.1994
 35.3219 229.2194
 35.7419 229.8794
 35.4519 230.2194
 35.5419 230.4194
 35.3219 230.8294
 35.5119 231.1894

Al_Ḩudaydah
7
 50.8419 232.7494
 50.9119 232.4094
 50.3919 231.0694
 49.5819 230.3694
 49.1719 230.4894
 49.2719 231.2194
 49.8119 232.2894

Al_Ḩudaydah
411
 62.3819 239.6094
 64.1819 239.5394
 67.1519 237.2294
 69.1319 236.7394
 70.1219 235.9194
 72.9219 236.0794
 75.0619 236.7394
 77.5319 236.8994
 81.3219 238.8794
 86.7619 240.6894
 89.0719 240.8494
 90.5519 239.8594
 90.5519 233.9294
 88.4119 231.6194
 88.2519 229.6394
 89.2419 228.8194
 89.5719 225.0294
 88.2319 225.0294
 88.0719 223.5494
 89.3919 222.5594
 89.3919 216.9594
 90.5419 216.4694
 90.5419 216.4694
 90.3819 214.1594
 91.3719 213.1694
 91.3719 213.1694
 92.1919 211.6894
 90.2119 210.3694
 90.2119 210.3694
 90.7019 204.4394
 91.8519 203.4494
 92.8419 201.6394
 95.1519 199.4994
 99.7619 196.3694
101.2419 194.3894
101.2419 194.3894
101.4119 192.0794
102.2319 190.9294
103.3819 189.9394
105.1919 188.9494
105.1919 188.9494
106.6719 188.1294
106.6719 188.1294
107.0719 187.9994
106.6719 187.0594
106.8419 185.4094
106.8419 185.4094
108.8219 184.5894
111.2919 184.0994
111.2919 184.0994
114.2619 184.0994
115.9119 182.4494
115.9119 182.4494
114.4319 180.6394
114.4319 180.6394
114.2419 179.9694
114.1019 179.9794
114.1019 179.9794
109.3219 180.1394
108.5019 177.6694
106.8519 176.0194
104.5419 175.5294
102.8919 171.2494
104.0419 169.9294
104.5319 167.6194
105.3519 166.4694
103.5419 164.1594
103.2119 159.2194
105.3519 157.2394
105.3519 157.2394
106.0119 154.2694
107.0019 151.7994
107.0019 151.7994
107.6619 148.8294
107.6619 148.8294
108.4819 147.3494
108.3219 145.6994
107.1719 145.2094
107.1719 145.2094
107.1719 143.7294
107.1719 143.7294
105.0319 143.7294
103.2219 143.3994
103.2219 143.3994
103.2219 141.5894
104.7019 139.2794
106.8419 135.3294
107.9919 134.1794
107.9919 134.1794
107.3319 132.3694
105.5219 131.3794
106.0219 128.9094
108.1619 127.5894
108.1619 127.5894
111.4519 127.4294
115.2419 123.4794
117.8819 123.4794
119.6919 124.6294
119.6919 124.6294
121.0319 125.8194
121.3419 123.9694
121.3419 123.9694
122.6619 123.3094
122.6619 123.3094
121.0119 121.8294
119.3619 121.1694
119.3619 121.1694
119.6919 118.6994
118.5419 116.8894
115.5819 119.3594
114.5919 118.0394
114.9219 116.3894
114.9219 116.3894
116.0719 115.0694
117.0619 113.5894
117.0619 113.5894
114.4719 113.4694
114.4719 113.4694
114.4319 113.5894
114.4319 113.5894
112.6219 113.5894
110.4819 112.2694
108.0119 112.7594
104.3919 111.9394
104.3919 111.9394
103.7319 108.9694
103.5719 107.1594
103.5719 107.1594
104.0619 105.6794
101.1019 105.3494
100.1119 101.8894
 98.7919 100.7394
 96.9819 100.4094
 96.9819 100.4094
 95.0019  99.2594
 93.1919  98.5994
 93.1919  98.5994
 91.9419  98.1794
 91.9419  98.1794
 91.7319 100.1494
 88.5119 108.0594
 88.3219 109.8794
 88.7219 111.1694
 88.6519 111.7394
 87.8719 112.6794
 86.5219 113.3494
 86.5719 114.1294
 85.9019 115.0994
 84.0219 116.3894
 83.8819 117.4294
 83.1419 118.4894
 83.1219 119.9194
 81.7719 121.4294
 81.6719 122.0694
 81.1219 122.8994
 80.1719 123.4794
 80.6919 124.0994
 80.8319 124.9694
 79.5819 127.3294
 79.6519 128.4094
 78.8419 130.9294
 78.7719 132.3994
 78.2319 134.5494
 77.6119 135.3594
 76.3819 138.2294
 76.1219 140.4994
 75.5019 142.1994
 73.9119 144.7194
 73.7919 146.0894
 73.4119 147.5994
 73.1019 148.0394
 73.0819 148.9994
 72.3919 150.1194
 71.8419 152.9194
 70.5619 153.8394
 70.4019 155.0094
 70.5919 155.5394
 71.0719 155.2194
 70.9119 154.2094
 71.1019 153.6394
 72.2119 153.3194
 72.0419 153.0894
 72.5819 150.5994
 73.4619 150.5694
 73.3919 149.9094
 73.7019 149.4294
 74.1019 149.3794
 74.7219 147.2494
 75.1719 147.2294
 75.2219 148.8594
 74.1519 149.6894
 73.9119 149.5794
 73.7519 149.7694
 74.1019 149.9294
 74.6919 149.8594
 75.0019 150.3694
 74.9619 150.5994
 74.1819 151.1094
 74.5819 151.6094
 74.4819 152.5694
 74.8619 153.0994
 74.9119 153.8494
 74.7219 154.1894
 74.3719 154.2594
 74.2019 154.7694
 73.4219 154.9294
 73.2819 155.1394
 73.3119 155.3294
 73.8819 155.2194
 74.1719 155.6594
 72.9619 159.3394
 73.0519 161.5594
 71.9119 162.4994
 72.0119 163.3194
 70.8919 165.0794
 70.7319 166.8194
 71.0819 167.8294
 70.8919 168.9494
 70.3719 170.1394
 69.1419 171.0994
 68.9919 171.8994
 68.7319 172.2194
 66.7219 173.8694
 66.4619 175.1894
 65.8919 176.7194
 65.9819 177.7494
 66.3119 178.2994
 66.7819 178.0294
 66.5719 177.5094
 67.1119 176.9094
 67.5619 176.9594
 67.8419 176.6894
 67.0119 176.4894
 66.9219 176.0994
 66.8819 175.0494
 67.2319 174.6394
 67.4419 173.5194
 67.6319 173.4094
 67.9219 173.3594
 68.2819 174.2794
 67.8519 174.9894
 68.6519 174.9394
 69.3119 175.2994
 69.4019 174.9994
 68.8319 174.7494
 68.6419 174.0894
 69.3119 172.7694
 69.7319 172.4294
 69.4519 171.2894
 69.9219 171.1594
 70.0919 171.2994
 70.1819 172.6894
 70.0419 172.8894
 70.4619 173.3294
 70.4819 174.0894
 70.1319 174.7994
 69.6119 175.2294
 69.9619 175.5094
 70.4819 175.1494
 70.3819 174.7394
 70.6419 174.4394
 71.0219 174.9694
 70.5719 176.1094
 70.5219 177.9094
 69.4819 181.0594
 68.8119 182.0894
 67.5319 183.1694
 66.9319 183.2894
 66.6019 183.6094
 66.3819 184.1994
 65.9619 184.5394
 66.1019 185.4794
 65.7219 185.8694
 65.7019 187.9894
 65.4419 188.4194
 65.8019 188.9194
 66.0819 190.3594
 64.9719 192.4394
 64.2419 193.1294
 60.4019 195.2494
 56.7219 196.4794
 53.9719 197.0294
 53.3319 196.5294
 53.2619 196.0494
 53.4519 195.5294
 53.0219 194.7794
 52.2819 194.6394
 51.5419 194.7794
 51.0719 194.8894
 50.5919 195.2594
 50.3519 196.2194
 49.0019 197.7494
 49.1919 198.9194
 49.6419 199.4194
 50.8019 198.7994
 51.0419 198.2794
 51.5819 198.1694
 53.4119 198.1694
 54.1219 198.8594
 54.0819 199.6294
 54.4119 199.8594
 54.6919 200.7094
 53.5319 202.3694
 53.4619 203.2994
 54.3419 203.7794
 54.7919 204.4894
 54.7919 205.9994
 54.9619 206.3594
 55.3119 206.5694
 55.6919 206.4294
 55.7619 205.6594
 55.0919 204.4294
 54.7419 202.9694
 54.9319 202.6694
 55.8119 203.0794
 56.6119 203.0994
 56.6319 202.4594
 57.2519 201.9194
 57.0419 201.0994
 57.4619 200.6394
 58.0319 200.9094
 58.3619 200.8394
 58.4319 200.4794
 58.8319 200.8494
 59.1819 200.8694
 59.3019 200.5094
 59.6819 200.2094
 59.4219 199.2494
 59.5919 198.3194
 59.8719 198.1394
 60.6119 198.4094
 60.5419 198.7994
 62.1719 200.8094
 62.1519 201.4994
 61.1119 202.5994
 60.5719 202.7894
 60.0319 202.7394
 60.6819 203.5094
 60.8919 203.9394
 61.2019 205.8594
 61.1619 206.4294
 60.3819 206.4494
 60.1219 206.8194
 60.1219 207.1894
 60.4119 207.3494
 60.3619 208.3094
 59.7019 209.3594
 59.6119 209.9794
 59.0219 210.2794
 59.6919 211.2394
 59.8519 211.9894
 59.7119 212.4494
 59.9519 212.9694
 59.1219 213.9294
 59.2119 214.6594
 58.7819 215.1794
 58.5619 216.2494
 58.0119 217.4594
 56.8519 218.1194
 56.0519 218.0494
 55.7719 218.1894
 55.1119 219.0294
 54.9919 219.5594
 55.7519 219.6294
 56.2419 221.0194
 56.7419 221.4294
 56.6019 222.1394
 55.6019 222.7794
 55.6019 223.6694
 54.8619 224.3094
 55.3419 224.9494
 55.1519 225.4094
 55.2219 225.9594
 55.7919 226.8894
 55.7419 227.7494
 55.5719 227.9294
 54.7219 227.8194
 54.0519 227.0194
 53.7719 227.7694
 53.8419 227.8894
 54.1719 227.7794
 54.0719 228.3294
 54.2119 229.1494
 53.8819 229.1994
 54.3819 229.9094
 54.5519 229.6994
 54.6519 230.2894
 55.1019 230.3394
 55.7719 229.8194
 55.9319 230.1594
 55.4119 230.2494
 55.2019 230.7694
 56.1719 230.6094
 56.4819 230.9794
 57.6619 231.6894
 57.9719 232.8994
 57.6819 233.4694
 58.0319 233.5394
 58.2719 233.9494
 58.6519 233.8094
 58.9419 233.8994
 59.2019 234.6094
 59.1619 234.9094
 58.9919 234.9094
 59.0119 235.2694
 59.4119 235.2194
 60.1519 235.7194
 60.2419 236.0394
 60.0919 236.4094
 60.3219 236.9994
 62.2419 239.0894

Ibb
122
174.4819 138.8894
175.6319 138.2394
175.4719 135.9294
174.1519 135.7694
174.4819 131.9794
178.4319 130.8194
178.4319 130.8194
178.5219 130.8194
178.5219 130.8194
178.6019 128.8494
176.7919 127.5294
175.1419 128.0194
173.6619 127.8594
173.4919 124.8894
171.6819 124.2394
170.5319 122.4194
171.6819 120.7794
173.9919 120.1194
172.5019 118.6294
168.8819 118.6294
166.2419 117.6494
164.6019 116.3294
165.2619 113.8594
162.9519 111.2194
161.8019 109.2394
159.6619 107.5994
159.3319 105.4594
159.3319 105.4594
160.3319 103.9594
160.3319 103.9594
159.0619 102.2394
157.5819 100.7594
156.1019  99.9394
154.1219 100.4294
152.6419 101.9094
151.8119 103.0694
150.3319 102.2394
149.1819 100.7594
147.3719 100.7594
147.3719 103.0694
144.0719 102.7394
141.2719 104.8794
140.4519 103.3994
137.9819 105.0394
135.5119 105.6994
133.6919 105.5394
130.7319 105.6994
130.8919 107.1894
132.2119 108.3394
133.0319 109.4894
131.7219 110.8094
130.0719 110.3194
129.7419 108.9994
128.0919 107.5094
127.2719 108.9994
127.9319 110.4794
127.9319 112.1294
125.6219 111.9594
122.9919 109.6594
121.6719 111.4694
120.5219 110.9694
120.3519 108.9994
118.0519 109.4894
115.2519 109.8194
115.0819 111.6294
115.0819 111.6294
114.4619 113.4894
114.4619 113.4894
117.0619 113.6094
117.0619 113.6094
116.0719 115.0894
114.9219 116.4094
114.9219 116.4094
114.5919 118.0594
115.5719 119.3694
118.5419 116.8994
119.6919 118.7194
119.3619 121.1894
119.3619 121.1894
121.0119 121.8494
122.6619 123.3294
122.6619 123.3294
121.3419 123.9894
121.3419 123.9894
121.0119 125.9594
121.0119 125.9594
122.1619 127.1194
123.3219 131.2394
123.3219 133.8694
125.6219 133.8694
125.4619 131.2394
126.9419 131.5594
130.4019 133.8694
132.7119 136.5094
131.8819 138.1494
131.5519 139.7994
130.4019 140.2994
131.0619 141.6094
132.5419 141.4494
133.8619 143.0994
135.5119 143.4294
137.4819 145.5694
138.1419 147.2094
139.9519 149.3594
141.4419 149.3594
141.4419 142.5994
143.7419 142.5994
144.2419 143.9194
147.3719 144.0794
148.5219 148.6994
150.3319 148.1994
151.3219 147.0494
152.6419 146.0594
153.9619 144.0794
155.9319 143.4294
157.9119 143.4294
159.5619 142.7694
161.2019 141.7794
164.0019 141.7794
164.8319 139.7994
165.6519 138.9794
169.6019 138.8094

Al_Jawf
67
313.0119 258.2594
301.5819 257.2494
277.0419 253.4594
277.0419 253.4594
265.5119 251.9794
254.6419 249.8394
247.5519 248.0294
247.5519 248.0294
242.7819 246.3794
239.1519 243.5794
236.3519 240.7794
234.3719 236.9894
232.7319 234.6794
227.9519 232.8694
214.4419 232.8694
214.4419 232.8694
190.0619 249.6694
174.5819 249.6694
173.2619 248.8494
173.2619 248.8494
169.3119 249.0094
166.6719 249.8394
163.0519 249.9994
163.0519 249.9994
160.9119 249.6694
158.6019 251.6494
158.6019 251.6494
158.6019 255.1094
156.2919 255.7694
156.2919 255.7694
154.6519 257.5794
153.9919 261.0394
155.3119 263.0194
155.9719 268.2894
153.1619 268.2894
153.1619 268.2894
153.3319 276.1894
154.4819 277.1794
154.1519 281.6294
154.1519 281.6294
150.0319 285.4194
148.8819 288.3794
148.8819 288.3794
147.4019 289.5394
145.5919 288.5494
143.9419 289.3694
140.4819 290.0294
140.4819 290.0294
142.1319 292.9994
145.4219 294.3094
160.0819 308.6394
166.3419 312.9294
170.4619 315.0694
175.2419 315.8894
192.8619 315.8894
192.7319 340.4394
212.8619 340.4394
224.1619 333.1594
235.4519 332.3994
250.7719 329.8894
266.5819 328.1294
275.8719 327.3794
289.9319 327.3794
309.2619 330.1394
324.0419 310.1994
324.0419 310.1994
324.0719 270.7594

Laḩij
194
106.1719  35.8294
106.6119  38.5794
107.9319  40.3894
111.2319  45.8194
112.7119  49.6094
114.1919  51.9194
116.1719  52.0794
117.4919  53.5694
117.1619  58.9994
117.4919  60.4894
120.4519  59.9894
122.4319  60.4894
123.0919  61.9694
124.7319  62.4594
125.8919  63.4494
127.2019  63.4494
129.0219  61.9694
132.6419  61.3094
134.2919  59.4994
135.2819  60.3194
135.1119  62.7894
136.4319  63.6194
137.5819  62.9594
138.4119  61.4694
141.5319  61.6394
141.7019  65.4294
146.6419  65.2594
145.4919  66.5794
144.6719  68.3894
146.1519  68.5594
146.1519  71.3594
147.4719  71.5194
148.4519  69.0494
153.0719  69.5494
154.7119  68.8894
155.8719  70.1994
157.6819  71.0294
157.6819  72.9994
156.3619  74.6494
157.3519  77.1194
156.0319  78.2794
156.3619  79.5894
158.3419  80.4194
160.1519  79.9194
162.2919  79.9194
162.6219  81.5694
160.9719  82.2294
159.1619  82.5594
157.3519  83.2194
157.1819  85.1894
158.5019  86.0194
159.9819  86.5094
161.4719  86.6794
162.2919  87.6694
163.7719  88.4894
165.5919  89.1494
167.2319  90.9594
169.0419  92.2794
169.0419  92.2794
171.1919  91.6194
172.5019  90.2994
174.6519  91.9494
176.4619  90.6294
178.4319  91.2894
181.0719  91.6194
182.7219  92.6094
183.3819  93.7594
185.0219  93.7594
185.6819  92.6094
188.8119  92.6094
187.9919  95.8994
186.0119 101.8294
188.8119 101.8294
190.6219 100.8394
192.4419 102.4894
195.0719 102.9894
197.5419 105.2894
201.0019 107.4294
204.3019 110.2294
206.4419 112.6994
208.4119 118.1194
208.4119 118.1194
208.4119 117.9694
208.4119 117.9694
211.0519 117.8094
211.5419 116.6594
213.8519 116.8194
215.3319 119.1294
217.1419 120.6094
219.1219 122.5894
221.1019 122.4194
222.2519 120.7794
222.4219 112.3794
222.4219 112.3794
218.4019 112.5394
218.4019 112.5394
217.7419 111.2194
218.2319 109.2394
219.5519 108.2594
219.8819 106.6094
218.0719 105.9494
215.1019 106.4394
213.7819 105.4594
213.4519 103.1494
214.6119 102.1594
214.7719  99.6894
212.4719  99.8594
210.4919  99.3594
209.3419  98.2094
210.6519  96.2294
213.1219  97.0494
214.9419  97.0494
216.0919  95.8994
215.2719  93.4294
213.6219  91.1194
211.4819  89.6394
209.8319  86.1794
212.4719  84.8594
214.6119  82.7194
215.9319  81.0794
215.2719  78.4394
213.6219  77.4494
211.3119  76.7894
210.3219  71.8494
207.5219  64.5994
205.2219  61.4694
202.7519  59.9894
202.4219  57.3594
203.5719  54.5594
205.0119  52.3994
205.0119  52.3994
204.3719  51.3694
204.3719  51.3694
199.2919  51.0994
193.8519  50.2694
191.8819  48.9494
188.5819  47.4694
183.3119  46.9794
171.1219  46.6494
165.3519  44.0094
163.3819  41.3794
161.5619  38.5794
160.9019  35.4294
160.9019  35.4294
158.2619  34.5094
154.2519  32.2394
152.9319  32.3094
152.0919  31.9594
151.1019  32.4494
150.2019  32.5394
147.8019  31.4994
146.6419  31.3994
145.9119  31.7794
145.1719  31.8494
144.6519  32.2794
144.7719  32.3494
145.2919  31.9794
146.2919  31.8694
146.5019  31.6794
147.4019  31.6094
148.1319  31.8194
148.1319  32.6094
147.8119  33.0494
146.0219  33.7694
144.5519  33.3894
142.0419  31.7794
140.9019  31.4894
139.4119  30.6894
135.6419  30.5894
134.5819  30.0194
132.9119  29.9694
131.7819  30.2394
131.0019  30.9394
131.0219  32.4394
130.5919  33.1794
126.6319  34.4594
123.7619  36.0994
123.0719  36.2394
122.1019  36.0294
121.3419  36.2794
120.4719  36.9994
119.9419  37.1894
118.9319  37.5094
117.8919  37.5994
116.8119  38.2694
114.7619  38.3494
114.4019  38.7394
113.7119  38.9494
113.3119  38.8594
111.5019  39.7794
110.5819  39.5294
109.5419  38.9394
106.7719  35.5694
106.5719  35.5294

Ma'rib
109
231.0919 166.2394
231.2419 163.9294
229.6019 160.1394
228.9419 157.5094
225.3119 157.5094
225.6419 159.4894
223.8319 160.4694
222.6819 158.6594
222.0219 156.1894
220.0419 156.0294
217.0819 157.9994
216.0919 156.6894
218.5619 154.8694
218.0719 153.3894
216.5819 153.5594
214.9419 155.0394
212.9619 155.1994
210.9819 153.5594
210.4919 151.4094
207.3619 152.3994
204.8919 154.2094
203.4119 158.6594
202.4219 165.4194
201.5919 172.6594
200.2819 172.6594
198.9619 171.8394
196.1619 171.8394
193.1919 170.5194
193.1919 170.5194
192.5319 172.4994
192.5319 172.4994
192.2019 175.1294
193.6919 176.6194
195.5019 179.7494
196.6519 183.6994
199.9519 187.6494
203.2419 190.6194
206.0419 198.6894
206.3719 202.6394
204.2319 202.9694
189.2419 210.5494
187.2619 211.0394
187.2619 204.7794
180.6719 205.1094
179.8519 213.0194
176.5619 210.7194
173.9219 209.3994
171.6119 210.2194
169.4719 211.6994
170.3019 214.1694
174.0919 214.4994
176.2319 215.3294
177.8719 216.4794
179.5219 218.1294
181.8319 219.2794
183.8019 219.6094
186.1119 220.4294
187.4319 222.5794
186.6019 224.3894
184.9619 225.0494
181.9919 225.8694
179.5219 231.9594
179.8519 234.4394
178.7019 240.0394
176.3919 244.9794
175.4019 246.2994
175.2419 247.9394
173.2619 248.8494
173.2619 248.8494
173.2619 248.8494
173.2619 248.8494
174.5819 249.6694
190.0619 249.6694
214.4419 232.8694
214.4419 232.8694
227.9519 232.8694
232.7319 234.6794
234.3719 236.9894
236.3519 240.7794
239.1519 243.5794
242.7819 246.3794
247.5519 248.0294
247.5519 248.0294
254.6419 249.8394
265.5119 251.9794
277.0419 253.4594
277.0419 253.4594
301.5819 257.2494
313.0119 258.2594
313.0119 258.2594
281.9719 223.2894
281.9719 223.2894
280.7319 221.9994
260.9619 209.8094
260.9619 209.8094
254.8719 205.0294
250.5819 202.2294
247.2919 200.4194
247.2919 200.4194
244.3219 199.2694
241.5219 194.9794
236.4219 191.3594
236.4219 191.3594
232.9619 186.7494
230.1619 181.8094
230.1619 181.8094
230.4919 176.2094
228.6819 172.0894
228.6819 172.0894

Al_Mahrah
194
559.7719 189.0494
558.5719 191.4694
557.3519 192.9394
556.1319 196.3594
554.4219 199.7794
552.4619 202.2194
551.0019 205.3994
547.3319 205.6394
546.3619 207.1094
544.4019 208.0894
540.9819 209.0594
536.3419 211.5094
530.7219 213.2194
525.5919 213.6994
525.3519 215.8994
527.3019 216.3894
527.0619 221.5194
522.9019 222.9894
520.4619 223.4794
518.9919 225.4294
519.2419 227.8694
521.4419 238.1294
522.1719 244.4894
524.1319 247.6594
526.0819 249.3694
527.0619 252.5494
525.5919 254.9894
523.6419 257.1894
520.9519 259.1394
522.4119 264.7594
524.6119 268.9094
526.0819 272.3294
525.8419 276.7294
528.7719 281.1294
526.5719 282.5894
526.3219 285.5294
528.0319 288.2094
530.2319 290.6594
533.9019 293.0994
539.2719 294.5594
544.1619 294.8094
547.5819 296.5194
550.2619 298.7194
552.2219 300.9194
552.4619 305.0694
556.6219 308.4894
561.5019 311.6594
566.6319 315.3294
570.7819 317.5294
574.9419 319.4794
577.8719 319.7294
578.6019 322.6594
579.5819 324.3694
582.0219 327.5394
585.4419 330.2294
588.3719 333.6494
589.1119 336.5794
591.0619 339.5094
594.2419 345.1294
598.3919 355.3894
601.5619 362.4794
603.0319 369.8094
604.9819 388.8594
606.2119 393.4994
608.4019 396.9194
610.3619 401.0694
613.7819 406.1994
615.9819 412.3094
618.4219 416.9494
620.6219 420.6194
624.0419 425.0094
626.9719 428.1894
628.9219 431.6094
634.3019 437.7194
636.4919 442.5094
636.4919 442.5094
661.0919 390.1594
661.3319 385.0694
684.8019 336.1894
682.3819 331.5994
687.2219 332.0794
688.6719 326.9994
705.6119 290.4594
701.7719 288.9194
699.0419 288.1994
694.7019 287.3494
692.6919 286.4394
686.8819 284.4294
686.6219 284.2194
686.6119 283.9094
684.8219 283.1394
683.9319 282.9794
680.1219 281.6694
679.8319 281.3494
678.4119 280.6294
670.5719 278.0294
665.1819 275.8394
662.5319 274.4094
660.2319 272.7994
657.5319 270.5094
654.4919 267.1194
649.0219 260.1694
647.8519 257.3594
647.1219 256.0794
646.9819 253.7894
646.5019 252.1594
646.0019 251.7094
644.6519 248.2594
643.8919 247.0294
643.5319 245.7194
643.7819 243.5794
644.1819 243.3294
644.4619 242.7894
645.0819 242.5594
644.8019 241.6794
644.5819 241.5194
644.3619 238.2694
645.3219 237.4594
646.0219 237.2494
647.0019 235.8394
646.3619 236.0894
646.2119 235.7294
646.8519 234.7094
646.5319 233.9294
646.9819 233.6394
647.0019 233.4394
646.5319 233.3694
646.1919 232.9394
646.1019 232.0494
646.4519 230.9394
646.5919 229.6394
648.4219 223.9494
647.4719 223.3794
646.5919 222.4494
644.6819 222.0694
634.1219 218.3394
631.0719 217.1794
630.4019 216.6094
626.1819 214.8994
625.3819 214.2094
624.8619 213.4694
625.3119 213.1394
625.0019 212.6694
625.0519 212.4194
625.6619 211.8894
625.0419 211.9394
624.7919 211.6894
623.8119 212.5794
623.2419 212.8694
618.9719 211.6394
614.5919 209.8494
612.2919 208.4094
611.7419 206.9794
611.8419 206.0794
613.1419 205.6294
613.4819 205.1794
613.2119 204.8594
612.0719 204.8494
611.2919 204.3994
609.7519 204.4394
609.6119 204.6994
607.9519 204.4894
605.6819 203.8294
601.7819 202.2994
601.4519 201.8194
600.5719 201.3194
600.5019 200.8494
600.1019 201.0994
599.7719 200.9394
599.7419 200.7094
599.3019 200.8194
598.2319 200.2494
598.3019 199.6094
597.4019 199.9494
595.4119 199.1294
595.1219 198.9494
595.1019 198.2894
593.7919 198.2194
593.4119 198.5394
593.1519 198.5394
592.7719 198.2394
592.3219 198.2694
590.6619 197.7394
586.3319 195.7794
584.9819 195.5994
581.2019 194.2594
580.4019 194.2094
580.3319 195.0694
580.1919 194.3894
579.7819 193.9294
573.6419 192.7994
566.8619 190.8094
565.6019 190.6494
560.7019 189.0294

Al_Maḩwīt
64
131.7219 217.3894
132.5419 215.5694
130.0719 214.2594
130.7319 212.6094
132.0519 212.2794
132.0519 210.7994
130.5619 210.4694
129.5819 209.6394
128.7519 207.9994
125.1319 207.9994
124.3019 206.0194
122.0019 203.8794
119.2019 202.0694
115.4119 201.2394
113.9319 199.0994
110.9619 198.7694
109.6419 197.2894
109.1519 193.9994
110.3019 193.1694
110.1419 191.8494
109.6419 190.3694
107.6719 189.3794
107.6719 189.3794
107.0819 188.0094
106.6819 188.1494
106.6819 188.1494
105.2019 188.9694
105.2019 188.9694
103.3919 189.9594
102.2319 190.9494
101.4119 192.0994
101.2419 194.4094
101.2419 194.4094
 99.7619 196.3794
 95.1519 199.5094
 92.8419 201.6594
 91.8519 203.4694
 90.7019 204.4594
 90.2119 210.3894
 90.2119 210.3894
 92.1819 211.6994
 91.3619 213.1894
 91.3619 213.1894
 90.3719 214.1694
 90.5419 216.4794
 90.5419 216.4794
 93.7619 216.8094
 94.7519 217.6294
 98.2119 217.7994
101.3419 218.9494
104.6419 219.1194
107.1119 219.4494
107.1119 219.4494
110.2419 218.6194
113.8619 218.1294
116.3319 218.9494
116.3319 218.9494
118.3119 218.9494
119.7919 217.6294
121.2719 218.4594
123.0919 218.6194
123.5819 220.9294
124.9019 221.0894
125.7219 219.7794

Raymah
54
114.2319 179.9894
114.0919 179.4994
114.0919 179.4994
116.7319 175.2194
118.7019 174.2294
118.7019 174.2294
121.1519 173.7994
121.1519 173.7994
121.5019 171.5894
124.8019 168.4594
128.5919 165.6594
130.7319 163.6894
130.2419 160.5594
132.3819 157.9194
132.0519 156.2694
130.5619 154.9594
127.4319 151.6594
124.4719 150.1794
122.4919 148.6994
119.2019 148.5294
118.5419 149.8494
114.7519 149.3594
114.2619 147.5394
113.1019 146.0594
111.6219 145.3994
109.8119 144.0794
108.9919 142.4394
107.5019 142.4394
107.3419 143.7494
107.3419 143.7494
107.1719 143.7494
107.1719 143.7494
107.1719 145.2394
107.1719 145.2394
108.3319 145.7294
108.4919 147.3794
107.6719 148.8594
107.6719 148.8594
107.0119 151.8294
107.0119 151.8294
106.0219 154.2994
105.3619 157.2594
105.3619 157.2594
103.2219 159.2394
103.5519 164.1794
105.3619 166.4894
104.5419 167.6394
104.0419 169.9494
102.8919 171.2594
104.5419 175.5494
106.8419 176.0394
108.4919 177.6894
109.3219 180.1594
114.0919 179.9894

Amanat_Al_Asimah
31
161.7019 220.5194
162.6919 218.6994
162.6919 218.6994
161.3719 218.5394
159.5619 219.5294
158.7319 218.0494
155.6019 217.7194
155.1119 215.4094
153.6319 213.7594
151.4819 211.9494
151.8119 209.3194
153.3019 207.3394
153.3019 205.1994
151.8119 202.7294
148.5219 202.7294
147.8619 206.0194
146.3819 206.1894
146.0519 208.3294
147.5319 210.6294
146.2119 212.1194
144.2419 212.7694
145.2319 214.7494
147.7019 214.7494
149.1819 215.8994
150.1719 219.1994
151.4819 220.8494
153.4619 221.0094
153.9619 222.8194
155.7719 222.8194
157.5819 224.1394
160.5419 222.4894

Şā‘dah
144
140.5019 290.0694
135.8019 289.8694
133.0019 290.5194
130.2019 290.8494
130.2019 290.8494
126.7419 291.1794
124.6019 292.4994
122.7919 292.8294
122.7919 292.8294
120.1519 292.1694
119.0019 291.0194
117.0219 290.0294
111.7519 289.5394
109.4519 288.7094
109.4519 288.7094
108.1319 288.0494
108.1319 288.0494
105.4919 288.5494
103.0219 289.3694
101.0519 289.0394
 99.5619 288.5494
 99.5619 288.5494
 95.6119 286.8994
 92.8119 287.2294
 91.1619 288.3794
 91.1619 288.3794
 89.1919 288.5494
 88.4419 289.3594
 88.4419 289.3594
 88.7919 289.5494
 88.8519 289.9494
 88.7419 290.8994
 88.1819 291.4494
 88.4119 292.4594
 87.8819 293.8094
 87.9019 294.2394
 88.5519 294.6994
 88.6419 295.1594
 88.4819 295.7094
 90.2019 295.3494
 91.0719 295.9094
 90.7119 297.1894
 90.2119 297.4594
 90.6319 298.3994
 90.6019 299.7394
 89.7519 299.7494
 88.7719 300.5994
 88.1719 302.0994
 87.4219 302.4494
 85.3719 302.7194
 84.0719 304.5594
 83.2719 305.1994
 82.8319 307.2294
 83.5619 307.6194
 84.4319 307.6994
 85.5419 308.4994
 85.1919 309.1094
 84.9419 311.4094
 85.0819 313.5694
 89.1919 313.0894
 90.1719 314.7394
 88.6919 317.6994
 85.7419 318.5694
 85.2819 318.5294
 83.9719 317.8394
 83.7519 319.7194
 83.9319 320.0694
 85.0519 320.6394
 85.2519 322.5694
 84.9819 322.9294
 84.9619 323.2594
 85.9819 323.5694
 86.2619 323.8494
 86.1319 324.2594
 86.2719 324.5894
 86.9119 324.9294
 87.7219 325.7394
 87.7419 326.2694
 86.9119 327.3994
 86.6719 328.1394
 86.9619 329.1094
 89.1719 329.8294
 89.7419 330.4194
 90.8419 330.5294
 91.7019 330.3894
 93.3019 331.4894
 94.0119 331.5894
 95.0219 331.4494
 95.0319 332.1494
 94.6119 332.8994
 94.1219 333.2594
 93.4419 333.3094
 93.1419 333.5194
 93.5319 334.0094
 93.5019 334.2894
 93.1419 334.6994
 91.7319 335.2994
 90.3319 336.3194
 90.1719 337.6394
 90.1719 340.5994
 92.4819 344.8794
 94.6219 346.6994
 97.5919 347.6794
100.8819 348.3394
103.8519 348.5094
106.1519 347.6794
108.6219 345.8694
111.5919 343.2394
114.0619 340.1094
117.5219 336.4794
117.8019 335.9594
118.7419 335.6894
120.0819 336.4794
122.0219 336.3594
123.1119 335.8494
123.0419 335.1894
123.2519 334.7394
123.8019 335.0594
124.3419 335.0594
125.0219 334.5894
126.0319 334.5894
126.8119 334.2194
127.3519 334.7094
127.7819 334.4794
129.7119 334.9994
131.6819 334.1794
134.4219 333.6994
136.8919 337.1794
140.0819 337.2894
142.2319 338.1294
144.1919 335.7394
145.6519 338.4594
160.6519 340.4394
166.4219 340.6894
171.1919 338.1794
174.7019 338.6794
177.2119 340.4394
192.7319 340.4394
192.8619 315.8894
175.2419 315.8894
170.4619 315.0694
166.3419 312.9294
160.0819 308.6394
145.4219 294.3094

Shabwah
202
334.8719  93.9094
334.7319  97.3794
334.7319  97.3794
335.7119 100.8394
334.7319 102.8194
334.7319 102.8194
334.0719 108.5894
333.5719 121.5194
333.5719 121.5194
331.2719 123.3294
328.4719 124.8094
328.4719 131.3994
326.6519 132.3894
324.1819 132.0594
323.3619 130.2494
323.3619 130.2494
322.2119 127.9394
321.2219 127.2794
320.2319 129.4194
314.6319 129.4194
311.1719 131.5594
308.0419 132.3894
303.7619 131.5594
299.3119 131.8894
299.3119 131.8894
297.8619 130.7394
297.8619 130.7394
297.0419 127.6094
293.4119 125.3094
293.4119 125.3094
290.4519 123.6594
288.9619 124.4794
286.4919 124.3194
286.4919 124.3194
283.2019 123.4894
279.2519 122.9994
279.2519 122.9994
279.4119 124.8094
281.0619 126.4594
281.7219 128.4394
283.0319 130.9094
282.5419 133.0494
280.4019 135.6794
278.9219 138.1494
275.6219 139.7994
271.8319 139.4694
271.8319 139.4694
269.8619 137.8194
267.5519 136.8394
265.0819 135.5194
265.0819 135.5194
260.8019 139.4694
259.1519 141.6094
257.5019 141.6094
255.5319 140.7894
251.7419 140.6194
251.7419 145.8994
251.7419 145.8994
250.4219 150.6694
246.7919 157.5894
240.0419 158.0894
240.0419 158.0894
239.5519 165.9894
239.5519 165.9894
228.3519 166.3194
228.6819 172.0894
228.6819 172.0894
230.4919 176.2094
230.1619 181.8094
230.1619 181.8094
232.9619 186.7494
236.4219 191.3594
236.4219 191.3594
241.5219 194.9794
244.3219 199.2694
247.2919 200.4194
247.2919 200.4194
250.5819 202.2294
254.8719 205.0294
260.9619 209.8094
260.9619 209.8094
280.7319 221.9994
281.9719 223.2894
281.9719 223.2894
319.4819 227.1394
341.6219 227.7894
364.4319 230.7194
378.7619 229.7494
370.6119 217.0394
370.6119 217.0394
362.1419 208.8994
362.1419 208.8994
360.5219 197.1694
357.9119 192.9394
357.9119 192.9394
361.1719 191.6394
365.0819 188.7094
365.0819 188.7094
364.7519 184.7994
362.8019 181.8694
359.5419 180.2394
354.0019 176.9794
350.7419 174.3694
352.3719 171.7694
355.3019 169.8094
360.1919 163.2994
359.8719 158.4094
362.4719 158.4094
362.4719 158.4094
374.2019 152.2194
380.3919 151.2494
382.3419 147.3394
382.3419 147.3394
386.2519 144.7294
391.4619 140.4994
391.7919 137.8894
393.7419 134.9594
393.7419 134.9594
402.5319 131.6994
408.7219 131.6994
411.3319 132.3594
413.9319 133.9894
413.9319 131.0494
413.9319 131.0494
416.5419 130.0794
419.4719 126.8194
419.4719 126.8194
422.0819 122.9094
422.2319 122.4594
422.2319 122.4594
420.3919 122.3194
418.6619 121.8594
417.9419 121.4994
415.7219 119.6194
415.0319 119.9094
414.2919 119.5394
413.8919 119.0694
413.4419 119.2194
413.3019 119.4494
413.3419 120.3194
412.3319 120.9894
411.8819 120.8494
411.9919 120.4894
411.8719 120.3894
411.3119 120.3694
411.1419 120.6194
410.2919 120.7794
409.4819 120.1694
408.6819 120.5494
407.4419 120.2294
407.0919 120.7194
406.1219 120.9694
405.7319 120.7794
405.4219 120.3494
405.7419 120.0494
405.8319 119.6594
405.3319 119.7494
403.8419 119.0394
403.6919 118.4194
403.2719 118.4394
402.7219 119.0894
402.3019 118.6894
401.2819 118.7194
401.2019 118.4894
401.4019 118.1194
400.9719 117.8894
400.7519 118.0094
400.6919 118.4194
399.6419 118.4394
399.1519 118.6694
398.6419 117.7794
398.0019 117.6394
397.0319 117.7794
396.8219 117.3594
396.2319 117.5494
396.4419 118.7894
395.6119 119.5894
392.9319 121.1594
390.9619 121.9394
388.9719 122.5994
386.8119 122.9194
384.7819 122.7994
383.0419 122.3694
380.3019 120.9294
377.9919 118.7694
374.6719 116.3494
373.4419 115.1594
371.3319 114.4194
368.7219 114.2394
367.1119 113.7994
365.9819 113.1794
364.1019 111.7094
363.0619 111.2294
361.3519 109.5094
360.1619 107.7794
358.1219 106.2894
351.6619 100.3694
348.1919  98.0094
347.4619  97.3094
345.6819  96.7894
343.9519  96.6694
341.7419  95.7694

Şan‘ā'
151
158.7619 251.5094
160.9119 249.6694
163.0519 249.9994
163.0519 249.9994
166.6719 249.8294
169.3119 249.0094
173.2619 248.8394
173.2619 248.8394
175.2419 247.9294
175.4119 246.2794
176.4019 244.9594
178.7119 240.0194
179.8619 234.4194
179.5319 231.9494
182.0019 225.8494
184.9719 225.0294
186.6219 224.3694
187.4419 222.5594
186.1219 220.4194
183.8119 219.5994
181.8319 219.2694
179.5219 218.1194
177.8719 216.4694
176.2219 215.3194
174.0819 214.4994
170.2919 214.1694
169.4719 211.6994
171.6119 210.2194
173.9219 209.3994
176.5619 210.7194
179.8519 213.0294
180.6719 205.1194
187.2619 204.7894
187.2619 211.0494
189.2419 210.5594
204.2319 202.9794
206.3719 202.6494
206.0419 198.6994
203.2419 190.6294
199.9519 187.6594
196.6619 183.7094
195.5119 179.7594
193.7019 176.6294
192.2219 175.1494
192.5519 172.5094
192.5519 172.5094
193.1819 170.6094
193.1819 170.6094
190.6419 169.7094
190.6419 169.7094
189.2319 167.9694
189.2319 167.9694
187.4119 168.9594
186.7519 171.2694
185.9319 172.5894
184.9419 173.7394
183.6219 174.7294
180.6619 175.0594
180.8319 184.2794
179.3519 184.9394
175.4019 184.6094
173.4219 183.6194
171.2819 183.2894
169.6319 182.2994
168.6419 180.9794
166.0119 180.6494
163.0519 179.6594
161.2419 181.1394
159.5919 182.7894
157.6119 182.7894
157.6119 181.1394
158.6019 180.4794
157.7819 179.3294
150.8619 179.8194
146.2519 183.6094
139.0019 183.9394
137.5219 182.6194
137.3619 180.9694
135.7119 180.9694
134.7219 179.4894
133.2419 178.1694
131.2619 177.8394
130.7719 176.0294
128.3019 173.8894
126.4919 173.8894
126.3319 175.2094
121.5519 175.2094
121.5519 173.7294
121.5519 173.7294
118.7519 174.2194
118.7519 174.2194
116.7719 175.2094
114.1319 179.4894
114.1319 179.4894
114.4619 180.6394
114.4619 180.6394
115.9419 182.4494
115.9419 182.4494
114.2919 184.0994
111.3319 184.0994
111.3319 184.0994
108.8619 184.5894
106.8819 185.4094
106.8819 185.4094
106.7219 187.0594
107.7119 189.3694
107.7119 189.3694
109.6919 190.3594
110.1819 191.8394
110.3519 193.1594
109.2019 193.9794
109.6919 197.2694
111.0119 198.7494
113.9819 199.0794
115.4619 201.2194
119.2519 202.0394
122.0519 203.8494
124.3619 205.9894
125.1819 207.9694
128.8019 207.9694
129.6219 209.6194
130.6119 210.4394
132.0919 210.7694
132.0919 212.2494
130.7719 212.5794
130.1119 214.2294
132.5819 215.5494
131.7619 217.3594
131.7619 217.3594
131.2719 218.6794
132.2619 219.8294
131.9319 221.3094
134.5719 222.7894
134.7419 219.4994
137.8719 220.1594
140.6719 222.1394
141.6619 224.2794
144.1319 224.9394
144.7919 226.5894
143.3119 227.2494
143.1519 230.8694
146.1219 233.3394
147.9319 235.8094
148.5919 238.1994
147.2719 239.6794
146.2819 240.4994
147.4319 244.4494
147.7619 247.7394
151.5519 247.7394
153.5319 249.7194
157.1519 249.8794

Şan‘ā'
30
160.5419 222.4894
160.5419 222.4894
157.5819 224.1394
155.7719 222.8194
153.9619 222.8194
153.4719 221.0094
151.4919 220.8394
150.1719 219.1894
149.1819 215.8994
147.7019 214.7494
145.2319 214.7494
144.2419 212.7694
146.2219 212.1094
147.5419 210.6294
146.0619 208.3194
146.3919 206.1794
147.8719 206.0094
148.5319 202.7194
151.8219 202.7194
153.3019 205.1894
153.3019 207.3294
151.8219 209.3094
151.4919 211.9494
153.6319 213.7594
155.1119 215.4094
155.6019 217.7194
158.7319 218.0494
159.5519 219.5294
161.3619 218.5394
162.6819 218.6994

Tā‘izz
23
 99.7219  34.8994
100.6219  34.4194
101.0019  34.5394
101.4219  34.1194
101.2319  33.7694
101.4719  33.3594
101.3519  33.2194
101.4919  32.8994
100.9919  32.3694
100.6619  32.4894
100.8719  32.7394
100.7219  33.1294
100.5019  32.7194
100.1419  32.6794
100.4019  33.4894
100.0419  33.9294
 99.8019  33.5194
 98.9419  33.7794
 99.7219  32.9694
 98.5319  33.4494
 98.1719  33.8694
 98.3419  34.3494
 98.7219  34.6094

Tā‘izz
209
114.4219 113.6094
115.0819 111.6294
115.0819 111.6294
115.2519 109.8194
118.0519 109.4894
120.3619 108.9994
120.5319 110.9794
121.6819 111.4694
123.0019 109.6594
125.6419 111.9694
127.9519 112.1294
127.9519 110.4794
127.2919 108.9994
128.1119 107.5194
129.7619 108.9994
130.0919 110.3194
131.7419 110.8094
133.0619 109.4894
132.2419 108.3394
130.9219 107.1894
130.7619 105.7094
133.7319 105.5394
135.5419 105.6994
138.0119 105.0394
140.4819 103.3894
141.3019 104.8694
144.1019 102.7294
147.3919 103.0594
147.3919 100.7494
149.2019 100.7494
150.3519 102.2294
151.8319 103.0494
152.6519 101.8994
154.1319 100.4194
156.1119  99.9294
157.5919 100.7494
159.0719 102.2294
160.3319 103.9394
160.3319 103.9394
160.9819 102.9694
160.9819 102.9694
161.4719 100.4994
161.3119  98.8494
159.5019  98.1894
159.8319  95.7194
162.1419  95.2294
163.4619  96.0494
166.9219  95.5594
168.0719  94.0794
169.0619  92.2694
169.0619  92.2694
167.2519  90.9494
165.6019  89.1394
163.7919  88.4794
162.3119  87.6594
161.4919  86.6694
160.0119  86.4994
158.5319  86.0094
157.2119  85.1894
157.3819  83.2094
159.1919  82.5494
161.0019  82.2194
162.6519  81.5594
162.3219  79.9094
160.1819  79.9094
158.3719  80.3994
156.3919  79.5794
156.0619  78.2594
157.3819  77.1094
156.3919  74.6394
157.7119  72.9894
157.7119  71.0094
155.9019  70.1894
154.7519  68.8694
153.1019  69.5294
148.4919  69.0394
147.5019  71.5094
146.1819  71.3394
146.1819  68.5394
144.7019  68.3694
145.5219  66.5594
146.6719  65.2394
141.7319  65.3994
141.5719  61.6094
138.4419  61.4494
137.6219  62.9294
136.4719  63.5894
135.1519  62.7694
135.3219  60.2994
134.3319  59.4794
132.6819  61.2894
129.0619  61.9494
127.2519  63.4294
125.9319  63.4294
124.7819  62.4394
123.1319  61.9494
122.4719  60.4694
120.4919  59.9794
117.5319  60.4694
117.2019  58.9894
117.5319  53.5494
116.2119  52.0694
114.2319  51.8994
112.7519  49.5894
111.2719  45.7994
107.9819  40.3594
106.6619  38.5494
106.2219  35.8094
106.2219  35.8094
105.6519  35.3694
105.5619  35.0494
105.2819  35.3694
104.8319  34.9494
104.7419  35.4294
104.6019  35.0794
104.2919  35.0094
103.9119  35.4294
103.7219  35.3094
103.7619  34.9694
103.4319  35.1494
103.2419  35.0294
103.4719  35.4494
103.2619  35.4494
103.0419  35.1194
102.8719  35.1894
102.5819  35.7494
102.6719  36.0794
102.2619  36.2894
103.4419  37.6994
103.7019  37.2094
104.6919  37.2294
103.9119  37.8994
103.4819  37.8294
103.2719  38.0094
103.6219  40.7194
104.4719  43.3594
104.9219  44.1494
104.8819  44.5894
102.4619  47.3894
102.4419  47.7794
101.2119  49.5094
100.6919  51.1794
 99.3919  52.0994
 99.6319  52.3494
 99.6619  52.9494
 98.8519  54.7294
 97.0219  57.7094
 95.6719  60.5994
 93.3519  63.4794
 91.6619  66.0694
 89.9119  69.4594
 89.3619  71.8294
 88.2419  73.7194
 88.2919  74.1294
 88.6019  74.3594
 88.5119  73.5994
 89.2919  72.3494
 89.3919  73.8494
 89.1119  74.2894
 88.9519  75.3094
 88.6619  75.1994
 88.6319  74.5694
 88.4919  75.2194
 88.6319  75.5494
 88.9919  75.5694
 89.1819  76.2894
 88.7719  76.6994
 89.1719  76.6594
 89.5019  76.9094
 89.6719  77.3994
 89.8119  79.3194
 89.6719  82.5894
 90.0919  82.8894
 90.2319  83.4494
 90.1919  83.7894
 89.9519  83.9994
 90.1819  88.0094
 90.3719  88.9094
 90.7319  89.1594
 90.6319  89.7394
 91.1319  90.7494
 91.0119  91.0994
 91.1519  91.5894
 91.6719  92.3494
 91.4319  93.2194
 91.9019  93.1994
 92.3519  93.7694
 92.3019  94.4094
 91.8019  95.0294
 91.7019  95.9294
 92.0119  98.1694
 92.0119  98.1694
 93.2619  98.5894
 93.2619  98.5894
 95.0719  99.2494
 97.0519 100.3994
 97.0519 100.3994
 98.8619 100.7294
100.1819 101.8794
101.1719 105.3394
104.1419 105.6694
103.6519 107.1494
103.6519 107.1494
103.8219 108.9594
104.4819 111.9194
104.4819 111.9194
108.1019 112.7394
110.5719 112.2494
112.7119 113.5694

